t: 0.059999999999 start: 12 end: 48 0.000002 0.000001 0.000023 0.000090 0.000371 0.001279 0.003972 0.009725 0.021051 0.039825 0.065634 0.095001 0.120878 0.136895 0.135612 0.120796 0.094856 0.067278 0.042095 0.023612 0.012029 0.005419 0.002272 0.000872 0.000300 0.000084 0.000025 0.000002 0.000001 0.000000 0.000000 0.000000 0.000000 0.000000 0.000000 0.000000 0.000000 
t: 0.054545454544 start: 14 end: 49 0.000001 0.000013 0.000041 0.000187 0.000663 0.002033 0.005452 0.012570 0.025327 0.045142 0.070421 0.097222 0.120910 0.132679 0.130765 0.115044 0.090637 0.064106 0.040970 0.023623 0.012354 0.005824 0.002548 0.000960 0.000341 0.000116 0.000040 0.000011 0.000000 0.000000 0.000000 0.000000 0.000000 0.000000 0.000000 0.000000 
t: 0.049999999999 start: 15 end: 53 0.000001 0.000004 0.000030 0.000114 0.000341 0.001154 0.003187 0.007889 0.016484 0.030945 0.051059 0.076951 0.101917 0.121319 0.129792 0.124510 0.107814 0.084676 0.059623 0.038638 0.022203 0.011648 0.005671 0.002484 0.001015 0.000365 0.000121 0.000032 0.000010 0.000002 0.000001 0.000000 0.000000 0.000000 0.000000 0.000000 0.000000 0.000000 0.000000 
t: 0.046153846153 start: 17 end: 54 0.000002 0.000016 0.000050 0.000209 0.000685 0.001937 0.005113 0.010948 0.021642 0.037742 0.059761 0.084341 0.106989 0.122472 0.125473 0.117902 0.100112 0.077162 0.053936 0.033914 0.019996 0.010714 0.005128 0.002298 0.000970 0.000321 0.000123 0.000036 0.000007 0.000001 0.000000 0.000000 0.000000 0.000000 0.000000 0.000000 0.000000 0.000000 
t: 0.042857142857 start: 17 end: 56 0.000001 0.000001 0.000007 0.000037 0.000139 0.000446 0.001292 0.003388 0.007830 0.015496 0.028627 0.046480 0.069193 0.092639 0.111648 0.122094 0.121460 0.110503 0.090333 0.068426 0.046970 0.029495 0.016998 0.009006 0.004295 0.001955 0.000785 0.000309 0.000106 0.000035 0.000005 0.000001 0.000000 0.000000 0.000000 0.000000 0.000000 0.000000 0.000000 0.000000 
t: 0.040000000000 start: 19 end: 58 0.000001 0.000006 0.000019 0.000093 0.000305 0.000910 0.002513 0.005597 0.011686 0.021771 0.037068 0.057366 0.079166 0.100595 0.114875 0.121227 0.115415 0.101045 0.080099 0.059022 0.039714 0.024439 0.013739 0.007309 0.003534 0.001495 0.000626 0.000242 0.000090 0.000025 0.000007 0.000001 0.000000 0.000000 0.000000 0.000000 0.000000 0.000000 0.000000 0.000000 
t: 0.037500000000 start: 20 end: 59 0.000001 0.000004 0.000019 0.000059 0.000239 0.000688 0.001819 0.004223 0.009022 0.017337 0.030057 0.047930 0.068613 0.089244 0.107559 0.117010 0.117493 0.107694 0.089776 0.069681 0.049319 0.032123 0.019335 0.010788 0.005470 0.002622 0.001122 0.000484 0.000191 0.000060 0.000013 0.000005 0.000000 0.000000 0.000000 0.000000 0.000000 0.000000 0.000000 0.000000 
t: 0.035294117647 start: 22 end: 62 0.000002 0.000018 0.000055 0.000176 0.000539 0.001378 0.003423 0.007072 0.014108 0.024985 0.040865 0.060062 0.080175 0.099227 0.112376 0.116258 0.111111 0.097539 0.078054 0.058019 0.039916 0.025011 0.014594 0.007911 0.003969 0.001845 0.000825 0.000318 0.000115 0.000038 0.000012 0.000003 0.000001 0.000000 0.000000 0.000000 0.000000 0.000000 0.000000 0.000000 0.000000 
t: 0.033333333333 start: 23 end: 63 0.000002 0.000006 0.000046 0.000167 0.000415 0.001172 0.002711 0.005939 0.011807 0.021301 0.035236 0.052923 0.072885 0.092523 0.106740 0.113821 0.112015 0.102130 0.085484 0.065759 0.046634 0.030492 0.018856 0.010674 0.005494 0.002673 0.001268 0.000523 0.000205 0.000064 0.000027 0.000006 0.000002 0.000000 0.000000 0.000000 0.000000 0.000000 0.000000 0.000000 0.000000 
t: 0.031578947368 start: 24 end: 65 0.000002 0.000007 0.000040 0.000122 0.000409 0.001005 0.002287 0.005066 0.010318 0.018801 0.030826 0.047585 0.066622 0.086110 0.101828 0.111295 0.112167 0.104624 0.090211 0.071925 0.052696 0.035834 0.022734 0.013524 0.007288 0.003633 0.001774 0.000768 0.000315 0.000124 0.000041 0.000013 0.000005 0.000001 0.000000 0.000000 0.000000 0.000000 0.000000 0.000000 0.000000 0.000000 
t: 0.030000000000 start: 25 end: 66 0.000001 0.000009 0.000030 0.000116 0.000343 0.000864 0.002069 0.004598 0.009045 0.016756 0.028199 0.043476 0.061568 0.080691 0.097072 0.108159 0.111523 0.106543 0.093470 0.076646 0.057789 0.040475 0.026532 0.016177 0.009000 0.004697 0.002367 0.001057 0.000427 0.000187 0.000084 0.000021 0.000008 0.000000 0.000001 0.000000 0.000000 0.000000 0.000000 0.000000 0.000000 0.000000 
t: 0.028571428571 start: 26 end: 67 0.000001 0.000005 0.000028 0.000104 0.000334 0.000801 0.001926 0.004134 0.008311 0.015421 0.026055 0.040716 0.057351 0.076449 0.093281 0.105103 0.110313 0.106978 0.096326 0.080192 0.061888 0.044229 0.029889 0.018398 0.010630 0.005726 0.002968 0.001410 0.000616 0.000261 0.000100 0.000037 0.000017 0.000002 0.000000 0.000000 0.000000 0.000000 0.000000 0.000000 0.000000 0.000000 
t: 0.027272727273 start: 27 end: 69 0.000001 0.000005 0.000032 0.000108 0.000326 0.000775 0.001846 0.003964 0.007795 0.014362 0.024768 0.037871 0.055121 0.073055 0.090000 0.102849 0.108981 0.106853 0.097780 0.082604 0.064967 0.047382 0.032458 0.020496 0.012335 0.006752 0.003541 0.001687 0.000785 0.000292 0.000116 0.000062 0.000024 0.000005 0.000002 0.000000 0.000000 0.000000 0.000000 0.000000 0.000000 0.000000 0.000000 
t: 0.026086956522 start: 27 end: 70 0.000001 0.000000 0.000008 0.000023 0.000117 0.000293 0.000774 0.001783 0.003908 0.007553 0.013999 0.023262 0.036652 0.053358 0.070555 0.087819 0.100445 0.107542 0.106721 0.098158 0.084220 0.067362 0.049989 0.034609 0.022203 0.013567 0.007635 0.003925 0.001950 0.000934 0.000375 0.000154 0.000064 0.000031 0.000009 0.000001 0.000001 0.000000 0.000000 0.000000 0.000000 0.000000 0.000000 0.000000 
t: 0.025000000000 start: 29 end: 72 0.000002 0.000004 0.000032 0.000107 0.000331 0.000787 0.001850 0.003788 0.007602 0.013563 0.022898 0.035938 0.051906 0.069385 0.086019 0.098783 0.106234 0.106194 0.098448 0.085194 0.068173 0.051756 0.036266 0.023637 0.014405 0.008243 0.004497 0.002180 0.001056 0.000428 0.000178 0.000072 0.000034 0.000005 0.000004 0.000001 0.000000 0.000000 0.000000 0.000000 0.000000 0.000000 0.000000 0.000000 
t: 0.024000000000 start: 30 end: 74 0.000002 0.000009 0.000035 0.000115 0.000323 0.000869 0.001896 0.003918 0.007740 0.013527 0.023018 0.035530 0.051342 0.068095 0.085311 0.097418 0.105583 0.105156 0.098419 0.085293 0.069071 0.052548 0.037285 0.024701 0.014939 0.008716 0.004844 0.002360 0.001104 0.000501 0.000200 0.000090 0.000028 0.000008 0.000004 0.000001 0.000001 0.000000 0.000000 0.000000 0.000000 0.000000 0.000000 0.000000 0.000000 
t: 0.023076923077 start: 30 end: 74 0.000001 0.000004 0.000018 0.000031 0.000127 0.000353 0.000930 0.001990 0.004079 0.007805 0.014046 0.023284 0.035746 0.051438 0.068419 0.083790 0.097144 0.104357 0.104812 0.097484 0.085414 0.069081 0.052732 0.038096 0.024893 0.015388 0.009110 0.004805 0.002530 0.001181 0.000527 0.000258 0.000077 0.000034 0.000013 0.000001 0.000002 0.000000 0.000000 0.000000 0.000000 0.000000 0.000000 0.000000 0.000000 
t: 0.022222222222 start: 30 end: 75 0.000001 0.000001 0.000004 0.000013 0.000046 0.000157 0.000405 0.000945 0.002224 0.004262 0.008137 0.014538 0.024125 0.036386 0.051954 0.068423 0.084561 0.096670 0.103515 0.103956 0.097181 0.084410 0.068408 0.052576 0.037916 0.024931 0.015496 0.009064 0.004990 0.002577 0.001174 0.000546 0.000267 0.000090 0.000032 0.000016 0.000001 0.000002 0.000000 0.000000 0.000000 0.000000 0.000000 0.000000 0.000000 0.000000 
t: 0.021428571428 start: 32 end: 77 0.000002 0.000007 0.000011 0.000055 0.000190 0.000435 0.001170 0.002315 0.004642 0.008626 0.015302 0.025217 0.037640 0.052735 0.069365 0.084974 0.096906 0.103148 0.103025 0.095774 0.082984 0.067843 0.052144 0.036961 0.024593 0.015303 0.009013 0.004991 0.002455 0.001192 0.000593 0.000241 0.000093 0.000041 0.000008 0.000003 0.000002 0.000001 0.000000 0.000000 0.000000 0.000000 0.000000 0.000000 0.000000 0.000000 
t: 0.020689655172 start: 33 end: 77 0.000006 0.000006 0.000018 0.000078 0.000190 0.000576 0.001224 0.002601 0.005098 0.009286 0.016403 0.026503 0.038964 0.054067 0.070989 0.086365 0.097026 0.102780 0.101948 0.094733 0.081143 0.066445 0.050719 0.036019 0.023953 0.014820 0.008763 0.004783 0.002457 0.001095 0.000548 0.000251 0.000092 0.000030 0.000013 0.000006 0.000000 0.000002 0.000000 0.000000 0.000000 0.000000 0.000000 0.000000 0.000000 
t: 0.020000000000 start: 33 end: 79 0.000001 0.000003 0.000010 0.000031 0.000081 0.000264 0.000649 0.001362 0.002985 0.005572 0.010440 0.017495 0.027958 0.041009 0.056497 0.072891 0.087017 0.097633 0.102693 0.100767 0.092430 0.079866 0.064690 0.048951 0.034550 0.022867 0.014175 0.008314 0.004513 0.002336 0.001074 0.000549 0.000198 0.000081 0.000027 0.000012 0.000005 0.000003 0.000001 0.000000 0.000000 0.000000 0.000000 0.000000 0.000000 0.000000 0.000000 
t: 0.019354838710 start: 34 end: 80 0.000001 0.000005 0.000016 0.000032 0.000101 0.000328 0.000783 0.001631 0.003336 0.006362 0.011421 0.019322 0.029968 0.043117 0.058933 0.075029 0.088741 0.098255 0.102444 0.099083 0.090723 0.077748 0.062415 0.046645 0.032744 0.021734 0.013407 0.007629 0.004150 0.002096 0.001021 0.000463 0.000187 0.000087 0.000026 0.000008 0.000002 0.000006 0.000001 0.000000 0.000000 0.000000 0.000000 0.000000 0.000000 0.000000 0.000000 
t: 0.018750000000 start: 35 end: 80 0.000002 0.000005 0.000026 0.000039 0.000155 0.000384 0.000936 0.001917 0.003899 0.007143 0.012736 0.021129 0.032412 0.046235 0.061845 0.077444 0.089943 0.099396 0.101602 0.097647 0.088525 0.074975 0.059791 0.044041 0.030905 0.020053 0.012378 0.007169 0.003744 0.001871 0.000952 0.000410 0.000176 0.000077 0.000024 0.000006 0.000006 0.000002 0.000000 0.000000 0.000000 0.000000 0.000000 0.000000 0.000000 0.000000 
t: 0.018181818182 start: 35 end: 81 0.000001 0.000004 0.000006 0.000026 0.000066 0.000177 0.000507 0.001117 0.002297 0.004485 0.008249 0.014421 0.023394 0.035065 0.049581 0.064973 0.079487 0.092532 0.099558 0.100963 0.096266 0.085563 0.072242 0.056417 0.041245 0.028688 0.018434 0.011264 0.006414 0.003418 0.001723 0.000815 0.000336 0.000166 0.000067 0.000020 0.000009 0.000003 0.000001 0.000000 0.000000 0.000000 0.000000 0.000000 0.000000 0.000000 0.000000 
t: 0.017647058823 start: 35 end: 81 0.000001 0.000002 0.000002 0.000012 0.000035 0.000091 0.000264 0.000612 0.001344 0.002751 0.005248 0.009668 0.016532 0.025573 0.038280 0.053006 0.068252 0.082465 0.094676 0.099885 0.100736 0.093591 0.082676 0.068333 0.053038 0.038598 0.026101 0.016745 0.010075 0.005623 0.003084 0.001493 0.000686 0.000318 0.000128 0.000046 0.000024 0.000005 0.000001 0.000000 0.000000 0.000000 0.000000 0.000000 0.000000 0.000000 0.000000 
t: 0.017142857143 start: 36 end: 82 0.000001 0.000001 0.000004 0.000020 0.000051 0.000121 0.000340 0.000788 0.001614 0.003329 0.006359 0.011192 0.018715 0.028594 0.041641 0.057022 0.071516 0.086359 0.095756 0.100793 0.098651 0.091620 0.078979 0.064311 0.049387 0.035382 0.023957 0.014860 0.008714 0.004957 0.002686 0.001257 0.000579 0.000261 0.000116 0.000046 0.000014 0.000006 0.000000 0.000001 0.000000 0.000000 0.000000 0.000000 0.000000 0.000000 0.000000 
t: 0.016666666667 start: 37 end: 83 0.000001 0.000002 0.000013 0.000024 0.000063 0.000193 0.000435 0.000927 0.002078 0.004054 0.007520 0.013224 0.021166 0.032082 0.045872 0.060479 0.075964 0.088963 0.097805 0.100455 0.097089 0.088113 0.075019 0.060346 0.045766 0.032119 0.021152 0.013078 0.007618 0.004281 0.002233 0.001051 0.000465 0.000208 0.000090 0.000037 0.000011 0.000003 0.000000 0.000001 0.000000 0.000000 0.000000 0.000000 0.000000 0.000000 0.000000 
t: 0.016216216216 start: 38 end: 83 0.000001 0.000004 0.000011 0.000039 0.000099 0.000233 0.000577 0.001260 0.002521 0.004946 0.009153 0.015461 0.024312 0.036152 0.049853 0.065068 0.079893 0.092023 0.099062 0.099548 0.094743 0.084523 0.070890 0.056061 0.041504 0.028501 0.018767 0.011350 0.006507 0.003697 0.001728 0.000873 0.000369 0.000168 0.000067 0.000018 0.000017 0.000000 0.000001 0.000000 0.000000 0.000000 0.000000 0.000000 0.000000 0.000000 
t: 0.015789473684 start: 39 end: 84 0.000001 0.000006 0.000023 0.000056 0.000143 0.000288 0.000782 0.001624 0.003296 0.006169 0.010913 0.018083 0.027681 0.040215 0.054794 0.069796 0.083964 0.094371 0.099905 0.098315 0.092007 0.080554 0.066003 0.051443 0.037353 0.025268 0.016241 0.009602 0.005576 0.002883 0.001427 0.000708 0.000303 0.000126 0.000050 0.000023 0.000007 0.000001 0.000000 0.000000 0.000000 0.000000 0.000000 0.000000 0.000000 0.000000 
t: 0.015384615385 start: 39 end: 84 0.000001 0.000001 0.000010 0.000031 0.000071 0.000178 0.000455 0.000991 0.002189 0.004139 0.007526 0.013080 0.021125 0.031675 0.044843 0.059854 0.074921 0.087440 0.097322 0.099099 0.096851 0.088815 0.075693 0.061500 0.046449 0.032800 0.022045 0.013779 0.008185 0.004520 0.002346 0.001176 0.000487 0.000236 0.000119 0.000031 0.000012 0.000005 0.000000 0.000000 0.000000 0.000000 0.000000 0.000000 0.000000 0.000000 
t: 0.015000000000 start: 41 end: 85 0.000006 0.000015 0.000042 0.000107 0.000241 0.000610 0.001357 0.002783 0.005277 0.009299 0.015717 0.024671 0.036044 0.049905 0.065257 0.079467 0.091590 0.098473 0.098438 0.094534 0.084158 0.071404 0.055890 0.041676 0.028584 0.018955 0.011720 0.006645 0.003622 0.001939 0.000859 0.000423 0.000183 0.000080 0.000018 0.000010 0.000001 0.000000 0.000000 0.000000 0.000000 0.000000 0.000000 0.000000 0.000000 
t: 0.014634146341 start: 41 end: 86 0.000004 0.000006 0.000022 0.000069 0.000140 0.000379 0.000872 0.001787 0.003679 0.006566 0.011446 0.018821 0.028597 0.040937 0.055712 0.070455 0.084237 0.094926 0.098614 0.097798 0.090647 0.080114 0.065656 0.050514 0.036515 0.024960 0.016007 0.009610 0.005318 0.002970 0.001406 0.000704 0.000319 0.000127 0.000048 0.000012 0.000004 0.000002 0.000000 0.000000 0.000000 0.000000 0.000000 0.000000 0.000000 0.000000 
t: 0.014285714286 start: 41 end: 87 0.000002 0.000004 0.000005 0.000038 0.000092 0.000232 0.000542 0.001182 0.002501 0.004544 0.008244 0.014089 0.022489 0.033139 0.046599 0.061216 0.076326 0.088668 0.096597 0.099252 0.094938 0.087090 0.074807 0.059783 0.044973 0.031948 0.021115 0.013382 0.007651 0.004309 0.002226 0.001165 0.000508 0.000221 0.000087 0.000020 0.000010 0.000005 0.000001 0.000000 0.000000 0.000000 0.000000 0.000000 0.000000 0.000000 0.000000 
t: 0.013953488372 start: 42 end: 88 0.000004 0.000003 0.000021 0.000053 0.000120 0.000353 0.000789 0.001616 0.003176 0.005929 0.010436 0.017352 0.026323 0.038411 0.052668 0.067286 0.081360 0.092406 0.098315 0.097929 0.092357 0.082595 0.068758 0.053626 0.039594 0.027256 0.017756 0.010910 0.006145 0.003259 0.001803 0.000780 0.000374 0.000152 0.000053 0.000017 0.000011 0.000003 0.000001 0.000000 0.000000 0.000000 0.000000 0.000000 0.000000 0.000000 0.000000 
t: 0.013636363636 start: 42 end: 89 0.000001 0.000003 0.000010 0.000031 0.000083 0.000201 0.000497 0.001069 0.002190 0.004210 0.007534 0.013341 0.020774 0.030980 0.044151 0.058913 0.073309 0.086339 0.095678 0.098577 0.096188 0.089228 0.076649 0.062022 0.047895 0.034069 0.023212 0.014539 0.008753 0.004677 0.002613 0.001246 0.000589 0.000273 0.000094 0.000038 0.000019 0.000001 0.000003 0.000001 0.000000 0.000000 0.000000 0.000000 0.000000 0.000000 0.000000 0.000000 
t: 0.013333333333 start: 43 end: 89 0.000004 0.000006 0.000012 0.000046 0.000132 0.000300 0.000758 0.001472 0.002976 0.005429 0.009871 0.016193 0.025081 0.036754 0.050361 0.064998 0.079147 0.090879 0.097618 0.098439 0.093592 0.083933 0.070257 0.056079 0.041537 0.029431 0.019198 0.011587 0.006640 0.003763 0.001878 0.000911 0.000446 0.000168 0.000064 0.000031 0.000005 0.000003 0.000001 0.000000 0.000000 0.000000 0.000000 0.000000 0.000000 0.000000 0.000000 
t: 0.013043478261 start: 43 end: 89 0.000002 0.000004 0.000006 0.000024 0.000086 0.000192 0.000473 0.000992 0.002028 0.004008 0.007230 0.012470 0.019940 0.030046 0.042875 0.056670 0.071552 0.085169 0.094285 0.098697 0.096792 0.089678 0.077885 0.064254 0.049112 0.036090 0.024604 0.015200 0.009158 0.005282 0.002690 0.001380 0.000673 0.000265 0.000119 0.000047 0.000018 0.000002 0.000002 0.000000 0.000000 0.000000 0.000000 0.000000 0.000000 0.000000 0.000000 
t: 0.012765957447 start: 43 end: 89 0.000001 0.000002 0.000002 0.000015 0.000051 0.000116 0.000306 0.000666 0.001411 0.002897 0.005268 0.009467 0.015716 0.024226 0.035879 0.049039 0.063582 0.078173 0.089624 0.097018 0.098509 0.094249 0.084560 0.071909 0.057212 0.042905 0.030398 0.019821 0.012192 0.007244 0.003836 0.001942 0.001022 0.000429 0.000203 0.000073 0.000026 0.000009 0.000002 0.000000 0.000000 0.000000 0.000000 0.000000 0.000000 0.000000 0.000000 
t: 0.012500000000 start: 44 end: 89 0.000002 0.000000 0.000007 0.000035 0.000069 0.000198 0.000441 0.000980 0.001983 0.003882 0.007191 0.012124 0.019339 0.029572 0.042191 0.056004 0.070707 0.083614 0.094252 0.098266 0.096909 0.090213 0.078670 0.065041 0.050336 0.036647 0.024942 0.015955 0.009712 0.005357 0.002781 0.001413 0.000661 0.000319 0.000122 0.000047 0.000012 0.000004 0.000002 0.000000 0.000000 0.000000 0.000000 0.000000 0.000000 0.000000 
t: 0.012244897959 start: 44 end: 90 0.000001 0.000001 0.000004 0.000018 0.000044 0.000136 0.000285 0.000643 0.001485 0.002737 0.005322 0.009413 0.015272 0.024122 0.035587 0.048525 0.063615 0.077360 0.089174 0.096711 0.098226 0.094398 0.084798 0.071994 0.058418 0.043152 0.030727 0.020133 0.012648 0.007352 0.003931 0.002038 0.000948 0.000480 0.000178 0.000088 0.000025 0.000006 0.000005 0.000000 0.000000 0.000000 0.000000 0.000000 0.000000 0.000000 0.000000 
t: 0.012000000000 start: 45 end: 91 0.000002 0.000001 0.000012 0.000027 0.000079 0.000199 0.000454 0.001044 0.001942 0.003914 0.007257 0.011975 0.019490 0.029497 0.041762 0.056309 0.070207 0.083979 0.093437 0.098428 0.096834 0.089753 0.079101 0.065451 0.050620 0.036505 0.025056 0.016023 0.009734 0.005555 0.002798 0.001374 0.000684 0.000302 0.000130 0.000047 0.000011 0.000006 0.000001 0.000000 0.000000 0.000000 0.000000 0.000000 0.000000 0.000000 0.000000 
t: 0.011764705882 start: 45 end: 92 0.000001 0.000002 0.000004 0.000020 0.000049 0.000125 0.000303 0.000723 0.001396 0.002896 0.005360 0.009453 0.015684 0.024158 0.035512 0.049282 0.063502 0.077475 0.089444 0.096735 0.098223 0.093762 0.084831 0.072161 0.058242 0.042734 0.030507 0.019989 0.012541 0.007275 0.003938 0.001975 0.000963 0.000432 0.000182 0.000084 0.000022 0.000012 0.000001 0.000002 0.000000 0.000000 0.000000 0.000000 0.000000 0.000000 0.000000 0.000000 
t: 0.011538461538 start: 46 end: 93 0.000002 0.000002 0.000009 0.000035 0.000085 0.000227 0.000472 0.001052 0.002119 0.003898 0.007360 0.012580 0.019844 0.029970 0.042505 0.056650 0.071086 0.083841 0.094026 0.097948 0.096506 0.090009 0.078619 0.065123 0.049399 0.036237 0.024590 0.015810 0.009515 0.005326 0.002714 0.001371 0.000582 0.000300 0.000119 0.000046 0.000017 0.000004 0.000001 0.000001 0.000000 0.000000 0.000000 0.000000 0.000000 0.000000 0.000000 0.000000 
t: 0.011320754717 start: 46 end: 93 0.000001 0.000002 0.000002 0.000020 0.000057 0.000150 0.000326 0.000744 0.001552 0.003008 0.005516 0.009968 0.016151 0.024905 0.036454 0.050150 0.064533 0.077959 0.089877 0.096921 0.097979 0.093500 0.084226 0.071867 0.056426 0.042220 0.029768 0.019464 0.012092 0.006962 0.003781 0.001844 0.000866 0.000429 0.000169 0.000074 0.000028 0.000006 0.000002 0.000001 0.000000 0.000000 0.000000 0.000000 0.000000 0.000000 0.000000 0.000000 
t: 0.011111111111 start: 46 end: 93 0.000001 0.000001 0.000002 0.000011 0.000029 0.000103 0.000250 0.000516 0.001115 0.002277 0.004214 0.007696 0.013035 0.020700 0.031073 0.043734 0.057971 0.072117 0.084820 0.094644 0.097695 0.096693 0.088697 0.077778 0.063542 0.048484 0.035239 0.023572 0.015162 0.008988 0.005052 0.002557 0.001230 0.000566 0.000270 0.000109 0.000042 0.000012 0.000001 0.000002 0.000000 0.000000 0.000000 0.000000 0.000000 0.000000 0.000000 0.000000 
t: 0.010909090909 start: 46 end: 93 0.000001 0.000001 0.000001 0.000007 0.000014 0.000071 0.000173 0.000373 0.000789 0.001636 0.003302 0.005939 0.010555 0.016994 0.026089 0.037926 0.051542 0.065840 0.079729 0.090787 0.096982 0.098028 0.092680 0.083204 0.069980 0.055045 0.040846 0.028320 0.018704 0.011315 0.006583 0.003408 0.001726 0.000775 0.000382 0.000168 0.000062 0.000018 0.000003 0.000002 0.000000 0.000000 0.000000 0.000000 0.000000 0.000000 0.000000 0.000000 
t: 0.010714285714 start: 46 end: 92 0.000001 0.000001 0.000000 0.000005 0.000006 0.000046 0.000135 0.000259 0.000561 0.001205 0.002482 0.004605 0.008291 0.013976 0.021941 0.032605 0.045504 0.059496 0.074130 0.086475 0.095015 0.098170 0.095390 0.088065 0.076214 0.061244 0.046992 0.033254 0.022592 0.014253 0.008254 0.004554 0.002279 0.001125 0.000513 0.000223 0.000092 0.000037 0.000008 0.000002 0.000000 0.000000 0.000000 0.000000 0.000000 0.000000 0.000000 
t: 0.010526315789 start: 47 end: 94 0.000001 0.000001 0.000003 0.000005 0.000022 0.000093 0.000186 0.000409 0.000880 0.001879 0.003568 0.006467 0.011219 0.018518 0.027850 0.039735 0.053761 0.067827 0.081751 0.091795 0.097962 0.096981 0.091724 0.081495 0.067612 0.053103 0.038845 0.026734 0.017479 0.010330 0.005979 0.003093 0.001462 0.000731 0.000297 0.000132 0.000052 0.000013 0.000005 0.000001 0.000000 0.000000 0.000000 0.000000 0.000000 0.000000 0.000000 0.000000 
t: 0.010344827586 start: 48 end: 94 0.000002 0.000000 0.000005 0.000015 0.000055 0.000134 0.000304 0.000641 0.001436 0.002720 0.005120 0.008966 0.015215 0.023595 0.034762 0.047670 0.062067 0.076442 0.087709 0.096719 0.097871 0.094729 0.086347 0.073298 0.059262 0.044421 0.031369 0.020930 0.012871 0.007558 0.004087 0.001991 0.000975 0.000422 0.000182 0.000072 0.000024 0.000010 0.000003 0.000001 0.000000 0.000000 0.000000 0.000000 0.000000 0.000000 0.000000 
t: 0.010169491525 start: 48 end: 95 0.000001 0.000001 0.000003 0.000012 0.000032 0.000100 0.000203 0.000478 0.001069 0.002126 0.004012 0.007255 0.012312 0.019734 0.029960 0.042281 0.056333 0.070744 0.083732 0.093894 0.097870 0.096830 0.089945 0.078965 0.065084 0.050501 0.036402 0.024682 0.015661 0.009551 0.005212 0.002703 0.001349 0.000555 0.000251 0.000099 0.000042 0.000011 0.000003 0.000002 0.000000 0.000000 0.000000 0.000000 0.000000 0.000000 0.000000 0.000000 
t: 0.010000000000 start: 49 end: 95 0.000002 0.000003 0.000007 0.000020 0.000065 0.000148 0.000335 0.000785 0.001617 0.003135 0.005779 0.010135 0.016489 0.025557 0.037099 0.050485 0.065260 0.078903 0.090509 0.097018 0.097931 0.093226 0.084162 0.070823 0.056324 0.041504 0.028791 0.018970 0.011676 0.006596 0.003513 0.001774 0.000810 0.000340 0.000129 0.000052 0.000019 0.000006 0.000003 0.000000 0.000000 0.000000 0.000000 0.000000 0.000000 0.000000 0.000000 
t: 0.008448275866 start: 54 end: 99 0.000004 0.000011 0.000023 0.000063 0.000170 0.000377 0.000802 0.001812 0.003431 0.006278 0.010790 0.017597 0.026806 0.038921 0.052831 0.068012 0.081752 0.092413 0.098348 0.098196 0.093648 0.082693 0.068502 0.053430 0.038815 0.026654 0.016958 0.009919 0.005494 0.002913 0.001394 0.000567 0.000241 0.000094 0.000029 0.000009 0.000002 0.000000 0.000001 0.000000 0.000000 0.000000 0.000000 0.000000 0.000000 0.000000 
t: 0.007313432839 start: 56 end: 101 0.000001 0.000002 0.000005 0.000019 0.000064 0.000156 0.000311 0.000719 0.001530 0.003123 0.005668 0.010068 0.016335 0.025492 0.037267 0.051330 0.066368 0.081144 0.093209 0.099318 0.100567 0.095573 0.084369 0.069819 0.054455 0.039547 0.026938 0.016908 0.009777 0.005229 0.002676 0.001196 0.000511 0.000209 0.000065 0.000020 0.000009 0.000003 0.000000 0.000000 0.000000 0.000000 0.000000 0.000000 0.000000 0.000000 
t: 0.006447368423 start: 59 end: 104 0.000001 0.000002 0.000007 0.000037 0.000085 0.000183 0.000452 0.000947 0.001952 0.003922 0.006998 0.012076 0.019770 0.029872 0.043192 0.058642 0.073432 0.087382 0.097713 0.103361 0.100289 0.092128 0.078364 0.063234 0.047258 0.032707 0.020945 0.012271 0.006762 0.003490 0.001549 0.000622 0.000219 0.000093 0.000031 0.000007 0.000004 0.000000 0.000000 0.000001 0.000000 0.000000 0.000000 0.000000 0.000000 0.000000 
t: 0.005764705884 start: 62 end: 104 0.000003 0.000010 0.000025 0.000055 0.000146 0.000379 0.000735 0.001778 0.003245 0.006056 0.010846 0.017804 0.027821 0.041277 0.055817 0.071927 0.086995 0.098361 0.104411 0.102994 0.094478 0.082038 0.065162 0.048445 0.033404 0.021343 0.012334 0.006632 0.003230 0.001370 0.000570 0.000215 0.000065 0.000020 0.000004 0.000003 0.000002 0.000000 0.000000 0.000000 0.000000 0.000000 0.000000 
t: 0.005212765959 start: 64 end: 104 0.000006 0.000005 0.000024 0.000055 0.000148 0.000353 0.000849 0.001737 0.003488 0.006478 0.011219 0.019029 0.029371 0.043054 0.058849 0.075477 0.090346 0.101516 0.106855 0.104235 0.094353 0.079301 0.061979 0.044375 0.029633 0.018195 0.010111 0.005157 0.002360 0.000933 0.000361 0.000104 0.000029 0.000010 0.000004 0.000001 0.000000 0.000000 0.000000 0.000000 0.000000 
t: 0.004757281555 start: 65 end: 104 0.000001 0.000002 0.000010 0.000031 0.000080 0.000199 0.000473 0.001006 0.002198 0.004237 0.007911 0.013716 0.022310 0.034272 0.049457 0.066562 0.083189 0.097482 0.107296 0.108063 0.102359 0.089022 0.071769 0.053718 0.036589 0.023170 0.013044 0.006717 0.003131 0.001289 0.000482 0.000149 0.000050 0.000013 0.000003 0.000000 0.000000 0.000000 0.000000 0.000000 
t: 0.004375000001 start: 67 end: 104 0.000001 0.000009 0.000014 0.000041 0.000122 0.000331 0.000708 0.001589 0.003068 0.005952 0.010719 0.018132 0.028938 0.043333 0.060049 0.078032 0.094482 0.105980 0.111035 0.106891 0.095691 0.078718 0.059706 0.041691 0.026240 0.014997 0.007751 0.003570 0.001437 0.000553 0.000158 0.000049 0.000013 0.000000 0.000000 0.000000 0.000000 0.000000 
t: 0.004049586778 start: 68 end: 104 0.000002 0.000004 0.000005 0.000035 0.000094 0.000234 0.000548 0.001245 0.002441 0.004900 0.009126 0.015801 0.026022 0.039393 0.056512 0.075469 0.092893 0.105562 0.112763 0.110591 0.099259 0.082956 0.063160 0.044050 0.027661 0.015678 0.007906 0.003579 0.001426 0.000487 0.000156 0.000033 0.000008 0.000001 0.000000 0.000000 0.000000 
t: 0.003769230770 start: 69 end: 104 0.000001 0.000004 0.000010 0.000034 0.000072 0.000188 0.000439 0.001026 0.002233 0.004416 0.008181 0.014691 0.024734 0.038149 0.055186 0.074627 0.092594 0.107191 0.114646 0.112762 0.101520 0.084665 0.064002 0.044032 0.027327 0.015071 0.007291 0.003132 0.001239 0.000414 0.000099 0.000021 0.000003 0.000000 0.000000 0.000000 
t: 0.003525179857 start: 71 end: 104 0.000005 0.000013 0.000029 0.000063 0.000163 0.000428 0.000943 0.002136 0.004266 0.008037 0.014594 0.024810 0.038566 0.056057 0.075626 0.094654 0.109859 0.116569 0.114409 0.102747 0.083703 0.062323 0.041684 0.024809 0.013423 0.006330 0.002515 0.000909 0.000262 0.000058 0.000010 0.000000 0.000000 0.000000 
t: 0.003310810811 start: 72 end: 104 0.000005 0.000010 0.000027 0.000064 0.000188 0.000430 0.000916 0.002184 0.004459 0.008398 0.015390 0.026078 0.040396 0.058867 0.078893 0.098758 0.113348 0.118998 0.115094 0.101121 0.081194 0.058062 0.037329 0.021545 0.010919 0.004775 0.001816 0.000566 0.000147 0.000020 0.000003 0.000000 0.000000 
t: 0.003121019109 start: 72 end: 104 0.000002 0.000004 0.000009 0.000031 0.000076 0.000192 0.000431 0.001054 0.002390 0.004813 0.009298 0.016959 0.028558 0.044058 0.063375 0.084749 0.104160 0.117216 0.121278 0.113951 0.098094 0.075043 0.052004 0.031924 0.017352 0.008155 0.003341 0.001115 0.000296 0.000066 0.000006 0.000000 0.000000 
t: 0.002951807229 start: 72 end: 104 0.000001 0.000002 0.000002 0.000017 0.000035 0.000097 0.000210 0.000530 0.001231 0.002744 0.005624 0.010792 0.019576 0.032166 0.049348 0.069695 0.091994 0.111044 0.121281 0.122015 0.111659 0.091377 0.067640 0.044373 0.025415 0.012769 0.005575 0.002066 0.000568 0.000137 0.000016 0.000001 0.000000 
t: 0.002800000000 start: 73 end: 104 0.000001 0.000000 0.000008 0.000010 0.000057 0.000085 0.000261 0.000679 0.001512 0.003347 0.006912 0.013044 0.023125 0.037412 0.056470 0.078517 0.100571 0.117202 0.124838 0.121372 0.106306 0.082935 0.057859 0.035293 0.018773 0.008700 0.003397 0.001032 0.000239 0.000041 0.000002 0.000000 
t: 0.002663043479 start: 73 end: 104 0.000001 0.000000 0.000002 0.000006 0.000018 0.000053 0.000126 0.000343 0.000854 0.002040 0.004285 0.008567 0.016241 0.027931 0.044658 0.065441 0.088751 0.109846 0.123593 0.126796 0.118086 0.097435 0.071885 0.046525 0.026286 0.012766 0.005228 0.001729 0.000427 0.000074 0.000007 0.000000 
t: 0.002538860104 start: 75 end: 104 0.000001 0.000001 0.000009 0.000030 0.000070 0.000172 0.000500 0.001208 0.002649 0.005823 0.011217 0.020390 0.034524 0.053602 0.077058 0.100219 0.118452 0.129264 0.126126 0.109878 0.086060 0.058851 0.034687 0.017915 0.007706 0.002711 0.000728 0.000132 0.000016 0.000001 
t: 0.002425742574 start: 76 end: 104 0.000001 0.000003 0.000015 0.000044 0.000094 0.000273 0.000717 0.001684 0.003823 0.007698 0.014885 0.026396 0.043198 0.065059 0.089690 0.112070 0.127489 0.131005 0.120664 0.098743 0.071625 0.044484 0.024096 0.010771 0.004042 0.001172 0.000226 0.000031 0.000002 
t: 0.002322274882 start: 76 end: 104 0.000001 0.000001 0.000006 0.000025 0.000058 0.000149 0.000447 0.001038 0.002486 0.005366 0.010722 0.020048 0.034407 0.054420 0.078759 0.103290 0.123275 0.133315 0.128402 0.110788 0.083921 0.055285 0.031233 0.014589 0.005806 0.001739 0.000366 0.000056 0.000002 
t: 0.002227272727 start: 77 end: 104 0.000001 0.000000 0.000014 0.000027 0.000088 0.000273 0.000642 0.001607 0.003703 0.007737 0.015178 0.027002 0.044926 0.068039 0.093486 0.117796 0.132385 0.134050 0.121286 0.095783 0.066349 0.039253 0.019243 0.007940 0.002539 0.000570 0.000079 0.000004 
t: 0.002139737991 start: 79 end: 104 0.000007 0.000014 0.000054 0.000154 0.000404 0.001073 0.002487 0.005573 0.011372 0.021105 0.036679 0.058128 0.084023 0.110189 0.129671 0.136971 0.129794 0.107110 0.077654 0.047563 0.024889 0.010568 0.003549 0.000818 0.000143 0.000008 
t: 0.002058823530 start: 79 end: 104 0.000004 0.000006 0.000028 0.000094 0.000267 0.000695 0.001692 0.004026 0.008422 0.016497 0.029971 0.049120 0.074471 0.101525 0.125237 0.138104 0.135910 0.117514 0.088886 0.056802 0.030791 0.013749 0.004812 0.001161 0.000205 0.000011 
t: 0.001983805668 start: 79 end: 104 0.000001 0.000005 0.000017 0.000062 0.000154 0.000470 0.001159 0.002904 0.006254 0.012897 0.024110 0.041472 0.065172 0.092692 0.119288 0.137151 0.140381 0.126497 0.099479 0.066807 0.037245 0.017514 0.006352 0.001611 0.000282 0.000024 
t: 0.001914062500 start: 80 end: 104 0.000003 0.000010 0.000038 0.000100 0.000314 0.000774 0.002096 0.004674 0.009920 0.019371 0.034846 0.056613 0.083628 0.112817 0.134404 0.143140 0.134135 0.109522 0.076703 0.044471 0.021650 0.008150 0.002195 0.000390 0.000036 
t: 0.001849056604 start: 80 end: 104 0.000002 0.000008 0.000016 0.000069 0.000227 0.000519 0.001478 0.003525 0.007634 0.015594 0.028917 0.049134 0.075241 0.104691 0.130813 0.144035 0.140420 0.119059 0.086325 0.052448 0.026122 0.010232 0.002907 0.000529 0.000055 
t: 0.001788321168 start: 80 end: 104 0.000001 0.000006 0.000011 0.000043 0.000172 0.000370 0.001024 0.002632 0.005913 0.012335 0.024074 0.042350 0.067540 0.096659 0.125563 0.143989 0.144757 0.127530 0.095928 0.060570 0.031412 0.012550 0.003811 0.000688 0.000072 
t: 0.001731448763 start: 80 end: 104 0.000001 0.000004 0.000007 0.000025 0.000106 0.000281 0.000741 0.001894 0.004627 0.009848 0.019840 0.036443 0.060045 0.088953 0.119824 0.141495 0.148665 0.135228 0.104963 0.068885 0.036943 0.015397 0.004761 0.000939 0.000085 
t: 0.001678082192 start: 81 end: 104 0.000003 0.000003 0.000018 0.000072 0.000185 0.000519 0.001422 0.003560 0.007914 0.016371 0.031127 0.053298 0.081232 0.113285 0.138667 0.150723 0.141654 0.114043 0.077323 0.042877 0.018493 0.005844 0.001248 0.000119 
t: 0.001627906977 start: 81 end: 104 0.000001 0.000002 0.000015 0.000049 0.000111 0.000402 0.001040 0.002762 0.006371 0.013429 0.026515 0.047202 0.073976 0.106399 0.134788 0.151703 0.147248 0.122365 0.085671 0.049142 0.021866 0.007187 0.001589 0.000167 
t: 0.001580645161 start: 81 end: 104 0.000001 0.000001 0.000008 0.000026 0.000084 0.000280 0.000789 0.002140 0.005128 0.011095 0.022537 0.041398 0.067265 0.099604 0.130246 0.151330 0.151841 0.129915 0.094359 0.055677 0.025412 0.008728 0.001918 0.000218 
t: 0.001536050157 start: 81 end: 104 0.000001 0.000000 0.000007 0.000019 0.000061 0.000206 0.000597 0.001628 0.004098 0.009152 0.019044 0.036414 0.060953 0.092708 0.125196 0.149970 0.155284 0.137060 0.102778 0.062345 0.029494 0.010387 0.002321 0.000277 
t: 0.001493902439 start: 81 end: 104 0.000001 0.000000 0.000005 0.000010 0.000049 0.000152 0.000435 0.001266 0.003303 0.007624 0.016150 0.031738 0.055137 0.085704 0.120063 0.147714 0.157774 0.143549 0.110645 0.069491 0.033785 0.012202 0.002866 0.000337 
t: 0.001454005935 start: 82 end: 104 0.000001 0.000005 0.000007 0.000032 0.000125 0.000304 0.001001 0.002624 0.006313 0.013661 0.027754 0.049491 0.079459 0.114267 0.145058 0.159195 0.148995 0.118726 0.076390 0.038511 0.014261 0.003400 0.000420 
t: 0.001416184971 start: 83 end: 104 0.000002 0.000008 0.000025 0.000087 0.000235 0.000765 0.002104 0.005183 0.011640 0.024311 0.044260 0.073219 0.108547 0.141575 0.160151 0.153673 0.126188 0.083572 0.043411 0.016432 0.004114 0.000498 
t: 0.001380281690 start: 84 end: 104 0.000004 0.000018 0.000068 0.000175 0.000610 0.001647 0.004333 0.009845 0.021084 0.039728 0.067264 0.103043 0.137659 0.159566 0.158274 0.133088 0.090809 0.048433 0.018954 0.004800 0.000598 
t: 0.001346153846 start: 84 end: 104 0.000002 0.000012 0.000052 0.000147 0.000456 0.001332 0.003625 0.008239 0.018409 0.035649 0.061746 0.096954 0.133476 0.158832 0.162132 0.139304 0.098085 0.053628 0.021603 0.005602 0.000715 
t: 0.001313672922 start: 84 end: 104 0.000001 0.000008 0.000038 0.000119 0.000353 0.001053 0.003005 0.007044 0.015979 0.031841 0.056758 0.091346 0.128872 0.157076 0.165076 0.145468 0.105037 0.059028 0.024469 0.006576 0.000853 
t: 0.001282722513 start: 84 end: 104 0.000001 0.000003 0.000032 0.000091 0.000273 0.000878 0.002405 0.006023 0.013895 0.028460 0.052051 0.085771 0.124039 0.155076 0.167224 0.151240 0.111936 0.064598 0.027423 0.007583 0.000998 
t: 0.001253196931 start: 84 end: 104 0.000001 0.000003 0.000021 0.000076 0.000214 0.000708 0.001990 0.005142 0.011931 0.025494 0.047662 0.080136 0.119394 0.152821 0.168564 0.156630 0.118570 0.070265 0.030572 0.008619 0.001187 
t: 0.001225000000 start: 84 end: 104 0.000001 0.000001 0.000017 0.000058 0.000168 0.000573 0.001668 0.004344 0.010351 0.022648 0.043815 0.074866 0.114298 0.150010 0.169772 0.161367 0.124950 0.076002 0.033892 0.009830 0.001369 
t: 0.001198044010 start: 84 end: 104 0.000001 0.000001 0.000015 0.000048 0.000133 0.000461 0.001382 0.003673 0.009030 0.020127 0.039960 0.070035 0.109297 0.146791 0.170240 0.165702 0.131339 0.081713 0.037426 0.011058 0.001568 
t: 0.001172248804 start: 84 end: 104 0.000001 0.000000 0.000011 0.000036 0.000112 0.000397 0.001146 0.003138 0.007801 0.017934 0.036380 0.065392 0.104268 0.143539 0.169879 0.169821 0.137476 0.087371 0.041043 0.012477 0.001778 
t: 0.001147540984 start: 84 end: 104 0.000001 0.000000 0.000009 0.000024 0.000092 0.000324 0.000976 0.002667 0.006800 0.016014 0.032978 0.061149 0.099119 0.140048 0.169357 0.173207 0.143285 0.093171 0.044838 0.013881 0.002060 
t: 0.001123853211 start: 85 end: 104 0.000001 0.000007 0.000020 0.000070 0.000272 0.000812 0.002301 0.005919 0.014207 0.029973 0.057102 0.094204 0.136429 0.168351 0.175883 0.148842 0.099206 0.048562 0.015486 0.002353 
t: 0.001101123596 start: 85 end: 104 0.000001 0.000007 0.000016 0.000062 0.000222 0.000667 0.001926 0.005201 0.012688 0.027242 0.053113 0.089601 0.132638 0.166797 0.178172 0.154478 0.104911 0.052469 0.017136 0.002653 
t: 0.001079295154 start: 85 end: 104 0.000001 0.000004 0.000012 0.000044 0.000191 0.000538 0.001662 0.004543 0.011165 0.024889 0.049365 0.085147 0.128462 0.165266 0.180077 0.159462 0.110777 0.056573 0.018829 0.002993 
t: 0.001058315335 start: 86 end: 104 0.000005 0.000007 0.000039 0.000145 0.000466 0.001409 0.003899 0.010058 0.022636 0.045714 0.080712 0.124479 0.163349 0.181761 0.164107 0.116409 0.060860 0.020566 0.003379 
t: 0.001038135593 start: 86 end: 104 0.000003 0.000004 0.000028 0.000127 0.000406 0.001218 0.003377 0.008943 0.020542 0.042259 0.076696 0.120241 0.161469 0.182540 0.168886 0.122060 0.064927 0.022489 0.003785 
t: 0.001018711019 start: 86 end: 104 0.000002 0.000003 0.000020 0.000109 0.000339 0.001023 0.003010 0.007934 0.018747 0.039097 0.072519 0.116062 0.159091 0.183648 0.172955 0.127535 0.069155 0.024549 0.004202 
t: 0.001000000000 start: 86 end: 104 0.000002 0.000003 0.000012 0.000094 0.000289 0.000890 0.002647 0.007030 0.017063 0.036416 0.068492 0.111805 0.156533 0.184290 0.176689 0.133084 0.073368 0.026654 0.004639 
