t: 0.059999999999 start: 13 end: 48 0.000001 0.000008 0.000061 0.000253 0.000880 0.002584 0.006965 0.015815 0.030914 0.054223 0.081705 0.110045 0.130230 0.136822 0.127786 0.107075 0.079288 0.052722 0.031796 0.016983 0.008147 0.003614 0.001352 0.000503 0.000164 0.000047 0.000012 0.000005 0.000000 0.000000 0.000000 0.000000 0.000000 0.000000 0.000000 0.000000 
t: 0.054545454544 start: 14 end: 52 0.000002 0.000001 0.000021 0.000094 0.000385 0.001349 0.003641 0.008790 0.018586 0.034398 0.057047 0.084082 0.109105 0.126621 0.132241 0.123455 0.103512 0.077522 0.052700 0.032744 0.017854 0.009082 0.004104 0.001695 0.000646 0.000211 0.000086 0.000023 0.000001 0.000001 0.000000 0.000000 0.000001 0.000000 0.000000 0.000000 0.000000 0.000000 0.000000 
t: 0.049999999999 start: 17 end: 53 0.000016 0.000046 0.000187 0.000702 0.001969 0.005008 0.011363 0.022372 0.039162 0.061887 0.087235 0.110168 0.125653 0.127617 0.117835 0.098605 0.073757 0.050802 0.031200 0.017923 0.009296 0.004227 0.001826 0.000729 0.000290 0.000086 0.000032 0.000006 0.000000 0.000000 0.000001 0.000000 0.000000 0.000000 0.000000 0.000000 0.000000 
t: 0.046153846153 start: 18 end: 56 0.000007 0.000034 0.000096 0.000391 0.001156 0.003148 0.007022 0.014833 0.027247 0.045643 0.067809 0.092312 0.112166 0.123068 0.123409 0.111813 0.091681 0.068872 0.047246 0.029557 0.016670 0.008720 0.004186 0.001726 0.000765 0.000285 0.000098 0.000026 0.000010 0.000001 0.000003 0.000000 0.000000 0.000000 0.000000 0.000000 0.000000 0.000000 0.000000 
t: 0.042857142857 start: 19 end: 58 0.000001 0.000014 0.000066 0.000210 0.000741 0.001967 0.004681 0.009911 0.019357 0.033400 0.053481 0.075271 0.097615 0.114246 0.122007 0.117781 0.104307 0.084564 0.062767 0.042073 0.025967 0.015157 0.007919 0.003741 0.001657 0.000692 0.000262 0.000100 0.000027 0.000009 0.000006 0.000003 0.000000 0.000000 0.000000 0.000000 0.000000 0.000000 0.000000 0.000000 
t: 0.040000000000 start: 20 end: 60 0.000003 0.000008 0.000038 0.000137 0.000471 0.001385 0.003110 0.006973 0.013855 0.025448 0.041478 0.061754 0.083930 0.103291 0.115006 0.118799 0.111942 0.096319 0.076308 0.055051 0.037077 0.022383 0.012893 0.006775 0.003204 0.001428 0.000597 0.000219 0.000087 0.000018 0.000010 0.000001 0.000002 0.000000 0.000000 0.000000 0.000000 0.000000 0.000000 0.000000 0.000000 
t: 0.037500000000 start: 21 end: 62 0.000001 0.000009 0.000017 0.000092 0.000326 0.000922 0.002181 0.005097 0.010496 0.019514 0.032931 0.050760 0.071945 0.091481 0.107524 0.116132 0.114451 0.104217 0.087178 0.067285 0.047411 0.031137 0.018474 0.010547 0.005445 0.002559 0.001097 0.000496 0.000160 0.000074 0.000031 0.000007 0.000001 0.000002 0.000000 0.000000 0.000000 0.000000 0.000000 0.000000 0.000000 0.000000 
t: 0.035294117647 start: 22 end: 62 0.000001 0.000003 0.000016 0.000073 0.000235 0.000643 0.001654 0.003805 0.008008 0.015492 0.026554 0.042453 0.061146 0.081124 0.099753 0.110909 0.114553 0.108561 0.095427 0.076859 0.057678 0.039345 0.025116 0.015005 0.008097 0.004183 0.001887 0.000836 0.000348 0.000157 0.000048 0.000023 0.000008 0.000000 0.000000 0.000000 0.000000 0.000000 0.000000 0.000000 0.000000 
t: 0.033333333333 start: 24 end: 65 0.000002 0.000013 0.000054 0.000193 0.000485 0.001267 0.002978 0.006422 0.012594 0.021968 0.035600 0.053065 0.072095 0.091110 0.105286 0.112703 0.110657 0.100495 0.084837 0.066243 0.047203 0.032047 0.019825 0.011332 0.006165 0.002969 0.001377 0.000608 0.000265 0.000091 0.000037 0.000011 0.000002 0.000001 0.000000 0.000000 0.000000 0.000000 0.000000 0.000000 0.000000 0.000000 
t: 0.031578947368 start: 25 end: 67 0.000003 0.000012 0.000047 0.000168 0.000381 0.001014 0.002465 0.005316 0.010293 0.018676 0.030565 0.046736 0.064772 0.083656 0.099161 0.109147 0.111095 0.104130 0.090538 0.072631 0.055047 0.038249 0.024557 0.014943 0.008403 0.004239 0.002113 0.000945 0.000422 0.000173 0.000071 0.000027 0.000002 0.000001 0.000002 0.000000 0.000000 0.000000 0.000000 0.000000 0.000000 0.000000 0.000000 
t: 0.030000000000 start: 26 end: 68 0.000001 0.000012 0.000034 0.000137 0.000325 0.000875 0.002144 0.004406 0.008921 0.016125 0.026775 0.041669 0.058803 0.076787 0.094058 0.105298 0.109096 0.105789 0.095412 0.078714 0.061391 0.043567 0.029447 0.018302 0.010714 0.005822 0.002971 0.001362 0.000627 0.000250 0.000113 0.000037 0.000012 0.000003 0.000001 0.000000 0.000000 0.000000 0.000000 0.000000 0.000000 0.000000 0.000000 
t: 0.028571428571 start: 28 end: 70 0.000009 0.000043 0.000083 0.000310 0.000769 0.001806 0.003982 0.007806 0.014143 0.024288 0.037617 0.053662 0.071709 0.088974 0.101933 0.107394 0.106284 0.097707 0.082894 0.066283 0.049239 0.033562 0.021799 0.013181 0.007313 0.003869 0.001858 0.000855 0.000384 0.000173 0.000051 0.000014 0.000004 0.000001 0.000001 0.000000 0.000000 0.000000 0.000000 0.000000 0.000000 0.000000 0.000000 
t: 0.027272727273 start: 28 end: 70 0.000001 0.000006 0.000035 0.000082 0.000280 0.000729 0.001677 0.003533 0.006918 0.013050 0.022044 0.034764 0.049720 0.067558 0.084359 0.097825 0.105878 0.106507 0.099328 0.086480 0.070208 0.053226 0.037687 0.024640 0.015200 0.009108 0.004778 0.002385 0.001159 0.000478 0.000226 0.000095 0.000023 0.000011 0.000002 0.000000 0.000000 0.000000 0.000000 0.000000 0.000000 0.000000 0.000000 
t: 0.026086956522 start: 29 end: 71 0.000002 0.000012 0.000023 0.000089 0.000261 0.000663 0.001499 0.003257 0.006501 0.012087 0.020543 0.032317 0.047003 0.064245 0.081015 0.095204 0.103075 0.105860 0.100552 0.088632 0.073507 0.056246 0.040887 0.027497 0.017460 0.010407 0.005737 0.002905 0.001426 0.000624 0.000287 0.000117 0.000044 0.000013 0.000003 0.000000 0.000000 0.000000 0.000000 0.000000 0.000000 0.000000 0.000000 
t: 0.025000000000 start: 30 end: 72 0.000003 0.000007 0.000024 0.000097 0.000268 0.000627 0.001401 0.003150 0.006159 0.011409 0.019649 0.030401 0.045187 0.061744 0.077895 0.092372 0.101927 0.104891 0.100408 0.090677 0.075439 0.059132 0.043178 0.029862 0.019275 0.011690 0.006527 0.003579 0.001673 0.000782 0.000347 0.000135 0.000059 0.000023 0.000003 0.000000 0.000000 0.000000 0.000000 0.000000 0.000000 0.000000 0.000000 
t: 0.024000000000 start: 30 end: 74 0.000001 0.000003 0.000009 0.000035 0.000082 0.000265 0.000606 0.001427 0.002982 0.005992 0.011176 0.018766 0.029447 0.043696 0.059615 0.075888 0.090925 0.100380 0.103469 0.100956 0.090721 0.077382 0.060940 0.045222 0.031795 0.020618 0.012705 0.007401 0.003953 0.001935 0.000919 0.000397 0.000189 0.000070 0.000024 0.000008 0.000001 0.000000 0.000000 0.000000 0.000000 0.000000 0.000000 0.000000 0.000000 
t: 0.023076923077 start: 31 end: 76 0.000001 0.000002 0.000015 0.000028 0.000076 0.000289 0.000595 0.001385 0.003102 0.006007 0.010817 0.018507 0.029081 0.042819 0.058353 0.074955 0.089131 0.098850 0.102883 0.100225 0.091111 0.078389 0.062087 0.046854 0.033067 0.021510 0.013525 0.007996 0.004349 0.002109 0.001081 0.000472 0.000193 0.000091 0.000034 0.000008 0.000002 0.000001 0.000000 0.000000 0.000000 0.000000 0.000000 0.000000 0.000000 0.000000 
t: 0.022222222222 start: 32 end: 77 0.000001 0.000003 0.000017 0.000038 0.000113 0.000280 0.000698 0.001390 0.003137 0.006048 0.011009 0.018404 0.029029 0.042375 0.058089 0.073654 0.088290 0.097752 0.101925 0.100079 0.091584 0.077838 0.063350 0.047513 0.033538 0.022543 0.014003 0.008277 0.004615 0.002348 0.001180 0.000524 0.000229 0.000074 0.000037 0.000012 0.000002 0.000002 0.000000 0.000000 0.000000 0.000000 0.000000 0.000000 0.000000 0.000000 
t: 0.021428571428 start: 34 end: 78 0.000004 0.000016 0.000034 0.000133 0.000311 0.000723 0.001504 0.003180 0.006253 0.011343 0.018645 0.029052 0.042738 0.057938 0.073433 0.087506 0.097150 0.101169 0.099557 0.090746 0.078674 0.063118 0.047608 0.034221 0.022717 0.014258 0.008561 0.004785 0.002443 0.001226 0.000556 0.000235 0.000107 0.000040 0.000011 0.000003 0.000002 0.000000 0.000000 0.000000 0.000000 0.000000 0.000000 0.000000 0.000000 
t: 0.020689655172 start: 35 end: 79 0.000008 0.000010 0.000056 0.000132 0.000372 0.000745 0.001634 0.003410 0.006645 0.011551 0.019335 0.029989 0.042977 0.057922 0.073798 0.087370 0.096946 0.100594 0.098618 0.090316 0.077586 0.063219 0.047432 0.033994 0.022776 0.014339 0.008675 0.004849 0.002489 0.001219 0.000587 0.000250 0.000101 0.000043 0.000008 0.000004 0.000000 0.000001 0.000000 0.000000 0.000000 0.000000 0.000000 0.000000 0.000000 
t: 0.020000000000 start: 35 end: 81 0.000002 0.000003 0.000018 0.000049 0.000176 0.000383 0.000856 0.001789 0.003689 0.006976 0.012247 0.019996 0.030942 0.043631 0.059502 0.074279 0.087684 0.096802 0.099776 0.097911 0.089192 0.076703 0.061998 0.046791 0.033850 0.022540 0.014328 0.008379 0.004781 0.002500 0.001214 0.000585 0.000276 0.000104 0.000036 0.000006 0.000004 0.000001 0.000001 0.000000 0.000000 0.000000 0.000000 0.000000 0.000000 0.000000 0.000000 
t: 0.019354838710 start: 36 end: 82 0.000002 0.000008 0.000023 0.000068 0.000184 0.000460 0.000999 0.002015 0.004034 0.007454 0.012990 0.021217 0.031789 0.045231 0.060687 0.076005 0.088118 0.096473 0.099717 0.096452 0.088028 0.075242 0.060565 0.045944 0.032702 0.022189 0.013888 0.008272 0.004664 0.002455 0.001149 0.000567 0.000260 0.000093 0.000043 0.000007 0.000004 0.000001 0.000001 0.000000 0.000000 0.000000 0.000000 0.000000 0.000000 0.000000 0.000000 
t: 0.018750000000 start: 36 end: 82 0.000001 0.000006 0.000007 0.000028 0.000072 0.000227 0.000527 0.001154 0.002220 0.004489 0.008230 0.013989 0.022274 0.033436 0.047450 0.062286 0.076768 0.088907 0.097122 0.099003 0.095688 0.086321 0.073430 0.058886 0.044309 0.031713 0.021295 0.013449 0.007916 0.004445 0.002305 0.001130 0.000534 0.000235 0.000101 0.000032 0.000012 0.000002 0.000001 0.000000 0.000000 0.000000 0.000000 0.000000 0.000000 0.000000 0.000000 
t: 0.018181818182 start: 37 end: 83 0.000004 0.000003 0.000011 0.000029 0.000108 0.000256 0.000618 0.001293 0.002600 0.005101 0.009012 0.015101 0.023964 0.035572 0.049560 0.064273 0.078002 0.090595 0.096914 0.098849 0.093758 0.084444 0.071661 0.056807 0.042568 0.030389 0.020232 0.012549 0.007488 0.004133 0.002227 0.001028 0.000497 0.000230 0.000091 0.000022 0.000007 0.000002 0.000002 0.000000 0.000000 0.000000 0.000000 0.000000 0.000000 0.000000 0.000000 
t: 0.017647058823 start: 38 end: 84 0.000005 0.000004 0.000015 0.000044 0.000113 0.000334 0.000732 0.001471 0.003028 0.005758 0.009967 0.016580 0.026027 0.037817 0.052087 0.066235 0.080646 0.091493 0.097465 0.097367 0.092641 0.082364 0.068872 0.054345 0.040756 0.028768 0.018772 0.011817 0.006895 0.003870 0.001993 0.000959 0.000465 0.000189 0.000075 0.000024 0.000004 0.000002 0.000000 0.000001 0.000000 0.000000 0.000000 0.000000 0.000000 0.000000 0.000000 
t: 0.017142857143 start: 38 end: 84 0.000002 0.000000 0.000009 0.000024 0.000048 0.000167 0.000376 0.000843 0.001790 0.003568 0.006567 0.011226 0.018427 0.028245 0.040208 0.054658 0.069483 0.082663 0.092736 0.097356 0.096873 0.090657 0.079348 0.066084 0.052046 0.038322 0.026862 0.017538 0.010746 0.006353 0.003426 0.001784 0.000915 0.000409 0.000148 0.000068 0.000016 0.000005 0.000003 0.000001 0.000000 0.000000 0.000000 0.000000 0.000000 0.000000 0.000000 
t: 0.016666666667 start: 38 end: 85 0.000001 0.000000 0.000003 0.000013 0.000024 0.000087 0.000210 0.000459 0.000997 0.002178 0.004173 0.007446 0.012749 0.020447 0.030694 0.043412 0.057844 0.072187 0.084708 0.094009 0.097441 0.095579 0.088417 0.076713 0.063034 0.048879 0.035900 0.024894 0.015897 0.009839 0.005749 0.003094 0.001582 0.000765 0.000344 0.000165 0.000046 0.000012 0.000006 0.000002 0.000001 0.000000 0.000000 0.000000 0.000000 0.000000 0.000000 0.000000 
t: 0.016216216216 start: 40 end: 87 0.000001 0.000009 0.000007 0.000034 0.000110 0.000291 0.000557 0.001278 0.002631 0.004777 0.008667 0.014546 0.022917 0.033608 0.046559 0.061330 0.074953 0.087141 0.095022 0.097249 0.094080 0.085975 0.073501 0.059852 0.045741 0.032850 0.022893 0.014497 0.008729 0.005010 0.002666 0.001398 0.000622 0.000308 0.000124 0.000045 0.000012 0.000005 0.000004 0.000001 0.000000 0.000000 0.000000 0.000000 0.000000 0.000000 0.000000 0.000000 
t: 0.015789473684 start: 40 end: 87 0.000001 0.000003 0.000007 0.000013 0.000047 0.000160 0.000364 0.000700 0.001565 0.003197 0.005731 0.010040 0.016600 0.025613 0.036845 0.050448 0.065029 0.078121 0.089427 0.095219 0.096845 0.092344 0.082728 0.070569 0.056012 0.042094 0.030201 0.020634 0.012981 0.007665 0.004395 0.002300 0.001165 0.000561 0.000236 0.000091 0.000027 0.000014 0.000006 0.000002 0.000000 0.000000 0.000000 0.000000 0.000000 0.000000 0.000000 0.000000 
t: 0.015384615385 start: 41 end: 89 0.000001 0.000004 0.000006 0.000024 0.000079 0.000204 0.000456 0.000907 0.001981 0.003782 0.006885 0.011761 0.018868 0.028532 0.040574 0.054362 0.068990 0.081228 0.091135 0.096225 0.096019 0.090013 0.079364 0.066515 0.052048 0.038788 0.027388 0.018450 0.011266 0.006811 0.003644 0.001936 0.001007 0.000442 0.000186 0.000083 0.000024 0.000007 0.000003 0.000001 0.000001 0.000000 0.000000 0.000000 0.000000 0.000000 0.000000 0.000000 0.000000 
t: 0.015000000000 start: 42 end: 89 0.000001 0.000002 0.000012 0.000036 0.000116 0.000263 0.000549 0.001208 0.002462 0.004733 0.008107 0.013841 0.021327 0.032067 0.044485 0.059068 0.072562 0.084385 0.092578 0.096730 0.094592 0.087396 0.075424 0.062138 0.048261 0.035225 0.024789 0.016018 0.009876 0.005670 0.003026 0.001688 0.000755 0.000384 0.000144 0.000053 0.000021 0.000006 0.000001 0.000000 0.000001 0.000000 0.000000 0.000000 0.000000 0.000000 0.000000 0.000000 
t: 0.014634146341 start: 43 end: 89 0.000002 0.000005 0.000017 0.000063 0.000165 0.000335 0.000702 0.001572 0.003047 0.005745 0.009695 0.016154 0.024518 0.035758 0.049139 0.063277 0.076726 0.086897 0.094132 0.096668 0.093002 0.083338 0.071337 0.057794 0.044187 0.031940 0.021630 0.014030 0.008443 0.004647 0.002646 0.001330 0.000622 0.000273 0.000101 0.000045 0.000013 0.000004 0.000000 0.000000 0.000001 0.000000 0.000000 0.000000 0.000000 0.000000 0.000000 
t: 0.014285714286 start: 43 end: 90 0.000001 0.000004 0.000007 0.000033 0.000077 0.000222 0.000447 0.000941 0.001963 0.003893 0.006937 0.011740 0.018794 0.028222 0.039992 0.053869 0.067740 0.080457 0.089748 0.095498 0.095369 0.090002 0.079458 0.067383 0.052965 0.040386 0.028106 0.018925 0.011891 0.007047 0.003893 0.002114 0.001060 0.000468 0.000218 0.000080 0.000036 0.000010 0.000003 0.000000 0.000000 0.000001 0.000000 0.000000 0.000000 0.000000 0.000000 0.000000 
t: 0.013953488372 start: 43 end: 91 0.000001 0.000002 0.000003 0.000016 0.000042 0.000115 0.000310 0.000574 0.001251 0.002570 0.004814 0.008553 0.013974 0.021963 0.032088 0.044991 0.058677 0.072321 0.083990 0.092057 0.095839 0.093587 0.086523 0.075937 0.062428 0.048458 0.035640 0.024861 0.016364 0.009921 0.005732 0.003287 0.001729 0.000764 0.000367 0.000152 0.000072 0.000018 0.000004 0.000004 0.000000 0.000001 0.000000 0.000000 0.000000 0.000000 0.000000 0.000000 0.000000 
t: 0.013636363636 start: 45 end: 91 0.000003 0.000008 0.000021 0.000067 0.000206 0.000366 0.000787 0.001725 0.003245 0.006172 0.010119 0.016724 0.025457 0.036661 0.049886 0.063843 0.076925 0.087483 0.093765 0.095295 0.091647 0.083037 0.071102 0.057014 0.043692 0.031617 0.021473 0.013733 0.008175 0.004759 0.002631 0.001299 0.000608 0.000269 0.000128 0.000038 0.000012 0.000007 0.000000 0.000000 0.000001 0.000000 0.000000 0.000000 0.000000 0.000000 0.000000 
t: 0.013333333333 start: 45 end: 92 0.000002 0.000003 0.000014 0.000038 0.000109 0.000263 0.000512 0.001112 0.002213 0.004344 0.007344 0.012684 0.019851 0.029543 0.041349 0.055430 0.069061 0.081133 0.090444 0.094974 0.093936 0.088954 0.078666 0.065522 0.051977 0.038968 0.027631 0.018189 0.011370 0.006696 0.003876 0.002031 0.000939 0.000507 0.000191 0.000078 0.000034 0.000009 0.000002 0.000000 0.000000 0.000001 0.000000 0.000000 0.000000 0.000000 0.000000 0.000000 
t: 0.013043478261 start: 45 end: 93 0.000001 0.000003 0.000002 0.000021 0.000059 0.000148 0.000364 0.000720 0.001505 0.002995 0.005336 0.009307 0.015336 0.023489 0.033928 0.047020 0.060846 0.073722 0.085614 0.092417 0.095369 0.092330 0.085121 0.073536 0.060326 0.046853 0.034073 0.023604 0.015237 0.009457 0.005504 0.002933 0.001530 0.000731 0.000350 0.000133 0.000052 0.000017 0.000008 0.000002 0.000000 0.000001 0.000000 0.000000 0.000000 0.000000 0.000000 0.000000 0.000000 
t: 0.012765957447 start: 46 end: 94 0.000001 0.000003 0.000011 0.000034 0.000086 0.000222 0.000494 0.000970 0.002082 0.003823 0.006882 0.011492 0.018655 0.027506 0.039150 0.052744 0.066220 0.078815 0.088662 0.094277 0.094642 0.089700 0.080929 0.068344 0.054910 0.041222 0.029525 0.019842 0.012513 0.007660 0.004213 0.002320 0.001093 0.000597 0.000211 0.000099 0.000031 0.000015 0.000003 0.000001 0.000001 0.000000 0.000000 0.000000 0.000000 0.000000 0.000000 0.000000 0.000000 
t: 0.012500000000 start: 47 end: 94 0.000002 0.000005 0.000021 0.000047 0.000134 0.000313 0.000645 0.001450 0.002735 0.005013 0.008620 0.014223 0.022255 0.032338 0.044850 0.058105 0.072000 0.083424 0.092058 0.094783 0.093205 0.086022 0.076088 0.062442 0.048514 0.036385 0.025122 0.016515 0.010166 0.005982 0.003333 0.001699 0.000874 0.000373 0.000159 0.000062 0.000028 0.000005 0.000004 0.000001 0.000000 0.000000 0.000000 0.000000 0.000000 0.000000 0.000000 0.000000 
t: 0.012244897959 start: 47 end: 94 0.000001 0.000005 0.000008 0.000029 0.000083 0.000201 0.000444 0.000946 0.001971 0.003541 0.006408 0.010892 0.017580 0.026622 0.037582 0.050724 0.064291 0.077086 0.087578 0.094090 0.094561 0.090544 0.081993 0.070333 0.056215 0.043122 0.030951 0.021154 0.013382 0.008125 0.004680 0.002524 0.001298 0.000608 0.000250 0.000114 0.000047 0.000009 0.000007 0.000001 0.000000 0.000000 0.000000 0.000000 0.000000 0.000000 0.000000 0.000000 
t: 0.012000000000 start: 48 end: 95 0.000003 0.000006 0.000019 0.000041 0.000135 0.000291 0.000644 0.001375 0.002590 0.004719 0.008218 0.013712 0.021516 0.031389 0.043347 0.056959 0.070035 0.082266 0.091474 0.094520 0.093472 0.087228 0.076975 0.063554 0.050669 0.037142 0.026247 0.017351 0.010737 0.006274 0.003602 0.001832 0.000940 0.000427 0.000182 0.000072 0.000026 0.000008 0.000002 0.000001 0.000000 0.000000 0.000000 0.000000 0.000000 0.000000 0.000000 0.000000 
t: 0.011764705882 start: 48 end: 95 0.000002 0.000002 0.000014 0.000026 0.000082 0.000189 0.000405 0.000933 0.001909 0.003384 0.006326 0.010511 0.017070 0.025888 0.036898 0.049644 0.062919 0.076341 0.086879 0.093294 0.094715 0.091210 0.082781 0.070719 0.057964 0.043931 0.031796 0.021641 0.014085 0.008433 0.004904 0.002649 0.001355 0.000635 0.000276 0.000118 0.000047 0.000021 0.000003 0.000001 0.000000 0.000000 0.000000 0.000000 0.000000 0.000000 0.000000 0.000000 
t: 0.011538461538 start: 48 end: 95 0.000001 0.000002 0.000009 0.000016 0.000044 0.000124 0.000283 0.000623 0.001312 0.002518 0.004766 0.008001 0.013292 0.021233 0.030866 0.042791 0.056104 0.069904 0.081551 0.090619 0.094471 0.093496 0.087632 0.077185 0.064967 0.050968 0.038150 0.026443 0.017742 0.011136 0.006509 0.003631 0.001911 0.000956 0.000441 0.000190 0.000070 0.000031 0.000010 0.000002 0.000000 0.000000 0.000000 0.000000 0.000000 0.000000 0.000000 0.000000 
t: 0.011320754717 start: 48 end: 94 0.000001 0.000000 0.000006 0.000010 0.000015 0.000092 0.000197 0.000402 0.000938 0.001834 0.003460 0.006210 0.010624 0.016824 0.025747 0.036474 0.049272 0.062916 0.075683 0.086749 0.092919 0.094547 0.091230 0.082990 0.071673 0.057707 0.044857 0.031773 0.021929 0.014277 0.008509 0.004954 0.002664 0.001414 0.000621 0.000288 0.000123 0.000050 0.000018 0.000003 0.000000 0.000000 0.000000 0.000000 0.000000 0.000000 0.000000 
t: 0.011111111111 start: 49 end: 96 0.000001 0.000005 0.000003 0.000014 0.000058 0.000120 0.000281 0.000645 0.001352 0.002544 0.004701 0.008239 0.013356 0.021151 0.030831 0.042740 0.056051 0.069713 0.081706 0.090154 0.094316 0.093684 0.087687 0.077345 0.064736 0.051530 0.037698 0.026687 0.017834 0.011036 0.006549 0.003610 0.001941 0.000928 0.000447 0.000191 0.000080 0.000024 0.000010 0.000002 0.000000 0.000000 0.000000 0.000000 0.000000 0.000000 0.000000 0.000000 
t: 0.010909090909 start: 49 end: 97 0.000001 0.000003 0.000002 0.000010 0.000034 0.000085 0.000183 0.000440 0.000979 0.001855 0.003614 0.006260 0.010649 0.017091 0.025766 0.036667 0.049646 0.063178 0.076174 0.086574 0.092615 0.094927 0.091314 0.082384 0.071261 0.058133 0.044047 0.031741 0.022022 0.014003 0.008385 0.004821 0.002651 0.001369 0.000649 0.000274 0.000126 0.000052 0.000010 0.000004 0.000001 0.000000 0.000000 0.000000 0.000000 0.000000 0.000000 0.000000 0.000000 
t: 0.010714285714 start: 49 end: 96 0.000001 0.000000 0.000004 0.000003 0.000028 0.000046 0.000134 0.000297 0.000701 0.001353 0.002709 0.004795 0.008374 0.013864 0.021385 0.031347 0.043013 0.056857 0.070347 0.081978 0.090360 0.094366 0.093565 0.087064 0.077094 0.064409 0.050524 0.037440 0.026391 0.017418 0.010836 0.006246 0.003554 0.001855 0.000949 0.000390 0.000196 0.000075 0.000023 0.000008 0.000001 0.000000 0.000000 0.000000 0.000000 0.000000 0.000000 0.000000 
t: 0.010526315789 start: 50 end: 97 0.000001 0.000003 0.000000 0.000013 0.000031 0.000096 0.000196 0.000472 0.001034 0.001981 0.003704 0.006491 0.011055 0.017578 0.026332 0.037428 0.050412 0.064198 0.076821 0.087279 0.093155 0.094438 0.090595 0.082338 0.070354 0.057090 0.043131 0.031140 0.021560 0.013516 0.008082 0.004654 0.002442 0.001366 0.000566 0.000279 0.000109 0.000039 0.000016 0.000004 0.000001 0.000000 0.000000 0.000000 0.000000 0.000000 0.000000 0.000000 
t: 0.010344827586 start: 50 end: 98 0.000001 0.000001 0.000002 0.000007 0.000018 0.000072 0.000122 0.000327 0.000769 0.001421 0.002832 0.005163 0.008705 0.014316 0.021987 0.032286 0.044382 0.057840 0.071256 0.083088 0.090856 0.094225 0.092776 0.087135 0.076086 0.063362 0.049346 0.036307 0.025631 0.016842 0.010241 0.006042 0.003258 0.001787 0.000860 0.000385 0.000172 0.000061 0.000022 0.000009 0.000002 0.000000 0.000000 0.000000 0.000000 0.000000 0.000000 0.000000 0.000000 
t: 0.010169491525 start: 51 end: 98 0.000002 0.000002 0.000004 0.000013 0.000045 0.000090 0.000214 0.000554 0.001055 0.002171 0.003967 0.006967 0.011507 0.018286 0.027480 0.038566 0.052094 0.065605 0.077863 0.087792 0.093855 0.094107 0.089988 0.081361 0.069018 0.055649 0.042004 0.030149 0.020317 0.012847 0.007619 0.004366 0.002302 0.001208 0.000553 0.000227 0.000104 0.000034 0.000013 0.000002 0.000000 0.000000 0.000000 0.000000 0.000000 0.000000 0.000000 0.000000 
t: 0.010000000000 start: 52 end: 98 0.000003 0.000001 0.000008 0.000036 0.000063 0.000165 0.000367 0.000756 0.001650 0.003059 0.005408 0.009317 0.015118 0.023257 0.033666 0.046184 0.059399 0.072766 0.084295 0.091502 0.094222 0.092793 0.085598 0.074753 0.061639 0.047709 0.034985 0.024192 0.015907 0.009644 0.005556 0.003040 0.001606 0.000752 0.000351 0.000148 0.000062 0.000019 0.000004 0.000000 0.000000 0.000000 0.000000 0.000000 0.000000 0.000000 0.000000 
t: 0.008448275866 start: 55 end: 101 0.000001 0.000000 0.000003 0.000006 0.000021 0.000053 0.000136 0.000291 0.000664 0.001374 0.002548 0.004857 0.008225 0.013610 0.020827 0.030987 0.042961 0.056486 0.069281 0.082012 0.090884 0.095238 0.094019 0.088533 0.077465 0.064551 0.050905 0.037967 0.026108 0.017118 0.010515 0.005906 0.003338 0.001699 0.000773 0.000392 0.000169 0.000052 0.000016 0.000009 0.000000 0.000000 0.000000 0.000000 0.000000 0.000000 0.000000 
t: 0.007313432839 start: 61 end: 108 0.000004 0.000007 0.000033 0.000095 0.000220 0.000432 0.000942 0.001930 0.003616 0.006339 0.010807 0.017156 0.026079 0.037552 0.050305 0.063771 0.077474 0.088034 0.095217 0.096453 0.092281 0.083177 0.070883 0.057144 0.042793 0.029958 0.020163 0.012535 0.007169 0.003853 0.001969 0.000924 0.000404 0.000192 0.000060 0.000017 0.000008 0.000002 0.000001 0.000001 0.000000 0.000000 0.000000 0.000000 0.000000 0.000000 0.000000 0.000000 
t: 0.006447368423 start: 63 end: 108 0.000003 0.000005 0.000021 0.000033 0.000085 0.000202 0.000491 0.000999 0.002004 0.003676 0.006830 0.011205 0.018218 0.027223 0.038713 0.052510 0.066760 0.079992 0.090767 0.096937 0.097241 0.092943 0.081886 0.069013 0.054469 0.040136 0.027596 0.017585 0.010768 0.006096 0.003021 0.001454 0.000698 0.000272 0.000098 0.000034 0.000010 0.000006 0.000000 0.000000 0.000000 0.000000 0.000000 0.000000 0.000000 0.000000 
t: 0.005764705884 start: 66 end: 111 0.000010 0.000007 0.000022 0.000059 0.000137 0.000341 0.000697 0.001439 0.002776 0.005086 0.008964 0.014824 0.022991 0.033574 0.046688 0.061173 0.075664 0.088159 0.096487 0.099938 0.096447 0.087820 0.075017 0.059843 0.044750 0.031048 0.020421 0.012316 0.006903 0.003516 0.001729 0.000726 0.000261 0.000113 0.000040 0.000011 0.000002 0.000001 0.000000 0.000000 0.000000 0.000000 0.000000 0.000000 0.000000 0.000000 
t: 0.005212765959 start: 67 end: 112 0.000002 0.000003 0.000009 0.000016 0.000049 0.000138 0.000294 0.000668 0.001332 0.002413 0.004757 0.008405 0.013977 0.022034 0.032748 0.046239 0.060830 0.075779 0.088932 0.097892 0.101101 0.098632 0.089293 0.076414 0.060155 0.044251 0.030533 0.019431 0.011707 0.006431 0.003202 0.001402 0.000612 0.000208 0.000076 0.000024 0.000009 0.000002 0.000000 0.000000 0.000000 0.000000 0.000000 0.000000 0.000000 0.000000 
t: 0.004757281555 start: 70 end: 112 0.000003 0.000003 0.000020 0.000065 0.000136 0.000353 0.000700 0.001456 0.002658 0.005133 0.009247 0.015165 0.023864 0.035223 0.049411 0.065053 0.079818 0.093017 0.101077 0.102898 0.098320 0.087606 0.072310 0.055758 0.040229 0.026368 0.016431 0.009311 0.004723 0.002221 0.000909 0.000350 0.000111 0.000039 0.000013 0.000001 0.000000 0.000000 0.000000 0.000000 0.000000 0.000000 0.000000 
t: 0.004375000001 start: 72 end: 112 0.000002 0.000007 0.000034 0.000083 0.000193 0.000435 0.000890 0.001785 0.003414 0.006458 0.011041 0.018189 0.028323 0.041830 0.056417 0.072949 0.087435 0.098522 0.104840 0.103391 0.095113 0.081340 0.064735 0.047588 0.032185 0.020301 0.011565 0.006173 0.002900 0.001174 0.000481 0.000147 0.000047 0.000011 0.000002 0.000000 0.000000 0.000000 0.000000 0.000000 0.000000 
t: 0.004049586778 start: 74 end: 112 0.000006 0.000016 0.000043 0.000123 0.000290 0.000638 0.001318 0.002563 0.004801 0.008759 0.014871 0.024323 0.035827 0.050982 0.067323 0.084225 0.096866 0.105195 0.106280 0.099769 0.087431 0.070971 0.052812 0.036261 0.022663 0.013369 0.006892 0.003295 0.001354 0.000499 0.000176 0.000045 0.000014 0.000000 0.000000 0.000000 0.000000 0.000000 0.000000 
t: 0.003769230770 start: 74 end: 112 0.000001 0.000002 0.000006 0.000032 0.000093 0.000196 0.000503 0.000993 0.002094 0.004098 0.007419 0.013265 0.021403 0.032993 0.047408 0.064180 0.081417 0.096520 0.106137 0.108368 0.103253 0.091429 0.073915 0.056028 0.038151 0.024143 0.013587 0.007015 0.003358 0.001318 0.000477 0.000150 0.000036 0.000010 0.000002 0.000000 0.000000 0.000000 0.000000 
t: 0.003525179857 start: 76 end: 112 0.000002 0.000006 0.000026 0.000065 0.000164 0.000394 0.000877 0.001850 0.003572 0.006895 0.012372 0.020243 0.031746 0.046162 0.063216 0.081117 0.096562 0.107142 0.110292 0.106020 0.092970 0.075197 0.056617 0.038374 0.023685 0.013230 0.006584 0.002926 0.001157 0.000393 0.000108 0.000028 0.000008 0.000000 0.000000 0.000000 0.000000 
t: 0.003310810811 start: 77 end: 112 0.000002 0.000009 0.000018 0.000065 0.000145 0.000358 0.000834 0.001737 0.003403 0.006691 0.012233 0.020076 0.031763 0.046567 0.063867 0.082716 0.098585 0.109096 0.112370 0.107251 0.092542 0.074939 0.055080 0.036385 0.022103 0.011711 0.005778 0.002402 0.000930 0.000254 0.000073 0.000013 0.000003 0.000001 0.000000 0.000000 
t: 0.003121019109 start: 78 end: 112 0.000001 0.000009 0.000022 0.000046 0.000158 0.000378 0.000817 0.001736 0.003536 0.006951 0.012534 0.020855 0.032870 0.048480 0.066953 0.085533 0.102257 0.111815 0.114020 0.106256 0.091889 0.072164 0.051270 0.033297 0.019065 0.009925 0.004532 0.001814 0.000624 0.000156 0.000026 0.000010 0.000001 0.000000 0.000000 
t: 0.002951807229 start: 79 end: 112 0.000003 0.000006 0.000022 0.000060 0.000164 0.000397 0.000920 0.001842 0.003937 0.007536 0.013410 0.022403 0.035450 0.052201 0.071214 0.090655 0.105786 0.115060 0.114826 0.105465 0.088407 0.066960 0.046371 0.028645 0.015720 0.007612 0.003234 0.001235 0.000346 0.000090 0.000019 0.000003 0.000001 0.000000 
t: 0.002800000000 start: 80 end: 112 0.000003 0.000010 0.000026 0.000069 0.000183 0.000461 0.001029 0.002170 0.004489 0.008525 0.015055 0.025106 0.039408 0.057028 0.077738 0.096440 0.110842 0.117720 0.114780 0.102212 0.082743 0.060284 0.039969 0.023431 0.011802 0.005418 0.002129 0.000706 0.000169 0.000046 0.000007 0.000002 0.000000 
t: 0.002663043479 start: 81 end: 112 0.000003 0.000011 0.000025 0.000082 0.000241 0.000541 0.001236 0.002707 0.005278 0.010025 0.017471 0.029105 0.045029 0.063860 0.084874 0.103031 0.116479 0.119342 0.112829 0.097011 0.075110 0.052079 0.032482 0.017635 0.008384 0.003467 0.001249 0.000317 0.000080 0.000014 0.000003 0.000000 
t: 0.002538860104 start: 82 end: 112 0.000002 0.000011 0.000038 0.000103 0.000300 0.000729 0.001531 0.003297 0.006615 0.012129 0.020987 0.034412 0.051927 0.072489 0.093384 0.110630 0.120667 0.119921 0.108652 0.089074 0.065199 0.042692 0.024630 0.012472 0.005360 0.001995 0.000584 0.000140 0.000026 0.000004 0.000000 
t: 0.002425742574 start: 83 end: 112 0.000004 0.000016 0.000047 0.000145 0.000434 0.000873 0.002018 0.004217 0.008482 0.015174 0.025836 0.041463 0.060795 0.081937 0.102838 0.118125 0.123294 0.117731 0.101467 0.078418 0.054176 0.032812 0.017560 0.007796 0.003096 0.000952 0.000236 0.000048 0.000009 0.000001 
t: 0.002322274882 start: 83 end: 112 0.000003 0.000004 0.000023 0.000081 0.000230 0.000508 0.001261 0.002701 0.005697 0.010890 0.019233 0.032373 0.049982 0.071268 0.093211 0.112672 0.123659 0.123952 0.111965 0.091055 0.066120 0.042040 0.023351 0.011182 0.004560 0.001484 0.000405 0.000077 0.000011 0.000002 
t: 0.002227272727 start: 83 end: 112 0.000002 0.000002 0.000012 0.000031 0.000137 0.000311 0.000759 0.001710 0.003840 0.007594 0.014367 0.025131 0.040550 0.060752 0.083460 0.105112 0.121012 0.126870 0.120471 0.102555 0.078099 0.052061 0.030538 0.015251 0.006418 0.002190 0.000617 0.000127 0.000018 0.000003 
t: 0.002139737991 start: 84 end: 112 0.000003 0.000005 0.000018 0.000067 0.000196 0.000469 0.001107 0.002489 0.005401 0.010589 0.019263 0.032561 0.051021 0.073233 0.096674 0.116473 0.127294 0.126710 0.112767 0.089601 0.062605 0.038292 0.020105 0.008754 0.003154 0.000932 0.000188 0.000024 0.000005 
t: 0.002058823530 start: 84 end: 112 0.000002 0.000004 0.000008 0.000034 0.000106 0.000299 0.000716 0.001704 0.003792 0.007654 0.014768 0.025889 0.042436 0.063443 0.087850 0.110069 0.125743 0.129796 0.121362 0.100552 0.073646 0.046877 0.025412 0.011781 0.004370 0.001356 0.000288 0.000036 0.000007 
t: 0.001983805668 start: 84 end: 112 0.000001 0.000001 0.000009 0.000019 0.000066 0.000173 0.000460 0.001134 0.002609 0.005603 0.011189 0.020590 0.034955 0.054738 0.078126 0.102760 0.122728 0.131313 0.127556 0.110537 0.084212 0.055886 0.031808 0.015254 0.005889 0.001886 0.000435 0.000055 0.000008 
t: 0.001914062500 start: 86 end: 112 0.000006 0.000012 0.000040 0.000102 0.000293 0.000770 0.001807 0.004060 0.008519 0.016273 0.028430 0.046538 0.069353 0.094861 0.117278 0.131418 0.132328 0.119225 0.094376 0.065224 0.038766 0.019179 0.007861 0.002575 0.000612 0.000082 0.000012 
t: 0.001849056604 start: 86 end: 112 0.000004 0.000006 0.000027 0.000057 0.000195 0.000490 0.001309 0.002969 0.006384 0.012799 0.023171 0.039311 0.061075 0.086389 0.111451 0.129377 0.135398 0.126272 0.104183 0.074667 0.046086 0.023988 0.010043 0.003337 0.000865 0.000131 0.000016 
t: 0.001788321168 start: 87 end: 112 0.000005 0.000021 0.000039 0.000107 0.000353 0.000887 0.002185 0.004836 0.009928 0.018826 0.032990 0.053211 0.078283 0.104391 0.126356 0.136530 0.132379 0.113424 0.084052 0.054002 0.028887 0.012615 0.004344 0.001147 0.000180 0.000022 
t: 0.001731448763 start: 87 end: 112 0.000002 0.000012 0.000025 0.000078 0.000228 0.000623 0.001596 0.003630 0.007694 0.015404 0.027610 0.046222 0.070192 0.097057 0.121599 0.136660 0.136913 0.121540 0.093395 0.062219 0.034384 0.015454 0.005668 0.001512 0.000251 0.000032 
t: 0.001678082192 start: 87 end: 112 0.000001 0.000007 0.000015 0.000049 0.000161 0.000402 0.001164 0.002738 0.005993 0.012345 0.023262 0.039842 0.062380 0.089594 0.116336 0.135425 0.139931 0.128721 0.102634 0.070125 0.040633 0.018868 0.007052 0.001946 0.000332 0.000044 
t: 0.001627906977 start: 88 end: 112 0.000004 0.000011 0.000024 0.000129 0.000284 0.000841 0.002041 0.004717 0.009809 0.019409 0.034366 0.055476 0.082037 0.110401 0.132787 0.141759 0.134787 0.111422 0.078503 0.046945 0.022417 0.008846 0.002516 0.000416 0.000053 
t: 0.001580645161 start: 88 end: 112 0.000002 0.000006 0.000015 0.000075 0.000210 0.000628 0.001560 0.003648 0.007891 0.016069 0.029309 0.049225 0.075081 0.104073 0.128972 0.142805 0.139605 0.119149 0.087030 0.053547 0.026620 0.010735 0.003138 0.000545 0.000062 
t: 0.001536050157 start: 88 end: 112 0.000001 0.000003 0.000007 0.000053 0.000146 0.000455 0.001176 0.002875 0.006462 0.013128 0.025133 0.043330 0.068289 0.097456 0.124641 0.142900 0.143412 0.126533 0.095124 0.060253 0.031076 0.012850 0.003898 0.000716 0.000083 
t: 0.001493902439 start: 89 end: 112 0.000002 0.000006 0.000037 0.000084 0.000337 0.000919 0.002269 0.005159 0.010820 0.021383 0.038037 0.061970 0.090780 0.120005 0.141454 0.146350 0.132946 0.103286 0.067355 0.035762 0.015297 0.004724 0.000905 0.000113 
t: 0.001454005935 start: 89 end: 112 0.000001 0.000006 0.000021 0.000064 0.000240 0.000683 0.001779 0.004120 0.009065 0.018113 0.033577 0.055662 0.084556 0.114660 0.139031 0.148363 0.139028 0.110794 0.074538 0.040834 0.017872 0.005718 0.001135 0.000140 
t: 0.001416184971 start: 89 end: 112 0.000001 0.000003 0.000017 0.000037 0.000170 0.000535 0.001395 0.003334 0.007396 0.015419 0.029361 0.050140 0.078254 0.109073 0.136137 0.149292 0.144420 0.117926 0.081920 0.046069 0.020756 0.006741 0.001430 0.000174 
t: 0.001380281690 start: 89 end: 112 0.000001 0.000002 0.000013 0.000031 0.000104 0.000435 0.001041 0.002719 0.006146 0.013114 0.025515 0.045143 0.072098 0.103602 0.132584 0.149566 0.148439 0.125125 0.089078 0.051539 0.023864 0.007872 0.001750 0.000219 
t: 0.001346153846 start: 89 end: 112 0.000001 0.000000 0.000007 0.000028 0.000077 0.000308 0.000830 0.002196 0.005049 0.011211 0.022144 0.040550 0.066157 0.097738 0.129026 0.148990 0.152070 0.131491 0.096012 0.057378 0.027238 0.009134 0.002105 0.000260 
t: 0.001313672922 start: 89 end: 112 0.000001 0.000000 0.000004 0.000018 0.000064 0.000194 0.000709 0.001756 0.004158 0.009526 0.019306 0.036074 0.060887 0.091848 0.124838 0.147962 0.154536 0.137496 0.103243 0.063185 0.030748 0.010638 0.002498 0.000311 
t: 0.001282722513 start: 90 end: 112 0.000001 0.000002 0.000012 0.000049 0.000149 0.000551 0.001416 0.003448 0.008052 0.016696 0.032179 0.055808 0.086466 0.119797 0.146679 0.156412 0.142996 0.110074 0.069316 0.034341 0.012235 0.002956 0.000365 
t: 0.001253196931 start: 91 end: 112 0.000002 0.000008 0.000039 0.000115 0.000423 0.001198 0.002803 0.006843 0.014474 0.028621 0.051104 0.080880 0.115125 0.144449 0.157491 0.148118 0.116665 0.075440 0.038304 0.014032 0.003434 0.000432 
t: 0.001225000000 start: 91 end: 112 0.000001 0.000006 0.000035 0.000085 0.000326 0.000970 0.002275 0.005805 0.012694 0.025575 0.046342 0.075868 0.109897 0.141737 0.158487 0.152478 0.122977 0.081585 0.042460 0.015902 0.003979 0.000516 
t: 0.001198044010 start: 91 end: 112 0.000001 0.000004 0.000024 0.000065 0.000271 0.000745 0.001924 0.004908 0.011015 0.022707 0.042173 0.070954 0.104841 0.138545 0.158681 0.156356 0.129250 0.087774 0.046714 0.017832 0.004619 0.000597 
t: 0.001172248804 start: 91 end: 112 0.000001 0.000003 0.000018 0.000051 0.000210 0.000620 0.001573 0.004180 0.009514 0.020212 0.038521 0.065873 0.099818 0.135276 0.158557 0.159609 0.134918 0.093861 0.051142 0.020028 0.005330 0.000685 
t: 0.001147540984 start: 91 end: 112 0.000001 0.000003 0.000009 0.000042 0.000159 0.000510 0.001314 0.003557 0.008317 0.017830 0.035077 0.061275 0.094732 0.131571 0.158080 0.162441 0.140374 0.099744 0.055728 0.022298 0.006142 0.000796 
t: 0.001123853211 start: 92 end: 112 0.000004 0.000006 0.000032 0.000131 0.000417 0.001075 0.003069 0.007211 0.015808 0.031828 0.056913 0.090035 0.127117 0.157209 0.164983 0.145512 0.105608 0.060451 0.024714 0.006966 0.000911 
t: 0.001101123596 start: 92 end: 112 0.000004 0.000005 0.000026 0.000102 0.000349 0.000885 0.002582 0.006292 0.014117 0.028793 0.052681 0.085297 0.122981 0.155485 0.167345 0.150303 0.111447 0.065006 0.027437 0.007800 0.001063 
t: 0.001079295154 start: 92 end: 112 0.000002 0.000006 0.000019 0.000085 0.000280 0.000753 0.002135 0.005498 0.012573 0.026056 0.048858 0.080800 0.118918 0.153482 0.168323 0.155145 0.117107 0.069877 0.030100 0.008770 0.001213 
t: 0.001058315335 start: 92 end: 112 0.000001 0.000005 0.000016 0.000067 0.000223 0.000631 0.001803 0.004848 0.011135 0.023601 0.045219 0.076467 0.114603 0.151085 0.169222 0.159359 0.122806 0.074781 0.032922 0.009803 0.001403 
t: 0.001038135593 start: 93 end: 112 0.000005 0.000013 0.000053 0.000167 0.000552 0.001549 0.004150 0.009919 0.021413 0.041835 0.072358 0.110204 0.148277 0.169972 0.163166 0.128470 0.079586 0.035897 0.010824 0.001590 
t: 0.001018711019 start: 93 end: 112 0.000004 0.000010 0.000045 0.000132 0.000468 0.001318 0.003591 0.008819 0.019423 0.038587 0.068220 0.106028 0.145633 0.169935 0.166742 0.133775 0.084438 0.039098 0.011938 0.001796 
t: 0.001000000000 start: 93 end: 112 0.000003 0.000008 0.000031 0.000122 0.000379 0.001132 0.003136 0.007734 0.017722 0.035494 0.064437 0.101696 0.142640 0.169806 0.169849 0.138849 0.089560 0.042238 0.013152 0.002012 
