t: 0.059999999999 start: 13 end: 48 0.000001 0.000003 0.000031 0.000151 0.000568 0.001703 0.004607 0.011151 0.023164 0.042557 0.068401 0.096098 0.120190 0.133925 0.133287 0.117138 0.093130 0.065781 0.041978 0.024122 0.012505 0.005727 0.002384 0.000939 0.000323 0.000103 0.000027 0.000006 0.000000 0.000000 0.000000 0.000000 0.000000 0.000000 0.000000 0.000000 
t: 0.054545454544 start: 16 end: 51 0.000013 0.000071 0.000236 0.000784 0.002334 0.005676 0.012713 0.025428 0.044395 0.068399 0.094794 0.116694 0.129398 0.128772 0.114882 0.091867 0.066971 0.043928 0.026463 0.014113 0.007074 0.003066 0.001241 0.000489 0.000138 0.000044 0.000010 0.000007 0.000000 0.000000 0.000000 0.000000 0.000000 0.000000 0.000000 0.000000 
t: 0.049999999999 start: 16 end: 53 0.000001 0.000005 0.000023 0.000108 0.000396 0.001136 0.002988 0.007367 0.015168 0.028298 0.047744 0.070724 0.095141 0.115371 0.125781 0.123683 0.110464 0.089653 0.066153 0.044319 0.027050 0.015043 0.007518 0.003438 0.001545 0.000587 0.000213 0.000058 0.000019 0.000006 0.000000 0.000000 0.000000 0.000000 0.000000 0.000000 0.000000 0.000000 
t: 0.046153846153 start: 18 end: 56 0.000003 0.000012 0.000045 0.000211 0.000634 0.001685 0.004200 0.009203 0.018227 0.032589 0.051775 0.074695 0.097313 0.114534 0.122318 0.120062 0.105568 0.085605 0.063478 0.042341 0.026376 0.015131 0.007764 0.003616 0.001603 0.000645 0.000233 0.000091 0.000033 0.000008 0.000002 0.000000 0.000000 0.000000 0.000000 0.000000 0.000000 0.000000 0.000000 
t: 0.042857142857 start: 20 end: 60 0.000002 0.000041 0.000104 0.000380 0.000981 0.002486 0.005699 0.012187 0.022389 0.037745 0.057681 0.079358 0.100101 0.114376 0.119843 0.114574 0.100394 0.080565 0.058899 0.039702 0.024676 0.014096 0.007483 0.003602 0.001602 0.000651 0.000253 0.000091 0.000029 0.000005 0.000003 0.000001 0.000001 0.000000 0.000000 0.000000 0.000000 0.000000 0.000000 0.000000 0.000000 
t: 0.040000000000 start: 21 end: 60 0.000005 0.000022 0.000056 0.000221 0.000635 0.001546 0.003764 0.007998 0.015800 0.027769 0.044306 0.063631 0.085561 0.103145 0.114682 0.116320 0.109122 0.093923 0.074325 0.053795 0.035610 0.022411 0.012849 0.006809 0.003275 0.001524 0.000561 0.000220 0.000079 0.000028 0.000005 0.000003 0.000000 0.000000 0.000000 0.000000 0.000000 0.000000 0.000000 0.000000 
t: 0.037500000000 start: 22 end: 62 0.000005 0.000014 0.000045 0.000152 0.000432 0.000977 0.002557 0.005657 0.011243 0.020408 0.033966 0.051636 0.071763 0.091573 0.106333 0.113833 0.112612 0.102808 0.086499 0.066672 0.047671 0.031674 0.019477 0.011253 0.005786 0.002858 0.001318 0.000515 0.000173 0.000058 0.000023 0.000007 0.000002 0.000000 0.000000 0.000000 0.000000 0.000000 0.000000 0.000000 0.000000 
t: 0.035294117647 start: 23 end: 64 0.000004 0.000009 0.000031 0.000081 0.000275 0.000691 0.001854 0.004049 0.008388 0.015365 0.026762 0.041758 0.060157 0.079937 0.096692 0.108450 0.112633 0.107681 0.095041 0.078422 0.058758 0.041345 0.027158 0.016295 0.009235 0.004897 0.002320 0.001026 0.000423 0.000188 0.000046 0.000023 0.000004 0.000002 0.000000 0.000000 0.000000 0.000000 0.000000 0.000000 0.000000 0.000000 
t: 0.033333333333 start: 24 end: 66 0.000002 0.000010 0.000017 0.000056 0.000182 0.000526 0.001291 0.003092 0.006206 0.012126 0.021078 0.034405 0.050798 0.069244 0.087753 0.101373 0.109744 0.109150 0.101605 0.086594 0.068929 0.050924 0.034904 0.022496 0.013168 0.007409 0.003823 0.001804 0.000805 0.000301 0.000122 0.000043 0.000013 0.000004 0.000003 0.000000 0.000000 0.000000 0.000000 0.000000 0.000000 0.000000 0.000000 
t: 0.031578947368 start: 25 end: 68 0.000001 0.000005 0.000016 0.000054 0.000148 0.000393 0.001000 0.002310 0.004924 0.009584 0.017379 0.028517 0.043016 0.060660 0.079113 0.094465 0.105411 0.108896 0.104529 0.093117 0.076706 0.059462 0.042822 0.028628 0.017763 0.010263 0.005633 0.002886 0.001370 0.000558 0.000235 0.000095 0.000026 0.000010 0.000004 0.000000 0.000001 0.000000 0.000000 0.000000 0.000000 0.000000 0.000000 0.000000 
t: 0.030000000000 start: 26 end: 69 0.000001 0.000004 0.000014 0.000036 0.000112 0.000294 0.000785 0.001838 0.003943 0.007861 0.014311 0.024410 0.037363 0.053268 0.071226 0.087489 0.100278 0.107340 0.105731 0.097170 0.083222 0.066755 0.050193 0.034644 0.022389 0.013674 0.007980 0.004161 0.001976 0.000861 0.000404 0.000185 0.000050 0.000026 0.000005 0.000001 0.000000 0.000000 0.000000 0.000000 0.000000 0.000000 0.000000 0.000000 
t: 0.028571428571 start: 28 end: 71 0.000001 0.000009 0.000025 0.000082 0.000253 0.000671 0.001520 0.003298 0.006471 0.012148 0.020879 0.032718 0.047473 0.064634 0.081489 0.095537 0.103843 0.105546 0.099871 0.088751 0.072902 0.056009 0.040364 0.027114 0.017382 0.010166 0.005566 0.002889 0.001376 0.000613 0.000229 0.000113 0.000041 0.000013 0.000002 0.000002 0.000000 0.000000 0.000000 0.000000 0.000000 0.000000 0.000000 0.000000 
t: 0.027272727273 start: 29 end: 74 0.000002 0.000005 0.000014 0.000077 0.000225 0.000524 0.001307 0.002754 0.005670 0.010531 0.018212 0.028935 0.042965 0.059288 0.075942 0.090659 0.100910 0.104825 0.101190 0.091653 0.078062 0.061333 0.045648 0.031756 0.020420 0.012616 0.007207 0.003809 0.001948 0.000853 0.000393 0.000160 0.000065 0.000025 0.000010 0.000004 0.000002 0.000001 0.000000 0.000000 0.000000 0.000000 0.000000 0.000000 0.000000 0.000000 
t: 0.026086956522 start: 30 end: 75 0.000002 0.000002 0.000015 0.000077 0.000180 0.000469 0.001153 0.002421 0.004985 0.009493 0.016157 0.026265 0.039463 0.054350 0.071211 0.086271 0.098168 0.102788 0.102051 0.093911 0.081666 0.066067 0.050043 0.035551 0.023874 0.015063 0.008754 0.004896 0.002507 0.001178 0.000566 0.000243 0.000100 0.000042 0.000011 0.000004 0.000002 0.000001 0.000000 0.000000 0.000000 0.000000 0.000000 0.000000 0.000000 0.000000 
t: 0.025000000000 start: 30 end: 76 0.000001 0.000001 0.000001 0.000020 0.000067 0.000175 0.000428 0.001042 0.002142 0.004547 0.008501 0.014964 0.024177 0.036308 0.050750 0.067509 0.082653 0.094505 0.101502 0.101750 0.095756 0.084097 0.069686 0.054002 0.039250 0.026704 0.017364 0.010240 0.005861 0.003142 0.001493 0.000790 0.000335 0.000145 0.000062 0.000019 0.000008 0.000002 0.000000 0.000001 0.000000 0.000000 0.000000 0.000000 0.000000 0.000000 0.000000 
t: 0.024000000000 start: 33 end: 78 0.000005 0.000024 0.000053 0.000173 0.000404 0.000939 0.002027 0.004290 0.007848 0.013967 0.022340 0.033998 0.048489 0.064254 0.079235 0.091834 0.099861 0.100981 0.096488 0.086488 0.072236 0.057360 0.041940 0.029660 0.019055 0.011889 0.006856 0.003742 0.001881 0.000947 0.000405 0.000198 0.000084 0.000033 0.000009 0.000004 0.000002 0.000001 0.000000 0.000000 0.000000 0.000000 0.000000 0.000000 0.000000 0.000000 
t: 0.023076923077 start: 33 end: 79 0.000002 0.000003 0.000023 0.000049 0.000185 0.000375 0.000899 0.002012 0.003960 0.007458 0.013142 0.021289 0.032252 0.046442 0.061775 0.076512 0.089427 0.098034 0.100677 0.096942 0.087686 0.074520 0.059736 0.044556 0.031661 0.020917 0.013100 0.007798 0.004294 0.002204 0.001138 0.000525 0.000243 0.000096 0.000050 0.000013 0.000002 0.000001 0.000002 0.000000 0.000000 0.000000 0.000000 0.000000 0.000000 0.000000 0.000000 
t: 0.022222222222 start: 33 end: 79 0.000001 0.000000 0.000010 0.000016 0.000054 0.000147 0.000385 0.000874 0.001921 0.003943 0.007225 0.012503 0.020465 0.031675 0.044431 0.059747 0.074708 0.087506 0.096902 0.099339 0.097184 0.088367 0.076265 0.061353 0.046522 0.033328 0.022432 0.014457 0.008430 0.004767 0.002648 0.001325 0.000590 0.000283 0.000125 0.000047 0.000019 0.000004 0.000000 0.000001 0.000001 0.000000 0.000000 0.000000 0.000000 0.000000 0.000000 
t: 0.021428571428 start: 34 end: 81 0.000001 0.000002 0.000008 0.000023 0.000056 0.000155 0.000388 0.000868 0.001976 0.003817 0.007109 0.012461 0.020189 0.030572 0.043633 0.058554 0.072879 0.085996 0.095537 0.099201 0.096518 0.088894 0.076926 0.062795 0.047902 0.034622 0.023803 0.015172 0.009087 0.005307 0.002833 0.001461 0.000682 0.000353 0.000132 0.000062 0.000016 0.000007 0.000002 0.000000 0.000001 0.000000 0.000000 0.000000 0.000000 0.000000 0.000000 0.000000 
t: 0.020689655172 start: 35 end: 81 0.000001 0.000004 0.000010 0.000017 0.000063 0.000189 0.000393 0.000894 0.001977 0.003942 0.007094 0.012363 0.020056 0.030199 0.043309 0.057300 0.071903 0.085457 0.094502 0.097949 0.096479 0.088821 0.077523 0.063436 0.048688 0.035802 0.024590 0.015868 0.009574 0.005581 0.003033 0.001576 0.000801 0.000359 0.000145 0.000066 0.000023 0.000012 0.000000 0.000001 0.000000 0.000000 0.000000 0.000000 0.000000 0.000000 0.000000 
t: 0.020000000000 start: 37 end: 82 0.000006 0.000008 0.000024 0.000070 0.000194 0.000432 0.000975 0.002085 0.003946 0.007298 0.012468 0.020134 0.030490 0.042725 0.057189 0.071413 0.084805 0.093545 0.097620 0.095714 0.088823 0.077215 0.063619 0.049662 0.036233 0.025036 0.016328 0.009894 0.005740 0.003106 0.001695 0.000836 0.000405 0.000164 0.000066 0.000024 0.000010 0.000003 0.000000 0.000000 0.000000 0.000000 0.000000 0.000000 0.000000 0.000000 
t: 0.019354838710 start: 37 end: 84 0.000002 0.000003 0.000014 0.000029 0.000058 0.000218 0.000474 0.001057 0.002172 0.004155 0.007494 0.012736 0.020442 0.030832 0.043236 0.057020 0.071843 0.084418 0.093059 0.096614 0.095300 0.088208 0.076892 0.063972 0.049248 0.036479 0.024976 0.016402 0.010258 0.005830 0.003330 0.001721 0.000817 0.000390 0.000175 0.000086 0.000026 0.000012 0.000001 0.000001 0.000000 0.000000 0.000000 0.000000 0.000000 0.000000 0.000000 0.000000 
t: 0.018750000000 start: 37 end: 83 0.000002 0.000000 0.000006 0.000010 0.000029 0.000091 0.000197 0.000545 0.001138 0.002322 0.004401 0.007861 0.013258 0.021153 0.031299 0.043664 0.058568 0.071802 0.084192 0.092730 0.096088 0.094989 0.087225 0.076709 0.062550 0.049051 0.036115 0.024886 0.016425 0.010198 0.005955 0.003270 0.001730 0.000822 0.000425 0.000184 0.000071 0.000028 0.000010 0.000001 0.000000 0.000000 0.000000 0.000000 0.000000 0.000000 0.000000 
t: 0.018181818182 start: 38 end: 86 0.000001 0.000003 0.000008 0.000009 0.000035 0.000101 0.000256 0.000596 0.001227 0.002591 0.004629 0.008451 0.014008 0.021807 0.032023 0.045280 0.058809 0.072787 0.084704 0.092594 0.096108 0.093455 0.086682 0.075397 0.061975 0.048215 0.035207 0.024607 0.015974 0.010123 0.005811 0.003291 0.001687 0.000844 0.000429 0.000150 0.000075 0.000042 0.000007 0.000001 0.000001 0.000000 0.000000 0.000000 0.000000 0.000000 0.000000 0.000000 0.000000 
t: 0.017647058823 start: 40 end: 87 0.000003 0.000007 0.000020 0.000049 0.000108 0.000301 0.000630 0.001429 0.002763 0.005153 0.008979 0.014627 0.022922 0.033415 0.046574 0.060540 0.073446 0.084641 0.093583 0.095467 0.092390 0.085501 0.074123 0.061048 0.046461 0.034297 0.024082 0.015695 0.009784 0.005647 0.003176 0.001650 0.000839 0.000384 0.000143 0.000085 0.000027 0.000008 0.000002 0.000000 0.000001 0.000000 0.000000 0.000000 0.000000 0.000000 0.000000 0.000000 
t: 0.017142857143 start: 40 end: 88 0.000001 0.000002 0.000009 0.000025 0.000050 0.000154 0.000319 0.000760 0.001547 0.003135 0.005577 0.009637 0.015892 0.024270 0.035003 0.048312 0.061476 0.074879 0.086123 0.093003 0.094805 0.091797 0.084039 0.072716 0.059224 0.045456 0.032889 0.022977 0.015119 0.009407 0.005461 0.002993 0.001551 0.000751 0.000370 0.000170 0.000062 0.000031 0.000004 0.000003 0.000000 0.000001 0.000000 0.000000 0.000000 0.000000 0.000000 0.000000 0.000000 
t: 0.016666666667 start: 42 end: 89 0.000004 0.000016 0.000028 0.000073 0.000162 0.000405 0.000874 0.001839 0.003444 0.006089 0.010712 0.017060 0.025675 0.037040 0.050181 0.063752 0.076134 0.087169 0.092480 0.094529 0.091308 0.081895 0.070744 0.057542 0.043517 0.031598 0.022067 0.014114 0.008764 0.005205 0.002781 0.001514 0.000697 0.000348 0.000148 0.000064 0.000022 0.000003 0.000002 0.000000 0.000001 0.000000 0.000000 0.000000 0.000000 0.000000 0.000000 0.000000 
t: 0.016216216216 start: 42 end: 90 0.000002 0.000011 0.000008 0.000031 0.000093 0.000197 0.000483 0.001006 0.002088 0.003933 0.006919 0.011625 0.018595 0.027542 0.039363 0.052431 0.065631 0.078049 0.087631 0.093347 0.093822 0.089449 0.080483 0.068569 0.055022 0.041576 0.030066 0.020639 0.013326 0.008238 0.004618 0.002696 0.001309 0.000679 0.000312 0.000124 0.000060 0.000021 0.000004 0.000001 0.000000 0.000001 0.000000 0.000000 0.000000 0.000000 0.000000 0.000000 0.000000 
t: 0.015789473684 start: 42 end: 90 0.000001 0.000000 0.000004 0.000023 0.000042 0.000094 0.000249 0.000587 0.001224 0.002396 0.004498 0.007711 0.012890 0.020092 0.030063 0.042124 0.054629 0.067986 0.079897 0.088650 0.093437 0.093180 0.087615 0.078397 0.065826 0.052213 0.039851 0.028297 0.019246 0.012367 0.007383 0.004358 0.002436 0.001169 0.000582 0.000293 0.000116 0.000053 0.000017 0.000002 0.000001 0.000001 0.000000 0.000000 0.000000 0.000000 0.000000 0.000000 0.000000 
t: 0.015384615385 start: 43 end: 92 0.000001 0.000002 0.000006 0.000029 0.000051 0.000126 0.000333 0.000704 0.001421 0.002859 0.005202 0.008707 0.014341 0.022244 0.032399 0.044465 0.057752 0.070247 0.081677 0.089910 0.093555 0.092140 0.086020 0.075861 0.062895 0.049698 0.037147 0.026473 0.017625 0.011231 0.006805 0.003992 0.002095 0.001035 0.000550 0.000222 0.000120 0.000046 0.000008 0.000004 0.000001 0.000001 0.000000 0.000000 0.000000 0.000000 0.000000 0.000000 0.000000 0.000000 
t: 0.015000000000 start: 45 end: 92 0.000005 0.000012 0.000031 0.000069 0.000158 0.000421 0.000864 0.001741 0.003349 0.005819 0.010055 0.016147 0.024567 0.034871 0.047543 0.060832 0.072969 0.083902 0.090618 0.093470 0.090724 0.083971 0.072711 0.059749 0.046872 0.034756 0.024270 0.016131 0.010252 0.006184 0.003401 0.001793 0.000938 0.000453 0.000230 0.000085 0.000027 0.000006 0.000002 0.000002 0.000000 0.000000 0.000000 0.000000 0.000000 0.000000 0.000000 0.000000 
t: 0.014634146341 start: 45 end: 94 0.000001 0.000003 0.000016 0.000034 0.000083 0.000217 0.000504 0.001078 0.002140 0.003902 0.006779 0.011590 0.018215 0.027011 0.038025 0.050407 0.064113 0.076093 0.085378 0.091885 0.092842 0.089272 0.080766 0.070123 0.056545 0.043513 0.032181 0.022315 0.014393 0.009262 0.005315 0.002945 0.001590 0.000776 0.000419 0.000177 0.000067 0.000012 0.000008 0.000003 0.000001 0.000000 0.000001 0.000000 0.000000 0.000000 0.000000 0.000000 0.000000 0.000000 
t: 0.014285714286 start: 46 end: 94 0.000002 0.000004 0.000020 0.000044 0.000116 0.000310 0.000616 0.001334 0.002576 0.004545 0.008061 0.013396 0.020444 0.029785 0.041335 0.054219 0.067377 0.078489 0.087657 0.092091 0.092303 0.086966 0.078459 0.066061 0.053029 0.040633 0.029203 0.020054 0.013131 0.007938 0.004622 0.002605 0.001344 0.000682 0.000334 0.000135 0.000049 0.000017 0.000011 0.000001 0.000000 0.000002 0.000000 0.000000 0.000000 0.000000 0.000000 0.000000 0.000000 
t: 0.013953488372 start: 47 end: 95 0.000003 0.000009 0.000019 0.000062 0.000183 0.000339 0.000832 0.001635 0.003077 0.005546 0.009441 0.015151 0.023144 0.033136 0.044824 0.057976 0.070791 0.081749 0.088521 0.092918 0.090745 0.084901 0.074762 0.062557 0.049393 0.037083 0.026603 0.017909 0.011531 0.006833 0.003977 0.002223 0.001134 0.000568 0.000261 0.000096 0.000044 0.000017 0.000003 0.000001 0.000003 0.000000 0.000000 0.000000 0.000000 0.000000 0.000000 0.000000 0.000000 
t: 0.013636363636 start: 47 end: 96 0.000001 0.000004 0.000009 0.000026 0.000103 0.000203 0.000525 0.001008 0.002032 0.003805 0.006631 0.010980 0.017612 0.025911 0.036215 0.049173 0.061715 0.074409 0.083855 0.090791 0.092188 0.089395 0.081881 0.071205 0.058562 0.045525 0.033855 0.023829 0.015932 0.009789 0.005953 0.003323 0.001860 0.000929 0.000428 0.000215 0.000075 0.000031 0.000010 0.000002 0.000003 0.000002 0.000000 0.000000 0.000000 0.000000 0.000000 0.000000 0.000000 0.000000 
t: 0.013333333333 start: 48 end: 96 0.000001 0.000006 0.000014 0.000054 0.000121 0.000281 0.000662 0.001325 0.002574 0.004613 0.007926 0.013039 0.020012 0.029029 0.040254 0.053290 0.066388 0.077266 0.086234 0.091533 0.091857 0.087119 0.078841 0.066879 0.054359 0.041880 0.030400 0.021460 0.013452 0.008454 0.005068 0.002791 0.001454 0.000742 0.000356 0.000161 0.000069 0.000022 0.000007 0.000004 0.000003 0.000000 0.000000 0.000000 0.000000 0.000000 0.000000 0.000000 0.000000 
t: 0.013043478261 start: 49 end: 97 0.000005 0.000007 0.000029 0.000073 0.000182 0.000393 0.000809 0.001716 0.003199 0.005646 0.009519 0.015167 0.022829 0.032759 0.044641 0.057736 0.070200 0.080528 0.088482 0.091943 0.090547 0.084397 0.075124 0.062699 0.050294 0.037797 0.027303 0.018469 0.011580 0.007269 0.004123 0.002306 0.001149 0.000581 0.000303 0.000109 0.000058 0.000015 0.000006 0.000006 0.000002 0.000000 0.000000 0.000000 0.000000 0.000000 0.000000 0.000000 0.000000 
t: 0.012765957447 start: 49 end: 98 0.000001 0.000004 0.000012 0.000043 0.000107 0.000244 0.000491 0.001107 0.002257 0.003957 0.006916 0.011325 0.017568 0.026441 0.036710 0.049472 0.062188 0.073583 0.083695 0.090540 0.091639 0.088752 0.081396 0.070807 0.058392 0.045800 0.033896 0.023827 0.015785 0.010136 0.005849 0.003491 0.001839 0.000875 0.000492 0.000198 0.000104 0.000035 0.000012 0.000012 0.000001 0.000001 0.000000 0.000000 0.000000 0.000000 0.000000 0.000000 0.000000 0.000000 
t: 0.012500000000 start: 50 end: 99 0.000001 0.000005 0.000025 0.000063 0.000142 0.000325 0.000715 0.001519 0.002654 0.004961 0.008419 0.013503 0.020801 0.029874 0.041451 0.054142 0.066392 0.077675 0.086760 0.090702 0.091321 0.086607 0.077502 0.066246 0.054115 0.041129 0.029958 0.020710 0.013453 0.008303 0.005009 0.002741 0.001436 0.000733 0.000337 0.000158 0.000060 0.000032 0.000016 0.000003 0.000001 0.000001 0.000000 0.000000 0.000000 0.000000 0.000000 0.000000 0.000000 0.000000 
t: 0.012244897959 start: 50 end: 100 0.000001 0.000002 0.000009 0.000034 0.000095 0.000182 0.000469 0.000944 0.001901 0.003487 0.006180 0.010255 0.016137 0.023825 0.034445 0.046285 0.058821 0.071005 0.081404 0.088292 0.091725 0.090020 0.083206 0.073455 0.061899 0.048819 0.036810 0.026267 0.017586 0.011196 0.006935 0.003990 0.002183 0.001134 0.000564 0.000251 0.000113 0.000038 0.000024 0.000008 0.000002 0.000000 0.000001 0.000001 0.000000 0.000000 0.000000 0.000000 0.000000 0.000000 0.000000 
t: 0.012000000000 start: 51 end: 100 0.000003 0.000003 0.000015 0.000059 0.000125 0.000262 0.000646 0.001273 0.002487 0.004457 0.007629 0.012544 0.018955 0.028015 0.038847 0.051259 0.063915 0.075301 0.084344 0.090072 0.091558 0.087743 0.079402 0.069211 0.056726 0.043991 0.032334 0.022608 0.014719 0.009384 0.005654 0.003242 0.001600 0.000877 0.000430 0.000193 0.000062 0.000039 0.000011 0.000002 0.000001 0.000000 0.000002 0.000000 0.000000 0.000000 0.000000 0.000000 0.000000 0.000000 
t: 0.011764705882 start: 51 end: 100 0.000002 0.000001 0.000009 0.000028 0.000078 0.000168 0.000387 0.000883 0.001699 0.003199 0.005664 0.009506 0.014982 0.022612 0.032233 0.043923 0.056365 0.068377 0.079615 0.087336 0.090999 0.090444 0.084502 0.075708 0.064105 0.051242 0.039203 0.028192 0.018982 0.012433 0.007630 0.004520 0.002541 0.001230 0.000658 0.000314 0.000145 0.000055 0.000020 0.000006 0.000002 0.000000 0.000002 0.000000 0.000000 0.000000 0.000000 0.000000 0.000000 0.000000 
t: 0.011538461538 start: 51 end: 101 0.000002 0.000001 0.000003 0.000016 0.000041 0.000110 0.000235 0.000619 0.001150 0.002212 0.004147 0.007235 0.011611 0.018110 0.026334 0.037011 0.049092 0.061597 0.073387 0.083435 0.089294 0.091324 0.088211 0.081309 0.070643 0.058899 0.045999 0.034171 0.024178 0.016075 0.010103 0.006150 0.003593 0.001887 0.000949 0.000487 0.000225 0.000098 0.000040 0.000010 0.000003 0.000001 0.000003 0.000000 0.000000 0.000000 0.000000 0.000000 0.000000 0.000000 0.000000 
t: 0.011320754717 start: 52 end: 102 0.000003 0.000001 0.000006 0.000032 0.000057 0.000154 0.000380 0.000808 0.001594 0.002997 0.005333 0.009001 0.014146 0.021534 0.030908 0.042124 0.054651 0.066851 0.078077 0.086423 0.090417 0.090720 0.085864 0.076751 0.065659 0.053291 0.040458 0.029439 0.020364 0.013356 0.008292 0.004833 0.002701 0.001459 0.000708 0.000351 0.000155 0.000067 0.000024 0.000006 0.000002 0.000002 0.000001 0.000000 0.000000 0.000000 0.000000 0.000000 0.000000 0.000000 0.000000 
t: 0.011111111111 start: 52 end: 102 0.000002 0.000001 0.000004 0.000020 0.000033 0.000107 0.000253 0.000518 0.001133 0.002095 0.004023 0.006760 0.011108 0.017357 0.025634 0.035775 0.047775 0.060046 0.071903 0.082291 0.088928 0.091078 0.089009 0.081775 0.072220 0.060258 0.047161 0.035453 0.024945 0.017288 0.010746 0.006442 0.003759 0.002077 0.001093 0.000524 0.000230 0.000109 0.000046 0.000015 0.000003 0.000002 0.000000 0.000001 0.000000 0.000000 0.000000 0.000000 0.000000 0.000000 0.000000 
t: 0.010909090909 start: 52 end: 103 0.000001 0.000002 0.000001 0.000011 0.000019 0.000059 0.000171 0.000355 0.000759 0.001557 0.002925 0.005113 0.008583 0.013752 0.020922 0.030238 0.041086 0.053452 0.065907 0.076861 0.085549 0.090493 0.090955 0.086024 0.077640 0.066977 0.054139 0.041171 0.030506 0.021277 0.014012 0.008520 0.005091 0.002917 0.001529 0.000783 0.000364 0.000163 0.000075 0.000025 0.000012 0.000002 0.000001 0.000001 0.000000 0.000000 0.000000 0.000000 0.000000 0.000000 0.000000 0.000000 
t: 0.010714285714 start: 54 end: 103 0.000003 0.000004 0.000013 0.000031 0.000103 0.000246 0.000536 0.001106 0.002138 0.003770 0.006595 0.010822 0.017016 0.024999 0.035230 0.046975 0.059112 0.071624 0.081384 0.088028 0.091260 0.089380 0.082607 0.072547 0.060995 0.047917 0.036323 0.025559 0.017666 0.011178 0.006656 0.003999 0.002099 0.001096 0.000534 0.000272 0.000103 0.000040 0.000024 0.000008 0.000000 0.000001 0.000001 0.000000 0.000000 0.000000 0.000000 0.000000 0.000000 0.000000 
t: 0.010526315789 start: 54 end: 104 0.000002 0.000002 0.000007 0.000021 0.000050 0.000162 0.000368 0.000790 0.001553 0.002806 0.004972 0.008447 0.013576 0.020585 0.029830 0.040832 0.052965 0.065332 0.076233 0.085271 0.089893 0.091165 0.086557 0.078309 0.066791 0.054611 0.042392 0.030891 0.021461 0.014157 0.008760 0.005280 0.002956 0.001518 0.000765 0.000398 0.000167 0.000076 0.000034 0.000010 0.000003 0.000001 0.000001 0.000000 0.000000 0.000000 0.000000 0.000000 0.000000 0.000000 0.000000 
t: 0.010344827586 start: 55 end: 105 0.000003 0.000005 0.000015 0.000029 0.000092 0.000253 0.000549 0.001092 0.002172 0.003788 0.006453 0.010746 0.016721 0.025102 0.035227 0.046678 0.058956 0.071117 0.081193 0.087846 0.091263 0.089028 0.083282 0.072773 0.061008 0.048323 0.036268 0.026093 0.017674 0.011177 0.006875 0.003942 0.002174 0.001095 0.000550 0.000256 0.000105 0.000047 0.000019 0.000007 0.000002 0.000001 0.000001 0.000000 0.000000 0.000000 0.000000 0.000000 0.000000 0.000000 0.000000 
t: 0.010169491525 start: 55 end: 106 0.000001 0.000003 0.000010 0.000019 0.000060 0.000160 0.000395 0.000771 0.001595 0.002885 0.004942 0.008519 0.013647 0.020639 0.029851 0.040596 0.053122 0.065399 0.076496 0.084877 0.090535 0.090410 0.086453 0.078509 0.066939 0.054759 0.042232 0.030712 0.021422 0.014127 0.008886 0.005114 0.002923 0.001577 0.000752 0.000386 0.000152 0.000079 0.000030 0.000010 0.000003 0.000001 0.000001 0.000001 0.000000 0.000000 0.000000 0.000000 0.000000 0.000000 0.000000 0.000000 
t: 0.010000000000 start: 55 end: 106 0.000001 0.000001 0.000005 0.000017 0.000039 0.000095 0.000270 0.000549 0.001151 0.002192 0.003744 0.006652 0.011092 0.017020 0.025336 0.034922 0.046918 0.059593 0.071386 0.081145 0.088223 0.091101 0.089117 0.082660 0.072774 0.060502 0.048306 0.036070 0.025789 0.017428 0.011185 0.006733 0.003834 0.002157 0.001046 0.000528 0.000235 0.000112 0.000047 0.000013 0.000008 0.000001 0.000001 0.000002 0.000000 0.000000 0.000000 0.000000 0.000000 0.000000 0.000000 0.000000 
t: 0.008448275866 start: 60 end: 110 0.000002 0.000004 0.000007 0.000023 0.000060 0.000142 0.000380 0.000631 0.001368 0.002611 0.004586 0.007585 0.012525 0.018985 0.027858 0.037955 0.050310 0.062623 0.074305 0.083841 0.089635 0.091319 0.087658 0.080648 0.069857 0.057109 0.044960 0.033233 0.023048 0.015220 0.009467 0.005625 0.003223 0.001678 0.000861 0.000368 0.000175 0.000074 0.000024 0.000012 0.000003 0.000001 0.000001 0.000000 0.000000 0.000000 0.000000 0.000000 0.000000 0.000000 0.000000 
t: 0.007313432839 start: 65 end: 113 0.000002 0.000012 0.000028 0.000074 0.000161 0.000343 0.000716 0.001464 0.002666 0.004877 0.008228 0.013244 0.019850 0.029007 0.039649 0.051836 0.064279 0.075915 0.085718 0.090480 0.092053 0.087791 0.079958 0.068616 0.055152 0.042976 0.031347 0.021133 0.013897 0.008599 0.004874 0.002565 0.001329 0.000691 0.000278 0.000121 0.000045 0.000019 0.000005 0.000001 0.000001 0.000000 0.000000 0.000000 0.000000 0.000000 0.000000 0.000000 0.000000 
t: 0.006447368423 start: 68 end: 115 0.000004 0.000008 0.000024 0.000056 0.000142 0.000289 0.000624 0.001212 0.002291 0.004102 0.007121 0.011758 0.018001 0.026613 0.037272 0.049100 0.062036 0.074425 0.084827 0.091152 0.092756 0.090057 0.082808 0.070766 0.058294 0.045134 0.032904 0.022338 0.014677 0.008845 0.005110 0.002753 0.001349 0.000661 0.000302 0.000128 0.000038 0.000016 0.000006 0.000001 0.000000 0.000000 0.000000 0.000000 0.000000 0.000000 0.000000 0.000000 
t: 0.005764705884 start: 70 end: 117 0.000001 0.000005 0.000014 0.000028 0.000065 0.000149 0.000365 0.000661 0.001366 0.002623 0.004774 0.007971 0.013049 0.020033 0.028998 0.040216 0.052917 0.066467 0.078385 0.087824 0.093893 0.093999 0.089005 0.079902 0.067868 0.054021 0.040941 0.028956 0.019172 0.011910 0.006998 0.003859 0.001976 0.000890 0.000408 0.000200 0.000057 0.000024 0.000009 0.000001 0.000000 0.000000 0.000000 0.000000 0.000000 0.000000 0.000000 0.000000 
t: 0.005212765959 start: 72 end: 118 0.000001 0.000004 0.000006 0.000017 0.000041 0.000107 0.000253 0.000516 0.001054 0.002002 0.003627 0.006700 0.010726 0.017077 0.025549 0.036289 0.049085 0.062350 0.075818 0.086060 0.093222 0.095702 0.093220 0.084358 0.071984 0.058229 0.044408 0.031475 0.021264 0.013261 0.007594 0.004126 0.002188 0.000948 0.000454 0.000187 0.000064 0.000025 0.000009 0.000000 0.000000 0.000000 0.000000 0.000000 0.000000 0.000000 0.000000 
t: 0.004757281555 start: 73 end: 119 0.000001 0.000000 0.000002 0.000009 0.000010 0.000041 0.000088 0.000192 0.000496 0.000937 0.001851 0.003541 0.006176 0.010351 0.016380 0.025391 0.036024 0.048714 0.062548 0.076032 0.087266 0.095010 0.097374 0.094143 0.085736 0.072245 0.057995 0.044077 0.030971 0.019871 0.012665 0.007027 0.003694 0.001767 0.000834 0.000346 0.000143 0.000036 0.000013 0.000003 0.000000 0.000000 0.000000 0.000000 0.000000 0.000000 0.000000 
t: 0.004375000001 start: 76 end: 122 0.000001 0.000002 0.000007 0.000019 0.000044 0.000105 0.000236 0.000523 0.001018 0.001935 0.003860 0.006903 0.011202 0.018143 0.026894 0.038964 0.051850 0.066315 0.080096 0.090655 0.097817 0.098310 0.093698 0.083208 0.069655 0.054574 0.039715 0.027044 0.016864 0.010055 0.005430 0.002792 0.001246 0.000533 0.000180 0.000074 0.000024 0.000006 0.000003 0.000000 0.000000 0.000000 0.000000 0.000000 0.000000 0.000000 0.000000 
t: 0.004049586778 start: 78 end: 122 0.000001 0.000005 0.000009 0.000026 0.000063 0.000130 0.000271 0.000643 0.001379 0.002516 0.004592 0.008184 0.013778 0.021354 0.031568 0.044325 0.058611 0.073292 0.086338 0.096406 0.100325 0.098955 0.090291 0.077636 0.062667 0.047110 0.032594 0.021191 0.012501 0.006955 0.003627 0.001537 0.000727 0.000253 0.000087 0.000041 0.000008 0.000003 0.000001 0.000000 0.000000 0.000000 0.000000 0.000000 0.000000 
t: 0.003769230770 start: 80 end: 122 0.000002 0.000005 0.000021 0.000031 0.000086 0.000200 0.000427 0.000941 0.001861 0.003417 0.006285 0.011178 0.017690 0.026866 0.039174 0.053295 0.068405 0.082294 0.094822 0.101200 0.101525 0.095417 0.083714 0.068426 0.052160 0.036695 0.024301 0.014364 0.007983 0.004089 0.001896 0.000802 0.000275 0.000113 0.000028 0.000011 0.000001 0.000000 0.000000 0.000000 0.000000 0.000000 0.000000 
t: 0.003525179857 start: 82 end: 122 0.000005 0.000009 0.000015 0.000063 0.000154 0.000334 0.000706 0.001510 0.002858 0.005318 0.009211 0.015577 0.023936 0.035871 0.049776 0.065212 0.080633 0.093440 0.101917 0.103402 0.098422 0.087552 0.072582 0.055389 0.039129 0.025732 0.015291 0.008410 0.004430 0.001919 0.000796 0.000278 0.000087 0.000028 0.000006 0.000002 0.000000 0.000000 0.000000 0.000000 0.000000 
t: 0.003310810811 start: 83 end: 122 0.000002 0.000006 0.000014 0.000054 0.000120 0.000270 0.000608 0.001268 0.002490 0.004780 0.008488 0.014107 0.022609 0.033931 0.048123 0.063786 0.079760 0.093459 0.102827 0.105378 0.101139 0.089351 0.074219 0.056775 0.040151 0.025636 0.015325 0.008490 0.004008 0.001776 0.000710 0.000233 0.000081 0.000021 0.000004 0.000001 0.000000 0.000000 0.000000 0.000000 
t: 0.003121019109 start: 84 end: 122 0.000002 0.000003 0.000012 0.000041 0.000104 0.000238 0.000542 0.001151 0.002326 0.004476 0.008159 0.013714 0.022060 0.033718 0.047781 0.064033 0.080544 0.094644 0.104006 0.107260 0.102410 0.090335 0.074403 0.056376 0.038882 0.024760 0.014525 0.007622 0.003563 0.001470 0.000573 0.000201 0.000054 0.000009 0.000003 0.000000 0.000000 0.000000 0.000000 
t: 0.002951807229 start: 85 end: 122 0.000002 0.000002 0.000012 0.000042 0.000081 0.000222 0.000522 0.001156 0.002346 0.004501 0.008067 0.014143 0.022590 0.034030 0.048860 0.065859 0.082956 0.097058 0.106645 0.108562 0.102308 0.090067 0.072818 0.053960 0.036604 0.022763 0.012801 0.006422 0.002857 0.001165 0.000410 0.000132 0.000029 0.000007 0.000001 0.000000 0.000000 0.000000 
t: 0.002800000000 start: 85 end: 122 0.000001 0.000001 0.000006 0.000011 0.000039 0.000088 0.000234 0.000534 0.001219 0.002463 0.004755 0.008640 0.014847 0.023743 0.035857 0.051919 0.069092 0.086229 0.100298 0.109174 0.109600 0.101929 0.088139 0.069228 0.050154 0.033211 0.019530 0.010761 0.005075 0.002082 0.000814 0.000235 0.000070 0.000020 0.000001 0.000001 0.000000 0.000000 
t: 0.002663043479 start: 86 end: 122 0.000001 0.000003 0.000006 0.000015 0.000034 0.000112 0.000271 0.000595 0.001313 0.002753 0.005129 0.009426 0.016376 0.025922 0.039079 0.055447 0.074022 0.090986 0.104607 0.111386 0.110304 0.100369 0.083958 0.064099 0.044987 0.028596 0.016331 0.008218 0.003533 0.001481 0.000450 0.000156 0.000031 0.000002 0.000002 0.000000 0.000000 
t: 0.002538860104 start: 87 end: 122 0.000002 0.000001 0.000002 0.000020 0.000046 0.000114 0.000328 0.000721 0.001587 0.002992 0.006000 0.010880 0.018512 0.028921 0.043540 0.060867 0.079610 0.096412 0.109778 0.113707 0.109290 0.096895 0.077817 0.057754 0.038903 0.023451 0.012480 0.005789 0.002413 0.000826 0.000270 0.000056 0.000014 0.000001 0.000001 0.000000 
t: 0.002425742574 start: 88 end: 122 0.000002 0.000001 0.000005 0.000018 0.000065 0.000146 0.000388 0.000869 0.001850 0.003698 0.007082 0.012858 0.021426 0.033467 0.048973 0.067933 0.086382 0.103273 0.112992 0.115297 0.106881 0.090687 0.071003 0.050243 0.031781 0.017979 0.008758 0.003912 0.001419 0.000445 0.000132 0.000029 0.000004 0.000002 0.000000 
t: 0.002322274882 start: 88 end: 122 0.000001 0.000001 0.000001 0.000011 0.000028 0.000078 0.000176 0.000501 0.001115 0.002259 0.004644 0.008646 0.015608 0.025372 0.038892 0.056504 0.075620 0.094574 0.109323 0.116606 0.114550 0.101941 0.083804 0.061922 0.041351 0.024457 0.012844 0.005834 0.002302 0.000760 0.000219 0.000046 0.000008 0.000002 0.000000 
t: 0.002227272727 start: 88 end: 122 0.000001 0.000000 0.000001 0.000004 0.000015 0.000038 0.000094 0.000261 0.000672 0.001404 0.002980 0.005964 0.010938 0.019187 0.030425 0.046010 0.064930 0.085153 0.102761 0.115665 0.118768 0.110370 0.095311 0.073951 0.051602 0.032017 0.017865 0.008453 0.003498 0.001206 0.000356 0.000083 0.000014 0.000003 0.000000 
t: 0.002139737991 start: 88 end: 122 0.000001 0.000000 0.000000 0.000001 0.000007 0.000020 0.000048 0.000145 0.000372 0.000890 0.001932 0.003929 0.007727 0.014123 0.023519 0.037258 0.054770 0.075168 0.094809 0.111114 0.120270 0.116949 0.105219 0.085455 0.062242 0.041204 0.023331 0.011795 0.005163 0.001825 0.000559 0.000128 0.000021 0.000006 0.000000 
t: 0.002058823530 start: 88 end: 122 0.000001 0.000000 0.000000 0.000001 0.000001 0.000007 0.000031 0.000069 0.000227 0.000523 0.001262 0.002636 0.005384 0.010238 0.018189 0.029772 0.045838 0.065076 0.086016 0.105094 0.118558 0.121250 0.113278 0.096179 0.073197 0.050370 0.030066 0.015749 0.007170 0.002714 0.000841 0.000219 0.000037 0.000007 0.000000 
t: 0.001983805668 start: 88 end: 122 0.000001 0.000000 0.000000 0.000000 0.000001 0.000003 0.000015 0.000037 0.000134 0.000333 0.000781 0.001748 0.003779 0.007423 0.013659 0.023504 0.037508 0.056039 0.077054 0.097958 0.114971 0.122924 0.119624 0.105288 0.084175 0.059840 0.037565 0.020503 0.009642 0.003868 0.001231 0.000316 0.000067 0.000009 0.000000 
t: 0.001914062500 start: 89 end: 122 0.000001 0.000000 0.000000 0.000000 0.000002 0.000010 0.000015 0.000086 0.000206 0.000465 0.001202 0.002669 0.005336 0.010270 0.018531 0.030470 0.047550 0.067802 0.090173 0.109740 0.122418 0.123676 0.113450 0.094195 0.069909 0.045548 0.025956 0.012712 0.005254 0.001782 0.000460 0.000098 0.000014 0.000000 
t: 0.001849056604 start: 90 end: 122 0.000001 0.000000 0.000000 0.000001 0.000004 0.000010 0.000047 0.000130 0.000300 0.000802 0.001829 0.003834 0.007602 0.014385 0.024972 0.039692 0.059280 0.081897 0.103274 0.120021 0.125717 0.120647 0.103532 0.079169 0.054190 0.032136 0.016289 0.006920 0.002479 0.000672 0.000146 0.000021 0.000001 
t: 0.001788321168 start: 91 end: 122 0.000001 0.000000 0.000000 0.000001 0.000010 0.000021 0.000085 0.000206 0.000512 0.001324 0.002712 0.005712 0.011196 0.019830 0.033403 0.051094 0.073165 0.096602 0.116294 0.126310 0.125387 0.111699 0.088752 0.063090 0.038677 0.020447 0.008935 0.003344 0.000948 0.000215 0.000026 0.000002 
t: 0.001731448763 start: 92 end: 122 0.000001 0.000000 0.000001 0.000002 0.000017 0.000049 0.000140 0.000346 0.000907 0.002010 0.004222 0.008537 0.015938 0.027592 0.044171 0.064920 0.088873 0.111349 0.125181 0.128820 0.118809 0.098074 0.071616 0.045933 0.025099 0.011359 0.004416 0.001280 0.000298 0.000037 0.000003 
t: 0.001678082192 start: 94 end: 122 0.000001 0.000002 0.000009 0.000036 0.000096 0.000228 0.000618 0.001426 0.003143 0.006623 0.012812 0.022642 0.037633 0.057475 0.081117 0.105309 0.122953 0.130637 0.124886 0.106265 0.080358 0.053308 0.030319 0.014263 0.005657 0.001718 0.000399 0.000063 0.000004 
t: 0.001627906977 start: 95 end: 122 0.000002 0.000005 0.000028 0.000062 0.000169 0.000401 0.001016 0.002410 0.005067 0.010102 0.018581 0.031952 0.050719 0.073523 0.098732 0.119117 0.131158 0.129619 0.113557 0.089323 0.060891 0.035933 0.017648 0.007113 0.002251 0.000532 0.000083 0.000006 
t: 0.001580645161 start: 95 end: 122 0.000002 0.000003 0.000017 0.000036 0.000123 0.000261 0.000727 0.001803 0.003896 0.008032 0.015262 0.026866 0.044218 0.066496 0.091723 0.114850 0.130124 0.132799 0.120906 0.097374 0.068858 0.041643 0.021351 0.008923 0.002896 0.000692 0.000111 0.000008 
t: 0.001536050157 start: 95 end: 122 0.000002 0.000003 0.000010 0.000021 0.000079 0.000202 0.000510 0.001318 0.003042 0.006321 0.012498 0.022614 0.038322 0.059603 0.085035 0.109403 0.128428 0.134324 0.127411 0.105383 0.076534 0.047855 0.025444 0.010859 0.003719 0.000907 0.000136 0.000017 
t: 0.001493902439 start: 96 end: 122 0.000004 0.000006 0.000017 0.000049 0.000142 0.000392 0.000942 0.002330 0.004974 0.010242 0.019024 0.033161 0.053174 0.078082 0.104255 0.125105 0.135147 0.131966 0.113424 0.084129 0.054565 0.029759 0.013155 0.004599 0.001151 0.000182 0.000024 
t: 0.001454005935 start: 96 end: 122 0.000001 0.000007 0.000010 0.000034 0.000105 0.000283 0.000707 0.001755 0.003950 0.008264 0.016180 0.028406 0.047279 0.071384 0.098489 0.121298 0.135400 0.135625 0.120059 0.092120 0.061128 0.034381 0.015711 0.005669 0.001479 0.000246 0.000030 
t: 0.001416184971 start: 96 end: 122 0.000001 0.000003 0.000006 0.000026 0.000072 0.000211 0.000525 0.001316 0.003224 0.006685 0.013529 0.024544 0.041768 0.065072 0.092063 0.117182 0.134304 0.138828 0.125805 0.099734 0.068232 0.039462 0.018329 0.006857 0.001869 0.000317 0.000036 
t: 0.001380281690 start: 96 end: 122 0.000001 0.000002 0.000004 0.000019 0.000050 0.000158 0.000384 0.001001 0.002612 0.005421 0.011286 0.021063 0.036842 0.058886 0.085876 0.112629 0.132792 0.140616 0.131133 0.106952 0.075303 0.044610 0.021417 0.008164 0.002315 0.000421 0.000043 
t: 0.001346153846 start: 96 end: 122 0.000001 0.000001 0.000003 0.000017 0.000035 0.000115 0.000276 0.000770 0.002026 0.004519 0.009348 0.018110 0.032419 0.053333 0.079893 0.107611 0.130018 0.141672 0.135945 0.113536 0.082338 0.050158 0.024689 0.009738 0.002846 0.000523 0.000060 
t: 0.001313672922 start: 96 end: 122 0.000001 0.000001 0.000003 0.000011 0.000025 0.000077 0.000229 0.000564 0.001604 0.003669 0.007870 0.015415 0.028549 0.048078 0.073776 0.102312 0.127118 0.142363 0.139521 0.120235 0.088847 0.055904 0.028340 0.011309 0.003449 0.000660 0.000070 
t: 0.001282722513 start: 97 end: 122 0.000002 0.000000 0.000010 0.000017 0.000057 0.000174 0.000424 0.001248 0.003046 0.006553 0.013260 0.024996 0.043224 0.068156 0.096713 0.123464 0.141790 0.142972 0.126436 0.095590 0.061504 0.032265 0.013105 0.004090 0.000823 0.000081 
t: 0.001253196931 start: 97 end: 122 0.000001 0.000001 0.000007 0.000014 0.000038 0.000123 0.000348 0.000978 0.002423 0.005526 0.011384 0.021890 0.038790 0.062549 0.091540 0.119553 0.140579 0.145458 0.131898 0.102242 0.067304 0.036290 0.015129 0.004835 0.000992 0.000108 
t: 0.001225000000 start: 97 end: 122 0.000001 0.000001 0.000003 0.000010 0.000027 0.000093 0.000288 0.000788 0.001920 0.004554 0.009781 0.019170 0.034861 0.057295 0.086190 0.115208 0.138860 0.147357 0.136868 0.108551 0.073400 0.040450 0.017377 0.005644 0.001173 0.000130 
t: 0.001198044010 start: 97 end: 122 0.000001 0.000001 0.000002 0.000007 0.000024 0.000056 0.000219 0.000631 0.001580 0.003758 0.008331 0.016851 0.031030 0.052815 0.080710 0.110956 0.136473 0.148466 0.140949 0.115138 0.079383 0.044684 0.019831 0.006506 0.001436 0.000162 
t: 0.001172248804 start: 99 end: 122 0.000003 0.000006 0.000018 0.000044 0.000177 0.000485 0.001294 0.003087 0.007183 0.014744 0.027677 0.048315 0.075532 0.106367 0.134049 0.148721 0.144563 0.121320 0.085360 0.049385 0.022279 0.007505 0.001697 0.000189 
t: 0.001147540984 start: 99 end: 122 0.000003 0.000004 0.000011 0.000041 0.000129 0.000410 0.001037 0.002562 0.006048 0.012933 0.024717 0.044107 0.070663 0.101578 0.130964 0.148849 0.147772 0.127022 0.091369 0.054063 0.024895 0.008619 0.001984 0.000220 
t: 0.001123853211 start: 99 end: 122 0.000002 0.000004 0.000007 0.000033 0.000094 0.000315 0.000860 0.002126 0.005141 0.011206 0.022183 0.039968 0.066059 0.096767 0.127668 0.148388 0.150604 0.132293 0.097391 0.058693 0.027838 0.009744 0.002362 0.000254 
t: 0.001101123596 start: 99 end: 122 0.000001 0.000004 0.000006 0.000024 0.000075 0.000241 0.000691 0.001778 0.004402 0.009760 0.019828 0.036363 0.061482 0.092011 0.124054 0.147360 0.152964 0.137311 0.103089 0.063656 0.030890 0.010999 0.002713 0.000298 
t: 0.001079295154 start: 99 end: 122 0.000001 0.000003 0.000005 0.000021 0.000060 0.000186 0.000567 0.001484 0.003742 0.008471 0.017649 0.033044 0.057293 0.087259 0.120139 0.146166 0.154713 0.141896 0.108740 0.068693 0.034035 0.012405 0.003084 0.000344 
t: 0.001058315335 start: 99 end: 122 0.000001 0.000003 0.000002 0.000017 0.000043 0.000143 0.000481 0.001212 0.003269 0.007370 0.015643 0.029964 0.053150 0.082736 0.116266 0.144440 0.155959 0.146112 0.114396 0.073639 0.037348 0.013907 0.003498 0.000401 
t: 0.001038135593 start: 100 end: 122 0.000004 0.000001 0.000013 0.000037 0.000115 0.000397 0.000998 0.002744 0.006391 0.013989 0.027262 0.049275 0.078260 0.112333 0.142222 0.156805 0.149807 0.119786 0.078818 0.040792 0.015517 0.003972 0.000462 
t: 0.001018711019 start: 100 end: 122 0.000002 0.000003 0.000010 0.000034 0.000098 0.000323 0.000846 0.002304 0.005617 0.012415 0.024771 0.045594 0.073905 0.108132 0.139995 0.157203 0.153297 0.124970 0.083956 0.044295 0.017218 0.004473 0.000539 
t: 0.001000000000 start: 100 end: 122 0.000001 0.000002 0.000010 0.000021 0.000068 0.000279 0.000716 0.001993 0.004917 0.010949 0.022401 0.042207 0.069659 0.103849 0.137505 0.157315 0.156390 0.130013 0.089129 0.047954 0.018958 0.005052 0.000612 
