t: 0.059999999999 start: 13 end: 50 0.000001 0.000007 0.000036 0.000123 0.000516 0.001579 0.004321 0.010435 0.022029 0.040307 0.065395 0.094181 0.118000 0.133256 0.133085 0.119210 0.095772 0.068222 0.043918 0.025646 0.013312 0.006323 0.002759 0.001027 0.000379 0.000119 0.000036 0.000004 0.000001 0.000000 0.000001 0.000000 0.000000 0.000000 0.000000 0.000000 0.000000 0.000000 
t: 0.054545454544 start: 15 end: 53 0.000003 0.000012 0.000056 0.000216 0.000708 0.002132 0.005336 0.011789 0.023657 0.042093 0.066046 0.092135 0.114528 0.127874 0.129468 0.116481 0.094584 0.069705 0.046519 0.027798 0.015482 0.007721 0.003483 0.001382 0.000523 0.000193 0.000056 0.000017 0.000001 0.000001 0.000001 0.000000 0.000000 0.000000 0.000000 0.000000 0.000000 0.000000 0.000000 
t: 0.049999999999 start: 17 end: 55 0.000003 0.000024 0.000106 0.000358 0.001030 0.002818 0.006551 0.014119 0.026574 0.044892 0.067737 0.092378 0.113270 0.125027 0.124316 0.112150 0.093047 0.068675 0.046841 0.028725 0.016358 0.008260 0.003934 0.001772 0.000663 0.000258 0.000087 0.000017 0.000007 0.000002 0.000001 0.000000 0.000000 0.000000 0.000000 0.000000 0.000000 0.000000 0.000000 
t: 0.046153846153 start: 18 end: 56 0.000002 0.000003 0.000057 0.000168 0.000565 0.001480 0.003783 0.008504 0.016917 0.030459 0.049229 0.071390 0.093990 0.112676 0.121877 0.119741 0.108334 0.088898 0.066383 0.045113 0.028320 0.016299 0.008519 0.004198 0.001880 0.000738 0.000322 0.000118 0.000026 0.000009 0.000000 0.000002 0.000000 0.000000 0.000000 0.000000 0.000000 0.000000 0.000000 
t: 0.042857142857 start: 18 end: 58 0.000001 0.000000 0.000002 0.000023 0.000098 0.000304 0.000834 0.002271 0.005188 0.011062 0.020637 0.035112 0.054244 0.075956 0.097096 0.112711 0.119960 0.115558 0.103193 0.083368 0.061871 0.042772 0.026798 0.015446 0.008227 0.004128 0.001882 0.000759 0.000331 0.000115 0.000038 0.000010 0.000003 0.000002 0.000000 0.000000 0.000000 0.000000 0.000000 0.000000 0.000000 
t: 0.040000000000 start: 20 end: 61 0.000001 0.000001 0.000012 0.000051 0.000174 0.000535 0.001347 0.003352 0.007291 0.014386 0.025517 0.041189 0.060466 0.081393 0.100406 0.113178 0.117332 0.111231 0.096346 0.077215 0.057049 0.038714 0.024433 0.014144 0.007532 0.003748 0.001730 0.000728 0.000315 0.000127 0.000039 0.000014 0.000003 0.000001 0.000000 0.000000 0.000000 0.000000 0.000000 0.000000 0.000000 0.000000 
t: 0.037500000000 start: 21 end: 62 0.000001 0.000000 0.000010 0.000023 0.000123 0.000349 0.000920 0.002217 0.005038 0.010158 0.018783 0.031413 0.047969 0.067891 0.087236 0.104167 0.113541 0.113937 0.104311 0.089859 0.070657 0.050687 0.034361 0.021415 0.012378 0.006529 0.003392 0.001556 0.000670 0.000272 0.000086 0.000040 0.000008 0.000002 0.000001 0.000000 0.000000 0.000000 0.000000 0.000000 0.000000 0.000000 
t: 0.035294117647 start: 23 end: 65 0.000001 0.000008 0.000019 0.000062 0.000227 0.000635 0.001544 0.003561 0.007426 0.013949 0.024266 0.038831 0.056174 0.075399 0.093826 0.106937 0.112470 0.109234 0.097998 0.081936 0.062320 0.044609 0.029638 0.018136 0.010338 0.005524 0.002764 0.001267 0.000538 0.000230 0.000092 0.000023 0.000016 0.000001 0.000001 0.000000 0.000000 0.000000 0.000000 0.000000 0.000000 0.000000 0.000000 
t: 0.033333333333 start: 24 end: 66 0.000003 0.000005 0.000013 0.000047 0.000156 0.000445 0.001081 0.002609 0.005608 0.010686 0.019149 0.031147 0.047235 0.065245 0.083626 0.099297 0.108591 0.109999 0.103691 0.090037 0.072755 0.053955 0.038105 0.024856 0.014831 0.008475 0.004408 0.002207 0.001020 0.000439 0.000165 0.000079 0.000024 0.000008 0.000000 0.000003 0.000000 0.000000 0.000000 0.000000 0.000000 0.000000 0.000000 
t: 0.031578947368 start: 24 end: 69 0.000002 0.000001 0.000004 0.000004 0.000029 0.000123 0.000343 0.000849 0.002066 0.004198 0.008347 0.015388 0.025598 0.039499 0.056817 0.074596 0.091419 0.103156 0.108947 0.106369 0.095957 0.080754 0.063105 0.046231 0.031451 0.019880 0.011871 0.006582 0.003437 0.001681 0.000767 0.000320 0.000137 0.000046 0.000020 0.000004 0.000001 0.000000 0.000001 0.000000 0.000000 0.000000 0.000000 0.000000 0.000000 0.000000 
t: 0.030000000000 start: 25 end: 69 0.000001 0.000001 0.000000 0.000006 0.000023 0.000085 0.000269 0.000658 0.001552 0.003421 0.006788 0.012474 0.021588 0.033739 0.049263 0.066930 0.083663 0.097770 0.105909 0.106015 0.100601 0.087568 0.070428 0.053883 0.037878 0.025177 0.015670 0.009081 0.005037 0.002374 0.001246 0.000540 0.000251 0.000076 0.000022 0.000010 0.000002 0.000001 0.000000 0.000000 0.000000 0.000000 0.000000 0.000000 0.000000 
t: 0.028571428571 start: 26 end: 69 0.000001 0.000000 0.000000 0.000005 0.000021 0.000070 0.000203 0.000556 0.001302 0.002806 0.005560 0.010515 0.018235 0.029360 0.043460 0.060174 0.077232 0.092156 0.101973 0.105415 0.102411 0.091962 0.077059 0.060414 0.043862 0.030431 0.019646 0.011709 0.006685 0.003605 0.001673 0.000848 0.000414 0.000159 0.000056 0.000015 0.000006 0.000001 0.000000 0.000000 0.000000 0.000000 0.000000 0.000000 
t: 0.027272727273 start: 30 end: 73 0.000010 0.000019 0.000064 0.000156 0.000472 0.001083 0.002442 0.004834 0.008982 0.015989 0.025790 0.038806 0.054518 0.071315 0.086618 0.098416 0.103785 0.102875 0.095109 0.082177 0.065632 0.049841 0.035315 0.023329 0.014615 0.008458 0.004794 0.002421 0.001204 0.000555 0.000229 0.000094 0.000041 0.000008 0.000003 0.000001 0.000000 0.000000 0.000000 0.000000 0.000000 0.000000 0.000000 0.000000 
t: 0.026086956522 start: 30 end: 74 0.000002 0.000005 0.000016 0.000051 0.000174 0.000413 0.000938 0.002067 0.004240 0.007894 0.014060 0.023157 0.035012 0.050441 0.066052 0.082239 0.094254 0.101855 0.102795 0.097311 0.085247 0.070598 0.054556 0.039702 0.027110 0.017269 0.010557 0.005946 0.003121 0.001603 0.000776 0.000349 0.000109 0.000057 0.000015 0.000006 0.000003 0.000000 0.000000 0.000000 0.000000 0.000000 0.000000 0.000000 0.000000 
t: 0.025000000000 start: 31 end: 76 0.000002 0.000007 0.000013 0.000055 0.000117 0.000331 0.000872 0.001806 0.003818 0.007159 0.012748 0.021031 0.032560 0.046177 0.062356 0.077825 0.090762 0.099835 0.102620 0.097652 0.087957 0.074213 0.058707 0.043615 0.030386 0.020170 0.012220 0.007249 0.003933 0.002022 0.001007 0.000477 0.000185 0.000074 0.000024 0.000012 0.000002 0.000001 0.000000 0.000000 0.000000 0.000000 0.000000 0.000000 0.000000 0.000000 
t: 0.024000000000 start: 32 end: 77 0.000001 0.000004 0.000015 0.000039 0.000132 0.000297 0.000792 0.001686 0.003508 0.006638 0.011657 0.019612 0.029923 0.043784 0.059139 0.074299 0.087592 0.097747 0.101258 0.097831 0.089784 0.077164 0.062416 0.047084 0.033249 0.022477 0.013957 0.008454 0.004771 0.002433 0.001291 0.000556 0.000249 0.000107 0.000036 0.000012 0.000004 0.000002 0.000000 0.000000 0.000000 0.000000 0.000000 0.000000 0.000000 0.000000 
t: 0.023076923077 start: 33 end: 79 0.000002 0.000005 0.000010 0.000035 0.000123 0.000303 0.000728 0.001590 0.003254 0.006153 0.011088 0.018243 0.028503 0.041523 0.056667 0.071372 0.085024 0.095243 0.100120 0.098741 0.090906 0.079183 0.064518 0.049480 0.036408 0.024502 0.015826 0.009364 0.005444 0.002944 0.001481 0.000724 0.000299 0.000116 0.000058 0.000015 0.000002 0.000002 0.000001 0.000000 0.000000 0.000000 0.000000 0.000000 0.000000 0.000000 0.000000 
t: 0.022222222222 start: 33 end: 80 0.000002 0.000001 0.000002 0.000006 0.000046 0.000112 0.000302 0.000679 0.001552 0.003152 0.006056 0.010449 0.017401 0.027348 0.040157 0.054367 0.069319 0.082898 0.093601 0.098355 0.098538 0.091984 0.080536 0.066434 0.052120 0.038268 0.026052 0.017211 0.010404 0.006102 0.003360 0.001684 0.000889 0.000369 0.000159 0.000054 0.000017 0.000010 0.000002 0.000002 0.000000 0.000000 0.000000 0.000000 0.000000 0.000000 0.000000 0.000000 
t: 0.021428571428 start: 35 end: 80 0.000001 0.000005 0.000011 0.000044 0.000113 0.000286 0.000677 0.001515 0.003186 0.005814 0.010113 0.016924 0.026872 0.038683 0.053219 0.067428 0.081750 0.091829 0.097704 0.097922 0.091833 0.081607 0.068043 0.053519 0.039625 0.027677 0.018148 0.011475 0.006665 0.003658 0.001968 0.000919 0.000439 0.000217 0.000075 0.000019 0.000013 0.000004 0.000000 0.000000 0.000000 0.000000 0.000000 0.000000 0.000000 0.000000 
t: 0.020689655172 start: 37 end: 82 0.000005 0.000015 0.000044 0.000104 0.000326 0.000649 0.001601 0.003159 0.005712 0.010116 0.017039 0.025896 0.038346 0.052139 0.066613 0.079998 0.090809 0.097139 0.097007 0.092357 0.081717 0.068950 0.054349 0.040898 0.028713 0.019023 0.012129 0.007168 0.003960 0.002134 0.001012 0.000515 0.000218 0.000083 0.000038 0.000013 0.000005 0.000001 0.000000 0.000000 0.000000 0.000000 0.000000 0.000000 0.000000 0.000000 
t: 0.020000000000 start: 37 end: 83 0.000002 0.000008 0.000012 0.000040 0.000132 0.000302 0.000729 0.001700 0.003096 0.005838 0.010353 0.016952 0.025964 0.038113 0.051541 0.065684 0.079289 0.090188 0.095768 0.097226 0.092033 0.081381 0.069256 0.055107 0.041694 0.029310 0.019785 0.012539 0.007574 0.004124 0.002217 0.001092 0.000544 0.000229 0.000118 0.000039 0.000014 0.000006 0.000001 0.000000 0.000000 0.000000 0.000000 0.000000 0.000000 0.000000 0.000000 
t: 0.019354838710 start: 37 end: 83 0.000001 0.000001 0.000008 0.000012 0.000054 0.000126 0.000342 0.000822 0.001679 0.003286 0.006030 0.010433 0.017095 0.026279 0.038112 0.051456 0.065758 0.079194 0.089065 0.095718 0.096645 0.090897 0.081510 0.068892 0.055721 0.041818 0.029725 0.020202 0.012782 0.007592 0.004335 0.002233 0.001146 0.000571 0.000282 0.000105 0.000041 0.000024 0.000008 0.000000 0.000000 0.000000 0.000000 0.000000 0.000000 0.000000 0.000000 
t: 0.018750000000 start: 39 end: 84 0.000003 0.000006 0.000018 0.000053 0.000154 0.000380 0.000863 0.001781 0.003489 0.006316 0.010783 0.017623 0.026781 0.038528 0.052074 0.065911 0.079124 0.088710 0.095164 0.095741 0.090481 0.080881 0.068712 0.055389 0.041656 0.029674 0.020148 0.012911 0.007680 0.004375 0.002323 0.001208 0.000583 0.000284 0.000109 0.000054 0.000023 0.000007 0.000000 0.000000 0.000000 0.000000 0.000000 0.000000 0.000000 0.000000 
t: 0.018181818182 start: 40 end: 85 0.000004 0.000010 0.000019 0.000073 0.000195 0.000406 0.000935 0.001954 0.003647 0.006547 0.011436 0.018341 0.027602 0.039594 0.052720 0.066655 0.078763 0.089121 0.094659 0.094817 0.089540 0.080762 0.067722 0.054816 0.040851 0.029667 0.019786 0.012651 0.007697 0.004437 0.002292 0.001215 0.000605 0.000249 0.000131 0.000053 0.000022 0.000006 0.000000 0.000000 0.000000 0.000000 0.000000 0.000000 0.000000 0.000000 
t: 0.017647058823 start: 40 end: 87 0.000001 0.000006 0.000008 0.000042 0.000077 0.000207 0.000490 0.001046 0.002081 0.003947 0.007095 0.011905 0.019194 0.028802 0.040760 0.054083 0.067246 0.079610 0.089091 0.094272 0.093946 0.089373 0.079272 0.067045 0.053290 0.040084 0.028821 0.019463 0.012406 0.007563 0.004257 0.002283 0.001202 0.000604 0.000238 0.000116 0.000052 0.000018 0.000002 0.000002 0.000000 0.000000 0.000000 0.000000 0.000000 0.000000 0.000000 0.000000 
t: 0.017142857143 start: 41 end: 88 0.000003 0.000002 0.000014 0.000050 0.000095 0.000231 0.000551 0.001169 0.002347 0.004273 0.007606 0.012871 0.020383 0.030034 0.042317 0.055138 0.068501 0.080158 0.089905 0.093840 0.093657 0.087946 0.077983 0.065459 0.051874 0.038986 0.027985 0.018957 0.011993 0.007260 0.004084 0.002175 0.001155 0.000580 0.000254 0.000100 0.000040 0.000018 0.000004 0.000002 0.000000 0.000000 0.000000 0.000000 0.000000 0.000000 0.000000 0.000000 
t: 0.016666666667 start: 43 end: 89 0.000005 0.000015 0.000058 0.000117 0.000274 0.000652 0.001321 0.002620 0.004742 0.008254 0.014045 0.021518 0.032026 0.043405 0.057192 0.070079 0.081463 0.089956 0.094056 0.092869 0.086477 0.075860 0.063692 0.050568 0.037356 0.027002 0.018032 0.011505 0.006927 0.003833 0.002058 0.001121 0.000531 0.000195 0.000102 0.000055 0.000013 0.000003 0.000003 0.000000 0.000000 0.000000 0.000000 0.000000 0.000000 0.000000 0.000000 
t: 0.016216216216 start: 43 end: 90 0.000001 0.000006 0.000022 0.000056 0.000142 0.000344 0.000729 0.001506 0.002923 0.005285 0.009410 0.015094 0.023086 0.033607 0.045866 0.058712 0.071738 0.082750 0.091088 0.093637 0.091973 0.084705 0.074016 0.061870 0.048410 0.035786 0.025466 0.017019 0.010953 0.006426 0.003652 0.001903 0.000996 0.000465 0.000202 0.000100 0.000039 0.000009 0.000007 0.000000 0.000001 0.000000 0.000000 0.000000 0.000000 0.000000 0.000000 0.000000 
t: 0.015789473684 start: 44 end: 91 0.000004 0.000009 0.000026 0.000080 0.000162 0.000407 0.000890 0.001684 0.003381 0.006018 0.010322 0.016428 0.025037 0.035662 0.047883 0.061281 0.073685 0.084667 0.091120 0.093312 0.090780 0.082804 0.072047 0.059425 0.046065 0.034042 0.024089 0.016053 0.009881 0.005963 0.003337 0.001785 0.000916 0.000419 0.000213 0.000069 0.000030 0.000018 0.000003 0.000003 0.000000 0.000000 0.000000 0.000000 0.000000 0.000000 0.000000 0.000000 
t: 0.015384615385 start: 44 end: 92 0.000001 0.000005 0.000014 0.000031 0.000095 0.000228 0.000465 0.001010 0.002029 0.003862 0.006798 0.011607 0.018078 0.027085 0.038005 0.050333 0.063572 0.075945 0.086046 0.091676 0.093362 0.089119 0.080946 0.069584 0.056433 0.043672 0.032157 0.022528 0.014545 0.009213 0.005462 0.003008 0.001601 0.000793 0.000400 0.000177 0.000066 0.000032 0.000012 0.000003 0.000002 0.000000 0.000000 0.000000 0.000000 0.000000 0.000000 0.000000 0.000000 
t: 0.015000000000 start: 45 end: 92 0.000003 0.000005 0.000019 0.000043 0.000122 0.000264 0.000568 0.001229 0.002393 0.004452 0.007864 0.013013 0.019986 0.029559 0.040550 0.053210 0.066248 0.078209 0.087028 0.092369 0.092395 0.087728 0.078406 0.066931 0.053694 0.041023 0.029936 0.020765 0.013485 0.008239 0.004905 0.002668 0.001399 0.000697 0.000346 0.000146 0.000060 0.000033 0.000005 0.000005 0.000000 0.000000 0.000000 0.000000 0.000000 0.000000 0.000000 0.000000 
t: 0.014634146341 start: 45 end: 93 0.000001 0.000002 0.000013 0.000022 0.000061 0.000150 0.000337 0.000727 0.001478 0.002875 0.005209 0.009005 0.014686 0.022145 0.031832 0.043726 0.056328 0.069086 0.080441 0.088641 0.092802 0.091344 0.085016 0.075897 0.063711 0.051004 0.038386 0.027875 0.018821 0.011993 0.007281 0.004308 0.002405 0.001272 0.000639 0.000283 0.000104 0.000067 0.000017 0.000005 0.000005 0.000000 0.000000 0.000000 0.000000 0.000000 0.000000 0.000000 0.000000 
t: 0.014285714286 start: 46 end: 94 0.000003 0.000004 0.000014 0.000029 0.000081 0.000180 0.000441 0.000894 0.001834 0.003348 0.006217 0.010450 0.016476 0.024529 0.034763 0.046928 0.059495 0.072152 0.083023 0.089735 0.092454 0.089761 0.082847 0.072739 0.060611 0.047610 0.035867 0.025465 0.016897 0.010803 0.006568 0.003726 0.002067 0.001051 0.000524 0.000237 0.000108 0.000045 0.000017 0.000006 0.000001 0.000000 0.000000 0.000000 0.000000 0.000000 0.000000 0.000000 0.000000 
t: 0.013953488372 start: 46 end: 95 0.000002 0.000001 0.000006 0.000016 0.000053 0.000093 0.000258 0.000513 0.001113 0.002165 0.004166 0.007173 0.012134 0.018479 0.027422 0.038283 0.050086 0.063091 0.075025 0.085163 0.090519 0.092041 0.088266 0.080220 0.069528 0.057000 0.044298 0.032779 0.023193 0.015053 0.009590 0.005589 0.003303 0.001736 0.000874 0.000446 0.000176 0.000097 0.000030 0.000014 0.000005 0.000001 0.000000 0.000000 0.000000 0.000000 0.000000 0.000000 0.000000 0.000000 
t: 0.013636363636 start: 47 end: 96 0.000002 0.000003 0.000008 0.000032 0.000056 0.000144 0.000309 0.000670 0.001397 0.002741 0.004974 0.008597 0.013662 0.020746 0.030599 0.041877 0.053836 0.066704 0.078311 0.086819 0.091305 0.091092 0.086188 0.077461 0.065429 0.053328 0.041083 0.029901 0.020543 0.013522 0.008220 0.004873 0.002817 0.001382 0.000745 0.000348 0.000169 0.000064 0.000029 0.000011 0.000002 0.000000 0.000001 0.000000 0.000000 0.000000 0.000000 0.000000 0.000000 0.000000 
t: 0.013333333333 start: 48 end: 97 0.000002 0.000006 0.000011 0.000033 0.000099 0.000175 0.000419 0.000872 0.001767 0.003286 0.006018 0.010031 0.015717 0.023790 0.033849 0.045542 0.058129 0.070258 0.081050 0.088494 0.091664 0.090126 0.083746 0.073496 0.061737 0.049716 0.037528 0.026564 0.018350 0.011781 0.006989 0.004169 0.002291 0.001178 0.000583 0.000315 0.000121 0.000064 0.000019 0.000012 0.000002 0.000000 0.000001 0.000000 0.000000 0.000000 0.000000 0.000000 0.000000 0.000000 
t: 0.013043478261 start: 48 end: 99 0.000001 0.000004 0.000005 0.000016 0.000049 0.000113 0.000267 0.000555 0.001130 0.002272 0.004065 0.007180 0.011661 0.018229 0.026905 0.037673 0.049501 0.062601 0.073765 0.083554 0.090018 0.091439 0.088041 0.080536 0.070097 0.057981 0.045605 0.033564 0.023990 0.016011 0.009972 0.006039 0.003447 0.001871 0.000923 0.000528 0.000224 0.000092 0.000041 0.000025 0.000006 0.000001 0.000002 0.000001 0.000000 0.000000 0.000000 0.000000 0.000000 0.000000 0.000000 0.000000 
t: 0.012765957447 start: 49 end: 99 0.000004 0.000001 0.000010 0.000029 0.000063 0.000153 0.000355 0.000730 0.001507 0.002717 0.005168 0.008497 0.013755 0.021028 0.030277 0.041614 0.054251 0.066328 0.077460 0.086265 0.090551 0.090690 0.085931 0.077234 0.065828 0.053779 0.041207 0.030428 0.021101 0.013560 0.008579 0.005049 0.002906 0.001476 0.000764 0.000411 0.000171 0.000064 0.000033 0.000020 0.000001 0.000004 0.000001 0.000000 0.000000 0.000000 0.000000 0.000000 0.000000 0.000000 0.000000 
t: 0.012500000000 start: 49 end: 99 0.000002 0.000002 0.000005 0.000010 0.000043 0.000105 0.000204 0.000444 0.001010 0.001912 0.003443 0.006280 0.010244 0.016169 0.024224 0.034010 0.046260 0.058382 0.070505 0.080764 0.088650 0.090734 0.089225 0.083482 0.072991 0.061469 0.049633 0.037058 0.026970 0.018193 0.011462 0.007223 0.004257 0.002340 0.001166 0.000597 0.000315 0.000121 0.000051 0.000031 0.000007 0.000006 0.000000 0.000001 0.000000 0.000000 0.000000 0.000000 0.000000 0.000000 0.000000 
t: 0.012244897959 start: 49 end: 100 0.000001 0.000002 0.000003 0.000006 0.000024 0.000057 0.000133 0.000282 0.000613 0.001311 0.002395 0.004506 0.007528 0.012321 0.018980 0.027811 0.038425 0.050652 0.062727 0.074942 0.084113 0.089240 0.090564 0.087727 0.080108 0.068600 0.057291 0.044655 0.033075 0.023525 0.015513 0.009886 0.005983 0.003370 0.001818 0.000935 0.000499 0.000212 0.000102 0.000034 0.000016 0.000009 0.000005 0.000000 0.000001 0.000000 0.000000 0.000000 0.000000 0.000000 0.000000 0.000000 
t: 0.012000000000 start: 50 end: 102 0.000001 0.000002 0.000002 0.000017 0.000029 0.000083 0.000179 0.000397 0.000861 0.001692 0.003155 0.005526 0.009307 0.014714 0.022144 0.031847 0.043030 0.054909 0.068005 0.078812 0.086725 0.090250 0.089627 0.084921 0.075765 0.064713 0.052306 0.039996 0.028923 0.020410 0.013071 0.008278 0.004786 0.002678 0.001495 0.000720 0.000364 0.000144 0.000065 0.000026 0.000019 0.000002 0.000002 0.000001 0.000001 0.000000 0.000000 0.000000 0.000000 0.000000 0.000000 0.000000 0.000000 
t: 0.011764705882 start: 52 end: 102 0.000004 0.000009 0.000015 0.000046 0.000115 0.000254 0.000582 0.001099 0.002259 0.003942 0.006915 0.011338 0.017606 0.025836 0.036352 0.047405 0.060330 0.072719 0.082019 0.088377 0.090335 0.088365 0.081795 0.071401 0.059720 0.047217 0.035542 0.025216 0.017305 0.011085 0.006715 0.003853 0.002142 0.001050 0.000566 0.000277 0.000105 0.000047 0.000022 0.000015 0.000002 0.000002 0.000001 0.000000 0.000000 0.000000 0.000000 0.000000 0.000000 0.000000 0.000000 
t: 0.011538461538 start: 53 end: 102 0.000008 0.000010 0.000032 0.000063 0.000153 0.000370 0.000774 0.001525 0.002801 0.005110 0.008781 0.013626 0.020792 0.029890 0.040718 0.053050 0.065667 0.076177 0.085382 0.089856 0.090046 0.086033 0.077622 0.066813 0.054512 0.042234 0.030902 0.021849 0.014502 0.009079 0.005423 0.003022 0.001600 0.000837 0.000416 0.000186 0.000081 0.000032 0.000018 0.000005 0.000001 0.000002 0.000000 0.000000 0.000000 0.000000 0.000000 0.000000 0.000000 0.000000 
t: 0.011320754717 start: 53 end: 102 0.000004 0.000007 0.000021 0.000037 0.000095 0.000230 0.000520 0.001048 0.001989 0.003716 0.006514 0.010656 0.016584 0.024329 0.034136 0.046120 0.058416 0.070454 0.080765 0.087386 0.090514 0.088938 0.082647 0.072964 0.062032 0.048996 0.037368 0.026819 0.018464 0.011909 0.007344 0.004242 0.002375 0.001233 0.000615 0.000311 0.000107 0.000058 0.000020 0.000012 0.000003 0.000000 0.000002 0.000000 0.000000 0.000000 0.000000 0.000000 0.000000 0.000000 
t: 0.011111111111 start: 53 end: 103 0.000003 0.000003 0.000016 0.000026 0.000061 0.000140 0.000344 0.000707 0.001429 0.002634 0.004774 0.008202 0.013056 0.019862 0.028537 0.039293 0.051286 0.063880 0.075428 0.083680 0.088995 0.090769 0.086120 0.079073 0.068518 0.056314 0.043730 0.032571 0.022699 0.015378 0.009784 0.005839 0.003366 0.001796 0.000879 0.000453 0.000205 0.000093 0.000031 0.000014 0.000007 0.000003 0.000002 0.000000 0.000000 0.000000 0.000000 0.000000 0.000000 0.000000 0.000000 
t: 0.010909090909 start: 53 end: 104 0.000001 0.000004 0.000008 0.000018 0.000040 0.000098 0.000230 0.000474 0.001024 0.001893 0.003468 0.006079 0.010293 0.016029 0.023678 0.033040 0.044401 0.057194 0.069501 0.079196 0.086475 0.090298 0.089182 0.083417 0.074390 0.063496 0.050400 0.038581 0.027689 0.019256 0.012627 0.007879 0.004542 0.002526 0.001340 0.000676 0.000313 0.000148 0.000058 0.000018 0.000011 0.000005 0.000003 0.000001 0.000000 0.000000 0.000000 0.000000 0.000000 0.000000 0.000000 0.000000 
t: 0.010714285714 start: 54 end: 104 0.000001 0.000008 0.000011 0.000021 0.000061 0.000130 0.000332 0.000714 0.001339 0.002608 0.004541 0.007831 0.012672 0.019340 0.027818 0.038287 0.050475 0.062770 0.074160 0.083110 0.088718 0.090115 0.087165 0.079416 0.069625 0.057268 0.045213 0.033128 0.023650 0.015981 0.010162 0.006118 0.003505 0.001870 0.000987 0.000471 0.000226 0.000084 0.000043 0.000011 0.000010 0.000002 0.000003 0.000000 0.000000 0.000000 0.000000 0.000000 0.000000 0.000000 0.000000 
t: 0.010526315789 start: 55 end: 105 0.000004 0.000009 0.000016 0.000036 0.000087 0.000214 0.000487 0.000945 0.001901 0.003407 0.006063 0.009797 0.015657 0.023091 0.032688 0.043719 0.056432 0.068225 0.078810 0.086436 0.089930 0.088977 0.083964 0.075498 0.063509 0.051573 0.039031 0.028636 0.019748 0.013057 0.008073 0.004667 0.002663 0.001338 0.000725 0.000354 0.000121 0.000070 0.000025 0.000009 0.000004 0.000002 0.000002 0.000000 0.000000 0.000000 0.000000 0.000000 0.000000 0.000000 0.000000 
t: 0.010344827586 start: 55 end: 106 0.000002 0.000004 0.000017 0.000024 0.000054 0.000146 0.000336 0.000663 0.001403 0.002498 0.004578 0.007676 0.012485 0.018951 0.027493 0.038059 0.049697 0.062126 0.074078 0.082677 0.088440 0.090116 0.087071 0.080430 0.069642 0.057984 0.045193 0.033845 0.024162 0.016187 0.010286 0.006267 0.003621 0.001896 0.001018 0.000494 0.000220 0.000093 0.000041 0.000017 0.000004 0.000002 0.000003 0.000001 0.000000 0.000000 0.000000 0.000000 0.000000 0.000000 0.000000 0.000000 
t: 0.010169491525 start: 55 end: 106 0.000001 0.000001 0.000010 0.000020 0.000039 0.000084 0.000228 0.000438 0.001011 0.001941 0.003391 0.005875 0.009882 0.015515 0.022943 0.032543 0.043932 0.055638 0.068219 0.078486 0.086318 0.089830 0.089233 0.084173 0.075147 0.064074 0.051486 0.039540 0.028968 0.019801 0.012914 0.008076 0.004941 0.002636 0.001392 0.000670 0.000343 0.000152 0.000070 0.000020 0.000010 0.000003 0.000002 0.000004 0.000000 0.000000 0.000000 0.000000 0.000000 0.000000 0.000000 0.000000 
t: 0.010000000000 start: 56 end: 106 0.000002 0.000003 0.000010 0.000032 0.000057 0.000151 0.000313 0.000693 0.001412 0.002645 0.004530 0.007642 0.012511 0.018931 0.027807 0.037946 0.049863 0.062294 0.073492 0.083043 0.088410 0.090073 0.087579 0.079859 0.069634 0.057613 0.045376 0.034146 0.023958 0.016050 0.010334 0.006309 0.003502 0.001940 0.000972 0.000486 0.000219 0.000096 0.000042 0.000016 0.000002 0.000002 0.000005 0.000000 0.000000 0.000000 0.000000 0.000000 0.000000 0.000000 0.000000 
t: 0.008448275866 start: 61 end: 111 0.000001 0.000005 0.000014 0.000030 0.000086 0.000172 0.000416 0.000788 0.001610 0.002984 0.005022 0.008511 0.013612 0.020079 0.029522 0.039617 0.051568 0.064041 0.075724 0.084297 0.089469 0.090603 0.086046 0.078573 0.068324 0.055563 0.043355 0.031969 0.022352 0.014761 0.009231 0.005443 0.003089 0.001645 0.000785 0.000410 0.000178 0.000065 0.000022 0.000012 0.000004 0.000001 0.000001 0.000000 0.000000 0.000000 0.000000 0.000000 0.000000 0.000000 0.000000 
t: 0.007313432839 start: 64 end: 114 0.000001 0.000002 0.000006 0.000010 0.000034 0.000074 0.000183 0.000412 0.000840 0.001588 0.002930 0.005186 0.008633 0.013713 0.020733 0.029632 0.040351 0.052356 0.065043 0.076070 0.085121 0.090371 0.090795 0.087163 0.078693 0.067135 0.055148 0.042581 0.030752 0.021309 0.014134 0.008608 0.004980 0.002801 0.001382 0.000684 0.000328 0.000137 0.000057 0.000015 0.000006 0.000002 0.000001 0.000000 0.000000 0.000000 0.000000 0.000000 0.000000 0.000000 0.000000 
t: 0.006447368423 start: 67 end: 117 0.000001 0.000002 0.000009 0.000005 0.000025 0.000061 0.000135 0.000303 0.000671 0.001255 0.002419 0.004340 0.007327 0.011888 0.018087 0.026703 0.037127 0.048706 0.061857 0.073779 0.083817 0.089836 0.092449 0.089293 0.082106 0.071327 0.058305 0.045711 0.033377 0.023338 0.015189 0.009356 0.005505 0.002925 0.001483 0.000748 0.000332 0.000138 0.000045 0.000013 0.000003 0.000002 0.000002 0.000000 0.000000 0.000000 0.000000 0.000000 0.000000 0.000000 0.000000 
t: 0.005764705884 start: 70 end: 118 0.000001 0.000004 0.000003 0.000007 0.000033 0.000073 0.000163 0.000344 0.000726 0.001444 0.002611 0.004595 0.007992 0.012769 0.019499 0.028499 0.039393 0.051950 0.064951 0.077184 0.086272 0.092355 0.093394 0.088895 0.080261 0.068584 0.055848 0.042247 0.030109 0.020434 0.012977 0.007807 0.004320 0.002229 0.001166 0.000534 0.000223 0.000070 0.000021 0.000010 0.000003 0.000000 0.000000 0.000000 0.000000 0.000000 0.000000 0.000000 0.000000 
t: 0.005212765959 start: 72 end: 119 0.000001 0.000000 0.000006 0.000006 0.000020 0.000042 0.000103 0.000222 0.000518 0.000996 0.001986 0.003597 0.006298 0.010342 0.016319 0.024405 0.034905 0.046968 0.060873 0.073145 0.084080 0.092284 0.094568 0.092268 0.085231 0.073620 0.060597 0.046634 0.033823 0.023004 0.014658 0.008724 0.004871 0.002659 0.001345 0.000532 0.000217 0.000105 0.000018 0.000009 0.000001 0.000000 0.000000 0.000000 0.000000 0.000000 0.000000 0.000000 
t: 0.004757281555 start: 75 end: 122 0.000001 0.000001 0.000005 0.000016 0.000040 0.000093 0.000210 0.000449 0.000907 0.001665 0.003327 0.005905 0.009776 0.015748 0.023430 0.033729 0.046353 0.059787 0.073268 0.085345 0.092757 0.096102 0.094401 0.086133 0.074946 0.060907 0.046773 0.033868 0.022849 0.014143 0.008367 0.004591 0.002334 0.001039 0.000484 0.000160 0.000063 0.000023 0.000004 0.000001 0.000000 0.000000 0.000000 0.000000 0.000000 0.000000 0.000000 0.000000 
t: 0.004375000001 start: 76 end: 122 0.000001 0.000001 0.000000 0.000005 0.000019 0.000046 0.000096 0.000220 0.000472 0.000913 0.001842 0.003476 0.006337 0.010326 0.016661 0.025077 0.036045 0.048662 0.062662 0.077154 0.088152 0.095179 0.097412 0.094972 0.084773 0.072376 0.058233 0.043403 0.030321 0.019970 0.012052 0.006737 0.003525 0.001669 0.000754 0.000309 0.000108 0.000028 0.000011 0.000001 0.000000 0.000000 0.000000 0.000000 0.000000 0.000000 0.000000 
t: 0.004049586778 start: 80 end: 124 0.000004 0.000006 0.000019 0.000058 0.000118 0.000271 0.000576 0.001148 0.002340 0.004186 0.007423 0.012312 0.019292 0.029063 0.040890 0.054430 0.069357 0.082586 0.093051 0.098654 0.098444 0.091947 0.081355 0.066971 0.051163 0.036889 0.024708 0.015401 0.008818 0.004703 0.002190 0.001010 0.000401 0.000159 0.000044 0.000010 0.000003 0.000000 0.000000 0.000000 0.000000 0.000000 0.000000 0.000000 0.000000 
t: 0.003769230770 start: 82 end: 124 0.000003 0.000012 0.000021 0.000092 0.000161 0.000418 0.000810 0.001622 0.003115 0.005627 0.009774 0.015614 0.024296 0.035602 0.048661 0.063661 0.077919 0.090397 0.098400 0.100512 0.096656 0.087003 0.073672 0.057462 0.041851 0.028654 0.017568 0.010396 0.005572 0.002599 0.001101 0.000502 0.000185 0.000040 0.000017 0.000004 0.000001 0.000000 0.000000 0.000000 0.000000 0.000000 0.000000 
t: 0.003525179857 start: 83 end: 124 0.000001 0.000006 0.000013 0.000067 0.000101 0.000275 0.000620 0.001315 0.002415 0.004608 0.008062 0.013577 0.021573 0.031644 0.045074 0.059832 0.074522 0.088846 0.098109 0.102457 0.099813 0.091256 0.077686 0.061406 0.044791 0.030966 0.019192 0.011145 0.006013 0.002668 0.001230 0.000489 0.000171 0.000040 0.000014 0.000003 0.000000 0.000000 0.000000 0.000000 0.000000 0.000000 
t: 0.003310810811 start: 84 end: 124 0.000002 0.000006 0.000014 0.000034 0.000087 0.000242 0.000513 0.001047 0.002090 0.003930 0.007196 0.012240 0.019753 0.029660 0.042830 0.058115 0.073478 0.087696 0.099020 0.103293 0.101946 0.094235 0.079978 0.063316 0.046848 0.031457 0.019535 0.011203 0.005811 0.002673 0.001110 0.000471 0.000126 0.000032 0.000012 0.000001 0.000000 0.000000 0.000000 0.000000 0.000000 
t: 0.003121019109 start: 85 end: 124 0.000001 0.000001 0.000010 0.000031 0.000075 0.000210 0.000471 0.000968 0.001893 0.003640 0.006766 0.011608 0.019020 0.029089 0.042287 0.056933 0.073708 0.088782 0.100302 0.104573 0.103479 0.095534 0.081025 0.063914 0.046434 0.030728 0.018906 0.010399 0.005337 0.002401 0.000966 0.000368 0.000108 0.000029 0.000004 0.000000 0.000000 0.000000 0.000000 0.000000 
t: 0.002951807229 start: 87 end: 124 0.000004 0.000010 0.000026 0.000065 0.000177 0.000464 0.000947 0.001844 0.003561 0.006615 0.011543 0.019131 0.029549 0.042687 0.058276 0.075730 0.090746 0.101642 0.106675 0.104978 0.095034 0.080476 0.062471 0.044384 0.028916 0.017229 0.009250 0.004525 0.001907 0.000800 0.000251 0.000066 0.000015 0.000005 0.000001 0.000000 0.000000 0.000000 
t: 0.002800000000 start: 87 end: 124 0.000001 0.000001 0.000015 0.000031 0.000065 0.000208 0.000440 0.000948 0.001941 0.003668 0.006778 0.012196 0.019905 0.030827 0.044783 0.061196 0.078339 0.093501 0.104492 0.109103 0.105058 0.094217 0.077908 0.059210 0.040933 0.026021 0.014843 0.007633 0.003543 0.001466 0.000535 0.000148 0.000036 0.000008 0.000002 0.000000 0.000001 0.000000 
t: 0.002663043479 start: 88 end: 124 0.000001 0.000003 0.000009 0.000042 0.000087 0.000214 0.000510 0.001011 0.002038 0.004021 0.007409 0.013083 0.021612 0.033337 0.048044 0.065195 0.082089 0.097942 0.107998 0.110057 0.104965 0.091405 0.073907 0.054206 0.036616 0.022092 0.012222 0.005922 0.002576 0.000971 0.000314 0.000083 0.000013 0.000004 0.000001 0.000001 0.000000 
t: 0.002538860104 start: 90 end: 124 0.000004 0.000013 0.000049 0.000111 0.000235 0.000537 0.001178 0.002340 0.004474 0.008430 0.014847 0.024060 0.036634 0.052666 0.070466 0.087657 0.102476 0.111136 0.111052 0.102723 0.087544 0.068094 0.048203 0.031018 0.018086 0.009239 0.004270 0.001675 0.000568 0.000167 0.000037 0.000008 0.000001 0.000002 0.000000 
t: 0.002425742574 start: 91 end: 124 0.000005 0.000020 0.000065 0.000120 0.000282 0.000662 0.001319 0.002746 0.005395 0.009919 0.017186 0.027347 0.041240 0.058437 0.077001 0.094516 0.107667 0.113424 0.110341 0.099124 0.081537 0.060757 0.041207 0.025160 0.013761 0.006556 0.002847 0.000960 0.000308 0.000075 0.000012 0.000001 0.000003 0.000000 
t: 0.002322274882 start: 91 end: 124 0.000002 0.000002 0.000020 0.000065 0.000179 0.000326 0.000816 0.001661 0.003396 0.006404 0.012190 0.020129 0.031974 0.047626 0.065502 0.084634 0.101288 0.112479 0.114787 0.108153 0.093456 0.073707 0.052081 0.033540 0.019122 0.009813 0.004383 0.001581 0.000525 0.000130 0.000025 0.000001 0.000003 0.000000 
t: 0.002227272727 start: 93 end: 124 0.000008 0.000036 0.000074 0.000196 0.000474 0.001036 0.002171 0.004154 0.008249 0.014763 0.024387 0.037711 0.054892 0.074600 0.093120 0.108108 0.115925 0.114526 0.103755 0.085536 0.063709 0.043109 0.025695 0.013770 0.006349 0.002500 0.000863 0.000226 0.000051 0.000004 0.000003 0.000000 
t: 0.002139737991 start: 93 end: 124 0.000003 0.000015 0.000037 0.000099 0.000262 0.000656 0.001423 0.002743 0.005590 0.010409 0.018467 0.029843 0.045058 0.064179 0.083947 0.101634 0.114690 0.117394 0.111958 0.096760 0.075540 0.053012 0.033286 0.018570 0.008920 0.003687 0.001355 0.000368 0.000083 0.000009 0.000002 0.000001 
t: 0.002058823530 start: 93 end: 124 0.000001 0.000006 0.000023 0.000055 0.000139 0.000378 0.000890 0.001872 0.003766 0.007382 0.013584 0.023179 0.036786 0.054208 0.074408 0.093968 0.110364 0.118768 0.117587 0.105927 0.087013 0.063758 0.041375 0.024423 0.012072 0.005349 0.001985 0.000565 0.000147 0.000017 0.000004 0.000001 
t: 0.001983805668 start: 94 end: 124 0.000003 0.000010 0.000038 0.000060 0.000238 0.000546 0.001262 0.002612 0.005214 0.009972 0.017649 0.029768 0.045396 0.064808 0.085335 0.104730 0.117533 0.121448 0.113216 0.096916 0.074701 0.050418 0.030828 0.016116 0.007246 0.002799 0.000875 0.000222 0.000034 0.000006 0.000001 
t: 0.001914062500 start: 94 end: 124 0.000002 0.000005 0.000015 0.000040 0.000145 0.000326 0.000843 0.001733 0.003727 0.007344 0.013471 0.023653 0.037298 0.056118 0.076810 0.097378 0.114454 0.122618 0.119251 0.106125 0.084617 0.060257 0.037685 0.020838 0.009708 0.003901 0.001225 0.000344 0.000062 0.000006 0.000001 
t: 0.001849056604 start: 94 end: 124 0.000002 0.000001 0.000008 0.000021 0.000081 0.000213 0.000538 0.001180 0.002622 0.005347 0.010463 0.018437 0.030648 0.047637 0.068169 0.090233 0.109286 0.121827 0.123632 0.113780 0.094238 0.069699 0.045585 0.026144 0.012625 0.005258 0.001723 0.000492 0.000097 0.000013 0.000001 
t: 0.001788321168 start: 95 end: 124 0.000002 0.000003 0.000020 0.000046 0.000124 0.000357 0.000817 0.001812 0.003893 0.007843 0.014686 0.024827 0.040091 0.060032 0.082266 0.103293 0.119305 0.125711 0.120322 0.103406 0.079205 0.053704 0.031858 0.016245 0.006883 0.002393 0.000698 0.000136 0.000021 0.000001 
t: 0.001731448763 start: 95 end: 124 0.000002 0.000002 0.000010 0.000025 0.000079 0.000223 0.000592 0.001257 0.002825 0.005904 0.011448 0.020230 0.033745 0.052189 0.074041 0.096791 0.115580 0.125983 0.125140 0.111508 0.088347 0.062465 0.038257 0.020103 0.008834 0.003246 0.000939 0.000208 0.000024 0.000003 
t: 0.001678082192 start: 96 end: 124 0.000002 0.000009 0.000016 0.000046 0.000155 0.000376 0.000918 0.002068 0.004346 0.008953 0.016318 0.028204 0.045024 0.066507 0.089157 0.110991 0.124993 0.128490 0.118890 0.096667 0.071085 0.045213 0.024604 0.011151 0.004197 0.001301 0.000277 0.000038 0.000004 
t: 0.001627906977 start: 96 end: 124 0.000001 0.000006 0.000011 0.000026 0.000094 0.000264 0.000659 0.001484 0.003276 0.006853 0.013142 0.023373 0.038834 0.058883 0.082078 0.105247 0.123042 0.130255 0.124397 0.105317 0.079530 0.052404 0.029431 0.013930 0.005296 0.001713 0.000396 0.000053 0.000005 
t: 0.001580645161 start: 97 end: 124 0.000005 0.000004 0.000017 0.000064 0.000173 0.000455 0.001097 0.002510 0.005262 0.010530 0.019330 0.033037 0.051855 0.075014 0.099100 0.119763 0.130733 0.128869 0.113157 0.087856 0.059800 0.034855 0.016925 0.006800 0.002170 0.000528 0.000083 0.000008 
t: 0.001536050157 start: 98 end: 124 0.000005 0.000012 0.000047 0.000106 0.000320 0.000804 0.001885 0.004039 0.008416 0.016068 0.027891 0.045550 0.068146 0.092466 0.115706 0.129950 0.132058 0.120004 0.096053 0.067618 0.040490 0.020240 0.008522 0.002809 0.000669 0.000117 0.000009 
t: 0.001493902439 start: 98 end: 124 0.000001 0.000011 0.000033 0.000079 0.000220 0.000595 0.001404 0.003132 0.006660 0.013256 0.023738 0.039827 0.061205 0.085893 0.110787 0.128462 0.134409 0.125622 0.103725 0.075516 0.046385 0.024157 0.010395 0.003476 0.000833 0.000167 0.000012 
t: 0.001454005935 start: 99 end: 124 0.000007 0.000019 0.000053 0.000150 0.000470 0.001043 0.002483 0.005185 0.010919 0.020195 0.034551 0.054968 0.079600 0.104936 0.125729 0.135681 0.130856 0.110874 0.083180 0.052771 0.028217 0.012513 0.004290 0.001080 0.000217 0.000013 
t: 0.001416184971 start: 99 end: 124 0.000005 0.000016 0.000035 0.000099 0.000340 0.000800 0.001893 0.004155 0.008951 0.017006 0.030153 0.049090 0.073354 0.099017 0.122221 0.136047 0.134722 0.117556 0.090769 0.059193 0.032778 0.014846 0.005302 0.001352 0.000281 0.000019 
t: 0.001380281690 start: 99 end: 124 0.000001 0.000012 0.000025 0.000075 0.000245 0.000588 0.001476 0.003342 0.007270 0.014303 0.026081 0.043702 0.067009 0.093655 0.118164 0.135299 0.137946 0.123419 0.098137 0.065615 0.037706 0.017430 0.006442 0.001685 0.000339 0.000034 
t: 0.001346153846 start: 99 end: 124 0.000001 0.000004 0.000021 0.000057 0.000164 0.000456 0.001163 0.002609 0.005975 0.012107 0.022327 0.038920 0.061094 0.087910 0.113836 0.133443 0.140195 0.129018 0.104937 0.072478 0.042703 0.020368 0.007676 0.002090 0.000406 0.000042 
t: 0.001313672922 start: 99 end: 124 0.000001 0.000001 0.000018 0.000045 0.000115 0.000336 0.000922 0.002080 0.004860 0.010100 0.019261 0.034482 0.055606 0.081785 0.109328 0.131295 0.141511 0.134155 0.111271 0.079185 0.047933 0.023462 0.009174 0.002544 0.000474 0.000056 
t: 0.001282722513 start: 100 end: 124 0.000002 0.000012 0.000035 0.000093 0.000237 0.000724 0.001655 0.003961 0.008472 0.016557 0.030400 0.050388 0.075906 0.104574 0.128728 0.141811 0.138089 0.117889 0.085882 0.053259 0.026781 0.010797 0.003094 0.000587 0.000067 
t: 0.001253196931 start: 100 end: 124 0.000002 0.000007 0.000030 0.000066 0.000193 0.000560 0.001297 0.003256 0.007071 0.014220 0.026807 0.045701 0.070270 0.099535 0.125195 0.141849 0.141468 0.124036 0.092341 0.058751 0.030375 0.012485 0.003689 0.000706 0.000090 
t: 0.001225000000 start: 100 end: 124 0.000002 0.000006 0.000022 0.000058 0.000135 0.000428 0.001052 0.002653 0.005897 0.012118 0.023643 0.041280 0.065071 0.093997 0.121818 0.141071 0.143800 0.129671 0.098959 0.064393 0.034197 0.014348 0.004431 0.000846 0.000104 
t: 0.001198044010 start: 100 end: 124 0.000002 0.000003 0.000017 0.000050 0.000109 0.000329 0.000862 0.002117 0.004925 0.010425 0.020744 0.037088 0.059981 0.088860 0.118058 0.139435 0.146049 0.134451 0.105559 0.070165 0.038036 0.016404 0.005168 0.001038 0.000125 
t: 0.001172248804 start: 100 end: 124 0.000001 0.000002 0.000013 0.000040 0.000081 0.000263 0.000698 0.001742 0.004171 0.008804 0.018242 0.033406 0.055254 0.083458 0.113918 0.137589 0.147653 0.138750 0.111703 0.075949 0.042298 0.018548 0.006034 0.001231 0.000152 
t: 0.001147540984 start: 100 end: 124 0.000001 0.000002 0.000007 0.000035 0.000062 0.000205 0.000565 0.001407 0.003532 0.007578 0.015835 0.029988 0.050883 0.078447 0.109321 0.135235 0.148715 0.142533 0.117774 0.081845 0.046613 0.020851 0.006920 0.001475 0.000171 
t: 0.001123853211 start: 101 end: 124 0.000003 0.000006 0.000019 0.000062 0.000151 0.000482 0.001143 0.002916 0.006586 0.013867 0.026632 0.046763 0.073421 0.104865 0.132591 0.149033 0.146020 0.123455 0.087586 0.051104 0.023419 0.007944 0.001736 0.000196 
t: 0.001101123596 start: 101 end: 124 0.000003 0.000003 0.000013 0.000052 0.000119 0.000381 0.000950 0.002480 0.005666 0.012082 0.023841 0.042872 0.068406 0.100406 0.129737 0.148826 0.149140 0.128809 0.093125 0.055732 0.026081 0.009016 0.002029 0.000231 
t: 0.001079295154 start: 101 end: 124 0.000003 0.000002 0.000013 0.000037 0.000095 0.000304 0.000804 0.002086 0.004868 0.010587 0.021260 0.039165 0.064119 0.095595 0.126176 0.148226 0.151860 0.133962 0.098852 0.060276 0.028846 0.010237 0.002357 0.000270 
t: 0.001058315335 start: 101 end: 124 0.000002 0.000003 0.000009 0.000026 0.000086 0.000236 0.000637 0.001786 0.004189 0.009328 0.018958 0.035657 0.059711 0.090967 0.122811 0.147264 0.153939 0.138473 0.104477 0.065035 0.031909 0.011500 0.002680 0.000317 
t: 0.001038135593 start: 101 end: 124 0.000002 0.000003 0.000007 0.000021 0.000068 0.000186 0.000536 0.001494 0.003603 0.008167 0.016929 0.032516 0.055623 0.086411 0.119069 0.145816 0.155609 0.142613 0.110369 0.069762 0.034888 0.012855 0.003093 0.000360 
t: 0.001018711019 start: 102 end: 124 0.000003 0.000007 0.000016 0.000052 0.000157 0.000443 0.001275 0.003084 0.007205 0.015052 0.029647 0.051715 0.081890 0.115371 0.143892 0.156972 0.146499 0.115925 0.074461 0.038114 0.014304 0.003488 0.000428 
t: 0.001000000000 start: 103 end: 124 0.000008 0.000012 0.000042 0.000123 0.000363 0.001089 0.002682 0.006280 0.013443 0.026995 0.047932 0.077670 0.111369 0.141798 0.157621 0.150588 0.120869 0.079361 0.041494 0.015814 0.003953 0.000494 
