t: 0.059999999999 start: 14 end: 48 0.000007 0.000035 0.000119 0.000468 0.001379 0.003972 0.009717 0.020828 0.038878 0.062808 0.090769 0.116890 0.132161 0.133878 0.120944 0.097797 0.070252 0.046177 0.027092 0.014166 0.006946 0.003032 0.001125 0.000418 0.000097 0.000034 0.000011 0.000000 0.000000 0.000000 0.000000 0.000000 0.000000 0.000000 0.000000 
t: 0.054545454544 start: 15 end: 51 0.000004 0.000011 0.000055 0.000200 0.000627 0.001887 0.004927 0.011347 0.022156 0.040011 0.063540 0.088632 0.112345 0.127583 0.129487 0.118437 0.096982 0.072503 0.048490 0.029830 0.016396 0.008257 0.003758 0.001664 0.000591 0.000195 0.000059 0.000024 0.000002 0.000000 0.000000 0.000000 0.000000 0.000000 0.000000 0.000000 0.000000 
t: 0.049999999999 start: 15 end: 54 0.000001 0.000000 0.000005 0.000020 0.000090 0.000301 0.000935 0.002540 0.006168 0.013057 0.024855 0.042344 0.065177 0.089202 0.111172 0.124150 0.124660 0.114339 0.095336 0.071761 0.048913 0.030845 0.017534 0.009181 0.004350 0.001918 0.000724 0.000265 0.000126 0.000021 0.000008 0.000001 0.000001 0.000000 0.000000 0.000000 0.000000 0.000000 0.000000 0.000000 
t: 0.046153846153 start: 18 end: 57 0.000001 0.000007 0.000036 0.000152 0.000468 0.001390 0.003338 0.007835 0.015744 0.028205 0.046481 0.068539 0.091306 0.110093 0.121480 0.121284 0.109667 0.091089 0.069055 0.048354 0.030389 0.017580 0.009408 0.004699 0.002056 0.000808 0.000362 0.000128 0.000033 0.000008 0.000004 0.000001 0.000000 0.000000 0.000000 0.000000 0.000000 0.000000 0.000000 0.000000 
t: 0.042857142857 start: 20 end: 60 0.000002 0.000018 0.000066 0.000267 0.000786 0.001981 0.004744 0.009915 0.019233 0.032967 0.051235 0.072530 0.093886 0.111263 0.119543 0.116256 0.105165 0.086022 0.065350 0.045498 0.028984 0.016964 0.009119 0.004652 0.002100 0.000893 0.000379 0.000117 0.000041 0.000016 0.000006 0.000001 0.000001 0.000000 0.000000 0.000000 0.000000 0.000000 0.000000 0.000000 0.000000 
t: 0.040000000000 start: 21 end: 62 0.000001 0.000012 0.000035 0.000133 0.000508 0.001210 0.002932 0.006482 0.013136 0.023497 0.038318 0.057352 0.078630 0.097176 0.111355 0.116391 0.112143 0.099521 0.080794 0.060502 0.041602 0.026480 0.015504 0.008634 0.004287 0.001962 0.000881 0.000334 0.000123 0.000040 0.000014 0.000006 0.000003 0.000002 0.000000 0.000000 0.000000 0.000000 0.000000 0.000000 0.000000 0.000000 
t: 0.037500000000 start: 23 end: 63 0.000002 0.000013 0.000086 0.000302 0.000794 0.001941 0.004520 0.008988 0.017107 0.028761 0.045287 0.064472 0.084345 0.101139 0.111774 0.113690 0.106595 0.092329 0.073947 0.054815 0.037381 0.023548 0.013794 0.007555 0.003776 0.001774 0.000779 0.000325 0.000096 0.000041 0.000015 0.000006 0.000003 0.000000 0.000000 0.000000 0.000000 0.000000 0.000000 0.000000 0.000000 
t: 0.035294117647 start: 24 end: 65 0.000002 0.000015 0.000066 0.000194 0.000500 0.001334 0.003121 0.006463 0.012606 0.022095 0.035604 0.052847 0.072370 0.089850 0.104182 0.111558 0.110004 0.100552 0.084906 0.066449 0.048398 0.032431 0.020347 0.011912 0.006459 0.003182 0.001530 0.000608 0.000267 0.000093 0.000037 0.000013 0.000004 0.000000 0.000001 0.000000 0.000000 0.000000 0.000000 0.000000 0.000000 0.000000 
t: 0.033333333333 start: 26 end: 67 0.000015 0.000039 0.000130 0.000380 0.000954 0.002209 0.004809 0.009503 0.017030 0.028578 0.043541 0.061660 0.079844 0.095837 0.106448 0.109974 0.105109 0.093189 0.076750 0.058269 0.041540 0.027467 0.016958 0.009866 0.005306 0.002522 0.001226 0.000520 0.000211 0.000079 0.000025 0.000008 0.000003 0.000001 0.000000 0.000000 0.000000 0.000000 0.000000 0.000000 0.000000 0.000000 
t: 0.031578947368 start: 27 end: 69 0.000009 0.000025 0.000118 0.000253 0.000721 0.001643 0.003586 0.007430 0.013509 0.023308 0.036543 0.052396 0.070533 0.087613 0.101059 0.107482 0.106817 0.098448 0.084330 0.067537 0.049852 0.034997 0.022605 0.013780 0.007711 0.004157 0.001975 0.000943 0.000391 0.000143 0.000054 0.000025 0.000005 0.000001 0.000001 0.000000 0.000000 0.000000 0.000000 0.000000 0.000000 0.000000 0.000000 
t: 0.030000000000 start: 27 end: 70 0.000001 0.000004 0.000028 0.000075 0.000208 0.000519 0.001265 0.002890 0.005850 0.011161 0.019174 0.030712 0.045374 0.062615 0.079727 0.094123 0.103917 0.107157 0.101424 0.090421 0.074831 0.058041 0.041938 0.028433 0.017970 0.010607 0.005847 0.002994 0.001541 0.000711 0.000276 0.000116 0.000033 0.000011 0.000005 0.000001 0.000000 0.000000 0.000000 0.000000 0.000000 0.000000 0.000000 0.000000 
t: 0.028571428571 start: 29 end: 71 0.000004 0.000013 0.000058 0.000161 0.000421 0.001080 0.002371 0.004746 0.009202 0.016305 0.026268 0.039749 0.055515 0.073001 0.088053 0.099457 0.105539 0.103013 0.094631 0.080472 0.065442 0.048332 0.034083 0.022194 0.013672 0.007956 0.004282 0.002168 0.001083 0.000429 0.000200 0.000063 0.000028 0.000008 0.000001 0.000000 0.000000 0.000000 0.000000 0.000000 0.000000 0.000000 0.000000 
t: 0.027272727273 start: 30 end: 73 0.000001 0.000013 0.000057 0.000135 0.000350 0.000894 0.001989 0.004064 0.007773 0.013914 0.023253 0.035042 0.050073 0.066550 0.082189 0.095534 0.103329 0.103157 0.096923 0.085276 0.070656 0.054378 0.039575 0.026567 0.016845 0.010067 0.005769 0.002930 0.001549 0.000678 0.000290 0.000124 0.000039 0.000010 0.000003 0.000004 0.000000 0.000000 0.000000 0.000000 0.000000 0.000000 0.000000 0.000000 
t: 0.026086956522 start: 31 end: 75 0.000001 0.000014 0.000049 0.000109 0.000301 0.000779 0.001712 0.003458 0.006941 0.012265 0.020403 0.031448 0.045584 0.061283 0.077012 0.091663 0.100124 0.102639 0.098683 0.088973 0.074833 0.059742 0.044314 0.030479 0.019975 0.012360 0.007248 0.003921 0.002021 0.000952 0.000418 0.000184 0.000076 0.000022 0.000009 0.000003 0.000002 0.000000 0.000000 0.000000 0.000000 0.000000 0.000000 0.000000 0.000000 
t: 0.025000000000 start: 32 end: 77 0.000003 0.000013 0.000045 0.000111 0.000231 0.000717 0.001462 0.003211 0.006128 0.010855 0.018368 0.028949 0.041777 0.057111 0.072926 0.087638 0.097343 0.101165 0.099641 0.091136 0.078648 0.063582 0.048647 0.034438 0.022754 0.014658 0.008734 0.004964 0.002510 0.001264 0.000563 0.000241 0.000109 0.000035 0.000013 0.000007 0.000000 0.000002 0.000001 0.000000 0.000000 0.000000 0.000000 0.000000 0.000000 0.000000 
t: 0.024000000000 start: 32 end: 79 0.000001 0.000003 0.000011 0.000047 0.000096 0.000260 0.000623 0.001393 0.002887 0.005497 0.010055 0.016826 0.026558 0.039180 0.053662 0.069507 0.083794 0.094468 0.100406 0.098868 0.092877 0.081514 0.067179 0.051920 0.037739 0.025946 0.016647 0.010161 0.005865 0.003178 0.001534 0.000709 0.000354 0.000144 0.000064 0.000016 0.000005 0.000004 0.000001 0.000001 0.000000 0.000000 0.000000 0.000000 0.000000 0.000000 0.000000 0.000000 
t: 0.023076923077 start: 32 end: 78 0.000001 0.000000 0.000003 0.000011 0.000029 0.000108 0.000244 0.000591 0.001240 0.002739 0.005223 0.009207 0.015911 0.024766 0.036883 0.051349 0.066406 0.080536 0.092224 0.098714 0.098805 0.094094 0.083133 0.069880 0.054954 0.040475 0.028288 0.018623 0.011526 0.006814 0.003657 0.001898 0.000957 0.000425 0.000173 0.000068 0.000032 0.000009 0.000003 0.000000 0.000001 0.000000 0.000000 0.000000 0.000000 0.000000 0.000000 
t: 0.022222222222 start: 34 end: 81 0.000001 0.000002 0.000011 0.000040 0.000097 0.000241 0.000544 0.001248 0.002653 0.004859 0.008873 0.014894 0.023787 0.035183 0.049007 0.064167 0.078350 0.090096 0.097311 0.098385 0.094348 0.084722 0.071815 0.057149 0.042922 0.030307 0.020136 0.012856 0.007540 0.004209 0.002255 0.001080 0.000532 0.000240 0.000090 0.000031 0.000014 0.000003 0.000001 0.000001 0.000000 0.000000 0.000000 0.000000 0.000000 0.000000 0.000000 0.000000 
t: 0.021428571428 start: 34 end: 82 0.000001 0.000001 0.000002 0.000010 0.000038 0.000090 0.000246 0.000525 0.001238 0.002570 0.004903 0.008480 0.014409 0.022955 0.034166 0.047630 0.062499 0.075893 0.088158 0.096061 0.098697 0.093801 0.085425 0.073614 0.058653 0.044686 0.031730 0.021780 0.013939 0.008216 0.004706 0.002529 0.001270 0.000622 0.000265 0.000111 0.000048 0.000024 0.000007 0.000001 0.000000 0.000001 0.000000 0.000000 0.000000 0.000000 0.000000 0.000000 0.000000 
t: 0.020689655172 start: 37 end: 84 0.000003 0.000015 0.000037 0.000096 0.000249 0.000510 0.001324 0.002530 0.004691 0.008573 0.014210 0.022541 0.033453 0.046397 0.060832 0.074847 0.087266 0.094953 0.097634 0.094038 0.085785 0.073973 0.060195 0.046271 0.032998 0.022524 0.014763 0.008824 0.004998 0.002786 0.001425 0.000720 0.000304 0.000145 0.000056 0.000020 0.000007 0.000005 0.000001 0.000001 0.000000 0.000000 0.000000 0.000000 0.000000 0.000000 0.000000 0.000000 
t: 0.020000000000 start: 37 end: 84 0.000001 0.000004 0.000017 0.000042 0.000117 0.000236 0.000600 0.001316 0.002449 0.004760 0.008600 0.014248 0.022441 0.032856 0.045962 0.060153 0.074254 0.086077 0.093994 0.096892 0.093826 0.085901 0.074286 0.061209 0.046657 0.033993 0.023472 0.015149 0.009216 0.005360 0.002977 0.001549 0.000787 0.000334 0.000175 0.000055 0.000015 0.000013 0.000005 0.000002 0.000000 0.000000 0.000000 0.000000 0.000000 0.000000 0.000000 0.000000 
t: 0.019354838710 start: 38 end: 85 0.000001 0.000008 0.000016 0.000048 0.000100 0.000279 0.000652 0.001283 0.002690 0.004768 0.008853 0.014299 0.022508 0.032949 0.045673 0.060096 0.073771 0.085346 0.093312 0.096001 0.093134 0.085788 0.074769 0.061382 0.046971 0.034290 0.024004 0.015627 0.009611 0.005601 0.003147 0.001594 0.000776 0.000372 0.000170 0.000068 0.000027 0.000010 0.000003 0.000003 0.000000 0.000000 0.000000 0.000000 0.000000 0.000000 0.000000 0.000000 
t: 0.018750000000 start: 39 end: 86 0.000002 0.000006 0.000028 0.000051 0.000115 0.000286 0.000666 0.001396 0.002681 0.005101 0.009098 0.014749 0.022731 0.032991 0.046295 0.059964 0.073310 0.085459 0.092633 0.095317 0.092980 0.085270 0.074672 0.061022 0.046963 0.034326 0.024211 0.015890 0.009757 0.005777 0.003131 0.001648 0.000816 0.000383 0.000163 0.000067 0.000031 0.000009 0.000004 0.000000 0.000000 0.000001 0.000000 0.000000 0.000000 0.000000 0.000000 0.000000 
t: 0.018181818182 start: 39 end: 88 0.000001 0.000001 0.000011 0.000022 0.000049 0.000142 0.000310 0.000733 0.001467 0.002929 0.005314 0.009464 0.015145 0.023126 0.034181 0.046815 0.060422 0.073979 0.084647 0.092697 0.094998 0.092227 0.084577 0.073436 0.060459 0.046789 0.034390 0.023848 0.016011 0.009766 0.005677 0.003156 0.001700 0.000826 0.000381 0.000189 0.000071 0.000028 0.000013 0.000001 0.000001 0.000001 0.000000 0.000000 0.000000 0.000000 0.000000 0.000000 0.000000 0.000000 
t: 0.017647058823 start: 40 end: 88 0.000002 0.000002 0.000009 0.000022 0.000064 0.000163 0.000351 0.000788 0.001612 0.003073 0.005756 0.009945 0.015814 0.024123 0.035008 0.047773 0.061541 0.074118 0.085009 0.092335 0.094685 0.091628 0.083554 0.072476 0.059496 0.046120 0.033640 0.023653 0.015596 0.009701 0.005613 0.003186 0.001631 0.000817 0.000407 0.000166 0.000076 0.000029 0.000016 0.000001 0.000001 0.000000 0.000000 0.000000 0.000000 0.000000 0.000000 0.000000 0.000000 
t: 0.017142857143 start: 42 end: 88 0.000005 0.000009 0.000032 0.000077 0.000164 0.000438 0.000894 0.001728 0.003431 0.006238 0.010462 0.016761 0.025108 0.036368 0.049061 0.062632 0.074967 0.085846 0.092068 0.093850 0.090723 0.082307 0.071357 0.058686 0.044824 0.032844 0.022888 0.015224 0.009408 0.005527 0.003002 0.001641 0.000777 0.000374 0.000156 0.000071 0.000040 0.000008 0.000004 0.000000 0.000000 0.000000 0.000000 0.000000 0.000000 0.000000 0.000000 
t: 0.016666666667 start: 42 end: 89 0.000002 0.000005 0.000010 0.000038 0.000084 0.000220 0.000474 0.001016 0.001937 0.003883 0.006714 0.011329 0.017629 0.026448 0.037852 0.050569 0.063939 0.076402 0.086730 0.092106 0.093394 0.089186 0.080858 0.070206 0.056825 0.043667 0.031780 0.022046 0.014589 0.008976 0.005197 0.002914 0.001563 0.000779 0.000350 0.000158 0.000074 0.000041 0.000007 0.000003 0.000000 0.000000 0.000000 0.000000 0.000000 0.000000 0.000000 0.000000 
t: 0.016216216216 start: 43 end: 92 0.000004 0.000007 0.000015 0.000035 0.000106 0.000256 0.000559 0.001110 0.002341 0.004136 0.007332 0.012244 0.018921 0.028274 0.039901 0.052274 0.065493 0.078240 0.086905 0.092222 0.092175 0.088515 0.079537 0.068052 0.055177 0.041941 0.030328 0.021304 0.013796 0.008351 0.004974 0.002725 0.001432 0.000724 0.000325 0.000128 0.000089 0.000038 0.000007 0.000005 0.000001 0.000001 0.000000 0.000000 0.000000 0.000000 0.000000 0.000000 0.000000 0.000000 
t: 0.015789473684 start: 43 end: 92 0.000001 0.000002 0.000009 0.000020 0.000046 0.000131 0.000315 0.000654 0.001333 0.002519 0.004652 0.008198 0.013302 0.020450 0.030290 0.041614 0.054753 0.067776 0.078877 0.087850 0.092605 0.091760 0.086979 0.077537 0.065737 0.052900 0.040132 0.029159 0.019956 0.012854 0.007946 0.004585 0.002517 0.001319 0.000662 0.000291 0.000154 0.000069 0.000028 0.000013 0.000001 0.000004 0.000000 0.000000 0.000000 0.000000 0.000000 0.000000 0.000000 0.000000 
t: 0.015384615385 start: 43 end: 93 0.000001 0.000001 0.000003 0.000010 0.000020 0.000066 0.000150 0.000390 0.000789 0.001520 0.002952 0.005180 0.009151 0.014631 0.022262 0.032430 0.044019 0.057004 0.069472 0.081104 0.088728 0.092499 0.090940 0.085206 0.075377 0.063605 0.050516 0.038014 0.027348 0.018504 0.012092 0.007163 0.004315 0.002260 0.001164 0.000591 0.000315 0.000116 0.000055 0.000021 0.000011 0.000004 0.000001 0.000000 0.000000 0.000000 0.000000 0.000000 0.000000 0.000000 0.000000 
t: 0.015000000000 start: 43 end: 93 0.000001 0.000001 0.000000 0.000006 0.000011 0.000029 0.000079 0.000209 0.000446 0.000908 0.001839 0.003431 0.005905 0.010191 0.016261 0.024445 0.034563 0.046530 0.059444 0.072014 0.082527 0.089654 0.092374 0.090027 0.083540 0.072769 0.060974 0.047751 0.035951 0.025379 0.017142 0.010935 0.006833 0.003784 0.001991 0.001063 0.000562 0.000246 0.000101 0.000048 0.000021 0.000011 0.000003 0.000001 0.000000 0.000000 0.000000 0.000000 0.000000 0.000000 0.000000 
t: 0.014634146341 start: 43 end: 92 0.000001 0.000000 0.000000 0.000002 0.000007 0.000016 0.000030 0.000109 0.000243 0.000537 0.001105 0.002245 0.003825 0.006909 0.011524 0.017922 0.026584 0.037186 0.049571 0.062370 0.074473 0.084174 0.090245 0.092056 0.088800 0.081251 0.070226 0.058079 0.045070 0.033174 0.023705 0.015671 0.009946 0.006040 0.003327 0.001771 0.000953 0.000459 0.000225 0.000108 0.000032 0.000019 0.000006 0.000004 0.000000 0.000000 0.000000 0.000000 0.000000 0.000000 
t: 0.014285714286 start: 45 end: 94 0.000001 0.000000 0.000003 0.000008 0.000017 0.000051 0.000142 0.000318 0.000622 0.001396 0.002548 0.004663 0.007963 0.012980 0.019923 0.029003 0.040423 0.052672 0.065372 0.076712 0.085654 0.091320 0.091261 0.087057 0.079079 0.066944 0.054929 0.042001 0.030841 0.021562 0.014099 0.009057 0.005373 0.002893 0.001580 0.000817 0.000394 0.000194 0.000077 0.000030 0.000011 0.000007 0.000003 0.000000 0.000000 0.000000 0.000000 0.000000 0.000000 0.000000 
t: 0.013953488372 start: 46 end: 95 0.000001 0.000001 0.000003 0.000008 0.000025 0.000072 0.000172 0.000389 0.000847 0.001671 0.003001 0.005431 0.009183 0.014754 0.022221 0.032027 0.043658 0.055711 0.068384 0.079433 0.087827 0.090928 0.090367 0.085354 0.075605 0.064075 0.051354 0.039181 0.028291 0.019464 0.012775 0.008005 0.004601 0.002543 0.001392 0.000642 0.000333 0.000161 0.000071 0.000024 0.000008 0.000007 0.000000 0.000000 0.000000 0.000000 0.000000 0.000000 0.000000 0.000000 
t: 0.013636363636 start: 46 end: 96 0.000001 0.000000 0.000002 0.000007 0.000010 0.000034 0.000096 0.000205 0.000549 0.001073 0.001971 0.003621 0.006389 0.010624 0.016551 0.025115 0.035414 0.046617 0.059329 0.071770 0.082067 0.088652 0.091378 0.089026 0.082471 0.072517 0.060731 0.047919 0.036167 0.025596 0.017432 0.011369 0.006923 0.004007 0.002180 0.001164 0.000538 0.000277 0.000132 0.000045 0.000019 0.000008 0.000003 0.000001 0.000000 0.000000 0.000000 0.000000 0.000000 0.000000 0.000000 
t: 0.013333333333 start: 47 end: 98 0.000001 0.000001 0.000003 0.000003 0.000023 0.000049 0.000117 0.000317 0.000661 0.001313 0.002451 0.004238 0.007589 0.012221 0.019132 0.027937 0.038588 0.050449 0.063161 0.074883 0.083866 0.090284 0.091280 0.086734 0.079766 0.069395 0.056516 0.044603 0.032992 0.023083 0.015407 0.009870 0.006001 0.003430 0.001853 0.000941 0.000451 0.000242 0.000084 0.000040 0.000016 0.000006 0.000002 0.000001 0.000000 0.000000 0.000000 0.000000 0.000000 0.000000 0.000000 0.000000 
t: 0.013043478261 start: 48 end: 98 0.000001 0.000003 0.000001 0.000007 0.000026 0.000072 0.000176 0.000384 0.000869 0.001667 0.002970 0.005204 0.008893 0.014193 0.021774 0.031263 0.042064 0.054654 0.066918 0.077833 0.086545 0.090866 0.089598 0.085264 0.076612 0.065347 0.052725 0.040817 0.029838 0.020450 0.013540 0.008556 0.005080 0.002824 0.001552 0.000734 0.000381 0.000167 0.000079 0.000036 0.000009 0.000006 0.000002 0.000000 0.000000 0.000000 0.000000 0.000000 0.000000 0.000000 0.000000 
t: 0.012765957447 start: 49 end: 99 0.000001 0.000001 0.000004 0.000014 0.000041 0.000096 0.000220 0.000531 0.001109 0.001994 0.003731 0.006334 0.010484 0.016625 0.024662 0.034623 0.046259 0.058813 0.070695 0.080905 0.088173 0.090860 0.088652 0.082706 0.073065 0.061114 0.048587 0.037011 0.026733 0.017930 0.011826 0.007303 0.004172 0.002371 0.001217 0.000599 0.000296 0.000143 0.000066 0.000021 0.000006 0.000005 0.000002 0.000000 0.000000 0.000000 0.000000 0.000000 0.000000 0.000000 0.000000 
t: 0.012500000000 start: 50 end: 100 0.000001 0.000002 0.000009 0.000017 0.000060 0.000145 0.000299 0.000720 0.001322 0.002596 0.004550 0.007598 0.012463 0.019175 0.027790 0.038809 0.050431 0.062834 0.074781 0.083559 0.089707 0.090248 0.086982 0.079410 0.069097 0.057172 0.044337 0.033160 0.023706 0.015644 0.010063 0.006061 0.003447 0.001987 0.000958 0.000457 0.000213 0.000117 0.000048 0.000016 0.000007 0.000001 0.000001 0.000000 0.000000 0.000000 0.000000 0.000000 0.000000 0.000000 0.000000 
t: 0.012244897959 start: 51 end: 100 0.000002 0.000004 0.000016 0.000031 0.000082 0.000214 0.000417 0.000895 0.001710 0.003215 0.005556 0.009233 0.014749 0.022181 0.031612 0.042725 0.054807 0.067523 0.078251 0.086381 0.090011 0.089325 0.084740 0.076109 0.064963 0.051948 0.040418 0.029589 0.020470 0.013505 0.008513 0.005098 0.002786 0.001514 0.000745 0.000353 0.000167 0.000095 0.000031 0.000010 0.000003 0.000003 0.000000 0.000000 0.000000 0.000000 0.000000 0.000000 0.000000 0.000000 
t: 0.012000000000 start: 51 end: 99 0.000002 0.000000 0.000010 0.000017 0.000049 0.000106 0.000287 0.000595 0.001135 0.002249 0.003967 0.006801 0.011086 0.017253 0.025781 0.035675 0.047182 0.059500 0.071950 0.081596 0.087834 0.089911 0.088455 0.081604 0.072055 0.060111 0.047635 0.036382 0.026088 0.017524 0.011420 0.007129 0.004100 0.002292 0.001134 0.000575 0.000280 0.000151 0.000049 0.000021 0.000003 0.000006 0.000000 0.000000 0.000000 0.000000 0.000000 0.000000 0.000000 
t: 0.011764705882 start: 53 end: 101 0.000006 0.000010 0.000026 0.000076 0.000166 0.000390 0.000765 0.001543 0.002813 0.004982 0.008248 0.013284 0.020464 0.029567 0.039978 0.051981 0.064693 0.075654 0.084589 0.089104 0.089934 0.086058 0.077734 0.067543 0.055428 0.043276 0.031986 0.022626 0.014896 0.009590 0.005780 0.003367 0.001719 0.000923 0.000412 0.000232 0.000097 0.000041 0.000011 0.000005 0.000003 0.000000 0.000000 0.000000 0.000000 0.000000 0.000000 0.000000 0.000000 
t: 0.011538461538 start: 53 end: 102 0.000004 0.000005 0.000013 0.000050 0.000119 0.000228 0.000498 0.001054 0.002066 0.003563 0.006083 0.010184 0.015981 0.023869 0.033325 0.045067 0.057326 0.069107 0.079433 0.086829 0.090124 0.088466 0.083261 0.073972 0.062854 0.050323 0.038570 0.027904 0.019254 0.012618 0.007924 0.004726 0.002543 0.001396 0.000669 0.000327 0.000167 0.000058 0.000026 0.000006 0.000005 0.000003 0.000000 0.000000 0.000000 0.000000 0.000000 0.000000 0.000000 0.000000 
t: 0.011320754717 start: 53 end: 103 0.000003 0.000003 0.000011 0.000016 0.000078 0.000157 0.000335 0.000709 0.001439 0.002539 0.004497 0.007656 0.012414 0.019203 0.027582 0.038114 0.050042 0.062402 0.073651 0.082607 0.088882 0.090087 0.086493 0.079699 0.069571 0.057676 0.045270 0.033764 0.024191 0.016327 0.010463 0.006420 0.003600 0.002148 0.001009 0.000513 0.000249 0.000112 0.000044 0.000014 0.000004 0.000004 0.000002 0.000000 0.000000 0.000000 0.000000 0.000000 0.000000 0.000000 0.000000 
t: 0.011111111111 start: 53 end: 104 0.000001 0.000004 0.000009 0.000010 0.000047 0.000084 0.000236 0.000470 0.000985 0.001807 0.003317 0.005783 0.009476 0.015219 0.022441 0.032051 0.043245 0.055308 0.067451 0.077687 0.085934 0.089609 0.088776 0.083980 0.075818 0.064662 0.052239 0.040084 0.029514 0.020721 0.013568 0.008528 0.005040 0.002843 0.001577 0.000815 0.000370 0.000183 0.000066 0.000025 0.000009 0.000003 0.000003 0.000002 0.000000 0.000000 0.000000 0.000000 0.000000 0.000000 0.000000 0.000000 
t: 0.010909090909 start: 54 end: 104 0.000005 0.000004 0.000006 0.000030 0.000063 0.000128 0.000322 0.000670 0.001311 0.002415 0.004333 0.007206 0.011871 0.018127 0.026493 0.036965 0.048268 0.060986 0.072089 0.081648 0.088027 0.089695 0.087140 0.080757 0.070907 0.059193 0.046690 0.035646 0.025386 0.017266 0.011128 0.006792 0.004000 0.002222 0.001159 0.000601 0.000282 0.000100 0.000043 0.000016 0.000005 0.000003 0.000002 0.000000 0.000000 0.000000 0.000000 0.000000 0.000000 0.000000 0.000000 
t: 0.010714285714 start: 54 end: 104 0.000001 0.000004 0.000007 0.000018 0.000035 0.000083 0.000206 0.000479 0.000887 0.001792 0.003196 0.005535 0.009137 0.014458 0.021809 0.031091 0.041947 0.054039 0.066171 0.076749 0.084799 0.089101 0.088962 0.084874 0.076362 0.065502 0.053954 0.041806 0.030724 0.021412 0.014168 0.008890 0.005488 0.003084 0.001651 0.000856 0.000425 0.000176 0.000078 0.000030 0.000007 0.000004 0.000003 0.000000 0.000000 0.000000 0.000000 0.000000 0.000000 0.000000 0.000000 
t: 0.010526315789 start: 55 end: 104 0.000002 0.000007 0.000012 0.000019 0.000061 0.000136 0.000322 0.000617 0.001267 0.002348 0.004211 0.007127 0.011214 0.017795 0.025944 0.035809 0.047591 0.059870 0.071338 0.080693 0.087230 0.089667 0.087698 0.080907 0.071780 0.060380 0.048032 0.036567 0.026132 0.017501 0.011759 0.007119 0.004175 0.002285 0.001268 0.000624 0.000283 0.000128 0.000054 0.000018 0.000007 0.000003 0.000000 0.000000 0.000000 0.000000 0.000000 0.000000 0.000000 0.000000 
t: 0.010344827586 start: 55 end: 104 0.000002 0.000002 0.000012 0.000013 0.000035 0.000096 0.000208 0.000421 0.000912 0.001701 0.003140 0.005463 0.008885 0.014264 0.021477 0.030459 0.041525 0.053303 0.065471 0.075845 0.084350 0.088763 0.089218 0.085065 0.076424 0.066577 0.054722 0.042493 0.031333 0.021716 0.014624 0.009425 0.005541 0.003133 0.001710 0.000903 0.000439 0.000191 0.000093 0.000028 0.000015 0.000003 0.000000 0.000000 0.000000 0.000000 0.000000 0.000000 0.000000 0.000000 
t: 0.010169491525 start: 56 end: 105 0.000002 0.000011 0.000010 0.000019 0.000054 0.000147 0.000284 0.000661 0.001248 0.002306 0.004177 0.007001 0.011350 0.017632 0.025495 0.035651 0.047214 0.059278 0.070533 0.080376 0.087234 0.089408 0.087451 0.081212 0.072099 0.061148 0.048453 0.036785 0.026437 0.018071 0.011827 0.007419 0.004264 0.002361 0.001239 0.000636 0.000284 0.000143 0.000050 0.000022 0.000006 0.000002 0.000000 0.000000 0.000000 0.000000 0.000000 0.000000 0.000000 0.000000 
t: 0.010000000000 start: 57 end: 105 0.000006 0.000007 0.000020 0.000031 0.000097 0.000200 0.000448 0.000952 0.001648 0.003108 0.005415 0.009010 0.014277 0.021245 0.030479 0.041279 0.053071 0.065134 0.075737 0.084110 0.088594 0.089025 0.085222 0.076772 0.066913 0.054730 0.042497 0.031451 0.022081 0.014806 0.009426 0.005608 0.003231 0.001711 0.000871 0.000460 0.000198 0.000082 0.000030 0.000015 0.000003 0.000000 0.000000 0.000000 0.000000 0.000000 0.000000 0.000000 0.000000 
t: 0.008448275866 start: 62 end: 111 0.000001 0.000008 0.000016 0.000047 0.000116 0.000231 0.000487 0.000983 0.001852 0.003179 0.005679 0.009403 0.014677 0.022118 0.031175 0.041811 0.054289 0.065840 0.076086 0.084628 0.089182 0.088886 0.084728 0.076347 0.066067 0.053437 0.042038 0.030773 0.021484 0.014167 0.009040 0.005353 0.002864 0.001644 0.000754 0.000326 0.000168 0.000069 0.000033 0.000010 0.000003 0.000001 0.000000 0.000000 0.000000 0.000000 0.000000 0.000000 0.000000 0.000000 
t: 0.007313432839 start: 65 end: 115 0.000001 0.000004 0.000005 0.000014 0.000042 0.000114 0.000219 0.000470 0.000867 0.001861 0.003238 0.005603 0.009255 0.014410 0.021537 0.031002 0.041468 0.053514 0.065295 0.076681 0.084578 0.089618 0.089662 0.085169 0.077564 0.066273 0.054287 0.041701 0.030670 0.021463 0.014092 0.008684 0.005118 0.002797 0.001392 0.000741 0.000329 0.000169 0.000056 0.000028 0.000006 0.000002 0.000001 0.000000 0.000000 0.000000 0.000000 0.000000 0.000000 0.000000 0.000000 
t: 0.006447368423 start: 69 end: 117 0.000002 0.000007 0.000013 0.000027 0.000073 0.000146 0.000346 0.000714 0.001364 0.002531 0.004548 0.007539 0.012337 0.018550 0.027027 0.037486 0.049042 0.061605 0.073534 0.082761 0.088980 0.090815 0.088559 0.081410 0.070517 0.058780 0.045509 0.033994 0.024047 0.015655 0.009981 0.005889 0.003116 0.001659 0.000795 0.000371 0.000167 0.000078 0.000011 0.000013 0.000002 0.000000 0.000000 0.000000 0.000000 0.000000 0.000000 0.000000 0.000000 
t: 0.005764705884 start: 72 end: 120 0.000003 0.000004 0.000013 0.000032 0.000062 0.000179 0.000370 0.000741 0.001475 0.002659 0.004697 0.008020 0.012724 0.019572 0.028404 0.038963 0.051470 0.063684 0.075363 0.084981 0.090742 0.092110 0.088421 0.081126 0.068997 0.056321 0.043427 0.031543 0.021925 0.013780 0.008531 0.004751 0.002588 0.001307 0.000602 0.000252 0.000098 0.000044 0.000011 0.000005 0.000003 0.000000 0.000000 0.000000 0.000000 0.000000 0.000000 0.000000 0.000000 
t: 0.005212765959 start: 73 end: 122 0.000001 0.000002 0.000002 0.000006 0.000018 0.000047 0.000106 0.000233 0.000531 0.001009 0.001995 0.003587 0.006109 0.010089 0.015945 0.023826 0.034056 0.045585 0.058410 0.071196 0.082423 0.090167 0.094051 0.091634 0.085537 0.074895 0.061776 0.048597 0.035852 0.024757 0.016197 0.010011 0.005638 0.003011 0.001508 0.000703 0.000297 0.000128 0.000044 0.000016 0.000004 0.000001 0.000000 0.000000 0.000000 0.000000 0.000000 0.000000 0.000000 0.000000 
t: 0.004757281555 start: 75 end: 123 0.000001 0.000000 0.000003 0.000007 0.000011 0.000040 0.000088 0.000195 0.000439 0.000894 0.001745 0.003167 0.005450 0.009269 0.014834 0.022731 0.032361 0.044030 0.057274 0.070835 0.082320 0.090647 0.094812 0.093436 0.087640 0.076585 0.063237 0.049294 0.036863 0.025130 0.016243 0.009612 0.005506 0.002888 0.001381 0.000617 0.000254 0.000110 0.000031 0.000016 0.000003 0.000001 0.000000 0.000000 0.000000 0.000000 0.000000 0.000000 0.000000 
t: 0.004375000001 start: 78 end: 125 0.000002 0.000003 0.000008 0.000015 0.000039 0.000079 0.000196 0.000449 0.000888 0.001764 0.003269 0.005687 0.009714 0.015406 0.023521 0.033956 0.046083 0.059928 0.073249 0.084824 0.092634 0.096398 0.094643 0.086642 0.074667 0.061560 0.047184 0.033811 0.022739 0.014090 0.008080 0.004458 0.002247 0.001058 0.000465 0.000160 0.000056 0.000020 0.000007 0.000001 0.000000 0.000000 0.000000 0.000000 0.000000 0.000000 0.000000 0.000000 
t: 0.004049586778 start: 79 end: 126 0.000002 0.000000 0.000005 0.000004 0.000023 0.000038 0.000102 0.000240 0.000515 0.001104 0.001983 0.003906 0.006678 0.011121 0.017774 0.026691 0.037975 0.051180 0.065193 0.078994 0.088778 0.096698 0.098046 0.093039 0.083674 0.070295 0.055529 0.041652 0.028477 0.018110 0.010799 0.005956 0.002957 0.001454 0.000634 0.000258 0.000081 0.000025 0.000007 0.000002 0.000000 0.000001 0.000000 0.000000 0.000000 0.000000 0.000000 0.000000 
t: 0.003769230770 start: 81 end: 126 0.000002 0.000004 0.000006 0.000006 0.000020 0.000054 0.000149 0.000357 0.000714 0.001400 0.002718 0.004949 0.008609 0.014189 0.021732 0.032272 0.045030 0.059031 0.073345 0.086063 0.095119 0.099843 0.097599 0.089615 0.076999 0.062288 0.047049 0.032831 0.021345 0.012980 0.007165 0.003657 0.001692 0.000740 0.000291 0.000093 0.000031 0.000010 0.000002 0.000001 0.000000 0.000000 0.000000 0.000000 0.000000 0.000000 
t: 0.003525179857 start: 82 end: 126 0.000003 0.000002 0.000004 0.000004 0.000010 0.000035 0.000101 0.000243 0.000514 0.001081 0.002094 0.003969 0.007002 0.011836 0.018915 0.028267 0.040533 0.054759 0.069708 0.084121 0.094165 0.100857 0.100122 0.093865 0.081779 0.066830 0.050536 0.035911 0.023575 0.014188 0.007897 0.003983 0.001871 0.000795 0.000270 0.000116 0.000031 0.000006 0.000002 0.000000 0.000000 0.000000 0.000000 0.000000 0.000000 
t: 0.003310810811 start: 83 end: 126 0.000002 0.000001 0.000001 0.000006 0.000006 0.000031 0.000063 0.000177 0.000436 0.000840 0.001818 0.003354 0.006152 0.010505 0.016841 0.026254 0.038120 0.052111 0.067979 0.082376 0.094271 0.101842 0.102217 0.096087 0.084994 0.069461 0.052755 0.037362 0.024499 0.014522 0.007956 0.004000 0.001850 0.000734 0.000257 0.000079 0.000032 0.000008 0.000001 0.000000 0.000000 0.000000 0.000000 0.000000 
t: 0.003121019109 start: 84 end: 126 0.000002 0.000000 0.000001 0.000001 0.000011 0.000022 0.000042 0.000169 0.000364 0.000778 0.001522 0.003035 0.005663 0.009731 0.016121 0.025121 0.037048 0.051407 0.067228 0.082467 0.094947 0.103273 0.104009 0.098130 0.085950 0.070641 0.053075 0.037391 0.023950 0.014148 0.007574 0.003645 0.001615 0.000628 0.000192 0.000074 0.000019 0.000004 0.000002 0.000000 0.000000 0.000000 0.000000 
t: 0.002951807229 start: 84 end: 126 0.000001 0.000001 0.000000 0.000000 0.000003 0.000011 0.000014 0.000053 0.000141 0.000324 0.000736 0.001436 0.002937 0.005521 0.009760 0.015968 0.024963 0.037368 0.051697 0.068234 0.084068 0.097054 0.104674 0.105135 0.099018 0.085719 0.070141 0.052062 0.035826 0.022603 0.012661 0.006774 0.003123 0.001284 0.000477 0.000149 0.000049 0.000012 0.000003 0.000000 0.000000 0.000000 0.000000 
t: 0.002800000000 start: 86 end: 126 0.000001 0.000000 0.000001 0.000004 0.000006 0.000019 0.000048 0.000147 0.000342 0.000687 0.001511 0.002925 0.005670 0.010090 0.016445 0.025889 0.038467 0.053961 0.070446 0.086838 0.099562 0.106674 0.106746 0.098347 0.084856 0.067314 0.049453 0.033080 0.019841 0.011256 0.005546 0.002424 0.000940 0.000333 0.000105 0.000020 0.000006 0.000000 0.000000 0.000000 0.000000 
t: 0.002663043479 start: 87 end: 126 0.000001 0.000000 0.000002 0.000002 0.000004 0.000025 0.000063 0.000148 0.000329 0.000739 0.001566 0.003165 0.006099 0.010594 0.017760 0.027610 0.041081 0.057190 0.074205 0.090761 0.102954 0.108741 0.106888 0.097425 0.081849 0.063335 0.045272 0.029183 0.017019 0.009172 0.004179 0.001755 0.000609 0.000206 0.000056 0.000009 0.000004 0.000000 0.000000 0.000000 
t: 0.002538860104 start: 87 end: 126 0.000001 0.000000 0.000000 0.000002 0.000003 0.000009 0.000028 0.000063 0.000156 0.000372 0.000853 0.001668 0.003645 0.006650 0.011825 0.019472 0.030568 0.044907 0.061710 0.079519 0.095271 0.105887 0.111131 0.106622 0.094388 0.077385 0.058259 0.039766 0.024502 0.013852 0.006884 0.002988 0.001123 0.000364 0.000097 0.000021 0.000009 0.000000 0.000000 0.000000 
t: 0.002425742574 start: 88 end: 126 0.000001 0.000000 0.000001 0.000001 0.000005 0.000010 0.000024 0.000085 0.000189 0.000438 0.000987 0.002127 0.004019 0.007790 0.013317 0.022456 0.034450 0.049619 0.067526 0.085791 0.100590 0.109925 0.111759 0.104731 0.090157 0.071308 0.051465 0.033393 0.019912 0.010266 0.004800 0.001963 0.000641 0.000196 0.000044 0.000013 0.000001 0.000000 0.000000 
t: 0.002322274882 start: 90 end: 126 0.000002 0.000000 0.000003 0.000007 0.000010 0.000045 0.000086 0.000232 0.000556 0.001273 0.002461 0.004991 0.009216 0.015989 0.025803 0.039517 0.055718 0.074790 0.092400 0.106139 0.113191 0.111784 0.101417 0.083688 0.063540 0.043472 0.026971 0.014790 0.007244 0.003113 0.001121 0.000315 0.000091 0.000022 0.000003 0.000000 0.000000 
t: 0.002227272727 start: 92 end: 126 0.000003 0.000004 0.000007 0.000018 0.000057 0.000136 0.000313 0.000694 0.001567 0.003150 0.006287 0.011083 0.019356 0.030584 0.045440 0.063438 0.082774 0.100067 0.111220 0.115980 0.109484 0.095178 0.075775 0.053908 0.035499 0.020420 0.010345 0.004704 0.001773 0.000559 0.000133 0.000036 0.000008 0.000000 0.000000 
t: 0.002139737991 start: 93 end: 126 0.000002 0.000006 0.000009 0.000030 0.000078 0.000165 0.000410 0.000984 0.002003 0.004255 0.007537 0.014158 0.023491 0.036671 0.053374 0.072199 0.091885 0.107535 0.116090 0.115109 0.105072 0.087293 0.065192 0.044532 0.026811 0.014395 0.006841 0.002682 0.000890 0.000236 0.000053 0.000011 0.000001 0.000000 
t: 0.002058823530 start: 94 end: 126 0.000006 0.000004 0.000014 0.000043 0.000099 0.000230 0.000613 0.001288 0.002857 0.005306 0.010101 0.017680 0.029043 0.044202 0.062389 0.082717 0.100902 0.114457 0.117986 0.112758 0.097643 0.076538 0.054688 0.034158 0.019045 0.009422 0.003943 0.001398 0.000374 0.000077 0.000017 0.000002 0.000000 
t: 0.001983805668 start: 94 end: 126 0.000002 0.000004 0.000006 0.000022 0.000063 0.000130 0.000354 0.000829 0.001888 0.003726 0.007316 0.013291 0.022641 0.036000 0.053228 0.073373 0.093294 0.110252 0.118939 0.118177 0.106217 0.087456 0.064949 0.042266 0.024641 0.012557 0.005576 0.002072 0.000576 0.000126 0.000026 0.000003 0.000000 
t: 0.001914062500 start: 94 end: 126 0.000001 0.000002 0.000003 0.000013 0.000032 0.000089 0.000219 0.000539 0.001247 0.002573 0.005319 0.009925 0.017532 0.029104 0.044764 0.064052 0.085186 0.104284 0.117610 0.121128 0.114028 0.097352 0.074804 0.051335 0.030922 0.016318 0.007590 0.002896 0.000893 0.000197 0.000038 0.000005 0.000000 
t: 0.001849056604 start: 94 end: 126 0.000001 0.000001 0.000003 0.000004 0.000022 0.000061 0.000128 0.000350 0.000825 0.001817 0.003745 0.007393 0.013465 0.023439 0.037300 0.055373 0.076539 0.097648 0.114384 0.122394 0.119246 0.106512 0.084641 0.060443 0.037990 0.020701 0.009999 0.003895 0.001315 0.000301 0.000055 0.000010 0.000000 
t: 0.001788321168 start: 95 end: 126 0.000001 0.000003 0.000001 0.000010 0.000038 0.000080 0.000220 0.000538 0.001270 0.002723 0.005462 0.010289 0.018718 0.030868 0.047526 0.068130 0.090134 0.109746 0.121708 0.123431 0.113487 0.093963 0.069481 0.045942 0.025677 0.012910 0.005285 0.001818 0.000443 0.000081 0.000015 0.000002 
t: 0.001731448763 start: 95 end: 126 0.000001 0.000000 0.000002 0.000007 0.000021 0.000051 0.000136 0.000340 0.000889 0.001983 0.003984 0.007985 0.014770 0.025426 0.040489 0.060116 0.082024 0.104024 0.119409 0.125914 0.119423 0.102821 0.078894 0.053553 0.031342 0.016182 0.007003 0.002389 0.000674 0.000123 0.000023 0.000002 
t: 0.001678082192 start: 96 end: 126 0.000001 0.000001 0.000005 0.000012 0.000030 0.000094 0.000225 0.000616 0.001390 0.002932 0.006105 0.011734 0.020631 0.034252 0.052551 0.074506 0.097399 0.115851 0.126441 0.124253 0.110621 0.087662 0.061999 0.037506 0.019965 0.008888 0.003189 0.000923 0.000188 0.000027 0.000003 
t: 0.001627906977 start: 97 end: 126 0.000001 0.000003 0.000007 0.000020 0.000061 0.000157 0.000422 0.000966 0.002209 0.004575 0.009261 0.016762 0.028818 0.045619 0.066871 0.090675 0.111280 0.125627 0.127394 0.117509 0.096369 0.070064 0.044314 0.024194 0.011143 0.004120 0.001252 0.000260 0.000043 0.000004 
t: 0.001580645161 start: 97 end: 126 0.000001 0.000001 0.000005 0.000014 0.000030 0.000107 0.000283 0.000726 0.001619 0.003507 0.007243 0.013493 0.024265 0.039491 0.059578 0.083509 0.106197 0.123191 0.129494 0.122786 0.104937 0.078356 0.051294 0.028868 0.013645 0.005312 0.001632 0.000357 0.000054 0.000005 
t: 0.001536050157 start: 99 end: 126 0.000004 0.000012 0.000024 0.000068 0.000207 0.000482 0.001234 0.002673 0.005635 0.010969 0.020125 0.033908 0.052979 0.076304 0.100383 0.119955 0.130751 0.127171 0.112094 0.086520 0.058511 0.034101 0.016571 0.006667 0.002100 0.000470 0.000076 0.000006 
t: 0.001493902439 start: 99 end: 126 0.000002 0.000006 0.000020 0.000059 0.000132 0.000361 0.000906 0.001983 0.004453 0.008864 0.016636 0.029113 0.046744 0.069352 0.094215 0.116178 0.129924 0.131104 0.118447 0.094467 0.065820 0.039719 0.019944 0.008110 0.002695 0.000635 0.000101 0.000010 
t: 0.001454005935 start: 99 end: 126 0.000001 0.000003 0.000016 0.000043 0.000090 0.000251 0.000671 0.001555 0.003407 0.007178 0.013710 0.024815 0.041101 0.062727 0.087996 0.111624 0.128552 0.133481 0.124069 0.102028 0.073461 0.045342 0.023629 0.009983 0.003290 0.000830 0.000134 0.000013 
t: 0.001416184971 start: 100 end: 126 0.000003 0.000011 0.000036 0.000058 0.000183 0.000473 0.001193 0.002616 0.005859 0.011353 0.021259 0.035698 0.056608 0.081571 0.106620 0.126417 0.134787 0.129104 0.108827 0.080982 0.051353 0.027643 0.011982 0.004134 0.001046 0.000167 0.000017 
t: 0.001380281690 start: 100 end: 126 0.000003 0.000007 0.000022 0.000047 0.000137 0.000326 0.000938 0.002038 0.004673 0.009428 0.018048 0.031077 0.050806 0.075435 0.101174 0.123333 0.135192 0.133314 0.115543 0.088168 0.057550 0.031788 0.014313 0.005091 0.001313 0.000216 0.000020 
t: 0.001346153846 start: 100 end: 126 0.000001 0.000007 0.000012 0.000040 0.000094 0.000235 0.000711 0.001660 0.003655 0.007826 0.015312 0.027055 0.045590 0.068923 0.095550 0.119777 0.134921 0.136351 0.122114 0.095151 0.063884 0.036261 0.016778 0.006169 0.001605 0.000290 0.000028 
t: 0.001313672922 start: 101 end: 126 0.000008 0.000005 0.000032 0.000072 0.000162 0.000522 0.001317 0.002975 0.006532 0.012814 0.023612 0.040414 0.063503 0.089412 0.115587 0.134258 0.138619 0.127360 0.102294 0.070305 0.040932 0.019530 0.007368 0.001978 0.000352 0.000037 
t: 0.001282722513 start: 101 end: 126 0.000004 0.000003 0.000022 0.000059 0.000125 0.000382 0.001024 0.002383 0.005414 0.010835 0.020537 0.035848 0.057888 0.083972 0.111143 0.132300 0.140226 0.132241 0.108883 0.076715 0.045943 0.022463 0.008684 0.002421 0.000437 0.000048 
t: 0.001253196931 start: 101 end: 126 0.000002 0.000004 0.000018 0.000037 0.000095 0.000313 0.000795 0.001981 0.004396 0.009190 0.017827 0.031788 0.052405 0.078763 0.106137 0.129652 0.141495 0.136069 0.115348 0.083445 0.051029 0.025596 0.010095 0.002922 0.000542 0.000056 
t: 0.001225000000 start: 101 end: 126 0.000002 0.000003 0.000012 0.000029 0.000063 0.000246 0.000615 0.001564 0.003675 0.007714 0.015415 0.028223 0.047522 0.073283 0.101377 0.126322 0.141828 0.140044 0.120921 0.089879 0.056377 0.029023 0.011641 0.003485 0.000668 0.000069 
t: 0.001198044010 start: 101 end: 126 0.000001 0.000003 0.000008 0.000020 0.000053 0.000183 0.000497 0.001220 0.003026 0.006451 0.013289 0.025206 0.043011 0.067765 0.096376 0.123112 0.141502 0.142635 0.126826 0.096126 0.061680 0.032589 0.013407 0.004106 0.000826 0.000082 
t: 0.001172248804 start: 102 end: 126 0.000004 0.000004 0.000014 0.000042 0.000148 0.000387 0.000968 0.002487 0.005379 0.011546 0.022245 0.038868 0.062892 0.091245 0.119265 0.140745 0.144713 0.131975 0.102211 0.067159 0.036525 0.015306 0.004791 0.000977 0.000104 
t: 0.001147540984 start: 102 end: 126 0.000003 0.000003 0.000007 0.000034 0.000101 0.000297 0.000820 0.002015 0.004573 0.009954 0.019632 0.034948 0.058174 0.086168 0.115237 0.139468 0.145996 0.136854 0.108173 0.072883 0.040419 0.017402 0.005590 0.001129 0.000120 
t: 0.001123853211 start: 102 end: 126 0.000003 0.000002 0.000006 0.000028 0.000082 0.000214 0.000676 0.001666 0.003822 0.008588 0.017248 0.031709 0.053612 0.081326 0.111088 0.136970 0.147547 0.140824 0.113886 0.078796 0.044382 0.019625 0.006414 0.001341 0.000145 
t: 0.001101123596 start: 102 end: 126 0.000002 0.000003 0.000003 0.000025 0.000059 0.000163 0.000544 0.001400 0.003254 0.007356 0.015232 0.028478 0.049397 0.076363 0.106852 0.134263 0.148694 0.144181 0.119563 0.084534 0.048582 0.021982 0.007331 0.001565 0.000174 
t: 0.001079295154 start: 102 end: 126 0.000001 0.000003 0.000001 0.000021 0.000049 0.000132 0.000417 0.001161 0.002782 0.006355 0.013318 0.025697 0.045361 0.071555 0.102748 0.131457 0.148613 0.147490 0.124981 0.089898 0.053152 0.024470 0.008321 0.001825 0.000192 
t: 0.001058315335 start: 102 end: 126 0.000001 0.000003 0.000001 0.000013 0.000039 0.000093 0.000353 0.000960 0.002353 0.005451 0.011687 0.023254 0.041478 0.067305 0.098136 0.128614 0.148246 0.149897 0.130107 0.095468 0.057592 0.027231 0.009374 0.002117 0.000227 
t: 0.001038135593 start: 102 end: 126 0.000001 0.000001 0.000001 0.000010 0.000033 0.000070 0.000293 0.000799 0.001983 0.004748 0.010271 0.020793 0.037959 0.063117 0.093729 0.125350 0.147234 0.152541 0.134660 0.100914 0.062267 0.029967 0.010530 0.002459 0.000270 
t: 0.001018711019 start: 103 end: 126 0.000002 0.000001 0.000008 0.000023 0.000057 0.000233 0.000653 0.001710 0.004078 0.009088 0.018628 0.034698 0.058909 0.089280 0.122032 0.146170 0.154371 0.138900 0.106357 0.066933 0.032967 0.011775 0.002807 0.000320 
t: 0.001000000000 start: 103 end: 126 0.000002 0.000001 0.000006 0.000020 0.000047 0.000178 0.000557 0.001425 0.003516 0.008018 0.016744 0.031745 0.054921 0.085086 0.118079 0.144933 0.155767 0.143067 0.111674 0.071464 0.036012 0.013196 0.003175 0.000367 
