t: 0.059999999999 start: 3 end: 12 0.000006 0.000338 0.003769 0.024366 0.092309 0.211888 0.297066 0.244831 0.106513 0.018914 
t: 0.054545454544 start: 3 end: 12 0.000004 0.000190 0.002280 0.016757 0.071209 0.184328 0.291794 0.271668 0.134562 0.027208 
t: 0.049999999999 start: 3 end: 12 0.000002 0.000107 0.001447 0.011705 0.055031 0.159711 0.280525 0.292607 0.162127 0.036738 
t: 0.046153846153 start: 3 end: 12 0.000001 0.000068 0.000930 0.008339 0.042921 0.137670 0.266999 0.306835 0.188930 0.047307 
t: 0.042857142857 start: 3 end: 12 0.000001 0.000047 0.000614 0.006049 0.033899 0.118619 0.251756 0.316358 0.213716 0.058941 
t: 0.040000000000 start: 4 end: 12 0.000031 0.000428 0.004401 0.026928 0.102251 0.235932 0.322273 0.236543 0.071213 
t: 0.037500000000 start: 4 end: 12 0.000022 0.000303 0.003259 0.021488 0.088509 0.219768 0.325111 0.257412 0.084128 
t: 0.035294117647 start: 4 end: 12 0.000018 0.000217 0.002460 0.017339 0.076591 0.204660 0.324826 0.276615 0.097274 
t: 0.033333333333 start: 4 end: 12 0.000012 0.000168 0.001862 0.014144 0.066450 0.190153 0.322605 0.293981 0.110625 
t: 0.031578947368 start: 4 end: 12 0.000007 0.000129 0.001436 0.011669 0.057662 0.176504 0.318906 0.309469 0.124218 
t: 0.030000000000 start: 4 end: 12 0.000003 0.000102 0.001118 0.009532 0.050525 0.163769 0.313745 0.323299 0.137907 
t: 0.028571428571 start: 4 end: 12 0.000003 0.000080 0.000885 0.007908 0.044394 0.151699 0.307887 0.335589 0.151555 
t: 0.027272727273 start: 4 end: 12 0.000003 0.000059 0.000706 0.006622 0.039004 0.140580 0.301279 0.346515 0.165232 
t: 0.026086956522 start: 4 end: 12 0.000003 0.000045 0.000568 0.005534 0.034580 0.130369 0.294246 0.355944 0.178711 
t: 0.025000000000 start: 4 end: 12 0.000002 0.000036 0.000451 0.004735 0.030543 0.121356 0.286509 0.364674 0.191694 
t: 0.024000000000 start: 4 end: 12 0.000002 0.000028 0.000378 0.004041 0.027067 0.112818 0.279230 0.371541 0.204895 
t: 0.023076923077 start: 4 end: 12 0.000002 0.000022 0.000317 0.003456 0.024095 0.105085 0.271685 0.377729 0.217609 
t: 0.022222222222 start: 4 end: 12 0.000001 0.000016 0.000272 0.002990 0.021470 0.097806 0.263980 0.383265 0.230200 
t: 0.021428571428 start: 5 end: 12 0.000012 0.000212 0.002559 0.019428 0.091213 0.256225 0.387781 0.242570 
t: 0.020689655172 start: 5 end: 12 0.000012 0.000185 0.002218 0.017437 0.085158 0.248744 0.391589 0.254657 
t: 0.020000000000 start: 5 end: 12 0.000010 0.000158 0.001919 0.015679 0.079630 0.241576 0.394457 0.266571 
t: 0.019354838710 start: 5 end: 12 0.000010 0.000129 0.001691 0.014160 0.074666 0.234246 0.396954 0.278144 
t: 0.018750000000 start: 5 end: 12 0.000008 0.000108 0.001478 0.012768 0.069928 0.227371 0.398872 0.289467 
t: 0.018181818182 start: 5 end: 12 0.000008 0.000091 0.001325 0.011506 0.065742 0.220392 0.400439 0.300497 
t: 0.017647058823 start: 5 end: 12 0.000007 0.000079 0.001172 0.010458 0.061631 0.213974 0.401278 0.311401 
t: 0.017142857143 start: 5 end: 12 0.000007 0.000068 0.001014 0.009547 0.057803 0.207770 0.401625 0.322166 
t: 0.016666666667 start: 5 end: 12 0.000005 0.000058 0.000917 0.008700 0.054355 0.201452 0.402060 0.332453 
t: 0.016216216216 start: 5 end: 12 0.000005 0.000050 0.000814 0.007999 0.051215 0.195332 0.402126 0.342459 
t: 0.015789473684 start: 5 end: 12 0.000005 0.000045 0.000720 0.007350 0.048360 0.189527 0.401747 0.352246 
t: 0.015384615385 start: 5 end: 12 0.000005 0.000041 0.000657 0.006735 0.045638 0.184015 0.401244 0.361665 
t: 0.015000000000 start: 5 end: 12 0.000005 0.000041 0.000598 0.006187 0.043052 0.178687 0.400560 0.370870 
t: 0.014634146341 start: 5 end: 12 0.000004 0.000037 0.000520 0.005732 0.040781 0.173400 0.399464 0.380062 
t: 0.014285714286 start: 5 end: 12 0.000002 0.000033 0.000477 0.005270 0.038695 0.168244 0.398303 0.388976 
t: 0.013953488372 start: 5 end: 12 0.000002 0.000027 0.000432 0.004866 0.036560 0.163657 0.396859 0.397597 
t: 0.013636363636 start: 5 end: 12 0.000002 0.000022 0.000401 0.004491 0.034719 0.159157 0.395174 0.406034 
t: 0.013333333333 start: 5 end: 12 0.000002 0.000020 0.000372 0.004150 0.032991 0.154694 0.393481 0.414290 
t: 0.013043478261 start: 5 end: 12 0.000002 0.000017 0.000336 0.003835 0.031356 0.150382 0.391584 0.422488 
t: 0.012765957447 start: 5 end: 12 0.000002 0.000016 0.000296 0.003577 0.029794 0.146351 0.389573 0.430391 
t: 0.012500000000 start: 5 end: 12 0.000002 0.000014 0.000270 0.003328 0.028398 0.142196 0.387650 0.438142 
t: 0.012244897959 start: 5 end: 12 0.000002 0.000014 0.000239 0.003108 0.027100 0.138285 0.385644 0.445608 
t: 0.012000000000 start: 5 end: 12 0.000002 0.000012 0.000213 0.002934 0.025754 0.134519 0.383819 0.452747 
t: 0.011764705882 start: 5 end: 12 0.000002 0.000010 0.000195 0.002748 0.024498 0.131072 0.381622 0.459853 
t: 0.011538461538 start: 5 end: 12 0.000002 0.000009 0.000182 0.002583 0.023365 0.127655 0.379452 0.466752 
t: 0.011320754717 start: 5 end: 12 0.000002 0.000008 0.000172 0.002415 0.022332 0.124335 0.377151 0.473585 
t: 0.011111111111 start: 5 end: 12 0.000001 0.000009 0.000152 0.002273 0.021383 0.121112 0.374907 0.480163 
t: 0.010909090909 start: 5 end: 12 0.000001 0.000009 0.000142 0.002104 0.020501 0.118056 0.372516 0.486671 
t: 0.010714285714 start: 5 end: 12 0.000001 0.000008 0.000136 0.001979 0.019594 0.115272 0.370095 0.492915 
t: 0.010526315789 start: 5 end: 12 0.000001 0.000006 0.000129 0.001833 0.018829 0.112373 0.367749 0.499080 
t: 0.010344827586 start: 5 end: 12 0.000001 0.000005 0.000122 0.001736 0.018016 0.109618 0.365490 0.505012 
t: 0.010169491525 start: 5 end: 12 0.000001 0.000005 0.000113 0.001643 0.017260 0.106903 0.363206 0.510869 
t: 0.010000000000 start: 5 end: 12 0.000001 0.000005 0.000106 0.001543 0.016575 0.104358 0.360745 0.516667 
t: 0.008448275866 start: 6 end: 12 0.000002 0.000061 0.000838 0.010851 0.081028 0.334951 0.572269 
t: 0.007313432839 start: 6 end: 12 0.000001 0.000035 0.000473 0.007502 0.064626 0.310515 0.616848 
t: 0.006447368423 start: 7 end: 12 0.000018 0.000312 0.005339 0.052835 0.287997 0.653499 
t: 0.005764705884 start: 7 end: 12 0.000012 0.000190 0.003947 0.043843 0.268529 0.683479 
t: 0.005212765959 start: 7 end: 12 0.000006 0.000138 0.003014 0.037056 0.250981 0.708805 
t: 0.004757281555 start: 7 end: 12 0.000003 0.000098 0.002346 0.031637 0.235336 0.730580 
t: 0.004375000001 start: 7 end: 12 0.000002 0.000062 0.001866 0.027289 0.221674 0.749107 
t: 0.004049586778 start: 8 end: 12 0.000046 0.001490 0.023847 0.209001 0.765616 
t: 0.003769230770 start: 8 end: 12 0.000037 0.001224 0.020912 0.197894 0.779933 
t: 0.003525179857 start: 8 end: 12 0.000026 0.001020 0.018549 0.187891 0.792514 
t: 0.003310810811 start: 8 end: 12 0.000020 0.000845 0.016589 0.178734 0.803812 
t: 0.003121019109 start: 8 end: 12 0.000016 0.000687 0.014900 0.170597 0.813800 
t: 0.002951807229 start: 8 end: 12 0.000010 0.000594 0.013467 0.162988 0.822941 
t: 0.002800000000 start: 8 end: 12 0.000009 0.000513 0.012190 0.155998 0.831290 
t: 0.002663043479 start: 8 end: 12 0.000008 0.000432 0.011170 0.149719 0.838671 
t: 0.002538860104 start: 8 end: 12 0.000008 0.000376 0.010185 0.143853 0.845578 
t: 0.002425742574 start: 8 end: 12 0.000007 0.000326 0.009382 0.138352 0.851933 
t: 0.002322274882 start: 8 end: 12 0.000006 0.000293 0.008661 0.133237 0.857803 
t: 0.002227272727 start: 8 end: 12 0.000006 0.000255 0.007990 0.128483 0.863266 
t: 0.002139737991 start: 8 end: 12 0.000004 0.000220 0.007434 0.124009 0.868333 
t: 0.002058823530 start: 8 end: 12 0.000004 0.000202 0.006903 0.119932 0.872959 
t: 0.001983805668 start: 8 end: 12 0.000003 0.000182 0.006422 0.116113 0.877280 
t: 0.001914062500 start: 8 end: 12 0.000003 0.000167 0.006018 0.112483 0.881329 
t: 0.001849056604 start: 8 end: 12 0.000002 0.000147 0.005642 0.109102 0.885107 
t: 0.001788321168 start: 8 end: 12 0.000001 0.000136 0.005300 0.105949 0.888614 
t: 0.001731448763 start: 8 end: 12 0.000001 0.000126 0.004972 0.102894 0.892007 
t: 0.001678082192 start: 9 end: 12 0.000114 0.004676 0.100084 0.895126 
t: 0.001627906977 start: 9 end: 12 0.000107 0.004416 0.097374 0.898103 
t: 0.001580645161 start: 9 end: 12 0.000099 0.004175 0.094875 0.900851 
t: 0.001536050157 start: 9 end: 12 0.000091 0.003954 0.092395 0.903560 
t: 0.001493902439 start: 9 end: 12 0.000086 0.003735 0.090107 0.906072 
t: 0.001454005935 start: 9 end: 12 0.000078 0.003558 0.087923 0.908441 
t: 0.001416184971 start: 9 end: 12 0.000073 0.003389 0.085834 0.910704 
t: 0.001380281690 start: 9 end: 12 0.000068 0.003216 0.083903 0.912813 
t: 0.001346153846 start: 9 end: 12 0.000065 0.003060 0.082051 0.914824 
t: 0.001313672922 start: 9 end: 12 0.000060 0.002923 0.080305 0.916712 
t: 0.001282722513 start: 9 end: 12 0.000054 0.002778 0.078560 0.918608 
t: 0.001253196931 start: 9 end: 12 0.000053 0.002647 0.076856 0.920444 
t: 0.001225000000 start: 9 end: 12 0.000048 0.002553 0.075276 0.922123 
t: 0.001198044010 start: 9 end: 12 0.000044 0.002454 0.073688 0.923814 
t: 0.001172248804 start: 9 end: 12 0.000042 0.002360 0.072296 0.925302 
t: 0.001147540984 start: 9 end: 12 0.000041 0.002267 0.070857 0.926835 
t: 0.001123853211 start: 9 end: 12 0.000039 0.002185 0.069453 0.928323 
t: 0.001101123596 start: 9 end: 12 0.000038 0.002109 0.068177 0.929676 
t: 0.001079295154 start: 9 end: 12 0.000036 0.002029 0.066885 0.931050 
t: 0.001058315335 start: 9 end: 12 0.000034 0.001973 0.065677 0.932316 
t: 0.001038135593 start: 9 end: 12 0.000033 0.001890 0.064522 0.933555 
t: 0.001018711019 start: 9 end: 12 0.000032 0.001831 0.063410 0.934727 
t: 0.001000000000 start: 9 end: 12 0.000031 0.001775 0.062353 0.935841 
