t: 0.059999999999 start: 13 end: 50 0.000001 0.000005 0.000026 0.000097 0.000334 0.001228 0.003503 0.008650 0.018674 0.035157 0.059064 0.086204 0.112607 0.129541 0.134133 0.123249 0.101945 0.075495 0.049827 0.030143 0.016375 0.008061 0.003552 0.001406 0.000504 0.000157 0.000037 0.000021 0.000003 0.000001 0.000000 0.000000 0.000000 0.000000 0.000000 0.000000 0.000000 0.000000 
t: 0.054545454544 start: 15 end: 53 0.000001 0.000011 0.000039 0.000145 0.000542 0.001602 0.004182 0.009685 0.019814 0.036040 0.058492 0.084673 0.107602 0.124221 0.129895 0.121048 0.101639 0.077484 0.053128 0.033243 0.018967 0.009821 0.004664 0.001908 0.000777 0.000255 0.000086 0.000028 0.000006 0.000001 0.000001 0.000000 0.000000 0.000000 0.000000 0.000000 0.000000 0.000000 0.000000 
t: 0.049999999999 start: 17 end: 55 0.000005 0.000013 0.000062 0.000247 0.000720 0.002105 0.005121 0.011176 0.022029 0.038799 0.059532 0.083690 0.105955 0.121238 0.125500 0.117293 0.099798 0.077420 0.053621 0.034830 0.020503 0.010882 0.005479 0.002424 0.000981 0.000384 0.000135 0.000041 0.000011 0.000004 0.000002 0.000000 0.000000 0.000000 0.000000 0.000000 0.000000 0.000000 0.000000 
t: 0.046153846153 start: 18 end: 58 0.000003 0.000010 0.000039 0.000101 0.000385 0.001079 0.002788 0.006504 0.013443 0.024884 0.041670 0.062302 0.084902 0.105594 0.118960 0.122031 0.112998 0.097148 0.074565 0.053231 0.034589 0.020972 0.011314 0.005851 0.002740 0.001196 0.000464 0.000161 0.000047 0.000023 0.000004 0.000001 0.000000 0.000001 0.000000 0.000000 0.000000 0.000000 0.000000 0.000000 0.000000 
t: 0.042857142857 start: 19 end: 59 0.000001 0.000005 0.000018 0.000059 0.000226 0.000593 0.001566 0.003780 0.008394 0.016351 0.028464 0.045667 0.066890 0.087754 0.106031 0.117478 0.118236 0.108917 0.092146 0.071018 0.050512 0.033584 0.020232 0.011309 0.005976 0.002789 0.001215 0.000491 0.000190 0.000078 0.000021 0.000006 0.000003 0.000000 0.000000 0.000000 0.000000 0.000000 0.000000 0.000000 0.000000 
t: 0.040000000000 start: 21 end: 60 0.000001 0.000010 0.000035 0.000105 0.000347 0.000952 0.002410 0.005387 0.010856 0.019917 0.033118 0.051261 0.071728 0.091629 0.106859 0.116346 0.114007 0.103815 0.086367 0.065981 0.047409 0.031396 0.019069 0.010693 0.005604 0.002656 0.001256 0.000494 0.000184 0.000075 0.000024 0.000009 0.000000 0.000000 0.000000 0.000000 0.000000 0.000000 0.000000 0.000000 
t: 0.037500000000 start: 23 end: 64 0.000005 0.000016 0.000060 0.000227 0.000607 0.001542 0.003593 0.007295 0.014002 0.024513 0.039122 0.057980 0.077354 0.095180 0.108824 0.114163 0.109268 0.097574 0.079819 0.061313 0.043043 0.028060 0.017231 0.009673 0.005175 0.002478 0.001129 0.000470 0.000173 0.000080 0.000018 0.000009 0.000003 0.000001 0.000000 0.000000 0.000000 0.000000 0.000000 0.000000 0.000000 0.000000 
t: 0.035294117647 start: 25 end: 66 0.000009 0.000034 0.000140 0.000354 0.001051 0.002433 0.005165 0.010055 0.018153 0.030660 0.046136 0.064535 0.083811 0.099587 0.109617 0.110870 0.104307 0.090611 0.073141 0.054819 0.038267 0.024681 0.015089 0.008310 0.004428 0.002098 0.000996 0.000387 0.000162 0.000058 0.000025 0.000008 0.000002 0.000001 0.000000 0.000000 0.000000 0.000000 0.000000 0.000000 0.000000 0.000000 
t: 0.033333333333 start: 25 end: 68 0.000002 0.000005 0.000025 0.000080 0.000247 0.000695 0.001692 0.003672 0.007395 0.013838 0.023763 0.037379 0.054145 0.072542 0.090115 0.102870 0.108665 0.107352 0.098210 0.082877 0.065658 0.048353 0.032999 0.021288 0.012349 0.007034 0.003612 0.001755 0.000833 0.000346 0.000127 0.000055 0.000012 0.000006 0.000003 0.000001 0.000000 0.000000 0.000000 0.000000 0.000000 0.000000 0.000000 0.000000 
t: 0.031578947368 start: 26 end: 70 0.000001 0.000005 0.000019 0.000068 0.000170 0.000491 0.001210 0.002757 0.005629 0.010936 0.018614 0.030572 0.045312 0.062919 0.080287 0.095490 0.104812 0.107340 0.102344 0.090653 0.075027 0.057401 0.041464 0.027775 0.017490 0.010271 0.005622 0.002866 0.001410 0.000632 0.000251 0.000112 0.000029 0.000016 0.000002 0.000002 0.000001 0.000000 0.000000 0.000000 0.000000 0.000000 0.000000 0.000000 0.000000 
t: 0.030000000000 start: 27 end: 72 0.000001 0.000008 0.000011 0.000043 0.000142 0.000329 0.000927 0.002048 0.004460 0.008454 0.015269 0.025121 0.038584 0.054416 0.072113 0.087993 0.099540 0.105289 0.104172 0.095831 0.082522 0.065777 0.049411 0.034635 0.022557 0.013971 0.008008 0.004295 0.002269 0.001050 0.000444 0.000199 0.000080 0.000017 0.000009 0.000003 0.000001 0.000001 0.000000 0.000000 0.000000 0.000000 0.000000 0.000000 0.000000 0.000000 
t: 0.028571428571 start: 28 end: 72 0.000001 0.000004 0.000008 0.000030 0.000100 0.000297 0.000707 0.001636 0.003511 0.006963 0.012572 0.020890 0.033175 0.047943 0.064555 0.080374 0.094222 0.102556 0.104303 0.098623 0.087757 0.072810 0.056511 0.041516 0.028138 0.017850 0.010778 0.006069 0.003202 0.001649 0.000715 0.000324 0.000130 0.000056 0.000018 0.000005 0.000002 0.000000 0.000000 0.000000 0.000000 0.000000 0.000000 0.000000 0.000000 
t: 0.027272727273 start: 30 end: 72 0.000005 0.000009 0.000027 0.000080 0.000262 0.000542 0.001401 0.002952 0.005764 0.010434 0.017976 0.028732 0.042573 0.058214 0.074177 0.088602 0.098450 0.103400 0.100335 0.091741 0.078330 0.062582 0.047633 0.033325 0.022047 0.013779 0.007964 0.004513 0.002233 0.001074 0.000496 0.000210 0.000086 0.000037 0.000015 0.000000 0.000000 0.000000 0.000000 0.000000 0.000000 0.000000 0.000000 
t: 0.026086956522 start: 30 end: 75 0.000001 0.000003 0.000007 0.000021 0.000059 0.000201 0.000495 0.001143 0.002496 0.004952 0.009121 0.015647 0.025288 0.037933 0.052752 0.068638 0.083529 0.094540 0.101374 0.101290 0.094371 0.082198 0.068101 0.052895 0.038256 0.026195 0.016673 0.010079 0.005886 0.003074 0.001543 0.000691 0.000312 0.000152 0.000064 0.000012 0.000006 0.000002 0.000000 0.000000 0.000000 0.000000 0.000000 0.000000 0.000000 0.000000 
t: 0.025000000000 start: 31 end: 77 0.000001 0.000002 0.000009 0.000016 0.000064 0.000177 0.000424 0.000979 0.002155 0.004251 0.008101 0.013653 0.022930 0.034546 0.048259 0.063801 0.078602 0.091011 0.099477 0.100867 0.095870 0.085404 0.072500 0.057611 0.042587 0.029958 0.019472 0.012203 0.007267 0.003937 0.002078 0.000977 0.000467 0.000205 0.000091 0.000031 0.000013 0.000003 0.000001 0.000000 0.000000 0.000000 0.000000 0.000000 0.000000 0.000000 0.000000 
t: 0.024000000000 start: 32 end: 78 0.000001 0.000002 0.000006 0.000015 0.000059 0.000168 0.000376 0.000869 0.001890 0.003823 0.007166 0.012628 0.020468 0.031935 0.044852 0.059788 0.074609 0.087571 0.096928 0.099315 0.096864 0.088264 0.075972 0.061334 0.046476 0.033154 0.022720 0.014299 0.008586 0.004944 0.002560 0.001266 0.000620 0.000288 0.000124 0.000036 0.000015 0.000008 0.000001 0.000000 0.000000 0.000000 0.000000 0.000000 0.000000 0.000000 0.000000 
t: 0.023076923077 start: 34 end: 79 0.000002 0.000010 0.000008 0.000060 0.000149 0.000354 0.000826 0.001708 0.003514 0.006619 0.011661 0.019165 0.029009 0.042090 0.056676 0.071257 0.084993 0.093653 0.099008 0.097065 0.090147 0.078198 0.064463 0.049909 0.036202 0.025115 0.016310 0.009942 0.005776 0.003149 0.001543 0.000763 0.000386 0.000159 0.000069 0.000034 0.000006 0.000002 0.000000 0.000000 0.000000 0.000000 0.000000 0.000000 0.000000 0.000000 
t: 0.022222222222 start: 35 end: 81 0.000004 0.000006 0.000015 0.000061 0.000125 0.000324 0.000782 0.001646 0.003293 0.006208 0.010815 0.017982 0.027414 0.040010 0.053990 0.068696 0.082158 0.092003 0.097395 0.096710 0.091024 0.080663 0.066984 0.052432 0.038757 0.027351 0.017880 0.011310 0.006668 0.003659 0.001934 0.000891 0.000471 0.000196 0.000089 0.000041 0.000010 0.000002 0.000001 0.000000 0.000000 0.000000 0.000000 0.000000 0.000000 0.000000 0.000000 
t: 0.021428571428 start: 36 end: 81 0.000002 0.000005 0.000020 0.000058 0.000114 0.000325 0.000755 0.001632 0.003078 0.005892 0.010319 0.016988 0.026424 0.038171 0.052083 0.066349 0.079930 0.090431 0.096221 0.096470 0.091597 0.081799 0.068951 0.054676 0.040878 0.028909 0.019580 0.012393 0.007517 0.004218 0.002176 0.001129 0.000499 0.000223 0.000125 0.000041 0.000017 0.000005 0.000000 0.000000 0.000000 0.000000 0.000000 0.000000 0.000000 0.000000 
t: 0.020689655172 start: 37 end: 83 0.000001 0.000005 0.000016 0.000067 0.000127 0.000311 0.000763 0.001564 0.003006 0.005651 0.009972 0.016501 0.025741 0.037161 0.050617 0.064362 0.078001 0.089147 0.095211 0.095861 0.092129 0.082578 0.070169 0.056311 0.042410 0.030589 0.020600 0.013385 0.008236 0.004634 0.002479 0.001308 0.000586 0.000298 0.000124 0.000057 0.000013 0.000007 0.000002 0.000000 0.000000 0.000000 0.000000 0.000000 0.000000 0.000000 0.000000 
t: 0.020000000000 start: 38 end: 84 0.000001 0.000005 0.000022 0.000051 0.000132 0.000345 0.000714 0.001502 0.003027 0.005656 0.009821 0.016290 0.025015 0.036314 0.049850 0.063180 0.076546 0.087832 0.093958 0.096096 0.091634 0.083480 0.071032 0.057185 0.043763 0.031566 0.021681 0.014142 0.008656 0.005024 0.002785 0.001431 0.000695 0.000319 0.000155 0.000063 0.000024 0.000005 0.000003 0.000000 0.000000 0.000000 0.000000 0.000000 0.000000 0.000000 0.000000 
t: 0.019354838710 start: 39 end: 86 0.000001 0.000005 0.000020 0.000052 0.000141 0.000314 0.000768 0.001554 0.003132 0.005690 0.009831 0.016306 0.024705 0.036001 0.048878 0.062474 0.075948 0.086763 0.093364 0.094790 0.092243 0.083113 0.071832 0.058012 0.044329 0.032444 0.022384 0.014673 0.008992 0.005392 0.002949 0.001529 0.000709 0.000393 0.000168 0.000056 0.000031 0.000010 0.000003 0.000001 0.000000 0.000000 0.000000 0.000000 0.000000 0.000000 0.000000 0.000000 
t: 0.018750000000 start: 40 end: 88 0.000003 0.000002 0.000029 0.000062 0.000143 0.000321 0.000814 0.001649 0.003229 0.005843 0.009998 0.016229 0.024998 0.035989 0.048210 0.062490 0.075563 0.085880 0.092448 0.094797 0.090997 0.083794 0.071348 0.058322 0.044900 0.033006 0.022910 0.014975 0.009366 0.005492 0.003086 0.001585 0.000815 0.000410 0.000150 0.000094 0.000034 0.000011 0.000006 0.000001 0.000001 0.000000 0.000000 0.000000 0.000000 0.000000 0.000000 0.000000 0.000000 
t: 0.018181818182 start: 41 end: 89 0.000001 0.000010 0.000025 0.000060 0.000141 0.000382 0.000803 0.001715 0.003437 0.006075 0.010221 0.016613 0.025420 0.035922 0.048892 0.062400 0.075148 0.085523 0.092642 0.094020 0.090455 0.082682 0.071416 0.058228 0.045007 0.033010 0.022910 0.015299 0.009525 0.005597 0.003189 0.001629 0.000885 0.000402 0.000172 0.000080 0.000036 0.000016 0.000009 0.000002 0.000000 0.000001 0.000000 0.000000 0.000000 0.000000 0.000000 0.000000 0.000000 
t: 0.017647058823 start: 42 end: 91 0.000003 0.000013 0.000021 0.000074 0.000181 0.000405 0.000882 0.001844 0.003524 0.006488 0.010667 0.016969 0.025973 0.036780 0.049681 0.062970 0.075055 0.085568 0.091615 0.093738 0.089835 0.081909 0.070882 0.057692 0.044704 0.032887 0.022807 0.015238 0.009319 0.005750 0.003213 0.001672 0.000905 0.000406 0.000184 0.000081 0.000037 0.000020 0.000005 0.000001 0.000001 0.000001 0.000000 0.000000 0.000000 0.000000 0.000000 0.000000 0.000000 0.000000 
t: 0.017142857143 start: 42 end: 90 0.000001 0.000007 0.000015 0.000021 0.000088 0.000206 0.000443 0.000980 0.001988 0.003898 0.006758 0.011105 0.017878 0.026429 0.037879 0.050618 0.063537 0.075866 0.085623 0.091670 0.092810 0.089339 0.080883 0.069518 0.057185 0.044144 0.032385 0.022413 0.014922 0.009340 0.005615 0.003137 0.001704 0.000865 0.000424 0.000164 0.000075 0.000041 0.000017 0.000007 0.000000 0.000002 0.000000 0.000000 0.000000 0.000000 0.000000 0.000000 0.000000 
t: 0.016666666667 start: 42 end: 91 0.000001 0.000000 0.000009 0.000011 0.000042 0.000097 0.000211 0.000511 0.001091 0.002216 0.004194 0.007136 0.011890 0.018724 0.027458 0.039349 0.051414 0.064803 0.076678 0.085814 0.091502 0.092508 0.088168 0.079789 0.068632 0.055800 0.043183 0.031536 0.022093 0.014309 0.009170 0.005405 0.003008 0.001674 0.000878 0.000390 0.000185 0.000069 0.000029 0.000015 0.000004 0.000002 0.000002 0.000000 0.000000 0.000000 0.000000 0.000000 0.000000 0.000000 
t: 0.016216216216 start: 42 end: 91 0.000001 0.000000 0.000001 0.000009 0.000022 0.000034 0.000111 0.000282 0.000575 0.001273 0.002457 0.004480 0.007867 0.012696 0.019695 0.029191 0.040557 0.053002 0.065836 0.077528 0.086612 0.091688 0.091348 0.087281 0.078453 0.067059 0.054314 0.041966 0.030754 0.021064 0.013950 0.008795 0.005131 0.002933 0.001511 0.000820 0.000405 0.000174 0.000077 0.000025 0.000013 0.000007 0.000003 0.000000 0.000000 0.000000 0.000000 0.000000 0.000000 0.000000 
t: 0.015789473684 start: 42 end: 91 0.000001 0.000000 0.000000 0.000001 0.000013 0.000024 0.000048 0.000123 0.000334 0.000713 0.001442 0.002697 0.004994 0.008537 0.013622 0.021070 0.030847 0.042250 0.054800 0.067302 0.078609 0.087145 0.091230 0.090911 0.086249 0.076904 0.065140 0.052889 0.040488 0.029345 0.020156 0.013232 0.008420 0.004946 0.002637 0.001454 0.000766 0.000384 0.000166 0.000067 0.000026 0.000013 0.000003 0.000002 0.000000 0.000000 0.000000 0.000000 0.000000 0.000000 
t: 0.015384615385 start: 46 end: 95 0.000005 0.000011 0.000018 0.000077 0.000184 0.000390 0.000833 0.001647 0.003099 0.005425 0.009301 0.014874 0.022781 0.032486 0.044231 0.056966 0.068710 0.080152 0.087644 0.091319 0.090514 0.084723 0.074592 0.063346 0.050864 0.038797 0.027840 0.019123 0.012491 0.007807 0.004627 0.002505 0.001300 0.000714 0.000346 0.000158 0.000049 0.000041 0.000003 0.000004 0.000002 0.000000 0.000001 0.000000 0.000000 0.000000 0.000000 0.000000 0.000000 0.000000 
t: 0.015000000000 start: 46 end: 96 0.000002 0.000006 0.000009 0.000032 0.000096 0.000230 0.000449 0.000981 0.001940 0.003494 0.006095 0.010353 0.016185 0.024459 0.034494 0.046601 0.059120 0.070733 0.081366 0.088313 0.091565 0.089323 0.082359 0.073075 0.061446 0.048536 0.036630 0.026372 0.018054 0.011490 0.007320 0.004174 0.002315 0.001246 0.000593 0.000317 0.000133 0.000057 0.000026 0.000006 0.000003 0.000001 0.000001 0.000000 0.000000 0.000000 0.000000 0.000000 0.000000 0.000000 0.000000 
t: 0.014634146341 start: 46 end: 96 0.000001 0.000001 0.000007 0.000016 0.000046 0.000126 0.000241 0.000586 0.001119 0.002208 0.004092 0.006787 0.011507 0.017979 0.026420 0.036863 0.049029 0.061380 0.072894 0.082862 0.089166 0.090701 0.087937 0.080842 0.070751 0.058776 0.046418 0.034658 0.024535 0.016596 0.010872 0.006539 0.003832 0.002104 0.001082 0.000589 0.000250 0.000105 0.000055 0.000016 0.000008 0.000003 0.000001 0.000000 0.000000 0.000000 0.000000 0.000000 0.000000 0.000000 0.000000 
t: 0.014285714286 start: 47 end: 96 0.000001 0.000006 0.000003 0.000023 0.000059 0.000156 0.000311 0.000646 0.001314 0.002638 0.004633 0.007901 0.012807 0.019916 0.028607 0.039411 0.051765 0.063934 0.075402 0.084094 0.089399 0.090049 0.086787 0.078876 0.068091 0.056115 0.043593 0.032633 0.022702 0.015300 0.009745 0.005980 0.003394 0.001857 0.001005 0.000476 0.000200 0.000098 0.000054 0.000008 0.000010 0.000000 0.000001 0.000000 0.000000 0.000000 0.000000 0.000000 0.000000 0.000000 
t: 0.013953488372 start: 48 end: 97 0.000002 0.000004 0.000011 0.000033 0.000075 0.000187 0.000363 0.000757 0.001706 0.002984 0.005489 0.008938 0.014395 0.021829 0.031233 0.042209 0.054675 0.067150 0.076993 0.085346 0.090077 0.089755 0.084841 0.076071 0.065380 0.053538 0.040858 0.029753 0.021187 0.013783 0.008823 0.005317 0.003050 0.001634 0.000819 0.000412 0.000189 0.000078 0.000030 0.000015 0.000008 0.000003 0.000000 0.000000 0.000000 0.000000 0.000000 0.000000 0.000000 0.000000 
t: 0.013636363636 start: 49 end: 99 0.000002 0.000007 0.000012 0.000042 0.000123 0.000189 0.000511 0.000971 0.001934 0.003643 0.006348 0.010199 0.016148 0.024380 0.033866 0.045402 0.058126 0.069184 0.079556 0.086497 0.090630 0.088315 0.083125 0.073164 0.062536 0.050057 0.038061 0.027489 0.019065 0.012473 0.007907 0.004697 0.002626 0.001425 0.000687 0.000330 0.000162 0.000072 0.000020 0.000011 0.000005 0.000002 0.000001 0.000000 0.000000 0.000000 0.000000 0.000000 0.000000 0.000000 0.000000 
t: 0.013333333333 start: 49 end: 99 0.000002 0.000002 0.000008 0.000020 0.000064 0.000135 0.000274 0.000623 0.001155 0.002394 0.004354 0.007179 0.011907 0.018335 0.026594 0.037172 0.049152 0.060790 0.072255 0.081507 0.088416 0.089886 0.086937 0.080410 0.070632 0.058735 0.046880 0.035234 0.025258 0.017109 0.011000 0.006961 0.004035 0.002297 0.001172 0.000598 0.000297 0.000137 0.000048 0.000025 0.000005 0.000003 0.000003 0.000000 0.000000 0.000000 0.000000 0.000000 0.000000 0.000000 0.000000 
t: 0.013043478261 start: 49 end: 99 0.000002 0.000000 0.000001 0.000010 0.000034 0.000079 0.000169 0.000384 0.000728 0.001505 0.002956 0.004979 0.008615 0.013577 0.020492 0.029664 0.040585 0.052653 0.064253 0.075135 0.083593 0.089104 0.089150 0.085772 0.077312 0.067080 0.055548 0.043439 0.032177 0.022944 0.015100 0.009747 0.005965 0.003451 0.001896 0.000984 0.000520 0.000223 0.000111 0.000040 0.000013 0.000005 0.000004 0.000001 0.000000 0.000000 0.000000 0.000000 0.000000 0.000000 0.000000 
t: 0.012765957447 start: 50 end: 100 0.000001 0.000001 0.000000 0.000018 0.000041 0.000086 0.000244 0.000454 0.000977 0.001907 0.003442 0.006158 0.009918 0.015514 0.023046 0.032751 0.044436 0.056463 0.067711 0.077746 0.085791 0.088959 0.088552 0.083419 0.074411 0.063846 0.051810 0.039898 0.029176 0.020116 0.013521 0.008417 0.005128 0.002944 0.001563 0.000806 0.000415 0.000172 0.000096 0.000028 0.000008 0.000006 0.000003 0.000001 0.000000 0.000000 0.000000 0.000000 0.000000 0.000000 0.000000 
t: 0.012500000000 start: 51 end: 100 0.000002 0.000000 0.000008 0.000027 0.000048 0.000122 0.000300 0.000616 0.001286 0.002253 0.004274 0.007127 0.011692 0.017752 0.026225 0.036450 0.048377 0.059858 0.071175 0.080738 0.086729 0.089351 0.087237 0.080910 0.071071 0.059984 0.047662 0.036402 0.026189 0.018049 0.011644 0.007232 0.004324 0.002399 0.001272 0.000670 0.000283 0.000161 0.000065 0.000020 0.000010 0.000004 0.000002 0.000000 0.000000 0.000000 0.000000 0.000000 0.000000 0.000000 
t: 0.012244897959 start: 51 end: 101 0.000001 0.000001 0.000002 0.000016 0.000035 0.000081 0.000172 0.000390 0.000835 0.001575 0.002846 0.005179 0.008559 0.013467 0.020574 0.029422 0.040355 0.052123 0.063974 0.074484 0.083198 0.088242 0.089025 0.085169 0.077810 0.067447 0.055582 0.043950 0.032920 0.023160 0.015719 0.009965 0.006168 0.003595 0.002005 0.001021 0.000503 0.000234 0.000118 0.000053 0.000012 0.000010 0.000003 0.000000 0.000000 0.000000 0.000000 0.000000 0.000000 0.000000 0.000000 
t: 0.012000000000 start: 52 end: 100 0.000001 0.000000 0.000008 0.000016 0.000056 0.000101 0.000234 0.000546 0.001058 0.001993 0.003589 0.006108 0.010253 0.015912 0.023510 0.033083 0.044696 0.056342 0.067352 0.078377 0.085331 0.088234 0.087854 0.083216 0.074467 0.062995 0.051723 0.040224 0.029053 0.020400 0.013525 0.008561 0.005080 0.002962 0.001618 0.000812 0.000389 0.000171 0.000100 0.000030 0.000015 0.000005 0.000000 0.000000 0.000000 0.000000 0.000000 0.000000 0.000000 
t: 0.011764705882 start: 52 end: 101 0.000001 0.000000 0.000002 0.000013 0.000025 0.000065 0.000146 0.000317 0.000712 0.001372 0.002521 0.004402 0.007688 0.012092 0.018559 0.026671 0.037487 0.049051 0.059988 0.072032 0.080949 0.086705 0.088556 0.086987 0.079857 0.070015 0.059326 0.047555 0.035660 0.025828 0.017748 0.011437 0.007154 0.004269 0.002326 0.001291 0.000637 0.000302 0.000159 0.000055 0.000027 0.000012 0.000001 0.000000 0.000000 0.000000 0.000000 0.000000 0.000000 0.000000 
t: 0.011538461538 start: 54 end: 103 0.000001 0.000009 0.000016 0.000050 0.000088 0.000196 0.000429 0.000946 0.001762 0.003204 0.005546 0.009147 0.014383 0.021500 0.030860 0.041677 0.052911 0.064988 0.075473 0.083548 0.088006 0.088447 0.084142 0.076396 0.066349 0.054680 0.042843 0.031964 0.022412 0.015199 0.009627 0.005974 0.003395 0.001926 0.000977 0.000532 0.000219 0.000103 0.000048 0.000021 0.000004 0.000002 0.000000 0.000000 0.000000 0.000000 0.000000 0.000000 0.000000 0.000000 
t: 0.011320754717 start: 55 end: 103 0.000002 0.000017 0.000033 0.000052 0.000118 0.000285 0.000634 0.001220 0.002214 0.004048 0.006924 0.010996 0.017073 0.024987 0.035024 0.046018 0.058044 0.069389 0.078450 0.086003 0.088490 0.086773 0.081880 0.072760 0.061621 0.049513 0.038652 0.028182 0.019304 0.012760 0.008104 0.004755 0.002753 0.001487 0.000758 0.000391 0.000160 0.000085 0.000029 0.000009 0.000003 0.000000 0.000000 0.000000 0.000000 0.000000 0.000000 0.000000 0.000000 
t: 0.011111111111 start: 56 end: 103 0.000012 0.000015 0.000039 0.000084 0.000172 0.000413 0.000843 0.001586 0.002902 0.005126 0.008358 0.013356 0.020086 0.028859 0.039418 0.050648 0.062819 0.073552 0.081974 0.087301 0.088468 0.085198 0.078239 0.068115 0.056730 0.045272 0.034238 0.024167 0.016505 0.010768 0.006549 0.003852 0.002141 0.001119 0.000583 0.000274 0.000143 0.000049 0.000015 0.000012 0.000000 0.000000 0.000000 0.000000 0.000000 0.000000 0.000000 0.000000 
t: 0.010909090909 start: 56 end: 104 0.000005 0.000011 0.000020 0.000062 0.000109 0.000252 0.000579 0.001088 0.002105 0.003727 0.006422 0.010327 0.015847 0.023857 0.032996 0.044057 0.055788 0.067446 0.077367 0.084895 0.088007 0.087380 0.082679 0.074239 0.063700 0.051589 0.040531 0.029836 0.020801 0.013933 0.008637 0.005385 0.003005 0.001662 0.000859 0.000447 0.000214 0.000082 0.000031 0.000017 0.000006 0.000000 0.000000 0.000000 0.000000 0.000000 0.000000 0.000000 0.000000 
t: 0.010714285714 start: 56 end: 106 0.000002 0.000005 0.000015 0.000040 0.000074 0.000173 0.000390 0.000757 0.001441 0.002750 0.004716 0.008017 0.012484 0.019286 0.027635 0.037467 0.049055 0.061074 0.071919 0.081111 0.086796 0.087571 0.085983 0.079334 0.069893 0.058624 0.046860 0.035606 0.025622 0.017820 0.011370 0.007094 0.004214 0.002334 0.001267 0.000657 0.000298 0.000152 0.000061 0.000020 0.000009 0.000003 0.000001 0.000000 0.000000 0.000000 0.000000 0.000000 0.000000 0.000000 0.000000 
t: 0.010526315789 start: 56 end: 107 0.000001 0.000004 0.000008 0.000020 0.000057 0.000109 0.000257 0.000505 0.001012 0.002017 0.003489 0.006116 0.009766 0.015382 0.022942 0.031766 0.042463 0.054394 0.065849 0.076104 0.084286 0.087349 0.087487 0.083361 0.075764 0.064901 0.053323 0.041881 0.030795 0.021942 0.014795 0.009333 0.005657 0.003238 0.001807 0.000955 0.000486 0.000205 0.000120 0.000040 0.000006 0.000006 0.000001 0.000001 0.000000 0.000000 0.000000 0.000000 0.000000 0.000000 0.000000 0.000000 
t: 0.010344827586 start: 57 end: 107 0.000004 0.000004 0.000013 0.000032 0.000075 0.000172 0.000346 0.000705 0.001432 0.002569 0.004520 0.007738 0.012044 0.018678 0.026551 0.036567 0.047884 0.059745 0.070907 0.080445 0.085797 0.088205 0.085776 0.080078 0.071083 0.059786 0.047908 0.036839 0.026648 0.018405 0.011987 0.007512 0.004417 0.002458 0.001353 0.000732 0.000307 0.000175 0.000068 0.000025 0.000007 0.000002 0.000001 0.000000 0.000000 0.000000 0.000000 0.000000 0.000000 0.000000 0.000000 
t: 0.010169491525 start: 58 end: 107 0.000005 0.000010 0.000018 0.000047 0.000098 0.000252 0.000563 0.000942 0.001878 0.003376 0.005905 0.009606 0.014938 0.022084 0.030979 0.041793 0.053694 0.064958 0.075493 0.083049 0.087497 0.087776 0.083655 0.076170 0.065875 0.054320 0.042506 0.032037 0.022588 0.015038 0.009788 0.005952 0.003326 0.001891 0.001005 0.000472 0.000249 0.000104 0.000045 0.000013 0.000004 0.000001 0.000000 0.000000 0.000000 0.000000 0.000000 0.000000 0.000000 0.000000 
t: 0.010000000000 start: 58 end: 107 0.000004 0.000007 0.000010 0.000033 0.000068 0.000166 0.000398 0.000684 0.001367 0.002539 0.004472 0.007572 0.011766 0.018187 0.026162 0.036044 0.047420 0.059173 0.069865 0.079438 0.085751 0.088409 0.086299 0.080543 0.071055 0.060519 0.048722 0.037388 0.027155 0.018841 0.012325 0.007796 0.004517 0.002585 0.001375 0.000730 0.000344 0.000160 0.000079 0.000020 0.000011 0.000000 0.000001 0.000000 0.000000 0.000000 0.000000 0.000000 0.000000 0.000000 
t: 0.008448275866 start: 62 end: 112 0.000001 0.000002 0.000005 0.000006 0.000022 0.000075 0.000169 0.000340 0.000678 0.001317 0.002495 0.004318 0.007165 0.011664 0.017319 0.025270 0.034892 0.045582 0.057158 0.068553 0.078181 0.085259 0.088223 0.086856 0.080817 0.072966 0.061575 0.050806 0.038574 0.028365 0.019681 0.013108 0.008231 0.004801 0.002793 0.001371 0.000729 0.000368 0.000165 0.000061 0.000023 0.000012 0.000004 0.000000 0.000000 0.000000 0.000000 0.000000 0.000000 0.000000 0.000000 
t: 0.007313432839 start: 67 end: 118 0.000001 0.000002 0.000007 0.000022 0.000055 0.000137 0.000300 0.000605 0.001121 0.002101 0.003763 0.006534 0.010520 0.016184 0.023437 0.032881 0.042974 0.054978 0.067057 0.076509 0.084493 0.088629 0.087621 0.082945 0.075027 0.064421 0.052439 0.040489 0.030160 0.021116 0.013754 0.008719 0.005175 0.002977 0.001466 0.000755 0.000371 0.000148 0.000066 0.000029 0.000006 0.000004 0.000001 0.000001 0.000000 0.000000 0.000000 0.000000 0.000000 0.000000 0.000000 0.000000 
t: 0.006447368423 start: 71 end: 120 0.000001 0.000005 0.000014 0.000033 0.000080 0.000190 0.000378 0.000810 0.001555 0.002745 0.004787 0.008238 0.012826 0.019261 0.027485 0.037783 0.049119 0.061260 0.072733 0.081616 0.087591 0.089644 0.086260 0.080172 0.070203 0.058669 0.046152 0.034855 0.024775 0.016620 0.010587 0.006355 0.003529 0.001890 0.000955 0.000466 0.000230 0.000080 0.000031 0.000012 0.000003 0.000002 0.000000 0.000000 0.000000 0.000000 0.000000 0.000000 0.000000 0.000000 
t: 0.005764705884 start: 74 end: 123 0.000002 0.000002 0.000019 0.000037 0.000078 0.000160 0.000391 0.000792 0.001491 0.002759 0.004725 0.007948 0.012564 0.019278 0.027787 0.037791 0.049654 0.061923 0.073520 0.083306 0.088804 0.090391 0.087571 0.079894 0.070305 0.058129 0.045538 0.034128 0.023745 0.015584 0.009808 0.005618 0.003148 0.001635 0.000839 0.000372 0.000169 0.000066 0.000019 0.000007 0.000002 0.000001 0.000000 0.000000 0.000000 0.000000 0.000000 0.000000 0.000000 0.000000 
t: 0.005212765959 start: 76 end: 125 0.000001 0.000002 0.000007 0.000017 0.000050 0.000099 0.000230 0.000490 0.001019 0.001893 0.003339 0.005812 0.009646 0.015139 0.022435 0.031728 0.042823 0.055222 0.068208 0.079049 0.086707 0.091357 0.091036 0.085847 0.076658 0.065054 0.052391 0.039761 0.028034 0.018881 0.011937 0.007227 0.003954 0.002115 0.001047 0.000446 0.000221 0.000087 0.000017 0.000010 0.000003 0.000001 0.000000 0.000000 0.000000 0.000000 0.000000 0.000000 0.000000 0.000000 
t: 0.004757281555 start: 78 end: 125 0.000002 0.000000 0.000003 0.000010 0.000041 0.000077 0.000175 0.000398 0.000813 0.001528 0.002882 0.005041 0.008220 0.013334 0.020609 0.029256 0.040107 0.052937 0.065194 0.077817 0.087332 0.091791 0.092611 0.088559 0.079614 0.067999 0.054653 0.041667 0.029416 0.020008 0.012614 0.007293 0.004090 0.002152 0.000998 0.000456 0.000195 0.000074 0.000020 0.000012 0.000002 0.000000 0.000000 0.000000 0.000000 0.000000 0.000000 0.000000 
t: 0.004375000001 start: 79 end: 126 0.000001 0.000000 0.000001 0.000010 0.000008 0.000034 0.000058 0.000173 0.000385 0.000768 0.001498 0.002803 0.004961 0.008379 0.013355 0.020398 0.029799 0.040917 0.054019 0.066678 0.078771 0.088386 0.093375 0.094251 0.089336 0.079654 0.067458 0.053357 0.039838 0.028417 0.018539 0.011355 0.006510 0.003436 0.001695 0.000833 0.000337 0.000136 0.000040 0.000025 0.000006 0.000000 0.000000 0.000000 0.000000 0.000000 0.000000 0.000000 
t: 0.004049586778 start: 81 end: 128 0.000001 0.000000 0.000003 0.000005 0.000021 0.000037 0.000082 0.000201 0.000417 0.000890 0.001641 0.003101 0.005490 0.009203 0.015129 0.022585 0.032471 0.044551 0.057915 0.071100 0.082588 0.092221 0.095411 0.094124 0.088091 0.076864 0.063211 0.048761 0.035925 0.024304 0.015284 0.008986 0.004959 0.002426 0.001168 0.000498 0.000219 0.000077 0.000031 0.000008 0.000001 0.000000 0.000000 0.000000 0.000000 0.000000 0.000000 0.000000 
t: 0.003769230770 start: 84 end: 129 0.000002 0.000001 0.000009 0.000033 0.000038 0.000104 0.000259 0.000557 0.001082 0.002105 0.003918 0.006776 0.011318 0.017845 0.026748 0.037815 0.051018 0.064814 0.077662 0.089017 0.095821 0.096852 0.092863 0.083736 0.071045 0.056215 0.041682 0.028822 0.018873 0.011161 0.006099 0.003160 0.001521 0.000622 0.000266 0.000101 0.000034 0.000006 0.000000 0.000000 0.000000 0.000000 0.000000 0.000000 0.000000 0.000000 
t: 0.003525179857 start: 85 end: 130 0.000001 0.000002 0.000003 0.000014 0.000032 0.000083 0.000152 0.000351 0.000780 0.001545 0.002928 0.005379 0.009174 0.014802 0.022487 0.033297 0.046148 0.060310 0.073963 0.086186 0.095193 0.098363 0.096590 0.088630 0.076293 0.061696 0.045912 0.032156 0.021213 0.012884 0.006974 0.003692 0.001590 0.000743 0.000284 0.000117 0.000024 0.000007 0.000002 0.000000 0.000000 0.000000 0.000000 0.000000 0.000000 0.000000 
t: 0.003310810811 start: 87 end: 130 0.000001 0.000006 0.000009 0.000027 0.000050 0.000114 0.000271 0.000580 0.001243 0.002370 0.004470 0.007822 0.012801 0.020332 0.030051 0.042904 0.057125 0.071252 0.085540 0.094688 0.099234 0.098954 0.092275 0.079602 0.064917 0.048882 0.034254 0.022747 0.013335 0.007491 0.003825 0.001681 0.000738 0.000281 0.000089 0.000032 0.000006 0.000001 0.000000 0.000000 0.000000 0.000000 0.000000 0.000000 
t: 0.003121019109 start: 88 end: 130 0.000002 0.000003 0.000007 0.000020 0.000038 0.000093 0.000196 0.000553 0.001018 0.002040 0.004017 0.007028 0.011851 0.018734 0.028599 0.041002 0.055395 0.070398 0.084436 0.095170 0.101237 0.100998 0.094001 0.081880 0.066426 0.050303 0.034655 0.022808 0.013524 0.007394 0.003580 0.001578 0.000653 0.000267 0.000071 0.000018 0.000007 0.000000 0.000000 0.000000 0.000000 0.000000 0.000000 
t: 0.002951807229 start: 88 end: 130 0.000001 0.000002 0.000001 0.000006 0.000021 0.000036 0.000064 0.000203 0.000446 0.000930 0.002003 0.003675 0.006726 0.011322 0.018269 0.028188 0.040335 0.055094 0.070914 0.085090 0.096376 0.102856 0.102830 0.094752 0.082927 0.065959 0.049980 0.034409 0.021693 0.012758 0.006736 0.003217 0.001377 0.000537 0.000195 0.000061 0.000008 0.000003 0.000000 0.000000 0.000000 0.000000 0.000000 
t: 0.002800000000 start: 89 end: 130 0.000001 0.000001 0.000001 0.000009 0.000012 0.000036 0.000075 0.000190 0.000436 0.000924 0.001835 0.003737 0.006793 0.011345 0.018465 0.028637 0.041268 0.056638 0.072101 0.086936 0.098590 0.104788 0.102858 0.095760 0.081768 0.065219 0.047827 0.032335 0.020008 0.011345 0.005742 0.002652 0.001084 0.000403 0.000138 0.000036 0.000007 0.000000 0.000000 0.000000 0.000000 0.000000 
t: 0.002663043479 start: 90 end: 130 0.000001 0.000000 0.000003 0.000007 0.000011 0.000035 0.000081 0.000196 0.000441 0.000903 0.002005 0.003856 0.006972 0.011869 0.019320 0.030089 0.043441 0.058890 0.075330 0.089758 0.100983 0.106378 0.103801 0.094734 0.079802 0.062172 0.044847 0.029144 0.017724 0.009423 0.004627 0.001995 0.000796 0.000264 0.000081 0.000020 0.000001 0.000000 0.000000 0.000000 0.000000 
t: 0.002538860104 start: 92 end: 130 0.000002 0.000002 0.000004 0.000015 0.000037 0.000087 0.000209 0.000454 0.001005 0.002211 0.004113 0.007441 0.013063 0.020851 0.032652 0.046257 0.063028 0.078725 0.094093 0.104221 0.107923 0.103689 0.092521 0.075992 0.058005 0.040256 0.025464 0.014493 0.007636 0.003411 0.001414 0.000517 0.000170 0.000033 0.000005 0.000001 0.000000 0.000000 0.000000 
t: 0.002425742574 start: 93 end: 130 0.000002 0.000001 0.000006 0.000015 0.000043 0.000081 0.000231 0.000553 0.001245 0.002492 0.004675 0.008420 0.014439 0.023379 0.035916 0.050756 0.067411 0.084632 0.098182 0.107148 0.109424 0.102706 0.088431 0.070679 0.052411 0.035064 0.020801 0.011609 0.005530 0.002409 0.000915 0.000302 0.000073 0.000014 0.000005 0.000000 0.000000 0.000000 
t: 0.002322274882 start: 94 end: 130 0.000001 0.000002 0.000005 0.000020 0.000054 0.000104 0.000272 0.000673 0.001450 0.002902 0.005366 0.009939 0.016717 0.026879 0.040234 0.056145 0.073516 0.090178 0.103786 0.109902 0.108963 0.099658 0.083299 0.064587 0.045656 0.028541 0.016678 0.008467 0.003791 0.001500 0.000519 0.000146 0.000044 0.000006 0.000000 0.000000 0.000000 
t: 0.002227272727 start: 95 end: 130 0.000001 0.000002 0.000006 0.000022 0.000063 0.000144 0.000353 0.000846 0.001778 0.003458 0.006677 0.011679 0.019768 0.031286 0.045686 0.062836 0.080821 0.096767 0.107860 0.112829 0.107293 0.094423 0.076752 0.056609 0.037755 0.022783 0.012102 0.005838 0.002379 0.000860 0.000246 0.000065 0.000013 0.000000 0.000000 0.000000 
t: 0.002139737991 start: 96 end: 130 0.000001 0.000001 0.000009 0.000026 0.000093 0.000202 0.000462 0.001108 0.002241 0.004394 0.008140 0.014440 0.023771 0.036560 0.052627 0.070234 0.089091 0.103258 0.112721 0.112656 0.103859 0.088052 0.067966 0.047463 0.029913 0.016849 0.008298 0.003672 0.001358 0.000407 0.000109 0.000015 0.000004 0.000000 0.000000 
t: 0.002058823530 start: 97 end: 130 0.000002 0.000004 0.000012 0.000042 0.000111 0.000286 0.000670 0.001408 0.002875 0.005684 0.010391 0.017945 0.028857 0.043350 0.060371 0.079460 0.097208 0.110173 0.115070 0.111171 0.097975 0.078949 0.057762 0.038103 0.022348 0.011635 0.005199 0.002051 0.000692 0.000166 0.000025 0.000005 0.000000 0.000000 
t: 0.001983805668 start: 97 end: 130 0.000001 0.000001 0.000004 0.000022 0.000056 0.000158 0.000424 0.000897 0.001943 0.003895 0.007353 0.013405 0.022464 0.035236 0.051257 0.070062 0.089082 0.105491 0.115312 0.115741 0.106563 0.089538 0.068278 0.046940 0.028650 0.015494 0.007365 0.003008 0.001016 0.000285 0.000052 0.000007 0.000000 0.000000 
t: 0.001914062500 start: 98 end: 130 0.000002 0.000002 0.000009 0.000036 0.000085 0.000255 0.000563 0.001317 0.002637 0.005265 0.009803 0.017484 0.028239 0.042814 0.061210 0.080750 0.099058 0.112997 0.117935 0.113472 0.099052 0.078551 0.056436 0.035676 0.020040 0.010009 0.004227 0.001547 0.000429 0.000085 0.000014 0.000001 0.000000 
t: 0.001849056604 start: 98 end: 130 0.000001 0.000000 0.000006 0.000015 0.000066 0.000148 0.000352 0.000854 0.001851 0.003681 0.007219 0.013235 0.022382 0.035560 0.052728 0.072287 0.092007 0.108967 0.118309 0.117967 0.107233 0.088161 0.066070 0.043592 0.025395 0.013208 0.005740 0.002159 0.000641 0.000139 0.000024 0.000003 0.000000 
t: 0.001788321168 start: 98 end: 130 0.000001 0.000000 0.000001 0.000006 0.000048 0.000093 0.000220 0.000563 0.001239 0.002639 0.005229 0.010096 0.017757 0.029224 0.044608 0.063860 0.084699 0.103567 0.116567 0.120734 0.113982 0.097618 0.075349 0.051927 0.031308 0.016769 0.007657 0.003043 0.000943 0.000213 0.000035 0.000005 0.000000 
t: 0.001731448763 start: 99 end: 130 0.000001 0.000000 0.000003 0.000022 0.000065 0.000149 0.000367 0.000831 0.001887 0.003820 0.007662 0.013957 0.023754 0.037586 0.055900 0.076578 0.097679 0.113323 0.122001 0.119045 0.105870 0.084554 0.060494 0.037774 0.020960 0.010013 0.004017 0.001305 0.000321 0.000056 0.000006 0.000000 
t: 0.001678082192 start: 99 end: 130 0.000001 0.000000 0.000001 0.000013 0.000039 0.000096 0.000246 0.000550 0.001361 0.002827 0.005738 0.010834 0.019142 0.031583 0.048445 0.068777 0.090636 0.109280 0.121438 0.122678 0.112552 0.093368 0.069482 0.044849 0.025856 0.012597 0.005259 0.001784 0.000474 0.000077 0.000017 0.000000 
t: 0.001627906977 start: 101 end: 130 0.000002 0.000010 0.000024 0.000065 0.000150 0.000402 0.000918 0.002111 0.004303 0.008355 0.015494 0.026188 0.041552 0.061392 0.083617 0.103939 0.119666 0.124886 0.118167 0.101534 0.078133 0.052356 0.031039 0.015768 0.006749 0.002366 0.000684 0.000111 0.000019 0.000000 
t: 0.001580645161 start: 102 end: 130 0.000006 0.000013 0.000051 0.000106 0.000260 0.000662 0.001495 0.003229 0.006568 0.012379 0.021594 0.035531 0.054304 0.076329 0.098400 0.116241 0.125611 0.122781 0.108934 0.086868 0.060111 0.036509 0.019256 0.008598 0.003060 0.000913 0.000164 0.000027 0.000000 
t: 0.001536050157 start: 102 end: 130 0.000004 0.000006 0.000029 0.000080 0.000175 0.000477 0.001073 0.002465 0.005073 0.009956 0.017853 0.030381 0.047473 0.068999 0.092027 0.112716 0.124971 0.126140 0.115593 0.094805 0.067867 0.042762 0.023010 0.010681 0.003936 0.001172 0.000238 0.000038 0.000000 
t: 0.001493902439 start: 103 end: 130 0.000004 0.000024 0.000048 0.000132 0.000335 0.000792 0.001835 0.003942 0.008020 0.014532 0.025890 0.041658 0.061905 0.085136 0.108163 0.123571 0.128512 0.120739 0.102597 0.075708 0.049284 0.027359 0.012964 0.004938 0.001536 0.000322 0.000052 0.000002 
t: 0.001454005935 start: 103 end: 130 0.000002 0.000012 0.000034 0.000093 0.000253 0.000562 0.001373 0.003079 0.006358 0.012075 0.021783 0.036091 0.055662 0.078702 0.102469 0.120887 0.129980 0.125401 0.109382 0.083588 0.055904 0.032114 0.015585 0.006153 0.001968 0.000413 0.000074 0.000003 
t: 0.001416184971 start: 104 end: 130 0.000010 0.000023 0.000063 0.000187 0.000420 0.001019 0.002330 0.005109 0.009876 0.018356 0.031059 0.050012 0.072118 0.096689 0.117788 0.129762 0.129204 0.116054 0.090709 0.062816 0.037201 0.018557 0.007510 0.002469 0.000562 0.000090 0.000007 
t: 0.001380281690 start: 104 end: 130 0.000004 0.000016 0.000045 0.000134 0.000288 0.000784 0.001850 0.004035 0.008105 0.015392 0.026825 0.044162 0.065987 0.090838 0.113735 0.128866 0.132117 0.121587 0.098166 0.069702 0.042533 0.021826 0.009117 0.003036 0.000718 0.000121 0.000011 
t: 0.001346153846 start: 104 end: 130 0.000003 0.000010 0.000036 0.000102 0.000214 0.000586 0.001439 0.003196 0.006603 0.012872 0.023182 0.039021 0.060177 0.084659 0.109140 0.127318 0.133966 0.126516 0.105418 0.076503 0.048036 0.025194 0.010987 0.003749 0.000902 0.000158 0.000013 
t: 0.001313672922 start: 104 end: 130 0.000002 0.000008 0.000027 0.000073 0.000169 0.000435 0.001074 0.002511 0.005411 0.010860 0.020043 0.034251 0.054357 0.079014 0.104048 0.125139 0.134689 0.130940 0.111736 0.083632 0.053760 0.028933 0.012960 0.004598 0.001109 0.000204 0.000017 
t: 0.001282722513 start: 104 end: 130 0.000001 0.000004 0.000018 0.000057 0.000131 0.000337 0.000835 0.001995 0.004422 0.009022 0.017275 0.030124 0.049007 0.073112 0.099236 0.121872 0.134792 0.134764 0.117404 0.090719 0.059513 0.033058 0.015139 0.005500 0.001390 0.000251 0.000022 
t: 0.001253196931 start: 104 end: 130 0.000001 0.000002 0.000013 0.000047 0.000102 0.000250 0.000657 0.001580 0.003560 0.007589 0.014877 0.026387 0.044188 0.067315 0.094164 0.118003 0.134561 0.137512 0.122827 0.097197 0.065889 0.037284 0.017448 0.006504 0.001709 0.000309 0.000025 
t: 0.001225000000 start: 104 end: 130 0.000001 0.000001 0.000008 0.000033 0.000073 0.000196 0.000527 0.001259 0.002867 0.006297 0.012784 0.023268 0.039477 0.062132 0.088558 0.114342 0.133316 0.139451 0.127895 0.103463 0.072094 0.041788 0.020098 0.007610 0.002064 0.000371 0.000027 
t: 0.001198044010 start: 105 end: 130 0.000002 0.000005 0.000027 0.000049 0.000159 0.000409 0.001018 0.002363 0.005147 0.010908 0.020431 0.035429 0.056905 0.083104 0.110337 0.131552 0.140841 0.132146 0.109795 0.078121 0.046534 0.022895 0.008841 0.002488 0.000462 0.000032 
t: 0.001172248804 start: 105 end: 130 0.000001 0.000003 0.000020 0.000035 0.000114 0.000342 0.000793 0.001973 0.004286 0.009245 0.017879 0.031882 0.051905 0.077913 0.105805 0.129375 0.141347 0.136299 0.115508 0.084335 0.051275 0.025861 0.010222 0.002995 0.000544 0.000043 
t: 0.001147540984 start: 106 end: 130 0.000002 0.000011 0.000030 0.000092 0.000267 0.000619 0.001604 0.003627 0.007887 0.015611 0.028363 0.047660 0.072568 0.101102 0.126766 0.141454 0.139605 0.121086 0.090446 0.056060 0.029160 0.011746 0.003529 0.000651 0.000054 
t: 0.001123853211 start: 106 end: 130 0.000002 0.000007 0.000020 0.000084 0.000201 0.000494 0.001289 0.003036 0.006762 0.013631 0.025239 0.043364 0.067660 0.096651 0.123350 0.141114 0.142506 0.126077 0.096372 0.061203 0.032608 0.013376 0.004092 0.000796 0.000066 
t: 0.001101123596 start: 106 end: 130 0.000001 0.000004 0.000020 0.000063 0.000156 0.000403 0.001030 0.002516 0.005696 0.012012 0.022532 0.039371 0.063008 0.091867 0.119921 0.140328 0.144544 0.131010 0.102078 0.066436 0.036104 0.015143 0.004723 0.000952 0.000082 
t: 0.001079295154 start: 107 end: 130 0.000003 0.000016 0.000047 0.000131 0.000326 0.000819 0.002108 0.004855 0.010497 0.020018 0.035701 0.058698 0.087269 0.116309 0.138748 0.145871 0.135548 0.107810 0.071689 0.039789 0.017131 0.005383 0.001131 0.000103 
t: 0.001058315335 start: 107 end: 130 0.000002 0.000011 0.000041 0.000100 0.000265 0.000697 0.001737 0.004135 0.009023 0.018004 0.032332 0.054457 0.082644 0.112343 0.136984 0.147145 0.139237 0.113596 0.076956 0.043434 0.019271 0.006133 0.001325 0.000128 
t: 0.001038135593 start: 107 end: 130 0.000001 0.000009 0.000030 0.000075 0.000217 0.000585 0.001443 0.003527 0.007857 0.015988 0.029318 0.050391 0.078103 0.108379 0.134789 0.148025 0.142625 0.118855 0.082296 0.047360 0.021422 0.007001 0.001555 0.000149 
t: 0.001018711019 start: 107 end: 130 0.000001 0.000004 0.000024 0.000074 0.000166 0.000480 0.001269 0.002964 0.006826 0.014215 0.026612 0.046635 0.073645 0.104160 0.132151 0.148680 0.145767 0.123832 0.087492 0.051381 0.023700 0.007958 0.001782 0.000182 
t: 0.001000000000 start: 108 end: 130 0.000004 0.000017 0.000070 0.000134 0.000383 0.001069 0.002534 0.005928 0.012538 0.024202 0.042813 0.069606 0.099880 0.129851 0.148280 0.148645 0.128610 0.092683 0.055491 0.025996 0.009018 0.002032 0.000216 
