t: 0.059999999999 start: 14 end: 49 0.000003 0.000024 0.000092 0.000369 0.001156 0.003210 0.008083 0.017839 0.033842 0.056468 0.084288 0.109767 0.128527 0.134278 0.124394 0.103853 0.078274 0.052144 0.031510 0.017324 0.008446 0.003776 0.001553 0.000553 0.000152 0.000063 0.000009 0.000003 0.000000 0.000000 0.000000 0.000000 0.000000 0.000000 0.000000 0.000000 
t: 0.054545454544 start: 16 end: 52 0.000008 0.000035 0.000133 0.000483 0.001497 0.003893 0.009015 0.018701 0.034480 0.056305 0.081637 0.105638 0.123013 0.129763 0.122423 0.103779 0.079706 0.055153 0.035083 0.020307 0.010610 0.004951 0.002138 0.000832 0.000281 0.000091 0.000033 0.000010 0.000002 0.000000 0.000000 0.000000 0.000000 0.000000 0.000000 0.000000 0.000000 
t: 0.049999999999 start: 17 end: 56 0.000002 0.000013 0.000065 0.000224 0.000695 0.001946 0.004841 0.010409 0.020718 0.036196 0.057267 0.081074 0.103861 0.119373 0.125707 0.118736 0.101890 0.079415 0.056781 0.037008 0.021810 0.011669 0.005877 0.002659 0.001145 0.000421 0.000130 0.000042 0.000019 0.000004 0.000001 0.000002 0.000000 0.000000 0.000000 0.000000 0.000000 0.000000 0.000000 0.000000 
t: 0.046153846153 start: 18 end: 58 0.000001 0.000005 0.000021 0.000101 0.000332 0.001029 0.002536 0.005970 0.012520 0.023016 0.039223 0.059934 0.082721 0.103301 0.117236 0.121227 0.114763 0.099163 0.077737 0.056075 0.037049 0.022219 0.012488 0.006253 0.002985 0.001292 0.000522 0.000194 0.000065 0.000014 0.000006 0.000001 0.000000 0.000000 0.000001 0.000000 0.000000 0.000000 0.000000 0.000000 0.000000 
t: 0.042857142857 start: 20 end: 61 0.000001 0.000013 0.000039 0.000174 0.000536 0.001383 0.003487 0.007716 0.014821 0.026785 0.043349 0.063768 0.084670 0.103635 0.115883 0.118332 0.110355 0.094921 0.074344 0.053882 0.036098 0.021673 0.012386 0.006305 0.003176 0.001372 0.000560 0.000219 0.000074 0.000034 0.000006 0.000001 0.000001 0.000000 0.000001 0.000000 0.000000 0.000000 0.000000 0.000000 0.000000 0.000000 
t: 0.040000000000 start: 21 end: 62 0.000001 0.000006 0.000019 0.000095 0.000265 0.000847 0.002126 0.004745 0.009867 0.018274 0.031114 0.048731 0.068378 0.088189 0.105104 0.114358 0.114688 0.106080 0.089224 0.069904 0.050227 0.033634 0.020725 0.011847 0.006157 0.003080 0.001376 0.000581 0.000229 0.000093 0.000027 0.000006 0.000002 0.000000 0.000001 0.000000 0.000000 0.000000 0.000000 0.000000 0.000000 0.000000 
t: 0.037500000000 start: 23 end: 65 0.000004 0.000018 0.000044 0.000165 0.000501 0.001354 0.003044 0.006598 0.012832 0.022811 0.036402 0.054542 0.074041 0.092640 0.106456 0.113053 0.110742 0.099779 0.083490 0.064296 0.046171 0.030754 0.018778 0.010724 0.005751 0.002814 0.001273 0.000594 0.000201 0.000084 0.000032 0.000007 0.000003 0.000001 0.000001 0.000000 0.000000 0.000000 0.000000 0.000000 0.000000 0.000000 0.000000 
t: 0.035294117647 start: 25 end: 65 0.000012 0.000029 0.000110 0.000322 0.000846 0.002057 0.004500 0.009062 0.016616 0.028010 0.043259 0.061275 0.079502 0.097458 0.107925 0.111212 0.105137 0.093540 0.076982 0.058411 0.041236 0.027013 0.016452 0.009469 0.005126 0.002489 0.001117 0.000511 0.000212 0.000072 0.000025 0.000010 0.000000 0.000003 0.000000 0.000000 0.000000 0.000000 0.000000 0.000000 0.000000 
t: 0.033333333333 start: 26 end: 69 0.000009 0.000030 0.000061 0.000209 0.000552 0.001434 0.003185 0.006594 0.012414 0.021640 0.034381 0.050458 0.069221 0.086173 0.100407 0.108070 0.108067 0.100470 0.085990 0.069612 0.051928 0.036042 0.023155 0.014035 0.007849 0.004194 0.002162 0.000983 0.000395 0.000174 0.000082 0.000015 0.000005 0.000001 0.000002 0.000001 0.000000 0.000000 0.000000 0.000000 0.000000 0.000000 0.000000 0.000000 
t: 0.031578947368 start: 27 end: 70 0.000010 0.000015 0.000058 0.000156 0.000396 0.001022 0.002319 0.004882 0.009637 0.016935 0.027743 0.042195 0.059013 0.076640 0.092236 0.103187 0.107326 0.103535 0.093478 0.078246 0.061581 0.045012 0.030511 0.019479 0.011542 0.006456 0.003391 0.001683 0.000765 0.000337 0.000137 0.000058 0.000011 0.000006 0.000001 0.000000 0.000001 0.000000 0.000000 0.000000 0.000000 0.000000 0.000000 0.000000 
t: 0.030000000000 start: 27 end: 71 0.000001 0.000008 0.000014 0.000037 0.000128 0.000284 0.000691 0.001818 0.003810 0.007540 0.013534 0.022658 0.035175 0.051101 0.067670 0.084077 0.097052 0.104990 0.105214 0.097737 0.085695 0.069981 0.052664 0.037875 0.025159 0.015886 0.009323 0.004997 0.002644 0.001278 0.000544 0.000266 0.000090 0.000038 0.000015 0.000005 0.000001 0.000000 0.000000 0.000000 0.000000 0.000000 0.000000 0.000000 0.000000 
t: 0.028571428571 start: 28 end: 73 0.000001 0.000006 0.000009 0.000034 0.000079 0.000238 0.000561 0.001382 0.003035 0.006040 0.011017 0.018841 0.029888 0.044317 0.060036 0.076528 0.091691 0.100546 0.104425 0.100201 0.090898 0.076798 0.060339 0.044746 0.031178 0.020435 0.012332 0.007117 0.003760 0.001921 0.000894 0.000418 0.000180 0.000062 0.000031 0.000013 0.000001 0.000002 0.000000 0.000000 0.000000 0.000000 0.000000 0.000000 0.000000 0.000000 
t: 0.027272727273 start: 28 end: 75 0.000001 0.000002 0.000003 0.000008 0.000027 0.000075 0.000181 0.000455 0.001095 0.002443 0.005036 0.009219 0.015896 0.025622 0.038735 0.053931 0.070366 0.085106 0.096612 0.101728 0.101834 0.094531 0.081879 0.066981 0.051140 0.036837 0.024750 0.015690 0.009244 0.005291 0.002769 0.001386 0.000654 0.000287 0.000099 0.000057 0.000017 0.000007 0.000005 0.000001 0.000000 0.000000 0.000000 0.000000 0.000000 0.000000 0.000000 0.000000 
t: 0.026086956522 start: 29 end: 76 0.000001 0.000002 0.000003 0.000006 0.000019 0.000047 0.000155 0.000387 0.000860 0.002067 0.004197 0.007877 0.013981 0.022492 0.034028 0.048931 0.064346 0.079383 0.092157 0.099459 0.101437 0.096626 0.086269 0.072241 0.056914 0.041974 0.029217 0.019158 0.011658 0.006796 0.003689 0.002024 0.000906 0.000385 0.000189 0.000073 0.000027 0.000008 0.000005 0.000006 0.000000 0.000000 0.000000 0.000000 0.000000 0.000000 0.000000 0.000000 
t: 0.025000000000 start: 30 end: 77 0.000001 0.000001 0.000004 0.000005 0.000018 0.000042 0.000124 0.000321 0.000795 0.001706 0.003604 0.006925 0.012200 0.020152 0.030691 0.044492 0.059079 0.074887 0.088054 0.096287 0.100636 0.097570 0.089644 0.076206 0.061564 0.046719 0.033394 0.022576 0.014202 0.008484 0.004774 0.002520 0.001267 0.000612 0.000251 0.000114 0.000053 0.000015 0.000007 0.000004 0.000000 0.000000 0.000000 0.000000 0.000000 0.000000 0.000000 0.000000 
t: 0.024000000000 start: 31 end: 78 0.000001 0.000000 0.000004 0.000007 0.000011 0.000046 0.000125 0.000275 0.000673 0.001532 0.003244 0.006080 0.010929 0.018062 0.028080 0.040747 0.055609 0.069962 0.084178 0.093676 0.099646 0.097797 0.091438 0.079692 0.065763 0.050599 0.037312 0.025419 0.016779 0.010130 0.005931 0.003181 0.001634 0.000777 0.000378 0.000177 0.000074 0.000018 0.000008 0.000005 0.000001 0.000000 0.000000 0.000000 0.000000 0.000000 0.000000 0.000000 
t: 0.023076923077 start: 34 end: 80 0.000001 0.000008 0.000012 0.000041 0.000110 0.000251 0.000612 0.001418 0.002909 0.005531 0.009956 0.016664 0.026147 0.037861 0.051934 0.066687 0.080528 0.091636 0.097057 0.097957 0.092263 0.082411 0.068817 0.054470 0.040589 0.028530 0.018990 0.011773 0.006938 0.003928 0.002065 0.001032 0.000498 0.000215 0.000108 0.000037 0.000009 0.000006 0.000001 0.000000 0.000000 0.000000 0.000000 0.000000 0.000000 0.000000 0.000000 
t: 0.022222222222 start: 36 end: 81 0.000005 0.000013 0.000039 0.000101 0.000250 0.000591 0.001275 0.002794 0.005121 0.009226 0.015642 0.024308 0.035582 0.049653 0.063658 0.077879 0.089011 0.095774 0.097105 0.092830 0.084237 0.071424 0.057005 0.043651 0.031002 0.020792 0.013367 0.008187 0.004662 0.002446 0.001267 0.000608 0.000303 0.000117 0.000049 0.000022 0.000003 0.000000 0.000001 0.000000 0.000000 0.000000 0.000000 0.000000 0.000000 0.000000 
t: 0.021428571428 start: 36 end: 82 0.000001 0.000007 0.000013 0.000042 0.000084 0.000243 0.000563 0.001252 0.002547 0.004976 0.008671 0.014667 0.023007 0.034248 0.047199 0.061636 0.075263 0.086676 0.094584 0.096227 0.093477 0.085471 0.073187 0.059730 0.045632 0.033011 0.022601 0.014785 0.009143 0.005308 0.002855 0.001571 0.000772 0.000315 0.000137 0.000078 0.000012 0.000008 0.000001 0.000000 0.000000 0.000000 0.000000 0.000000 0.000000 0.000000 0.000000 
t: 0.020689655172 start: 37 end: 83 0.000001 0.000007 0.000016 0.000035 0.000089 0.000237 0.000547 0.001207 0.002534 0.004722 0.008326 0.014207 0.022269 0.032717 0.045926 0.059641 0.073382 0.084936 0.092969 0.095494 0.093748 0.086074 0.074784 0.061101 0.047900 0.034831 0.023987 0.015841 0.010007 0.006004 0.003236 0.001710 0.000856 0.000373 0.000175 0.000073 0.000027 0.000008 0.000003 0.000000 0.000000 0.000000 0.000000 0.000000 0.000000 0.000000 0.000000 
t: 0.020000000000 start: 38 end: 84 0.000002 0.000005 0.000012 0.000037 0.000114 0.000247 0.000511 0.001259 0.002448 0.004669 0.008191 0.013935 0.021547 0.032208 0.044071 0.058858 0.072039 0.083535 0.091769 0.095052 0.092797 0.086756 0.075873 0.062244 0.049101 0.036066 0.025412 0.017020 0.010715 0.006315 0.003602 0.001880 0.000907 0.000457 0.000197 0.000094 0.000042 0.000009 0.000004 0.000000 0.000000 0.000000 0.000000 0.000000 0.000000 0.000000 0.000000 
t: 0.019354838710 start: 38 end: 85 0.000002 0.000000 0.000005 0.000011 0.000041 0.000084 0.000259 0.000566 0.001236 0.002521 0.004625 0.008213 0.013692 0.021435 0.031551 0.044010 0.057147 0.070781 0.083001 0.090944 0.094263 0.092587 0.086615 0.076341 0.063469 0.049614 0.037331 0.026115 0.017697 0.011158 0.006846 0.003859 0.002053 0.001022 0.000500 0.000232 0.000116 0.000040 0.000013 0.000004 0.000001 0.000000 0.000000 0.000000 0.000000 0.000000 0.000000 0.000000 
t: 0.018750000000 start: 38 end: 85 0.000001 0.000000 0.000001 0.000005 0.000015 0.000042 0.000099 0.000273 0.000599 0.001275 0.002525 0.004725 0.008204 0.013659 0.021646 0.031642 0.043483 0.056562 0.070294 0.082180 0.090161 0.093632 0.092580 0.086217 0.076520 0.063709 0.049987 0.037891 0.026842 0.018320 0.011528 0.006942 0.004162 0.002206 0.001105 0.000524 0.000266 0.000103 0.000047 0.000025 0.000003 0.000000 0.000000 0.000000 0.000000 0.000000 0.000000 0.000000 
t: 0.018181818182 start: 39 end: 86 0.000001 0.000001 0.000000 0.000006 0.000016 0.000056 0.000125 0.000266 0.000659 0.001277 0.002660 0.004857 0.008453 0.013935 0.021690 0.031785 0.043479 0.056616 0.069958 0.081613 0.089825 0.093506 0.091519 0.086329 0.075899 0.063677 0.050458 0.037923 0.027445 0.018242 0.011839 0.007183 0.004209 0.002302 0.001138 0.000570 0.000269 0.000131 0.000058 0.000019 0.000006 0.000000 0.000000 0.000000 0.000000 0.000000 0.000000 0.000000 
t: 0.017647058823 start: 41 end: 89 0.000001 0.000001 0.000010 0.000022 0.000053 0.000142 0.000291 0.000662 0.001385 0.002806 0.005142 0.008630 0.014474 0.022126 0.032182 0.043717 0.056846 0.069747 0.081609 0.089460 0.093279 0.091887 0.085198 0.074935 0.063555 0.050124 0.038169 0.027224 0.018428 0.011860 0.007242 0.004244 0.002295 0.001181 0.000573 0.000274 0.000130 0.000065 0.000019 0.000010 0.000002 0.000000 0.000000 0.000000 0.000000 0.000000 0.000000 0.000000 0.000000 
t: 0.017142857143 start: 42 end: 90 0.000001 0.000004 0.000008 0.000024 0.000070 0.000127 0.000340 0.000759 0.001529 0.002931 0.005462 0.009303 0.014760 0.022588 0.032764 0.044906 0.057322 0.070563 0.081175 0.089516 0.092982 0.090995 0.084806 0.074474 0.062340 0.049753 0.037393 0.027032 0.018226 0.011837 0.007188 0.004221 0.002276 0.001200 0.000619 0.000266 0.000139 0.000066 0.000025 0.000006 0.000004 0.000000 0.000000 0.000000 0.000000 0.000000 0.000000 0.000000 0.000000 
t: 0.016666666667 start: 42 end: 91 0.000001 0.000000 0.000005 0.000004 0.000034 0.000088 0.000147 0.000375 0.000825 0.001685 0.003255 0.005793 0.009770 0.015472 0.023605 0.033857 0.045538 0.058472 0.071110 0.081532 0.089622 0.092401 0.090643 0.083475 0.073547 0.061858 0.048558 0.036915 0.026306 0.017919 0.011416 0.007091 0.004133 0.002283 0.001198 0.000547 0.000277 0.000133 0.000063 0.000036 0.000007 0.000002 0.000002 0.000000 0.000000 0.000000 0.000000 0.000000 0.000000 0.000000 
t: 0.016216216216 start: 43 end: 92 0.000001 0.000001 0.000002 0.000007 0.000046 0.000076 0.000200 0.000417 0.000926 0.001847 0.003577 0.006289 0.010320 0.016329 0.024895 0.034830 0.046971 0.059548 0.071970 0.082772 0.089302 0.092190 0.089528 0.082830 0.072588 0.060110 0.047717 0.035392 0.025666 0.017286 0.011216 0.006735 0.003980 0.002207 0.001171 0.000557 0.000278 0.000121 0.000067 0.000021 0.000009 0.000005 0.000000 0.000000 0.000000 0.000000 0.000000 0.000000 0.000000 0.000000 
t: 0.015789473684 start: 45 end: 94 0.000001 0.000004 0.000012 0.000044 0.000106 0.000219 0.000495 0.001036 0.002169 0.003842 0.006799 0.011200 0.017497 0.025963 0.036314 0.048625 0.061179 0.073131 0.083259 0.089900 0.091606 0.088616 0.081561 0.070838 0.058971 0.045695 0.034525 0.024594 0.016602 0.010739 0.006474 0.003843 0.002064 0.001061 0.000548 0.000249 0.000122 0.000064 0.000019 0.000010 0.000003 0.000001 0.000000 0.000000 0.000000 0.000000 0.000000 0.000000 0.000000 0.000000 
t: 0.015384615385 start: 47 end: 95 0.000008 0.000019 0.000062 0.000091 0.000277 0.000570 0.001256 0.002406 0.004267 0.007419 0.012122 0.018803 0.027665 0.037975 0.050186 0.062862 0.074873 0.084173 0.089648 0.091583 0.087336 0.079663 0.069196 0.057242 0.044255 0.033188 0.023299 0.015849 0.010186 0.006158 0.003514 0.001913 0.000998 0.000490 0.000244 0.000125 0.000051 0.000015 0.000010 0.000001 0.000002 0.000000 0.000000 0.000000 0.000000 0.000000 0.000000 0.000000 0.000000 
t: 0.015000000000 start: 47 end: 97 0.000005 0.000007 0.000029 0.000057 0.000135 0.000307 0.000716 0.001388 0.002732 0.004822 0.008121 0.013322 0.020272 0.029246 0.040280 0.052480 0.064816 0.075970 0.085123 0.090117 0.090725 0.086012 0.078057 0.067155 0.055257 0.042363 0.031516 0.022141 0.014800 0.009477 0.005691 0.003311 0.001778 0.000921 0.000450 0.000234 0.000097 0.000046 0.000015 0.000005 0.000002 0.000001 0.000001 0.000000 0.000000 0.000000 0.000000 0.000000 0.000000 0.000000 0.000000 
t: 0.014634146341 start: 47 end: 97 0.000002 0.000004 0.000015 0.000029 0.000067 0.000138 0.000385 0.000870 0.001618 0.003182 0.005344 0.009091 0.014519 0.022009 0.031443 0.042622 0.054617 0.066907 0.077599 0.086234 0.090023 0.089846 0.084633 0.076023 0.065123 0.052354 0.040674 0.029844 0.020833 0.013728 0.008834 0.005302 0.002892 0.001595 0.000826 0.000436 0.000196 0.000084 0.000031 0.000021 0.000004 0.000002 0.000001 0.000000 0.000000 0.000000 0.000000 0.000000 0.000000 0.000000 0.000000 
t: 0.014285714286 start: 48 end: 97 0.000001 0.000009 0.000014 0.000037 0.000078 0.000178 0.000474 0.000987 0.002008 0.003495 0.006218 0.010195 0.015992 0.023771 0.033677 0.045058 0.057723 0.068802 0.079392 0.087407 0.089563 0.088864 0.083061 0.073476 0.062643 0.049967 0.038636 0.027988 0.019202 0.012869 0.007994 0.004776 0.002564 0.001453 0.000756 0.000355 0.000185 0.000082 0.000031 0.000011 0.000006 0.000000 0.000002 0.000000 0.000000 0.000000 0.000000 0.000000 0.000000 0.000000 
t: 0.013953488372 start: 49 end: 99 0.000004 0.000008 0.000019 0.000034 0.000105 0.000270 0.000560 0.001185 0.002299 0.004235 0.007026 0.011340 0.017719 0.025978 0.036133 0.048171 0.059986 0.071453 0.081250 0.087586 0.089924 0.087495 0.080829 0.071460 0.059521 0.047629 0.035997 0.025943 0.017812 0.011720 0.007304 0.004235 0.002309 0.001235 0.000672 0.000304 0.000139 0.000070 0.000025 0.000009 0.000005 0.000001 0.000001 0.000000 0.000000 0.000000 0.000000 0.000000 0.000000 0.000000 0.000000 
t: 0.013636363636 start: 49 end: 100 0.000001 0.000004 0.000009 0.000022 0.000051 0.000146 0.000327 0.000701 0.001477 0.002738 0.004822 0.008030 0.012907 0.019491 0.028384 0.039222 0.050937 0.062765 0.074002 0.082995 0.088479 0.089159 0.086392 0.078330 0.068308 0.056770 0.044924 0.033598 0.023865 0.016211 0.010613 0.006473 0.003700 0.002024 0.001098 0.000554 0.000259 0.000132 0.000046 0.000022 0.000008 0.000002 0.000001 0.000001 0.000000 0.000000 0.000000 0.000000 0.000000 0.000000 0.000000 0.000000 
t: 0.013333333333 start: 49 end: 101 0.000001 0.000001 0.000007 0.000011 0.000025 0.000079 0.000193 0.000404 0.000906 0.001753 0.003276 0.005529 0.009215 0.014548 0.021796 0.031496 0.041979 0.053917 0.065759 0.076795 0.084046 0.089107 0.088676 0.084291 0.075771 0.065436 0.053635 0.041814 0.031074 0.021928 0.014753 0.009300 0.005767 0.003133 0.001765 0.000942 0.000467 0.000233 0.000100 0.000046 0.000019 0.000004 0.000001 0.000001 0.000000 0.000001 0.000000 0.000000 0.000000 0.000000 0.000000 0.000000 0.000000 
t: 0.013043478261 start: 49 end: 100 0.000001 0.000000 0.000002 0.000004 0.000014 0.000042 0.000111 0.000228 0.000555 0.001111 0.002206 0.003781 0.006532 0.010614 0.016424 0.024539 0.034117 0.045273 0.057083 0.069148 0.078929 0.086101 0.089042 0.087593 0.082038 0.073248 0.062066 0.050172 0.038802 0.028315 0.019880 0.013109 0.008227 0.004918 0.002776 0.001523 0.000759 0.000399 0.000194 0.000073 0.000033 0.000013 0.000001 0.000003 0.000000 0.000001 0.000000 0.000000 0.000000 0.000000 0.000000 0.000000 
t: 0.012765957447 start: 51 end: 102 0.000001 0.000003 0.000008 0.000026 0.000055 0.000125 0.000334 0.000684 0.001459 0.002577 0.004538 0.007660 0.012186 0.018776 0.027098 0.037172 0.049171 0.060834 0.072054 0.080768 0.087210 0.089100 0.086322 0.079905 0.069877 0.058226 0.047033 0.035638 0.025641 0.017764 0.011444 0.007291 0.004200 0.002363 0.001222 0.000652 0.000329 0.000158 0.000058 0.000029 0.000004 0.000003 0.000000 0.000001 0.000001 0.000000 0.000000 0.000000 0.000000 0.000000 0.000000 0.000000 
t: 0.012500000000 start: 52 end: 103 0.000002 0.000001 0.000016 0.000030 0.000076 0.000176 0.000430 0.000933 0.001759 0.003065 0.005466 0.008991 0.014148 0.021415 0.029899 0.040838 0.052702 0.064394 0.074921 0.083203 0.087928 0.088641 0.084496 0.076797 0.066405 0.055161 0.043319 0.032359 0.023198 0.015478 0.010006 0.006184 0.003609 0.001950 0.001027 0.000542 0.000253 0.000108 0.000051 0.000015 0.000003 0.000003 0.000001 0.000001 0.000000 0.000000 0.000000 0.000000 0.000000 0.000000 0.000000 0.000000 
t: 0.012244897959 start: 52 end: 103 0.000001 0.000001 0.000009 0.000018 0.000038 0.000096 0.000243 0.000608 0.001138 0.002138 0.003714 0.006533 0.010627 0.016331 0.024095 0.033656 0.044350 0.056382 0.067846 0.078238 0.084772 0.088643 0.087707 0.082201 0.073594 0.062604 0.051328 0.039622 0.029335 0.020437 0.013690 0.008558 0.005207 0.002979 0.001654 0.000855 0.000416 0.000192 0.000081 0.000046 0.000010 0.000004 0.000002 0.000001 0.000000 0.000000 0.000000 0.000000 0.000000 0.000000 0.000000 0.000000 
t: 0.012000000000 start: 52 end: 102 0.000001 0.000000 0.000005 0.000007 0.000024 0.000056 0.000127 0.000370 0.000759 0.001414 0.002598 0.004718 0.007758 0.012413 0.018918 0.027163 0.037244 0.048388 0.060412 0.071460 0.080478 0.087070 0.088574 0.086095 0.079480 0.069567 0.059047 0.047315 0.036020 0.025854 0.018138 0.011803 0.007318 0.004317 0.002510 0.001349 0.000631 0.000337 0.000149 0.000074 0.000028 0.000007 0.000002 0.000002 0.000000 0.000000 0.000000 0.000000 0.000000 0.000000 0.000000 
t: 0.011764705882 start: 53 end: 105 0.000001 0.000001 0.000006 0.000013 0.000043 0.000078 0.000219 0.000462 0.000951 0.001792 0.003294 0.005654 0.009276 0.014609 0.021740 0.030744 0.041113 0.052638 0.064310 0.075009 0.083495 0.087516 0.088135 0.083955 0.076088 0.066254 0.054785 0.043166 0.032439 0.022910 0.015490 0.010023 0.006195 0.003568 0.001986 0.001042 0.000553 0.000265 0.000101 0.000046 0.000025 0.000007 0.000001 0.000001 0.000001 0.000000 0.000000 0.000000 0.000000 0.000000 0.000000 0.000000 0.000000 
t: 0.011538461538 start: 55 end: 105 0.000003 0.000007 0.000026 0.000057 0.000116 0.000289 0.000620 0.001263 0.002308 0.004061 0.006876 0.011274 0.017031 0.024763 0.034419 0.045218 0.056924 0.068513 0.078549 0.085331 0.088277 0.086921 0.081174 0.072611 0.062258 0.050451 0.038959 0.028460 0.020280 0.013280 0.008514 0.005115 0.002866 0.001586 0.000852 0.000421 0.000181 0.000078 0.000048 0.000015 0.000003 0.000001 0.000001 0.000000 0.000000 0.000000 0.000000 0.000000 0.000000 0.000000 0.000000 
t: 0.011320754717 start: 55 end: 106 0.000002 0.000004 0.000015 0.000030 0.000084 0.000179 0.000393 0.000834 0.001666 0.002872 0.004992 0.008527 0.013106 0.019873 0.028351 0.038448 0.049932 0.061461 0.072392 0.081250 0.087222 0.087851 0.085058 0.078267 0.068868 0.057730 0.046092 0.034543 0.025289 0.017404 0.011299 0.007004 0.004129 0.002383 0.001282 0.000628 0.000289 0.000140 0.000073 0.000023 0.000011 0.000002 0.000001 0.000001 0.000000 0.000000 0.000000 0.000000 0.000000 0.000000 0.000000 0.000000 
t: 0.011111111111 start: 55 end: 105 0.000001 0.000002 0.000010 0.000015 0.000053 0.000121 0.000255 0.000561 0.001139 0.002076 0.003587 0.006381 0.010082 0.015709 0.023175 0.032017 0.042874 0.054458 0.066228 0.075975 0.084138 0.087401 0.087628 0.082607 0.074735 0.064739 0.053093 0.041174 0.030623 0.022148 0.014741 0.009500 0.005583 0.003435 0.001900 0.000977 0.000451 0.000232 0.000108 0.000040 0.000020 0.000006 0.000000 0.000002 0.000000 0.000000 0.000000 0.000000 0.000000 0.000000 0.000000 
t: 0.010909090909 start: 55 end: 106 0.000001 0.000001 0.000004 0.000010 0.000031 0.000069 0.000175 0.000371 0.000776 0.001465 0.002564 0.004654 0.007717 0.012384 0.018546 0.026568 0.036427 0.047501 0.059300 0.070231 0.079869 0.085804 0.087855 0.086276 0.079931 0.070524 0.060015 0.047968 0.036870 0.027209 0.018499 0.012475 0.007710 0.004648 0.002731 0.001432 0.000721 0.000371 0.000166 0.000083 0.000029 0.000015 0.000002 0.000002 0.000000 0.000000 0.000000 0.000000 0.000000 0.000000 0.000000 0.000000 
t: 0.010714285714 start: 56 end: 106 0.000002 0.000003 0.000005 0.000015 0.000040 0.000113 0.000248 0.000477 0.001068 0.001840 0.003366 0.005843 0.009577 0.014749 0.021676 0.030592 0.041014 0.052616 0.063880 0.074433 0.082769 0.087201 0.087601 0.084331 0.075877 0.066168 0.054829 0.043412 0.032768 0.023259 0.015778 0.010249 0.006318 0.003681 0.002067 0.001097 0.000574 0.000253 0.000128 0.000053 0.000021 0.000006 0.000003 0.000000 0.000000 0.000000 0.000000 0.000000 0.000000 0.000000 0.000000 
t: 0.010526315789 start: 57 end: 106 0.000001 0.000007 0.000010 0.000021 0.000061 0.000166 0.000339 0.000707 0.001345 0.002451 0.004325 0.007312 0.011438 0.017704 0.025476 0.034979 0.045930 0.057714 0.068661 0.078342 0.085235 0.087296 0.086960 0.080683 0.072054 0.061497 0.049876 0.038551 0.028326 0.020029 0.013022 0.008458 0.004992 0.002933 0.001541 0.000831 0.000387 0.000186 0.000095 0.000042 0.000009 0.000008 0.000000 0.000000 0.000000 0.000000 0.000000 0.000000 0.000000 0.000000 
t: 0.010344827586 start: 57 end: 107 0.000001 0.000002 0.000005 0.000013 0.000032 0.000102 0.000241 0.000489 0.000933 0.001798 0.003215 0.005573 0.008922 0.013953 0.020892 0.029643 0.039772 0.051038 0.062679 0.073374 0.082021 0.086394 0.087882 0.084460 0.077273 0.067451 0.056179 0.044682 0.033970 0.024275 0.016659 0.010761 0.006797 0.004020 0.002253 0.001125 0.000608 0.000267 0.000145 0.000070 0.000017 0.000011 0.000003 0.000000 0.000000 0.000000 0.000000 0.000000 0.000000 0.000000 0.000000 
t: 0.010169491525 start: 58 end: 108 0.000003 0.000001 0.000010 0.000020 0.000064 0.000143 0.000333 0.000650 0.001288 0.002376 0.004305 0.006825 0.011007 0.017123 0.024461 0.034210 0.044958 0.056230 0.068102 0.077496 0.084048 0.087820 0.086336 0.081502 0.073371 0.062585 0.050956 0.039636 0.029265 0.020491 0.013818 0.008646 0.005523 0.003090 0.001628 0.000899 0.000412 0.000215 0.000107 0.000028 0.000010 0.000007 0.000002 0.000000 0.000000 0.000000 0.000000 0.000000 0.000000 0.000000 0.000000 
t: 0.010000000000 start: 59 end: 110 0.000004 0.000008 0.000007 0.000040 0.000099 0.000231 0.000437 0.000928 0.001763 0.003124 0.005311 0.008641 0.013746 0.020165 0.029006 0.038939 0.050110 0.061878 0.073168 0.080973 0.086165 0.087415 0.084459 0.078394 0.068219 0.057347 0.045423 0.034745 0.024818 0.017135 0.011152 0.007221 0.004193 0.002294 0.001275 0.000603 0.000331 0.000148 0.000051 0.000021 0.000009 0.000002 0.000001 0.000001 0.000000 0.000000 0.000000 0.000000 0.000000 0.000000 0.000000 0.000000 
t: 0.008448275866 start: 63 end: 114 0.000002 0.000002 0.000004 0.000009 0.000039 0.000101 0.000186 0.000428 0.000833 0.001547 0.002799 0.004877 0.007949 0.012497 0.018778 0.027003 0.036559 0.047778 0.059222 0.070110 0.079405 0.085244 0.087572 0.085110 0.080066 0.070788 0.059723 0.048265 0.037004 0.027169 0.018806 0.012340 0.007783 0.004676 0.002593 0.001345 0.000751 0.000360 0.000171 0.000073 0.000022 0.000009 0.000001 0.000001 0.000000 0.000000 0.000000 0.000000 0.000000 0.000000 0.000000 0.000000 
t: 0.007313432839 start: 68 end: 118 0.000002 0.000004 0.000011 0.000029 0.000078 0.000170 0.000370 0.000657 0.001245 0.002286 0.004165 0.006884 0.011124 0.016619 0.024272 0.033873 0.044499 0.056024 0.067758 0.076852 0.084021 0.087755 0.087174 0.081862 0.073507 0.063805 0.051517 0.039938 0.029394 0.020779 0.013635 0.008651 0.005124 0.002876 0.001521 0.000837 0.000392 0.000178 0.000064 0.000031 0.000012 0.000004 0.000001 0.000000 0.000000 0.000000 0.000000 0.000000 0.000000 0.000000 0.000000 
t: 0.006447368423 start: 71 end: 122 0.000001 0.000002 0.000007 0.000007 0.000045 0.000122 0.000237 0.000391 0.000845 0.001667 0.002983 0.005037 0.008420 0.012795 0.019620 0.027956 0.038265 0.049295 0.060941 0.072006 0.080941 0.086844 0.088916 0.085951 0.079493 0.069753 0.059103 0.046626 0.034829 0.024854 0.016780 0.010853 0.006563 0.003851 0.002036 0.001080 0.000484 0.000238 0.000098 0.000038 0.000021 0.000003 0.000002 0.000001 0.000000 0.000000 0.000000 0.000000 0.000000 0.000000 0.000000 0.000000 
t: 0.005764705884 start: 75 end: 125 0.000003 0.000007 0.000021 0.000041 0.000089 0.000188 0.000422 0.000809 0.001538 0.002774 0.004765 0.007973 0.012650 0.018873 0.027544 0.037560 0.049113 0.061096 0.071850 0.081657 0.087698 0.089770 0.087176 0.080739 0.070653 0.058954 0.046635 0.034780 0.024427 0.016452 0.010330 0.006245 0.003613 0.001895 0.000932 0.000421 0.000200 0.000073 0.000020 0.000006 0.000006 0.000001 0.000001 0.000000 0.000000 0.000000 0.000000 0.000000 0.000000 0.000000 0.000000 
t: 0.005212765959 start: 76 end: 125 0.000001 0.000000 0.000002 0.000009 0.000024 0.000052 0.000093 0.000256 0.000524 0.000971 0.001822 0.003288 0.005758 0.009255 0.014814 0.021753 0.030835 0.042081 0.053684 0.066017 0.077307 0.085376 0.089699 0.090267 0.086177 0.077889 0.066472 0.053866 0.040990 0.030177 0.020342 0.013007 0.008001 0.004536 0.002413 0.001195 0.000608 0.000269 0.000098 0.000052 0.000015 0.000004 0.000001 0.000000 0.000000 0.000000 0.000000 0.000000 0.000000 0.000000 
t: 0.004757281555 start: 78 end: 127 0.000001 0.000001 0.000000 0.000007 0.000014 0.000035 0.000085 0.000184 0.000404 0.000737 0.001440 0.002744 0.004689 0.007869 0.012936 0.019295 0.027870 0.039025 0.050649 0.063262 0.075246 0.084537 0.090539 0.091993 0.089021 0.080803 0.069356 0.057204 0.044166 0.031777 0.022026 0.013856 0.008561 0.004846 0.002526 0.001229 0.000622 0.000277 0.000113 0.000037 0.000012 0.000004 0.000002 0.000000 0.000000 0.000000 0.000000 0.000000 0.000000 0.000000 
t: 0.004375000001 start: 81 end: 130 0.000001 0.000002 0.000004 0.000015 0.000035 0.000091 0.000163 0.000343 0.000695 0.001375 0.002624 0.004466 0.007874 0.012391 0.019031 0.028033 0.038668 0.050959 0.064218 0.076067 0.085694 0.091732 0.093596 0.089935 0.081371 0.069942 0.056590 0.043358 0.030910 0.020606 0.013153 0.007815 0.004237 0.002178 0.001033 0.000482 0.000203 0.000081 0.000020 0.000006 0.000002 0.000001 0.000000 0.000000 0.000000 0.000000 0.000000 0.000000 0.000000 0.000000 
t: 0.004049586778 start: 82 end: 130 0.000001 0.000001 0.000001 0.000006 0.000021 0.000042 0.000088 0.000180 0.000385 0.000714 0.001486 0.002755 0.005026 0.008458 0.013595 0.020715 0.030095 0.041153 0.054631 0.068070 0.079070 0.089149 0.093906 0.094857 0.089357 0.079655 0.067183 0.052406 0.038736 0.027592 0.017750 0.010838 0.006124 0.003171 0.001574 0.000725 0.000317 0.000108 0.000039 0.000016 0.000004 0.000000 0.000000 0.000000 0.000000 0.000000 0.000000 0.000000 0.000000 
t: 0.003769230770 start: 84 end: 132 0.000001 0.000000 0.000003 0.000008 0.000019 0.000057 0.000133 0.000223 0.000431 0.000943 0.001851 0.003532 0.006050 0.010039 0.016048 0.023968 0.034889 0.047258 0.060602 0.073243 0.085276 0.093325 0.096448 0.093954 0.086268 0.075055 0.060260 0.046023 0.033027 0.021974 0.013582 0.007721 0.004238 0.001990 0.000966 0.000387 0.000136 0.000054 0.000014 0.000002 0.000001 0.000001 0.000000 0.000000 0.000000 0.000000 0.000000 0.000000 0.000000 
t: 0.003525179857 start: 85 end: 132 0.000001 0.000001 0.000001 0.000003 0.000012 0.000026 0.000070 0.000158 0.000312 0.000684 0.001378 0.002514 0.004596 0.007926 0.012937 0.020497 0.029985 0.041772 0.055349 0.069046 0.082061 0.092054 0.096812 0.096636 0.091183 0.080610 0.066100 0.051268 0.037142 0.025135 0.015522 0.009193 0.004879 0.002394 0.001044 0.000454 0.000173 0.000051 0.000015 0.000003 0.000003 0.000000 0.000000 0.000000 0.000000 0.000000 0.000000 0.000000 
t: 0.003310810811 start: 87 end: 132 0.000001 0.000001 0.000003 0.000009 0.000009 0.000051 0.000113 0.000224 0.000521 0.001043 0.002014 0.003707 0.006645 0.011128 0.017936 0.026850 0.038567 0.051557 0.065935 0.079938 0.090878 0.097363 0.098703 0.094497 0.084234 0.069955 0.054888 0.040051 0.026916 0.016916 0.009857 0.005163 0.002517 0.001136 0.000431 0.000169 0.000055 0.000013 0.000002 0.000003 0.000001 0.000000 0.000000 0.000000 0.000000 0.000000 
t: 0.003121019109 start: 87 end: 132 0.000001 0.000000 0.000000 0.000001 0.000007 0.000009 0.000036 0.000083 0.000168 0.000412 0.000873 0.001740 0.003216 0.005980 0.010041 0.016211 0.024951 0.036383 0.049835 0.064354 0.078838 0.090409 0.098589 0.100427 0.096575 0.086953 0.072286 0.056366 0.041054 0.027972 0.017357 0.009582 0.005162 0.002486 0.001045 0.000391 0.000146 0.000041 0.000013 0.000005 0.000002 0.000000 0.000000 0.000000 0.000000 0.000000 
t: 0.002951807229 start: 89 end: 132 0.000001 0.000000 0.000001 0.000004 0.000015 0.000029 0.000059 0.000160 0.000374 0.000757 0.001540 0.003079 0.005461 0.009575 0.015610 0.024186 0.035322 0.049289 0.064077 0.079055 0.091346 0.099731 0.102420 0.098138 0.087253 0.073338 0.056653 0.041183 0.027061 0.016560 0.009377 0.004750 0.002214 0.000901 0.000338 0.000106 0.000024 0.000009 0.000004 0.000000 0.000000 0.000000 0.000000 0.000000 
t: 0.002800000000 start: 92 end: 132 0.000002 0.000007 0.000009 0.000022 0.000064 0.000149 0.000340 0.000752 0.001484 0.002910 0.005484 0.009389 0.015660 0.024118 0.035856 0.049862 0.065320 0.080167 0.093468 0.101520 0.103530 0.098948 0.087347 0.072575 0.055374 0.039299 0.025803 0.015168 0.008327 0.004160 0.001837 0.000704 0.000254 0.000060 0.000023 0.000007 0.000001 0.000000 0.000000 0.000000 0.000000 
t: 0.002663043479 start: 93 end: 132 0.000002 0.000003 0.000009 0.000021 0.000055 0.000160 0.000357 0.000784 0.001523 0.002986 0.005644 0.009762 0.016169 0.025071 0.037233 0.051849 0.067368 0.083077 0.096192 0.103499 0.104983 0.098313 0.086519 0.070182 0.052499 0.036777 0.023107 0.013324 0.007074 0.003354 0.001406 0.000491 0.000136 0.000054 0.000010 0.000007 0.000000 0.000000 0.000000 0.000000 
t: 0.002538860104 start: 94 end: 132 0.000001 0.000003 0.000011 0.000022 0.000064 0.000142 0.000405 0.000808 0.001660 0.003339 0.005984 0.010446 0.017276 0.026931 0.039448 0.055147 0.070776 0.087228 0.099010 0.105955 0.105512 0.098016 0.083626 0.066394 0.048842 0.032368 0.019940 0.011187 0.005615 0.002439 0.000978 0.000283 0.000109 0.000023 0.000010 0.000002 0.000000 0.000000 0.000000 
t: 0.002425742574 start: 94 end: 132 0.000001 0.000001 0.000001 0.000014 0.000021 0.000075 0.000190 0.000431 0.000893 0.001863 0.003683 0.006742 0.011499 0.019265 0.029354 0.043434 0.058905 0.076161 0.091165 0.103141 0.108018 0.105367 0.095440 0.079673 0.061745 0.043273 0.027908 0.016502 0.008649 0.004062 0.001662 0.000597 0.000194 0.000048 0.000019 0.000004 0.000000 0.000000 0.000000 
t: 0.002322274882 start: 95 end: 132 0.000001 0.000000 0.000002 0.000012 0.000031 0.000087 0.000236 0.000472 0.001033 0.002235 0.004242 0.007707 0.013293 0.021713 0.032989 0.048113 0.064618 0.081437 0.096556 0.106597 0.109655 0.104432 0.091325 0.074582 0.055082 0.037234 0.022857 0.012849 0.006373 0.002721 0.001040 0.000353 0.000085 0.000031 0.000006 0.000001 0.000000 0.000000 
t: 0.002227272727 start: 95 end: 132 0.000001 0.000000 0.000000 0.000007 0.000015 0.000041 0.000108 0.000266 0.000609 0.001294 0.002648 0.005075 0.009059 0.015749 0.024991 0.037904 0.053702 0.071114 0.088298 0.101815 0.110421 0.110349 0.100841 0.085923 0.067280 0.047721 0.030823 0.017777 0.009353 0.004251 0.001722 0.000617 0.000162 0.000053 0.000010 0.000001 0.000000 0.000000 
t: 0.002139737991 start: 95 end: 132 0.000001 0.000000 0.000000 0.000003 0.000005 0.000023 0.000051 0.000156 0.000336 0.000803 0.001653 0.003269 0.006196 0.011069 0.018597 0.029660 0.043418 0.060801 0.078740 0.095194 0.108097 0.112534 0.108769 0.096466 0.078459 0.058936 0.039433 0.023978 0.013120 0.006176 0.002648 0.001032 0.000273 0.000085 0.000017 0.000002 0.000000 0.000000 
t: 0.002058823530 start: 95 end: 132 0.000001 0.000000 0.000000 0.000000 0.000004 0.000009 0.000035 0.000085 0.000194 0.000461 0.001044 0.002072 0.004147 0.007749 0.013909 0.022534 0.034778 0.051113 0.068858 0.087374 0.102592 0.112443 0.113989 0.104679 0.089481 0.069433 0.049357 0.031014 0.017817 0.008853 0.003744 0.001571 0.000497 0.000129 0.000031 0.000003 0.000000 0.000000 
t: 0.001983805668 start: 95 end: 132 0.000001 0.000000 0.000000 0.000000 0.000000 0.000005 0.000016 0.000039 0.000112 0.000292 0.000626 0.001365 0.002769 0.005396 0.009983 0.017373 0.027824 0.041973 0.059525 0.078078 0.095703 0.109726 0.116172 0.111527 0.099122 0.079887 0.059454 0.039026 0.023119 0.012201 0.005404 0.002239 0.000778 0.000213 0.000046 0.000006 0.000000 0.000000 
t: 0.001914062500 start: 97 end: 132 0.000001 0.000000 0.000000 0.000001 0.000007 0.000027 0.000055 0.000153 0.000401 0.000871 0.001877 0.003809 0.007131 0.013093 0.021960 0.034157 0.050506 0.069247 0.088275 0.104480 0.115702 0.116002 0.107311 0.090174 0.069354 0.047721 0.029368 0.016065 0.007497 0.003206 0.001161 0.000298 0.000077 0.000013 0.000000 0.000000 
t: 0.001849056604 start: 99 end: 132 0.000001 0.000001 0.000005 0.000010 0.000028 0.000110 0.000232 0.000529 0.001273 0.002629 0.005240 0.009720 0.016977 0.027672 0.042438 0.060446 0.080176 0.098468 0.113280 0.117979 0.113617 0.099678 0.078844 0.057092 0.036173 0.020734 0.010033 0.004377 0.001634 0.000471 0.000115 0.000018 0.000000 0.000000 
t: 0.001788321168 start: 101 end: 132 0.000001 0.000005 0.000018 0.000056 0.000155 0.000329 0.000837 0.001804 0.003828 0.007231 0.013000 0.022257 0.035188 0.052293 0.071548 0.091731 0.108986 0.118452 0.118422 0.107465 0.088331 0.066218 0.043880 0.025905 0.013057 0.005892 0.002238 0.000688 0.000156 0.000028 0.000001 0.000000 
t: 0.001731448763 start: 101 end: 132 0.000001 0.000001 0.000009 0.000032 0.000093 0.000195 0.000549 0.001278 0.002725 0.005397 0.009875 0.017657 0.029084 0.044766 0.063967 0.083634 0.103765 0.116899 0.121127 0.113893 0.097634 0.075175 0.051766 0.031728 0.016783 0.007775 0.002935 0.000948 0.000263 0.000043 0.000003 0.000000 
t: 0.001678082192 start: 103 end: 132 0.000005 0.000016 0.000072 0.000127 0.000333 0.000869 0.001893 0.004045 0.007530 0.013861 0.024097 0.037587 0.056493 0.076129 0.097387 0.113636 0.122407 0.119004 0.105624 0.084696 0.059673 0.037981 0.020805 0.009990 0.004031 0.001278 0.000351 0.000073 0.000007 0.000000 
t: 0.001627906977 start: 103 end: 132 0.000001 0.000011 0.000037 0.000101 0.000217 0.000572 0.001350 0.002966 0.005811 0.010923 0.019581 0.031897 0.048758 0.068791 0.090741 0.109358 0.121671 0.123007 0.112541 0.093154 0.068436 0.044465 0.025360 0.012730 0.005177 0.001777 0.000464 0.000093 0.000009 0.000001 
t: 0.001580645161 start: 103 end: 132 0.000001 0.000007 0.000020 0.000067 0.000143 0.000406 0.000986 0.002158 0.004458 0.008600 0.015676 0.026912 0.042204 0.061599 0.083500 0.104736 0.119559 0.125099 0.118633 0.100908 0.076662 0.051884 0.030446 0.015533 0.006703 0.002307 0.000639 0.000139 0.000014 0.000001 
t: 0.001536050157 start: 103 end: 132 0.000001 0.000005 0.000014 0.000042 0.000081 0.000279 0.000704 0.001632 0.003382 0.006674 0.012705 0.022340 0.036393 0.054983 0.076607 0.098491 0.116778 0.125661 0.123611 0.107905 0.085328 0.059042 0.035972 0.018923 0.008425 0.002939 0.000870 0.000188 0.000023 0.000002 
t: 0.001493902439 start: 104 end: 132 0.000003 0.000012 0.000029 0.000056 0.000188 0.000488 0.001155 0.002585 0.005300 0.010224 0.018503 0.031100 0.048480 0.069982 0.092409 0.112620 0.125747 0.126634 0.114590 0.093186 0.066725 0.041869 0.022584 0.010348 0.003791 0.001107 0.000252 0.000031 0.000002 
t: 0.001454005935 start: 104 end: 132 0.000001 0.000003 0.000019 0.000049 0.000126 0.000341 0.000846 0.001949 0.004090 0.008265 0.015306 0.026520 0.042804 0.063145 0.086126 0.107743 0.124747 0.129028 0.120236 0.100587 0.074318 0.047898 0.026672 0.012679 0.004695 0.001429 0.000323 0.000052 0.000003 
t: 0.001416184971 start: 105 end: 132 0.000002 0.000008 0.000048 0.000081 0.000248 0.000594 0.001507 0.003168 0.006594 0.012590 0.022553 0.037470 0.056861 0.080013 0.102698 0.121915 0.130477 0.124810 0.107573 0.082001 0.054459 0.030904 0.015213 0.005923 0.001794 0.000427 0.000065 0.000004 
t: 0.001380281690 start: 105 end: 132 0.000001 0.000003 0.000026 0.000062 0.000173 0.000438 0.001116 0.002468 0.005280 0.010344 0.019061 0.032559 0.051148 0.073745 0.097409 0.118857 0.130308 0.128556 0.114107 0.089349 0.061226 0.035685 0.017906 0.007305 0.002243 0.000526 0.000093 0.000006 
t: 0.001346153846 start: 106 end: 132 0.000003 0.000017 0.000047 0.000123 0.000330 0.000841 0.001931 0.004168 0.008564 0.016153 0.028276 0.045489 0.067877 0.091681 0.114996 0.129585 0.131433 0.120146 0.096117 0.068240 0.040668 0.020849 0.008897 0.002770 0.000676 0.000116 0.000007 
t: 0.001313672922 start: 106 end: 132 0.000001 0.000011 0.000033 0.000084 0.000257 0.000651 0.001471 0.003351 0.006975 0.013746 0.024475 0.040395 0.061837 0.086098 0.110626 0.127923 0.133756 0.124792 0.103407 0.074890 0.046062 0.024160 0.010576 0.003408 0.000853 0.000154 0.000008 
t: 0.001282722513 start: 107 end: 132 0.000008 0.000018 0.000067 0.000175 0.000493 0.001183 0.002651 0.005763 0.011438 0.021236 0.035866 0.056147 0.080471 0.105845 0.126111 0.134885 0.129260 0.109449 0.081743 0.051615 0.027668 0.012498 0.004183 0.001016 0.000201 0.000010 
t: 0.001253196931 start: 107 end: 132 0.000005 0.000009 0.000046 0.000129 0.000357 0.000946 0.002134 0.004698 0.009654 0.018223 0.031860 0.050817 0.074863 0.101087 0.123123 0.135406 0.132911 0.115597 0.088275 0.057301 0.031499 0.014519 0.005045 0.001237 0.000246 0.000013 
t: 0.001225000000 start: 107 end: 132 0.000004 0.000006 0.000028 0.000093 0.000277 0.000732 0.001684 0.003954 0.007997 0.015640 0.028074 0.046168 0.069381 0.095603 0.120258 0.135088 0.135734 0.121287 0.094694 0.063131 0.035587 0.016643 0.006076 0.001544 0.000303 0.000014 
t: 0.001198044010 start: 107 end: 132 0.000001 0.000007 0.000018 0.000072 0.000203 0.000567 0.001402 0.003180 0.006737 0.013427 0.024600 0.041790 0.064175 0.090330 0.116685 0.133889 0.138081 0.126528 0.100933 0.068950 0.039926 0.019026 0.007176 0.001902 0.000374 0.000021 
t: 0.001172248804 start: 108 end: 132 0.000005 0.000013 0.000058 0.000148 0.000449 0.001114 0.002588 0.005723 0.011544 0.021492 0.037693 0.059213 0.085231 0.112476 0.132374 0.139809 0.130969 0.107117 0.074944 0.044353 0.021623 0.008292 0.002304 0.000443 0.000025 
t: 0.001147540984 start: 108 end: 132 0.000002 0.000010 0.000042 0.000122 0.000353 0.000884 0.002137 0.004856 0.009891 0.018891 0.033672 0.054611 0.079974 0.108083 0.130449 0.140897 0.134911 0.112909 0.080992 0.049017 0.024403 0.009592 0.002735 0.000530 0.000037 
t: 0.001123853211 start: 108 end: 132 0.000001 0.000006 0.000033 0.000090 0.000281 0.000720 0.001732 0.004049 0.008628 0.016596 0.030056 0.050020 0.075098 0.103788 0.127832 0.141319 0.138425 0.118351 0.086974 0.053793 0.027358 0.010940 0.003217 0.000641 0.000052 
t: 0.001101123596 start: 108 end: 132 0.000001 0.000003 0.000028 0.000072 0.000216 0.000576 0.001439 0.003390 0.007439 0.014605 0.026768 0.045801 0.070217 0.099203 0.125105 0.141004 0.141459 0.123698 0.092818 0.058588 0.030505 0.012509 0.003739 0.000751 0.000066 
t: 0.001079295154 start: 108 end: 132 0.000001 0.000001 0.000022 0.000063 0.000161 0.000479 0.001218 0.002821 0.006373 0.012764 0.023965 0.041838 0.065700 0.094392 0.122025 0.140491 0.143821 0.128263 0.098834 0.063567 0.033760 0.014211 0.004269 0.000880 0.000081 
t: 0.001058315335 start: 108 end: 132 0.000001 0.000001 0.000014 0.000044 0.000141 0.000371 0.001006 0.002391 0.005443 0.011166 0.021510 0.038049 0.061258 0.089806 0.118531 0.139479 0.145550 0.132983 0.104237 0.068656 0.037333 0.015956 0.004928 0.001045 0.000101 
t: 0.001038135593 start: 108 end: 132 0.000001 0.000000 0.000011 0.000032 0.000102 0.000317 0.000810 0.001972 0.004673 0.009756 0.019265 0.034722 0.056794 0.085524 0.114560 0.138289 0.146665 0.136992 0.109973 0.073667 0.040990 0.017917 0.005653 0.001190 0.000125 
t: 0.001018711019 start: 109 end: 132 0.000001 0.000007 0.000024 0.000085 0.000256 0.000668 0.001674 0.003938 0.008601 0.017198 0.031550 0.052835 0.080885 0.110838 0.136446 0.147566 0.140653 0.115324 0.078908 0.044554 0.020000 0.006457 0.001375 0.000157 
t: 0.001000000000 start: 109 end: 132 0.000001 0.000005 0.000019 0.000068 0.000208 0.000568 0.001382 0.003332 0.007540 0.015394 0.028612 0.049082 0.076376 0.106894 0.134543 0.148046 0.143943 0.120073 0.084177 0.048474 0.022199 0.007307 0.001568 0.000189 
