t: 0.059999999999 start: 14 end: 50 0.000003 0.000020 0.000074 0.000306 0.000926 0.002919 0.007194 0.015871 0.030998 0.053033 0.079571 0.106439 0.126405 0.133604 0.126095 0.107503 0.081497 0.056631 0.034324 0.019423 0.009931 0.004377 0.001841 0.000670 0.000242 0.000078 0.000018 0.000004 0.000003 0.000000 0.000000 0.000000 0.000000 0.000000 0.000000 0.000000 0.000000 
t: 0.054545454544 start: 15 end: 53 0.000002 0.000007 0.000036 0.000111 0.000406 0.001180 0.003343 0.007964 0.016738 0.031409 0.052288 0.076729 0.101345 0.120901 0.129192 0.123263 0.107468 0.084007 0.060074 0.038749 0.022626 0.012101 0.005836 0.002563 0.001046 0.000436 0.000113 0.000052 0.000010 0.000002 0.000003 0.000000 0.000000 0.000000 0.000000 0.000000 0.000000 0.000000 0.000000 
t: 0.049999999999 start: 17 end: 54 0.000001 0.000019 0.000031 0.000171 0.000563 0.001615 0.004031 0.009077 0.018223 0.032945 0.052885 0.075693 0.099341 0.117303 0.125203 0.120195 0.105246 0.084232 0.061264 0.041096 0.024562 0.013681 0.007035 0.003299 0.001458 0.000557 0.000190 0.000051 0.000030 0.000003 0.000000 0.000000 0.000000 0.000000 0.000000 0.000000 0.000000 0.000000 
t: 0.046153846153 start: 19 end: 57 0.000008 0.000026 0.000068 0.000269 0.000776 0.002071 0.005078 0.010609 0.020504 0.035196 0.054373 0.077312 0.098821 0.114561 0.121620 0.116825 0.102093 0.082893 0.061173 0.041173 0.025662 0.014653 0.007658 0.003870 0.001632 0.000697 0.000238 0.000100 0.000031 0.000006 0.000004 0.000000 0.000000 0.000000 0.000000 0.000000 0.000000 0.000000 0.000000 
t: 0.042857142857 start: 20 end: 59 0.000004 0.000012 0.000031 0.000119 0.000438 0.001150 0.002827 0.006424 0.012861 0.023470 0.038368 0.057972 0.079528 0.099691 0.113240 0.117735 0.112582 0.099150 0.079909 0.058984 0.040172 0.025657 0.014779 0.007827 0.003990 0.001873 0.000770 0.000279 0.000110 0.000031 0.000012 0.000005 0.000000 0.000000 0.000000 0.000000 0.000000 0.000000 0.000000 0.000000 
t: 0.040000000000 start: 22 end: 60 0.000007 0.000020 0.000064 0.000234 0.000657 0.001599 0.003917 0.008214 0.015653 0.026937 0.043302 0.062678 0.082723 0.100570 0.112391 0.114712 0.108774 0.093531 0.075706 0.055949 0.038734 0.024352 0.014260 0.007962 0.003951 0.001838 0.000793 0.000305 0.000107 0.000048 0.000012 0.000000 0.000000 0.000000 0.000000 0.000000 0.000000 0.000000 0.000000 
t: 0.037500000000 start: 22 end: 63 0.000001 0.000004 0.000010 0.000050 0.000105 0.000390 0.001004 0.002446 0.005420 0.010617 0.019087 0.031882 0.048484 0.067652 0.086929 0.102823 0.110826 0.111876 0.103811 0.088512 0.070406 0.052157 0.035480 0.022600 0.013366 0.007250 0.003780 0.001825 0.000749 0.000284 0.000116 0.000036 0.000018 0.000004 0.000000 0.000000 0.000000 0.000000 0.000000 0.000000 0.000000 0.000000 
t: 0.035294117647 start: 24 end: 65 0.000001 0.000010 0.000019 0.000079 0.000244 0.000639 0.001631 0.003654 0.007457 0.013611 0.023825 0.037563 0.054843 0.073629 0.091078 0.104212 0.109979 0.108339 0.097626 0.082521 0.064786 0.047241 0.032169 0.020151 0.012120 0.006499 0.003370 0.001566 0.000682 0.000281 0.000112 0.000044 0.000016 0.000000 0.000003 0.000000 0.000000 0.000000 0.000000 0.000000 0.000000 0.000000 
t: 0.033333333333 start: 26 end: 68 0.000002 0.000013 0.000052 0.000155 0.000421 0.001138 0.002500 0.005365 0.010091 0.017758 0.029134 0.044366 0.062262 0.079737 0.095204 0.105530 0.108539 0.102789 0.091661 0.076102 0.058502 0.041932 0.028140 0.017435 0.010309 0.005720 0.002842 0.001296 0.000605 0.000252 0.000097 0.000038 0.000009 0.000003 0.000000 0.000001 0.000000 0.000000 0.000000 0.000000 0.000000 0.000000 0.000000 
t: 0.031578947368 start: 27 end: 71 0.000002 0.000009 0.000032 0.000112 0.000285 0.000775 0.001814 0.003879 0.007698 0.013817 0.022958 0.035860 0.052161 0.069625 0.085980 0.098815 0.105272 0.105492 0.097944 0.084668 0.068778 0.051515 0.036418 0.023733 0.014818 0.008622 0.004690 0.002276 0.001140 0.000508 0.000198 0.000070 0.000022 0.000011 0.000001 0.000001 0.000001 0.000000 0.000000 0.000000 0.000000 0.000000 0.000000 0.000000 0.000000 
t: 0.030000000000 start: 28 end: 71 0.000001 0.000007 0.000025 0.000073 0.000208 0.000548 0.001357 0.002904 0.005857 0.010814 0.018486 0.029836 0.043740 0.060210 0.077008 0.092017 0.100891 0.104967 0.100945 0.091717 0.076753 0.060546 0.044405 0.030843 0.019773 0.012079 0.007024 0.003668 0.001833 0.000856 0.000363 0.000161 0.000057 0.000019 0.000008 0.000001 0.000000 0.000000 0.000000 0.000000 0.000000 0.000000 0.000000 0.000000 
t: 0.028571428571 start: 28 end: 73 0.000001 0.000002 0.000007 0.000018 0.000060 0.000156 0.000393 0.000975 0.002223 0.004563 0.008682 0.015293 0.024511 0.037454 0.052371 0.069145 0.084497 0.096530 0.102433 0.101944 0.096052 0.083275 0.068069 0.052095 0.037498 0.025389 0.016142 0.009637 0.005310 0.002820 0.001375 0.000636 0.000272 0.000116 0.000033 0.000017 0.000005 0.000001 0.000000 0.000000 0.000000 0.000000 0.000000 0.000000 0.000000 0.000000 
t: 0.027272727273 start: 30 end: 75 0.000003 0.000006 0.000012 0.000042 0.000108 0.000321 0.000745 0.001822 0.003631 0.007149 0.012571 0.020720 0.032110 0.046260 0.062144 0.077847 0.090506 0.099093 0.102194 0.097933 0.088337 0.074577 0.059307 0.044176 0.030395 0.020318 0.012683 0.007241 0.003883 0.002124 0.000975 0.000462 0.000193 0.000072 0.000026 0.000009 0.000004 0.000001 0.000000 0.000000 0.000000 0.000000 0.000000 0.000000 0.000000 0.000000 
t: 0.026086956522 start: 31 end: 77 0.000001 0.000006 0.000010 0.000034 0.000091 0.000266 0.000606 0.001418 0.003083 0.005954 0.010560 0.017837 0.028070 0.041363 0.055705 0.071580 0.085007 0.096021 0.100964 0.098891 0.091274 0.079699 0.064840 0.050146 0.036217 0.024339 0.015745 0.009413 0.005327 0.002940 0.001429 0.000683 0.000280 0.000115 0.000060 0.000020 0.000003 0.000002 0.000000 0.000001 0.000000 0.000000 0.000000 0.000000 0.000000 0.000000 0.000000 
t: 0.025000000000 start: 32 end: 78 0.000001 0.000001 0.000009 0.000031 0.000079 0.000223 0.000550 0.001166 0.002566 0.005003 0.009112 0.015540 0.025021 0.036776 0.051100 0.065834 0.079972 0.092235 0.098350 0.098925 0.093909 0.083794 0.070343 0.055264 0.040652 0.028546 0.018894 0.011651 0.007003 0.003748 0.001984 0.000974 0.000422 0.000199 0.000073 0.000032 0.000014 0.000003 0.000001 0.000000 0.000000 0.000000 0.000000 0.000000 0.000000 0.000000 0.000000 
t: 0.024000000000 start: 34 end: 79 0.000003 0.000009 0.000025 0.000056 0.000194 0.000472 0.001022 0.002297 0.004263 0.008129 0.013771 0.022522 0.033181 0.046437 0.061720 0.076042 0.087760 0.096121 0.098323 0.094918 0.087264 0.074230 0.059683 0.044786 0.032578 0.021872 0.014155 0.008433 0.004755 0.002627 0.001287 0.000592 0.000286 0.000116 0.000050 0.000016 0.000003 0.000002 0.000000 0.000000 0.000000 0.000000 0.000000 0.000000 0.000000 0.000000 
t: 0.023076923077 start: 35 end: 80 0.000001 0.000010 0.000015 0.000068 0.000166 0.000434 0.000952 0.002017 0.003918 0.007199 0.012575 0.020260 0.030453 0.043213 0.057667 0.072047 0.084798 0.093598 0.097164 0.095616 0.088805 0.077299 0.063403 0.048746 0.036019 0.025006 0.016359 0.010050 0.005826 0.003163 0.001632 0.000876 0.000380 0.000163 0.000068 0.000026 0.000007 0.000001 0.000000 0.000000 0.000000 0.000000 0.000000 0.000000 0.000000 0.000000 
t: 0.022222222222 start: 36 end: 81 0.000002 0.000006 0.000024 0.000064 0.000152 0.000366 0.000825 0.001868 0.003517 0.006680 0.011326 0.018757 0.028436 0.040669 0.054236 0.068233 0.081914 0.090958 0.096668 0.095698 0.090021 0.079541 0.066488 0.052375 0.038896 0.027623 0.018471 0.011532 0.006890 0.003808 0.002072 0.001052 0.000477 0.000210 0.000097 0.000037 0.000009 0.000000 0.000002 0.000000 0.000000 0.000000 0.000000 0.000000 0.000000 0.000000 
t: 0.021428571428 start: 36 end: 82 0.000001 0.000004 0.000004 0.000018 0.000072 0.000136 0.000302 0.000827 0.001711 0.003304 0.006149 0.010809 0.017428 0.026944 0.038136 0.051917 0.065639 0.079154 0.089539 0.094353 0.095296 0.091198 0.081109 0.068835 0.055074 0.041709 0.029985 0.020283 0.013052 0.007654 0.004542 0.002444 0.001267 0.000632 0.000291 0.000122 0.000042 0.000013 0.000005 0.000000 0.000000 0.000000 0.000000 0.000000 0.000000 0.000000 0.000000 
t: 0.020689655172 start: 38 end: 84 0.000001 0.000011 0.000021 0.000057 0.000120 0.000313 0.000810 0.001535 0.003243 0.005813 0.010348 0.016651 0.025461 0.036774 0.049597 0.063501 0.076794 0.087323 0.093391 0.095135 0.091484 0.082383 0.070630 0.057056 0.043997 0.031961 0.022049 0.014231 0.008546 0.005156 0.002745 0.001528 0.000773 0.000334 0.000141 0.000055 0.000024 0.000006 0.000002 0.000000 0.000000 0.000000 0.000000 0.000000 0.000000 0.000000 0.000000 
t: 0.020000000000 start: 38 end: 85 0.000001 0.000003 0.000010 0.000023 0.000043 0.000124 0.000331 0.000687 0.001620 0.003157 0.005635 0.009708 0.016134 0.024568 0.035508 0.048266 0.061749 0.074764 0.085879 0.092644 0.094257 0.091455 0.083392 0.071948 0.058853 0.045590 0.033534 0.023155 0.015327 0.009630 0.005610 0.003120 0.001712 0.000865 0.000426 0.000170 0.000064 0.000028 0.000009 0.000001 0.000000 0.000000 0.000000 0.000000 0.000000 0.000000 0.000000 0.000000 
t: 0.019354838710 start: 39 end: 86 0.000001 0.000005 0.000005 0.000019 0.000064 0.000132 0.000311 0.000737 0.001610 0.003126 0.005500 0.009643 0.015585 0.024187 0.034306 0.047293 0.060770 0.073489 0.084017 0.091869 0.093856 0.091226 0.083453 0.072990 0.060336 0.046676 0.034819 0.024427 0.016182 0.010263 0.005939 0.003469 0.001868 0.001020 0.000466 0.000208 0.000093 0.000030 0.000006 0.000004 0.000000 0.000000 0.000000 0.000000 0.000000 0.000000 0.000000 0.000000 
t: 0.018750000000 start: 40 end: 87 0.000002 0.000002 0.000014 0.000019 0.000055 0.000129 0.000349 0.000744 0.001587 0.003152 0.005528 0.009478 0.015687 0.023706 0.033966 0.046442 0.059630 0.072726 0.083679 0.090452 0.092921 0.091233 0.083901 0.073604 0.060680 0.047745 0.035725 0.025223 0.016901 0.010721 0.006317 0.003632 0.002032 0.001110 0.000526 0.000235 0.000090 0.000044 0.000010 0.000003 0.000000 0.000000 0.000000 0.000000 0.000000 0.000000 0.000000 0.000000 
t: 0.018181818182 start: 40 end: 88 0.000001 0.000000 0.000005 0.000008 0.000028 0.000055 0.000142 0.000366 0.000772 0.001669 0.003141 0.005600 0.009715 0.015573 0.023429 0.034037 0.046572 0.059241 0.071701 0.082367 0.089963 0.092965 0.090412 0.084194 0.073651 0.060868 0.048079 0.036276 0.025879 0.017393 0.011172 0.006624 0.003844 0.002133 0.001128 0.000567 0.000261 0.000108 0.000043 0.000014 0.000003 0.000000 0.000001 0.000000 0.000000 0.000000 0.000000 0.000000 0.000000 
t: 0.017647058823 start: 42 end: 91 0.000002 0.000003 0.000010 0.000022 0.000070 0.000174 0.000360 0.000857 0.001751 0.003214 0.005755 0.009987 0.015553 0.023664 0.034330 0.046577 0.058955 0.071204 0.082699 0.089438 0.091953 0.090155 0.083940 0.072916 0.061473 0.048070 0.036604 0.026181 0.017527 0.011306 0.006902 0.003955 0.002195 0.001169 0.000570 0.000274 0.000106 0.000051 0.000019 0.000007 0.000001 0.000001 0.000000 0.000000 0.000000 0.000000 0.000000 0.000000 0.000000 0.000000 
t: 0.017142857143 start: 42 end: 92 0.000001 0.000003 0.000002 0.000008 0.000035 0.000055 0.000187 0.000440 0.000928 0.001794 0.003331 0.006056 0.010316 0.015799 0.024400 0.034507 0.046756 0.059191 0.071891 0.081967 0.088884 0.091558 0.089974 0.082949 0.072806 0.060838 0.048108 0.036568 0.026058 0.017704 0.011334 0.006999 0.004123 0.002182 0.001179 0.000605 0.000265 0.000117 0.000048 0.000020 0.000007 0.000006 0.000001 0.000000 0.000000 0.000000 0.000000 0.000000 0.000000 0.000000 0.000000 
t: 0.016666666667 start: 43 end: 93 0.000002 0.000003 0.000001 0.000014 0.000026 0.000076 0.000206 0.000475 0.000961 0.001925 0.003619 0.006391 0.010575 0.016583 0.025044 0.035165 0.047454 0.059788 0.072416 0.081513 0.088633 0.091513 0.089436 0.082055 0.072130 0.059730 0.048121 0.036056 0.025585 0.017634 0.011358 0.006984 0.003992 0.002246 0.001191 0.000623 0.000283 0.000109 0.000052 0.000018 0.000007 0.000006 0.000001 0.000000 0.000000 0.000000 0.000000 0.000000 0.000000 0.000000 0.000000 
t: 0.016216216216 start: 43 end: 95 0.000001 0.000001 0.000002 0.000006 0.000009 0.000036 0.000096 0.000220 0.000544 0.001140 0.002068 0.003873 0.006800 0.011116 0.017604 0.025626 0.036094 0.048297 0.060689 0.072748 0.082293 0.088471 0.091157 0.088046 0.081842 0.070651 0.059437 0.046665 0.035460 0.025572 0.017085 0.011161 0.006864 0.003904 0.002170 0.001170 0.000610 0.000276 0.000119 0.000042 0.000023 0.000005 0.000005 0.000001 0.000001 0.000000 0.000000 0.000000 0.000000 0.000000 0.000000 0.000000 0.000000 
t: 0.015789473684 start: 44 end: 94 0.000001 0.000000 0.000001 0.000008 0.000010 0.000035 0.000136 0.000235 0.000615 0.001223 0.002394 0.004160 0.007200 0.011904 0.018237 0.027005 0.037399 0.049039 0.061930 0.073608 0.082623 0.089183 0.090336 0.087349 0.080158 0.069938 0.058093 0.045849 0.034574 0.024775 0.016577 0.010677 0.006576 0.003843 0.002177 0.001074 0.000609 0.000275 0.000106 0.000038 0.000021 0.000005 0.000002 0.000002 0.000000 0.000000 0.000000 0.000000 0.000000 0.000000 0.000000 
t: 0.015384615385 start: 46 end: 96 0.000001 0.000004 0.000005 0.000014 0.000063 0.000124 0.000319 0.000684 0.001400 0.002594 0.004563 0.007742 0.012594 0.019449 0.028369 0.038859 0.050709 0.063101 0.074510 0.083248 0.089020 0.090073 0.086164 0.078786 0.068680 0.056802 0.044603 0.033522 0.023778 0.015902 0.010397 0.006187 0.003629 0.002049 0.001065 0.000566 0.000258 0.000100 0.000042 0.000018 0.000005 0.000001 0.000001 0.000000 0.000000 0.000000 0.000000 0.000000 0.000000 0.000000 0.000000 
t: 0.015000000000 start: 47 end: 97 0.000002 0.000005 0.000006 0.000019 0.000066 0.000172 0.000373 0.000779 0.001572 0.002888 0.004917 0.008448 0.013723 0.020654 0.029941 0.040451 0.052609 0.064336 0.076114 0.084149 0.089017 0.089069 0.085206 0.077406 0.066999 0.055058 0.043057 0.032214 0.022739 0.015059 0.009738 0.005831 0.003570 0.001916 0.000964 0.000517 0.000236 0.000114 0.000038 0.000024 0.000002 0.000001 0.000000 0.000001 0.000000 0.000000 0.000000 0.000000 0.000000 0.000000 0.000000 
t: 0.014634146341 start: 47 end: 97 0.000001 0.000002 0.000003 0.000007 0.000024 0.000088 0.000191 0.000422 0.000907 0.001804 0.003141 0.005580 0.009241 0.014833 0.022272 0.031511 0.042486 0.054342 0.067038 0.076995 0.085047 0.089059 0.088480 0.083707 0.075687 0.064746 0.053216 0.041453 0.030649 0.021333 0.014227 0.009136 0.005627 0.003293 0.001714 0.000931 0.000446 0.000212 0.000091 0.000038 0.000015 0.000004 0.000000 0.000000 0.000001 0.000000 0.000000 0.000000 0.000000 0.000000 0.000000 
t: 0.014285714286 start: 48 end: 97 0.000002 0.000000 0.000003 0.000015 0.000037 0.000099 0.000220 0.000536 0.001063 0.002005 0.003700 0.006203 0.010251 0.016119 0.023924 0.033408 0.044692 0.057110 0.068120 0.079038 0.085569 0.089043 0.087649 0.082074 0.073738 0.062955 0.050748 0.039438 0.029075 0.020057 0.013337 0.008476 0.005149 0.002955 0.001589 0.000851 0.000415 0.000201 0.000083 0.000033 0.000017 0.000002 0.000000 0.000001 0.000000 0.000000 0.000000 0.000000 0.000000 0.000000 
t: 0.013953488372 start: 48 end: 100 0.000001 0.000001 0.000002 0.000004 0.000022 0.000048 0.000112 0.000283 0.000605 0.001224 0.002405 0.004183 0.006930 0.011516 0.017529 0.025978 0.035345 0.047355 0.059426 0.070298 0.080554 0.086250 0.088423 0.086773 0.080818 0.071597 0.060443 0.048428 0.037230 0.027234 0.018574 0.012338 0.007842 0.004663 0.002665 0.001481 0.000730 0.000405 0.000162 0.000078 0.000037 0.000004 0.000002 0.000001 0.000001 0.000000 0.000000 0.000000 0.000000 0.000000 0.000000 0.000000 0.000000 
t: 0.013636363636 start: 48 end: 100 0.000001 0.000001 0.000002 0.000001 0.000010 0.000024 0.000056 0.000152 0.000358 0.000730 0.001443 0.002739 0.004709 0.008040 0.012851 0.019382 0.027850 0.038257 0.049745 0.061554 0.072826 0.081924 0.087090 0.088193 0.085248 0.078990 0.069221 0.057977 0.045665 0.035015 0.025082 0.017193 0.011353 0.007134 0.004302 0.002316 0.001339 0.000644 0.000336 0.000152 0.000057 0.000027 0.000009 0.000001 0.000001 0.000000 0.000000 0.000000 0.000000 0.000000 0.000000 0.000000 0.000000 
t: 0.013333333333 start: 49 end: 101 0.000001 0.000002 0.000002 0.000001 0.000014 0.000030 0.000070 0.000195 0.000452 0.000841 0.001822 0.003085 0.005577 0.009094 0.014277 0.021328 0.030261 0.040882 0.052576 0.064695 0.074994 0.082977 0.087919 0.087699 0.083747 0.076131 0.066664 0.055209 0.043420 0.032482 0.023050 0.015703 0.010452 0.006328 0.003736 0.002082 0.001158 0.000558 0.000286 0.000112 0.000054 0.000025 0.000007 0.000000 0.000001 0.000001 0.000000 0.000000 0.000000 0.000000 0.000000 0.000000 0.000000 
t: 0.013043478261 start: 51 end: 102 0.000003 0.000002 0.000008 0.000014 0.000040 0.000099 0.000255 0.000560 0.001105 0.002029 0.003755 0.006365 0.010414 0.015971 0.023566 0.032866 0.043893 0.055723 0.067127 0.077371 0.084455 0.087978 0.086748 0.082323 0.073753 0.063703 0.052290 0.040472 0.029872 0.020914 0.014578 0.009229 0.005453 0.003402 0.001833 0.000948 0.000503 0.000212 0.000104 0.000047 0.000011 0.000004 0.000001 0.000000 0.000001 0.000000 0.000000 0.000000 0.000000 0.000000 0.000000 0.000000 
t: 0.012765957447 start: 51 end: 102 0.000001 0.000001 0.000004 0.000009 0.000017 0.000050 0.000142 0.000313 0.000684 0.001372 0.002524 0.004381 0.007375 0.011778 0.017959 0.025940 0.036058 0.047067 0.058635 0.070093 0.079503 0.085701 0.087774 0.086218 0.079950 0.070794 0.060645 0.048967 0.037594 0.027493 0.019113 0.012906 0.008059 0.004933 0.002819 0.001571 0.000815 0.000422 0.000186 0.000076 0.000043 0.000011 0.000003 0.000000 0.000001 0.000000 0.000000 0.000000 0.000000 0.000000 0.000000 0.000000 
t: 0.012500000000 start: 51 end: 103 0.000001 0.000001 0.000001 0.000007 0.000011 0.000028 0.000071 0.000185 0.000421 0.000859 0.001664 0.002998 0.005225 0.008530 0.013511 0.020062 0.028584 0.039305 0.050500 0.062190 0.072794 0.081556 0.086394 0.087599 0.084502 0.077750 0.067944 0.057309 0.045419 0.034623 0.025120 0.017072 0.011309 0.007154 0.004379 0.002328 0.001294 0.000696 0.000358 0.000146 0.000063 0.000023 0.000012 0.000001 0.000001 0.000000 0.000000 0.000000 0.000000 0.000000 0.000000 0.000000 0.000000 
t: 0.012244897959 start: 52 end: 103 0.000001 0.000001 0.000004 0.000005 0.000012 0.000041 0.000118 0.000224 0.000558 0.001123 0.002026 0.003599 0.006117 0.009780 0.015489 0.022631 0.031736 0.042621 0.054040 0.065593 0.075558 0.083260 0.086934 0.086859 0.083002 0.074900 0.064916 0.053300 0.042469 0.031619 0.022267 0.015236 0.009974 0.006177 0.003704 0.001966 0.001095 0.000566 0.000279 0.000114 0.000052 0.000029 0.000002 0.000003 0.000000 0.000000 0.000000 0.000000 0.000000 0.000000 0.000000 0.000000 
t: 0.012000000000 start: 54 end: 103 0.000002 0.000006 0.000007 0.000019 0.000068 0.000150 0.000333 0.000731 0.001315 0.002488 0.004353 0.007107 0.011628 0.017578 0.025582 0.035317 0.045916 0.057786 0.068928 0.078257 0.084532 0.087308 0.085962 0.080481 0.072023 0.061149 0.049916 0.038731 0.028668 0.019935 0.013269 0.008648 0.005345 0.003087 0.001688 0.000876 0.000429 0.000223 0.000090 0.000047 0.000015 0.000007 0.000000 0.000000 0.000000 0.000000 0.000000 0.000000 0.000000 0.000000 
t: 0.011764705882 start: 54 end: 105 0.000001 0.000003 0.000005 0.000013 0.000030 0.000089 0.000213 0.000452 0.000889 0.001717 0.002981 0.005155 0.008552 0.013350 0.020264 0.028909 0.038611 0.049891 0.061545 0.072381 0.080543 0.085687 0.087169 0.084391 0.077899 0.068510 0.057666 0.045984 0.035009 0.025539 0.017637 0.011711 0.007456 0.004502 0.002537 0.001406 0.000648 0.000353 0.000185 0.000070 0.000034 0.000010 0.000002 0.000001 0.000000 0.000000 0.000000 0.000000 0.000000 0.000000 0.000000 0.000000 
t: 0.011538461538 start: 55 end: 105 0.000004 0.000004 0.000005 0.000013 0.000055 0.000124 0.000276 0.000601 0.001148 0.002056 0.003681 0.006310 0.010035 0.015651 0.023243 0.032306 0.042411 0.053707 0.065703 0.074882 0.082879 0.086516 0.086672 0.082518 0.074813 0.064904 0.053451 0.042212 0.031424 0.022486 0.015497 0.010132 0.006313 0.003726 0.002097 0.001092 0.000545 0.000294 0.000124 0.000060 0.000024 0.000004 0.000002 0.000000 0.000000 0.000000 0.000000 0.000000 0.000000 0.000000 0.000000 
t: 0.011320754717 start: 55 end: 106 0.000003 0.000003 0.000003 0.000005 0.000032 0.000073 0.000180 0.000370 0.000769 0.001438 0.002583 0.004558 0.007551 0.012035 0.018327 0.026376 0.035521 0.046399 0.058517 0.069008 0.078374 0.084468 0.086917 0.084979 0.079956 0.071472 0.060829 0.049532 0.038117 0.028165 0.019755 0.013393 0.008547 0.005328 0.003085 0.001631 0.000853 0.000464 0.000223 0.000100 0.000039 0.000015 0.000006 0.000001 0.000000 0.000000 0.000000 0.000000 0.000000 0.000000 0.000000 0.000000 
t: 0.011111111111 start: 55 end: 107 0.000001 0.000003 0.000001 0.000003 0.000016 0.000048 0.000094 0.000237 0.000526 0.000960 0.001796 0.003260 0.005493 0.009267 0.014230 0.021173 0.029613 0.039481 0.051109 0.062741 0.072676 0.080510 0.085729 0.086752 0.083258 0.077130 0.067860 0.056735 0.044965 0.034165 0.024879 0.017031 0.011473 0.007307 0.004405 0.002436 0.001315 0.000707 0.000324 0.000189 0.000063 0.000025 0.000010 0.000003 0.000001 0.000000 0.000000 0.000000 0.000000 0.000000 0.000000 0.000000 0.000000 
t: 0.010909090909 start: 56 end: 108 0.000001 0.000001 0.000004 0.000005 0.000025 0.000055 0.000164 0.000309 0.000686 0.001181 0.002365 0.004001 0.006936 0.011087 0.016823 0.024278 0.033122 0.044243 0.055689 0.066344 0.076055 0.083144 0.086621 0.085592 0.081236 0.073525 0.063735 0.051769 0.041006 0.030437 0.021506 0.014829 0.009770 0.005979 0.003489 0.001964 0.001025 0.000536 0.000278 0.000109 0.000047 0.000020 0.000006 0.000002 0.000001 0.000000 0.000000 0.000000 0.000000 0.000000 0.000000 0.000000 0.000000 
t: 0.010714285714 start: 58 end: 108 0.000003 0.000003 0.000013 0.000040 0.000094 0.000211 0.000438 0.000815 0.001681 0.002915 0.005207 0.008436 0.013073 0.019749 0.027560 0.037634 0.048938 0.059737 0.070708 0.078646 0.085433 0.086433 0.084101 0.078955 0.069577 0.058492 0.047521 0.036517 0.026831 0.018817 0.012589 0.008113 0.004813 0.002813 0.001566 0.000807 0.000404 0.000180 0.000082 0.000038 0.000012 0.000003 0.000002 0.000000 0.000000 0.000000 0.000000 0.000000 0.000000 0.000000 0.000000 
t: 0.010526315789 start: 58 end: 109 0.000001 0.000002 0.000003 0.000024 0.000055 0.000157 0.000284 0.000549 0.001148 0.002176 0.003788 0.006324 0.010158 0.015570 0.023010 0.031621 0.042039 0.053385 0.064625 0.073868 0.082271 0.085892 0.086186 0.082423 0.075031 0.065071 0.054096 0.042898 0.032576 0.023115 0.016082 0.010470 0.006591 0.003899 0.002319 0.001196 0.000591 0.000297 0.000124 0.000048 0.000029 0.000003 0.000004 0.000001 0.000000 0.000000 0.000000 0.000000 0.000000 0.000000 0.000000 0.000000 
t: 0.010344827586 start: 59 end: 108 0.000002 0.000000 0.000011 0.000034 0.000097 0.000191 0.000375 0.000772 0.001550 0.002789 0.004789 0.007829 0.012253 0.018579 0.026511 0.035822 0.046594 0.058633 0.068284 0.078328 0.084161 0.086242 0.085027 0.079752 0.070759 0.060426 0.049456 0.038293 0.028452 0.020029 0.013386 0.008680 0.005247 0.003118 0.001831 0.000914 0.000428 0.000206 0.000082 0.000049 0.000014 0.000004 0.000001 0.000000 0.000000 0.000000 0.000000 0.000000 0.000000 0.000000 
t: 0.010169491525 start: 60 end: 109 0.000001 0.000005 0.000021 0.000063 0.000127 0.000261 0.000525 0.001084 0.002037 0.003487 0.006034 0.009524 0.014978 0.021990 0.030198 0.040541 0.052127 0.062741 0.073155 0.081007 0.085183 0.086163 0.083334 0.076086 0.066195 0.055876 0.044405 0.033774 0.024645 0.017075 0.011132 0.006901 0.004235 0.002538 0.001312 0.000678 0.000322 0.000129 0.000072 0.000028 0.000010 0.000001 0.000000 0.000000 0.000000 0.000000 0.000000 0.000000 0.000000 0.000000 
t: 0.010000000000 start: 61 end: 109 0.000002 0.000007 0.000039 0.000079 0.000190 0.000356 0.000748 0.001533 0.002540 0.004521 0.007434 0.011764 0.017941 0.025501 0.034963 0.045632 0.056759 0.067875 0.076870 0.083010 0.086332 0.085091 0.080352 0.072113 0.061206 0.050865 0.039752 0.029487 0.021061 0.014180 0.008981 0.005690 0.003349 0.001900 0.001019 0.000467 0.000218 0.000103 0.000045 0.000018 0.000007 0.000000 0.000000 0.000000 0.000000 0.000000 0.000000 0.000000 0.000000 
t: 0.008448275866 start: 66 end: 117 0.000006 0.000010 0.000024 0.000065 0.000137 0.000298 0.000593 0.001134 0.002094 0.003798 0.006326 0.010053 0.015093 0.022269 0.030978 0.040713 0.052460 0.062950 0.072870 0.080704 0.085142 0.086453 0.082568 0.075532 0.066455 0.055214 0.044013 0.033699 0.024439 0.016926 0.011060 0.007066 0.004146 0.002306 0.001217 0.000638 0.000297 0.000144 0.000066 0.000027 0.000012 0.000003 0.000001 0.000001 0.000000 0.000000 0.000000 0.000000 0.000000 0.000000 0.000000 0.000000 
t: 0.007313432839 start: 68 end: 120 0.000001 0.000000 0.000002 0.000007 0.000018 0.000044 0.000087 0.000248 0.000437 0.000851 0.001586 0.002851 0.004911 0.008088 0.012736 0.018494 0.026728 0.036309 0.047342 0.058453 0.069003 0.077805 0.083911 0.086604 0.085045 0.079474 0.070867 0.060596 0.048951 0.037941 0.028197 0.019800 0.013280 0.008434 0.004990 0.002878 0.001545 0.000755 0.000420 0.000179 0.000079 0.000028 0.000014 0.000008 0.000001 0.000002 0.000000 0.000000 0.000000 0.000000 0.000000 0.000000 0.000000 
t: 0.006447368423 start: 72 end: 122 0.000001 0.000000 0.000002 0.000010 0.000020 0.000047 0.000117 0.000265 0.000534 0.000990 0.001824 0.003314 0.005604 0.009000 0.013846 0.020664 0.029223 0.039076 0.050168 0.062006 0.071735 0.080007 0.086151 0.087414 0.084175 0.077980 0.068092 0.057788 0.045633 0.034687 0.025401 0.017390 0.011307 0.006842 0.004163 0.002289 0.001169 0.000551 0.000278 0.000144 0.000049 0.000027 0.000014 0.000003 0.000000 0.000000 0.000000 0.000000 0.000000 0.000000 0.000000 
t: 0.005764705884 start: 77 end: 127 0.000003 0.000008 0.000014 0.000046 0.000094 0.000216 0.000435 0.000887 0.001635 0.002892 0.005031 0.008217 0.012774 0.019173 0.027356 0.037251 0.048549 0.060130 0.070898 0.080162 0.085968 0.087482 0.085878 0.079841 0.070687 0.059465 0.047692 0.035936 0.026149 0.017686 0.011592 0.007235 0.004169 0.002267 0.001147 0.000564 0.000274 0.000102 0.000061 0.000019 0.000010 0.000003 0.000002 0.000000 0.000000 0.000000 0.000000 0.000000 0.000000 0.000000 0.000000 
t: 0.005212765959 start: 80 end: 129 0.000002 0.000011 0.000022 0.000051 0.000103 0.000259 0.000501 0.000967 0.001809 0.003368 0.005698 0.009023 0.014129 0.020710 0.029885 0.040055 0.051985 0.063379 0.074894 0.082958 0.087559 0.088777 0.085616 0.077908 0.068037 0.056338 0.043762 0.032764 0.022815 0.015015 0.009561 0.005643 0.003240 0.001669 0.000814 0.000394 0.000160 0.000072 0.000029 0.000013 0.000003 0.000002 0.000000 0.000000 0.000000 0.000000 0.000000 0.000000 0.000000 0.000000 
t: 0.004757281555 start: 81 end: 131 0.000001 0.000002 0.000005 0.000014 0.000034 0.000080 0.000167 0.000359 0.000714 0.001373 0.002660 0.004424 0.007434 0.011820 0.017740 0.026042 0.036105 0.047453 0.059460 0.071195 0.081083 0.087685 0.090352 0.088184 0.082304 0.072464 0.060301 0.047982 0.035901 0.025529 0.016988 0.010694 0.006335 0.003621 0.001896 0.000905 0.000410 0.000178 0.000066 0.000027 0.000009 0.000003 0.000001 0.000000 0.000000 0.000000 0.000000 0.000000 0.000000 0.000000 0.000000 
t: 0.004375000001 start: 83 end: 132 0.000001 0.000001 0.000004 0.000011 0.000031 0.000079 0.000149 0.000333 0.000601 0.001237 0.002284 0.004186 0.006843 0.011036 0.017012 0.025323 0.034856 0.046571 0.058813 0.070458 0.081846 0.088173 0.091617 0.089641 0.083422 0.073961 0.061707 0.048392 0.036356 0.025426 0.016761 0.010357 0.006073 0.003274 0.001729 0.000852 0.000368 0.000133 0.000054 0.000019 0.000009 0.000001 0.000000 0.000000 0.000000 0.000000 0.000000 0.000000 0.000000 0.000000 
t: 0.004049586778 start: 86 end: 133 0.000002 0.000002 0.000009 0.000032 0.000077 0.000165 0.000323 0.000653 0.001297 0.002391 0.004262 0.007218 0.011631 0.017838 0.026254 0.036401 0.048179 0.061146 0.073624 0.083946 0.090817 0.092836 0.089817 0.083315 0.072131 0.059582 0.045913 0.033672 0.022968 0.014738 0.008862 0.004871 0.002748 0.001316 0.000578 0.000254 0.000082 0.000033 0.000012 0.000005 0.000000 0.000000 0.000000 0.000000 0.000000 0.000000 0.000000 0.000000 
t: 0.003769230770 start: 86 end: 133 0.000001 0.000000 0.000000 0.000009 0.000018 0.000033 0.000078 0.000178 0.000396 0.000782 0.001544 0.002892 0.004796 0.008258 0.013313 0.020495 0.029308 0.040370 0.053133 0.066198 0.078461 0.088101 0.093562 0.093415 0.089182 0.080060 0.067916 0.054583 0.040520 0.028589 0.018860 0.011554 0.006683 0.003577 0.001799 0.000811 0.000310 0.000142 0.000055 0.000013 0.000004 0.000001 0.000000 0.000000 0.000000 0.000000 0.000000 0.000000 
t: 0.003525179857 start: 86 end: 134 0.000001 0.000000 0.000000 0.000000 0.000002 0.000012 0.000018 0.000044 0.000107 0.000245 0.000537 0.001097 0.001932 0.003641 0.006352 0.010313 0.016445 0.024537 0.034842 0.047151 0.059845 0.073793 0.084712 0.092846 0.096135 0.093367 0.085735 0.074037 0.060741 0.046227 0.032877 0.022269 0.013812 0.008256 0.004311 0.002142 0.000925 0.000427 0.000191 0.000053 0.000015 0.000005 0.000002 0.000001 0.000000 0.000000 0.000000 0.000000 0.000000 
t: 0.003310810811 start: 87 end: 134 0.000001 0.000000 0.000000 0.000000 0.000001 0.000005 0.000009 0.000034 0.000086 0.000170 0.000365 0.000798 0.001576 0.002829 0.005067 0.008531 0.014040 0.021192 0.030978 0.043017 0.055810 0.069709 0.082392 0.092457 0.097169 0.095914 0.089318 0.078983 0.065028 0.050240 0.036511 0.024381 0.015387 0.009003 0.004878 0.002381 0.000997 0.000485 0.000176 0.000059 0.000018 0.000004 0.000000 0.000001 0.000000 0.000000 0.000000 0.000000 
t: 0.003121019109 start: 91 end: 136 0.000001 0.000001 0.000004 0.000010 0.000019 0.000065 0.000119 0.000303 0.000623 0.001243 0.002413 0.004310 0.007487 0.012136 0.019328 0.028746 0.039730 0.053731 0.067764 0.081069 0.091973 0.097863 0.097833 0.092476 0.081888 0.067590 0.052687 0.038206 0.025802 0.016084 0.009310 0.005051 0.002400 0.001035 0.000445 0.000176 0.000053 0.000022 0.000002 0.000001 0.000001 0.000000 0.000000 0.000000 0.000000 0.000000 
t: 0.002951807229 start: 92 end: 136 0.000001 0.000000 0.000005 0.000007 0.000021 0.000048 0.000115 0.000250 0.000557 0.001090 0.002163 0.003770 0.006921 0.011281 0.018145 0.027112 0.039036 0.052321 0.066984 0.080943 0.092011 0.098683 0.099372 0.094686 0.083614 0.069219 0.053667 0.038502 0.025781 0.015899 0.009198 0.004763 0.002262 0.000981 0.000383 0.000147 0.000047 0.000012 0.000001 0.000002 0.000000 0.000000 0.000000 0.000000 0.000000 
t: 0.002800000000 start: 94 end: 136 0.000001 0.000001 0.000009 0.000024 0.000044 0.000091 0.000225 0.000483 0.001002 0.002043 0.003725 0.006482 0.011137 0.017643 0.026875 0.038719 0.052552 0.067177 0.082062 0.093552 0.099883 0.100815 0.095078 0.084204 0.069529 0.053112 0.037646 0.024972 0.014862 0.008543 0.004243 0.001962 0.000836 0.000328 0.000096 0.000035 0.000007 0.000002 0.000000 0.000000 0.000000 0.000000 0.000000 
t: 0.002663043479 start: 94 end: 136 0.000001 0.000000 0.000002 0.000007 0.000024 0.000040 0.000075 0.000217 0.000492 0.000979 0.001990 0.003653 0.006752 0.011190 0.017862 0.027585 0.039475 0.053528 0.069286 0.083910 0.095301 0.101806 0.102003 0.095728 0.083631 0.067602 0.051262 0.035665 0.022919 0.013606 0.007325 0.003542 0.001566 0.000637 0.000242 0.000076 0.000017 0.000004 0.000000 0.000000 0.000000 0.000000 0.000000 
t: 0.002538860104 start: 94 end: 136 0.000001 0.000000 0.000000 0.000004 0.000007 0.000016 0.000047 0.000084 0.000226 0.000477 0.001039 0.002056 0.003884 0.007006 0.011700 0.018939 0.028566 0.041079 0.056536 0.072351 0.086979 0.098216 0.103497 0.102715 0.094834 0.081554 0.065059 0.048002 0.032332 0.020523 0.011628 0.006028 0.002754 0.001192 0.000459 0.000148 0.000049 0.000011 0.000002 0.000000 0.000000 0.000000 0.000000 
t: 0.002425742574 start: 95 end: 136 0.000001 0.000000 0.000001 0.000002 0.000008 0.000017 0.000041 0.000105 0.000223 0.000578 0.001115 0.002204 0.004236 0.007673 0.012715 0.020450 0.030704 0.044213 0.060304 0.076094 0.090717 0.100970 0.105578 0.102873 0.093280 0.078142 0.060827 0.043580 0.028736 0.017271 0.009509 0.004623 0.002012 0.000789 0.000287 0.000094 0.000021 0.000006 0.000001 0.000000 0.000000 0.000000 
t: 0.002322274882 start: 95 end: 136 0.000001 0.000000 0.000000 0.000001 0.000002 0.000005 0.000025 0.000040 0.000112 0.000284 0.000631 0.001246 0.002562 0.004799 0.008440 0.014434 0.022619 0.033854 0.048387 0.064651 0.081542 0.094483 0.104716 0.107135 0.101456 0.090396 0.073438 0.055370 0.038492 0.024358 0.014041 0.007111 0.003310 0.001348 0.000484 0.000165 0.000050 0.000008 0.000004 0.000000 0.000000 0.000000 
t: 0.002227272727 start: 97 end: 136 0.000001 0.000001 0.000000 0.000005 0.000007 0.000021 0.000056 0.000156 0.000318 0.000716 0.001544 0.003012 0.005520 0.009907 0.016271 0.025673 0.038152 0.053743 0.070434 0.086706 0.100089 0.107496 0.107552 0.099304 0.085611 0.067281 0.049195 0.032770 0.019419 0.010494 0.005106 0.002243 0.000808 0.000289 0.000078 0.000015 0.000007 0.000000 0.000000 0.000000 
t: 0.002139737991 start: 99 end: 136 0.000002 0.000002 0.000005 0.000009 0.000034 0.000069 0.000181 0.000403 0.000898 0.001863 0.003555 0.006829 0.011735 0.018892 0.029602 0.043619 0.059692 0.077494 0.093034 0.105113 0.109451 0.106575 0.095812 0.079216 0.059907 0.041964 0.026385 0.014722 0.007570 0.003382 0.001343 0.000466 0.000137 0.000030 0.000008 0.000001 0.000000 0.000000 
t: 0.002058823530 start: 99 end: 136 0.000001 0.000001 0.000003 0.000006 0.000012 0.000041 0.000095 0.000217 0.000541 0.001125 0.002309 0.004569 0.008173 0.014088 0.022682 0.034751 0.049916 0.067283 0.084691 0.100123 0.109171 0.110394 0.104216 0.089609 0.071312 0.052002 0.033846 0.020043 0.010597 0.005039 0.002090 0.000742 0.000244 0.000052 0.000014 0.000002 0.000000 0.000000 
t: 0.001983805668 start: 100 end: 136 0.000001 0.000002 0.000002 0.000007 0.000019 0.000053 0.000137 0.000284 0.000740 0.001494 0.002909 0.005746 0.010364 0.017141 0.027503 0.040870 0.057607 0.075886 0.092942 0.106051 0.111851 0.110011 0.099288 0.082011 0.062112 0.042495 0.026358 0.014241 0.007165 0.003049 0.001170 0.000382 0.000085 0.000019 0.000005 0.000000 0.000000 
t: 0.001914062500 start: 101 end: 136 0.000002 0.000002 0.000004 0.000007 0.000033 0.000057 0.000182 0.000426 0.000947 0.002020 0.003966 0.007442 0.012917 0.021202 0.033644 0.048573 0.066423 0.085135 0.101065 0.110745 0.113756 0.107015 0.091504 0.072596 0.051571 0.033323 0.018847 0.009789 0.004314 0.001740 0.000576 0.000129 0.000042 0.000005 0.000001 0.000000 
t: 0.001849056604 start: 101 end: 136 0.000001 0.000003 0.000000 0.000006 0.000015 0.000040 0.000118 0.000238 0.000588 0.001364 0.002679 0.005392 0.009645 0.016397 0.027026 0.040766 0.057512 0.076408 0.094723 0.108230 0.114630 0.112688 0.100479 0.082372 0.061092 0.041046 0.023900 0.013060 0.005977 0.002437 0.000864 0.000236 0.000062 0.000005 0.000001 0.000000 
t: 0.001788321168 start: 102 end: 136 0.000001 0.000003 0.000004 0.000008 0.000021 0.000070 0.000154 0.000366 0.000891 0.001839 0.003797 0.007105 0.012589 0.021366 0.033825 0.049520 0.067591 0.087578 0.103975 0.113726 0.116373 0.108134 0.091519 0.070555 0.049070 0.030039 0.016772 0.008017 0.003451 0.001202 0.000344 0.000080 0.000014 0.000001 0.000000 
t: 0.001731448763 start: 102 end: 136 0.000001 0.000000 0.000002 0.000006 0.000012 0.000037 0.000106 0.000238 0.000563 0.001286 0.002630 0.005215 0.009845 0.016725 0.027653 0.042295 0.059528 0.079471 0.098327 0.111545 0.118142 0.113300 0.100268 0.079823 0.057720 0.036675 0.021184 0.010487 0.004581 0.001697 0.000496 0.000112 0.000028 0.000002 0.000000 
t: 0.001678082192 start: 102 end: 136 0.000001 0.000000 0.000001 0.000002 0.000010 0.000025 0.000055 0.000156 0.000379 0.000869 0.001895 0.003745 0.007467 0.013308 0.022483 0.035481 0.052049 0.071662 0.091815 0.107725 0.118325 0.117455 0.107353 0.088775 0.066249 0.043995 0.026058 0.013391 0.006038 0.002336 0.000704 0.000151 0.000038 0.000004 0.000000 
t: 0.001627906977 start: 103 end: 136 0.000001 0.000000 0.000001 0.000003 0.000015 0.000037 0.000094 0.000275 0.000577 0.001368 0.002780 0.005517 0.010529 0.018009 0.029529 0.045225 0.064030 0.084574 0.103064 0.117017 0.120228 0.113150 0.097149 0.074779 0.051652 0.031469 0.016754 0.007820 0.003076 0.000979 0.000240 0.000052 0.000007 0.000000 
t: 0.001580645161 start: 103 end: 136 0.000001 0.000000 0.000001 0.000001 0.000005 0.000026 0.000068 0.000167 0.000438 0.000927 0.002028 0.004154 0.008159 0.014646 0.024381 0.038931 0.056593 0.077561 0.097542 0.114003 0.121124 0.118204 0.105266 0.082921 0.059274 0.037495 0.020448 0.009889 0.003962 0.001380 0.000331 0.000065 0.000009 0.000000 
t: 0.001536050157 start: 104 end: 136 0.000001 0.000000 0.000001 0.000004 0.000011 0.000045 0.000118 0.000296 0.000657 0.001484 0.003146 0.006272 0.011784 0.020141 0.033296 0.049879 0.070222 0.091367 0.110303 0.120686 0.121767 0.111983 0.091206 0.066985 0.043931 0.024775 0.012164 0.005094 0.001821 0.000460 0.000090 0.000010 0.000001 
t: 0.001493902439 start: 105 end: 136 0.000001 0.000001 0.000001 0.000003 0.000028 0.000093 0.000195 0.000465 0.001084 0.002395 0.004813 0.009436 0.016655 0.028083 0.043669 0.063383 0.085070 0.105333 0.119587 0.124120 0.117268 0.099035 0.074930 0.050450 0.029338 0.015082 0.006360 0.002352 0.000632 0.000119 0.000018 0.000001 
t: 0.001454005935 start: 106 end: 136 0.000001 0.000001 0.000003 0.000012 0.000052 0.000141 0.000350 0.000791 0.001804 0.003713 0.007382 0.013695 0.023715 0.038177 0.056884 0.078425 0.100013 0.117500 0.124752 0.121846 0.106128 0.082872 0.057187 0.034504 0.018097 0.007937 0.002968 0.000861 0.000163 0.000024 0.000002 
t: 0.001416184971 start: 107 end: 136 0.000001 0.000004 0.000002 0.000036 0.000085 0.000265 0.000552 0.001374 0.002870 0.005925 0.011214 0.020013 0.032890 0.050786 0.071906 0.094446 0.113902 0.125194 0.125090 0.112660 0.090246 0.064421 0.039954 0.021390 0.009725 0.003674 0.001116 0.000225 0.000032 0.000002 
t: 0.001380281690 start: 108 end: 136 0.000003 0.000002 0.000020 0.000064 0.000175 0.000431 0.000990 0.002294 0.004639 0.009149 0.016753 0.028509 0.044902 0.065671 0.088940 0.109378 0.124719 0.126981 0.118620 0.097401 0.071402 0.045752 0.025075 0.011837 0.004516 0.001406 0.000325 0.000042 0.000004 
t: 0.001346153846 start: 108 end: 136 0.000001 0.000002 0.000013 0.000050 0.000118 0.000306 0.000752 0.001733 0.003744 0.007494 0.014007 0.024440 0.039664 0.059658 0.082934 0.105011 0.122933 0.128479 0.123159 0.104308 0.078637 0.051550 0.029165 0.014037 0.005592 0.001711 0.000431 0.000065 0.000006 
t: 0.001313672922 start: 109 end: 136 0.000003 0.000002 0.000042 0.000086 0.000235 0.000551 0.001314 0.003013 0.006139 0.011650 0.021046 0.034905 0.053828 0.077013 0.100258 0.120014 0.129607 0.126770 0.110771 0.085432 0.057817 0.033500 0.016505 0.006749 0.002123 0.000532 0.000089 0.000006 
t: 0.001282722513 start: 109 end: 136 0.000003 0.000001 0.000024 0.000071 0.000165 0.000437 0.000996 0.002344 0.005008 0.009725 0.017928 0.030905 0.048333 0.071091 0.094965 0.116948 0.129452 0.130067 0.116478 0.092368 0.063801 0.038041 0.019450 0.008028 0.002594 0.000660 0.000108 0.000009 
t: 0.001253196931 start: 109 end: 136 0.000001 0.000003 0.000018 0.000055 0.000111 0.000327 0.000786 0.001865 0.004069 0.008145 0.015260 0.027104 0.043468 0.065396 0.089533 0.113090 0.128838 0.132520 0.121457 0.099099 0.070007 0.042831 0.022383 0.009481 0.003201 0.000815 0.000124 0.000013 
t: 0.001225000000 start: 109 end: 136 0.000001 0.000002 0.000014 0.000044 0.000069 0.000251 0.000603 0.001487 0.003299 0.006792 0.012988 0.023714 0.038884 0.059897 0.084491 0.108920 0.126992 0.133953 0.126079 0.105625 0.076148 0.048047 0.025551 0.011106 0.003851 0.001020 0.000157 0.000015 
t: 0.001198044010 start: 110 end: 136 0.000003 0.000007 0.000034 0.000059 0.000191 0.000466 0.001189 0.002628 0.005637 0.011178 0.020576 0.034576 0.054988 0.079025 0.104532 0.124887 0.134776 0.130027 0.111466 0.082736 0.053194 0.028919 0.012901 0.004578 0.001215 0.000196 0.000016 
t: 0.001172248804 start: 110 end: 136 0.000002 0.000003 0.000024 0.000048 0.000159 0.000352 0.000939 0.002119 0.004735 0.009574 0.017736 0.030844 0.050275 0.073830 0.099484 0.122315 0.134964 0.133425 0.116803 0.089182 0.058615 0.032648 0.014785 0.005417 0.001444 0.000258 0.000020 
t: 0.001147540984 start: 110 end: 136 0.000001 0.000004 0.000011 0.000037 0.000120 0.000280 0.000744 0.001712 0.003948 0.008092 0.015410 0.027518 0.045626 0.068796 0.094791 0.119133 0.134593 0.136040 0.122047 0.095170 0.064078 0.036455 0.017008 0.006334 0.001699 0.000330 0.000023 
t: 0.001123853211 start: 111 end: 136 0.000002 0.000009 0.000025 0.000100 0.000222 0.000575 0.001377 0.003274 0.006859 0.013447 0.024459 0.041477 0.063576 0.090312 0.115413 0.133682 0.137952 0.126966 0.100992 0.069572 0.040568 0.019388 0.007275 0.002055 0.000389 0.000034 
t: 0.001101123596 start: 112 end: 136 0.000006 0.000017 0.000075 0.000178 0.000458 0.001085 0.002742 0.005842 0.011696 0.021664 0.037480 0.059164 0.085270 0.111736 0.132163 0.139520 0.130960 0.107026 0.075094 0.044540 0.021961 0.008426 0.002391 0.000461 0.000045 
t: 0.001079295154 start: 112 end: 136 0.000004 0.000009 0.000059 0.000141 0.000383 0.000870 0.002243 0.004998 0.010204 0.019073 0.033894 0.054530 0.080787 0.107736 0.130039 0.140700 0.134274 0.112661 0.080946 0.048837 0.024589 0.009626 0.002809 0.000531 0.000057 
t: 0.001058315335 start: 112 end: 136 0.000001 0.000009 0.000044 0.000103 0.000307 0.000716 0.001849 0.004244 0.008951 0.016932 0.030467 0.050246 0.076213 0.103342 0.127732 0.141079 0.137677 0.117863 0.086411 0.053602 0.027328 0.010934 0.003224 0.000657 0.000069 
t: 0.001038135593 start: 113 end: 136 0.000007 0.000034 0.000079 0.000242 0.000557 0.001544 0.003615 0.007739 0.015083 0.027485 0.046303 0.071519 0.099235 0.124830 0.140904 0.140832 0.122566 0.091873 0.058181 0.030418 0.012371 0.003729 0.000769 0.000085 
t: 0.001018711019 start: 113 end: 136 0.000003 0.000022 0.000068 0.000188 0.000442 0.001251 0.003109 0.006700 0.013340 0.024661 0.042685 0.067004 0.094991 0.122120 0.140434 0.142957 0.127126 0.097394 0.062782 0.033454 0.013963 0.004311 0.000893 0.000102 
t: 0.001000000000 start: 113 end: 136 0.000003 0.000014 0.000053 0.000169 0.000353 0.001003 0.002595 0.005796 0.011920 0.022181 0.038982 0.062805 0.090673 0.119197 0.139419 0.144843 0.131294 0.102785 0.067582 0.036564 0.015696 0.004917 0.001040 0.000116 
