t: 0.059999999999 start: 14 end: 50 0.000003 0.000013 0.000067 0.000224 0.000831 0.002425 0.006393 0.014585 0.028685 0.049377 0.075776 0.102096 0.124177 0.132362 0.128129 0.110442 0.085813 0.059813 0.037923 0.021296 0.011134 0.005113 0.002137 0.000783 0.000265 0.000098 0.000033 0.000006 0.000001 0.000000 0.000000 0.000000 0.000000 0.000000 0.000000 0.000000 0.000000 
t: 0.054545454544 start: 15 end: 52 0.000001 0.000003 0.000024 0.000081 0.000332 0.001071 0.002882 0.007038 0.015073 0.028589 0.048167 0.072331 0.097473 0.117248 0.128433 0.125037 0.110166 0.088852 0.063999 0.042231 0.025275 0.013794 0.006864 0.003046 0.001292 0.000456 0.000173 0.000055 0.000013 0.000001 0.000000 0.000000 0.000000 0.000000 0.000000 0.000000 0.000000 0.000000 
t: 0.049999999999 start: 17 end: 55 0.000003 0.000009 0.000028 0.000152 0.000473 0.001399 0.003488 0.008010 0.016100 0.029474 0.048583 0.071104 0.095410 0.113576 0.123511 0.121915 0.108519 0.088731 0.066280 0.044712 0.027659 0.015920 0.008199 0.003970 0.001724 0.000682 0.000243 0.000099 0.000018 0.000004 0.000005 0.000000 0.000000 0.000000 0.000000 0.000000 0.000000 0.000000 0.000000 
t: 0.046153846153 start: 18 end: 58 0.000001 0.000002 0.000015 0.000061 0.000209 0.000656 0.001825 0.004229 0.009400 0.018040 0.031731 0.050081 0.072310 0.093905 0.111559 0.120132 0.117805 0.106037 0.087468 0.066131 0.045275 0.028757 0.017134 0.009105 0.004621 0.002126 0.000869 0.000337 0.000126 0.000040 0.000009 0.000002 0.000002 0.000000 0.000000 0.000000 0.000000 0.000000 0.000000 0.000000 0.000000 
t: 0.042857142857 start: 19 end: 60 0.000001 0.000001 0.000005 0.000032 0.000093 0.000347 0.000961 0.002408 0.005434 0.011142 0.020539 0.034697 0.052995 0.074244 0.094660 0.109195 0.117059 0.114018 0.103106 0.085224 0.064298 0.045081 0.028705 0.017227 0.009591 0.004955 0.002372 0.000989 0.000406 0.000146 0.000041 0.000021 0.000004 0.000003 0.000000 0.000000 0.000000 0.000000 0.000000 0.000000 0.000000 0.000000 
t: 0.040000000000 start: 21 end: 62 0.000001 0.000003 0.000016 0.000047 0.000185 0.000523 0.001351 0.003234 0.006931 0.013374 0.024010 0.038068 0.057291 0.077257 0.095681 0.108564 0.114668 0.110894 0.098832 0.080916 0.061532 0.043162 0.028005 0.016993 0.009423 0.004985 0.002321 0.001032 0.000435 0.000175 0.000068 0.000020 0.000002 0.000000 0.000001 0.000000 0.000000 0.000000 0.000000 0.000000 0.000000 0.000000 
t: 0.037500000000 start: 23 end: 64 0.000003 0.000009 0.000034 0.000106 0.000276 0.000785 0.001994 0.004352 0.008918 0.016352 0.028051 0.043299 0.061635 0.080993 0.096901 0.108904 0.112039 0.106728 0.094095 0.076548 0.057430 0.040414 0.026258 0.016041 0.009113 0.004725 0.002269 0.000955 0.000503 0.000172 0.000071 0.000024 0.000002 0.000000 0.000000 0.000000 0.000001 0.000000 0.000000 0.000000 0.000000 0.000000 
t: 0.035294117647 start: 25 end: 66 0.000006 0.000023 0.000069 0.000168 0.000481 0.001217 0.002883 0.005967 0.011558 0.020368 0.032611 0.048975 0.067062 0.085294 0.099786 0.108069 0.109637 0.101379 0.088106 0.071109 0.053301 0.037097 0.024039 0.014659 0.008163 0.004207 0.002091 0.000977 0.000431 0.000181 0.000065 0.000015 0.000005 0.000000 0.000000 0.000001 0.000000 0.000000 0.000000 0.000000 0.000000 0.000000 
t: 0.033333333333 start: 25 end: 69 0.000002 0.000002 0.000007 0.000041 0.000117 0.000334 0.000822 0.001831 0.004111 0.008203 0.015123 0.025157 0.038994 0.055011 0.072865 0.089624 0.102021 0.107898 0.105466 0.095954 0.082039 0.065091 0.047981 0.032887 0.021264 0.012936 0.007172 0.003728 0.001791 0.000890 0.000379 0.000173 0.000064 0.000013 0.000006 0.000002 0.000000 0.000000 0.000001 0.000000 0.000000 0.000000 0.000000 0.000000 0.000000 
t: 0.031578947368 start: 25 end: 70 0.000001 0.000002 0.000000 0.000007 0.000024 0.000073 0.000224 0.000506 0.001322 0.002896 0.006057 0.011210 0.019340 0.030788 0.045584 0.062509 0.079113 0.094290 0.103847 0.105737 0.101221 0.089671 0.074869 0.058742 0.042234 0.028509 0.018323 0.010917 0.006017 0.003144 0.001567 0.000726 0.000324 0.000132 0.000047 0.000021 0.000002 0.000002 0.000002 0.000000 0.000000 0.000000 0.000000 0.000000 0.000000 0.000000 
t: 0.030000000000 start: 27 end: 73 0.000001 0.000001 0.000008 0.000019 0.000052 0.000147 0.000369 0.000964 0.002169 0.004512 0.008512 0.015060 0.024920 0.037528 0.053129 0.070010 0.085194 0.098442 0.103913 0.103538 0.095022 0.083248 0.067510 0.050994 0.036493 0.024279 0.015289 0.008953 0.004928 0.002500 0.001273 0.000603 0.000248 0.000115 0.000038 0.000014 0.000002 0.000002 0.000001 0.000000 0.000000 0.000000 0.000000 0.000000 0.000000 0.000000 0.000000 
t: 0.028571428571 start: 28 end: 75 0.000001 0.000001 0.000006 0.000013 0.000029 0.000095 0.000297 0.000716 0.001617 0.003480 0.006663 0.011971 0.020468 0.031158 0.045730 0.061192 0.077565 0.091133 0.100376 0.102915 0.098982 0.089451 0.075199 0.059300 0.043823 0.030580 0.020079 0.012522 0.007080 0.003869 0.001996 0.000933 0.000460 0.000183 0.000074 0.000024 0.000009 0.000005 0.000003 0.000002 0.000000 0.000000 0.000000 0.000000 0.000000 0.000000 0.000000 0.000000 
t: 0.027272727273 start: 29 end: 75 0.000001 0.000000 0.000004 0.000012 0.000020 0.000079 0.000213 0.000580 0.001270 0.002678 0.005350 0.009819 0.016738 0.026517 0.039311 0.054231 0.070143 0.084770 0.095164 0.101696 0.100237 0.093093 0.081226 0.066546 0.051397 0.036782 0.025197 0.016120 0.009712 0.005401 0.002924 0.001508 0.000740 0.000307 0.000135 0.000048 0.000020 0.000008 0.000000 0.000002 0.000001 0.000000 0.000000 0.000000 0.000000 0.000000 0.000000 
t: 0.026086956522 start: 30 end: 77 0.000001 0.000000 0.000003 0.000002 0.000031 0.000063 0.000166 0.000452 0.001033 0.002195 0.004425 0.008076 0.014086 0.022710 0.034167 0.047981 0.063543 0.078954 0.090672 0.098012 0.100217 0.095912 0.086006 0.072432 0.057784 0.042797 0.030345 0.019902 0.012471 0.007241 0.004192 0.002191 0.001065 0.000505 0.000211 0.000095 0.000043 0.000009 0.000007 0.000002 0.000000 0.000000 0.000000 0.000001 0.000000 0.000000 0.000000 0.000000 
t: 0.025000000000 start: 31 end: 77 0.000001 0.000000 0.000000 0.000009 0.000019 0.000040 0.000126 0.000377 0.000823 0.001881 0.003716 0.006878 0.011950 0.019734 0.030187 0.042846 0.058109 0.073183 0.085197 0.095042 0.099440 0.096921 0.089541 0.077439 0.063124 0.048320 0.035304 0.023671 0.015494 0.009280 0.005384 0.003101 0.001561 0.000736 0.000322 0.000155 0.000056 0.000020 0.000007 0.000005 0.000000 0.000000 0.000000 0.000001 0.000000 0.000000 0.000000 
t: 0.024000000000 start: 34 end: 81 0.000001 0.000002 0.000015 0.000040 0.000122 0.000269 0.000783 0.001581 0.003210 0.005832 0.010570 0.017313 0.026880 0.038851 0.053337 0.067750 0.081133 0.091974 0.097460 0.097139 0.091127 0.081336 0.067701 0.053784 0.039544 0.027681 0.018351 0.011402 0.006977 0.003857 0.002124 0.001001 0.000490 0.000219 0.000090 0.000039 0.000008 0.000004 0.000000 0.000002 0.000000 0.000001 0.000000 0.000000 0.000000 0.000000 0.000000 0.000000 
t: 0.023076923077 start: 35 end: 83 0.000002 0.000002 0.000008 0.000036 0.000105 0.000245 0.000652 0.001388 0.002711 0.005280 0.009366 0.015565 0.024153 0.035545 0.048860 0.063578 0.077736 0.088392 0.095396 0.096907 0.092618 0.083510 0.072024 0.057360 0.043951 0.031418 0.021265 0.013671 0.008246 0.004799 0.002670 0.001370 0.000658 0.000307 0.000125 0.000047 0.000017 0.000010 0.000004 0.000002 0.000000 0.000001 0.000000 0.000000 0.000000 0.000000 0.000000 0.000000 0.000000 
t: 0.022222222222 start: 36 end: 84 0.000001 0.000003 0.000006 0.000033 0.000080 0.000229 0.000610 0.001242 0.002524 0.004661 0.008529 0.013895 0.022201 0.032850 0.045778 0.059632 0.074042 0.085953 0.092973 0.095888 0.093505 0.086021 0.074696 0.060536 0.047642 0.034763 0.023856 0.015705 0.009641 0.005937 0.003274 0.001739 0.000868 0.000387 0.000173 0.000081 0.000026 0.000011 0.000007 0.000001 0.000000 0.000001 0.000000 0.000000 0.000000 0.000000 0.000000 0.000000 0.000000 
t: 0.021428571428 start: 37 end: 85 0.000001 0.000002 0.000007 0.000031 0.000091 0.000210 0.000537 0.001136 0.002324 0.004406 0.007676 0.012975 0.020627 0.030780 0.042646 0.057001 0.070632 0.082921 0.090887 0.095226 0.093650 0.087671 0.076862 0.064010 0.050187 0.037466 0.026540 0.017590 0.011082 0.006822 0.003920 0.002073 0.001068 0.000547 0.000239 0.000089 0.000045 0.000015 0.000006 0.000001 0.000000 0.000001 0.000000 0.000000 0.000000 0.000000 0.000000 0.000000 0.000000 
t: 0.020689655172 start: 39 end: 86 0.000001 0.000010 0.000024 0.000095 0.000222 0.000462 0.001034 0.002183 0.004113 0.007236 0.012207 0.019449 0.029209 0.040574 0.054207 0.068256 0.080213 0.089062 0.094241 0.093602 0.088132 0.078995 0.066326 0.053077 0.039765 0.028288 0.019369 0.012623 0.007528 0.004577 0.002484 0.001259 0.000670 0.000283 0.000137 0.000052 0.000025 0.000008 0.000001 0.000000 0.000001 0.000000 0.000000 0.000000 0.000000 0.000000 0.000000 0.000000 
t: 0.020000000000 start: 40 end: 88 0.000003 0.000009 0.000029 0.000083 0.000211 0.000470 0.000951 0.002039 0.003984 0.006998 0.011592 0.018588 0.027592 0.039482 0.052211 0.065512 0.078599 0.087219 0.092907 0.093335 0.088973 0.080147 0.068336 0.054802 0.041753 0.030359 0.021048 0.013481 0.008529 0.005053 0.002806 0.001492 0.000780 0.000359 0.000164 0.000064 0.000025 0.000010 0.000003 0.000001 0.000001 0.000000 0.000000 0.000000 0.000000 0.000000 0.000000 0.000000 0.000000 
t: 0.019354838710 start: 41 end: 89 0.000005 0.000010 0.000028 0.000079 0.000197 0.000467 0.001003 0.001971 0.003736 0.006641 0.011288 0.018087 0.026930 0.037888 0.050824 0.064346 0.075860 0.086410 0.091956 0.092565 0.089673 0.080767 0.069602 0.055973 0.043624 0.032042 0.022216 0.014556 0.009285 0.005528 0.003120 0.001735 0.000823 0.000438 0.000189 0.000087 0.000036 0.000008 0.000003 0.000002 0.000002 0.000000 0.000000 0.000000 0.000000 0.000000 0.000000 0.000000 0.000000 
t: 0.018750000000 start: 41 end: 90 0.000001 0.000003 0.000013 0.000032 0.000084 0.000197 0.000481 0.000961 0.001959 0.003664 0.006700 0.011068 0.017568 0.026221 0.037137 0.049938 0.062833 0.074916 0.085229 0.090855 0.092549 0.088862 0.081344 0.070332 0.057385 0.044908 0.033220 0.023173 0.015456 0.009892 0.005920 0.003431 0.001865 0.000939 0.000480 0.000224 0.000107 0.000033 0.000010 0.000005 0.000004 0.000001 0.000000 0.000000 0.000000 0.000000 0.000000 0.000000 0.000000 0.000000 
t: 0.018181818182 start: 41 end: 90 0.000001 0.000000 0.000004 0.000018 0.000037 0.000083 0.000202 0.000451 0.000970 0.001991 0.003793 0.006612 0.010914 0.017517 0.025844 0.036640 0.049037 0.062281 0.074291 0.083749 0.090496 0.091358 0.089239 0.081127 0.070743 0.058398 0.045781 0.034001 0.023936 0.016417 0.010195 0.006283 0.003606 0.001998 0.001048 0.000523 0.000252 0.000096 0.000042 0.000017 0.000005 0.000002 0.000002 0.000000 0.000000 0.000000 0.000000 0.000000 0.000000 0.000000 
t: 0.017647058823 start: 42 end: 92 0.000001 0.000002 0.000001 0.000018 0.000037 0.000097 0.000192 0.000481 0.000982 0.002040 0.003876 0.006583 0.011094 0.017501 0.026052 0.036456 0.048787 0.061401 0.073874 0.083124 0.089368 0.091140 0.088729 0.081443 0.070750 0.058741 0.046238 0.034365 0.024566 0.016792 0.010749 0.006435 0.003828 0.002143 0.001114 0.000539 0.000263 0.000113 0.000058 0.000022 0.000003 0.000001 0.000001 0.000000 0.000000 0.000000 0.000000 0.000000 0.000000 0.000000 0.000000 
t: 0.017142857143 start: 43 end: 92 0.000001 0.000002 0.000004 0.000017 0.000046 0.000076 0.000243 0.000484 0.001074 0.002173 0.003920 0.006698 0.011363 0.017694 0.025990 0.036708 0.048757 0.061436 0.073385 0.083078 0.088721 0.090749 0.088475 0.081099 0.070698 0.058567 0.046133 0.034638 0.024904 0.017003 0.010814 0.006607 0.004035 0.002186 0.001172 0.000524 0.000293 0.000147 0.000065 0.000015 0.000003 0.000003 0.000000 0.000000 0.000000 0.000000 0.000000 0.000000 0.000000 0.000000 
t: 0.016666666667 start: 44 end: 92 0.000003 0.000000 0.000006 0.000021 0.000041 0.000101 0.000234 0.000549 0.001138 0.002260 0.004107 0.006903 0.011714 0.017887 0.026705 0.037078 0.048936 0.061961 0.073245 0.082938 0.088325 0.090164 0.087808 0.080008 0.070756 0.058424 0.046042 0.034538 0.024999 0.017070 0.010842 0.006721 0.003912 0.002284 0.001145 0.000595 0.000301 0.000146 0.000060 0.000022 0.000010 0.000001 0.000000 0.000000 0.000000 0.000000 0.000000 0.000000 0.000000 
t: 0.016216216216 start: 45 end: 94 0.000001 0.000003 0.000005 0.000024 0.000044 0.000131 0.000254 0.000595 0.001213 0.002470 0.004267 0.007382 0.011992 0.018807 0.027071 0.037852 0.049598 0.062287 0.073470 0.082693 0.088351 0.090032 0.086597 0.079671 0.070112 0.057725 0.045784 0.034054 0.024722 0.016895 0.010722 0.006722 0.003949 0.002190 0.001193 0.000589 0.000310 0.000127 0.000058 0.000025 0.000011 0.000002 0.000000 0.000000 0.000000 0.000000 0.000000 0.000000 0.000000 0.000000 
t: 0.015789473684 start: 47 end: 95 0.000003 0.000006 0.000023 0.000050 0.000153 0.000300 0.000656 0.001309 0.002572 0.004691 0.007738 0.012760 0.019196 0.027978 0.038793 0.050781 0.062596 0.074202 0.082760 0.088323 0.089693 0.085784 0.079207 0.068724 0.057099 0.044821 0.033596 0.024401 0.016266 0.010741 0.006545 0.003846 0.002156 0.001109 0.000616 0.000285 0.000125 0.000066 0.000019 0.000010 0.000001 0.000000 0.000000 0.000000 0.000000 0.000000 0.000000 0.000000 0.000000 
t: 0.015384615385 start: 47 end: 96 0.000002 0.000003 0.000008 0.000024 0.000075 0.000162 0.000327 0.000743 0.001502 0.002772 0.005051 0.008380 0.013189 0.020355 0.029062 0.040090 0.051752 0.063700 0.074830 0.083494 0.088273 0.088148 0.085572 0.077752 0.067850 0.056090 0.043737 0.032821 0.023540 0.015864 0.010434 0.006333 0.003804 0.002034 0.001168 0.000574 0.000280 0.000124 0.000055 0.000017 0.000004 0.000005 0.000000 0.000000 0.000000 0.000000 0.000000 0.000000 0.000000 0.000000 
t: 0.015000000000 start: 48 end: 97 0.000002 0.000002 0.000012 0.000040 0.000075 0.000162 0.000413 0.000852 0.001660 0.003077 0.005359 0.009138 0.014052 0.021342 0.030656 0.041074 0.053085 0.065002 0.075943 0.083711 0.088059 0.087990 0.084508 0.076727 0.066291 0.054641 0.042723 0.031811 0.022506 0.015374 0.009887 0.006158 0.003607 0.002013 0.001028 0.000577 0.000253 0.000110 0.000058 0.000010 0.000006 0.000006 0.000000 0.000000 0.000000 0.000000 0.000000 0.000000 0.000000 0.000000 
t: 0.014634146341 start: 49 end: 99 0.000001 0.000006 0.000011 0.000042 0.000089 0.000200 0.000475 0.000939 0.001892 0.003384 0.006012 0.009738 0.015148 0.022685 0.032141 0.042756 0.054566 0.066812 0.076553 0.084326 0.087959 0.087722 0.083290 0.075158 0.064751 0.052750 0.041209 0.030750 0.021466 0.014630 0.009372 0.005894 0.003467 0.001879 0.000998 0.000511 0.000230 0.000128 0.000039 0.000010 0.000008 0.000002 0.000000 0.000001 0.000000 0.000000 0.000000 0.000000 0.000000 0.000000 0.000000 
t: 0.014285714286 start: 50 end: 99 0.000003 0.000005 0.000020 0.000046 0.000117 0.000227 0.000542 0.001095 0.002117 0.003825 0.006662 0.010591 0.016332 0.024252 0.033799 0.044695 0.056529 0.068419 0.077636 0.084624 0.087999 0.086986 0.081817 0.073724 0.062726 0.050931 0.039772 0.029209 0.020369 0.013882 0.008869 0.005404 0.003252 0.001751 0.000908 0.000492 0.000218 0.000095 0.000038 0.000016 0.000005 0.000000 0.000001 0.000000 0.000000 0.000000 0.000000 0.000000 0.000000 0.000000 
t: 0.013953488372 start: 51 end: 100 0.000003 0.000006 0.000026 0.000057 0.000144 0.000272 0.000635 0.001289 0.002379 0.004392 0.007202 0.011634 0.017731 0.025987 0.035555 0.046928 0.058910 0.069604 0.078950 0.085617 0.087723 0.085942 0.081001 0.071367 0.060414 0.049149 0.037918 0.027501 0.019199 0.013000 0.008303 0.005040 0.002940 0.001577 0.000838 0.000429 0.000193 0.000088 0.000039 0.000013 0.000004 0.000000 0.000001 0.000000 0.000000 0.000000 0.000000 0.000000 0.000000 0.000000 
t: 0.013636363636 start: 52 end: 101 0.000007 0.000012 0.000019 0.000078 0.000175 0.000352 0.000762 0.001460 0.002833 0.004820 0.008076 0.012813 0.019319 0.027896 0.037657 0.049514 0.060613 0.071922 0.080171 0.086212 0.087214 0.085506 0.078657 0.069481 0.058045 0.046701 0.035714 0.026165 0.018051 0.012028 0.007661 0.004618 0.002578 0.001417 0.000762 0.000402 0.000163 0.000076 0.000038 0.000007 0.000003 0.000002 0.000000 0.000000 0.000000 0.000000 0.000000 0.000000 0.000000 0.000000 
t: 0.013333333333 start: 53 end: 101 0.000007 0.000013 0.000036 0.000090 0.000231 0.000449 0.000886 0.001777 0.003090 0.005506 0.009070 0.014242 0.021285 0.029596 0.040412 0.051804 0.063353 0.073886 0.081634 0.086082 0.087249 0.083672 0.077125 0.066743 0.055711 0.044258 0.033747 0.024206 0.016782 0.011013 0.007009 0.004192 0.002345 0.001231 0.000671 0.000344 0.000140 0.000073 0.000026 0.000009 0.000005 0.000000 0.000000 0.000000 0.000000 0.000000 0.000000 0.000000 0.000000 
t: 0.013043478261 start: 53 end: 102 0.000002 0.000009 0.000019 0.000042 0.000133 0.000267 0.000543 0.001067 0.002012 0.003700 0.006333 0.010165 0.015830 0.023125 0.032269 0.042968 0.054378 0.065836 0.075375 0.083006 0.086804 0.086426 0.082540 0.074460 0.064131 0.053256 0.041901 0.031065 0.022655 0.015299 0.010055 0.006399 0.003679 0.002070 0.001121 0.000576 0.000270 0.000125 0.000056 0.000021 0.000009 0.000003 0.000000 0.000000 0.000000 0.000000 0.000000 0.000000 0.000000 0.000000 
t: 0.012765957447 start: 53 end: 103 0.000001 0.000002 0.000011 0.000029 0.000081 0.000146 0.000326 0.000655 0.001313 0.002421 0.004292 0.007274 0.011537 0.017436 0.025359 0.034966 0.045838 0.057602 0.068024 0.077345 0.084110 0.086947 0.085384 0.080623 0.072200 0.061665 0.050211 0.039185 0.028913 0.020557 0.014036 0.008957 0.005591 0.003235 0.001848 0.000960 0.000479 0.000257 0.000119 0.000035 0.000021 0.000008 0.000001 0.000000 0.000000 0.000000 0.000000 0.000000 0.000000 0.000000 0.000000 
t: 0.012500000000 start: 53 end: 103 0.000001 0.000000 0.000004 0.000020 0.000045 0.000090 0.000195 0.000398 0.000819 0.001554 0.002903 0.005132 0.008216 0.013003 0.019316 0.028054 0.037850 0.048909 0.060389 0.070475 0.079458 0.084958 0.086915 0.084453 0.078631 0.069345 0.058416 0.047263 0.036416 0.026544 0.018653 0.012591 0.008130 0.004779 0.002895 0.001579 0.000796 0.000449 0.000206 0.000096 0.000032 0.000015 0.000006 0.000000 0.000001 0.000000 0.000000 0.000000 0.000000 0.000000 0.000000 
t: 0.012244897959 start: 54 end: 104 0.000001 0.000001 0.000006 0.000026 0.000050 0.000117 0.000269 0.000495 0.000976 0.001894 0.003475 0.005901 0.009578 0.014736 0.021627 0.030757 0.040882 0.052349 0.063421 0.072768 0.081276 0.085963 0.086325 0.083169 0.075706 0.066517 0.055315 0.044166 0.033426 0.024297 0.016867 0.011256 0.007091 0.004161 0.002505 0.001302 0.000724 0.000341 0.000159 0.000059 0.000033 0.000012 0.000000 0.000001 0.000000 0.000000 0.000000 0.000000 0.000000 0.000000 0.000000 
t: 0.012000000000 start: 54 end: 104 0.000001 0.000000 0.000002 0.000010 0.000032 0.000077 0.000161 0.000311 0.000624 0.001196 0.002426 0.004149 0.006848 0.011013 0.016590 0.024429 0.033568 0.044220 0.055730 0.066269 0.075576 0.082740 0.086614 0.085565 0.081354 0.072809 0.063154 0.052109 0.040805 0.030943 0.021643 0.015101 0.009896 0.006138 0.003592 0.002120 0.001098 0.000599 0.000280 0.000121 0.000059 0.000020 0.000005 0.000003 0.000000 0.000000 0.000000 0.000000 0.000000 0.000000 0.000000 
t: 0.011764705882 start: 57 end: 106 0.000003 0.000012 0.000045 0.000106 0.000204 0.000393 0.000801 0.001565 0.002909 0.004861 0.008070 0.012627 0.019346 0.026900 0.036847 0.047862 0.058764 0.069339 0.078087 0.084319 0.086491 0.084763 0.078385 0.070275 0.059920 0.048280 0.037802 0.027819 0.019471 0.013230 0.008632 0.005245 0.003185 0.001701 0.000888 0.000457 0.000227 0.000106 0.000048 0.000009 0.000005 0.000001 0.000000 0.000000 0.000000 0.000000 0.000000 0.000000 0.000000 0.000000 
t: 0.011538461538 start: 57 end: 106 0.000001 0.000007 0.000023 0.000060 0.000138 0.000235 0.000492 0.001059 0.001928 0.003478 0.005984 0.009432 0.014885 0.021397 0.030139 0.040194 0.051548 0.062302 0.072357 0.080348 0.085467 0.086182 0.082590 0.076038 0.067416 0.055961 0.044862 0.034296 0.024974 0.017221 0.011596 0.007527 0.004413 0.002621 0.001406 0.000759 0.000361 0.000176 0.000081 0.000031 0.000011 0.000004 0.000000 0.000000 0.000000 0.000000 0.000000 0.000000 0.000000 0.000000 
t: 0.011320754717 start: 58 end: 107 0.000003 0.000013 0.000044 0.000077 0.000149 0.000329 0.000668 0.001356 0.002381 0.004310 0.006924 0.011316 0.016820 0.024148 0.033549 0.044207 0.055097 0.065776 0.075695 0.082486 0.085840 0.085070 0.080940 0.073074 0.063292 0.052286 0.041331 0.030887 0.022053 0.015215 0.010079 0.006404 0.003762 0.002142 0.001174 0.000587 0.000284 0.000144 0.000049 0.000024 0.000014 0.000001 0.000000 0.000000 0.000000 0.000000 0.000000 0.000000 0.000000 0.000000 
t: 0.011111111111 start: 58 end: 108 0.000002 0.000004 0.000025 0.000051 0.000093 0.000210 0.000435 0.000923 0.001593 0.003024 0.005197 0.008266 0.013261 0.019260 0.027532 0.037182 0.047870 0.058745 0.070028 0.078184 0.083850 0.085799 0.083999 0.078276 0.069758 0.059560 0.048465 0.037324 0.027609 0.019501 0.013270 0.008761 0.005359 0.003055 0.001751 0.000932 0.000451 0.000226 0.000095 0.000045 0.000020 0.000008 0.000000 0.000001 0.000000 0.000000 0.000000 0.000000 0.000000 0.000000 0.000000 
t: 0.010909090909 start: 58 end: 109 0.000001 0.000001 0.000011 0.000030 0.000061 0.000131 0.000275 0.000601 0.001149 0.002127 0.003671 0.006154 0.010014 0.015324 0.022112 0.031071 0.040961 0.052323 0.062870 0.073035 0.080565 0.085048 0.085345 0.082240 0.075155 0.065954 0.055706 0.044273 0.033666 0.024475 0.017142 0.011591 0.007271 0.004381 0.002474 0.001419 0.000729 0.000364 0.000151 0.000077 0.000032 0.000018 0.000001 0.000001 0.000000 0.000000 0.000000 0.000000 0.000000 0.000000 0.000000 0.000000 
t: 0.010714285714 start: 58 end: 108 0.000001 0.000000 0.000003 0.000018 0.000038 0.000093 0.000180 0.000402 0.000769 0.001458 0.002589 0.004630 0.007534 0.011943 0.017606 0.025377 0.034876 0.045478 0.056227 0.067262 0.075577 0.082534 0.085397 0.084675 0.079850 0.071707 0.062583 0.051009 0.040147 0.030134 0.021460 0.014842 0.009754 0.006167 0.003481 0.002027 0.001112 0.000553 0.000278 0.000141 0.000054 0.000027 0.000004 0.000003 0.000000 0.000000 0.000000 0.000000 0.000000 0.000000 0.000000 
t: 0.010526315789 start: 58 end: 109 0.000001 0.000000 0.000002 0.000008 0.000025 0.000047 0.000136 0.000248 0.000533 0.001008 0.001887 0.003313 0.005638 0.009011 0.013958 0.020530 0.029181 0.038954 0.049726 0.060711 0.070558 0.078703 0.083851 0.085512 0.083161 0.076933 0.068610 0.057730 0.046841 0.036253 0.026286 0.018693 0.012637 0.008176 0.005061 0.002855 0.001571 0.000855 0.000428 0.000234 0.000065 0.000053 0.000010 0.000006 0.000001 0.000000 0.000000 0.000000 0.000000 0.000000 0.000000 0.000000 
t: 0.010344827586 start: 59 end: 111 0.000001 0.000001 0.000002 0.000017 0.000031 0.000072 0.000164 0.000346 0.000760 0.001308 0.002344 0.004123 0.006879 0.011006 0.016506 0.023869 0.033078 0.043209 0.054042 0.064873 0.074065 0.081261 0.084960 0.085107 0.080577 0.073955 0.064437 0.053231 0.042530 0.032042 0.022999 0.016027 0.010686 0.006791 0.003921 0.002272 0.001266 0.000647 0.000350 0.000136 0.000072 0.000022 0.000010 0.000002 0.000003 0.000000 0.000000 0.000000 0.000000 0.000000 0.000000 0.000000 0.000000 
t: 0.010169491525 start: 60 end: 112 0.000001 0.000002 0.000009 0.000019 0.000045 0.000109 0.000226 0.000491 0.000960 0.001723 0.002935 0.005156 0.008429 0.013126 0.019442 0.027545 0.037186 0.047692 0.058729 0.068898 0.077455 0.083092 0.085822 0.083165 0.078175 0.070238 0.059797 0.048580 0.037907 0.028143 0.019973 0.013751 0.008915 0.005405 0.003174 0.001779 0.000991 0.000508 0.000235 0.000102 0.000044 0.000017 0.000006 0.000002 0.000001 0.000000 0.000000 0.000000 0.000000 0.000000 0.000000 0.000000 0.000000 
t: 0.010000000000 start: 61 end: 112 0.000002 0.000005 0.000015 0.000027 0.000072 0.000154 0.000321 0.000662 0.001220 0.002167 0.003884 0.006446 0.010242 0.015678 0.022830 0.031386 0.041568 0.052525 0.063149 0.073326 0.079983 0.084120 0.084969 0.081663 0.075203 0.065932 0.054995 0.043869 0.033827 0.024151 0.017311 0.011507 0.007184 0.004331 0.002476 0.001415 0.000719 0.000377 0.000160 0.000084 0.000030 0.000007 0.000006 0.000002 0.000000 0.000000 0.000000 0.000000 0.000000 0.000000 0.000000 0.000000 
t: 0.008448275866 start: 65 end: 118 0.000001 0.000002 0.000001 0.000010 0.000019 0.000053 0.000129 0.000246 0.000424 0.000898 0.001649 0.002948 0.004902 0.007960 0.012272 0.018280 0.026036 0.035593 0.045675 0.056333 0.066766 0.075573 0.082159 0.084707 0.084387 0.079125 0.071568 0.061570 0.050602 0.040314 0.029944 0.021665 0.014832 0.009512 0.006014 0.003704 0.002006 0.001094 0.000534 0.000300 0.000105 0.000059 0.000020 0.000005 0.000003 0.000001 0.000000 0.000000 0.000000 0.000000 0.000000 0.000000 0.000000 0.000000 
t: 0.007313432839 start: 71 end: 123 0.000003 0.000005 0.000010 0.000039 0.000074 0.000135 0.000288 0.000593 0.001208 0.002127 0.003510 0.005927 0.009310 0.014400 0.021008 0.029255 0.039274 0.049765 0.060347 0.070555 0.079025 0.083351 0.085340 0.082286 0.076992 0.068247 0.057562 0.046759 0.036045 0.026734 0.018771 0.012475 0.007966 0.004827 0.002777 0.001483 0.000804 0.000416 0.000175 0.000073 0.000036 0.000014 0.000007 0.000001 0.000001 0.000000 0.000000 0.000000 0.000000 0.000000 0.000000 0.000000 0.000000 
t: 0.006447368423 start: 75 end: 126 0.000001 0.000003 0.000019 0.000040 0.000068 0.000138 0.000350 0.000659 0.001228 0.002186 0.003762 0.006205 0.009856 0.014994 0.022049 0.030281 0.040162 0.050967 0.062147 0.072130 0.080071 0.084266 0.085826 0.082714 0.076365 0.067081 0.056076 0.045271 0.034604 0.025224 0.017407 0.011484 0.007137 0.004353 0.002353 0.001281 0.000684 0.000303 0.000153 0.000064 0.000023 0.000006 0.000008 0.000000 0.000000 0.000001 0.000000 0.000000 0.000000 0.000000 0.000000 0.000000 
t: 0.005764705884 start: 79 end: 130 0.000008 0.000007 0.000020 0.000053 0.000126 0.000226 0.000518 0.001011 0.001810 0.003090 0.005184 0.008628 0.013273 0.019244 0.027265 0.037105 0.047842 0.059397 0.069564 0.078773 0.084451 0.086586 0.084829 0.078474 0.070602 0.059781 0.048423 0.037250 0.027109 0.018922 0.012526 0.007991 0.004622 0.002635 0.001385 0.000651 0.000347 0.000158 0.000070 0.000031 0.000007 0.000004 0.000001 0.000001 0.000000 0.000000 0.000000 0.000000 0.000000 0.000000 0.000000 0.000000 
t: 0.005212765959 start: 81 end: 132 0.000002 0.000001 0.000007 0.000025 0.000050 0.000143 0.000258 0.000525 0.001019 0.001869 0.003293 0.005633 0.008999 0.013680 0.020163 0.028950 0.038978 0.049807 0.060690 0.071889 0.080803 0.085836 0.087484 0.085188 0.078561 0.068985 0.057681 0.046314 0.034939 0.025099 0.017091 0.011275 0.006700 0.003917 0.002131 0.001038 0.000533 0.000276 0.000106 0.000043 0.000009 0.000008 0.000001 0.000001 0.000000 0.000000 0.000000 0.000000 0.000000 0.000000 0.000000 0.000000 
t: 0.004757281555 start: 83 end: 134 0.000001 0.000003 0.000004 0.000013 0.000041 0.000080 0.000164 0.000363 0.000689 0.001350 0.002528 0.004165 0.006932 0.011067 0.016701 0.024254 0.033811 0.044519 0.056424 0.067450 0.077557 0.084989 0.088224 0.087377 0.083128 0.074207 0.063494 0.051399 0.039467 0.028886 0.020094 0.012891 0.007830 0.004696 0.002625 0.001397 0.000675 0.000281 0.000155 0.000042 0.000017 0.000005 0.000004 0.000001 0.000000 0.000000 0.000000 0.000000 0.000000 0.000000 0.000000 0.000000 
t: 0.004375000001 start: 83 end: 134 0.000001 0.000000 0.000001 0.000001 0.000002 0.000015 0.000025 0.000061 0.000147 0.000277 0.000611 0.001114 0.002109 0.003722 0.006167 0.009940 0.015424 0.022575 0.031824 0.042460 0.054537 0.066288 0.077422 0.084187 0.089415 0.089081 0.084697 0.076510 0.065758 0.053420 0.040729 0.029878 0.020629 0.013176 0.008082 0.004728 0.002606 0.001265 0.000609 0.000310 0.000127 0.000052 0.000015 0.000002 0.000000 0.000001 0.000000 0.000000 0.000000 0.000000 0.000000 0.000000 
t: 0.004049586778 start: 88 end: 137 0.000002 0.000009 0.000012 0.000026 0.000058 0.000139 0.000291 0.000573 0.001132 0.002078 0.003716 0.006179 0.009997 0.015604 0.023245 0.032116 0.043620 0.055482 0.067331 0.078781 0.086504 0.090482 0.090799 0.084825 0.076016 0.065040 0.052060 0.039309 0.028290 0.018962 0.011996 0.007253 0.004047 0.002158 0.001034 0.000493 0.000216 0.000088 0.000030 0.000005 0.000001 0.000001 0.000000 0.000000 0.000000 0.000000 0.000000 0.000000 0.000000 0.000000 
t: 0.003769230770 start: 90 end: 138 0.000001 0.000010 0.000011 0.000025 0.000072 0.000143 0.000311 0.000657 0.001255 0.002374 0.004118 0.006810 0.011189 0.017278 0.025185 0.035184 0.046764 0.059457 0.071842 0.081801 0.089734 0.092340 0.090490 0.083662 0.073320 0.061300 0.047822 0.035133 0.024560 0.016006 0.009816 0.005562 0.003044 0.001520 0.000740 0.000294 0.000108 0.000045 0.000011 0.000005 0.000001 0.000000 0.000000 0.000000 0.000000 0.000000 0.000000 0.000000 0.000000 
t: 0.003525179857 start: 92 end: 139 0.000002 0.000008 0.000011 0.000040 0.000082 0.000184 0.000420 0.000833 0.001526 0.002841 0.005124 0.008391 0.013390 0.020165 0.029000 0.040409 0.053408 0.065443 0.077922 0.087090 0.093301 0.093225 0.088657 0.079722 0.067686 0.054999 0.041306 0.029148 0.019436 0.012053 0.006890 0.003793 0.001997 0.000893 0.000382 0.000150 0.000053 0.000015 0.000004 0.000001 0.000000 0.000000 0.000000 0.000000 0.000000 0.000000 0.000000 0.000000 
t: 0.003310810811 start: 92 end: 140 0.000001 0.000001 0.000003 0.000008 0.000018 0.000054 0.000133 0.000281 0.000565 0.001104 0.002131 0.003938 0.006768 0.011055 0.016870 0.024859 0.036050 0.047930 0.060875 0.074197 0.085083 0.092416 0.095250 0.092239 0.084784 0.073334 0.059425 0.045766 0.032697 0.021961 0.013828 0.008164 0.004337 0.002237 0.000975 0.000412 0.000176 0.000056 0.000016 0.000001 0.000002 0.000000 0.000000 0.000000 0.000000 0.000000 0.000000 0.000000 0.000000 
t: 0.003121019109 start: 92 end: 139 0.000001 0.000000 0.000001 0.000002 0.000004 0.000016 0.000037 0.000108 0.000215 0.000421 0.000879 0.001716 0.003160 0.005524 0.009542 0.014624 0.022525 0.032853 0.044280 0.058142 0.071427 0.083563 0.091875 0.096437 0.094923 0.088149 0.076668 0.063300 0.048730 0.034990 0.023845 0.014831 0.008569 0.004602 0.002308 0.001046 0.000443 0.000166 0.000061 0.000014 0.000003 0.000000 0.000000 0.000000 0.000000 0.000000 0.000000 0.000000 
t: 0.002951807229 start: 93 end: 140 0.000001 0.000000 0.000000 0.000002 0.000006 0.000012 0.000033 0.000075 0.000161 0.000363 0.000771 0.001467 0.002750 0.004875 0.008369 0.013574 0.020797 0.030573 0.042654 0.056179 0.070333 0.082421 0.093014 0.097437 0.096228 0.090234 0.079030 0.065341 0.050729 0.036245 0.024114 0.015190 0.008626 0.004527 0.002241 0.001009 0.000403 0.000160 0.000046 0.000007 0.000002 0.000001 0.000000 0.000000 0.000000 0.000000 0.000000 0.000000 
t: 0.002800000000 start: 95 end: 140 0.000001 0.000001 0.000000 0.000005 0.000014 0.000025 0.000054 0.000138 0.000319 0.000679 0.001338 0.002541 0.004522 0.007939 0.012884 0.020235 0.029747 0.041910 0.055831 0.069334 0.083463 0.093544 0.098535 0.098147 0.091047 0.080382 0.066198 0.050655 0.035885 0.024093 0.014647 0.008185 0.004253 0.002090 0.000862 0.000329 0.000124 0.000034 0.000007 0.000003 0.000000 0.000000 0.000000 0.000000 0.000000 0.000000 
t: 0.002663043479 start: 98 end: 140 0.000002 0.000000 0.000015 0.000019 0.000062 0.000126 0.000319 0.000607 0.001293 0.002400 0.004526 0.007759 0.012792 0.020264 0.029938 0.042057 0.056225 0.071112 0.084741 0.094957 0.099545 0.099104 0.092711 0.079667 0.065302 0.049309 0.035023 0.022637 0.013624 0.007385 0.003765 0.001668 0.000657 0.000279 0.000087 0.000014 0.000008 0.000001 0.000000 0.000000 0.000000 0.000000 0.000000 
t: 0.002538860104 start: 99 end: 140 0.000001 0.000005 0.000009 0.000026 0.000051 0.000130 0.000295 0.000664 0.001255 0.002491 0.004593 0.007843 0.013347 0.020902 0.030982 0.043264 0.058087 0.073408 0.086927 0.096770 0.101293 0.099875 0.091836 0.078969 0.063368 0.047188 0.032328 0.020732 0.011982 0.006335 0.002984 0.001291 0.000519 0.000192 0.000043 0.000008 0.000006 0.000001 0.000000 0.000000 0.000000 0.000000 
t: 0.002425742574 start: 100 end: 140 0.000002 0.000004 0.000006 0.000030 0.000069 0.000119 0.000320 0.000658 0.001404 0.002579 0.004817 0.008447 0.014172 0.021972 0.032760 0.045873 0.061080 0.076664 0.089759 0.099595 0.102936 0.099969 0.090167 0.076764 0.060122 0.043617 0.029355 0.017895 0.010070 0.005084 0.002259 0.000923 0.000365 0.000110 0.000023 0.000010 0.000001 0.000000 0.000000 0.000000 0.000000 
t: 0.002322274882 start: 100 end: 140 0.000001 0.000001 0.000003 0.000005 0.000033 0.000063 0.000152 0.000362 0.000728 0.001514 0.002933 0.005373 0.009313 0.015378 0.023888 0.035522 0.049518 0.064942 0.080997 0.093864 0.102132 0.103846 0.098804 0.088385 0.072830 0.055666 0.039015 0.025501 0.014992 0.007943 0.003768 0.001605 0.000658 0.000196 0.000050 0.000014 0.000005 0.000000 0.000000 0.000000 0.000000 
t: 0.002227272727 start: 102 end: 140 0.000001 0.000001 0.000017 0.000034 0.000075 0.000179 0.000392 0.000858 0.001748 0.003289 0.006161 0.010495 0.017290 0.026714 0.039215 0.053744 0.070314 0.086153 0.097512 0.104899 0.104016 0.097569 0.084457 0.067693 0.050099 0.034053 0.021088 0.011848 0.005900 0.002608 0.001071 0.000363 0.000109 0.000027 0.000006 0.000002 0.000000 0.000000 0.000000 
t: 0.002139737991 start: 104 end: 140 0.000007 0.000013 0.000044 0.000094 0.000206 0.000476 0.001057 0.002056 0.003990 0.007106 0.012087 0.019854 0.030357 0.043660 0.059492 0.076501 0.091050 0.102200 0.106825 0.104179 0.094306 0.079030 0.061277 0.043655 0.028299 0.016727 0.008711 0.004098 0.001758 0.000649 0.000174 0.000046 0.000013 0.000003 0.000000 0.000000 0.000000 
t: 0.002058823530 start: 104 end: 140 0.000002 0.000007 0.000015 0.000056 0.000112 0.000271 0.000613 0.001264 0.002546 0.004881 0.008498 0.014253 0.023067 0.034792 0.049679 0.066483 0.082751 0.097010 0.105910 0.108075 0.102521 0.089533 0.072220 0.053917 0.036293 0.022680 0.012220 0.006182 0.002710 0.001012 0.000329 0.000068 0.000024 0.000006 0.000000 0.000000 0.000000 
t: 0.001983805668 start: 104 end: 140 0.000001 0.000003 0.000010 0.000022 0.000055 0.000163 0.000362 0.000776 0.001603 0.003227 0.005899 0.010316 0.017376 0.027359 0.040599 0.056452 0.073811 0.089830 0.103394 0.108928 0.107654 0.098678 0.082795 0.064168 0.045357 0.029262 0.016783 0.008759 0.004067 0.001553 0.000557 0.000139 0.000033 0.000008 0.000001 0.000000 0.000000 
t: 0.001914062500 start: 106 end: 140 0.000005 0.000011 0.000028 0.000086 0.000233 0.000470 0.001000 0.002121 0.004048 0.007461 0.012769 0.021281 0.032843 0.047323 0.064410 0.082149 0.097826 0.108006 0.110686 0.105150 0.092956 0.074369 0.054771 0.036671 0.022103 0.011990 0.005699 0.002329 0.000888 0.000262 0.000039 0.000015 0.000002 0.000000 0.000000 
t: 0.001849056604 start: 106 end: 140 0.000002 0.000003 0.000014 0.000048 0.000140 0.000278 0.000616 0.001421 0.002786 0.005293 0.009472 0.016281 0.026053 0.039467 0.055575 0.073371 0.091152 0.104585 0.111557 0.110491 0.100675 0.084428 0.064486 0.044927 0.027988 0.015950 0.007720 0.003427 0.001284 0.000400 0.000081 0.000025 0.000004 0.000000 0.000000 
t: 0.001788321168 start: 106 end: 140 0.000001 0.000003 0.000002 0.000031 0.000074 0.000185 0.000385 0.000940 0.001953 0.003727 0.006872 0.012422 0.020779 0.032256 0.047260 0.064997 0.083689 0.099253 0.110171 0.113459 0.107624 0.093512 0.073966 0.053592 0.034764 0.020382 0.010323 0.004764 0.001805 0.000634 0.000130 0.000038 0.000007 0.000000 0.000000 
t: 0.001731448763 start: 106 end: 140 0.000001 0.000002 0.000001 0.000014 0.000050 0.000115 0.000260 0.000579 0.001314 0.002683 0.005049 0.009337 0.016173 0.025986 0.040125 0.056923 0.075410 0.093568 0.107253 0.114476 0.112361 0.101480 0.083328 0.062455 0.041984 0.025444 0.013530 0.006431 0.002473 0.000915 0.000214 0.000053 0.000012 0.000001 0.000000 
t: 0.001678082192 start: 107 end: 140 0.000002 0.000001 0.000008 0.000024 0.000065 0.000188 0.000355 0.000891 0.001887 0.003758 0.006973 0.012509 0.021100 0.033343 0.049457 0.067561 0.086578 0.102831 0.113682 0.115997 0.107697 0.092303 0.071096 0.049946 0.031096 0.017070 0.008479 0.003423 0.001259 0.000322 0.000080 0.000018 0.000001 0.000000 
t: 0.001627906977 start: 108 end: 140 0.000001 0.000004 0.000013 0.000040 0.000113 0.000248 0.000596 0.001337 0.002733 0.005223 0.009639 0.017090 0.027341 0.042344 0.060117 0.079497 0.097412 0.111190 0.117876 0.112909 0.100160 0.079741 0.058077 0.037221 0.021397 0.010724 0.004612 0.001750 0.000463 0.000106 0.000025 0.000001 0.000000 
t: 0.001580645161 start: 109 end: 140 0.000002 0.000009 0.000020 0.000067 0.000177 0.000392 0.000920 0.001976 0.003898 0.007554 0.013434 0.022560 0.036081 0.052508 0.072372 0.091838 0.107454 0.117756 0.116966 0.106729 0.088367 0.066079 0.044190 0.026003 0.013469 0.006051 0.002272 0.000665 0.000152 0.000034 0.000005 0.000000 
t: 0.001536050157 start: 109 end: 140 0.000002 0.000004 0.000011 0.000038 0.000121 0.000269 0.000644 0.001462 0.002890 0.005815 0.010603 0.018365 0.030540 0.045923 0.064955 0.085286 0.103098 0.116460 0.119476 0.112677 0.096351 0.074150 0.051411 0.030954 0.016645 0.007671 0.002978 0.000922 0.000224 0.000047 0.000008 0.000000 
t: 0.001493902439 start: 109 end: 140 0.000001 0.000002 0.000009 0.000021 0.000073 0.000190 0.000452 0.001045 0.002165 0.004501 0.008447 0.014984 0.025351 0.040145 0.057800 0.078617 0.098013 0.113591 0.120943 0.117347 0.103883 0.082083 0.058473 0.036587 0.020281 0.009491 0.003908 0.001202 0.000318 0.000064 0.000011 0.000002 
t: 0.001454005935 start: 109 end: 140 0.000001 0.000001 0.000001 0.000019 0.000044 0.000114 0.000331 0.000723 0.001622 0.003469 0.006725 0.012242 0.021224 0.034448 0.051399 0.071996 0.091977 0.110565 0.120936 0.120870 0.110101 0.089777 0.065983 0.042398 0.024137 0.011832 0.004956 0.001574 0.000436 0.000082 0.000014 0.000003 
t: 0.001416184971 start: 110 end: 140 0.000002 0.000000 0.000012 0.000028 0.000083 0.000233 0.000514 0.001212 0.002628 0.005318 0.009911 0.017686 0.029584 0.045469 0.065307 0.086283 0.106319 0.120145 0.122704 0.115648 0.097044 0.073315 0.048808 0.028527 0.014265 0.006184 0.002067 0.000575 0.000108 0.000018 0.000003 
t: 0.001380281690 start: 111 end: 140 0.000001 0.000009 0.000021 0.000056 0.000156 0.000372 0.000890 0.001977 0.004205 0.008039 0.014825 0.024992 0.039994 0.059065 0.080228 0.102118 0.117379 0.124349 0.120226 0.103890 0.080455 0.055262 0.033218 0.017161 0.007533 0.002656 0.000741 0.000155 0.000021 0.000006 
t: 0.001346153846 start: 112 end: 140 0.000004 0.000015 0.000037 0.000115 0.000266 0.000656 0.001494 0.003273 0.006521 0.012249 0.021268 0.035124 0.052917 0.074268 0.096844 0.114442 0.125069 0.123553 0.110661 0.087279 0.061924 0.038093 0.020317 0.009090 0.003334 0.000939 0.000213 0.000027 0.000008 
t: 0.001313672922 start: 112 end: 140 0.000003 0.000011 0.000023 0.000078 0.000198 0.000472 0.001122 0.002563 0.005197 0.010087 0.018108 0.030781 0.047406 0.068033 0.091614 0.110966 0.124456 0.126298 0.115987 0.094179 0.068662 0.043406 0.023803 0.010882 0.004142 0.001204 0.000276 0.000035 0.000008 
t: 0.001282722513 start: 112 end: 140 0.000003 0.000006 0.000013 0.000049 0.000145 0.000367 0.000854 0.002023 0.004194 0.008352 0.015215 0.026766 0.042394 0.062303 0.085617 0.107099 0.123271 0.128214 0.120789 0.100716 0.075443 0.048885 0.027513 0.012797 0.005042 0.001521 0.000351 0.000049 0.000009 
t: 0.001253196931 start: 112 end: 140 0.000001 0.000004 0.000015 0.000031 0.000106 0.000276 0.000643 0.001580 0.003394 0.006875 0.012982 0.023025 0.037658 0.056723 0.080228 0.102754 0.120999 0.129232 0.125110 0.106885 0.081882 0.054615 0.031386 0.015115 0.006076 0.001878 0.000449 0.000068 0.000010 
t: 0.001225000000 start: 113 end: 140 0.000002 0.000010 0.000026 0.000077 0.000202 0.000494 0.001221 0.002775 0.005641 0.010968 0.019751 0.033323 0.051734 0.074402 0.098398 0.118092 0.129712 0.128416 0.112643 0.088321 0.060464 0.035549 0.017529 0.007298 0.002306 0.000546 0.000087 0.000013 
t: 0.001198044010 start: 113 end: 140 0.000002 0.000004 0.000019 0.000061 0.000162 0.000386 0.000909 0.002197 0.004639 0.009296 0.017229 0.029332 0.046738 0.068733 0.093819 0.114768 0.129594 0.130776 0.118144 0.094316 0.066454 0.039951 0.020288 0.008554 0.002835 0.000666 0.000114 0.000014 
t: 0.001172248804 start: 113 end: 140 0.000001 0.000004 0.000012 0.000044 0.000113 0.000308 0.000717 0.001756 0.003770 0.007776 0.014793 0.025986 0.042291 0.063478 0.088739 0.111357 0.128193 0.132853 0.122629 0.100566 0.072400 0.044577 0.023252 0.010018 0.003384 0.000828 0.000137 0.000018 
t: 0.001147540984 start: 113 end: 140 0.000001 0.000002 0.000008 0.000028 0.000094 0.000224 0.000575 0.001376 0.003166 0.006532 0.012605 0.022832 0.038169 0.058623 0.083553 0.107478 0.126173 0.134445 0.126738 0.106284 0.078489 0.049435 0.026394 0.011516 0.004069 0.001001 0.000171 0.000019 
t: 0.001123853211 start: 114 end: 140 0.000002 0.000006 0.000020 0.000073 0.000173 0.000456 0.001076 0.002595 0.005483 0.010810 0.020129 0.034389 0.053707 0.078296 0.103645 0.123762 0.135255 0.130439 0.111835 0.084293 0.054455 0.029570 0.013298 0.004760 0.001255 0.000195 0.000023 
t: 0.001101123596 start: 114 end: 140 0.000002 0.000003 0.000019 0.000049 0.000140 0.000350 0.000874 0.002109 0.004608 0.009291 0.017696 0.030900 0.049090 0.073520 0.099107 0.121462 0.134792 0.133461 0.117279 0.090273 0.059426 0.033003 0.015230 0.005568 0.001481 0.000238 0.000029 
t: 0.001079295154 start: 114 end: 140 0.000001 0.000003 0.000013 0.000035 0.000110 0.000271 0.000714 0.001723 0.003884 0.008029 0.015404 0.027766 0.044831 0.068680 0.094829 0.118691 0.133969 0.136199 0.121706 0.096134 0.064645 0.036568 0.017282 0.006450 0.001745 0.000284 0.000034 
t: 0.001058315335 start: 114 end: 140 0.000001 0.000002 0.000012 0.000026 0.000081 0.000213 0.000581 0.001380 0.003317 0.006900 0.013442 0.024803 0.041085 0.063996 0.090191 0.115502 0.132987 0.137927 0.126280 0.101486 0.070065 0.040431 0.019472 0.007384 0.002050 0.000344 0.000042 
t: 0.001038135593 start: 114 end: 140 0.000001 0.000001 0.000008 0.000020 0.000062 0.000166 0.000460 0.001148 0.002754 0.005939 0.011769 0.022084 0.037578 0.059493 0.085674 0.112113 0.131465 0.139535 0.129984 0.106967 0.075258 0.044454 0.021780 0.008422 0.002392 0.000424 0.000049 
t: 0.001018711019 start: 114 end: 140 0.000001 0.000001 0.000004 0.000013 0.000046 0.000132 0.000371 0.000927 0.002295 0.005108 0.010261 0.019646 0.034361 0.055167 0.081038 0.108487 0.129917 0.140529 0.133456 0.111989 0.080566 0.048458 0.024297 0.009590 0.002753 0.000531 0.000056 
t: 0.001000000000 start: 115 end: 140 0.000002 0.000002 0.000011 0.000033 0.000102 0.000303 0.000783 0.001906 0.004389 0.008966 0.017467 0.031164 0.051233 0.076485 0.105013 0.127664 0.140672 0.136854 0.116568 0.086105 0.052748 0.026880 0.010798 0.003163 0.000618 0.000071 
