t: 0.059999999999 start: 14 end: 52 0.000002 0.000005 0.000025 0.000118 0.000441 0.001301 0.003703 0.008886 0.018601 0.034698 0.056909 0.083433 0.108019 0.125646 0.130832 0.122736 0.103515 0.078376 0.054080 0.033288 0.018686 0.009355 0.004443 0.001847 0.000708 0.000244 0.000071 0.000026 0.000003 0.000002 0.000001 0.000000 0.000000 0.000000 0.000000 0.000000 0.000000 0.000000 0.000000 
t: 0.054545454544 start: 16 end: 53 0.000003 0.000006 0.000036 0.000155 0.000498 0.001397 0.003741 0.008777 0.017799 0.032335 0.052558 0.076592 0.099799 0.118280 0.126175 0.121354 0.106696 0.084532 0.060733 0.039839 0.024129 0.013050 0.006542 0.003000 0.001245 0.000466 0.000180 0.000060 0.000019 0.000004 0.000000 0.000000 0.000000 0.000000 0.000000 0.000000 0.000000 0.000000 
t: 0.049999999999 start: 18 end: 56 0.000003 0.000009 0.000047 0.000184 0.000573 0.001570 0.004055 0.008736 0.017793 0.031378 0.049815 0.072010 0.094677 0.112378 0.121095 0.119605 0.107157 0.088106 0.065480 0.044909 0.028297 0.016228 0.008743 0.004099 0.001854 0.000774 0.000279 0.000097 0.000034 0.000012 0.000003 0.000000 0.000000 0.000000 0.000000 0.000000 0.000000 0.000000 0.000000 
t: 0.046153846153 start: 20 end: 59 0.000006 0.000020 0.000081 0.000217 0.000719 0.001870 0.004387 0.009503 0.017869 0.031431 0.048927 0.069707 0.090546 0.108253 0.117570 0.116892 0.105696 0.089281 0.068705 0.048350 0.031222 0.018713 0.010410 0.005334 0.002482 0.001099 0.000444 0.000190 0.000053 0.000017 0.000005 0.000000 0.000001 0.000000 0.000000 0.000000 0.000000 0.000000 0.000000 0.000000 
t: 0.042857142857 start: 21 end: 60 0.000001 0.000011 0.000035 0.000099 0.000331 0.000892 0.002246 0.004968 0.010297 0.018951 0.032071 0.049192 0.069044 0.089533 0.104611 0.113800 0.113957 0.104751 0.088554 0.069336 0.049982 0.033509 0.020337 0.011764 0.006279 0.003068 0.001410 0.000629 0.000225 0.000088 0.000020 0.000009 0.000000 0.000000 0.000000 0.000000 0.000000 0.000000 0.000000 0.000000 
t: 0.040000000000 start: 23 end: 64 0.000003 0.000012 0.000057 0.000151 0.000416 0.001210 0.002662 0.005913 0.011488 0.020449 0.033694 0.050606 0.069411 0.088374 0.103220 0.111122 0.111142 0.102423 0.087143 0.068881 0.050129 0.034133 0.021431 0.012573 0.006943 0.003522 0.001671 0.000753 0.000314 0.000103 0.000034 0.000014 0.000002 0.000001 0.000000 0.000000 0.000000 0.000000 0.000000 0.000000 0.000000 0.000000 
t: 0.037500000000 start: 23 end: 66 0.000001 0.000001 0.000008 0.000015 0.000073 0.000237 0.000614 0.001489 0.003451 0.006996 0.013311 0.022851 0.035890 0.052496 0.070998 0.088571 0.101663 0.109714 0.107587 0.099704 0.085015 0.066979 0.049172 0.034231 0.021745 0.012939 0.007333 0.003656 0.001920 0.000803 0.000316 0.000141 0.000049 0.000022 0.000006 0.000003 0.000000 0.000000 0.000000 0.000000 0.000000 0.000000 0.000000 0.000000 
t: 0.035294117647 start: 24 end: 69 0.000001 0.000000 0.000005 0.000011 0.000034 0.000126 0.000328 0.000875 0.002020 0.004374 0.008468 0.015371 0.025447 0.039352 0.055567 0.072642 0.090070 0.101325 0.107491 0.105340 0.095923 0.081389 0.064673 0.047664 0.032904 0.021297 0.012850 0.007350 0.003744 0.001846 0.000846 0.000414 0.000166 0.000056 0.000022 0.000004 0.000001 0.000002 0.000002 0.000000 0.000000 0.000000 0.000000 0.000000 0.000000 0.000000 
t: 0.033333333333 start: 26 end: 71 0.000002 0.000001 0.000012 0.000014 0.000066 0.000190 0.000511 0.001253 0.002756 0.005505 0.010337 0.017990 0.028903 0.042727 0.059574 0.076368 0.091114 0.101319 0.105567 0.102084 0.091413 0.078219 0.061171 0.044924 0.031317 0.020367 0.012259 0.006926 0.003716 0.001895 0.000872 0.000374 0.000163 0.000060 0.000019 0.000008 0.000003 0.000000 0.000000 0.000001 0.000000 0.000000 0.000000 0.000000 0.000000 0.000000 
t: 0.031578947368 start: 28 end: 74 0.000002 0.000004 0.000015 0.000034 0.000088 0.000329 0.000763 0.001692 0.003711 0.007152 0.012854 0.021226 0.033035 0.047299 0.063697 0.079646 0.093043 0.101015 0.103224 0.098595 0.088263 0.072782 0.056708 0.042297 0.029051 0.018832 0.011369 0.006533 0.003521 0.001759 0.000854 0.000362 0.000166 0.000053 0.000015 0.000008 0.000001 0.000001 0.000001 0.000000 0.000000 0.000000 0.000000 0.000000 0.000000 0.000000 0.000000 
t: 0.030000000000 start: 30 end: 75 0.000003 0.000006 0.000017 0.000067 0.000216 0.000466 0.001245 0.002426 0.004977 0.009237 0.015978 0.025134 0.037854 0.052638 0.068296 0.082892 0.094881 0.100796 0.100845 0.094451 0.082211 0.068148 0.053021 0.038583 0.026440 0.016898 0.010264 0.005932 0.003163 0.001623 0.000754 0.000327 0.000122 0.000060 0.000014 0.000006 0.000007 0.000002 0.000000 0.000000 0.000000 0.000000 0.000000 0.000000 0.000000 0.000000 
t: 0.028571428571 start: 32 end: 77 0.000003 0.000013 0.000043 0.000135 0.000358 0.000782 0.001695 0.003516 0.006642 0.011925 0.019450 0.030415 0.043252 0.058453 0.073020 0.086564 0.096118 0.099865 0.097556 0.089924 0.077208 0.062803 0.047733 0.034497 0.023605 0.014892 0.009136 0.005057 0.002822 0.001370 0.000649 0.000293 0.000122 0.000050 0.000022 0.000007 0.000003 0.000002 0.000000 0.000000 0.000000 0.000000 0.000000 0.000000 0.000000 0.000000 
t: 0.027272727273 start: 33 end: 78 0.000001 0.000009 0.000028 0.000083 0.000233 0.000533 0.001215 0.002543 0.005101 0.008782 0.015293 0.024078 0.035975 0.049264 0.064095 0.078270 0.090330 0.096710 0.098409 0.093645 0.084457 0.071223 0.056831 0.042668 0.030534 0.020349 0.012820 0.007688 0.004367 0.002353 0.001137 0.000550 0.000257 0.000100 0.000041 0.000016 0.000011 0.000001 0.000000 0.000000 0.000000 0.000000 0.000000 0.000000 0.000000 0.000000 
t: 0.026086956522 start: 34 end: 80 0.000001 0.000006 0.000016 0.000055 0.000183 0.000373 0.000863 0.001895 0.003721 0.006977 0.011998 0.019427 0.029463 0.041852 0.056358 0.069967 0.083461 0.092796 0.096841 0.095740 0.089073 0.078486 0.064430 0.050657 0.037404 0.026099 0.017303 0.010908 0.006496 0.003535 0.001893 0.000933 0.000440 0.000190 0.000096 0.000037 0.000019 0.000007 0.000001 0.000000 0.000000 0.000000 0.000000 0.000000 0.000000 0.000000 0.000000 
t: 0.025000000000 start: 35 end: 81 0.000002 0.000003 0.000011 0.000036 0.000118 0.000309 0.000638 0.001423 0.002864 0.005578 0.009602 0.015924 0.024457 0.035731 0.048639 0.062867 0.076739 0.087685 0.094008 0.096207 0.092003 0.083711 0.071314 0.057447 0.044509 0.031891 0.022114 0.014365 0.008975 0.005224 0.002750 0.001514 0.000735 0.000338 0.000150 0.000076 0.000027 0.000013 0.000003 0.000000 0.000000 0.000000 0.000000 0.000000 0.000000 0.000000 0.000000 
t: 0.024000000000 start: 36 end: 83 0.000001 0.000004 0.000013 0.000024 0.000088 0.000211 0.000492 0.001132 0.002264 0.004392 0.007654 0.013213 0.020800 0.030490 0.042612 0.056536 0.070016 0.081987 0.090373 0.094882 0.093301 0.087629 0.076620 0.064106 0.050793 0.037977 0.027004 0.018297 0.011691 0.007019 0.003963 0.002245 0.001135 0.000590 0.000249 0.000106 0.000061 0.000024 0.000005 0.000001 0.000000 0.000000 0.000000 0.000000 0.000000 0.000000 0.000000 0.000000 
t: 0.023076923077 start: 37 end: 84 0.000001 0.000004 0.000005 0.000026 0.000060 0.000184 0.000402 0.000893 0.001829 0.003585 0.006447 0.011087 0.017408 0.026372 0.037514 0.050734 0.063888 0.076541 0.086667 0.092810 0.093606 0.089561 0.080714 0.069253 0.056659 0.044047 0.031999 0.022283 0.014621 0.009064 0.005415 0.003119 0.001663 0.000841 0.000389 0.000161 0.000103 0.000033 0.000009 0.000003 0.000000 0.000000 0.000000 0.000000 0.000000 0.000000 0.000000 0.000000 
t: 0.022222222222 start: 39 end: 88 0.000001 0.000004 0.000026 0.000055 0.000138 0.000335 0.000685 0.001544 0.002860 0.005566 0.009314 0.015054 0.023089 0.033184 0.045508 0.058712 0.071257 0.082179 0.090140 0.093014 0.091167 0.083893 0.073682 0.061782 0.049099 0.036856 0.025961 0.017767 0.011430 0.007048 0.004072 0.002292 0.001208 0.000583 0.000275 0.000122 0.000063 0.000025 0.000006 0.000002 0.000001 0.000001 0.000000 0.000000 0.000000 0.000000 0.000000 0.000000 0.000000 0.000000 
t: 0.021428571428 start: 40 end: 88 0.000001 0.000004 0.000021 0.000053 0.000106 0.000257 0.000587 0.001291 0.002478 0.004712 0.007932 0.013269 0.020181 0.029579 0.041587 0.053646 0.066524 0.078466 0.087258 0.091413 0.091020 0.086211 0.077260 0.066242 0.053639 0.041236 0.030084 0.021025 0.013812 0.008690 0.005259 0.002956 0.001629 0.000815 0.000439 0.000184 0.000073 0.000040 0.000009 0.000008 0.000004 0.000000 0.000000 0.000000 0.000000 0.000000 0.000000 0.000000 0.000000 
t: 0.020689655172 start: 41 end: 90 0.000001 0.000004 0.000017 0.000039 0.000111 0.000213 0.000507 0.001123 0.002148 0.004066 0.007000 0.011731 0.018045 0.026830 0.037752 0.049629 0.062563 0.074540 0.083562 0.090132 0.090718 0.087351 0.080238 0.069672 0.057651 0.045316 0.033887 0.024150 0.016107 0.010520 0.006360 0.003857 0.001985 0.001129 0.000562 0.000277 0.000113 0.000053 0.000020 0.000015 0.000004 0.000002 0.000000 0.000000 0.000000 0.000000 0.000000 0.000000 0.000000 0.000000 
t: 0.020000000000 start: 42 end: 91 0.000003 0.000002 0.000013 0.000041 0.000088 0.000176 0.000467 0.000919 0.001857 0.003601 0.006290 0.010515 0.016437 0.024540 0.034455 0.046298 0.058850 0.070502 0.080932 0.088088 0.090132 0.088063 0.082010 0.072587 0.061289 0.049197 0.036926 0.027031 0.018759 0.012261 0.007735 0.004527 0.002608 0.001433 0.000709 0.000363 0.000169 0.000074 0.000030 0.000017 0.000004 0.000002 0.000000 0.000000 0.000000 0.000000 0.000000 0.000000 0.000000 0.000000 
t: 0.019354838710 start: 43 end: 93 0.000004 0.000005 0.000009 0.000029 0.000085 0.000191 0.000363 0.000821 0.001677 0.003235 0.005619 0.009596 0.015075 0.022470 0.032214 0.043435 0.055536 0.067433 0.078373 0.085003 0.089731 0.088538 0.083067 0.075035 0.064143 0.051873 0.040361 0.030046 0.020976 0.013984 0.008933 0.005423 0.003221 0.001728 0.000921 0.000446 0.000222 0.000117 0.000034 0.000019 0.000004 0.000004 0.000001 0.000000 0.000000 0.000000 0.000000 0.000000 0.000000 0.000000 0.000000 
t: 0.018750000000 start: 44 end: 93 0.000002 0.000004 0.000011 0.000031 0.000073 0.000155 0.000346 0.000778 0.001558 0.002976 0.005276 0.008745 0.013896 0.020822 0.030089 0.040856 0.052899 0.064782 0.075404 0.083612 0.088351 0.088389 0.083849 0.076863 0.066161 0.054999 0.042921 0.032472 0.023139 0.015799 0.010356 0.006315 0.003715 0.002127 0.001146 0.000579 0.000281 0.000143 0.000045 0.000020 0.000009 0.000006 0.000000 0.000000 0.000000 0.000000 0.000000 0.000000 0.000000 0.000000 
t: 0.018181818182 start: 45 end: 96 0.000002 0.000008 0.000013 0.000026 0.000058 0.000151 0.000334 0.000675 0.001467 0.002725 0.004896 0.008293 0.012817 0.019660 0.028233 0.038997 0.050110 0.062674 0.073016 0.082027 0.086955 0.088074 0.084733 0.077911 0.068496 0.056794 0.045585 0.034467 0.025288 0.017204 0.011515 0.007290 0.004333 0.002443 0.001371 0.000720 0.000363 0.000145 0.000085 0.000023 0.000013 0.000008 0.000001 0.000001 0.000000 0.000000 0.000000 0.000000 0.000000 0.000000 0.000000 0.000000 
t: 0.017647058823 start: 46 end: 98 0.000004 0.000007 0.000012 0.000022 0.000050 0.000128 0.000312 0.000711 0.001318 0.002501 0.004691 0.007749 0.012329 0.018684 0.026996 0.037046 0.048530 0.060477 0.071381 0.080194 0.085934 0.087232 0.085216 0.078965 0.069630 0.058732 0.047143 0.036803 0.026789 0.018829 0.012618 0.007940 0.004936 0.002887 0.001572 0.000848 0.000412 0.000210 0.000101 0.000032 0.000012 0.000010 0.000005 0.000001 0.000001 0.000000 0.000000 0.000000 0.000000 0.000000 0.000000 0.000000 0.000000 
t: 0.017142857143 start: 47 end: 99 0.000003 0.000006 0.000011 0.000021 0.000051 0.000134 0.000299 0.000670 0.001234 0.002452 0.004445 0.007496 0.011699 0.018048 0.026154 0.035783 0.046910 0.058819 0.069576 0.078648 0.084765 0.086992 0.084969 0.079189 0.070954 0.060357 0.049084 0.038089 0.028474 0.020028 0.013506 0.008820 0.005424 0.003154 0.001854 0.000949 0.000504 0.000236 0.000108 0.000041 0.000025 0.000009 0.000005 0.000004 0.000001 0.000000 0.000000 0.000000 0.000000 0.000000 0.000000 0.000000 0.000000 
t: 0.016666666667 start: 47 end: 99 0.000002 0.000003 0.000004 0.000004 0.000025 0.000060 0.000132 0.000290 0.000649 0.001277 0.002365 0.004289 0.007123 0.011445 0.017500 0.025436 0.034614 0.046067 0.056806 0.068364 0.077604 0.083734 0.086536 0.085008 0.079658 0.071692 0.061609 0.050226 0.039493 0.029435 0.021007 0.014429 0.009417 0.005996 0.003533 0.002007 0.001071 0.000551 0.000300 0.000141 0.000048 0.000025 0.000012 0.000009 0.000004 0.000000 0.000000 0.000000 0.000000 0.000000 0.000000 0.000000 0.000000 
t: 0.016216216216 start: 48 end: 99 0.000001 0.000000 0.000007 0.000010 0.000021 0.000058 0.000127 0.000310 0.000604 0.001277 0.002401 0.004092 0.007096 0.011191 0.017049 0.024914 0.034581 0.044385 0.056216 0.066862 0.076741 0.083174 0.085759 0.084459 0.079909 0.072364 0.062555 0.051271 0.040397 0.030200 0.022023 0.015241 0.010017 0.006241 0.003842 0.002215 0.001162 0.000634 0.000317 0.000155 0.000068 0.000027 0.000015 0.000011 0.000001 0.000000 0.000000 0.000000 0.000000 0.000000 0.000000 0.000000 
t: 0.015789473684 start: 50 end: 101 0.000002 0.000003 0.000009 0.000027 0.000066 0.000141 0.000284 0.000652 0.001262 0.002317 0.004234 0.007043 0.010971 0.017001 0.024470 0.033681 0.044295 0.055256 0.066175 0.075840 0.082229 0.085026 0.084781 0.080218 0.072476 0.062797 0.052078 0.041059 0.031289 0.022403 0.015837 0.010451 0.006695 0.004008 0.002296 0.001297 0.000693 0.000341 0.000161 0.000075 0.000035 0.000014 0.000009 0.000003 0.000000 0.000000 0.000000 0.000000 0.000000 0.000000 0.000000 0.000000 
t: 0.015384615385 start: 51 end: 102 0.000001 0.000004 0.000010 0.000026 0.000076 0.000139 0.000302 0.000628 0.001238 0.002471 0.004246 0.006972 0.011255 0.016810 0.024206 0.033570 0.043725 0.055246 0.065374 0.075499 0.081475 0.084824 0.084345 0.080197 0.072546 0.062827 0.052627 0.041271 0.031850 0.023078 0.016170 0.010743 0.006815 0.004202 0.002464 0.001341 0.000724 0.000389 0.000168 0.000078 0.000038 0.000021 0.000008 0.000001 0.000000 0.000000 0.000000 0.000000 0.000000 0.000000 0.000000 0.000000 
t: 0.015000000000 start: 52 end: 103 0.000001 0.000002 0.000011 0.000033 0.000081 0.000145 0.000317 0.000667 0.001262 0.002526 0.004224 0.007182 0.011338 0.016711 0.024443 0.033522 0.043759 0.054712 0.065740 0.074883 0.081073 0.083977 0.084134 0.079881 0.072497 0.063180 0.052296 0.042002 0.031979 0.023250 0.016621 0.010915 0.006982 0.004238 0.002472 0.001449 0.000772 0.000377 0.000190 0.000084 0.000036 0.000028 0.000005 0.000003 0.000000 0.000000 0.000000 0.000000 0.000000 0.000000 0.000000 0.000000 
t: 0.014634146341 start: 52 end: 105 0.000001 0.000001 0.000003 0.000011 0.000037 0.000076 0.000176 0.000335 0.000659 0.001340 0.002579 0.004402 0.007319 0.011350 0.017203 0.024698 0.033652 0.043948 0.054977 0.065171 0.074850 0.080472 0.084206 0.083372 0.079292 0.072578 0.062835 0.052501 0.041623 0.032174 0.023509 0.016485 0.011220 0.007114 0.004336 0.002505 0.001422 0.000821 0.000413 0.000164 0.000094 0.000043 0.000023 0.000006 0.000003 0.000000 0.000001 0.000000 0.000000 0.000000 0.000000 0.000000 0.000000 0.000000 
t: 0.014285714286 start: 52 end: 105 0.000001 0.000000 0.000001 0.000003 0.000020 0.000036 0.000074 0.000198 0.000382 0.000695 0.001472 0.002660 0.004591 0.007535 0.011715 0.017565 0.024975 0.033931 0.044653 0.055318 0.065583 0.074197 0.080698 0.083404 0.083333 0.078652 0.072230 0.062263 0.052076 0.041975 0.031773 0.023305 0.016619 0.011023 0.007099 0.004327 0.002576 0.001454 0.000805 0.000418 0.000193 0.000089 0.000047 0.000020 0.000012 0.000003 0.000000 0.000001 0.000000 0.000000 0.000000 0.000000 0.000000 0.000000 
t: 0.013953488372 start: 55 end: 107 0.000002 0.000008 0.000016 0.000034 0.000100 0.000203 0.000371 0.000824 0.001592 0.002797 0.004776 0.007833 0.012109 0.017986 0.025760 0.034841 0.045179 0.055594 0.065807 0.074529 0.080581 0.083379 0.081840 0.078703 0.071589 0.061955 0.051589 0.040943 0.031502 0.023531 0.016098 0.010892 0.007147 0.004306 0.002573 0.001449 0.000797 0.000411 0.000173 0.000098 0.000044 0.000024 0.000008 0.000005 0.000002 0.000000 0.000000 0.000000 0.000000 0.000000 0.000000 0.000000 0.000000 
t: 0.013636363636 start: 56 end: 108 0.000003 0.000006 0.000020 0.000048 0.000101 0.000207 0.000457 0.000905 0.001661 0.003091 0.005071 0.008065 0.012493 0.018788 0.026659 0.035481 0.045851 0.056453 0.066332 0.075182 0.080355 0.082902 0.081646 0.077871 0.070790 0.061245 0.050675 0.040449 0.031232 0.022845 0.015694 0.010692 0.006895 0.004249 0.002615 0.001416 0.000805 0.000379 0.000198 0.000092 0.000045 0.000022 0.000006 0.000006 0.000002 0.000000 0.000000 0.000000 0.000000 0.000000 0.000000 0.000000 0.000000 
t: 0.013333333333 start: 56 end: 109 0.000001 0.000003 0.000010 0.000022 0.000047 0.000108 0.000243 0.000520 0.001020 0.001807 0.003288 0.005511 0.008584 0.013073 0.019425 0.027424 0.036710 0.046770 0.057580 0.067003 0.075285 0.080684 0.082061 0.081474 0.077282 0.069815 0.060209 0.049878 0.039663 0.030494 0.022036 0.015385 0.010363 0.006651 0.004247 0.002403 0.001462 0.000730 0.000385 0.000183 0.000083 0.000036 0.000028 0.000009 0.000004 0.000000 0.000001 0.000000 0.000000 0.000000 0.000000 0.000000 0.000000 0.000000 
t: 0.013043478261 start: 56 end: 110 0.000001 0.000001 0.000004 0.000012 0.000022 0.000048 0.000126 0.000304 0.000573 0.001098 0.002057 0.003548 0.005820 0.009129 0.013965 0.020273 0.028523 0.037604 0.047894 0.058736 0.068050 0.075831 0.080812 0.082043 0.080956 0.075996 0.068755 0.059179 0.048542 0.038684 0.029544 0.021308 0.015094 0.009895 0.006432 0.003976 0.002407 0.001350 0.000701 0.000366 0.000177 0.000092 0.000043 0.000014 0.000012 0.000002 0.000001 0.000000 0.000000 0.000000 0.000000 0.000000 0.000000 0.000000 0.000000 
t: 0.012765957447 start: 57 end: 111 0.000001 0.000004 0.000004 0.000010 0.000029 0.000064 0.000138 0.000341 0.000671 0.001193 0.002206 0.003852 0.006225 0.009965 0.014816 0.021356 0.029547 0.039074 0.049726 0.059602 0.069330 0.076161 0.080985 0.081582 0.080357 0.075134 0.067391 0.057436 0.047490 0.037608 0.028428 0.020701 0.014283 0.009500 0.006177 0.003773 0.002245 0.001267 0.000677 0.000331 0.000172 0.000081 0.000040 0.000015 0.000008 0.000002 0.000002 0.000000 0.000000 0.000000 0.000000 0.000000 0.000000 0.000000 0.000000 
t: 0.012500000000 start: 57 end: 112 0.000001 0.000001 0.000004 0.000004 0.000015 0.000036 0.000075 0.000178 0.000378 0.000729 0.001301 0.002548 0.004153 0.006856 0.010694 0.015797 0.022616 0.031162 0.040692 0.050923 0.061204 0.069934 0.077033 0.080603 0.081924 0.079632 0.073987 0.065601 0.055971 0.046071 0.036212 0.027434 0.019632 0.013604 0.009132 0.005804 0.003555 0.002109 0.001175 0.000606 0.000313 0.000165 0.000066 0.000046 0.000015 0.000004 0.000004 0.000001 0.000000 0.000000 0.000000 0.000000 0.000000 0.000000 0.000000 0.000000 
t: 0.012244897959 start: 57 end: 111 0.000001 0.000000 0.000004 0.000003 0.000008 0.000019 0.000039 0.000084 0.000219 0.000439 0.000817 0.001505 0.002812 0.004593 0.007588 0.011428 0.017071 0.024208 0.032338 0.042459 0.053147 0.062153 0.071060 0.077417 0.081621 0.081221 0.078255 0.072859 0.064043 0.054639 0.044285 0.034586 0.025895 0.018793 0.012968 0.008424 0.005539 0.003339 0.001899 0.001081 0.000579 0.000294 0.000147 0.000072 0.000028 0.000014 0.000003 0.000004 0.000000 0.000000 0.000000 0.000000 0.000000 0.000000 0.000000 
t: 0.012000000000 start: 57 end: 112 0.000001 0.000000 0.000002 0.000001 0.000003 0.000014 0.000024 0.000053 0.000093 0.000258 0.000504 0.000938 0.001774 0.003050 0.005160 0.008286 0.012458 0.018460 0.025560 0.034413 0.044321 0.054705 0.063932 0.072348 0.078070 0.081358 0.080890 0.077336 0.071301 0.062354 0.052465 0.042697 0.032901 0.024612 0.017767 0.012026 0.008021 0.005085 0.003023 0.001717 0.000964 0.000535 0.000292 0.000126 0.000060 0.000023 0.000013 0.000005 0.000000 0.000001 0.000000 0.000000 0.000000 0.000000 0.000000 0.000000 
t: 0.011764705882 start: 59 end: 114 0.000001 0.000002 0.000002 0.000006 0.000023 0.000019 0.000062 0.000121 0.000289 0.000585 0.001128 0.001991 0.003460 0.005727 0.009029 0.013909 0.019619 0.027305 0.036599 0.046505 0.056292 0.065650 0.073277 0.078993 0.081482 0.080470 0.076073 0.069340 0.060319 0.050454 0.040752 0.031514 0.023044 0.016462 0.011395 0.007370 0.004580 0.002743 0.001563 0.000879 0.000505 0.000239 0.000115 0.000068 0.000028 0.000006 0.000004 0.000001 0.000000 0.000000 0.000000 0.000000 0.000000 0.000000 0.000000 0.000000 
t: 0.011538461538 start: 61 end: 115 0.000003 0.000004 0.000012 0.000019 0.000024 0.000081 0.000176 0.000312 0.000687 0.001308 0.002326 0.003947 0.006390 0.010009 0.014953 0.021257 0.029486 0.038596 0.048763 0.058366 0.067114 0.074886 0.079567 0.081167 0.079613 0.075023 0.067098 0.058090 0.048524 0.038782 0.029461 0.021668 0.015364 0.010559 0.006810 0.004057 0.002443 0.001429 0.000781 0.000447 0.000197 0.000118 0.000048 0.000019 0.000012 0.000003 0.000001 0.000000 0.000000 0.000000 0.000000 0.000000 0.000000 0.000000 0.000000 
t: 0.011320754717 start: 62 end: 115 0.000002 0.000006 0.000012 0.000022 0.000042 0.000093 0.000205 0.000407 0.000828 0.001492 0.002671 0.004447 0.007239 0.011117 0.016467 0.023161 0.031337 0.041219 0.050832 0.060275 0.069383 0.075565 0.080272 0.081220 0.078558 0.073212 0.064798 0.056047 0.046184 0.036598 0.027338 0.020387 0.014368 0.009468 0.006093 0.003755 0.002205 0.001253 0.000696 0.000363 0.000195 0.000093 0.000042 0.000022 0.000006 0.000005 0.000000 0.000000 0.000000 0.000000 0.000000 0.000000 0.000000 0.000000 
t: 0.011111111111 start: 62 end: 116 0.000001 0.000003 0.000006 0.000010 0.000025 0.000051 0.000111 0.000250 0.000516 0.000991 0.001782 0.003040 0.005183 0.008123 0.012408 0.017866 0.025222 0.033922 0.043404 0.052877 0.062897 0.070701 0.077126 0.080233 0.080893 0.077713 0.070787 0.063159 0.053236 0.043884 0.034079 0.025888 0.018836 0.013080 0.008560 0.005470 0.003315 0.002028 0.001106 0.000562 0.000339 0.000172 0.000085 0.000043 0.000010 0.000005 0.000002 0.000000 0.000000 0.000000 0.000000 0.000000 0.000000 0.000000 0.000000 
t: 0.010909090909 start: 62 end: 117 0.000001 0.000002 0.000003 0.000006 0.000009 0.000025 0.000068 0.000149 0.000304 0.000635 0.001157 0.002175 0.003563 0.005860 0.009150 0.013826 0.019729 0.027462 0.036302 0.045799 0.055988 0.064410 0.072934 0.077902 0.080396 0.080458 0.075818 0.069217 0.060289 0.050977 0.040990 0.031930 0.023975 0.017389 0.011665 0.007823 0.004888 0.002990 0.001740 0.000947 0.000497 0.000287 0.000146 0.000075 0.000026 0.000010 0.000006 0.000002 0.000000 0.000000 0.000000 0.000000 0.000000 0.000000 0.000000 0.000000 
t: 0.010714285714 start: 63 end: 118 0.000002 0.000001 0.000005 0.000006 0.000011 0.000043 0.000079 0.000199 0.000393 0.000741 0.001438 0.002465 0.004157 0.006667 0.010390 0.015565 0.021790 0.029671 0.038542 0.048808 0.058569 0.067373 0.073688 0.078839 0.080838 0.078944 0.074448 0.066685 0.057930 0.047896 0.038467 0.029839 0.022081 0.015729 0.010773 0.006806 0.004314 0.002546 0.001561 0.000791 0.000457 0.000241 0.000120 0.000060 0.000014 0.000015 0.000001 0.000002 0.000000 0.000000 0.000000 0.000000 0.000000 0.000000 0.000000 0.000000 
t: 0.010526315789 start: 64 end: 118 0.000002 0.000000 0.000007 0.000008 0.000025 0.000053 0.000102 0.000258 0.000472 0.000923 0.001780 0.002890 0.004784 0.007698 0.011628 0.017353 0.024164 0.031925 0.041686 0.051572 0.060812 0.069354 0.075768 0.079616 0.080155 0.077967 0.072244 0.064283 0.055333 0.044975 0.036005 0.027525 0.020181 0.014201 0.009524 0.005983 0.003741 0.002257 0.001278 0.000716 0.000385 0.000201 0.000099 0.000033 0.000026 0.000005 0.000002 0.000000 0.000001 0.000000 0.000000 0.000000 0.000000 0.000000 0.000000 
t: 0.010344827586 start: 64 end: 119 0.000002 0.000000 0.000004 0.000004 0.000017 0.000027 0.000067 0.000154 0.000317 0.000576 0.001216 0.002043 0.003411 0.005591 0.008769 0.013297 0.019246 0.026594 0.034892 0.044511 0.054008 0.063615 0.071700 0.077334 0.079641 0.079980 0.076127 0.070207 0.061572 0.051903 0.042561 0.033304 0.025348 0.018194 0.012668 0.008328 0.005250 0.003271 0.001947 0.001080 0.000610 0.000320 0.000161 0.000069 0.000042 0.000017 0.000002 0.000001 0.000002 0.000000 0.000000 0.000000 0.000000 0.000000 0.000000 0.000000 
t: 0.010169491525 start: 64 end: 121 0.000001 0.000001 0.000002 0.000003 0.000007 0.000014 0.000043 0.000097 0.000186 0.000380 0.000805 0.001429 0.002351 0.004129 0.006479 0.010169 0.015086 0.021429 0.028949 0.038157 0.047337 0.057188 0.066168 0.073736 0.078012 0.080317 0.078636 0.074945 0.067161 0.058678 0.049007 0.039602 0.030637 0.023020 0.016412 0.011248 0.007199 0.004552 0.002857 0.001661 0.000917 0.000504 0.000246 0.000132 0.000059 0.000035 0.000011 0.000001 0.000002 0.000003 0.000000 0.000000 0.000000 0.000000 0.000000 0.000000 0.000000 0.000000 
t: 0.010000000000 start: 65 end: 121 0.000001 0.000001 0.000001 0.000007 0.000009 0.000030 0.000069 0.000116 0.000223 0.000521 0.000994 0.001699 0.002936 0.004752 0.007734 0.011481 0.017019 0.023706 0.031947 0.040917 0.051202 0.060123 0.068690 0.075005 0.079171 0.080065 0.077799 0.072527 0.064119 0.055522 0.046283 0.036515 0.028225 0.020493 0.014741 0.009757 0.006248 0.003969 0.002453 0.001359 0.000776 0.000412 0.000198 0.000099 0.000049 0.000020 0.000010 0.000003 0.000004 0.000000 0.000000 0.000000 0.000000 0.000000 0.000000 0.000000 0.000000 
t: 0.008448275866 start: 72 end: 129 0.000001 0.000002 0.000001 0.000010 0.000020 0.000043 0.000097 0.000219 0.000367 0.000694 0.001315 0.002312 0.003583 0.005994 0.009269 0.013577 0.019312 0.026766 0.035139 0.044293 0.053578 0.062746 0.070297 0.076218 0.078608 0.078686 0.075437 0.069705 0.062025 0.052881 0.042989 0.033806 0.025477 0.018789 0.013034 0.008962 0.005684 0.003514 0.002155 0.001145 0.000628 0.000303 0.000165 0.000080 0.000039 0.000018 0.000012 0.000003 0.000000 0.000000 0.000001 0.000001 0.000000 0.000000 0.000000 0.000000 0.000000 0.000000 
t: 0.007313432839 start: 77 end: 134 0.000002 0.000003 0.000005 0.000010 0.000016 0.000040 0.000069 0.000153 0.000296 0.000530 0.000972 0.001835 0.002856 0.004839 0.007543 0.011075 0.016450 0.022876 0.029865 0.039428 0.048211 0.057909 0.066226 0.072597 0.077513 0.078838 0.077468 0.073203 0.066146 0.057852 0.048313 0.039198 0.030030 0.022390 0.016137 0.011193 0.007276 0.004577 0.002672 0.001594 0.000883 0.000483 0.000221 0.000109 0.000059 0.000023 0.000010 0.000001 0.000004 0.000001 0.000000 0.000000 0.000000 0.000000 0.000000 0.000000 0.000000 0.000000 
t: 0.006447368423 start: 79 end: 135 0.000001 0.000000 0.000000 0.000000 0.000003 0.000007 0.000004 0.000019 0.000047 0.000100 0.000199 0.000341 0.000648 0.001167 0.002035 0.003526 0.005481 0.008612 0.012668 0.018231 0.024997 0.033029 0.041974 0.051343 0.060609 0.068321 0.074620 0.078327 0.078833 0.076542 0.071383 0.064149 0.054846 0.045420 0.036126 0.027503 0.020155 0.014109 0.009540 0.006296 0.003884 0.002228 0.001230 0.000696 0.000376 0.000205 0.000101 0.000037 0.000024 0.000003 0.000003 0.000002 0.000000 0.000000 0.000000 0.000000 0.000000 
t: 0.005764705884 start: 87 end: 141 0.000002 0.000006 0.000017 0.000018 0.000038 0.000082 0.000180 0.000350 0.000667 0.001128 0.001968 0.003426 0.005517 0.008423 0.012402 0.018061 0.024829 0.032527 0.041611 0.051419 0.060772 0.068737 0.075000 0.078514 0.079311 0.076829 0.071777 0.064296 0.054973 0.045842 0.035981 0.027455 0.020023 0.014005 0.009359 0.006020 0.003722 0.002169 0.001221 0.000687 0.000326 0.000172 0.000072 0.000043 0.000019 0.000003 0.000000 0.000000 0.000001 0.000000 0.000000 0.000000 0.000000 0.000000 0.000000 
t: 0.005212765959 start: 90 end: 144 0.000001 0.000005 0.000005 0.000012 0.000026 0.000054 0.000109 0.000247 0.000480 0.000872 0.001548 0.002505 0.004306 0.006824 0.010223 0.015027 0.021181 0.028774 0.037452 0.046602 0.056410 0.065005 0.072471 0.078189 0.079723 0.079181 0.074467 0.068651 0.059933 0.050523 0.040232 0.031035 0.023010 0.016510 0.011204 0.007097 0.004392 0.002637 0.001509 0.000811 0.000390 0.000206 0.000095 0.000042 0.000020 0.000003 0.000001 0.000000 0.000000 0.000000 0.000000 0.000000 0.000000 0.000000 0.000000 
t: 0.004757281555 start: 92 end: 146 0.000001 0.000001 0.000001 0.000003 0.000019 0.000022 0.000051 0.000097 0.000251 0.000421 0.000807 0.001429 0.002494 0.004004 0.006468 0.009933 0.014474 0.020778 0.027978 0.037133 0.046020 0.056073 0.065261 0.073038 0.078564 0.080540 0.079610 0.075790 0.069151 0.060471 0.050818 0.040587 0.031108 0.023138 0.016218 0.010841 0.006907 0.004314 0.002467 0.001341 0.000681 0.000362 0.000199 0.000087 0.000027 0.000014 0.000008 0.000000 0.000000 0.000000 0.000000 0.000000 0.000000 0.000000 0.000000 
t: 0.004375000001 start: 95 end: 149 0.000001 0.000001 0.000003 0.000006 0.000012 0.000021 0.000072 0.000134 0.000233 0.000529 0.000920 0.001612 0.002772 0.004598 0.007209 0.011061 0.015844 0.022679 0.030640 0.039851 0.049277 0.059287 0.068658 0.075799 0.079923 0.081835 0.079651 0.074880 0.066720 0.057485 0.047233 0.037136 0.028147 0.020194 0.013812 0.008984 0.005719 0.003217 0.001866 0.000994 0.000528 0.000253 0.000121 0.000059 0.000015 0.000005 0.000004 0.000000 0.000000 0.000000 0.000000 0.000000 0.000000 0.000000 0.000000 
t: 0.004049586778 start: 98 end: 151 0.000002 0.000003 0.000003 0.000007 0.000017 0.000040 0.000079 0.000201 0.000369 0.000690 0.001276 0.002220 0.003594 0.005940 0.009197 0.013554 0.019725 0.027028 0.036003 0.045915 0.055770 0.065497 0.073772 0.079584 0.082613 0.081847 0.077738 0.070402 0.061552 0.050891 0.040950 0.030857 0.022512 0.015481 0.010203 0.006414 0.003708 0.002104 0.001096 0.000625 0.000289 0.000145 0.000063 0.000014 0.000006 0.000004 0.000000 0.000000 0.000000 0.000000 0.000000 0.000000 0.000000 0.000000 
t: 0.003769230770 start: 99 end: 153 0.000001 0.000000 0.000002 0.000006 0.000003 0.000011 0.000032 0.000079 0.000162 0.000318 0.000605 0.001070 0.001879 0.003328 0.005408 0.008494 0.012728 0.018703 0.025577 0.034450 0.044673 0.054781 0.064763 0.073347 0.079689 0.083002 0.083009 0.078922 0.072796 0.063090 0.052334 0.041823 0.031567 0.022872 0.015859 0.010360 0.006339 0.003697 0.002095 0.001082 0.000583 0.000257 0.000132 0.000052 0.000012 0.000006 0.000001 0.000001 0.000000 0.000000 0.000000 0.000000 0.000000 0.000000 0.000000 
t: 0.003525179857 start: 101 end: 154 0.000001 0.000001 0.000001 0.000003 0.000005 0.000014 0.000036 0.000080 0.000137 0.000333 0.000556 0.001016 0.001895 0.003317 0.005411 0.008612 0.013019 0.018742 0.026145 0.035015 0.045131 0.055811 0.066054 0.074616 0.080916 0.084640 0.083468 0.079652 0.072420 0.062470 0.051474 0.040640 0.030199 0.021767 0.014543 0.009335 0.005720 0.003300 0.001798 0.000914 0.000441 0.000199 0.000107 0.000030 0.000015 0.000001 0.000000 0.000000 0.000000 0.000000 0.000000 0.000000 0.000000 0.000000 
t: 0.003310810811 start: 104 end: 154 0.000002 0.000000 0.000002 0.000007 0.000019 0.000047 0.000077 0.000182 0.000303 0.000629 0.001203 0.002047 0.003579 0.005953 0.009300 0.014251 0.020111 0.028228 0.037411 0.047409 0.058934 0.069327 0.077198 0.083778 0.085310 0.084035 0.079019 0.070548 0.059560 0.048261 0.037096 0.027389 0.019054 0.012452 0.007672 0.004591 0.002535 0.001322 0.000650 0.000305 0.000130 0.000052 0.000019 0.000003 0.000000 0.000000 0.000000 0.000000 0.000000 0.000000 0.000000 
t: 0.003121019109 start: 105 end: 157 0.000002 0.000000 0.000002 0.000001 0.000009 0.000025 0.000042 0.000097 0.000193 0.000442 0.000768 0.001372 0.002539 0.004240 0.007025 0.010940 0.016016 0.022998 0.031798 0.041505 0.052426 0.064219 0.073430 0.081030 0.085696 0.086359 0.083277 0.076153 0.066486 0.054933 0.043151 0.032431 0.022961 0.015371 0.009710 0.005812 0.003304 0.001720 0.000851 0.000372 0.000197 0.000068 0.000018 0.000008 0.000002 0.000001 0.000000 0.000000 0.000000 0.000000 0.000000 0.000000 0.000000 
t: 0.002951807229 start: 107 end: 158 0.000001 0.000001 0.000003 0.000003 0.000011 0.000029 0.000049 0.000132 0.000310 0.000571 0.000993 0.001897 0.003255 0.005518 0.008549 0.013222 0.019350 0.027538 0.036822 0.048088 0.059063 0.069931 0.079092 0.085041 0.087386 0.086354 0.080479 0.070927 0.060226 0.048262 0.036430 0.026451 0.018013 0.011330 0.006836 0.003896 0.002048 0.001100 0.000462 0.000206 0.000078 0.000031 0.000011 0.000005 0.000000 0.000000 0.000000 0.000000 0.000000 0.000000 0.000000 0.000000 
t: 0.002800000000 start: 108 end: 158 0.000001 0.000000 0.000002 0.000004 0.000007 0.000019 0.000041 0.000086 0.000236 0.000389 0.000762 0.001448 0.002557 0.004448 0.007258 0.011218 0.017121 0.024147 0.033532 0.044112 0.055718 0.067156 0.077271 0.084523 0.088415 0.088043 0.083539 0.075043 0.064241 0.051215 0.039643 0.028909 0.020026 0.012429 0.007658 0.004415 0.002355 0.001125 0.000521 0.000222 0.000087 0.000042 0.000013 0.000003 0.000000 0.000000 0.000000 0.000000 0.000000 0.000000 0.000000 
t: 0.002663043479 start: 109 end: 159 0.000001 0.000000 0.000001 0.000003 0.000004 0.000015 0.000021 0.000079 0.000159 0.000337 0.000632 0.001187 0.002129 0.003731 0.006260 0.010016 0.015176 0.022068 0.031408 0.041593 0.053389 0.064849 0.075824 0.084505 0.089178 0.089862 0.085259 0.077608 0.066334 0.054595 0.041732 0.030603 0.020937 0.013232 0.008222 0.004553 0.002439 0.001164 0.000531 0.000214 0.000093 0.000043 0.000012 0.000002 0.000000 0.000000 0.000000 0.000000 0.000000 0.000000 0.000000 
t: 0.002538860104 start: 110 end: 159 0.000001 0.000000 0.000000 0.000001 0.000005 0.000008 0.000024 0.000064 0.000142 0.000273 0.000560 0.001041 0.001841 0.003306 0.005608 0.009359 0.013830 0.021047 0.029686 0.040094 0.051861 0.064236 0.075125 0.084510 0.089948 0.090702 0.087416 0.079237 0.068375 0.055775 0.042844 0.031328 0.021042 0.013681 0.008238 0.004463 0.002368 0.001123 0.000495 0.000213 0.000092 0.000027 0.000009 0.000002 0.000000 0.000000 0.000000 0.000000 0.000000 0.000000 
t: 0.002425742574 start: 112 end: 160 0.000001 0.000000 0.000000 0.000004 0.000003 0.000028 0.000058 0.000113 0.000245 0.000545 0.000909 0.001670 0.003154 0.005252 0.008735 0.013586 0.020356 0.028788 0.039607 0.051452 0.064165 0.075451 0.084729 0.091068 0.091994 0.088090 0.080431 0.069474 0.055772 0.042978 0.031192 0.020933 0.013262 0.007753 0.004330 0.002171 0.000975 0.000453 0.000169 0.000073 0.000024 0.000006 0.000001 0.000000 0.000000 0.000000 0.000000 0.000000 0.000000 
t: 0.002322274882 start: 115 end: 162 0.000002 0.000001 0.000007 0.000020 0.000054 0.000108 0.000251 0.000485 0.000889 0.001636 0.003022 0.005252 0.008490 0.013571 0.020288 0.028891 0.039618 0.052247 0.064626 0.076244 0.086437 0.091882 0.092370 0.089657 0.080422 0.068993 0.055613 0.042002 0.030127 0.019997 0.012545 0.007039 0.003912 0.001906 0.000806 0.000372 0.000141 0.000059 0.000012 0.000003 0.000003 0.000000 0.000000 0.000000 0.000000 0.000000 0.000000 0.000000 
t: 0.002227272727 start: 116 end: 162 0.000001 0.000001 0.000005 0.000017 0.000048 0.000123 0.000253 0.000453 0.000881 0.001609 0.003053 0.005295 0.008743 0.013696 0.020625 0.029683 0.041062 0.053277 0.066174 0.078410 0.087699 0.093379 0.094080 0.089079 0.079823 0.067988 0.053920 0.040351 0.028191 0.018545 0.011252 0.006349 0.003283 0.001591 0.000640 0.000265 0.000111 0.000032 0.000008 0.000004 0.000001 0.000000 0.000000 0.000000 0.000000 0.000000 0.000000 
t: 0.002139737991 start: 117 end: 162 0.000002 0.000000 0.000007 0.000020 0.000042 0.000117 0.000253 0.000496 0.000911 0.001740 0.003109 0.005473 0.009142 0.014388 0.021708 0.031328 0.042713 0.055420 0.068350 0.080984 0.089892 0.094937 0.094616 0.088811 0.078493 0.065447 0.051776 0.037774 0.025905 0.016424 0.009673 0.005376 0.002694 0.001211 0.000476 0.000181 0.000083 0.000020 0.000005 0.000003 0.000000 0.000000 0.000000 0.000000 0.000000 0.000000 
t: 0.002058823530 start: 118 end: 162 0.000001 0.000002 0.000007 0.000019 0.000053 0.000122 0.000282 0.000520 0.001004 0.001874 0.003372 0.005930 0.009785 0.015488 0.023235 0.033412 0.045051 0.058372 0.072077 0.083282 0.092887 0.096377 0.094785 0.087350 0.076343 0.063119 0.047826 0.034529 0.022788 0.014237 0.008143 0.004221 0.002075 0.000888 0.000336 0.000148 0.000042 0.000011 0.000006 0.000001 0.000000 0.000000 0.000000 0.000000 0.000000 
t: 0.001983805668 start: 119 end: 162 0.000001 0.000000 0.000013 0.000016 0.000060 0.000136 0.000309 0.000574 0.001128 0.002118 0.003695 0.006686 0.010800 0.016925 0.025447 0.035848 0.048466 0.062316 0.075909 0.087222 0.095189 0.097216 0.094256 0.085625 0.073414 0.058951 0.043870 0.030205 0.019705 0.011803 0.006451 0.003235 0.001483 0.000574 0.000244 0.000076 0.000025 0.000008 0.000001 0.000000 0.000000 0.000000 0.000000 0.000000 
t: 0.001914062500 start: 120 end: 162 0.000001 0.000004 0.000010 0.000029 0.000065 0.000153 0.000346 0.000685 0.001325 0.002355 0.004368 0.007566 0.011980 0.019016 0.028124 0.039586 0.052320 0.067034 0.080068 0.091174 0.097688 0.097986 0.093037 0.082700 0.069214 0.053830 0.038762 0.026200 0.016334 0.009285 0.004852 0.002357 0.000972 0.000381 0.000133 0.000040 0.000017 0.000003 0.000000 0.000000 0.000000 0.000000 0.000000 
t: 0.001849056604 start: 121 end: 162 0.000002 0.000006 0.000010 0.000043 0.000067 0.000192 0.000405 0.000796 0.001512 0.002842 0.005224 0.008635 0.013841 0.021528 0.031435 0.043916 0.057612 0.071880 0.085278 0.095106 0.099216 0.098356 0.090624 0.078676 0.063664 0.047880 0.033495 0.021852 0.012893 0.007072 0.003405 0.001587 0.000620 0.000234 0.000066 0.000024 0.000005 0.000001 0.000000 0.000000 0.000000 0.000000 
t: 0.001788321168 start: 122 end: 162 0.000002 0.000003 0.000022 0.000040 0.000101 0.000241 0.000490 0.000936 0.001865 0.003510 0.006024 0.010150 0.016185 0.024841 0.035842 0.048785 0.063699 0.077864 0.089799 0.098484 0.100955 0.096752 0.087157 0.073089 0.057207 0.041755 0.028094 0.017348 0.009869 0.005072 0.002305 0.000971 0.000369 0.000131 0.000031 0.000011 0.000000 0.000001 0.000000 0.000000 0.000000 
t: 0.001731448763 start: 122 end: 162 0.000002 0.000001 0.000003 0.000027 0.000043 0.000141 0.000324 0.000578 0.001240 0.002377 0.004183 0.007349 0.012077 0.019218 0.028823 0.040794 0.055148 0.069874 0.084243 0.095198 0.101272 0.100581 0.093894 0.082189 0.066468 0.050385 0.035214 0.022593 0.012886 0.007171 0.003404 0.001472 0.000554 0.000207 0.000049 0.000015 0.000002 0.000001 0.000000 0.000000 0.000000 
t: 0.001678082192 start: 123 end: 162 0.000001 0.000003 0.000013 0.000023 0.000087 0.000189 0.000375 0.000786 0.001598 0.003017 0.005128 0.009079 0.014638 0.023001 0.033453 0.046917 0.062112 0.077138 0.090264 0.099675 0.102988 0.099105 0.089792 0.075565 0.058962 0.042855 0.028361 0.017063 0.009589 0.004785 0.002203 0.000836 0.000293 0.000080 0.000021 0.000004 0.000001 0.000000 0.000000 0.000000 
t: 0.001627906977 start: 123 end: 162 0.000001 0.000002 0.000006 0.000013 0.000047 0.000105 0.000231 0.000504 0.001048 0.002041 0.003793 0.006686 0.011173 0.018124 0.027215 0.039623 0.053909 0.069685 0.084364 0.096085 0.103415 0.102788 0.096102 0.083921 0.067954 0.050557 0.034815 0.021841 0.012588 0.006408 0.003110 0.001230 0.000441 0.000135 0.000027 0.000010 0.000002 0.000001 0.000000 0.000000 
t: 0.001580645161 start: 124 end: 162 0.000001 0.000002 0.000009 0.000030 0.000049 0.000134 0.000347 0.000676 0.001361 0.002753 0.004881 0.008390 0.014282 0.021953 0.032972 0.046389 0.061887 0.077819 0.091418 0.101800 0.104842 0.101189 0.091073 0.076610 0.058681 0.041763 0.027090 0.016137 0.008596 0.004149 0.001819 0.000626 0.000201 0.000054 0.000009 0.000007 0.000001 0.000000 0.000000 
t: 0.001536050157 start: 125 end: 162 0.000001 0.000005 0.000020 0.000026 0.000069 0.000229 0.000446 0.000955 0.001837 0.003601 0.006427 0.010930 0.017755 0.027141 0.039747 0.054326 0.070614 0.085841 0.098659 0.105268 0.104560 0.097607 0.084117 0.067110 0.049193 0.032719 0.020197 0.011202 0.005623 0.002459 0.000908 0.000293 0.000087 0.000017 0.000008 0.000003 0.000000 0.000000 
t: 0.001493902439 start: 126 end: 162 0.000001 0.000012 0.000019 0.000041 0.000121 0.000322 0.000613 0.001307 0.002631 0.004811 0.008442 0.014080 0.022410 0.033430 0.047474 0.063214 0.080056 0.094013 0.104336 0.106407 0.102410 0.091321 0.075035 0.056751 0.039305 0.024607 0.014310 0.007293 0.003343 0.001307 0.000417 0.000125 0.000023 0.000010 0.000003 0.000000 0.000000 
t: 0.001454005935 start: 126 end: 162 0.000001 0.000008 0.000008 0.000031 0.000070 0.000199 0.000457 0.000899 0.001907 0.003462 0.006501 0.011149 0.018283 0.028027 0.041309 0.056079 0.073737 0.088611 0.101410 0.107356 0.106194 0.097475 0.082746 0.064248 0.046022 0.029678 0.017650 0.009482 0.004378 0.001782 0.000608 0.000179 0.000040 0.000010 0.000004 0.000000 0.000000 
t: 0.001416184971 start: 127 end: 162 0.000008 0.000003 0.000023 0.000040 0.000118 0.000320 0.000618 0.001414 0.002597 0.004907 0.008872 0.014733 0.023234 0.035484 0.049565 0.067065 0.082913 0.097728 0.106923 0.108735 0.102102 0.090139 0.071787 0.052767 0.035301 0.021570 0.011771 0.005655 0.002420 0.000850 0.000258 0.000061 0.000014 0.000005 0.000000 0.000000 
t: 0.001380281690 start: 127 end: 162 0.000003 0.000004 0.000010 0.000029 0.000068 0.000226 0.000440 0.000999 0.001954 0.003739 0.006911 0.011966 0.019221 0.030071 0.043633 0.059960 0.077499 0.093266 0.104614 0.110259 0.106120 0.096448 0.079089 0.060150 0.041127 0.025728 0.014521 0.007180 0.003122 0.001173 0.000359 0.000088 0.000018 0.000005 0.000000 0.000000 
t: 0.001346153846 start: 127 end: 162 0.000002 0.000004 0.000007 0.000021 0.000041 0.000161 0.000290 0.000734 0.001407 0.002847 0.005407 0.009567 0.016068 0.025189 0.038224 0.053736 0.071137 0.088360 0.101694 0.110294 0.109111 0.101862 0.086031 0.067362 0.047234 0.030467 0.017537 0.009011 0.004032 0.001524 0.000487 0.000108 0.000039 0.000005 0.000000 0.000000 
t: 0.001313672922 start: 127 end: 162 0.000001 0.000002 0.000007 0.000012 0.000026 0.000095 0.000212 0.000527 0.001091 0.002140 0.004198 0.007577 0.013322 0.021280 0.032922 0.047887 0.064824 0.082983 0.098001 0.109348 0.111414 0.106355 0.092040 0.074607 0.053873 0.035331 0.020906 0.011093 0.005063 0.002021 0.000636 0.000151 0.000047 0.000008 0.000000 0.000000 
t: 0.001282722513 start: 128 end: 162 0.000001 0.000004 0.000011 0.000021 0.000056 0.000136 0.000394 0.000826 0.001619 0.003279 0.005977 0.010928 0.017938 0.028320 0.042238 0.058956 0.077075 0.093985 0.107146 0.112549 0.109973 0.098159 0.081177 0.060302 0.040856 0.024702 0.013298 0.006325 0.002621 0.000833 0.000230 0.000050 0.000015 0.000000 0.000000 
t: 0.001253196931 start: 129 end: 162 0.000002 0.000007 0.000015 0.000040 0.000101 0.000291 0.000591 0.001232 0.002487 0.004812 0.008858 0.015036 0.024173 0.037221 0.053302 0.071358 0.089413 0.104370 0.112426 0.112870 0.103304 0.087621 0.066779 0.046341 0.028990 0.015735 0.007828 0.003291 0.001119 0.000298 0.000068 0.000019 0.000002 0.000000 
t: 0.001225000000 start: 129 end: 162 0.000001 0.000006 0.000008 0.000027 0.000071 0.000191 0.000470 0.000925 0.001939 0.003803 0.007232 0.012527 0.020657 0.032451 0.047997 0.065385 0.084739 0.100948 0.111192 0.115009 0.108239 0.093154 0.073350 0.052263 0.033304 0.018681 0.009392 0.004085 0.001448 0.000389 0.000093 0.000021 0.000003 0.000000 
t: 0.001198044010 start: 129 end: 162 0.000001 0.000004 0.000005 0.000024 0.000037 0.000147 0.000343 0.000726 0.001516 0.002956 0.005906 0.010508 0.017458 0.028232 0.042918 0.060006 0.079380 0.096742 0.109713 0.116149 0.111926 0.098820 0.079766 0.058213 0.038003 0.021825 0.011180 0.004971 0.001861 0.000493 0.000140 0.000028 0.000003 0.000000 
t: 0.001172248804 start: 130 end: 162 0.000005 0.000002 0.000013 0.000026 0.000089 0.000270 0.000555 0.001158 0.002328 0.004775 0.008835 0.014932 0.024429 0.038074 0.054824 0.074094 0.092285 0.107561 0.116047 0.114905 0.104308 0.085698 0.064218 0.042915 0.025273 0.013243 0.005950 0.002344 0.000635 0.000166 0.000038 0.000005 0.000000 
t: 0.001147540984 start: 130 end: 162 0.000004 0.000001 0.000008 0.000017 0.000064 0.000182 0.000426 0.000905 0.001867 0.003848 0.007311 0.012758 0.021174 0.033702 0.049782 0.068540 0.088243 0.104662 0.115574 0.116953 0.108623 0.091648 0.069947 0.048251 0.029018 0.015454 0.007097 0.002855 0.000829 0.000209 0.000041 0.000007 0.000000 
t: 0.001123853211 start: 130 end: 162 0.000001 0.000004 0.000004 0.000017 0.000045 0.000128 0.000327 0.000708 0.001469 0.003121 0.006049 0.010852 0.018227 0.029852 0.044895 0.063295 0.083630 0.101414 0.114306 0.118297 0.112453 0.097491 0.075818 0.053370 0.033013 0.017906 0.008477 0.003467 0.001024 0.000275 0.000057 0.000008 0.000000 
t: 0.001101123596 start: 130 end: 162 0.000001 0.000003 0.000000 0.000014 0.000026 0.000102 0.000235 0.000550 0.001221 0.002418 0.004942 0.009307 0.015721 0.026237 0.040454 0.058214 0.078580 0.098054 0.112364 0.119274 0.115927 0.102361 0.081430 0.058885 0.037165 0.020623 0.010039 0.004149 0.001276 0.000338 0.000080 0.000010 0.000000 
t: 0.001079295154 start: 130 end: 162 0.000001 0.000002 0.000001 0.000009 0.000022 0.000063 0.000191 0.000412 0.000946 0.002000 0.004016 0.007854 0.013613 0.023065 0.036468 0.053354 0.073425 0.094018 0.110288 0.119542 0.118417 0.107226 0.087043 0.064095 0.041621 0.023562 0.011711 0.004939 0.001574 0.000414 0.000096 0.000012 0.000000 
t: 0.001058315335 start: 130 end: 162 0.000001 0.000001 0.000001 0.000007 0.000015 0.000049 0.000139 0.000332 0.000730 0.001620 0.003325 0.006497 0.011769 0.020197 0.032838 0.048732 0.068468 0.089734 0.107606 0.118982 0.120711 0.111420 0.092652 0.069433 0.046254 0.026536 0.013544 0.005826 0.001936 0.000516 0.000112 0.000017 0.000000 
t: 0.001038135593 start: 131 end: 162 0.000001 0.000002 0.000007 0.000010 0.000036 0.000104 0.000269 0.000559 0.001332 0.002737 0.005437 0.010073 0.017684 0.029468 0.044541 0.063682 0.085376 0.104462 0.117862 0.122221 0.115230 0.097799 0.074827 0.051046 0.029836 0.015547 0.006699 0.002335 0.000658 0.000139 0.000021 0.000000 
t: 0.001018711019 start: 131 end: 162 0.000001 0.000002 0.000004 0.000008 0.000030 0.000078 0.000195 0.000453 0.001085 0.002216 0.004641 0.008615 0.015417 0.026193 0.040643 0.059353 0.080593 0.101201 0.116381 0.122972 0.118306 0.103077 0.080053 0.055917 0.033459 0.017556 0.007756 0.002786 0.000811 0.000173 0.000025 0.000000 
t: 0.001000000000 start: 131 end: 162 0.000001 0.000001 0.000001 0.000008 0.000021 0.000061 0.000158 0.000348 0.000854 0.001861 0.003847 0.007402 0.013356 0.023466 0.036821 0.055107 0.076114 0.097333 0.114650 0.123314 0.121004 0.107657 0.085559 0.060497 0.037282 0.019817 0.008940 0.003282 0.000997 0.000209 0.000031 0.000001 
