t: 0.059999999999 start: 4 end: 16 0.000010 0.000165 0.001575 0.009976 0.039450 0.107771 0.199530 0.251764 0.215206 0.121373 0.043636 0.008835 0.000709 
t: 0.054545454544 start: 4 end: 16 0.000002 0.000078 0.000848 0.005751 0.026137 0.080830 0.170049 0.244480 0.238433 0.154085 0.063137 0.014783 0.001387 
t: 0.049999999999 start: 5 end: 16 0.000044 0.000451 0.003429 0.017395 0.060523 0.142271 0.230179 0.252376 0.183669 0.084838 0.022391 0.002434 
t: 0.046153846153 start: 5 end: 16 0.000024 0.000240 0.002131 0.011721 0.045478 0.117939 0.211985 0.257843 0.209723 0.107450 0.031653 0.003813 
t: 0.042857142857 start: 5 end: 16 0.000007 0.000141 0.001325 0.008209 0.033957 0.097314 0.192354 0.257226 0.231021 0.130349 0.042330 0.005767 
t: 0.040000000000 start: 5 end: 16 0.000002 0.000085 0.000841 0.005713 0.025700 0.080105 0.172652 0.252133 0.247427 0.152772 0.054394 0.008176 
t: 0.037500000000 start: 5 end: 16 0.000002 0.000044 0.000529 0.004062 0.019564 0.065912 0.153934 0.243943 0.259147 0.174540 0.067252 0.011071 
t: 0.035294117647 start: 5 end: 16 0.000002 0.000023 0.000350 0.002871 0.014830 0.054572 0.136468 0.233431 0.267727 0.194177 0.081125 0.014424 
t: 0.033333333333 start: 5 end: 16 0.000001 0.000015 0.000228 0.002046 0.011598 0.044829 0.121069 0.221395 0.272775 0.212524 0.095340 0.018180 
t: 0.031578947368 start: 5 end: 16 0.000001 0.000008 0.000181 0.001450 0.009093 0.037082 0.106852 0.208967 0.274884 0.229365 0.109611 0.022506 
t: 0.030000000000 start: 5 end: 16 0.000001 0.000004 0.000130 0.001104 0.007077 0.030835 0.094323 0.196304 0.274355 0.244391 0.124303 0.027173 
t: 0.028571428571 start: 6 end: 16 0.000002 0.000079 0.000812 0.005567 0.025831 0.083306 0.183620 0.272231 0.257170 0.139060 0.032322 
t: 0.027272727273 start: 6 end: 16 0.000001 0.000060 0.000597 0.004394 0.021709 0.073591 0.171704 0.268564 0.268071 0.153525 0.037784 
t: 0.026086956522 start: 6 end: 16 0.000001 0.000041 0.000463 0.003479 0.018278 0.065204 0.160006 0.263638 0.277621 0.167696 0.043573 
t: 0.025000000000 start: 7 end: 16 0.000027 0.000359 0.002816 0.015403 0.057696 0.148913 0.258083 0.285446 0.181604 0.049653 
t: 0.024000000000 start: 7 end: 16 0.000020 0.000285 0.002281 0.012964 0.051122 0.138544 0.251407 0.292306 0.194867 0.056204 
t: 0.023076923077 start: 7 end: 16 0.000014 0.000215 0.001874 0.010976 0.045393 0.128810 0.244617 0.297679 0.207591 0.062831 
t: 0.022222222222 start: 7 end: 16 0.000012 0.000167 0.001504 0.009330 0.040392 0.119401 0.237815 0.301794 0.220001 0.069584 
t: 0.021428571428 start: 7 end: 16 0.000009 0.000131 0.001202 0.008014 0.035853 0.111176 0.230422 0.304895 0.231723 0.076575 
t: 0.020689655172 start: 7 end: 16 0.000006 0.000108 0.000973 0.006867 0.032043 0.103192 0.223170 0.307199 0.242674 0.083768 
t: 0.020000000000 start: 7 end: 16 0.000004 0.000088 0.000812 0.005895 0.028568 0.096052 0.215181 0.308705 0.253675 0.091020 
t: 0.019354838710 start: 7 end: 16 0.000004 0.000063 0.000701 0.005130 0.025443 0.089354 0.207581 0.309478 0.263904 0.098342 
t: 0.018750000000 start: 7 end: 16 0.000003 0.000046 0.000593 0.004433 0.022932 0.083041 0.200274 0.309656 0.273207 0.105815 
t: 0.018181818182 start: 7 end: 16 0.000003 0.000038 0.000483 0.003840 0.020769 0.077279 0.193003 0.308947 0.282277 0.113361 
t: 0.017647058823 start: 7 end: 16 0.000003 0.000032 0.000418 0.003328 0.018715 0.072081 0.185778 0.307909 0.290946 0.120790 
t: 0.017142857143 start: 7 end: 16 0.000002 0.000028 0.000352 0.002945 0.016837 0.067134 0.179067 0.306041 0.299327 0.128267 
t: 0.016666666667 start: 7 end: 16 0.000002 0.000023 0.000295 0.002614 0.015178 0.062681 0.172198 0.304430 0.306795 0.135784 
t: 0.016216216216 start: 7 end: 16 0.000002 0.000018 0.000252 0.002289 0.013737 0.058575 0.165823 0.302104 0.313801 0.143399 
t: 0.015789473684 start: 7 end: 16 0.000002 0.000016 0.000209 0.001992 0.012479 0.054742 0.159632 0.299533 0.320474 0.150921 
t: 0.015384615385 start: 8 end: 16 0.000014 0.000182 0.001774 0.011344 0.051131 0.153560 0.296917 0.326688 0.158390 
t: 0.015000000000 start: 8 end: 16 0.000012 0.000156 0.001578 0.010309 0.047742 0.147853 0.293900 0.332663 0.165787 
t: 0.014634146341 start: 8 end: 16 0.000010 0.000130 0.001406 0.009398 0.044694 0.142389 0.290543 0.338293 0.173137 
t: 0.014285714286 start: 8 end: 16 0.000009 0.000113 0.001245 0.008617 0.041818 0.137268 0.286917 0.343592 0.180421 
t: 0.013953488372 start: 8 end: 16 0.000006 0.000100 0.001117 0.007835 0.039175 0.132327 0.283319 0.348407 0.187714 
t: 0.013636363636 start: 8 end: 16 0.000005 0.000087 0.000998 0.007169 0.036764 0.127290 0.279754 0.353064 0.194869 
t: 0.013333333333 start: 8 end: 16 0.000004 0.000079 0.000898 0.006574 0.034535 0.122452 0.276190 0.357084 0.202184 
t: 0.013043478261 start: 8 end: 16 0.000004 0.000069 0.000808 0.006045 0.032515 0.117787 0.272458 0.360938 0.209376 
t: 0.012765957447 start: 8 end: 16 0.000004 0.000057 0.000723 0.005571 0.030605 0.113353 0.268894 0.364328 0.216465 
t: 0.012500000000 start: 8 end: 16 0.000004 0.000052 0.000665 0.005121 0.028865 0.109210 0.265064 0.367561 0.223458 
t: 0.012244897959 start: 8 end: 16 0.000004 0.000047 0.000602 0.004750 0.027170 0.105340 0.261296 0.370551 0.230240 
t: 0.012000000000 start: 8 end: 16 0.000003 0.000046 0.000543 0.004404 0.025594 0.101545 0.257526 0.373261 0.237078 
t: 0.011764705882 start: 8 end: 16 0.000003 0.000039 0.000483 0.004065 0.024180 0.098054 0.253484 0.375831 0.243861 
t: 0.011538461538 start: 8 end: 16 0.000003 0.000033 0.000438 0.003755 0.022852 0.094584 0.249819 0.377975 0.250541 
t: 0.011320754717 start: 8 end: 16 0.000002 0.000030 0.000402 0.003508 0.021541 0.091188 0.246049 0.380278 0.257002 
t: 0.011111111111 start: 8 end: 16 0.000001 0.000026 0.000351 0.003267 0.020480 0.087896 0.242230 0.382255 0.263494 
t: 0.010909090909 start: 9 end: 16 0.000023 0.000313 0.003007 0.019458 0.084902 0.238251 0.384062 0.269984 
t: 0.010714285714 start: 9 end: 16 0.000021 0.000278 0.002813 0.018399 0.082016 0.234530 0.385580 0.276363 
t: 0.010526315789 start: 9 end: 16 0.000021 0.000251 0.002625 0.017455 0.079219 0.230841 0.386997 0.282591 
t: 0.010344827586 start: 9 end: 16 0.000018 0.000228 0.002434 0.016553 0.076601 0.227064 0.388338 0.288764 
t: 0.010169491525 start: 9 end: 16 0.000015 0.000208 0.002237 0.015732 0.073970 0.223664 0.389354 0.294820 
t: 0.010000000000 start: 9 end: 16 0.000012 0.000194 0.002099 0.014933 0.071515 0.220037 0.390267 0.300943 
t: 0.008448275866 start: 9 end: 16 0.000005 0.000074 0.001001 0.008862 0.050367 0.184960 0.391952 0.362779 
t: 0.007313432839 start: 9 end: 16 0.000003 0.000036 0.000536 0.005443 0.036458 0.155990 0.385828 0.415706 
t: 0.006447368423 start: 9 end: 16 0.000002 0.000021 0.000295 0.003551 0.027266 0.132781 0.374980 0.461104 
t: 0.005764705884 start: 9 end: 16 0.000002 0.000014 0.000184 0.002383 0.020755 0.114129 0.361880 0.500653 
t: 0.005212765959 start: 10 end: 16 0.000010 0.000114 0.001671 0.016209 0.099014 0.348217 0.534765 
t: 0.004757281555 start: 10 end: 16 0.000006 0.000080 0.001215 0.012928 0.086528 0.334260 0.564983 
t: 0.004375000001 start: 10 end: 16 0.000003 0.000060 0.000892 0.010413 0.076291 0.320901 0.591440 
t: 0.004049586778 start: 10 end: 16 0.000002 0.000040 0.000699 0.008602 0.067507 0.308120 0.615030 
t: 0.003769230770 start: 11 end: 16 0.000033 0.000541 0.007114 0.060202 0.296027 0.636083 
t: 0.003525179857 start: 11 end: 16 0.000022 0.000419 0.005946 0.054088 0.284491 0.655034 
t: 0.003310810811 start: 11 end: 16 0.000011 0.000325 0.005082 0.048570 0.273883 0.672129 
t: 0.003121019109 start: 11 end: 16 0.000010 0.000270 0.004331 0.044055 0.263656 0.687678 
t: 0.002951807229 start: 11 end: 16 0.000007 0.000213 0.003694 0.040171 0.254140 0.701775 
t: 0.002800000000 start: 11 end: 16 0.000005 0.000169 0.003177 0.036650 0.245299 0.714700 
t: 0.002663043479 start: 11 end: 16 0.000004 0.000137 0.002751 0.033752 0.236847 0.726509 
t: 0.002538860104 start: 11 end: 16 0.000003 0.000106 0.002413 0.031005 0.229151 0.737322 
t: 0.002425742574 start: 11 end: 16 0.000003 0.000088 0.002159 0.028551 0.221742 0.747457 
t: 0.002322274882 start: 11 end: 16 0.000002 0.000069 0.001904 0.026449 0.214883 0.756693 
t: 0.002227272727 start: 11 end: 16 0.000002 0.000059 0.001688 0.024619 0.208240 0.765392 
t: 0.002139737991 start: 11 end: 16 0.000002 0.000048 0.001509 0.022926 0.202293 0.773222 
t: 0.002058823530 start: 11 end: 16 0.000002 0.000045 0.001349 0.021362 0.196514 0.780728 
t: 0.001983805668 start: 11 end: 16 0.000001 0.000040 0.001228 0.019963 0.190893 0.787875 
t: 0.001914062500 start: 11 end: 16 0.000001 0.000036 0.001112 0.018701 0.185650 0.794500 
t: 0.001849056604 start: 12 end: 16 0.000033 0.001004 0.017545 0.180753 0.800665 
t: 0.001788321168 start: 12 end: 16 0.000030 0.000912 0.016500 0.176009 0.806549 
t: 0.001731448763 start: 12 end: 16 0.000026 0.000838 0.015532 0.171559 0.812045 
t: 0.001678082192 start: 12 end: 16 0.000020 0.000770 0.014653 0.167339 0.817218 
t: 0.001627906977 start: 12 end: 16 0.000019 0.000697 0.013871 0.163238 0.822175 
t: 0.001580645161 start: 12 end: 16 0.000017 0.000638 0.013120 0.159358 0.826867 
t: 0.001536050157 start: 12 end: 16 0.000016 0.000575 0.012450 0.155727 0.831232 
t: 0.001493902439 start: 12 end: 16 0.000014 0.000525 0.011854 0.152207 0.835400 
t: 0.001454005935 start: 12 end: 16 0.000014 0.000489 0.011297 0.148874 0.839326 
t: 0.001416184971 start: 12 end: 16 0.000013 0.000449 0.010757 0.145611 0.843170 
t: 0.001380281690 start: 12 end: 16 0.000011 0.000419 0.010227 0.142525 0.846818 
t: 0.001346153846 start: 12 end: 16 0.000010 0.000381 0.009731 0.139553 0.850325 
t: 0.001313672922 start: 12 end: 16 0.000009 0.000355 0.009292 0.136661 0.853683 
t: 0.001282722513 start: 12 end: 16 0.000009 0.000335 0.008880 0.133893 0.856883 
t: 0.001253196931 start: 12 end: 16 0.000009 0.000310 0.008546 0.131140 0.859995 
t: 0.001225000000 start: 12 end: 16 0.000008 0.000284 0.008219 0.128575 0.862914 
t: 0.001198044010 start: 12 end: 16 0.000008 0.000269 0.007884 0.126142 0.865697 
t: 0.001172248804 start: 12 end: 16 0.000008 0.000242 0.007537 0.123793 0.868420 
t: 0.001147540984 start: 12 end: 16 0.000008 0.000228 0.007206 0.121496 0.871062 
t: 0.001123853211 start: 12 end: 16 0.000007 0.000222 0.006931 0.119278 0.873562 
t: 0.001101123596 start: 12 end: 16 0.000007 0.000211 0.006693 0.117163 0.875926 
t: 0.001079295154 start: 12 end: 16 0.000005 0.000201 0.006456 0.115124 0.878214 
t: 0.001058315335 start: 12 end: 16 0.000004 0.000193 0.006202 0.113160 0.880441 
t: 0.001038135593 start: 12 end: 16 0.000003 0.000181 0.005999 0.111237 0.882580 
t: 0.001018711019 start: 12 end: 16 0.000003 0.000171 0.005782 0.109336 0.884708 
t: 0.001000000000 start: 12 end: 16 0.000003 0.000159 0.005612 0.107643 0.886583 
