t: 0.059999999999 start: 16 end: 51 0.000029 0.000109 0.000325 0.000994 0.002946 0.007507 0.016097 0.030650 0.051218 0.077180 0.102993 0.122345 0.130452 0.125118 0.108036 0.084582 0.059118 0.037900 0.021640 0.011529 0.005476 0.002335 0.000949 0.000319 0.000114 0.000028 0.000009 0.000002 0.000000 0.000000 0.000000 0.000000 0.000000 0.000000 0.000000 0.000000 
t: 0.054545454544 start: 16 end: 54 0.000001 0.000004 0.000030 0.000117 0.000353 0.001105 0.002959 0.007126 0.014913 0.028010 0.046919 0.070230 0.094003 0.113972 0.124770 0.122921 0.111352 0.090807 0.066956 0.045152 0.027934 0.015751 0.008150 0.003849 0.001677 0.000600 0.000233 0.000069 0.000021 0.000012 0.000004 0.000000 0.000000 0.000000 0.000000 0.000000 0.000000 0.000000 0.000000 
t: 0.049999999999 start: 18 end: 57 0.000002 0.000008 0.000040 0.000127 0.000446 0.001166 0.003083 0.007266 0.014636 0.026596 0.043818 0.065686 0.087529 0.107777 0.119270 0.120812 0.111561 0.093488 0.072090 0.051401 0.033235 0.019501 0.010811 0.005370 0.002577 0.001050 0.000414 0.000162 0.000049 0.000026 0.000002 0.000000 0.000001 0.000000 0.000000 0.000000 0.000000 0.000000 0.000000 0.000000 
t: 0.046153846153 start: 19 end: 59 0.000002 0.000002 0.000010 0.000054 0.000170 0.000502 0.001359 0.003440 0.007557 0.014705 0.026324 0.042311 0.062633 0.083896 0.103066 0.114552 0.117710 0.109908 0.095243 0.075735 0.054646 0.037016 0.022998 0.013201 0.006890 0.003462 0.001587 0.000624 0.000258 0.000091 0.000034 0.000012 0.000002 0.000000 0.000000 0.000000 0.000000 0.000000 0.000000 0.000000 0.000000 
t: 0.042857142857 start: 21 end: 62 0.000001 0.000007 0.000022 0.000061 0.000218 0.000637 0.001676 0.003793 0.007979 0.015595 0.026635 0.042144 0.061446 0.081119 0.099610 0.110852 0.114343 0.109044 0.094755 0.076440 0.057370 0.039677 0.025484 0.015077 0.008366 0.004172 0.002023 0.000895 0.000348 0.000136 0.000051 0.000020 0.000002 0.000000 0.000002 0.000000 0.000000 0.000000 0.000000 0.000000 0.000000 0.000000 
t: 0.040000000000 start: 22 end: 64 0.000001 0.000003 0.000006 0.000028 0.000094 0.000305 0.000814 0.001978 0.004425 0.008929 0.016384 0.027776 0.043163 0.061419 0.080374 0.097176 0.108050 0.111857 0.105979 0.093446 0.076586 0.058509 0.041060 0.026787 0.016483 0.009241 0.004936 0.002342 0.001063 0.000512 0.000181 0.000065 0.000020 0.000007 0.000001 0.000000 0.000000 0.000000 0.000000 0.000000 0.000000 0.000000 0.000000 
t: 0.037500000000 start: 23 end: 66 0.000001 0.000001 0.000006 0.000014 0.000044 0.000156 0.000399 0.001057 0.002455 0.005161 0.010157 0.017900 0.029467 0.044927 0.062433 0.079867 0.096707 0.106320 0.108530 0.103280 0.091754 0.075963 0.057783 0.040938 0.027494 0.017011 0.010029 0.005280 0.002667 0.001295 0.000568 0.000216 0.000078 0.000029 0.000008 0.000005 0.000000 0.000000 0.000000 0.000000 0.000000 0.000000 0.000000 0.000000 
t: 0.035294117647 start: 25 end: 69 0.000001 0.000003 0.000007 0.000026 0.000065 0.000227 0.000559 0.001422 0.003055 0.006227 0.011755 0.020021 0.031996 0.047044 0.064477 0.081499 0.095711 0.104088 0.106604 0.100480 0.089464 0.072884 0.056439 0.040698 0.027058 0.017304 0.010011 0.005547 0.002893 0.001398 0.000637 0.000249 0.000106 0.000033 0.000008 0.000003 0.000000 0.000000 0.000001 0.000000 0.000000 0.000000 0.000000 0.000000 0.000000 
t: 0.033333333333 start: 28 end: 71 0.000003 0.000009 0.000040 0.000109 0.000321 0.000770 0.001920 0.003808 0.007648 0.013769 0.022690 0.035054 0.050013 0.066976 0.082664 0.095591 0.103182 0.104032 0.098069 0.085612 0.070298 0.054160 0.039102 0.026483 0.016679 0.009822 0.005626 0.002939 0.001438 0.000687 0.000312 0.000110 0.000045 0.000015 0.000003 0.000000 0.000000 0.000000 0.000000 0.000000 0.000001 0.000000 0.000000 0.000000 
t: 0.031578947368 start: 29 end: 74 0.000001 0.000004 0.000018 0.000075 0.000180 0.000498 0.001115 0.002404 0.005115 0.009242 0.016154 0.025547 0.038592 0.054274 0.069920 0.084823 0.095817 0.101958 0.101367 0.094259 0.082180 0.066802 0.051208 0.037059 0.025048 0.015906 0.009507 0.005469 0.002824 0.001433 0.000687 0.000333 0.000119 0.000042 0.000014 0.000004 0.000001 0.000000 0.000000 0.000001 0.000000 0.000000 0.000000 0.000000 0.000000 0.000000 
t: 0.030000000000 start: 30 end: 77 0.000001 0.000005 0.000015 0.000037 0.000111 0.000284 0.000692 0.001611 0.003348 0.006397 0.011563 0.018779 0.029758 0.042985 0.058246 0.073495 0.087018 0.096357 0.100893 0.098275 0.090256 0.077709 0.062853 0.047958 0.034603 0.023101 0.014630 0.008831 0.004972 0.002777 0.001331 0.000640 0.000282 0.000134 0.000034 0.000013 0.000002 0.000002 0.000001 0.000000 0.000001 0.000000 0.000000 0.000000 0.000000 0.000000 0.000000 0.000000 
t: 0.028571428571 start: 32 end: 78 0.000006 0.000009 0.000037 0.000060 0.000179 0.000434 0.001099 0.002260 0.004534 0.008197 0.014038 0.022715 0.034172 0.047812 0.062717 0.077700 0.089197 0.096387 0.099223 0.094944 0.085968 0.073013 0.058290 0.044119 0.031631 0.020824 0.013245 0.008073 0.004498 0.002343 0.001266 0.000594 0.000247 0.000101 0.000048 0.000011 0.000007 0.000001 0.000000 0.000001 0.000000 0.000000 0.000000 0.000000 0.000000 0.000000 0.000000 
t: 0.027272727273 start: 33 end: 81 0.000003 0.000007 0.000015 0.000059 0.000115 0.000303 0.000739 0.001538 0.003110 0.005980 0.010716 0.017641 0.027086 0.039322 0.053076 0.067775 0.081062 0.091569 0.096915 0.096358 0.091081 0.081050 0.067790 0.053487 0.039757 0.028022 0.018679 0.011762 0.006862 0.004034 0.002189 0.001009 0.000502 0.000226 0.000102 0.000034 0.000017 0.000005 0.000001 0.000000 0.000001 0.000001 0.000000 0.000000 0.000000 0.000000 0.000000 0.000000 0.000000 
t: 0.026086956522 start: 34 end: 83 0.000001 0.000003 0.000014 0.000032 0.000101 0.000203 0.000542 0.001120 0.002275 0.004361 0.008197 0.013546 0.021464 0.031995 0.045026 0.058845 0.073215 0.084718 0.092760 0.096819 0.093776 0.086571 0.075082 0.062023 0.048174 0.035469 0.024601 0.016227 0.010052 0.005889 0.003436 0.001813 0.000879 0.000427 0.000209 0.000079 0.000026 0.000018 0.000007 0.000003 0.000001 0.000000 0.000000 0.000001 0.000000 0.000000 0.000000 0.000000 0.000000 0.000000 
t: 0.025000000000 start: 34 end: 84 0.000001 0.000000 0.000003 0.000007 0.000024 0.000078 0.000146 0.000366 0.000824 0.001680 0.003368 0.006261 0.010666 0.017372 0.026318 0.037746 0.051511 0.064860 0.077564 0.087850 0.094224 0.095101 0.090005 0.081298 0.069055 0.056373 0.042543 0.030984 0.021050 0.013692 0.008384 0.005074 0.002750 0.001455 0.000734 0.000380 0.000146 0.000060 0.000031 0.000009 0.000004 0.000001 0.000001 0.000000 0.000001 0.000000 0.000000 0.000000 0.000000 0.000000 0.000000 
t: 0.024000000000 start: 37 end: 85 0.000001 0.000006 0.000021 0.000049 0.000106 0.000271 0.000628 0.001359 0.002546 0.004847 0.008586 0.014288 0.021753 0.032169 0.044278 0.058046 0.070595 0.082097 0.090429 0.093740 0.092514 0.085796 0.075210 0.062770 0.049947 0.037095 0.026297 0.017670 0.011424 0.006976 0.003979 0.002261 0.001147 0.000632 0.000259 0.000122 0.000061 0.000014 0.000006 0.000004 0.000000 0.000000 0.000001 0.000000 0.000000 0.000000 0.000000 0.000000 0.000000 
t: 0.023076923077 start: 39 end: 87 0.000003 0.000017 0.000036 0.000082 0.000239 0.000486 0.000958 0.002131 0.003835 0.006898 0.011754 0.018163 0.027425 0.038715 0.051157 0.064427 0.076473 0.086423 0.091933 0.092221 0.088468 0.080230 0.068720 0.055972 0.043386 0.031963 0.021809 0.014716 0.009215 0.005498 0.003159 0.001810 0.000900 0.000419 0.000216 0.000081 0.000040 0.000013 0.000007 0.000001 0.000000 0.000000 0.000000 0.000001 0.000000 0.000000 0.000000 0.000000 0.000000 
t: 0.022222222222 start: 40 end: 89 0.000005 0.000010 0.000021 0.000085 0.000154 0.000362 0.000830 0.001656 0.003201 0.005669 0.009578 0.015726 0.023588 0.033964 0.045531 0.058893 0.070602 0.081740 0.088844 0.092208 0.089501 0.084036 0.073273 0.061469 0.048893 0.037396 0.026417 0.018128 0.011699 0.007222 0.004358 0.002436 0.001283 0.000640 0.000338 0.000141 0.000062 0.000028 0.000010 0.000001 0.000001 0.000000 0.000001 0.000000 0.000000 0.000000 0.000000 0.000000 0.000000 0.000000 
t: 0.021428571428 start: 41 end: 90 0.000006 0.000007 0.000017 0.000057 0.000126 0.000316 0.000683 0.001376 0.002610 0.004698 0.008220 0.013271 0.020722 0.029849 0.040973 0.053177 0.065958 0.077010 0.085774 0.090286 0.090443 0.086047 0.077574 0.065874 0.054466 0.041676 0.031168 0.021622 0.014416 0.009196 0.005604 0.003200 0.001748 0.000951 0.000473 0.000249 0.000088 0.000044 0.000015 0.000005 0.000004 0.000001 0.000000 0.000000 0.000000 0.000000 0.000000 0.000000 0.000000 0.000000 
t: 0.020689655172 start: 41 end: 92 0.000001 0.000004 0.000005 0.000010 0.000048 0.000112 0.000225 0.000584 0.001160 0.002205 0.004058 0.006951 0.011450 0.018140 0.026572 0.037184 0.048592 0.060782 0.072997 0.082548 0.088505 0.090039 0.087597 0.080059 0.070327 0.058478 0.046586 0.034817 0.025458 0.017257 0.011206 0.006977 0.004164 0.002370 0.001294 0.000661 0.000345 0.000143 0.000045 0.000028 0.000011 0.000003 0.000001 0.000000 0.000001 0.000000 0.000000 0.000000 0.000000 0.000000 0.000000 0.000000 
t: 0.020000000000 start: 43 end: 93 0.000002 0.000005 0.000020 0.000030 0.000090 0.000212 0.000514 0.000981 0.001906 0.003404 0.006168 0.010317 0.015825 0.023938 0.033580 0.044635 0.057240 0.068491 0.079027 0.086261 0.089042 0.088017 0.082581 0.073217 0.062711 0.050624 0.039027 0.028635 0.019924 0.013476 0.008478 0.005192 0.002990 0.001688 0.000932 0.000453 0.000202 0.000095 0.000039 0.000020 0.000006 0.000002 0.000003 0.000000 0.000000 0.000000 0.000000 0.000000 0.000000 0.000000 0.000000 
t: 0.019354838710 start: 44 end: 95 0.000002 0.000005 0.000014 0.000032 0.000077 0.000197 0.000399 0.000836 0.001639 0.003121 0.005535 0.009044 0.014467 0.021486 0.030249 0.041691 0.053234 0.065150 0.075524 0.083376 0.088529 0.088058 0.083803 0.076126 0.065779 0.054048 0.042833 0.031749 0.022926 0.015512 0.010136 0.006277 0.003721 0.002131 0.001191 0.000580 0.000292 0.000136 0.000053 0.000028 0.000008 0.000004 0.000001 0.000001 0.000000 0.000000 0.000000 0.000000 0.000000 0.000000 0.000000 0.000000 
t: 0.018750000000 start: 45 end: 96 0.000002 0.000002 0.000012 0.000031 0.000076 0.000167 0.000342 0.000768 0.001457 0.002738 0.004981 0.008177 0.013232 0.019541 0.028132 0.038530 0.050251 0.061620 0.072472 0.081291 0.086755 0.087880 0.084646 0.078157 0.068441 0.057448 0.045734 0.035066 0.025434 0.017672 0.011613 0.007308 0.004556 0.002583 0.001403 0.000761 0.000385 0.000193 0.000100 0.000020 0.000014 0.000006 0.000001 0.000002 0.000000 0.000000 0.000000 0.000000 0.000000 0.000000 0.000000 0.000000 
t: 0.018181818182 start: 47 end: 98 0.000006 0.000008 0.000026 0.000064 0.000137 0.000336 0.000682 0.001347 0.002473 0.004472 0.007549 0.011925 0.018193 0.026281 0.036367 0.047384 0.059251 0.069380 0.078991 0.085188 0.086996 0.085131 0.079303 0.071095 0.060100 0.048435 0.037493 0.028061 0.019534 0.013328 0.008522 0.005277 0.003072 0.001721 0.000966 0.000465 0.000240 0.000122 0.000049 0.000021 0.000005 0.000002 0.000001 0.000000 0.000001 0.000000 0.000000 0.000000 0.000000 0.000000 0.000000 0.000000 
t: 0.017647058823 start: 48 end: 99 0.000006 0.000008 0.000021 0.000054 0.000141 0.000288 0.000612 0.001255 0.002356 0.004164 0.006873 0.011061 0.017065 0.024678 0.034322 0.044769 0.056493 0.067580 0.076784 0.083613 0.086371 0.084946 0.080834 0.072466 0.062235 0.051068 0.039940 0.030065 0.021439 0.014927 0.009653 0.005989 0.003636 0.002036 0.001112 0.000592 0.000292 0.000143 0.000065 0.000033 0.000009 0.000004 0.000001 0.000000 0.000000 0.000000 0.000001 0.000000 0.000000 0.000000 0.000000 0.000000 
t: 0.017142857143 start: 48 end: 100 0.000002 0.000003 0.000010 0.000021 0.000048 0.000137 0.000263 0.000570 0.001188 0.002202 0.003794 0.006476 0.010508 0.016126 0.023294 0.032636 0.042974 0.054560 0.065297 0.075197 0.081532 0.085352 0.085228 0.081260 0.074030 0.063971 0.052988 0.042180 0.032078 0.023124 0.016164 0.010727 0.006944 0.004102 0.002316 0.001287 0.000726 0.000388 0.000166 0.000068 0.000040 0.000016 0.000003 0.000003 0.000000 0.000000 0.000001 0.000000 0.000000 0.000000 0.000000 0.000000 0.000000 
t: 0.016666666667 start: 48 end: 101 0.000001 0.000002 0.000000 0.000008 0.000026 0.000055 0.000119 0.000255 0.000561 0.001104 0.002063 0.003656 0.006151 0.009991 0.015360 0.022577 0.030974 0.041468 0.052555 0.063650 0.073019 0.080551 0.084674 0.084855 0.081675 0.075115 0.065338 0.054755 0.044084 0.033397 0.024715 0.017620 0.011650 0.007580 0.004565 0.002674 0.001512 0.000855 0.000417 0.000210 0.000091 0.000046 0.000015 0.000007 0.000001 0.000001 0.000002 0.000000 0.000000 0.000000 0.000000 0.000000 0.000000 0.000000 
t: 0.016216216216 start: 49 end: 101 0.000001 0.000000 0.000000 0.000012 0.000024 0.000046 0.000112 0.000262 0.000528 0.001083 0.002037 0.003570 0.005867 0.009594 0.014967 0.021595 0.029803 0.040309 0.051161 0.062209 0.071560 0.079349 0.083870 0.084741 0.081519 0.075567 0.066443 0.056467 0.045169 0.035248 0.026037 0.018546 0.012436 0.008261 0.005007 0.002977 0.001731 0.000958 0.000495 0.000218 0.000133 0.000052 0.000022 0.000006 0.000004 0.000003 0.000000 0.000001 0.000000 0.000000 0.000000 0.000000 0.000000 
t: 0.015789473684 start: 51 end: 104 0.000001 0.000003 0.000006 0.000018 0.000046 0.000130 0.000233 0.000542 0.001049 0.001961 0.003509 0.005707 0.009532 0.014505 0.020873 0.028961 0.039367 0.050114 0.060676 0.070635 0.078059 0.083200 0.083965 0.081777 0.075776 0.067776 0.057323 0.046454 0.036523 0.026984 0.019621 0.013209 0.008727 0.005428 0.003305 0.001879 0.001038 0.000549 0.000281 0.000143 0.000073 0.000026 0.000007 0.000006 0.000002 0.000001 0.000000 0.000000 0.000000 0.000000 0.000000 0.000000 0.000000 0.000000 
t: 0.015384615385 start: 51 end: 105 0.000001 0.000001 0.000002 0.000006 0.000018 0.000048 0.000109 0.000255 0.000546 0.001038 0.001942 0.003411 0.005718 0.009380 0.014034 0.020550 0.028535 0.038654 0.048971 0.059899 0.069282 0.077411 0.082695 0.083586 0.081410 0.076409 0.068238 0.058023 0.047478 0.037206 0.027944 0.020392 0.013816 0.009198 0.005830 0.003609 0.002085 0.001076 0.000605 0.000298 0.000161 0.000085 0.000024 0.000012 0.000006 0.000002 0.000001 0.000000 0.000000 0.000000 0.000000 0.000000 0.000000 0.000000 0.000000 
t: 0.015000000000 start: 53 end: 106 0.000002 0.000005 0.000005 0.000019 0.000047 0.000117 0.000245 0.000527 0.001101 0.001920 0.003350 0.005712 0.009125 0.013840 0.020342 0.028526 0.038122 0.048434 0.059112 0.068519 0.076928 0.081896 0.083166 0.081706 0.076014 0.068542 0.058505 0.048071 0.038028 0.028602 0.020919 0.014411 0.009566 0.006141 0.003719 0.002243 0.001191 0.000630 0.000347 0.000158 0.000076 0.000046 0.000015 0.000006 0.000003 0.000001 0.000000 0.000000 0.000000 0.000000 0.000000 0.000000 0.000000 0.000000 
t: 0.014634146341 start: 54 end: 107 0.000002 0.000001 0.000006 0.000029 0.000046 0.000126 0.000258 0.000565 0.001048 0.001914 0.003455 0.005771 0.009083 0.013910 0.020390 0.028374 0.037742 0.048084 0.058660 0.068096 0.076391 0.080980 0.082838 0.081420 0.076526 0.067818 0.059076 0.048550 0.038708 0.029146 0.021102 0.014900 0.009772 0.006334 0.003855 0.002322 0.001313 0.000709 0.000363 0.000170 0.000083 0.000039 0.000018 0.000004 0.000002 0.000000 0.000000 0.000001 0.000000 0.000000 0.000000 0.000000 0.000000 0.000000 
t: 0.014285714286 start: 55 end: 107 0.000002 0.000000 0.000011 0.000027 0.000052 0.000123 0.000253 0.000592 0.001058 0.002061 0.003437 0.005837 0.009220 0.014071 0.020373 0.028691 0.037866 0.047716 0.058175 0.068168 0.075000 0.081050 0.083062 0.080850 0.076121 0.068095 0.059045 0.048604 0.038675 0.029639 0.021464 0.015053 0.009966 0.006446 0.004063 0.002356 0.001333 0.000721 0.000374 0.000190 0.000095 0.000045 0.000011 0.000006 0.000001 0.000000 0.000002 0.000000 0.000000 0.000000 0.000000 0.000000 0.000000 
t: 0.013953488372 start: 55 end: 110 0.000001 0.000001 0.000003 0.000011 0.000026 0.000070 0.000140 0.000286 0.000587 0.001177 0.002030 0.003548 0.005944 0.009467 0.014267 0.020793 0.028620 0.037989 0.048455 0.058240 0.067533 0.075252 0.080355 0.082552 0.080534 0.075441 0.068471 0.058918 0.048050 0.039139 0.029455 0.021528 0.015209 0.010004 0.006629 0.004005 0.002425 0.001329 0.000768 0.000359 0.000212 0.000096 0.000051 0.000020 0.000006 0.000002 0.000001 0.000001 0.000000 0.000000 0.000000 0.000000 0.000000 0.000000 0.000000 0.000000 
t: 0.013636363636 start: 55 end: 110 0.000001 0.000001 0.000001 0.000006 0.000007 0.000028 0.000075 0.000157 0.000312 0.000652 0.001202 0.002115 0.003754 0.006195 0.009674 0.014584 0.021185 0.028853 0.038361 0.048560 0.058793 0.067423 0.075263 0.080454 0.081759 0.079980 0.075275 0.067877 0.058408 0.048459 0.038580 0.029227 0.021598 0.015129 0.010160 0.006504 0.004012 0.002454 0.001402 0.000731 0.000400 0.000206 0.000099 0.000055 0.000017 0.000006 0.000004 0.000002 0.000000 0.000000 0.000000 0.000000 0.000000 0.000000 0.000000 0.000000 
t: 0.013333333333 start: 57 end: 111 0.000002 0.000001 0.000007 0.000013 0.000035 0.000064 0.000160 0.000349 0.000673 0.001333 0.002259 0.003946 0.006310 0.010125 0.015092 0.021473 0.029577 0.038896 0.049150 0.059009 0.067812 0.075655 0.079947 0.081271 0.079790 0.074576 0.067259 0.057949 0.047830 0.038357 0.028871 0.021128 0.015208 0.010065 0.006429 0.004061 0.002438 0.001340 0.000755 0.000403 0.000194 0.000113 0.000043 0.000018 0.000006 0.000007 0.000001 0.000000 0.000000 0.000000 0.000000 0.000000 0.000000 0.000000 0.000000 
t: 0.013043478261 start: 57 end: 112 0.000002 0.000001 0.000004 0.000003 0.000018 0.000040 0.000083 0.000185 0.000342 0.000776 0.001353 0.002428 0.004130 0.006803 0.010511 0.015511 0.022299 0.030184 0.039659 0.049731 0.059350 0.068719 0.075627 0.079727 0.081259 0.078920 0.074239 0.066556 0.057161 0.047288 0.037070 0.028624 0.020986 0.014755 0.010033 0.006443 0.003920 0.002390 0.001374 0.000750 0.000371 0.000206 0.000100 0.000035 0.000018 0.000007 0.000006 0.000003 0.000000 0.000000 0.000000 0.000000 0.000000 0.000000 0.000000 0.000000 
t: 0.012765957447 start: 57 end: 113 0.000002 0.000000 0.000002 0.000002 0.000008 0.000022 0.000041 0.000090 0.000207 0.000389 0.000860 0.001444 0.002609 0.004477 0.007136 0.010730 0.016461 0.022785 0.031474 0.040633 0.050453 0.060581 0.069276 0.075127 0.080153 0.080435 0.078804 0.073401 0.065356 0.056364 0.046319 0.036750 0.027866 0.020619 0.014320 0.009603 0.006087 0.003899 0.002410 0.001357 0.000716 0.000376 0.000195 0.000081 0.000047 0.000016 0.000008 0.000006 0.000002 0.000001 0.000000 0.000000 0.000000 0.000000 0.000000 0.000000 0.000000 
t: 0.012500000000 start: 58 end: 113 0.000002 0.000000 0.000002 0.000002 0.000007 0.000026 0.000042 0.000115 0.000221 0.000456 0.000874 0.001635 0.002794 0.004813 0.007470 0.011600 0.017067 0.024181 0.032400 0.041504 0.051369 0.061406 0.069607 0.076199 0.079946 0.080217 0.078052 0.072418 0.064260 0.055204 0.045431 0.035795 0.027188 0.019895 0.013872 0.009216 0.005944 0.003814 0.002262 0.001262 0.000730 0.000376 0.000159 0.000094 0.000040 0.000015 0.000010 0.000006 0.000002 0.000000 0.000000 0.000000 0.000000 0.000000 0.000000 0.000000 
t: 0.012244897959 start: 59 end: 115 0.000001 0.000001 0.000002 0.000004 0.000010 0.000021 0.000059 0.000121 0.000252 0.000533 0.000988 0.001773 0.003121 0.005056 0.007941 0.012385 0.018079 0.025207 0.033570 0.042592 0.052818 0.062604 0.069845 0.076765 0.080289 0.079908 0.076907 0.071371 0.063156 0.054090 0.044182 0.034772 0.026236 0.019146 0.013403 0.008741 0.005755 0.003619 0.002135 0.001192 0.000682 0.000346 0.000160 0.000091 0.000038 0.000016 0.000009 0.000006 0.000002 0.000000 0.000000 0.000000 0.000000 0.000000 0.000000 0.000000 0.000000 
t: 0.012000000000 start: 60 end: 116 0.000002 0.000001 0.000003 0.000003 0.000014 0.000029 0.000067 0.000144 0.000287 0.000581 0.001138 0.001948 0.003438 0.005407 0.008661 0.013170 0.019069 0.026402 0.034825 0.044435 0.054304 0.062973 0.071380 0.077065 0.079906 0.079762 0.076327 0.069781 0.061678 0.052895 0.042882 0.033327 0.025387 0.018436 0.012648 0.008402 0.005387 0.003432 0.002002 0.001148 0.000611 0.000338 0.000162 0.000075 0.000036 0.000015 0.000012 0.000003 0.000002 0.000000 0.000000 0.000000 0.000000 0.000000 0.000000 0.000000 0.000000 
t: 0.011764705882 start: 60 end: 117 0.000001 0.000001 0.000001 0.000003 0.000007 0.000014 0.000039 0.000073 0.000148 0.000356 0.000679 0.001263 0.002234 0.003637 0.006051 0.009238 0.014221 0.020329 0.027657 0.036247 0.045947 0.055578 0.064804 0.072233 0.077556 0.079773 0.079174 0.075088 0.068769 0.060236 0.051117 0.041276 0.032102 0.024426 0.017350 0.012090 0.007906 0.005100 0.003186 0.001831 0.001132 0.000542 0.000304 0.000151 0.000066 0.000032 0.000020 0.000006 0.000004 0.000002 0.000000 0.000000 0.000000 0.000000 0.000000 0.000000 0.000000 0.000000 
t: 0.011538461538 start: 61 end: 116 0.000001 0.000000 0.000000 0.000006 0.000007 0.000020 0.000036 0.000092 0.000218 0.000382 0.000776 0.001398 0.002473 0.004110 0.006468 0.010276 0.015294 0.021570 0.029171 0.038042 0.047420 0.057331 0.066173 0.073349 0.077736 0.079671 0.078345 0.074006 0.067365 0.058771 0.048955 0.040030 0.030901 0.022880 0.016426 0.011311 0.007490 0.004778 0.002879 0.001812 0.000980 0.000547 0.000263 0.000123 0.000062 0.000032 0.000010 0.000007 0.000006 0.000001 0.000000 0.000000 0.000000 0.000000 0.000000 0.000000 
t: 0.011320754717 start: 61 end: 118 0.000001 0.000000 0.000000 0.000002 0.000004 0.000012 0.000023 0.000048 0.000120 0.000237 0.000473 0.000869 0.001592 0.002786 0.004510 0.007315 0.011143 0.016477 0.022970 0.030984 0.039941 0.049312 0.058800 0.067623 0.074482 0.078123 0.079275 0.077405 0.072892 0.065886 0.056651 0.047510 0.038187 0.029240 0.021556 0.015413 0.010547 0.007039 0.004390 0.002739 0.001563 0.000919 0.000471 0.000244 0.000127 0.000051 0.000023 0.000013 0.000006 0.000004 0.000001 0.000001 0.000000 0.000000 0.000000 0.000000 0.000000 0.000000 
t: 0.011111111111 start: 63 end: 119 0.000001 0.000000 0.000004 0.000005 0.000015 0.000028 0.000064 0.000140 0.000273 0.000567 0.001038 0.001840 0.003135 0.005095 0.007970 0.012322 0.017727 0.024712 0.032683 0.041852 0.051130 0.060714 0.069470 0.074969 0.078486 0.078965 0.076619 0.071517 0.063797 0.054896 0.045631 0.036194 0.027589 0.020344 0.014374 0.009762 0.006491 0.004099 0.002404 0.001464 0.000776 0.000407 0.000221 0.000117 0.000050 0.000025 0.000010 0.000003 0.000003 0.000002 0.000000 0.000000 0.000000 0.000000 0.000000 0.000000 0.000000 
t: 0.010909090909 start: 65 end: 121 0.000002 0.000003 0.000008 0.000014 0.000046 0.000073 0.000164 0.000333 0.000673 0.001223 0.002181 0.003455 0.005742 0.008999 0.013397 0.019094 0.026390 0.034845 0.043814 0.052916 0.063130 0.070188 0.076150 0.078728 0.078639 0.075893 0.069470 0.062089 0.052820 0.043286 0.034371 0.025933 0.019108 0.013369 0.008905 0.005922 0.003679 0.002251 0.001261 0.000704 0.000361 0.000187 0.000092 0.000053 0.000025 0.000006 0.000004 0.000002 0.000002 0.000000 0.000000 0.000000 0.000000 0.000000 0.000000 0.000000 0.000000 
t: 0.010714285714 start: 65 end: 121 0.000001 0.000001 0.000006 0.000011 0.000021 0.000048 0.000097 0.000201 0.000400 0.000797 0.001433 0.002427 0.004014 0.006585 0.009935 0.014655 0.020705 0.028547 0.036838 0.045788 0.055974 0.064396 0.071971 0.076328 0.078759 0.078290 0.074359 0.068051 0.059499 0.050759 0.041419 0.032279 0.024223 0.017782 0.012125 0.008298 0.005383 0.003261 0.001955 0.001121 0.000621 0.000305 0.000162 0.000093 0.000044 0.000019 0.000008 0.000004 0.000002 0.000000 0.000000 0.000000 0.000000 0.000000 0.000000 0.000000 0.000000 
t: 0.010526315789 start: 65 end: 120 0.000001 0.000000 0.000003 0.000006 0.000012 0.000032 0.000055 0.000124 0.000222 0.000503 0.000920 0.001674 0.002792 0.004696 0.007307 0.011087 0.016144 0.022547 0.030763 0.038812 0.048289 0.058009 0.066539 0.072718 0.077543 0.079251 0.076995 0.072793 0.066031 0.057671 0.048271 0.038970 0.030277 0.022485 0.016144 0.011254 0.007536 0.004791 0.002926 0.001742 0.001004 0.000518 0.000247 0.000155 0.000083 0.000036 0.000008 0.000008 0.000006 0.000000 0.000000 0.000000 0.000000 0.000000 0.000000 0.000000 
t: 0.010344827586 start: 67 end: 122 0.000001 0.000006 0.000005 0.000021 0.000038 0.000060 0.000138 0.000310 0.000595 0.001127 0.001870 0.003286 0.005393 0.008130 0.012480 0.017597 0.024677 0.032746 0.041582 0.051029 0.060332 0.067971 0.074245 0.078160 0.078716 0.076166 0.071131 0.063858 0.055063 0.045814 0.036516 0.028336 0.020764 0.014738 0.010254 0.006713 0.004297 0.002556 0.001507 0.000857 0.000445 0.000220 0.000139 0.000071 0.000017 0.000016 0.000006 0.000001 0.000000 0.000000 0.000000 0.000000 0.000000 0.000000 0.000000 0.000000 
t: 0.010169491525 start: 68 end: 122 0.000003 0.000002 0.000012 0.000025 0.000043 0.000081 0.000184 0.000386 0.000715 0.001318 0.002239 0.003801 0.006002 0.009305 0.013827 0.019709 0.026770 0.035080 0.044472 0.053467 0.062386 0.069757 0.075470 0.078488 0.078284 0.074903 0.069596 0.061077 0.052725 0.043147 0.034418 0.025904 0.018999 0.013515 0.009097 0.005939 0.003829 0.002253 0.001290 0.000686 0.000385 0.000206 0.000117 0.000048 0.000025 0.000010 0.000005 0.000000 0.000000 0.000000 0.000000 0.000000 0.000000 0.000000 0.000000 
t: 0.010000000000 start: 68 end: 123 0.000002 0.000001 0.000004 0.000015 0.000030 0.000044 0.000122 0.000225 0.000488 0.000882 0.001508 0.002724 0.004337 0.006924 0.010555 0.015468 0.021484 0.029290 0.037847 0.046840 0.056643 0.064485 0.071360 0.076478 0.078440 0.077841 0.073350 0.067165 0.058688 0.049945 0.040687 0.031796 0.023804 0.017435 0.012004 0.008178 0.005258 0.003346 0.001991 0.001041 0.000591 0.000336 0.000174 0.000099 0.000047 0.000018 0.000008 0.000002 0.000000 0.000000 0.000000 0.000000 0.000000 0.000000 0.000000 0.000000 
t: 0.008448275866 start: 75 end: 131 0.000003 0.000004 0.000004 0.000012 0.000024 0.000057 0.000149 0.000295 0.000545 0.000943 0.001735 0.002823 0.004592 0.007281 0.010821 0.015945 0.021434 0.029177 0.037333 0.046592 0.055130 0.064092 0.070339 0.075659 0.077020 0.076576 0.073257 0.067426 0.059055 0.050274 0.040848 0.032685 0.024651 0.017992 0.012632 0.008615 0.005623 0.003562 0.002102 0.001251 0.000709 0.000359 0.000188 0.000112 0.000048 0.000018 0.000003 0.000002 0.000003 0.000000 0.000000 0.000000 0.000000 0.000000 0.000000 0.000000 0.000000 
t: 0.007313432839 start: 80 end: 137 0.000001 0.000002 0.000003 0.000005 0.000018 0.000043 0.000090 0.000156 0.000377 0.000605 0.001134 0.001981 0.003215 0.005091 0.007723 0.011707 0.016465 0.022982 0.029901 0.038485 0.047589 0.056126 0.064158 0.070800 0.075666 0.076570 0.076189 0.072206 0.066146 0.058301 0.049175 0.040427 0.031605 0.023908 0.017310 0.012235 0.008273 0.005421 0.003398 0.002034 0.001135 0.000671 0.000352 0.000160 0.000083 0.000047 0.000018 0.000011 0.000001 0.000001 0.000000 0.000000 0.000000 0.000000 0.000000 0.000000 0.000000 0.000000 
t: 0.006447368423 start: 84 end: 141 0.000001 0.000000 0.000002 0.000003 0.000009 0.000022 0.000049 0.000094 0.000198 0.000391 0.000655 0.001186 0.002034 0.003314 0.005133 0.007878 0.011663 0.016515 0.023217 0.030351 0.038774 0.047642 0.056434 0.064122 0.070872 0.075414 0.076769 0.076384 0.071647 0.066113 0.058207 0.049361 0.039981 0.031365 0.023791 0.017299 0.012186 0.007993 0.005201 0.003307 0.002040 0.001150 0.000611 0.000327 0.000153 0.000072 0.000038 0.000022 0.000005 0.000004 0.000001 0.000000 0.000000 0.000000 0.000000 0.000000 0.000000 0.000000 
t: 0.005764705884 start: 87 end: 144 0.000001 0.000000 0.000000 0.000000 0.000004 0.000008 0.000017 0.000040 0.000082 0.000159 0.000284 0.000567 0.001031 0.001750 0.002844 0.004534 0.006929 0.010408 0.015056 0.021236 0.028080 0.036223 0.045243 0.053988 0.062522 0.069719 0.074399 0.077224 0.076886 0.073571 0.067644 0.060481 0.051534 0.042592 0.033773 0.025910 0.018944 0.013301 0.008918 0.005698 0.003581 0.002169 0.001257 0.000680 0.000350 0.000195 0.000100 0.000043 0.000015 0.000004 0.000003 0.000002 0.000000 0.000001 0.000000 0.000000 0.000000 0.000000 
t: 0.005212765959 start: 94 end: 150 0.000002 0.000003 0.000009 0.000019 0.000051 0.000089 0.000182 0.000330 0.000662 0.001118 0.001957 0.003173 0.005219 0.007900 0.011549 0.016585 0.022537 0.030314 0.038592 0.047971 0.056522 0.064890 0.071731 0.076189 0.077642 0.076627 0.072704 0.066289 0.058218 0.049061 0.039598 0.031361 0.023377 0.016746 0.011596 0.007600 0.004807 0.002954 0.001826 0.000952 0.000534 0.000254 0.000145 0.000063 0.000023 0.000018 0.000008 0.000002 0.000001 0.000000 0.000000 0.000000 0.000000 0.000000 0.000000 0.000000 0.000000 
t: 0.004757281555 start: 97 end: 154 0.000002 0.000003 0.000008 0.000012 0.000039 0.000073 0.000153 0.000283 0.000556 0.000937 0.001663 0.002803 0.004466 0.006942 0.010337 0.014978 0.020762 0.028232 0.036277 0.045593 0.054572 0.063110 0.070726 0.075414 0.078620 0.077758 0.074486 0.068593 0.060348 0.051692 0.042070 0.032776 0.024743 0.017800 0.012462 0.008270 0.005208 0.003224 0.001900 0.001043 0.000546 0.000281 0.000125 0.000060 0.000034 0.000009 0.000005 0.000003 0.000001 0.000002 0.000000 0.000000 0.000000 0.000000 0.000000 0.000000 0.000000 0.000000 
t: 0.004375000001 start: 100 end: 156 0.000002 0.000003 0.000007 0.000021 0.000035 0.000079 0.000164 0.000334 0.000528 0.000966 0.001711 0.002783 0.004747 0.007175 0.010644 0.015415 0.021357 0.028823 0.037065 0.046887 0.055881 0.064753 0.071759 0.077015 0.079255 0.078260 0.074208 0.068097 0.059812 0.050163 0.040592 0.031740 0.023525 0.016662 0.011355 0.007450 0.004693 0.002704 0.001567 0.000929 0.000428 0.000233 0.000094 0.000041 0.000015 0.000015 0.000005 0.000002 0.000001 0.000000 0.000000 0.000000 0.000000 0.000000 0.000000 0.000000 0.000000 
t: 0.004049586778 start: 104 end: 158 0.000007 0.000005 0.000033 0.000047 0.000115 0.000192 0.000372 0.000670 0.001179 0.002099 0.003466 0.005405 0.008452 0.012232 0.017748 0.024094 0.032313 0.041467 0.050638 0.060275 0.068476 0.075026 0.079098 0.079849 0.078088 0.072750 0.064761 0.055675 0.045964 0.036010 0.027639 0.019790 0.013602 0.009091 0.005784 0.003456 0.001925 0.001114 0.000579 0.000278 0.000135 0.000064 0.000021 0.000008 0.000003 0.000004 0.000001 0.000000 0.000000 0.000000 0.000000 0.000000 0.000000 0.000000 0.000000 
t: 0.003769230770 start: 105 end: 158 0.000001 0.000001 0.000008 0.000025 0.000036 0.000084 0.000145 0.000291 0.000509 0.000998 0.001644 0.002956 0.004523 0.007266 0.010753 0.015529 0.022112 0.029514 0.038517 0.048192 0.057715 0.066835 0.074241 0.078775 0.080999 0.079262 0.075153 0.067897 0.058376 0.049269 0.038656 0.029414 0.021252 0.014858 0.009759 0.006323 0.003697 0.002152 0.001143 0.000602 0.000280 0.000142 0.000058 0.000025 0.000010 0.000003 0.000000 0.000000 0.000000 0.000000 0.000000 0.000000 0.000000 0.000000 
t: 0.003525179857 start: 108 end: 160 0.000002 0.000004 0.000017 0.000035 0.000079 0.000129 0.000244 0.000482 0.000849 0.001565 0.002631 0.004283 0.006633 0.010339 0.014993 0.021325 0.028798 0.037871 0.047842 0.057261 0.066296 0.074781 0.079758 0.081310 0.080879 0.076206 0.068751 0.059466 0.049577 0.038852 0.029518 0.021317 0.014690 0.009665 0.005885 0.003652 0.002008 0.001047 0.000510 0.000262 0.000104 0.000056 0.000018 0.000009 0.000001 0.000000 0.000000 0.000000 0.000000 0.000000 0.000000 0.000000 0.000000 
t: 0.003310810811 start: 109 end: 162 0.000001 0.000001 0.000008 0.000016 0.000022 0.000076 0.000140 0.000237 0.000494 0.000872 0.001564 0.002616 0.004331 0.006844 0.010665 0.015716 0.021770 0.029886 0.038889 0.048800 0.058750 0.068242 0.076257 0.081041 0.082391 0.081078 0.076201 0.068250 0.058773 0.047658 0.037234 0.027997 0.019604 0.013469 0.008526 0.005233 0.003076 0.001647 0.000872 0.000399 0.000220 0.000080 0.000038 0.000012 0.000002 0.000002 0.000000 0.000000 0.000000 0.000000 0.000000 0.000000 0.000000 0.000000 
t: 0.003121019109 start: 112 end: 163 0.000003 0.000007 0.000013 0.000029 0.000093 0.000174 0.000278 0.000527 0.001001 0.001749 0.002795 0.004895 0.007640 0.011524 0.017173 0.023926 0.032223 0.041748 0.051873 0.062502 0.071207 0.078106 0.082684 0.083413 0.080912 0.075184 0.065816 0.055672 0.044064 0.033879 0.024583 0.017286 0.011279 0.006912 0.004171 0.002333 0.001193 0.000621 0.000296 0.000129 0.000062 0.000018 0.000004 0.000003 0.000000 0.000000 0.000000 0.000000 0.000000 0.000000 0.000000 0.000000 
t: 0.002951807229 start: 114 end: 164 0.000002 0.000006 0.000021 0.000051 0.000102 0.000206 0.000317 0.000683 0.001190 0.002061 0.003514 0.005778 0.008875 0.013608 0.019504 0.027427 0.036029 0.046270 0.056576 0.067114 0.075820 0.081396 0.084180 0.083575 0.079728 0.071800 0.061304 0.050418 0.038946 0.029305 0.020594 0.013831 0.008649 0.005219 0.002921 0.001524 0.000782 0.000393 0.000163 0.000079 0.000028 0.000008 0.000003 0.000000 0.000000 0.000000 0.000000 0.000000 0.000000 0.000000 0.000000 
t: 0.002800000000 start: 116 end: 165 0.000003 0.000019 0.000024 0.000066 0.000127 0.000249 0.000470 0.000882 0.001482 0.002723 0.004434 0.007218 0.011082 0.016643 0.023483 0.031967 0.041743 0.052557 0.062799 0.072580 0.080623 0.084650 0.085300 0.082593 0.075934 0.066236 0.055084 0.043485 0.032866 0.023450 0.015979 0.010141 0.006112 0.003498 0.001819 0.000886 0.000455 0.000213 0.000082 0.000029 0.000010 0.000004 0.000000 0.000000 0.000000 0.000000 0.000000 0.000000 0.000000 0.000000 
t: 0.002663043479 start: 117 end: 167 0.000001 0.000011 0.000018 0.000042 0.000096 0.000187 0.000352 0.000687 0.001240 0.002059 0.003663 0.005944 0.009557 0.014364 0.020758 0.028986 0.038375 0.049100 0.059978 0.070413 0.078952 0.085053 0.086830 0.084496 0.078998 0.069510 0.058761 0.047056 0.035601 0.025436 0.017783 0.011237 0.006815 0.003812 0.001972 0.000992 0.000511 0.000216 0.000088 0.000037 0.000011 0.000001 0.000000 0.000001 0.000000 0.000000 0.000000 0.000000 0.000000 0.000000 0.000000 
t: 0.002538860104 start: 118 end: 168 0.000004 0.000008 0.000012 0.000026 0.000067 0.000165 0.000276 0.000515 0.001018 0.001767 0.003179 0.005148 0.008397 0.012897 0.018962 0.026771 0.035896 0.046636 0.058276 0.068864 0.077907 0.085125 0.087610 0.086785 0.081223 0.072192 0.060810 0.049406 0.037288 0.027181 0.018509 0.011875 0.007286 0.003988 0.002060 0.000982 0.000505 0.000245 0.000097 0.000029 0.000009 0.000003 0.000001 0.000000 0.000000 0.000000 0.000000 0.000000 0.000000 0.000000 0.000000 
t: 0.002425742574 start: 118 end: 169 0.000001 0.000001 0.000005 0.000016 0.000026 0.000060 0.000119 0.000238 0.000405 0.000812 0.001595 0.002823 0.004713 0.007651 0.011954 0.017854 0.025171 0.034546 0.045508 0.056772 0.068200 0.077592 0.085226 0.088544 0.088282 0.082841 0.073668 0.062806 0.050297 0.038532 0.027925 0.018897 0.011959 0.007230 0.003895 0.002033 0.001004 0.000477 0.000199 0.000083 0.000028 0.000009 0.000002 0.000001 0.000000 0.000000 0.000000 0.000000 0.000000 0.000000 0.000000 0.000000 
t: 0.002322274882 start: 120 end: 169 0.000003 0.000002 0.000014 0.000023 0.000046 0.000091 0.000198 0.000399 0.000784 0.001428 0.002673 0.004389 0.007300 0.011438 0.017095 0.024509 0.033964 0.044935 0.056416 0.068143 0.078219 0.085634 0.089553 0.089147 0.083741 0.074576 0.063519 0.051135 0.038835 0.027452 0.018558 0.011765 0.006843 0.003685 0.001916 0.000895 0.000402 0.000185 0.000062 0.000018 0.000009 0.000001 0.000000 0.000000 0.000000 0.000000 0.000000 0.000000 0.000000 0.000000 
t: 0.002227272727 start: 122 end: 170 0.000004 0.000010 0.000023 0.000046 0.000077 0.000195 0.000391 0.000759 0.001374 0.002463 0.004267 0.007283 0.011232 0.016913 0.024554 0.034340 0.044678 0.057334 0.069094 0.078858 0.086435 0.091080 0.089647 0.084378 0.074623 0.063509 0.050646 0.037638 0.026728 0.017751 0.010988 0.006350 0.003320 0.001707 0.000748 0.000356 0.000138 0.000039 0.000022 0.000001 0.000001 0.000000 0.000000 0.000000 0.000000 0.000000 0.000000 0.000000 0.000000 
t: 0.002139737991 start: 123 end: 170 0.000002 0.000010 0.000022 0.000037 0.000085 0.000183 0.000370 0.000799 0.001354 0.002428 0.004400 0.007234 0.011486 0.017144 0.024980 0.034927 0.046262 0.058427 0.070279 0.080748 0.088414 0.091790 0.090115 0.084100 0.074743 0.061981 0.048839 0.036366 0.025276 0.016316 0.010000 0.005525 0.002904 0.001391 0.000662 0.000261 0.000090 0.000034 0.000015 0.000000 0.000001 0.000000 0.000000 0.000000 0.000000 0.000000 0.000000 0.000000 
t: 0.002058823530 start: 123 end: 170 0.000001 0.000005 0.000009 0.000021 0.000047 0.000097 0.000168 0.000387 0.000735 0.001415 0.002639 0.004434 0.007625 0.011947 0.017789 0.026168 0.036142 0.048164 0.060605 0.072121 0.082913 0.090162 0.093027 0.090236 0.083819 0.072976 0.060146 0.046810 0.033994 0.022944 0.014732 0.008647 0.004753 0.002384 0.001182 0.000471 0.000187 0.000072 0.000025 0.000000 0.000001 0.000000 0.000000 0.000000 0.000000 0.000000 0.000000 0.000000 
t: 0.001983805668 start: 124 end: 170 0.000002 0.000002 0.000010 0.000032 0.000043 0.000093 0.000192 0.000404 0.000789 0.001543 0.002732 0.004845 0.008103 0.012654 0.019084 0.027584 0.038702 0.050632 0.063248 0.074873 0.085349 0.091856 0.093757 0.090728 0.082672 0.070675 0.057322 0.043336 0.030873 0.020635 0.012798 0.007336 0.003773 0.001895 0.000889 0.000344 0.000128 0.000059 0.000007 0.000001 0.000000 0.000000 0.000000 0.000000 0.000000 0.000000 0.000000 
t: 0.001914062500 start: 124 end: 170 0.000001 0.000000 0.000007 0.000009 0.000029 0.000051 0.000113 0.000198 0.000447 0.000872 0.001716 0.003073 0.005292 0.008714 0.013814 0.020862 0.030102 0.040946 0.053868 0.066500 0.078357 0.088520 0.094044 0.094356 0.089429 0.080600 0.067891 0.053583 0.039291 0.027524 0.017816 0.010824 0.005803 0.002977 0.001399 0.000613 0.000231 0.000096 0.000027 0.000005 0.000000 0.000000 0.000000 0.000000 0.000000 0.000000 0.000000 
t: 0.001849056604 start: 124 end: 170 0.000001 0.000000 0.000001 0.000008 0.000009 0.000031 0.000055 0.000123 0.000240 0.000506 0.001061 0.001919 0.003535 0.006001 0.009704 0.015176 0.023089 0.032866 0.044665 0.057707 0.070561 0.082420 0.091719 0.095151 0.094601 0.088270 0.077403 0.063355 0.049095 0.035144 0.023788 0.014923 0.008522 0.004588 0.002170 0.000982 0.000381 0.000162 0.000054 0.000014 0.000000 0.000000 0.000000 0.000000 0.000000 0.000000 0.000000 
t: 0.001788321168 start: 125 end: 170 0.000001 0.000000 0.000001 0.000005 0.000014 0.000024 0.000074 0.000143 0.000268 0.000631 0.001215 0.002314 0.004005 0.006840 0.011007 0.017307 0.025935 0.036327 0.049057 0.062129 0.075225 0.086554 0.094156 0.096942 0.093744 0.085654 0.073157 0.058759 0.043513 0.030741 0.020057 0.011866 0.006492 0.003320 0.001527 0.000609 0.000266 0.000092 0.000028 0.000001 0.000000 0.000000 0.000000 0.000000 0.000000 0.000000 
t: 0.001731448763 start: 127 end: 170 0.000001 0.000003 0.000006 0.000018 0.000040 0.000066 0.000177 0.000351 0.000747 0.001498 0.002679 0.004714 0.007996 0.012824 0.020004 0.029223 0.040838 0.053637 0.067624 0.080325 0.090689 0.096372 0.097741 0.092035 0.081909 0.067873 0.052743 0.038313 0.025766 0.016003 0.009157 0.004801 0.002237 0.000997 0.000395 0.000142 0.000045 0.000007 0.000004 0.000000 0.000000 0.000000 0.000000 0.000000 
t: 0.001678082192 start: 128 end: 170 0.000003 0.000003 0.000008 0.000018 0.000042 0.000103 0.000203 0.000468 0.000934 0.001776 0.003304 0.005620 0.009455 0.015221 0.023044 0.033578 0.045996 0.059176 0.073317 0.085562 0.094565 0.098530 0.096905 0.089536 0.076372 0.061749 0.046636 0.032292 0.020846 0.012459 0.006605 0.003258 0.001491 0.000612 0.000209 0.000081 0.000016 0.000007 0.000000 0.000000 0.000000 0.000000 0.000000 
t: 0.001627906977 start: 128 end: 170 0.000001 0.000003 0.000006 0.000009 0.000025 0.000059 0.000121 0.000304 0.000613 0.001153 0.002209 0.003964 0.007014 0.011471 0.017966 0.026975 0.038569 0.051653 0.065601 0.079413 0.090632 0.097990 0.099681 0.095315 0.084671 0.070345 0.054569 0.039749 0.026499 0.016238 0.009056 0.004562 0.002179 0.000878 0.000343 0.000119 0.000032 0.000013 0.000000 0.000000 0.000000 0.000000 0.000000 
t: 0.001580645161 start: 129 end: 170 0.000001 0.000003 0.000008 0.000014 0.000029 0.000073 0.000184 0.000385 0.000753 0.001459 0.002778 0.005200 0.008420 0.014007 0.021440 0.031918 0.044246 0.058094 0.072547 0.085819 0.095530 0.100782 0.099020 0.091866 0.078243 0.063196 0.047271 0.032682 0.020561 0.012007 0.006365 0.003023 0.001320 0.000519 0.000165 0.000053 0.000017 0.000002 0.000000 0.000000 0.000000 0.000000 
t: 0.001536050157 start: 129 end: 170 0.000001 0.000000 0.000005 0.000009 0.000019 0.000039 0.000114 0.000236 0.000563 0.000932 0.001978 0.003723 0.006248 0.010688 0.017072 0.025944 0.037545 0.051220 0.065191 0.079713 0.091573 0.099658 0.102036 0.096960 0.086038 0.071424 0.055033 0.039322 0.025582 0.015644 0.008386 0.004148 0.001884 0.000707 0.000261 0.000073 0.000029 0.000002 0.000000 0.000000 0.000000 0.000000 
t: 0.001493902439 start: 129 end: 170 0.000001 0.000000 0.000001 0.000006 0.000012 0.000017 0.000067 0.000151 0.000373 0.000652 0.001365 0.002582 0.004716 0.008105 0.013391 0.021142 0.031187 0.044144 0.058443 0.073014 0.086932 0.097446 0.102625 0.101138 0.092428 0.079141 0.063010 0.046567 0.031271 0.019334 0.011057 0.005542 0.002590 0.001016 0.000379 0.000115 0.000035 0.000005 0.000000 0.000000 0.000000 0.000000 
t: 0.001454005935 start: 130 end: 170 0.000001 0.000000 0.000003 0.000009 0.000013 0.000033 0.000090 0.000266 0.000450 0.000936 0.001808 0.003412 0.006165 0.010497 0.017001 0.025926 0.037748 0.051523 0.066276 0.081413 0.093797 0.102335 0.103701 0.097775 0.086129 0.070675 0.053832 0.037506 0.023742 0.014035 0.007227 0.003479 0.001426 0.000533 0.000177 0.000049 0.000011 0.000001 0.000000 0.000000 0.000000 
t: 0.001416184971 start: 132 end: 170 0.000002 0.000006 0.000009 0.000019 0.000045 0.000161 0.000321 0.000639 0.001318 0.002499 0.004667 0.008048 0.013496 0.021363 0.032234 0.045254 0.059516 0.075157 0.089510 0.100117 0.104612 0.102483 0.092545 0.077893 0.060990 0.044057 0.028685 0.017419 0.009338 0.004528 0.001968 0.000757 0.000252 0.000072 0.000017 0.000003 0.000000 0.000000 0.000000 
t: 0.001380281690 start: 132 end: 170 0.000001 0.000003 0.000009 0.000006 0.000032 0.000100 0.000189 0.000479 0.000941 0.001820 0.003486 0.006266 0.010692 0.017419 0.027155 0.039385 0.053044 0.069079 0.084276 0.096795 0.104498 0.105385 0.097951 0.084707 0.068250 0.051023 0.034125 0.021179 0.011774 0.005795 0.002632 0.001027 0.000337 0.000113 0.000023 0.000004 0.000000 0.000000 0.000000 
t: 0.001346153846 start: 133 end: 170 0.000003 0.000006 0.000005 0.000021 0.000048 0.000121 0.000349 0.000677 0.001360 0.002544 0.004910 0.008314 0.014358 0.022454 0.034176 0.047269 0.062436 0.078740 0.092758 0.103428 0.106540 0.102686 0.091076 0.075156 0.057681 0.040164 0.025363 0.014539 0.007374 0.003370 0.001406 0.000463 0.000163 0.000037 0.000005 0.000000 0.000000 0.000000 
t: 0.001313672922 start: 133 end: 170 0.000002 0.000002 0.000003 0.000013 0.000031 0.000080 0.000231 0.000494 0.000972 0.001929 0.003757 0.006496 0.011552 0.018672 0.029174 0.041761 0.056349 0.072793 0.088211 0.100996 0.107527 0.105524 0.096754 0.081813 0.064731 0.046167 0.029873 0.017713 0.009313 0.004285 0.001880 0.000633 0.000198 0.000061 0.000010 0.000000 0.000000 0.000000 
t: 0.001282722513 start: 133 end: 170 0.000002 0.000001 0.000001 0.000008 0.000016 0.000049 0.000157 0.000357 0.000723 0.001403 0.002826 0.005094 0.009283 0.015507 0.024568 0.036530 0.050755 0.067133 0.083166 0.097461 0.106879 0.107762 0.101742 0.088157 0.071444 0.052155 0.035169 0.021142 0.011369 0.005530 0.002395 0.000836 0.000285 0.000083 0.000011 0.000001 0.000000 0.000000 
t: 0.001253196931 start: 134 end: 170 0.000002 0.000002 0.000004 0.000011 0.000031 0.000094 0.000247 0.000541 0.001105 0.002095 0.004019 0.007285 0.012774 0.020828 0.031796 0.045275 0.061186 0.078264 0.093273 0.105361 0.108726 0.105743 0.094177 0.077811 0.058631 0.040251 0.025195 0.013817 0.006774 0.003098 0.001089 0.000362 0.000114 0.000015 0.000004 0.000000 0.000000 
t: 0.001225000000 start: 134 end: 170 0.000001 0.000002 0.000003 0.000007 0.000016 0.000060 0.000154 0.000415 0.000819 0.001645 0.003120 0.005840 0.010347 0.017539 0.027376 0.040297 0.055684 0.072807 0.089088 0.102503 0.109324 0.108699 0.098818 0.084680 0.064797 0.045755 0.029344 0.016535 0.008414 0.003861 0.001391 0.000488 0.000133 0.000031 0.000007 0.000000 0.000000 
t: 0.001198044010 start: 135 end: 170 0.000002 0.000002 0.000004 0.000013 0.000039 0.000099 0.000274 0.000631 0.001271 0.002439 0.004692 0.008321 0.014666 0.023534 0.035584 0.050562 0.067202 0.084276 0.099414 0.109039 0.110336 0.103441 0.090362 0.071327 0.051532 0.033730 0.019729 0.010106 0.004714 0.001815 0.000614 0.000177 0.000044 0.000009 0.000000 0.000000 
t: 0.001172248804 start: 135 end: 170 0.000001 0.000002 0.000003 0.000012 0.000019 0.000069 0.000206 0.000490 0.000947 0.001916 0.003737 0.006689 0.012102 0.020215 0.031150 0.045432 0.062156 0.079820 0.095384 0.107157 0.111909 0.107486 0.095137 0.078027 0.057179 0.038390 0.023070 0.012169 0.005781 0.002260 0.000782 0.000233 0.000059 0.000011 0.000000 0.000000 
t: 0.001147540984 start: 135 end: 170 0.000001 0.000002 0.000001 0.000009 0.000013 0.000042 0.000148 0.000377 0.000711 0.001475 0.003000 0.005441 0.010023 0.017174 0.027159 0.040670 0.057183 0.074678 0.091264 0.105117 0.112346 0.110491 0.100210 0.083689 0.063100 0.043314 0.026795 0.014377 0.006998 0.002803 0.001003 0.000299 0.000070 0.000016 0.000001 0.000000 
t: 0.001123853211 start: 135 end: 170 0.000001 0.000001 0.000001 0.000004 0.000010 0.000031 0.000103 0.000278 0.000526 0.001168 0.002363 0.004479 0.008302 0.014446 0.023607 0.036333 0.052059 0.069768 0.087145 0.102271 0.112042 0.112688 0.104479 0.089477 0.068835 0.048455 0.030562 0.017059 0.008294 0.003459 0.001285 0.000361 0.000087 0.000020 0.000001 0.000000 
t: 0.001101123596 start: 136 end: 170 0.000001 0.000001 0.000003 0.000009 0.000017 0.000074 0.000203 0.000425 0.000890 0.001839 0.003640 0.006902 0.012261 0.020344 0.032326 0.047118 0.064539 0.082917 0.099279 0.111067 0.113999 0.108395 0.094876 0.074516 0.053815 0.034491 0.019786 0.009857 0.004225 0.001570 0.000486 0.000103 0.000023 0.000003 0.000000 
t: 0.001079295154 start: 137 end: 170 0.000002 0.000001 0.000007 0.000013 0.000051 0.000141 0.000343 0.000681 0.001453 0.002951 0.005709 0.010362 0.017635 0.028492 0.042557 0.059607 0.078243 0.095924 0.109668 0.114565 0.111562 0.099966 0.080127 0.058971 0.038841 0.022764 0.011518 0.005113 0.001946 0.000623 0.000131 0.000030 0.000003 0.000000 
t: 0.001058315335 start: 137 end: 170 0.000002 0.000001 0.000005 0.000009 0.000034 0.000108 0.000245 0.000567 0.001169 0.002385 0.004610 0.008829 0.015319 0.024984 0.038402 0.054678 0.073629 0.092104 0.107510 0.115054 0.113911 0.104291 0.085850 0.064166 0.043445 0.025877 0.013406 0.006077 0.002359 0.000752 0.000184 0.000034 0.000004 0.000000 
t: 0.001038135593 start: 138 end: 170 0.000003 0.000002 0.000010 0.000020 0.000080 0.000188 0.000445 0.000928 0.001943 0.003809 0.007395 0.013189 0.022005 0.034385 0.050150 0.068897 0.088006 0.105181 0.114414 0.116170 0.108096 0.091246 0.069656 0.047955 0.029002 0.015605 0.007179 0.002847 0.000926 0.000221 0.000041 0.000006 0.000000 
t: 0.001018711019 start: 138 end: 170 0.000002 0.000002 0.000007 0.000016 0.000049 0.000142 0.000342 0.000775 0.001530 0.003144 0.006260 0.011289 0.019345 0.030670 0.045930 0.064239 0.083765 0.102094 0.113657 0.117584 0.111734 0.096196 0.074898 0.052670 0.032502 0.017894 0.008422 0.003357 0.001159 0.000262 0.000057 0.000007 0.000000 
t: 0.001000000000 start: 138 end: 170 0.000002 0.000001 0.000005 0.000013 0.000034 0.000105 0.000261 0.000594 0.001252 0.002638 0.005206 0.009653 0.017047 0.027332 0.041979 0.059855 0.079186 0.098635 0.112676 0.118133 0.114665 0.100876 0.080243 0.057271 0.036404 0.020406 0.009756 0.003987 0.001379 0.000324 0.000073 0.000009 0.000000 
