t: 0.059999999999 start: 15 end: 52 0.000001 0.000022 0.000078 0.000293 0.000986 0.002752 0.006805 0.015272 0.028828 0.049292 0.074455 0.100254 0.120655 0.130289 0.126401 0.110070 0.086670 0.061555 0.039804 0.023034 0.012366 0.005827 0.002617 0.001104 0.000396 0.000119 0.000041 0.000011 0.000001 0.000002 0.000000 0.000000 0.000000 0.000000 0.000000 0.000000 0.000000 0.000000 
t: 0.054545454544 start: 17 end: 55 0.000004 0.000030 0.000079 0.000314 0.000986 0.002740 0.006553 0.013821 0.026549 0.044552 0.067308 0.091243 0.111175 0.123816 0.124592 0.112877 0.093132 0.069558 0.047701 0.030003 0.016915 0.008811 0.004252 0.001844 0.000702 0.000303 0.000099 0.000033 0.000006 0.000001 0.000001 0.000000 0.000000 0.000000 0.000000 0.000000 0.000000 0.000000 0.000000 
t: 0.049999999999 start: 17 end: 57 0.000001 0.000001 0.000008 0.000027 0.000103 0.000364 0.001048 0.002969 0.006424 0.013366 0.024990 0.041470 0.062508 0.084481 0.104707 0.117895 0.121127 0.113033 0.096253 0.075935 0.053983 0.035217 0.021292 0.011822 0.006147 0.002878 0.001174 0.000505 0.000189 0.000062 0.000013 0.000005 0.000003 0.000000 0.000000 0.000000 0.000000 0.000000 0.000000 0.000000 0.000000 
t: 0.046153846153 start: 18 end: 59 0.000001 0.000000 0.000003 0.000007 0.000045 0.000155 0.000486 0.001139 0.003037 0.006764 0.013616 0.024445 0.039567 0.059531 0.080463 0.099678 0.112862 0.117463 0.111684 0.097658 0.078889 0.058557 0.039612 0.025062 0.014759 0.007671 0.003872 0.001773 0.000757 0.000304 0.000102 0.000024 0.000009 0.000003 0.000002 0.000000 0.000000 0.000000 0.000000 0.000000 0.000000 0.000000 
t: 0.042857142857 start: 21 end: 63 0.000001 0.000003 0.000023 0.000059 0.000216 0.000527 0.001418 0.003432 0.007220 0.013950 0.024480 0.039417 0.057657 0.077952 0.096298 0.108643 0.114414 0.110059 0.097454 0.080051 0.061142 0.042662 0.027927 0.016752 0.009355 0.004857 0.002375 0.000975 0.000424 0.000161 0.000065 0.000024 0.000005 0.000001 0.000000 0.000001 0.000000 0.000000 0.000000 0.000000 0.000000 0.000000 0.000000 
t: 0.040000000000 start: 24 end: 64 0.000010 0.000031 0.000098 0.000232 0.000676 0.001685 0.003777 0.008128 0.014696 0.025132 0.040066 0.057590 0.076253 0.093916 0.106333 0.111317 0.107606 0.096680 0.079988 0.062239 0.044211 0.029625 0.018216 0.010667 0.005700 0.002860 0.001332 0.000573 0.000211 0.000097 0.000037 0.000010 0.000008 0.000000 0.000000 0.000000 0.000000 0.000000 0.000000 0.000000 0.000000 
t: 0.037500000000 start: 25 end: 66 0.000004 0.000011 0.000033 0.000130 0.000331 0.000893 0.002099 0.004528 0.008836 0.016234 0.026667 0.041167 0.058093 0.076483 0.092542 0.104188 0.108537 0.105129 0.094641 0.079371 0.061872 0.044839 0.030461 0.019414 0.011233 0.006279 0.003237 0.001580 0.000705 0.000282 0.000112 0.000044 0.000020 0.000005 0.000000 0.000000 0.000000 0.000000 0.000000 0.000000 0.000000 0.000000 
t: 0.035294117647 start: 25 end: 69 0.000001 0.000000 0.000003 0.000009 0.000067 0.000181 0.000429 0.001134 0.002645 0.005433 0.010353 0.017609 0.028906 0.043104 0.059687 0.077220 0.092612 0.102443 0.106346 0.102085 0.092107 0.077354 0.060495 0.044692 0.030683 0.019511 0.011772 0.006581 0.003452 0.001723 0.000799 0.000362 0.000131 0.000050 0.000011 0.000005 0.000003 0.000002 0.000000 0.000000 0.000000 0.000000 0.000000 0.000000 0.000000 
t: 0.033333333333 start: 27 end: 72 0.000001 0.000001 0.000009 0.000031 0.000088 0.000247 0.000618 0.001548 0.003304 0.006461 0.012054 0.020146 0.031156 0.046100 0.062260 0.078102 0.092569 0.101973 0.103744 0.099757 0.089007 0.074914 0.058393 0.043406 0.029635 0.019257 0.011751 0.006605 0.003623 0.001788 0.000853 0.000347 0.000152 0.000064 0.000021 0.000008 0.000004 0.000003 0.000000 0.000000 0.000000 0.000000 0.000000 0.000000 0.000000 0.000000 
t: 0.031578947368 start: 29 end: 74 0.000002 0.000008 0.000019 0.000045 0.000135 0.000385 0.000881 0.002069 0.004234 0.007834 0.014023 0.022743 0.035003 0.049201 0.065205 0.080721 0.092772 0.100587 0.102318 0.096354 0.084832 0.071842 0.056280 0.041230 0.028200 0.018529 0.011232 0.006453 0.003612 0.001778 0.000847 0.000377 0.000161 0.000050 0.000021 0.000014 0.000001 0.000000 0.000002 0.000000 0.000000 0.000000 0.000000 0.000000 0.000000 0.000000 
t: 0.030000000000 start: 30 end: 75 0.000001 0.000004 0.000016 0.000027 0.000087 0.000218 0.000584 0.001239 0.002749 0.005370 0.009726 0.016627 0.026028 0.038728 0.053061 0.068976 0.082823 0.093644 0.100023 0.099231 0.092693 0.081854 0.068370 0.052110 0.038707 0.026619 0.017225 0.010582 0.006096 0.003437 0.001717 0.000837 0.000337 0.000159 0.000062 0.000021 0.000009 0.000003 0.000000 0.000000 0.000000 0.000000 0.000000 0.000000 0.000000 0.000000 
t: 0.028571428571 start: 31 end: 76 0.000001 0.000000 0.000008 0.000019 0.000062 0.000140 0.000352 0.000837 0.001865 0.003684 0.006920 0.012081 0.019781 0.029900 0.042966 0.058111 0.072070 0.085536 0.094679 0.098593 0.096786 0.089111 0.077454 0.062933 0.048875 0.035814 0.024378 0.015712 0.009644 0.005698 0.003088 0.001573 0.000723 0.000340 0.000157 0.000060 0.000037 0.000009 0.000003 0.000000 0.000000 0.000000 0.000000 0.000000 0.000000 0.000000 
t: 0.027272727273 start: 33 end: 79 0.000003 0.000001 0.000015 0.000035 0.000104 0.000227 0.000569 0.001229 0.002584 0.004924 0.008898 0.014960 0.023499 0.034533 0.048433 0.062549 0.076445 0.088128 0.095143 0.097056 0.093573 0.084426 0.072367 0.058407 0.044700 0.032232 0.021732 0.014267 0.008625 0.005000 0.002749 0.001398 0.000650 0.000298 0.000148 0.000058 0.000024 0.000007 0.000004 0.000000 0.000000 0.000000 0.000000 0.000000 0.000000 0.000000 0.000000 
t: 0.026086956522 start: 34 end: 82 0.000001 0.000002 0.000007 0.000029 0.000067 0.000157 0.000414 0.000870 0.001791 0.003519 0.006697 0.011449 0.018483 0.027821 0.039845 0.053962 0.067686 0.080451 0.090359 0.094900 0.095206 0.089442 0.079930 0.067008 0.053197 0.040161 0.028577 0.019179 0.012353 0.007447 0.004406 0.002386 0.001151 0.000591 0.000259 0.000121 0.000046 0.000017 0.000010 0.000002 0.000000 0.000001 0.000000 0.000000 0.000000 0.000000 0.000000 0.000000 0.000000 
t: 0.025000000000 start: 36 end: 83 0.000002 0.000007 0.000014 0.000039 0.000121 0.000296 0.000635 0.001275 0.002655 0.004891 0.008803 0.014722 0.022596 0.033419 0.045886 0.059282 0.073079 0.084399 0.091287 0.094408 0.092578 0.085139 0.073873 0.061004 0.047862 0.035675 0.025224 0.016801 0.010306 0.006329 0.003662 0.001891 0.001009 0.000456 0.000217 0.000087 0.000041 0.000023 0.000005 0.000002 0.000000 0.000000 0.000000 0.000000 0.000000 0.000000 0.000000 0.000000 
t: 0.024000000000 start: 36 end: 85 0.000001 0.000001 0.000003 0.000011 0.000030 0.000105 0.000181 0.000450 0.000989 0.001981 0.003758 0.006970 0.011663 0.018457 0.027631 0.039161 0.052406 0.065515 0.078079 0.086802 0.092310 0.093567 0.088489 0.079369 0.067763 0.055101 0.042726 0.030968 0.021597 0.014029 0.008731 0.005092 0.003017 0.001582 0.000772 0.000401 0.000162 0.000079 0.000030 0.000010 0.000010 0.000001 0.000000 0.000000 0.000000 0.000000 0.000000 0.000000 0.000000 0.000000 
t: 0.023076923077 start: 38 end: 88 0.000001 0.000002 0.000013 0.000025 0.000065 0.000152 0.000309 0.000727 0.001475 0.003060 0.005426 0.009549 0.015102 0.023236 0.033627 0.046093 0.058861 0.071401 0.081884 0.088984 0.092663 0.090141 0.084022 0.073643 0.061638 0.048927 0.037147 0.026381 0.017729 0.011585 0.007313 0.004133 0.002333 0.001213 0.000607 0.000327 0.000120 0.000052 0.000014 0.000011 0.000004 0.000004 0.000001 0.000000 0.000000 0.000000 0.000000 0.000000 0.000000 0.000000 0.000000 
t: 0.022222222222 start: 40 end: 89 0.000002 0.000008 0.000015 0.000050 0.000107 0.000267 0.000561 0.001196 0.002428 0.004369 0.007677 0.012809 0.019913 0.028862 0.040240 0.052440 0.065687 0.076956 0.085191 0.090763 0.090917 0.086327 0.078146 0.067344 0.055119 0.042519 0.031627 0.021828 0.014667 0.009555 0.005513 0.003358 0.001735 0.000919 0.000486 0.000230 0.000109 0.000033 0.000016 0.000006 0.000002 0.000003 0.000000 0.000000 0.000000 0.000000 0.000000 0.000000 0.000000 0.000000 
t: 0.021428571428 start: 41 end: 91 0.000001 0.000003 0.000023 0.000026 0.000081 0.000211 0.000440 0.000968 0.001997 0.003696 0.006340 0.010779 0.016807 0.025270 0.035466 0.047492 0.059836 0.071690 0.081307 0.088443 0.090307 0.088055 0.081723 0.071841 0.060040 0.047912 0.036356 0.026254 0.017960 0.011805 0.007333 0.004407 0.002452 0.001347 0.000731 0.000332 0.000141 0.000077 0.000030 0.000011 0.000006 0.000003 0.000000 0.000000 0.000001 0.000000 0.000000 0.000000 0.000000 0.000000 0.000000 
t: 0.020689655172 start: 42 end: 93 0.000001 0.000005 0.000009 0.000028 0.000066 0.000179 0.000395 0.000806 0.001574 0.003099 0.005408 0.009165 0.014477 0.021986 0.031595 0.043045 0.054871 0.066796 0.077577 0.085480 0.089035 0.088753 0.083762 0.075328 0.064511 0.053017 0.041059 0.030342 0.021403 0.014270 0.009201 0.005758 0.003232 0.001842 0.000982 0.000528 0.000226 0.000112 0.000042 0.000018 0.000008 0.000004 0.000003 0.000002 0.000000 0.000000 0.000000 0.000000 0.000000 0.000000 0.000000 0.000000 
t: 0.020000000000 start: 43 end: 95 0.000001 0.000002 0.000009 0.000019 0.000061 0.000159 0.000309 0.000671 0.001340 0.002605 0.004624 0.007949 0.012714 0.019510 0.028283 0.038675 0.050627 0.062832 0.073596 0.082356 0.086936 0.089272 0.084948 0.078050 0.068309 0.057253 0.045346 0.034325 0.024687 0.017171 0.011076 0.007017 0.004101 0.002442 0.001361 0.000734 0.000340 0.000159 0.000070 0.000043 0.000010 0.000004 0.000002 0.000001 0.000001 0.000000 0.000000 0.000000 0.000000 0.000000 0.000000 0.000000 0.000000 
t: 0.019354838710 start: 44 end: 95 0.000001 0.000005 0.000007 0.000017 0.000052 0.000120 0.000289 0.000577 0.001128 0.002192 0.004109 0.007037 0.011346 0.017091 0.025690 0.035516 0.046777 0.058582 0.069841 0.078969 0.085780 0.087773 0.086245 0.080806 0.070955 0.060474 0.049499 0.037984 0.028082 0.019697 0.013213 0.008340 0.005203 0.003047 0.001715 0.000957 0.000488 0.000204 0.000105 0.000056 0.000023 0.000006 0.000001 0.000000 0.000000 0.000001 0.000000 0.000000 0.000000 0.000000 0.000000 0.000000 
t: 0.018750000000 start: 45 end: 96 0.000002 0.000001 0.000005 0.000017 0.000040 0.000120 0.000228 0.000508 0.001025 0.001999 0.003508 0.006098 0.010163 0.015759 0.023368 0.032573 0.043319 0.054930 0.066530 0.076002 0.083788 0.086855 0.086422 0.081810 0.074201 0.063971 0.052280 0.041530 0.030977 0.022329 0.015293 0.009850 0.006287 0.003783 0.002082 0.001189 0.000606 0.000293 0.000153 0.000064 0.000024 0.000013 0.000004 0.000000 0.000000 0.000000 0.000000 0.000000 0.000001 0.000000 0.000000 0.000000 
t: 0.018181818182 start: 46 end: 98 0.000001 0.000003 0.000005 0.000017 0.000035 0.000103 0.000220 0.000463 0.000905 0.001752 0.003229 0.005460 0.009221 0.014376 0.021362 0.030423 0.040730 0.051906 0.062795 0.073654 0.081220 0.085757 0.086358 0.082944 0.075878 0.066404 0.055977 0.044281 0.033795 0.024609 0.017292 0.011382 0.007431 0.004456 0.002601 0.001460 0.000767 0.000391 0.000194 0.000084 0.000035 0.000011 0.000010 0.000002 0.000000 0.000000 0.000000 0.000001 0.000000 0.000000 0.000000 0.000000 0.000000 
t: 0.017647058823 start: 47 end: 100 0.000001 0.000002 0.000005 0.000015 0.000027 0.000097 0.000187 0.000403 0.000847 0.001588 0.002941 0.005125 0.008413 0.013165 0.019922 0.028377 0.038221 0.049315 0.060402 0.071038 0.078793 0.084622 0.085932 0.083296 0.077347 0.068713 0.058396 0.047309 0.036224 0.026850 0.019185 0.012858 0.008481 0.005220 0.003100 0.001690 0.000964 0.000485 0.000243 0.000118 0.000046 0.000023 0.000007 0.000005 0.000000 0.000001 0.000000 0.000001 0.000000 0.000000 0.000000 0.000000 0.000000 0.000000 
t: 0.017142857143 start: 49 end: 101 0.000006 0.000003 0.000010 0.000038 0.000068 0.000177 0.000407 0.000797 0.001467 0.002729 0.004743 0.007889 0.012507 0.018613 0.026698 0.036234 0.047011 0.058250 0.068228 0.077036 0.082932 0.085092 0.083883 0.078441 0.070727 0.060348 0.049482 0.038643 0.029104 0.020853 0.014306 0.009404 0.005968 0.003609 0.002010 0.001095 0.000635 0.000320 0.000132 0.000059 0.000023 0.000014 0.000006 0.000002 0.000000 0.000000 0.000001 0.000000 0.000000 0.000000 0.000000 0.000000 0.000000 
t: 0.016666666667 start: 49 end: 102 0.000001 0.000002 0.000004 0.000019 0.000024 0.000078 0.000180 0.000360 0.000677 0.001424 0.002573 0.004537 0.007425 0.011774 0.017704 0.025391 0.034465 0.045379 0.055604 0.066315 0.075505 0.081419 0.084656 0.083564 0.079297 0.071686 0.062875 0.051278 0.040485 0.031005 0.022511 0.015592 0.010414 0.006697 0.004110 0.002244 0.001345 0.000715 0.000345 0.000185 0.000082 0.000030 0.000011 0.000008 0.000004 0.000000 0.000001 0.000000 0.000000 0.000000 0.000000 0.000000 0.000000 0.000000 
t: 0.016216216216 start: 51 end: 104 0.000003 0.000007 0.000013 0.000032 0.000077 0.000164 0.000318 0.000675 0.001397 0.002448 0.004271 0.007036 0.011284 0.016984 0.024305 0.033066 0.043407 0.054563 0.064545 0.073690 0.080215 0.083918 0.083115 0.080141 0.073083 0.063536 0.053272 0.042500 0.032342 0.023906 0.016857 0.011227 0.007400 0.004412 0.002605 0.001559 0.000781 0.000446 0.000224 0.000105 0.000043 0.000019 0.000005 0.000002 0.000001 0.000001 0.000000 0.000000 0.000000 0.000000 0.000000 0.000000 0.000000 0.000000 
t: 0.015789473684 start: 51 end: 104 0.000001 0.000002 0.000009 0.000008 0.000034 0.000073 0.000157 0.000347 0.000691 0.001324 0.002383 0.004149 0.006735 0.010852 0.016345 0.023392 0.031969 0.042204 0.053209 0.063212 0.072162 0.079346 0.082954 0.083189 0.080319 0.073578 0.064774 0.054702 0.043903 0.033727 0.025190 0.017515 0.012250 0.007930 0.004830 0.003007 0.001643 0.000922 0.000507 0.000246 0.000115 0.000059 0.000022 0.000007 0.000006 0.000000 0.000000 0.000001 0.000000 0.000000 0.000000 0.000000 0.000000 0.000000 
t: 0.015384615385 start: 53 end: 106 0.000004 0.000006 0.000011 0.000035 0.000061 0.000157 0.000356 0.000681 0.001335 0.002303 0.004017 0.006631 0.010499 0.015792 0.022858 0.031469 0.041193 0.051872 0.061666 0.070995 0.078596 0.082364 0.082874 0.080453 0.074022 0.065769 0.055588 0.045063 0.035022 0.026166 0.018355 0.013048 0.008237 0.005412 0.003141 0.001817 0.001050 0.000556 0.000280 0.000137 0.000070 0.000018 0.000013 0.000005 0.000002 0.000001 0.000000 0.000000 0.000000 0.000000 0.000000 0.000000 0.000000 0.000000 
t: 0.015000000000 start: 53 end: 106 0.000001 0.000000 0.000006 0.000014 0.000027 0.000073 0.000156 0.000348 0.000648 0.001313 0.002316 0.003963 0.006573 0.010265 0.015496 0.022547 0.030865 0.040306 0.050869 0.060912 0.070411 0.077474 0.081989 0.082489 0.080292 0.074214 0.066554 0.056225 0.045891 0.035882 0.026880 0.019210 0.013460 0.008952 0.005725 0.003311 0.002016 0.001110 0.000632 0.000297 0.000157 0.000069 0.000042 0.000011 0.000006 0.000002 0.000001 0.000000 0.000000 0.000000 0.000000 0.000000 0.000000 0.000000 
t: 0.014634146341 start: 54 end: 108 0.000001 0.000003 0.000008 0.000010 0.000019 0.000077 0.000177 0.000337 0.000667 0.001336 0.002317 0.003985 0.006475 0.010196 0.015305 0.022296 0.030543 0.039650 0.050562 0.060107 0.069594 0.077050 0.081356 0.082001 0.080398 0.074514 0.066405 0.056834 0.046517 0.036618 0.027417 0.019899 0.014022 0.009186 0.005875 0.003641 0.002071 0.001242 0.000650 0.000336 0.000148 0.000079 0.000055 0.000011 0.000007 0.000002 0.000001 0.000000 0.000000 0.000000 0.000000 0.000000 0.000000 0.000000 0.000000 
t: 0.014285714286 start: 56 end: 110 0.000003 0.000005 0.000015 0.000028 0.000062 0.000193 0.000334 0.000724 0.001298 0.002364 0.003973 0.006546 0.010311 0.015443 0.021932 0.030255 0.039726 0.049784 0.059828 0.069250 0.076607 0.080375 0.082189 0.079818 0.074506 0.066640 0.057254 0.046597 0.037181 0.028012 0.020271 0.014275 0.009432 0.006171 0.003744 0.002240 0.001252 0.000690 0.000347 0.000167 0.000091 0.000043 0.000012 0.000006 0.000004 0.000001 0.000001 0.000000 0.000000 0.000000 0.000000 0.000000 0.000000 0.000000 0.000000 
t: 0.013953488372 start: 57 end: 111 0.000002 0.000005 0.000013 0.000034 0.000087 0.000165 0.000373 0.000740 0.001428 0.002401 0.004022 0.006591 0.010392 0.015304 0.022200 0.030232 0.039866 0.049658 0.059598 0.068994 0.076270 0.080712 0.080990 0.079773 0.074085 0.066356 0.057256 0.047014 0.037336 0.028075 0.020676 0.014392 0.009848 0.006167 0.003900 0.002299 0.001302 0.000743 0.000378 0.000171 0.000096 0.000028 0.000014 0.000007 0.000003 0.000001 0.000003 0.000000 0.000000 0.000000 0.000000 0.000000 0.000000 0.000000 0.000000 
t: 0.013636363636 start: 58 end: 111 0.000002 0.000005 0.000016 0.000038 0.000080 0.000187 0.000388 0.000791 0.001394 0.002443 0.004199 0.006829 0.010491 0.015673 0.022112 0.030698 0.040068 0.049950 0.059528 0.068763 0.075827 0.080058 0.081191 0.079266 0.073992 0.066132 0.056738 0.047068 0.037129 0.028315 0.020682 0.014680 0.009679 0.006357 0.004044 0.002317 0.001414 0.000740 0.000345 0.000198 0.000112 0.000030 0.000019 0.000008 0.000000 0.000002 0.000002 0.000000 0.000000 0.000000 0.000000 0.000000 0.000000 0.000000 
t: 0.013333333333 start: 59 end: 113 0.000003 0.000011 0.000015 0.000041 0.000092 0.000200 0.000430 0.000802 0.001461 0.002559 0.004406 0.006910 0.010731 0.016103 0.022570 0.031101 0.040221 0.050337 0.059869 0.068852 0.075404 0.079756 0.080974 0.078783 0.073646 0.065809 0.056409 0.046571 0.037180 0.028254 0.020515 0.014546 0.009656 0.006480 0.004019 0.002441 0.001341 0.000740 0.000380 0.000224 0.000092 0.000039 0.000016 0.000005 0.000003 0.000001 0.000002 0.000000 0.000000 0.000000 0.000000 0.000000 0.000000 0.000000 0.000000 
t: 0.013043478261 start: 59 end: 113 0.000001 0.000002 0.000009 0.000020 0.000051 0.000101 0.000232 0.000449 0.000827 0.001584 0.002795 0.004341 0.007293 0.011079 0.016491 0.023175 0.031619 0.040906 0.050238 0.060670 0.069043 0.075506 0.079566 0.080647 0.078544 0.073078 0.064917 0.056104 0.046212 0.036528 0.027958 0.020319 0.014425 0.009552 0.006400 0.004068 0.002342 0.001438 0.000719 0.000382 0.000211 0.000092 0.000038 0.000017 0.000005 0.000002 0.000004 0.000000 0.000000 0.000000 0.000000 0.000000 0.000000 0.000000 0.000000 
t: 0.012765957447 start: 60 end: 114 0.000002 0.000001 0.000011 0.000022 0.000058 0.000123 0.000253 0.000458 0.000944 0.001712 0.002808 0.004743 0.007577 0.011553 0.016955 0.023955 0.032388 0.041261 0.051181 0.060963 0.069108 0.076055 0.079345 0.080544 0.077897 0.071941 0.064545 0.055851 0.045399 0.036004 0.027177 0.020081 0.014109 0.009481 0.006360 0.003919 0.002425 0.001322 0.000704 0.000418 0.000188 0.000094 0.000039 0.000015 0.000004 0.000006 0.000001 0.000000 0.000000 0.000000 0.000000 0.000000 0.000000 0.000000 0.000000 
t: 0.012500000000 start: 61 end: 115 0.000001 0.000004 0.000012 0.000028 0.000058 0.000136 0.000288 0.000534 0.000977 0.001818 0.003086 0.005045 0.007988 0.012134 0.017583 0.025023 0.032641 0.042502 0.052061 0.061545 0.069789 0.075635 0.080035 0.080003 0.076609 0.071891 0.063712 0.054355 0.044921 0.035201 0.026661 0.019641 0.013747 0.009351 0.006154 0.003787 0.002307 0.001296 0.000713 0.000394 0.000178 0.000087 0.000042 0.000014 0.000008 0.000003 0.000002 0.000000 0.000000 0.000000 0.000000 0.000000 0.000000 0.000000 0.000000 
t: 0.012244897959 start: 61 end: 116 0.000001 0.000001 0.000002 0.000016 0.000040 0.000065 0.000163 0.000279 0.000622 0.001083 0.001961 0.003370 0.005377 0.008402 0.012735 0.018519 0.025735 0.033866 0.043484 0.052933 0.062615 0.069939 0.076451 0.079593 0.079551 0.076379 0.070653 0.062787 0.053497 0.043672 0.034233 0.026026 0.019133 0.013357 0.009068 0.005863 0.003694 0.002219 0.001258 0.000663 0.000378 0.000165 0.000085 0.000042 0.000010 0.000011 0.000003 0.000000 0.000001 0.000000 0.000000 0.000000 0.000000 0.000000 0.000000 0.000000 
t: 0.012000000000 start: 62 end: 117 0.000001 0.000001 0.000005 0.000020 0.000037 0.000074 0.000166 0.000370 0.000655 0.001237 0.002091 0.003690 0.005716 0.009091 0.013656 0.019181 0.026709 0.035315 0.044353 0.054441 0.062846 0.071094 0.076530 0.079600 0.079259 0.075454 0.069856 0.061328 0.052616 0.042164 0.033418 0.025362 0.018366 0.012798 0.008750 0.005665 0.003479 0.002066 0.001218 0.000639 0.000365 0.000172 0.000086 0.000034 0.000016 0.000006 0.000002 0.000002 0.000000 0.000000 0.000000 0.000000 0.000000 0.000000 0.000000 0.000000 
t: 0.011764705882 start: 62 end: 116 0.000001 0.000000 0.000001 0.000007 0.000020 0.000045 0.000099 0.000187 0.000395 0.000738 0.001355 0.002390 0.003884 0.006245 0.009737 0.014370 0.020404 0.027910 0.036486 0.046048 0.055431 0.064574 0.071396 0.077102 0.079056 0.078611 0.074844 0.068613 0.060284 0.050944 0.041037 0.032230 0.024299 0.017660 0.012425 0.008301 0.005282 0.003259 0.001977 0.001105 0.000647 0.000289 0.000178 0.000077 0.000037 0.000013 0.000005 0.000000 0.000002 0.000000 0.000000 0.000000 0.000000 0.000000 0.000000 
t: 0.011538461538 start: 62 end: 117 0.000001 0.000000 0.000000 0.000002 0.000005 0.000027 0.000054 0.000104 0.000239 0.000422 0.000841 0.001499 0.002594 0.004309 0.006816 0.010477 0.015295 0.021554 0.029334 0.037776 0.047385 0.057330 0.065616 0.072352 0.077453 0.078780 0.077797 0.074052 0.067522 0.058563 0.049357 0.039637 0.030990 0.023220 0.016987 0.011700 0.007795 0.004986 0.003122 0.001760 0.001116 0.000557 0.000301 0.000130 0.000090 0.000041 0.000007 0.000002 0.000002 0.000001 0.000000 0.000000 0.000000 0.000000 0.000000 0.000000 
t: 0.011320754717 start: 63 end: 118 0.000001 0.000000 0.000000 0.000002 0.000010 0.000025 0.000063 0.000135 0.000278 0.000487 0.000945 0.001707 0.002910 0.004696 0.007415 0.011321 0.016339 0.022963 0.030707 0.039214 0.049383 0.058506 0.067105 0.073340 0.077104 0.079010 0.077168 0.072767 0.065870 0.057150 0.047616 0.038331 0.029479 0.022596 0.015942 0.010859 0.007388 0.004591 0.002865 0.001665 0.000999 0.000541 0.000241 0.000148 0.000079 0.000032 0.000002 0.000002 0.000002 0.000001 0.000000 0.000000 0.000000 0.000000 0.000000 0.000000 
t: 0.011111111111 start: 63 end: 118 0.000001 0.000000 0.000000 0.000001 0.000003 0.000015 0.000033 0.000068 0.000151 0.000338 0.000592 0.001051 0.001911 0.003271 0.005176 0.008201 0.012180 0.017731 0.024269 0.032025 0.041338 0.050978 0.060413 0.068191 0.073981 0.077459 0.078799 0.076037 0.071687 0.064655 0.055181 0.045779 0.036209 0.028608 0.021309 0.015036 0.010297 0.006695 0.004347 0.002598 0.001520 0.000907 0.000489 0.000241 0.000136 0.000065 0.000014 0.000008 0.000004 0.000002 0.000000 0.000000 0.000000 0.000000 0.000000 0.000000 
t: 0.010909090909 start: 65 end: 120 0.000001 0.000000 0.000002 0.000002 0.000019 0.000047 0.000068 0.000187 0.000338 0.000722 0.001260 0.002179 0.003741 0.005790 0.008714 0.013475 0.018755 0.025889 0.034340 0.043288 0.052734 0.061835 0.069527 0.074830 0.077961 0.078026 0.075461 0.069924 0.062677 0.053300 0.043761 0.035063 0.027103 0.019846 0.013984 0.009519 0.006248 0.003914 0.002432 0.001380 0.000802 0.000427 0.000228 0.000124 0.000044 0.000022 0.000009 0.000001 0.000001 0.000000 0.000000 0.000000 0.000000 0.000000 0.000000 0.000000 
t: 0.010714285714 start: 68 end: 121 0.000004 0.000003 0.000028 0.000036 0.000105 0.000210 0.000432 0.000805 0.001448 0.002557 0.004127 0.006365 0.009809 0.014526 0.020442 0.027676 0.036093 0.045387 0.054820 0.063440 0.070467 0.076036 0.077950 0.077159 0.074831 0.068327 0.060292 0.051506 0.041854 0.033397 0.025383 0.018573 0.013002 0.008781 0.005644 0.003609 0.002178 0.001232 0.000704 0.000404 0.000197 0.000086 0.000046 0.000022 0.000006 0.000000 0.000001 0.000000 0.000000 0.000000 0.000000 0.000000 0.000000 0.000000 
t: 0.010526315789 start: 68 end: 122 0.000001 0.000003 0.000012 0.000026 0.000057 0.000118 0.000295 0.000490 0.000924 0.001739 0.002861 0.004508 0.007273 0.010935 0.015721 0.022163 0.029544 0.038012 0.047711 0.056865 0.065390 0.071778 0.076341 0.077898 0.077192 0.073227 0.066278 0.058114 0.049314 0.039974 0.031514 0.023686 0.017456 0.011920 0.007908 0.005168 0.003252 0.001999 0.001063 0.000608 0.000352 0.000174 0.000068 0.000041 0.000019 0.000005 0.000003 0.000000 0.000000 0.000000 0.000000 0.000000 0.000000 0.000000 0.000000 
t: 0.010344827586 start: 68 end: 123 0.000001 0.000003 0.000002 0.000012 0.000041 0.000077 0.000165 0.000309 0.000596 0.001109 0.001911 0.003266 0.005238 0.008106 0.012110 0.017238 0.023961 0.031714 0.040430 0.049657 0.059183 0.067016 0.073029 0.076823 0.078011 0.076269 0.071044 0.064749 0.056208 0.046810 0.037864 0.029489 0.022080 0.015983 0.010903 0.007266 0.004672 0.002848 0.001747 0.000972 0.000554 0.000261 0.000151 0.000069 0.000035 0.000011 0.000006 0.000001 0.000000 0.000000 0.000000 0.000000 0.000000 0.000000 0.000000 0.000000 
t: 0.010169491525 start: 68 end: 124 0.000001 0.000002 0.000001 0.000002 0.000022 0.000052 0.000088 0.000191 0.000380 0.000717 0.001317 0.002249 0.003770 0.005892 0.009090 0.013276 0.019262 0.025651 0.033995 0.042858 0.052490 0.060836 0.068541 0.074010 0.077986 0.077379 0.075092 0.069578 0.062278 0.054030 0.044213 0.035754 0.027595 0.020299 0.014691 0.009822 0.006596 0.004162 0.002558 0.001481 0.000853 0.000469 0.000258 0.000115 0.000061 0.000023 0.000010 0.000003 0.000001 0.000000 0.000000 0.000000 0.000000 0.000000 0.000000 0.000000 0.000000 
t: 0.010000000000 start: 69 end: 125 0.000001 0.000002 0.000002 0.000009 0.000033 0.000060 0.000110 0.000243 0.000482 0.000834 0.001582 0.002630 0.004255 0.006746 0.010091 0.014956 0.020757 0.028027 0.036658 0.045482 0.054355 0.063354 0.070080 0.075090 0.077861 0.076934 0.073603 0.067817 0.060087 0.051166 0.042294 0.033474 0.025395 0.018755 0.013171 0.008954 0.005847 0.003747 0.002234 0.001262 0.000778 0.000397 0.000198 0.000108 0.000056 0.000014 0.000005 0.000002 0.000002 0.000000 0.000000 0.000000 0.000000 0.000000 0.000000 0.000000 0.000000 
t: 0.008448275866 start: 75 end: 132 0.000001 0.000001 0.000000 0.000004 0.000010 0.000029 0.000052 0.000114 0.000241 0.000474 0.000862 0.001566 0.002538 0.004144 0.006569 0.009865 0.014303 0.019788 0.026324 0.034785 0.043430 0.052339 0.060816 0.067949 0.073009 0.076377 0.076528 0.073987 0.068776 0.061591 0.052862 0.044393 0.035654 0.027702 0.020508 0.014929 0.010156 0.006869 0.004324 0.002606 0.001533 0.000955 0.000517 0.000278 0.000127 0.000061 0.000030 0.000014 0.000004 0.000005 0.000000 0.000001 0.000000 0.000000 0.000000 0.000000 0.000000 0.000000 
t: 0.007313432839 start: 82 end: 137 0.000001 0.000000 0.000004 0.000015 0.000035 0.000070 0.000142 0.000258 0.000472 0.000910 0.001603 0.002666 0.004213 0.006682 0.009873 0.014136 0.019727 0.026799 0.034475 0.042635 0.051616 0.059886 0.067554 0.072587 0.075766 0.075942 0.073725 0.069181 0.061914 0.053655 0.044766 0.036202 0.028107 0.020761 0.015053 0.010502 0.007024 0.004504 0.002767 0.001666 0.001000 0.000559 0.000265 0.000141 0.000084 0.000027 0.000015 0.000011 0.000004 0.000000 0.000000 0.000000 0.000000 0.000000 0.000000 0.000000 
t: 0.006447368423 start: 84 end: 141 0.000001 0.000000 0.000001 0.000000 0.000000 0.000001 0.000011 0.000042 0.000055 0.000133 0.000269 0.000483 0.000885 0.001538 0.002513 0.003934 0.006251 0.009517 0.013657 0.019252 0.025849 0.033283 0.041430 0.050464 0.058821 0.066646 0.071935 0.075280 0.075828 0.074336 0.069693 0.063345 0.054714 0.046143 0.037348 0.029189 0.021662 0.015760 0.010782 0.007339 0.004719 0.002980 0.001785 0.001020 0.000516 0.000310 0.000142 0.000067 0.000041 0.000014 0.000009 0.000006 0.000000 0.000001 0.000000 0.000000 0.000000 0.000000 
t: 0.005764705884 start: 89 end: 147 0.000001 0.000001 0.000001 0.000001 0.000002 0.000009 0.000016 0.000050 0.000111 0.000199 0.000398 0.000712 0.001186 0.001994 0.003254 0.005281 0.008102 0.011638 0.016717 0.022893 0.030126 0.038226 0.046664 0.055284 0.063853 0.069868 0.074770 0.076375 0.076158 0.072007 0.065961 0.058585 0.049471 0.040729 0.032272 0.024453 0.017956 0.012547 0.008420 0.005491 0.003465 0.002087 0.001229 0.000698 0.000369 0.000192 0.000103 0.000039 0.000019 0.000013 0.000004 0.000000 0.000000 0.000000 0.000000 0.000000 0.000000 0.000000 0.000000 
t: 0.005212765959 start: 93 end: 152 0.000001 0.000002 0.000001 0.000002 0.000006 0.000012 0.000029 0.000056 0.000110 0.000222 0.000374 0.000768 0.001305 0.002157 0.003542 0.005614 0.008570 0.012532 0.017494 0.023871 0.031299 0.039449 0.048235 0.056857 0.065075 0.071046 0.075618 0.077458 0.075730 0.071785 0.064758 0.057079 0.048280 0.038987 0.030823 0.023182 0.016670 0.011413 0.007541 0.005033 0.003113 0.001758 0.001006 0.000538 0.000326 0.000145 0.000072 0.000029 0.000017 0.000008 0.000001 0.000000 0.000001 0.000000 0.000000 0.000000 0.000000 0.000000 0.000000 0.000000 
t: 0.004757281555 start: 99 end: 155 0.000002 0.000004 0.000010 0.000015 0.000049 0.000069 0.000170 0.000342 0.000593 0.001059 0.001762 0.002925 0.004857 0.007127 0.010758 0.015264 0.021028 0.028138 0.036599 0.045493 0.053930 0.062265 0.069738 0.074893 0.077301 0.076944 0.073941 0.068184 0.060540 0.051622 0.042523 0.033144 0.025266 0.018623 0.012608 0.008789 0.005549 0.003464 0.002101 0.001093 0.000588 0.000329 0.000152 0.000087 0.000040 0.000013 0.000004 0.000004 0.000000 0.000000 0.000001 0.000000 0.000000 0.000000 0.000000 0.000000 0.000000 
t: 0.004375000001 start: 101 end: 158 0.000002 0.000001 0.000003 0.000011 0.000014 0.000036 0.000088 0.000175 0.000317 0.000574 0.001038 0.001726 0.002893 0.004657 0.007105 0.010644 0.015223 0.021296 0.028625 0.036255 0.045737 0.054598 0.062587 0.070166 0.075458 0.078440 0.077845 0.074538 0.068207 0.060251 0.051281 0.042017 0.032713 0.024850 0.017634 0.012384 0.008284 0.005320 0.003123 0.001805 0.001031 0.000548 0.000256 0.000136 0.000068 0.000024 0.000007 0.000005 0.000003 0.000000 0.000000 0.000001 0.000000 0.000000 0.000000 0.000000 0.000000 0.000000 
t: 0.004049586778 start: 105 end: 161 0.000002 0.000004 0.000014 0.000024 0.000045 0.000100 0.000197 0.000360 0.000717 0.001159 0.002014 0.003325 0.005277 0.007986 0.011916 0.017109 0.023597 0.030852 0.039485 0.048883 0.057893 0.066525 0.072743 0.077124 0.079128 0.077577 0.072897 0.066686 0.057444 0.047591 0.038391 0.029651 0.021501 0.015259 0.010412 0.006735 0.004185 0.002443 0.001353 0.000681 0.000362 0.000204 0.000080 0.000037 0.000019 0.000009 0.000002 0.000001 0.000001 0.000000 0.000000 0.000000 0.000000 0.000000 0.000000 0.000000 0.000000 
t: 0.003769230770 start: 106 end: 161 0.000001 0.000000 0.000004 0.000006 0.000017 0.000031 0.000068 0.000167 0.000259 0.000497 0.000933 0.001649 0.002591 0.004326 0.006774 0.010095 0.014856 0.020451 0.027826 0.035965 0.045453 0.054802 0.063649 0.071614 0.077005 0.079490 0.078992 0.075680 0.069337 0.061285 0.051435 0.041670 0.032388 0.024036 0.017114 0.011488 0.007468 0.004810 0.002665 0.001534 0.000798 0.000425 0.000181 0.000090 0.000039 0.000018 0.000010 0.000006 0.000002 0.000000 0.000000 0.000000 0.000000 0.000000 0.000000 0.000000 
t: 0.003525179857 start: 108 end: 163 0.000001 0.000001 0.000000 0.000005 0.000011 0.000032 0.000065 0.000117 0.000222 0.000491 0.000754 0.001412 0.002371 0.003784 0.006164 0.009495 0.013764 0.019392 0.026420 0.034758 0.044121 0.053558 0.063382 0.070927 0.077299 0.080183 0.079848 0.077474 0.070444 0.062524 0.053068 0.042909 0.033117 0.024574 0.017390 0.011912 0.007675 0.004604 0.002719 0.001494 0.000757 0.000421 0.000205 0.000068 0.000036 0.000019 0.000010 0.000002 0.000001 0.000000 0.000000 0.000000 0.000000 0.000000 0.000000 0.000000 
t: 0.003310810811 start: 111 end: 164 0.000001 0.000003 0.000001 0.000011 0.000029 0.000043 0.000129 0.000230 0.000450 0.000785 0.001358 0.002212 0.003793 0.006157 0.009482 0.013798 0.019589 0.026788 0.035291 0.044595 0.054494 0.063739 0.072791 0.077935 0.081148 0.080611 0.077097 0.071346 0.062228 0.052512 0.041926 0.031946 0.023726 0.016639 0.011146 0.006822 0.004235 0.002312 0.001283 0.000697 0.000356 0.000152 0.000069 0.000026 0.000012 0.000007 0.000000 0.000000 0.000000 0.000000 0.000000 0.000000 0.000000 0.000000 
t: 0.003121019109 start: 114 end: 166 0.000002 0.000007 0.000013 0.000021 0.000070 0.000110 0.000264 0.000470 0.000835 0.001429 0.002397 0.004205 0.006645 0.010061 0.014747 0.020855 0.028522 0.037388 0.047093 0.057051 0.066014 0.075021 0.079789 0.081860 0.081319 0.076884 0.069568 0.060293 0.049509 0.039659 0.029669 0.021119 0.014654 0.009387 0.005888 0.003380 0.001886 0.000994 0.000495 0.000238 0.000108 0.000057 0.000014 0.000008 0.000002 0.000000 0.000000 0.000000 0.000000 0.000000 0.000000 0.000000 0.000000 
t: 0.002951807229 start: 115 end: 168 0.000001 0.000003 0.000005 0.000013 0.000037 0.000070 0.000156 0.000239 0.000527 0.001034 0.001640 0.002956 0.004771 0.007670 0.011439 0.016664 0.023336 0.031483 0.041058 0.051033 0.061233 0.070480 0.077366 0.082000 0.083353 0.080726 0.075112 0.066075 0.056306 0.045718 0.035404 0.025431 0.017808 0.011910 0.007607 0.004353 0.002486 0.001260 0.000660 0.000318 0.000156 0.000062 0.000028 0.000007 0.000004 0.000002 0.000000 0.000000 0.000000 0.000000 0.000000 0.000000 0.000000 0.000000 
t: 0.002800000000 start: 117 end: 169 0.000002 0.000003 0.000009 0.000019 0.000047 0.000084 0.000179 0.000336 0.000691 0.001221 0.002148 0.003568 0.006028 0.009319 0.013602 0.019677 0.027119 0.036262 0.046132 0.056804 0.066462 0.075035 0.081224 0.083928 0.083357 0.078847 0.071255 0.061566 0.050521 0.039564 0.029833 0.020767 0.014048 0.008773 0.005462 0.002990 0.001551 0.000843 0.000430 0.000177 0.000062 0.000034 0.000015 0.000002 0.000004 0.000000 0.000000 0.000000 0.000000 0.000000 0.000000 0.000000 0.000000 
t: 0.002663043479 start: 119 end: 171 0.000001 0.000005 0.000014 0.000034 0.000060 0.000112 0.000267 0.000492 0.000905 0.001618 0.002924 0.004793 0.007641 0.011649 0.017025 0.024091 0.032463 0.042487 0.052856 0.063451 0.072603 0.080680 0.084118 0.085020 0.081156 0.075167 0.065711 0.054591 0.043279 0.032564 0.023297 0.015685 0.010084 0.006139 0.003432 0.001845 0.000949 0.000479 0.000177 0.000074 0.000043 0.000012 0.000005 0.000001 0.000001 0.000000 0.000000 0.000000 0.000000 0.000000 0.000000 0.000000 0.000000 
t: 0.002538860104 start: 120 end: 171 0.000002 0.000004 0.000008 0.000022 0.000043 0.000095 0.000164 0.000386 0.000735 0.001359 0.002385 0.004044 0.006536 0.010197 0.015278 0.021714 0.029944 0.039662 0.050098 0.061254 0.071042 0.079578 0.084504 0.085898 0.083874 0.077405 0.068444 0.057765 0.046131 0.034610 0.024850 0.016853 0.010913 0.006637 0.003765 0.001974 0.001031 0.000463 0.000185 0.000091 0.000029 0.000021 0.000005 0.000002 0.000000 0.000000 0.000000 0.000000 0.000000 0.000000 0.000000 0.000000 
t: 0.002425742574 start: 121 end: 173 0.000001 0.000003 0.000007 0.000007 0.000040 0.000076 0.000155 0.000297 0.000642 0.001188 0.001959 0.003515 0.005858 0.009276 0.013840 0.020305 0.028340 0.037737 0.048534 0.059192 0.070403 0.079091 0.084919 0.087064 0.085060 0.079516 0.070539 0.059674 0.047472 0.036093 0.026029 0.017443 0.011342 0.006759 0.003842 0.002019 0.000996 0.000428 0.000202 0.000085 0.000033 0.000014 0.000003 0.000001 0.000001 0.000000 0.000000 0.000000 0.000000 0.000000 0.000000 0.000000 0.000000 
t: 0.002322274882 start: 123 end: 173 0.000004 0.000008 0.000010 0.000031 0.000064 0.000134 0.000286 0.000558 0.000983 0.001836 0.003149 0.005535 0.008639 0.013076 0.019426 0.027095 0.036936 0.047440 0.058784 0.069868 0.079616 0.085281 0.087524 0.086260 0.080603 0.072589 0.060053 0.048571 0.036604 0.026214 0.017661 0.011327 0.006664 0.003656 0.001909 0.000885 0.000431 0.000177 0.000073 0.000028 0.000007 0.000003 0.000000 0.000002 0.000000 0.000000 0.000000 0.000000 0.000000 0.000000 0.000000 
t: 0.002227272727 start: 123 end: 174 0.000002 0.000002 0.000008 0.000009 0.000031 0.000063 0.000125 0.000254 0.000528 0.000925 0.001669 0.003042 0.005140 0.008361 0.012908 0.018819 0.027013 0.036250 0.047534 0.059008 0.070331 0.080213 0.086080 0.088870 0.087186 0.081230 0.072528 0.061052 0.048290 0.036158 0.025706 0.016982 0.010850 0.006325 0.003431 0.001693 0.000785 0.000356 0.000161 0.000057 0.000015 0.000005 0.000003 0.000001 0.000001 0.000000 0.000000 0.000000 0.000000 0.000000 0.000000 0.000000 
t: 0.002139737991 start: 125 end: 174 0.000005 0.000003 0.000014 0.000026 0.000054 0.000123 0.000248 0.000507 0.000908 0.001664 0.003033 0.005119 0.008342 0.012689 0.018978 0.027200 0.036997 0.047803 0.060011 0.071395 0.081302 0.087329 0.089808 0.087942 0.081821 0.072054 0.060081 0.047242 0.035427 0.024334 0.016111 0.010113 0.005720 0.002980 0.001498 0.000645 0.000288 0.000122 0.000045 0.000010 0.000004 0.000004 0.000000 0.000001 0.000000 0.000000 0.000000 0.000000 0.000000 0.000000 
t: 0.002058823530 start: 126 end: 174 0.000002 0.000003 0.000013 0.000023 0.000052 0.000117 0.000257 0.000478 0.000937 0.001722 0.003006 0.005249 0.008485 0.013042 0.019647 0.028033 0.037739 0.049399 0.061706 0.073123 0.082820 0.088748 0.090900 0.088454 0.081414 0.070812 0.058390 0.046036 0.033199 0.022939 0.014791 0.008876 0.004984 0.002535 0.001208 0.000500 0.000217 0.000099 0.000032 0.000005 0.000005 0.000002 0.000001 0.000000 0.000000 0.000000 0.000000 0.000000 0.000000 
t: 0.001983805668 start: 127 end: 174 0.000002 0.000005 0.000011 0.000022 0.000046 0.000140 0.000250 0.000474 0.001012 0.001790 0.003148 0.005644 0.008772 0.013784 0.020447 0.029210 0.039903 0.051451 0.063815 0.075699 0.084685 0.090156 0.092200 0.088028 0.080514 0.069295 0.056597 0.042773 0.030794 0.020860 0.012923 0.007723 0.004190 0.002075 0.000921 0.000391 0.000163 0.000060 0.000018 0.000006 0.000002 0.000000 0.000000 0.000001 0.000000 0.000000 0.000000 0.000000 
t: 0.001914062500 start: 128 end: 174 0.000002 0.000007 0.000006 0.000024 0.000065 0.000132 0.000278 0.000527 0.001045 0.001893 0.003570 0.005886 0.009495 0.014834 0.022030 0.031037 0.042182 0.054300 0.066957 0.078170 0.087235 0.092407 0.092439 0.087693 0.078854 0.066470 0.053350 0.039569 0.027832 0.018065 0.011197 0.006409 0.003372 0.001561 0.000673 0.000276 0.000101 0.000041 0.000010 0.000004 0.000001 0.000000 0.000001 0.000000 0.000000 0.000000 0.000000 
t: 0.001849056604 start: 129 end: 174 0.000002 0.000004 0.000009 0.000030 0.000056 0.000148 0.000321 0.000593 0.001186 0.002207 0.003869 0.006528 0.010375 0.016419 0.023673 0.033772 0.045270 0.057757 0.070431 0.081747 0.089838 0.093815 0.092726 0.086224 0.076059 0.063643 0.049163 0.035535 0.024280 0.015645 0.009222 0.005032 0.002519 0.001141 0.000481 0.000183 0.000064 0.000025 0.000005 0.000002 0.000000 0.000001 0.000000 0.000000 0.000000 0.000000 
t: 0.001788321168 start: 129 end: 174 0.000001 0.000000 0.000006 0.000008 0.000038 0.000068 0.000173 0.000362 0.000725 0.001371 0.002446 0.004430 0.007312 0.011786 0.018296 0.025974 0.036803 0.048950 0.062430 0.074821 0.084930 0.092555 0.094784 0.092013 0.084274 0.072897 0.058702 0.044508 0.031514 0.020789 0.012930 0.007272 0.003741 0.001808 0.000822 0.000296 0.000102 0.000049 0.000010 0.000002 0.000001 0.000001 0.000000 0.000000 0.000000 0.000000 
t: 0.001731448763 start: 130 end: 174 0.000001 0.000001 0.000005 0.000013 0.000041 0.000092 0.000205 0.000405 0.000849 0.001592 0.002905 0.004985 0.008521 0.013659 0.020405 0.029337 0.040591 0.053744 0.066703 0.079282 0.088858 0.094720 0.095392 0.090922 0.080957 0.068071 0.053543 0.039637 0.026784 0.017413 0.010136 0.005457 0.002750 0.001236 0.000533 0.000160 0.000071 0.000019 0.000002 0.000002 0.000000 0.000001 0.000000 0.000000 0.000000 
t: 0.001678082192 start: 130 end: 174 0.000001 0.000001 0.000001 0.000004 0.000018 0.000058 0.000110 0.000247 0.000528 0.001031 0.001891 0.003466 0.005954 0.009952 0.015673 0.023300 0.033055 0.045546 0.058801 0.071951 0.084048 0.092478 0.096420 0.095428 0.088138 0.076793 0.062375 0.047914 0.033805 0.022590 0.013623 0.007731 0.003979 0.001882 0.000788 0.000272 0.000106 0.000032 0.000005 0.000004 0.000000 0.000001 0.000000 0.000000 0.000000 
t: 0.001627906977 start: 130 end: 174 0.000001 0.000001 0.000001 0.000001 0.000006 0.000022 0.000065 0.000140 0.000344 0.000661 0.001244 0.002370 0.004269 0.007090 0.011725 0.018196 0.026946 0.037897 0.050638 0.064559 0.077459 0.088975 0.096030 0.097512 0.093524 0.084696 0.071329 0.056100 0.041300 0.028512 0.017785 0.010538 0.005475 0.002718 0.001180 0.000451 0.000166 0.000055 0.000011 0.000005 0.000001 0.000002 0.000000 0.000000 0.000000 
t: 0.001580645161 start: 131 end: 174 0.000001 0.000001 0.000001 0.000002 0.000013 0.000033 0.000088 0.000187 0.000436 0.000848 0.001646 0.002920 0.005190 0.008706 0.013953 0.021527 0.031230 0.043361 0.056481 0.070784 0.083788 0.093482 0.098100 0.097358 0.090956 0.079631 0.064429 0.049342 0.034919 0.022703 0.013825 0.007407 0.003839 0.001743 0.000706 0.000258 0.000075 0.000021 0.000006 0.000002 0.000002 0.000000 0.000000 0.000000 
t: 0.001536050157 start: 132 end: 174 0.000002 0.000000 0.000001 0.000005 0.000018 0.000052 0.000111 0.000269 0.000564 0.001064 0.002090 0.003737 0.006440 0.010670 0.016761 0.025741 0.036292 0.049474 0.063600 0.077643 0.089263 0.097085 0.099700 0.095837 0.086272 0.073132 0.057158 0.042027 0.028152 0.017625 0.010001 0.005198 0.002453 0.001020 0.000394 0.000102 0.000035 0.000007 0.000003 0.000002 0.000000 0.000000 0.000000 
t: 0.001493902439 start: 132 end: 174 0.000001 0.000001 0.000001 0.000004 0.000008 0.000022 0.000072 0.000157 0.000401 0.000678 0.001458 0.002654 0.004791 0.008105 0.013112 0.020895 0.030185 0.042279 0.056413 0.071512 0.083982 0.094342 0.100142 0.099394 0.092357 0.080898 0.065029 0.049566 0.034013 0.022006 0.012989 0.006894 0.003364 0.001458 0.000578 0.000165 0.000054 0.000013 0.000005 0.000002 0.000000 0.000000 0.000000 
t: 0.001454005935 start: 132 end: 174 0.000001 0.000001 0.000000 0.000001 0.000006 0.000011 0.000040 0.000101 0.000244 0.000484 0.000984 0.001864 0.003511 0.006145 0.010191 0.016755 0.024935 0.036120 0.049254 0.064526 0.078597 0.090441 0.098981 0.101397 0.097295 0.087638 0.072891 0.057111 0.040318 0.027049 0.016365 0.009063 0.004465 0.002015 0.000839 0.000256 0.000076 0.000021 0.000005 0.000003 0.000000 0.000000 0.000000 
t: 0.001416184971 start: 132 end: 174 0.000001 0.000000 0.000001 0.000001 0.000004 0.000010 0.000014 0.000053 0.000149 0.000352 0.000652 0.001310 0.002511 0.004673 0.007843 0.013336 0.020511 0.030133 0.042937 0.057673 0.072677 0.086196 0.096372 0.101729 0.100941 0.093427 0.080094 0.064767 0.047179 0.032331 0.020288 0.011510 0.005892 0.002741 0.001150 0.000375 0.000114 0.000040 0.000010 0.000002 0.000001 0.000000 0.000000 
t: 0.001380281690 start: 132 end: 174 0.000001 0.000000 0.000000 0.000001 0.000002 0.000008 0.000011 0.000032 0.000086 0.000228 0.000421 0.000926 0.001809 0.003480 0.006148 0.010341 0.016797 0.025309 0.036854 0.050962 0.066360 0.080711 0.093605 0.101024 0.102932 0.098562 0.086580 0.072042 0.054290 0.038084 0.024326 0.014508 0.007578 0.003649 0.001561 0.000528 0.000173 0.000050 0.000014 0.000004 0.000003 0.000000 0.000000 
t: 0.001346153846 start: 133 end: 174 0.000001 0.000000 0.000000 0.000001 0.000007 0.000007 0.000014 0.000061 0.000142 0.000303 0.000665 0.001297 0.002563 0.004730 0.008180 0.013491 0.021139 0.031358 0.044572 0.060025 0.075509 0.089124 0.099369 0.103708 0.102025 0.093001 0.078921 0.061232 0.044348 0.028999 0.017695 0.009630 0.004708 0.002084 0.000740 0.000248 0.000071 0.000022 0.000006 0.000004 0.000000 0.000000 
t: 0.001313672922 start: 133 end: 174 0.000001 0.000000 0.000000 0.000001 0.000002 0.000008 0.000009 0.000024 0.000095 0.000203 0.000486 0.000972 0.001889 0.003527 0.006430 0.010840 0.017516 0.026597 0.038848 0.053984 0.069562 0.084092 0.096620 0.103675 0.104666 0.097597 0.085619 0.068481 0.050361 0.034496 0.021251 0.011969 0.005945 0.002710 0.001035 0.000347 0.000099 0.000030 0.000009 0.000004 0.000000 0.000000 
t: 0.001282722513 start: 134 end: 174 0.000001 0.000000 0.000000 0.000003 0.000004 0.000009 0.000015 0.000056 0.000143 0.000327 0.000703 0.001424 0.002683 0.004940 0.008774 0.014435 0.022481 0.033904 0.047739 0.063426 0.078939 0.093281 0.102204 0.106085 0.101751 0.091679 0.075084 0.057054 0.039888 0.025425 0.014560 0.007420 0.003518 0.001380 0.000474 0.000134 0.000040 0.000012 0.000004 0.000001 0.000000 
t: 0.001253196931 start: 135 end: 174 0.000001 0.000000 0.000001 0.000005 0.000004 0.000010 0.000034 0.000089 0.000223 0.000504 0.001092 0.002049 0.003762 0.007080 0.011764 0.018937 0.029048 0.042238 0.057362 0.073776 0.088969 0.100442 0.106398 0.104903 0.096624 0.081405 0.063742 0.045911 0.029702 0.017513 0.009287 0.004426 0.001816 0.000616 0.000188 0.000056 0.000017 0.000005 0.000001 0.000000 
t: 0.001225000000 start: 135 end: 174 0.000001 0.000000 0.000000 0.000004 0.000004 0.000007 0.000022 0.000065 0.000147 0.000359 0.000823 0.001552 0.002939 0.005544 0.009617 0.015767 0.024954 0.037231 0.051572 0.068307 0.084148 0.097756 0.105796 0.107117 0.101052 0.087533 0.070413 0.051536 0.034677 0.020669 0.011367 0.005483 0.002359 0.000838 0.000232 0.000079 0.000024 0.000005 0.000001 0.000000 
t: 0.001198044010 start: 137 end: 174 0.000001 0.000003 0.000002 0.000005 0.000015 0.000039 0.000102 0.000269 0.000605 0.001172 0.002275 0.004347 0.007824 0.013243 0.021143 0.032472 0.046444 0.062733 0.078953 0.094288 0.104831 0.108346 0.104469 0.093304 0.076341 0.057915 0.039608 0.024289 0.013719 0.006744 0.002942 0.001109 0.000314 0.000100 0.000027 0.000005 0.000002 0.000000 
t: 0.001172248804 start: 137 end: 174 0.000001 0.000002 0.000003 0.000001 0.000008 0.000035 0.000070 0.000181 0.000440 0.000870 0.001789 0.003434 0.006322 0.010930 0.018007 0.028142 0.041598 0.056891 0.074499 0.089895 0.102945 0.108682 0.107731 0.098127 0.082447 0.063719 0.044688 0.028479 0.016137 0.008264 0.003652 0.001419 0.000426 0.000129 0.000027 0.000008 0.000002 0.000000 
t: 0.001147540984 start: 138 end: 174 0.000001 0.000004 0.000001 0.000004 0.000023 0.000046 0.000123 0.000319 0.000651 0.001398 0.002717 0.005116 0.009062 0.015140 0.024470 0.036976 0.051601 0.069294 0.085689 0.100092 0.108418 0.109631 0.102728 0.088106 0.069648 0.050079 0.032714 0.018972 0.009897 0.004538 0.001786 0.000542 0.000168 0.000035 0.000009 0.000002 0.000000 
t: 0.001123853211 start: 138 end: 174 0.000001 0.000003 0.000001 0.000003 0.000012 0.000035 0.000083 0.000235 0.000507 0.001056 0.002157 0.004140 0.007443 0.012832 0.021059 0.032560 0.046886 0.063609 0.081454 0.096959 0.107304 0.110836 0.106550 0.093734 0.075321 0.055520 0.037171 0.021941 0.011820 0.005525 0.002255 0.000703 0.000225 0.000047 0.000011 0.000002 0.000000 
t: 0.001101123596 start: 138 end: 174 0.000001 0.000001 0.000003 0.000003 0.000003 0.000025 0.000053 0.000164 0.000397 0.000825 0.001708 0.003327 0.006160 0.010657 0.018231 0.028582 0.042261 0.058583 0.076629 0.093186 0.106060 0.111524 0.109294 0.098406 0.081213 0.061081 0.041723 0.025399 0.013889 0.006579 0.002754 0.000924 0.000279 0.000060 0.000013 0.000003 0.000000 
t: 0.001079295154 start: 139 end: 174 0.000002 0.000001 0.000004 0.000004 0.000017 0.000034 0.000118 0.000304 0.000611 0.001320 0.002730 0.005072 0.009038 0.015559 0.025079 0.037761 0.053685 0.071810 0.089411 0.103622 0.111576 0.111662 0.102952 0.086716 0.066618 0.046192 0.029168 0.016128 0.007887 0.003324 0.001135 0.000366 0.000075 0.000016 0.000003 0.000000 
t: 0.001058315335 start: 140 end: 174 0.000003 0.000002 0.000003 0.000016 0.000023 0.000086 0.000217 0.000470 0.001071 0.002170 0.004115 0.007643 0.013227 0.021894 0.033839 0.049090 0.066721 0.085214 0.100911 0.111104 0.113414 0.106526 0.092172 0.072159 0.051153 0.032826 0.018587 0.009321 0.004008 0.001440 0.000456 0.000097 0.000017 0.000005 0.000000 
t: 0.001038135593 start: 140 end: 174 0.000002 0.000002 0.000002 0.000010 0.000018 0.000050 0.000171 0.000359 0.000854 0.001765 0.003353 0.006383 0.011305 0.019063 0.030281 0.044631 0.062091 0.080376 0.097991 0.109659 0.115129 0.109420 0.097231 0.077517 0.056120 0.036733 0.021268 0.010863 0.004867 0.001790 0.000543 0.000127 0.000021 0.000005 0.000000 
t: 0.001018711019 start: 140 end: 174 0.000001 0.000002 0.000002 0.000008 0.000018 0.000028 0.000122 0.000281 0.000667 0.001428 0.002748 0.005328 0.009583 0.016665 0.026828 0.040624 0.057359 0.075916 0.094612 0.107705 0.115904 0.112292 0.101464 0.082916 0.061254 0.040723 0.024135 0.012571 0.005805 0.002147 0.000672 0.000162 0.000025 0.000005 0.000000 
t: 0.001000000000 start: 140 end: 174 0.000001 0.000001 0.000002 0.000006 0.000013 0.000023 0.000087 0.000217 0.000532 0.001127 0.002244 0.004472 0.008121 0.014452 0.023700 0.036708 0.052876 0.071527 0.090760 0.105722 0.115379 0.114835 0.105742 0.087930 0.066433 0.045057 0.027085 0.014512 0.006796 0.002584 0.000826 0.000187 0.000038 0.000005 0.000000 
