t: 0.059999999999 start: 15 end: 51 0.000006 0.000020 0.000076 0.000295 0.000987 0.002699 0.006543 0.014644 0.028154 0.047922 0.072584 0.098508 0.119658 0.130554 0.126853 0.111028 0.088325 0.063251 0.040713 0.023843 0.012672 0.006198 0.002781 0.001098 0.000390 0.000134 0.000049 0.000013 0.000002 0.000000 0.000000 0.000000 0.000000 0.000000 0.000000 0.000000 0.000000 
t: 0.054545454544 start: 16 end: 55 0.000001 0.000002 0.000028 0.000095 0.000320 0.000978 0.002618 0.006330 0.013523 0.025253 0.043575 0.065048 0.089505 0.111092 0.123053 0.124117 0.114156 0.094284 0.071287 0.049306 0.030943 0.017613 0.009263 0.004410 0.001971 0.000776 0.000295 0.000112 0.000028 0.000014 0.000003 0.000001 0.000000 0.000000 0.000000 0.000000 0.000000 0.000000 0.000000 0.000000 
t: 0.049999999999 start: 19 end: 58 0.000007 0.000035 0.000110 0.000371 0.001042 0.002743 0.006226 0.013025 0.023999 0.040270 0.060711 0.082668 0.103468 0.117575 0.120778 0.113639 0.098085 0.077170 0.055295 0.036678 0.022244 0.012439 0.006192 0.003101 0.001328 0.000519 0.000188 0.000064 0.000018 0.000009 0.000002 0.000001 0.000000 0.000000 0.000000 0.000000 0.000000 0.000000 0.000000 0.000000 
t: 0.046153846153 start: 20 end: 60 0.000001 0.000010 0.000051 0.000121 0.000476 0.001197 0.002878 0.006310 0.013077 0.023364 0.038664 0.057433 0.078441 0.098599 0.112022 0.117185 0.112654 0.099052 0.080587 0.059786 0.041483 0.025843 0.015033 0.008343 0.004157 0.001924 0.000831 0.000304 0.000118 0.000040 0.000012 0.000003 0.000001 0.000000 0.000000 0.000000 0.000000 0.000000 0.000000 0.000000 0.000000 
t: 0.042857142857 start: 22 end: 63 0.000002 0.000011 0.000052 0.000198 0.000545 0.001347 0.003171 0.006956 0.013054 0.023665 0.037914 0.056138 0.076198 0.094236 0.107928 0.113746 0.111039 0.099137 0.081783 0.062782 0.044301 0.028924 0.017312 0.009871 0.005255 0.002501 0.001163 0.000486 0.000189 0.000068 0.000020 0.000006 0.000001 0.000001 0.000000 0.000000 0.000000 0.000000 0.000000 0.000000 0.000000 0.000000 
t: 0.040000000000 start: 23 end: 64 0.000001 0.000006 0.000022 0.000067 0.000267 0.000639 0.001661 0.003545 0.007510 0.014031 0.024255 0.038533 0.055601 0.074610 0.092259 0.105268 0.110877 0.108412 0.097672 0.081926 0.063624 0.046006 0.031101 0.019156 0.011133 0.006139 0.003109 0.001458 0.000688 0.000253 0.000117 0.000035 0.000013 0.000006 0.000000 0.000000 0.000000 0.000000 0.000000 0.000000 0.000000 0.000000 
t: 0.037500000000 start: 25 end: 67 0.000002 0.000005 0.000027 0.000114 0.000351 0.000769 0.002038 0.004240 0.008277 0.015176 0.025604 0.039563 0.056614 0.074297 0.090878 0.102956 0.108157 0.105825 0.096364 0.081244 0.063221 0.046363 0.031922 0.020523 0.012000 0.006779 0.003612 0.001710 0.000781 0.000373 0.000144 0.000042 0.000020 0.000005 0.000004 0.000000 0.000000 0.000000 0.000000 0.000000 0.000000 0.000000 0.000000 
t: 0.035294117647 start: 26 end: 70 0.000001 0.000006 0.000016 0.000064 0.000157 0.000445 0.001078 0.002361 0.004962 0.009550 0.016997 0.027569 0.041262 0.057729 0.075072 0.090684 0.101222 0.106101 0.103970 0.093670 0.079160 0.062074 0.046024 0.031975 0.020627 0.012663 0.007154 0.003860 0.001953 0.000925 0.000414 0.000159 0.000062 0.000023 0.000008 0.000002 0.000001 0.000000 0.000000 0.000000 0.000000 0.000000 0.000000 0.000000 0.000000 
t: 0.033333333333 start: 27 end: 71 0.000001 0.000001 0.000009 0.000037 0.000094 0.000251 0.000598 0.001379 0.003014 0.005909 0.011006 0.018942 0.029984 0.044186 0.059902 0.076101 0.090648 0.100675 0.104234 0.101002 0.090819 0.076320 0.060512 0.044754 0.031391 0.020515 0.012736 0.007387 0.003843 0.002043 0.001003 0.000418 0.000167 0.000075 0.000032 0.000008 0.000004 0.000000 0.000000 0.000000 0.000000 0.000000 0.000000 0.000000 0.000000 
t: 0.031578947368 start: 28 end: 75 0.000001 0.000001 0.000004 0.000015 0.000048 0.000139 0.000358 0.000804 0.001826 0.003801 0.007233 0.013160 0.021445 0.032697 0.047128 0.062787 0.078693 0.091298 0.099959 0.101839 0.097895 0.087787 0.073531 0.057593 0.043266 0.029828 0.019955 0.012003 0.007177 0.003920 0.002037 0.000986 0.000451 0.000214 0.000082 0.000026 0.000008 0.000003 0.000001 0.000001 0.000000 0.000000 0.000000 0.000000 0.000000 0.000000 0.000000 0.000000 
t: 0.030000000000 start: 30 end: 76 0.000001 0.000006 0.000011 0.000029 0.000071 0.000216 0.000514 0.001164 0.002448 0.004862 0.009022 0.015269 0.024552 0.036758 0.050928 0.066437 0.080561 0.092121 0.099324 0.100227 0.094443 0.083516 0.069613 0.054682 0.040432 0.028355 0.018576 0.011751 0.006692 0.003710 0.001906 0.000979 0.000483 0.000200 0.000084 0.000041 0.000012 0.000003 0.000001 0.000000 0.000000 0.000000 0.000000 0.000000 0.000000 0.000000 0.000000 
t: 0.028571428571 start: 31 end: 78 0.000001 0.000004 0.000003 0.000023 0.000049 0.000118 0.000343 0.000759 0.001624 0.003278 0.006277 0.011031 0.018107 0.028407 0.040986 0.055539 0.069756 0.083397 0.093563 0.098552 0.097524 0.090178 0.079546 0.065739 0.050622 0.037508 0.026373 0.016954 0.010704 0.006142 0.003455 0.001795 0.000871 0.000453 0.000199 0.000073 0.000028 0.000012 0.000004 0.000003 0.000000 0.000000 0.000000 0.000000 0.000000 0.000000 0.000000 0.000000 
t: 0.027272727273 start: 32 end: 80 0.000001 0.000001 0.000007 0.000009 0.000039 0.000077 0.000215 0.000494 0.001104 0.002326 0.004468 0.008060 0.013808 0.021761 0.032645 0.045961 0.059809 0.074204 0.086625 0.093911 0.096942 0.094362 0.086224 0.074905 0.060724 0.046905 0.034181 0.023686 0.015383 0.009557 0.005497 0.003043 0.001547 0.000876 0.000343 0.000180 0.000065 0.000031 0.000018 0.000005 0.000001 0.000000 0.000000 0.000000 0.000000 0.000000 0.000000 0.000000 0.000000 
t: 0.026086956522 start: 34 end: 82 0.000001 0.000002 0.000008 0.000024 0.000061 0.000138 0.000351 0.000741 0.001624 0.003293 0.005906 0.010509 0.017202 0.026178 0.037357 0.050978 0.065372 0.078263 0.088653 0.094341 0.095093 0.091062 0.081423 0.069527 0.055581 0.042626 0.030756 0.021081 0.013448 0.008358 0.004747 0.002580 0.001389 0.000738 0.000344 0.000145 0.000058 0.000029 0.000009 0.000003 0.000001 0.000000 0.000000 0.000000 0.000000 0.000000 0.000000 0.000000 0.000000 
t: 0.025000000000 start: 37 end: 84 0.000002 0.000012 0.000046 0.000118 0.000208 0.000524 0.001189 0.002414 0.004477 0.008100 0.013600 0.020902 0.031015 0.043223 0.056700 0.070361 0.081969 0.090866 0.094368 0.092195 0.086539 0.076799 0.063747 0.050307 0.037760 0.027074 0.018324 0.011614 0.007101 0.003996 0.002235 0.001153 0.000577 0.000284 0.000131 0.000043 0.000016 0.000005 0.000005 0.000000 0.000000 0.000000 0.000001 0.000000 0.000000 0.000000 0.000000 0.000000 
t: 0.024000000000 start: 38 end: 86 0.000002 0.000006 0.000038 0.000073 0.000165 0.000386 0.000824 0.001813 0.003517 0.006212 0.010810 0.016995 0.025740 0.036751 0.049189 0.063302 0.075393 0.085262 0.091767 0.092425 0.089525 0.081536 0.070646 0.058077 0.044776 0.033193 0.023469 0.015465 0.009738 0.005997 0.003292 0.001848 0.000941 0.000455 0.000204 0.000107 0.000039 0.000016 0.000004 0.000001 0.000000 0.000000 0.000001 0.000000 0.000000 0.000000 0.000000 0.000000 0.000000 
t: 0.023076923077 start: 39 end: 87 0.000002 0.000006 0.000022 0.000052 0.000127 0.000275 0.000649 0.001377 0.002639 0.004995 0.008575 0.014173 0.021672 0.031095 0.042937 0.055922 0.069136 0.079963 0.087598 0.091561 0.090633 0.085395 0.076201 0.064507 0.051457 0.039278 0.028774 0.019842 0.012953 0.007830 0.004883 0.002631 0.001483 0.000719 0.000370 0.000147 0.000077 0.000030 0.000009 0.000004 0.000000 0.000001 0.000000 0.000000 0.000000 0.000000 0.000000 0.000000 0.000000 
t: 0.022222222222 start: 40 end: 89 0.000001 0.000003 0.000017 0.000037 0.000081 0.000213 0.000560 0.001030 0.002085 0.003931 0.007104 0.011624 0.018196 0.026573 0.037725 0.049621 0.062573 0.074397 0.083756 0.089659 0.090831 0.087477 0.080209 0.069979 0.057679 0.045280 0.034076 0.023989 0.016361 0.010458 0.006542 0.003721 0.002080 0.001115 0.000546 0.000262 0.000123 0.000056 0.000019 0.000006 0.000003 0.000002 0.000000 0.000000 0.000000 0.000000 0.000000 0.000000 0.000000 0.000000 
t: 0.021428571428 start: 41 end: 91 0.000001 0.000002 0.000010 0.000025 0.000080 0.000164 0.000394 0.000832 0.001657 0.003246 0.005814 0.009712 0.015508 0.023015 0.032855 0.044318 0.056776 0.068939 0.079726 0.086675 0.089890 0.088814 0.083225 0.074246 0.063340 0.050641 0.038974 0.028485 0.019978 0.013354 0.008228 0.005027 0.002927 0.001554 0.000806 0.000428 0.000201 0.000076 0.000035 0.000013 0.000005 0.000002 0.000002 0.000000 0.000000 0.000000 0.000000 0.000000 0.000000 0.000000 0.000000 
t: 0.020689655172 start: 42 end: 92 0.000002 0.000001 0.000004 0.000022 0.000061 0.000133 0.000328 0.000657 0.001369 0.002739 0.004948 0.008194 0.013333 0.020216 0.028889 0.039624 0.051708 0.063676 0.075371 0.083867 0.087971 0.089119 0.085357 0.078060 0.067341 0.055479 0.044120 0.032764 0.023429 0.016055 0.010342 0.006557 0.003824 0.002192 0.001138 0.000619 0.000265 0.000132 0.000052 0.000027 0.000005 0.000007 0.000003 0.000000 0.000000 0.000000 0.000000 0.000000 0.000000 0.000000 0.000000 
t: 0.020000000000 start: 42 end: 96 0.000001 0.000001 0.000001 0.000004 0.000019 0.000049 0.000095 0.000278 0.000535 0.001166 0.002302 0.004191 0.007057 0.011517 0.017668 0.025968 0.036023 0.047287 0.059267 0.070787 0.080336 0.086450 0.088100 0.086871 0.080324 0.070776 0.059714 0.048456 0.037235 0.027116 0.018708 0.012742 0.008067 0.004897 0.002812 0.001585 0.000810 0.000448 0.000198 0.000081 0.000035 0.000013 0.000006 0.000001 0.000001 0.000001 0.000001 0.000000 0.000000 0.000000 0.000000 0.000000 0.000000 0.000000 0.000000 
t: 0.019354838710 start: 43 end: 97 0.000001 0.000001 0.000003 0.000005 0.000014 0.000038 0.000091 0.000219 0.000512 0.001002 0.001929 0.003655 0.006198 0.009963 0.015677 0.023300 0.032694 0.043445 0.055784 0.066593 0.077223 0.083751 0.086870 0.086934 0.082563 0.073851 0.063387 0.052400 0.040946 0.030706 0.021768 0.015025 0.009639 0.005953 0.003680 0.001990 0.001088 0.000583 0.000302 0.000128 0.000051 0.000022 0.000008 0.000004 0.000001 0.000002 0.000000 0.000001 0.000000 0.000000 0.000000 0.000000 0.000000 0.000000 0.000000 
t: 0.018750000000 start: 45 end: 97 0.000001 0.000001 0.000003 0.000014 0.000036 0.000090 0.000197 0.000437 0.000856 0.001677 0.003218 0.005518 0.008850 0.014107 0.021233 0.029500 0.040310 0.051807 0.063603 0.073251 0.081952 0.085997 0.086728 0.083373 0.076458 0.066428 0.055802 0.044721 0.033784 0.024621 0.017136 0.011277 0.007295 0.004285 0.002528 0.001466 0.000720 0.000390 0.000177 0.000095 0.000038 0.000011 0.000005 0.000003 0.000000 0.000000 0.000000 0.000001 0.000000 0.000000 0.000000 0.000000 0.000000 
t: 0.018181818182 start: 46 end: 98 0.000002 0.000000 0.000003 0.000013 0.000035 0.000080 0.000175 0.000363 0.000778 0.001560 0.002840 0.004860 0.008069 0.012772 0.019118 0.027538 0.037519 0.048680 0.060187 0.070599 0.079038 0.084620 0.086269 0.084588 0.077762 0.068906 0.058949 0.047640 0.036855 0.027461 0.019289 0.013042 0.008476 0.005136 0.003076 0.001804 0.000978 0.000472 0.000249 0.000115 0.000053 0.000018 0.000008 0.000003 0.000001 0.000000 0.000000 0.000001 0.000000 0.000000 0.000000 0.000000 0.000000 
t: 0.017647058823 start: 47 end: 99 0.000001 0.000001 0.000000 0.000018 0.000018 0.000066 0.000155 0.000352 0.000725 0.001431 0.002549 0.004380 0.007384 0.011908 0.017597 0.025609 0.034954 0.045760 0.057250 0.067952 0.077133 0.083031 0.085765 0.084126 0.079296 0.071000 0.061139 0.050728 0.039605 0.029853 0.021559 0.014690 0.009692 0.006089 0.003698 0.002043 0.001242 0.000637 0.000311 0.000142 0.000065 0.000028 0.000011 0.000004 0.000002 0.000000 0.000000 0.000000 0.000000 0.000001 0.000000 0.000000 0.000000 
t: 0.017142857143 start: 50 end: 101 0.000005 0.000009 0.000027 0.000064 0.000141 0.000327 0.000638 0.001340 0.002387 0.004076 0.006746 0.011061 0.016514 0.023780 0.032927 0.043725 0.054674 0.065561 0.074621 0.082334 0.084154 0.084724 0.079713 0.072815 0.063524 0.052727 0.042098 0.032165 0.023393 0.016296 0.010788 0.006888 0.004295 0.002528 0.001475 0.000735 0.000382 0.000189 0.000098 0.000030 0.000019 0.000005 0.000001 0.000000 0.000000 0.000000 0.000001 0.000000 0.000000 0.000000 0.000000 0.000000 
t: 0.016666666667 start: 50 end: 102 0.000002 0.000005 0.000007 0.000026 0.000060 0.000133 0.000314 0.000612 0.001155 0.002237 0.003861 0.006341 0.010376 0.015510 0.022654 0.031556 0.041332 0.052355 0.063322 0.073228 0.079888 0.083745 0.084399 0.080865 0.074231 0.064733 0.054736 0.044255 0.034473 0.024921 0.017802 0.011969 0.007767 0.004761 0.002939 0.001647 0.000903 0.000452 0.000258 0.000085 0.000054 0.000025 0.000004 0.000001 0.000000 0.000000 0.000000 0.000001 0.000000 0.000000 0.000000 0.000000 0.000000 
t: 0.016216216216 start: 50 end: 103 0.000001 0.000002 0.000002 0.000012 0.000032 0.000049 0.000138 0.000303 0.000567 0.001104 0.002128 0.003609 0.006142 0.009640 0.014902 0.021601 0.030192 0.039904 0.050368 0.061466 0.070965 0.078716 0.082988 0.084048 0.081374 0.074768 0.066397 0.056622 0.046092 0.035869 0.026701 0.019056 0.013055 0.008634 0.005316 0.003295 0.001834 0.001043 0.000564 0.000274 0.000133 0.000049 0.000025 0.000015 0.000004 0.000000 0.000000 0.000000 0.000000 0.000000 0.000001 0.000000 0.000000 0.000000 
t: 0.015789473684 start: 52 end: 104 0.000001 0.000005 0.000014 0.000026 0.000056 0.000127 0.000280 0.000517 0.001169 0.001997 0.003441 0.005792 0.009182 0.014287 0.020994 0.028962 0.038557 0.049024 0.059747 0.069814 0.077299 0.081583 0.083851 0.081603 0.075710 0.067394 0.058005 0.047772 0.037266 0.028172 0.020051 0.014126 0.009285 0.005784 0.003622 0.002113 0.001113 0.000662 0.000322 0.000146 0.000069 0.000036 0.000017 0.000006 0.000000 0.000000 0.000000 0.000000 0.000001 0.000000 0.000000 0.000000 0.000000 
t: 0.015384615385 start: 53 end: 106 0.000002 0.000005 0.000013 0.000027 0.000050 0.000114 0.000266 0.000563 0.001079 0.001976 0.003365 0.005721 0.008827 0.013944 0.020140 0.028094 0.037512 0.047938 0.058502 0.068355 0.075984 0.081188 0.083344 0.081378 0.076390 0.068148 0.059081 0.048867 0.038805 0.028968 0.021415 0.014796 0.009855 0.006406 0.003899 0.002290 0.001320 0.000691 0.000352 0.000178 0.000085 0.000045 0.000016 0.000004 0.000000 0.000001 0.000000 0.000001 0.000000 0.000000 0.000000 0.000000 0.000000 0.000000 
t: 0.015000000000 start: 53 end: 107 0.000001 0.000002 0.000006 0.000011 0.000021 0.000053 0.000114 0.000286 0.000514 0.001031 0.001942 0.003318 0.005557 0.008923 0.013421 0.019663 0.027581 0.036727 0.046924 0.057634 0.067295 0.074744 0.080785 0.082780 0.081126 0.076533 0.069329 0.059683 0.049696 0.039666 0.030175 0.022037 0.015329 0.010701 0.006642 0.004256 0.002569 0.001407 0.000771 0.000360 0.000207 0.000108 0.000044 0.000023 0.000003 0.000000 0.000001 0.000001 0.000000 0.000000 0.000000 0.000000 0.000000 0.000000 0.000000 
t: 0.014634146341 start: 54 end: 108 0.000002 0.000002 0.000005 0.000012 0.000023 0.000047 0.000129 0.000278 0.000528 0.001060 0.001904 0.003304 0.005433 0.008789 0.013362 0.019475 0.027119 0.035915 0.046355 0.056988 0.066127 0.074169 0.080040 0.082182 0.081091 0.077009 0.069536 0.060342 0.050150 0.040711 0.030609 0.022890 0.016224 0.010795 0.007025 0.004495 0.002622 0.001603 0.000807 0.000402 0.000241 0.000122 0.000047 0.000019 0.000009 0.000002 0.000001 0.000000 0.000000 0.000000 0.000000 0.000000 0.000000 0.000000 0.000000 
t: 0.014285714286 start: 55 end: 108 0.000001 0.000004 0.000003 0.000008 0.000032 0.000056 0.000134 0.000266 0.000548 0.001068 0.001881 0.003314 0.005473 0.008915 0.013404 0.019151 0.026884 0.035805 0.046091 0.055920 0.066092 0.073282 0.079432 0.081621 0.080920 0.076859 0.069964 0.060675 0.050735 0.040678 0.031334 0.023477 0.016526 0.011181 0.007278 0.004725 0.002860 0.001629 0.000839 0.000463 0.000265 0.000106 0.000066 0.000021 0.000007 0.000007 0.000000 0.000000 0.000000 0.000000 0.000000 0.000000 0.000000 0.000000 
t: 0.013953488372 start: 56 end: 112 0.000001 0.000004 0.000003 0.000011 0.000030 0.000056 0.000142 0.000298 0.000542 0.001117 0.001952 0.003281 0.005552 0.008916 0.013443 0.019184 0.026868 0.036039 0.045236 0.056256 0.065230 0.073008 0.078723 0.080824 0.081013 0.076651 0.070069 0.060893 0.050758 0.041137 0.032079 0.023443 0.017050 0.011304 0.007566 0.004803 0.002896 0.001724 0.000915 0.000518 0.000247 0.000116 0.000057 0.000028 0.000011 0.000002 0.000002 0.000001 0.000001 0.000000 0.000000 0.000000 0.000000 0.000000 0.000000 0.000000 0.000000 
t: 0.013636363636 start: 56 end: 112 0.000001 0.000001 0.000003 0.000004 0.000010 0.000033 0.000055 0.000142 0.000326 0.000601 0.001117 0.002013 0.003307 0.005806 0.009088 0.013339 0.019461 0.026960 0.036177 0.045872 0.055517 0.064949 0.073203 0.077989 0.080821 0.080219 0.076708 0.069459 0.060906 0.051023 0.041361 0.031684 0.023828 0.017008 0.011629 0.007703 0.004904 0.003038 0.001720 0.000963 0.000528 0.000284 0.000127 0.000070 0.000021 0.000010 0.000009 0.000002 0.000001 0.000000 0.000000 0.000000 0.000000 0.000000 0.000000 0.000000 0.000000 
t: 0.013333333333 start: 57 end: 112 0.000001 0.000000 0.000004 0.000006 0.000011 0.000034 0.000055 0.000166 0.000343 0.000646 0.001155 0.002048 0.003568 0.005861 0.009150 0.013624 0.019703 0.027235 0.036542 0.046287 0.055598 0.064990 0.073066 0.078165 0.080373 0.080083 0.075617 0.069237 0.060575 0.051044 0.041245 0.031462 0.023828 0.016846 0.011882 0.007703 0.004991 0.003047 0.001750 0.000981 0.000546 0.000271 0.000144 0.000070 0.000026 0.000010 0.000006 0.000004 0.000001 0.000000 0.000000 0.000000 0.000000 0.000000 0.000000 0.000000 
t: 0.013043478261 start: 57 end: 113 0.000001 0.000000 0.000002 0.000005 0.000002 0.000014 0.000030 0.000091 0.000175 0.000339 0.000679 0.001231 0.002163 0.003639 0.006060 0.009377 0.014109 0.020211 0.027902 0.036938 0.046223 0.056067 0.065311 0.072886 0.077887 0.080202 0.079638 0.075670 0.068461 0.059817 0.051137 0.040436 0.031870 0.023207 0.017075 0.011529 0.007779 0.004981 0.003049 0.001750 0.001004 0.000516 0.000291 0.000138 0.000056 0.000031 0.000012 0.000004 0.000004 0.000001 0.000000 0.000000 0.000000 0.000000 0.000000 0.000000 0.000000 
t: 0.012765957447 start: 59 end: 113 0.000001 0.000000 0.000005 0.000007 0.000016 0.000036 0.000094 0.000193 0.000377 0.000697 0.001313 0.002257 0.003806 0.006423 0.009704 0.014593 0.020860 0.028360 0.037427 0.046849 0.056767 0.065737 0.073015 0.077730 0.079582 0.079470 0.075236 0.067580 0.059751 0.049910 0.040060 0.031368 0.023403 0.016645 0.011378 0.007612 0.004933 0.003054 0.001701 0.000983 0.000534 0.000277 0.000143 0.000067 0.000025 0.000014 0.000006 0.000001 0.000000 0.000000 0.000000 0.000000 0.000000 0.000000 0.000000 
t: 0.012500000000 start: 62 end: 115 0.000007 0.000012 0.000014 0.000044 0.000104 0.000204 0.000406 0.000810 0.001361 0.002394 0.004100 0.006652 0.010290 0.015097 0.021442 0.029148 0.038463 0.047489 0.057327 0.066092 0.073047 0.077951 0.079484 0.079264 0.073972 0.067455 0.058516 0.049038 0.039783 0.030849 0.022708 0.016332 0.011150 0.007597 0.004795 0.002919 0.001688 0.000937 0.000523 0.000289 0.000128 0.000069 0.000024 0.000015 0.000009 0.000002 0.000000 0.000000 0.000000 0.000000 0.000000 0.000000 0.000000 0.000000 
t: 0.012244897959 start: 62 end: 116 0.000002 0.000007 0.000015 0.000015 0.000044 0.000111 0.000253 0.000463 0.000842 0.001501 0.002494 0.004457 0.007184 0.010581 0.015975 0.021946 0.030255 0.039383 0.048652 0.057540 0.066861 0.073590 0.077889 0.079709 0.078483 0.073291 0.066589 0.057540 0.047912 0.038924 0.030148 0.022280 0.015824 0.011017 0.007209 0.004600 0.002827 0.001655 0.000900 0.000513 0.000263 0.000157 0.000057 0.000020 0.000015 0.000004 0.000003 0.000000 0.000000 0.000000 0.000000 0.000000 0.000000 0.000000 0.000000 
t: 0.012000000000 start: 63 end: 118 0.000002 0.000007 0.000010 0.000025 0.000046 0.000153 0.000261 0.000512 0.000941 0.001662 0.002717 0.004914 0.007460 0.011202 0.016343 0.023157 0.031514 0.040223 0.049651 0.058827 0.067386 0.073771 0.078624 0.079225 0.077858 0.072427 0.065723 0.055855 0.047278 0.037982 0.028885 0.021674 0.015631 0.010547 0.006926 0.004419 0.002655 0.001634 0.000890 0.000485 0.000272 0.000129 0.000061 0.000015 0.000016 0.000003 0.000001 0.000001 0.000000 0.000000 0.000000 0.000000 0.000000 0.000000 0.000000 0.000000 
t: 0.011764705882 start: 63 end: 120 0.000001 0.000002 0.000004 0.000009 0.000035 0.000079 0.000147 0.000310 0.000540 0.001058 0.001829 0.003070 0.005100 0.008014 0.011899 0.017219 0.024523 0.032391 0.041465 0.050780 0.060125 0.068188 0.074460 0.078745 0.079308 0.076141 0.071784 0.064117 0.055229 0.046130 0.036345 0.028313 0.020981 0.014875 0.010099 0.006578 0.004191 0.002608 0.001508 0.000873 0.000501 0.000216 0.000124 0.000049 0.000024 0.000007 0.000002 0.000002 0.000001 0.000001 0.000000 0.000000 0.000000 0.000000 0.000000 0.000000 0.000000 0.000000 
t: 0.011538461538 start: 64 end: 120 0.000002 0.000003 0.000004 0.000014 0.000039 0.000092 0.000163 0.000331 0.000662 0.001128 0.001989 0.003452 0.005510 0.008559 0.012770 0.018474 0.025349 0.033775 0.042690 0.052387 0.061476 0.068983 0.075606 0.078452 0.078150 0.075878 0.070622 0.063010 0.053738 0.044453 0.035652 0.026987 0.019981 0.014201 0.009624 0.006306 0.003949 0.002455 0.001427 0.000823 0.000414 0.000204 0.000119 0.000066 0.000020 0.000005 0.000001 0.000004 0.000001 0.000000 0.000000 0.000000 0.000000 0.000000 0.000000 0.000000 0.000000 
t: 0.011320754717 start: 65 end: 121 0.000003 0.000002 0.000007 0.000015 0.000051 0.000089 0.000208 0.000381 0.000708 0.001308 0.002195 0.003804 0.006036 0.009169 0.013740 0.019621 0.026719 0.035046 0.044463 0.054080 0.062473 0.070094 0.075945 0.078062 0.078129 0.075606 0.068850 0.061031 0.052515 0.043245 0.033984 0.026136 0.019047 0.013367 0.009186 0.005856 0.003763 0.002211 0.001363 0.000709 0.000388 0.000197 0.000107 0.000057 0.000021 0.000007 0.000003 0.000002 0.000001 0.000000 0.000000 0.000000 0.000000 0.000000 0.000000 0.000000 0.000000 
t: 0.011111111111 start: 65 end: 120 0.000002 0.000000 0.000003 0.000009 0.000023 0.000054 0.000113 0.000232 0.000421 0.000809 0.001460 0.002517 0.004136 0.006624 0.010135 0.014520 0.021125 0.028130 0.036957 0.046124 0.055131 0.064133 0.071215 0.076338 0.078230 0.077358 0.074140 0.067885 0.059569 0.050657 0.041720 0.032549 0.024737 0.018051 0.012663 0.008601 0.005533 0.003368 0.002130 0.001217 0.000685 0.000344 0.000191 0.000095 0.000038 0.000017 0.000007 0.000002 0.000002 0.000000 0.000000 0.000000 0.000000 0.000000 0.000000 0.000000 
t: 0.010909090909 start: 66 end: 122 0.000001 0.000002 0.000005 0.000010 0.000028 0.000064 0.000135 0.000261 0.000510 0.000930 0.001674 0.002818 0.004605 0.007368 0.010945 0.015973 0.022128 0.029976 0.038558 0.047730 0.057356 0.065663 0.071996 0.076891 0.077967 0.076870 0.072638 0.066465 0.058134 0.048901 0.039566 0.031078 0.023407 0.016945 0.011886 0.007904 0.005151 0.003186 0.001897 0.001124 0.000599 0.000326 0.000175 0.000086 0.000046 0.000014 0.000003 0.000002 0.000003 0.000000 0.000000 0.000000 0.000000 0.000000 0.000000 0.000000 0.000000 
t: 0.010714285714 start: 66 end: 122 0.000001 0.000001 0.000002 0.000003 0.000019 0.000036 0.000073 0.000163 0.000318 0.000596 0.001057 0.001877 0.003217 0.005149 0.008050 0.012078 0.017098 0.023913 0.031778 0.040740 0.049767 0.058932 0.066995 0.073361 0.076517 0.077878 0.075970 0.071507 0.064455 0.056403 0.046977 0.037907 0.029455 0.021904 0.015894 0.011043 0.007410 0.004680 0.002919 0.001725 0.001000 0.000559 0.000261 0.000166 0.000083 0.000040 0.000015 0.000004 0.000000 0.000004 0.000000 0.000000 0.000000 0.000000 0.000000 0.000000 0.000000 
t: 0.010526315789 start: 66 end: 124 0.000001 0.000001 0.000000 0.000002 0.000008 0.000021 0.000043 0.000093 0.000198 0.000379 0.000661 0.001267 0.002195 0.003615 0.005805 0.008932 0.012975 0.018696 0.025550 0.033810 0.042564 0.052111 0.060749 0.068734 0.073871 0.076799 0.077581 0.074871 0.070235 0.062735 0.054336 0.044901 0.035965 0.027762 0.020505 0.014839 0.010144 0.006685 0.004299 0.002637 0.001568 0.000857 0.000474 0.000240 0.000167 0.000064 0.000033 0.000014 0.000004 0.000002 0.000001 0.000001 0.000000 0.000000 0.000000 0.000000 0.000000 0.000000 0.000000 
t: 0.010344827586 start: 68 end: 126 0.000001 0.000002 0.000003 0.000009 0.000027 0.000053 0.000126 0.000248 0.000434 0.000812 0.001440 0.002528 0.004050 0.006499 0.009787 0.014334 0.020383 0.027459 0.035846 0.044950 0.054012 0.062648 0.069883 0.074832 0.076858 0.076988 0.074301 0.068118 0.060902 0.052201 0.043069 0.033766 0.025991 0.019171 0.013591 0.009322 0.006052 0.003900 0.002415 0.001357 0.000780 0.000400 0.000227 0.000124 0.000053 0.000028 0.000013 0.000003 0.000002 0.000001 0.000001 0.000000 0.000000 0.000000 0.000000 0.000000 0.000000 0.000000 0.000000 
t: 0.010169491525 start: 69 end: 126 0.000003 0.000001 0.000004 0.000015 0.000034 0.000076 0.000154 0.000283 0.000497 0.000956 0.001713 0.002890 0.004688 0.007282 0.010734 0.015892 0.021935 0.029526 0.037958 0.047496 0.056202 0.064604 0.071255 0.075107 0.077494 0.076687 0.072433 0.066573 0.058397 0.050013 0.040396 0.032166 0.024208 0.017854 0.012410 0.008396 0.005480 0.003562 0.001970 0.001215 0.000710 0.000345 0.000192 0.000110 0.000047 0.000024 0.000008 0.000002 0.000001 0.000002 0.000000 0.000000 0.000000 0.000000 0.000000 0.000000 0.000000 0.000000 
t: 0.010000000000 start: 69 end: 126 0.000002 0.000001 0.000003 0.000006 0.000014 0.000040 0.000108 0.000173 0.000346 0.000636 0.001108 0.001991 0.003297 0.005372 0.008144 0.012153 0.017273 0.023997 0.031766 0.040392 0.049769 0.058388 0.066794 0.071741 0.076379 0.077432 0.075339 0.071119 0.064689 0.056182 0.047272 0.038316 0.029898 0.022405 0.016520 0.011188 0.007617 0.004920 0.003107 0.001784 0.001076 0.000623 0.000302 0.000155 0.000087 0.000047 0.000019 0.000005 0.000003 0.000002 0.000000 0.000000 0.000000 0.000000 0.000000 0.000000 0.000000 0.000000 
t: 0.008448275866 start: 74 end: 132 0.000001 0.000000 0.000000 0.000002 0.000001 0.000008 0.000023 0.000038 0.000088 0.000165 0.000343 0.000591 0.001103 0.001855 0.003158 0.004958 0.007581 0.011170 0.015948 0.022173 0.029678 0.037876 0.046334 0.055273 0.063062 0.070032 0.074293 0.075793 0.075782 0.071998 0.066186 0.058505 0.050246 0.041408 0.032653 0.025192 0.018859 0.013285 0.009173 0.006023 0.003748 0.002433 0.001304 0.000773 0.000417 0.000237 0.000114 0.000055 0.000033 0.000016 0.000011 0.000000 0.000001 0.000001 0.000000 0.000000 0.000000 0.000000 0.000000 
t: 0.007313432839 start: 82 end: 139 0.000002 0.000000 0.000004 0.000010 0.000020 0.000047 0.000081 0.000167 0.000332 0.000622 0.001076 0.001802 0.003065 0.004756 0.007537 0.011169 0.015771 0.021635 0.028284 0.036583 0.044962 0.054191 0.062019 0.068989 0.073577 0.075726 0.074737 0.072328 0.066466 0.059853 0.051394 0.042575 0.033982 0.026349 0.019609 0.014029 0.009793 0.006374 0.004118 0.002597 0.001538 0.000877 0.000492 0.000243 0.000116 0.000057 0.000025 0.000013 0.000006 0.000001 0.000000 0.000001 0.000000 0.000000 0.000000 0.000000 0.000000 0.000000 
t: 0.006447368423 start: 88 end: 145 0.000004 0.000004 0.000007 0.000023 0.000041 0.000092 0.000146 0.000298 0.000545 0.000941 0.001685 0.002800 0.004583 0.006936 0.010355 0.014768 0.020290 0.026917 0.035304 0.043075 0.052256 0.060535 0.067708 0.072072 0.075319 0.075282 0.072682 0.067779 0.061986 0.053007 0.044394 0.035891 0.028258 0.020543 0.014957 0.010621 0.006958 0.004483 0.002860 0.001627 0.000935 0.000535 0.000253 0.000134 0.000073 0.000020 0.000010 0.000005 0.000002 0.000001 0.000000 0.000000 0.000000 0.000000 0.000000 0.000000 0.000000 0.000000 
t: 0.005764705884 start: 90 end: 149 0.000001 0.000000 0.000001 0.000006 0.000004 0.000014 0.000024 0.000055 0.000107 0.000219 0.000401 0.000738 0.001338 0.002252 0.003658 0.005550 0.008523 0.012434 0.017546 0.023873 0.031164 0.039270 0.048140 0.056258 0.063820 0.070545 0.074547 0.075938 0.074310 0.071102 0.064768 0.057421 0.048987 0.039920 0.031596 0.023863 0.017662 0.012154 0.008418 0.005388 0.003467 0.002050 0.001176 0.000630 0.000349 0.000168 0.000091 0.000031 0.000014 0.000004 0.000003 0.000001 0.000001 0.000000 0.000000 0.000000 0.000000 0.000000 0.000000 0.000000 
t: 0.005212765959 start: 95 end: 152 0.000003 0.000002 0.000001 0.000005 0.000014 0.000033 0.000046 0.000131 0.000237 0.000415 0.000814 0.001280 0.002395 0.003747 0.005795 0.008757 0.012868 0.018079 0.024526 0.031977 0.040233 0.048693 0.057663 0.065062 0.071543 0.075011 0.076392 0.074607 0.070839 0.063918 0.056551 0.047798 0.038856 0.030535 0.023051 0.016878 0.011345 0.007718 0.005097 0.003122 0.001816 0.001067 0.000541 0.000274 0.000148 0.000076 0.000027 0.000010 0.000001 0.000003 0.000000 0.000000 0.000000 0.000000 0.000000 0.000000 0.000000 0.000000 
t: 0.004757281555 start: 100 end: 155 0.000002 0.000008 0.000013 0.000017 0.000044 0.000081 0.000169 0.000334 0.000603 0.001053 0.001829 0.003015 0.004773 0.007175 0.010863 0.015666 0.021592 0.028815 0.036664 0.045270 0.054135 0.062269 0.069462 0.074464 0.076337 0.076147 0.073517 0.067016 0.060457 0.051611 0.042237 0.033560 0.025835 0.018779 0.013110 0.008984 0.005771 0.003719 0.002046 0.001212 0.000667 0.000371 0.000179 0.000078 0.000033 0.000014 0.000003 0.000001 0.000000 0.000000 0.000000 0.000000 0.000000 0.000000 0.000000 0.000000 
t: 0.004375000001 start: 102 end: 157 0.000001 0.000004 0.000004 0.000007 0.000020 0.000037 0.000091 0.000167 0.000312 0.000577 0.000978 0.001727 0.002872 0.004559 0.007108 0.010558 0.015202 0.021346 0.028197 0.036405 0.045321 0.054006 0.062327 0.070152 0.074572 0.077610 0.077013 0.073661 0.068213 0.060718 0.051344 0.042641 0.033593 0.025418 0.018469 0.012887 0.008611 0.005551 0.003479 0.001919 0.001158 0.000565 0.000323 0.000166 0.000068 0.000031 0.000010 0.000002 0.000000 0.000000 0.000000 0.000000 0.000000 0.000000 0.000000 0.000000 
t: 0.004049586778 start: 103 end: 160 0.000001 0.000000 0.000001 0.000001 0.000007 0.000014 0.000021 0.000050 0.000099 0.000191 0.000339 0.000659 0.001203 0.001921 0.003240 0.005115 0.007906 0.011710 0.016696 0.023011 0.030180 0.039013 0.048548 0.056892 0.065198 0.072162 0.076701 0.077958 0.077547 0.073287 0.066265 0.057959 0.048618 0.039652 0.030293 0.022742 0.016103 0.011154 0.007146 0.004588 0.002694 0.001458 0.000818 0.000451 0.000224 0.000096 0.000042 0.000017 0.000005 0.000003 0.000000 0.000001 0.000000 0.000000 0.000000 0.000000 0.000000 0.000000 
t: 0.003769230770 start: 108 end: 163 0.000001 0.000002 0.000010 0.000015 0.000042 0.000064 0.000127 0.000253 0.000509 0.000831 0.001504 0.002555 0.004122 0.006472 0.009878 0.014223 0.019970 0.027368 0.035285 0.044130 0.053743 0.062413 0.069705 0.075952 0.079044 0.078552 0.075856 0.070010 0.061637 0.052668 0.043114 0.033543 0.025530 0.018261 0.012468 0.008089 0.005254 0.003077 0.001811 0.000952 0.000529 0.000236 0.000125 0.000055 0.000004 0.000007 0.000002 0.000002 0.000000 0.000000 0.000000 0.000000 0.000000 0.000000 0.000000 0.000000 
t: 0.003525179857 start: 111 end: 165 0.000002 0.000006 0.000010 0.000026 0.000058 0.000107 0.000183 0.000416 0.000772 0.001325 0.002196 0.003721 0.005827 0.008903 0.012997 0.018746 0.025496 0.034007 0.042974 0.051772 0.061513 0.069189 0.075582 0.079574 0.079655 0.077173 0.071528 0.063773 0.054410 0.044296 0.035033 0.026355 0.018783 0.012842 0.008588 0.005391 0.003145 0.001773 0.000923 0.000516 0.000230 0.000126 0.000032 0.000015 0.000007 0.000002 0.000002 0.000000 0.000000 0.000000 0.000000 0.000000 0.000000 0.000000 0.000000 
t: 0.003310810811 start: 114 end: 167 0.000005 0.000006 0.000032 0.000053 0.000093 0.000190 0.000387 0.000733 0.001256 0.002105 0.003632 0.005657 0.008825 0.013110 0.018351 0.025643 0.033893 0.042905 0.052659 0.062032 0.070130 0.076733 0.079893 0.080555 0.077762 0.072098 0.063947 0.054280 0.043978 0.034209 0.025473 0.018181 0.012275 0.007976 0.004918 0.002891 0.001548 0.000813 0.000417 0.000214 0.000094 0.000027 0.000014 0.000003 0.000003 0.000001 0.000000 0.000000 0.000000 0.000000 0.000000 0.000000 0.000000 0.000000 
t: 0.003121019109 start: 115 end: 168 0.000001 0.000001 0.000014 0.000017 0.000053 0.000108 0.000217 0.000412 0.000769 0.001291 0.002256 0.003886 0.006064 0.009243 0.013616 0.019679 0.027031 0.035345 0.044979 0.054358 0.064407 0.072770 0.078329 0.081211 0.081006 0.077764 0.070941 0.062090 0.052365 0.041741 0.031686 0.023416 0.016283 0.010875 0.006942 0.004155 0.002314 0.001197 0.000627 0.000321 0.000123 0.000068 0.000019 0.000007 0.000002 0.000001 0.000000 0.000000 0.000000 0.000000 0.000000 0.000000 0.000000 0.000000 
t: 0.002951807229 start: 117 end: 170 0.000001 0.000006 0.000013 0.000023 0.000065 0.000130 0.000277 0.000442 0.000872 0.001496 0.002562 0.004246 0.006996 0.010403 0.015357 0.021847 0.029743 0.038432 0.048665 0.058414 0.067665 0.075971 0.080691 0.082535 0.081234 0.076212 0.068007 0.059126 0.048105 0.037860 0.028245 0.020189 0.013651 0.008748 0.005366 0.003166 0.001624 0.000857 0.000429 0.000208 0.000076 0.000030 0.000010 0.000003 0.000001 0.000001 0.000000 0.000000 0.000000 0.000000 0.000000 0.000000 0.000000 0.000000 
t: 0.002800000000 start: 119 end: 170 0.000005 0.000006 0.000010 0.000038 0.000087 0.000173 0.000313 0.000589 0.001030 0.001883 0.003148 0.005251 0.008127 0.012524 0.018099 0.025204 0.033900 0.043374 0.053688 0.063366 0.072566 0.079355 0.083193 0.083159 0.079971 0.073175 0.064306 0.053388 0.042693 0.032834 0.023519 0.016143 0.010427 0.006508 0.003704 0.002227 0.001077 0.000537 0.000247 0.000103 0.000033 0.000015 0.000004 0.000001 0.000000 0.000000 0.000000 0.000000 0.000000 0.000000 0.000000 0.000000 
t: 0.002663043479 start: 119 end: 172 0.000001 0.000002 0.000003 0.000008 0.000029 0.000052 0.000095 0.000223 0.000460 0.000815 0.001450 0.002471 0.004126 0.006628 0.010307 0.015516 0.022046 0.030020 0.039883 0.049644 0.059506 0.070012 0.078149 0.082716 0.084577 0.082411 0.076686 0.068336 0.057621 0.046928 0.036275 0.026317 0.018088 0.011978 0.007403 0.004475 0.002438 0.001194 0.000663 0.000262 0.000125 0.000044 0.000012 0.000003 0.000001 0.000000 0.000001 0.000000 0.000000 0.000000 0.000000 0.000000 0.000000 0.000000 
t: 0.002538860104 start: 120 end: 172 0.000001 0.000001 0.000002 0.000008 0.000017 0.000036 0.000081 0.000173 0.000334 0.000649 0.001144 0.002093 0.003450 0.005688 0.008882 0.013544 0.019532 0.027502 0.036585 0.046790 0.057527 0.067202 0.076328 0.082878 0.085762 0.084289 0.079300 0.071392 0.061048 0.049821 0.038754 0.028372 0.019645 0.013089 0.008134 0.004860 0.002601 0.001349 0.000652 0.000310 0.000119 0.000037 0.000013 0.000004 0.000000 0.000002 0.000000 0.000000 0.000000 0.000000 0.000000 0.000000 0.000000 
t: 0.002425742574 start: 120 end: 174 0.000001 0.000001 0.000001 0.000000 0.000008 0.000012 0.000026 0.000065 0.000133 0.000271 0.000528 0.000994 0.001719 0.003093 0.004952 0.008081 0.012208 0.018029 0.025423 0.034506 0.044554 0.055862 0.066372 0.075218 0.082993 0.085812 0.085573 0.081872 0.073924 0.062749 0.051819 0.040465 0.029604 0.020810 0.013677 0.008531 0.004959 0.002621 0.001421 0.000648 0.000298 0.000106 0.000047 0.000009 0.000002 0.000001 0.000001 0.000001 0.000000 0.000000 0.000000 0.000000 0.000000 0.000000 0.000000 
t: 0.002322274882 start: 123 end: 176 0.000002 0.000001 0.000005 0.000008 0.000022 0.000057 0.000116 0.000223 0.000446 0.000839 0.001569 0.002746 0.004519 0.007459 0.011430 0.017142 0.024293 0.033423 0.043697 0.054174 0.065616 0.075326 0.082818 0.087007 0.086819 0.083383 0.074520 0.064651 0.052916 0.041247 0.030523 0.020807 0.013860 0.008365 0.004970 0.002667 0.001298 0.000611 0.000289 0.000092 0.000029 0.000009 0.000003 0.000001 0.000001 0.000001 0.000000 0.000000 0.000000 0.000000 0.000000 0.000000 0.000000 0.000000 
t: 0.002227272727 start: 124 end: 176 0.000001 0.000002 0.000004 0.000009 0.000014 0.000049 0.000101 0.000190 0.000435 0.000790 0.001453 0.002519 0.004220 0.007228 0.010953 0.016634 0.023748 0.033048 0.042923 0.054325 0.065343 0.075817 0.083816 0.087562 0.088228 0.083655 0.076031 0.064793 0.053492 0.041415 0.029925 0.020509 0.013381 0.008083 0.004777 0.002433 0.001166 0.000575 0.000241 0.000071 0.000028 0.000007 0.000003 0.000001 0.000002 0.000000 0.000000 0.000000 0.000000 0.000000 0.000000 0.000000 0.000000 
t: 0.002139737991 start: 126 end: 176 0.000002 0.000003 0.000007 0.000020 0.000042 0.000087 0.000202 0.000396 0.000737 0.001426 0.002467 0.004256 0.006889 0.011098 0.016518 0.023794 0.032755 0.043556 0.054862 0.066239 0.076868 0.084978 0.088780 0.088587 0.084538 0.075323 0.065118 0.053023 0.040424 0.029013 0.019590 0.012676 0.007509 0.004264 0.002157 0.001060 0.000469 0.000171 0.000066 0.000014 0.000012 0.000002 0.000001 0.000001 0.000000 0.000000 0.000000 0.000000 0.000000 0.000000 0.000000 
t: 0.002058823530 start: 127 end: 176 0.000001 0.000004 0.000012 0.000014 0.000040 0.000086 0.000197 0.000393 0.000736 0.001466 0.002513 0.004265 0.006979 0.011180 0.016766 0.024517 0.033683 0.044244 0.056399 0.067865 0.078008 0.086373 0.090115 0.089428 0.084249 0.075500 0.063762 0.051647 0.038742 0.027219 0.018461 0.011369 0.006839 0.003674 0.001861 0.000851 0.000342 0.000137 0.000036 0.000018 0.000006 0.000001 0.000002 0.000000 0.000000 0.000000 0.000000 0.000000 0.000000 0.000000 
t: 0.001983805668 start: 128 end: 176 0.000002 0.000003 0.000010 0.000024 0.000040 0.000078 0.000185 0.000396 0.000784 0.001535 0.002582 0.004388 0.007411 0.011624 0.017468 0.025560 0.035135 0.046356 0.058155 0.070301 0.080238 0.087636 0.091008 0.089808 0.083921 0.074338 0.062256 0.049072 0.036234 0.025411 0.016525 0.010100 0.005740 0.003108 0.001511 0.000660 0.000265 0.000082 0.000035 0.000010 0.000003 0.000002 0.000000 0.000000 0.000000 0.000000 0.000000 0.000000 0.000000 
t: 0.001914062500 start: 129 end: 176 0.000002 0.000005 0.000010 0.000017 0.000045 0.000086 0.000192 0.000433 0.000865 0.001592 0.002783 0.004739 0.007856 0.012393 0.018875 0.027022 0.037034 0.048843 0.061151 0.072707 0.082991 0.089406 0.091869 0.090032 0.082967 0.072390 0.059401 0.045811 0.033496 0.022739 0.014569 0.008488 0.004875 0.002418 0.001154 0.000490 0.000170 0.000058 0.000017 0.000006 0.000002 0.000001 0.000000 0.000000 0.000000 0.000000 0.000000 0.000000 
t: 0.001849056604 start: 130 end: 176 0.000001 0.000004 0.000015 0.000023 0.000047 0.000097 0.000229 0.000478 0.000925 0.001737 0.003107 0.005248 0.008523 0.013585 0.020446 0.028884 0.039943 0.051834 0.064409 0.076401 0.085493 0.091183 0.093208 0.089278 0.081229 0.069752 0.055468 0.042171 0.030083 0.019967 0.012147 0.007147 0.003781 0.001846 0.000844 0.000305 0.000117 0.000032 0.000007 0.000004 0.000002 0.000000 0.000000 0.000000 0.000000 0.000000 0.000000 
t: 0.001788321168 start: 131 end: 176 0.000001 0.000008 0.000011 0.000028 0.000049 0.000122 0.000277 0.000532 0.001041 0.001947 0.003465 0.005969 0.009661 0.015045 0.022388 0.031686 0.043104 0.055918 0.068191 0.079780 0.088275 0.093940 0.093190 0.088111 0.078090 0.066027 0.051594 0.037765 0.026450 0.016688 0.010084 0.005421 0.002957 0.001356 0.000537 0.000213 0.000059 0.000011 0.000006 0.000003 0.000000 0.000000 0.000000 0.000000 0.000000 0.000000 
t: 0.001731448763 start: 132 end: 176 0.000001 0.000010 0.000012 0.000026 0.000061 0.000132 0.000324 0.000658 0.001229 0.002243 0.004060 0.006906 0.010960 0.016841 0.024895 0.035015 0.047230 0.059978 0.072953 0.083569 0.092009 0.094942 0.092970 0.085467 0.075206 0.060810 0.046601 0.033509 0.022106 0.013669 0.007857 0.004285 0.002070 0.000907 0.000333 0.000118 0.000026 0.000009 0.000003 0.000000 0.000000 0.000000 0.000000 0.000000 0.000000 
t: 0.001678082192 start: 132 end: 176 0.000001 0.000001 0.000009 0.000013 0.000032 0.000087 0.000187 0.000380 0.000756 0.001498 0.002725 0.004707 0.008014 0.012666 0.019244 0.028075 0.039169 0.051763 0.065378 0.077578 0.088017 0.094661 0.095486 0.091411 0.082933 0.070110 0.055728 0.040908 0.028353 0.018129 0.010708 0.005994 0.003098 0.001367 0.000541 0.000199 0.000051 0.000018 0.000005 0.000000 0.000000 0.000000 0.000000 0.000000 0.000000 
t: 0.001627906977 start: 133 end: 176 0.000001 0.000002 0.000007 0.000020 0.000042 0.000110 0.000229 0.000473 0.000920 0.001811 0.003326 0.005644 0.009530 0.014541 0.022208 0.032205 0.044063 0.057321 0.070529 0.082946 0.092183 0.096388 0.095217 0.089337 0.078391 0.064777 0.049030 0.035226 0.023347 0.014264 0.008150 0.004391 0.002048 0.000875 0.000312 0.000103 0.000025 0.000007 0.000001 0.000000 0.000000 0.000000 0.000000 0.000000 
t: 0.001580645161 start: 134 end: 176 0.000001 0.000004 0.000013 0.000024 0.000058 0.000129 0.000306 0.000636 0.001147 0.002295 0.004068 0.006944 0.011153 0.017391 0.025961 0.036870 0.049309 0.063459 0.076476 0.088216 0.095441 0.097381 0.094443 0.085851 0.072513 0.058201 0.042377 0.029240 0.018388 0.010851 0.005932 0.002936 0.001260 0.000506 0.000161 0.000046 0.000011 0.000002 0.000000 0.000000 0.000000 0.000000 0.000000 
t: 0.001536050157 start: 135 end: 176 0.000003 0.000009 0.000013 0.000035 0.000072 0.000185 0.000389 0.000803 0.001540 0.002828 0.004988 0.008421 0.013599 0.020683 0.030557 0.042206 0.055985 0.069630 0.082865 0.092822 0.097987 0.097559 0.092014 0.080256 0.066343 0.050259 0.035801 0.023174 0.014126 0.007884 0.004077 0.001801 0.000735 0.000246 0.000082 0.000019 0.000004 0.000000 0.000000 0.000000 0.000000 0.000000 
t: 0.001493902439 start: 135 end: 176 0.000001 0.000006 0.000008 0.000022 0.000044 0.000107 0.000242 0.000534 0.001018 0.002034 0.003514 0.006271 0.010545 0.016279 0.025200 0.035418 0.048819 0.063015 0.076584 0.088900 0.097147 0.099381 0.096162 0.087316 0.073910 0.058436 0.042441 0.028684 0.018117 0.010264 0.005413 0.002509 0.001087 0.000402 0.000127 0.000034 0.000009 0.000000 0.000000 0.000000 0.000000 0.000000 
t: 0.001454005935 start: 135 end: 176 0.000001 0.000003 0.000005 0.000011 0.000023 0.000072 0.000151 0.000355 0.000694 0.001398 0.002547 0.004628 0.008005 0.012924 0.020295 0.029717 0.042151 0.055664 0.070204 0.084076 0.094422 0.100082 0.099044 0.093171 0.081380 0.066190 0.049562 0.034665 0.022408 0.013274 0.007118 0.003394 0.001500 0.000603 0.000194 0.000059 0.000008 0.000002 0.000000 0.000000 0.000000 0.000000 
t: 0.001416184971 start: 136 end: 176 0.000002 0.000003 0.000008 0.000013 0.000041 0.000100 0.000230 0.000454 0.000977 0.001807 0.003460 0.006052 0.010110 0.016407 0.024695 0.035795 0.048721 0.063785 0.078265 0.090820 0.098897 0.101289 0.097185 0.088330 0.073611 0.056803 0.041277 0.027279 0.016595 0.009204 0.004486 0.002057 0.000836 0.000300 0.000084 0.000018 0.000004 0.000000 0.000000 0.000000 0.000000 
t: 0.001380281690 start: 137 end: 176 0.000004 0.000002 0.000011 0.000027 0.000056 0.000146 0.000302 0.000690 0.001298 0.002458 0.004612 0.007853 0.013240 0.020290 0.030280 0.042535 0.057127 0.072301 0.085623 0.096699 0.102224 0.100613 0.093514 0.080737 0.064227 0.048112 0.032610 0.020310 0.011786 0.005887 0.002690 0.001150 0.000421 0.000129 0.000029 0.000007 0.000000 0.000000 0.000000 0.000000 
t: 0.001346153846 start: 137 end: 176 0.000001 0.000003 0.000007 0.000018 0.000031 0.000092 0.000217 0.000465 0.000920 0.001780 0.003395 0.006098 0.010450 0.016648 0.025430 0.036974 0.050616 0.066098 0.080898 0.092794 0.101788 0.102603 0.098417 0.086920 0.071588 0.054792 0.038380 0.024509 0.014507 0.007615 0.003570 0.001544 0.000591 0.000181 0.000048 0.000012 0.000000 0.000000 0.000000 0.000000 
t: 0.001313672922 start: 137 end: 176 0.000001 0.000001 0.000004 0.000007 0.000029 0.000054 0.000142 0.000339 0.000630 0.001343 0.002497 0.004582 0.008288 0.013722 0.021047 0.031863 0.044385 0.059862 0.075288 0.089138 0.099715 0.103463 0.102179 0.092563 0.078587 0.061638 0.044349 0.029107 0.017661 0.009702 0.004712 0.001967 0.000779 0.000272 0.000066 0.000017 0.000001 0.000000 0.000000 0.000000 
t: 0.001282722513 start: 137 end: 176 0.000001 0.000000 0.000001 0.000007 0.000018 0.000037 0.000098 0.000221 0.000474 0.000930 0.001946 0.003444 0.006459 0.011174 0.017535 0.027098 0.038935 0.053915 0.068865 0.084636 0.097199 0.103417 0.104581 0.097593 0.085050 0.068162 0.050743 0.034235 0.021101 0.011999 0.006010 0.002588 0.001053 0.000358 0.000092 0.000022 0.000003 0.000000 0.000000 0.000000 
t: 0.001253196931 start: 138 end: 176 0.000001 0.000000 0.000002 0.000014 0.000025 0.000057 0.000152 0.000350 0.000669 0.001433 0.002650 0.004965 0.008995 0.014571 0.022843 0.033990 0.048133 0.063355 0.079023 0.093296 0.102947 0.105700 0.101693 0.091125 0.074858 0.056894 0.039810 0.025136 0.014406 0.007548 0.003326 0.001385 0.000487 0.000126 0.000031 0.000004 0.000000 0.000000 0.000000 
t: 0.001225000000 start: 140 end: 176 0.000001 0.000007 0.000023 0.000037 0.000098 0.000236 0.000496 0.001064 0.002045 0.003865 0.007007 0.012120 0.019380 0.029365 0.042624 0.057790 0.073696 0.088998 0.100943 0.106369 0.104615 0.096267 0.081233 0.063415 0.045364 0.029428 0.017426 0.009135 0.004257 0.001821 0.000643 0.000183 0.000040 0.000009 0.000000 0.000000 0.000000 
t: 0.001198044010 start: 141 end: 176 0.000004 0.000015 0.000023 0.000074 0.000157 0.000371 0.000793 0.001547 0.003035 0.005570 0.009823 0.016296 0.025491 0.037547 0.052144 0.068544 0.083947 0.098251 0.106058 0.107066 0.100652 0.087018 0.069860 0.051188 0.033974 0.020730 0.011106 0.005263 0.002299 0.000849 0.000239 0.000053 0.000013 0.000000 0.000000 0.000000 
t: 0.001172248804 start: 141 end: 176 0.000001 0.000007 0.000015 0.000048 0.000126 0.000254 0.000574 0.001191 0.002375 0.004403 0.008045 0.013631 0.021734 0.033031 0.046984 0.063115 0.079500 0.094204 0.105189 0.108268 0.104449 0.092497 0.076046 0.056798 0.039105 0.024106 0.013384 0.006593 0.002820 0.001121 0.000282 0.000081 0.000020 0.000003 0.000000 0.000000 
t: 0.001147540984 start: 141 end: 176 0.000001 0.000005 0.000006 0.000029 0.000083 0.000194 0.000421 0.000896 0.001870 0.003513 0.006509 0.011441 0.018570 0.028689 0.042031 0.057782 0.074472 0.090683 0.102983 0.108993 0.107235 0.097376 0.081975 0.062845 0.044101 0.027957 0.015849 0.008027 0.003476 0.001465 0.000383 0.000111 0.000023 0.000006 0.000000 0.000000 
t: 0.001123853211 start: 141 end: 176 0.000001 0.000003 0.000005 0.000018 0.000053 0.000134 0.000317 0.000705 0.001405 0.002815 0.005298 0.009448 0.015843 0.024856 0.037373 0.052845 0.069607 0.086122 0.100396 0.108715 0.109428 0.101950 0.087554 0.068657 0.049433 0.031926 0.018605 0.009713 0.004297 0.001777 0.000528 0.000133 0.000031 0.000008 0.000001 0.000000 
t: 0.001101123596 start: 141 end: 176 0.000001 0.000003 0.000003 0.000011 0.000026 0.000100 0.000243 0.000500 0.001131 0.002243 0.004322 0.007773 0.013597 0.021430 0.033089 0.048018 0.064447 0.081691 0.097217 0.107850 0.110743 0.105730 0.092955 0.074637 0.054607 0.036223 0.021531 0.011518 0.005286 0.002164 0.000702 0.000161 0.000033 0.000014 0.000001 0.000000 
t: 0.001079295154 start: 142 end: 176 0.000003 0.000002 0.000005 0.000020 0.000068 0.000170 0.000382 0.000895 0.001799 0.003500 0.006408 0.011323 0.018665 0.029223 0.042986 0.059802 0.077140 0.093749 0.106339 0.111616 0.108629 0.097677 0.080572 0.059749 0.041032 0.024535 0.013509 0.006399 0.002647 0.000880 0.000213 0.000046 0.000015 0.000002 0.000000 
t: 0.001058315335 start: 142 end: 176 0.000003 0.000000 0.000000 0.000018 0.000042 0.000122 0.000299 0.000664 0.001452 0.002843 0.005237 0.009542 0.016140 0.025639 0.038774 0.054917 0.072453 0.089908 0.104356 0.111779 0.110991 0.102085 0.085726 0.065485 0.045522 0.028013 0.015683 0.007588 0.003250 0.001115 0.000277 0.000056 0.000018 0.000003 0.000000 
t: 0.001038135593 start: 142 end: 176 0.000002 0.000001 0.000000 0.000012 0.000027 0.000078 0.000227 0.000541 0.001105 0.002327 0.004365 0.007931 0.013884 0.022454 0.034775 0.050312 0.067775 0.085818 0.101584 0.111489 0.112873 0.105932 0.090764 0.070989 0.050261 0.031757 0.018037 0.008963 0.003892 0.001357 0.000365 0.000079 0.000021 0.000003 0.000000 
t: 0.001018711019 start: 142 end: 176 0.000002 0.000000 0.000001 0.000008 0.000017 0.000058 0.000160 0.000419 0.000893 0.001869 0.003542 0.006697 0.011811 0.019742 0.030978 0.045995 0.063040 0.081665 0.098582 0.109993 0.114548 0.109222 0.095792 0.076139 0.055116 0.035884 0.020526 0.010382 0.004659 0.001656 0.000472 0.000104 0.000024 0.000004 0.000000 
t: 0.001000000000 start: 143 end: 176 0.000002 0.000001 0.000003 0.000014 0.000041 0.000125 0.000308 0.000717 0.001515 0.002941 0.005566 0.010146 0.017240 0.027582 0.041773 0.058394 0.077285 0.095597 0.108164 0.115173 0.112247 0.099986 0.081405 0.060295 0.040039 0.023063 0.012158 0.005481 0.001987 0.000587 0.000130 0.000029 0.000006 0.000000 
