t: 0.059999999999 start: 16 end: 52 0.000014 0.000074 0.000262 0.000832 0.002399 0.006249 0.013552 0.026518 0.045823 0.070859 0.096081 0.117618 0.129403 0.127630 0.112709 0.090693 0.065668 0.042885 0.025380 0.013711 0.006778 0.003038 0.001182 0.000420 0.000155 0.000052 0.000010 0.000004 0.000001 0.000000 0.000000 0.000000 0.000000 0.000000 0.000000 0.000000 0.000000 
t: 0.054545454544 start: 17 end: 55 0.000003 0.000023 0.000084 0.000280 0.000841 0.002443 0.005728 0.012387 0.023972 0.040793 0.062921 0.086978 0.108247 0.121998 0.124817 0.115487 0.096963 0.074096 0.051463 0.032702 0.019086 0.010245 0.004896 0.002193 0.000846 0.000342 0.000107 0.000042 0.000013 0.000002 0.000002 0.000000 0.000000 0.000000 0.000000 0.000000 0.000000 0.000000 0.000000 
t: 0.049999999999 start: 19 end: 57 0.000007 0.000031 0.000089 0.000325 0.000940 0.002414 0.005594 0.011882 0.022289 0.037926 0.057564 0.080052 0.100842 0.116084 0.121048 0.114935 0.100037 0.079932 0.058532 0.038910 0.024071 0.013643 0.007078 0.003335 0.001494 0.000607 0.000214 0.000086 0.000031 0.000007 0.000000 0.000000 0.000001 0.000000 0.000000 0.000000 0.000000 0.000000 0.000000 
t: 0.046153846153 start: 19 end: 60 0.000002 0.000000 0.000007 0.000031 0.000123 0.000377 0.001018 0.002552 0.005804 0.011627 0.021575 0.035912 0.054569 0.075960 0.095493 0.109933 0.117132 0.113580 0.101342 0.083409 0.062991 0.043747 0.028350 0.016835 0.009243 0.004601 0.002216 0.000985 0.000365 0.000155 0.000046 0.000014 0.000004 0.000001 0.000000 0.000001 0.000000 0.000000 0.000000 0.000000 0.000000 0.000000 
t: 0.042857142857 start: 19 end: 63 0.000001 0.000001 0.000000 0.000001 0.000020 0.000048 0.000158 0.000431 0.001121 0.002866 0.005985 0.011936 0.021503 0.035295 0.053021 0.072601 0.091381 0.106338 0.113278 0.111485 0.101305 0.085233 0.065421 0.047119 0.031660 0.019364 0.011086 0.005939 0.003063 0.001409 0.000584 0.000223 0.000079 0.000029 0.000010 0.000003 0.000002 0.000001 0.000000 0.000000 0.000000 0.000000 0.000000 0.000000 0.000000 
t: 0.040000000000 start: 21 end: 65 0.000001 0.000000 0.000001 0.000006 0.000016 0.000061 0.000177 0.000535 0.001353 0.003118 0.006530 0.012619 0.022149 0.035687 0.052175 0.070820 0.088981 0.102957 0.110568 0.109277 0.100310 0.084641 0.067133 0.049154 0.033912 0.021523 0.012696 0.006991 0.003548 0.001722 0.000796 0.000329 0.000139 0.000051 0.000013 0.000007 0.000001 0.000003 0.000000 0.000000 0.000000 0.000000 0.000000 0.000000 0.000000 
t: 0.037500000000 start: 25 end: 67 0.000003 0.000007 0.000027 0.000087 0.000260 0.000689 0.001631 0.003564 0.007402 0.013704 0.023138 0.036096 0.052740 0.070833 0.087462 0.100990 0.107767 0.106350 0.098383 0.084335 0.067531 0.050291 0.034912 0.022690 0.013617 0.007795 0.004073 0.001991 0.000946 0.000422 0.000173 0.000056 0.000022 0.000010 0.000003 0.000000 0.000000 0.000000 0.000000 0.000000 0.000000 0.000000 0.000000 
t: 0.035294117647 start: 27 end: 69 0.000004 0.000008 0.000044 0.000128 0.000373 0.000905 0.002009 0.004232 0.008356 0.014898 0.024691 0.037813 0.053844 0.071528 0.087462 0.099212 0.105331 0.104180 0.096027 0.082723 0.066704 0.050131 0.035119 0.023143 0.014303 0.008149 0.004575 0.002160 0.001165 0.000462 0.000201 0.000076 0.000030 0.000011 0.000003 0.000000 0.000000 0.000000 0.000000 0.000000 0.000000 0.000000 0.000000 
t: 0.033333333333 start: 29 end: 73 0.000004 0.000025 0.000068 0.000205 0.000514 0.001155 0.002501 0.005041 0.009746 0.016564 0.026818 0.040247 0.055815 0.072563 0.087740 0.098466 0.103314 0.101489 0.093632 0.080599 0.065171 0.048667 0.034760 0.023023 0.014254 0.008453 0.004606 0.002431 0.001221 0.000544 0.000216 0.000083 0.000042 0.000015 0.000005 0.000002 0.000001 0.000000 0.000000 0.000000 0.000000 0.000000 0.000000 0.000000 0.000000 
t: 0.031578947368 start: 31 end: 74 0.000008 0.000036 0.000112 0.000296 0.000690 0.001476 0.003201 0.006206 0.011242 0.018804 0.029442 0.042951 0.058966 0.074739 0.088254 0.097595 0.101557 0.099077 0.090675 0.077639 0.062602 0.046843 0.033366 0.022569 0.014080 0.008275 0.004674 0.002425 0.001242 0.000559 0.000235 0.000100 0.000040 0.000016 0.000007 0.000001 0.000000 0.000000 0.000000 0.000000 0.000000 0.000000 0.000000 0.000000 
t: 0.030000000000 start: 32 end: 76 0.000006 0.000019 0.000068 0.000170 0.000427 0.000979 0.001967 0.004134 0.007682 0.013135 0.021419 0.032848 0.046610 0.062314 0.076778 0.089146 0.097851 0.099944 0.096089 0.086849 0.074076 0.059683 0.044538 0.031727 0.020999 0.013486 0.007969 0.004508 0.002367 0.001204 0.000583 0.000257 0.000108 0.000033 0.000021 0.000004 0.000002 0.000000 0.000000 0.000000 0.000000 0.000000 0.000000 0.000000 0.000000 
t: 0.028571428571 start: 33 end: 77 0.000004 0.000012 0.000042 0.000087 0.000281 0.000573 0.001324 0.002730 0.005199 0.009444 0.015806 0.025098 0.036624 0.050668 0.065244 0.079772 0.091034 0.096811 0.097847 0.092856 0.083056 0.070778 0.055482 0.041793 0.029394 0.019623 0.012493 0.007315 0.004177 0.002329 0.001158 0.000535 0.000242 0.000099 0.000046 0.000020 0.000004 0.000000 0.000000 0.000000 0.000000 0.000000 0.000000 0.000000 0.000000 
t: 0.027272727273 start: 34 end: 79 0.000004 0.000009 0.000027 0.000058 0.000161 0.000347 0.000937 0.001924 0.003623 0.006668 0.011778 0.018909 0.028937 0.041061 0.055410 0.069349 0.082068 0.091770 0.096641 0.095723 0.089165 0.078479 0.066046 0.051966 0.038197 0.027040 0.017780 0.011371 0.006721 0.003894 0.002015 0.001064 0.000469 0.000228 0.000103 0.000040 0.000012 0.000006 0.000000 0.000000 0.000000 0.000000 0.000000 0.000000 0.000000 0.000000 
t: 0.026086956522 start: 35 end: 83 0.000002 0.000006 0.000019 0.000035 0.000097 0.000268 0.000627 0.001359 0.002539 0.004913 0.008733 0.014559 0.022546 0.033251 0.046115 0.059743 0.073649 0.085054 0.092859 0.095540 0.092977 0.084919 0.074277 0.060966 0.047181 0.034761 0.024077 0.015999 0.010161 0.006001 0.003326 0.001764 0.000904 0.000433 0.000200 0.000095 0.000025 0.000014 0.000004 0.000001 0.000001 0.000000 0.000000 0.000000 0.000000 0.000000 0.000000 0.000000 0.000000 
t: 0.025000000000 start: 37 end: 84 0.000005 0.000010 0.000026 0.000059 0.000162 0.000466 0.000925 0.001886 0.003644 0.006535 0.011102 0.017892 0.027058 0.038480 0.051351 0.064954 0.077696 0.087881 0.093109 0.094353 0.088888 0.080786 0.068526 0.055607 0.042422 0.030928 0.021397 0.014152 0.008682 0.005186 0.002839 0.001501 0.000812 0.000399 0.000169 0.000065 0.000034 0.000008 0.000003 0.000002 0.000000 0.000000 0.000000 0.000000 0.000000 0.000000 0.000000 0.000000 
t: 0.024000000000 start: 38 end: 85 0.000002 0.000004 0.000015 0.000041 0.000130 0.000328 0.000619 0.001393 0.002713 0.004950 0.008884 0.014091 0.021968 0.032283 0.043811 0.057267 0.070295 0.081680 0.089599 0.093184 0.091310 0.085028 0.075033 0.063159 0.050087 0.037817 0.027191 0.018611 0.011914 0.007463 0.004218 0.002450 0.001303 0.000595 0.000327 0.000140 0.000054 0.000031 0.000009 0.000003 0.000000 0.000000 0.000000 0.000000 0.000000 0.000000 0.000000 0.000000 
t: 0.023076923077 start: 39 end: 86 0.000002 0.000003 0.000009 0.000029 0.000091 0.000226 0.000494 0.001024 0.002105 0.003865 0.006988 0.011416 0.018072 0.026735 0.038044 0.050194 0.063095 0.075289 0.084692 0.090831 0.092116 0.087667 0.080362 0.069319 0.057121 0.044260 0.033244 0.023194 0.015829 0.010160 0.006019 0.003609 0.001949 0.000998 0.000497 0.000252 0.000113 0.000047 0.000026 0.000014 0.000000 0.000000 0.000000 0.000000 0.000000 0.000000 0.000000 0.000000 
t: 0.022222222222 start: 40 end: 90 0.000001 0.000003 0.000002 0.000027 0.000061 0.000160 0.000363 0.000798 0.001586 0.003077 0.005579 0.009343 0.014931 0.022601 0.032714 0.044217 0.056472 0.068748 0.080090 0.087836 0.090092 0.089752 0.083645 0.074647 0.063115 0.051080 0.038756 0.028366 0.019861 0.013074 0.008163 0.005030 0.002749 0.001532 0.000777 0.000415 0.000193 0.000080 0.000036 0.000017 0.000007 0.000003 0.000001 0.000000 0.000000 0.000000 0.000000 0.000000 0.000000 0.000000 0.000000 
t: 0.021428571428 start: 42 end: 91 0.000004 0.000003 0.000021 0.000051 0.000118 0.000295 0.000588 0.001274 0.002517 0.004477 0.007650 0.012515 0.019127 0.028184 0.038933 0.051048 0.063233 0.074759 0.083486 0.088617 0.089471 0.085935 0.078752 0.068503 0.056619 0.044629 0.033533 0.023787 0.016398 0.010619 0.006546 0.003833 0.002141 0.001166 0.000642 0.000300 0.000122 0.000056 0.000031 0.000009 0.000007 0.000000 0.000000 0.000000 0.000001 0.000000 0.000000 0.000000 0.000000 0.000000 
t: 0.020689655172 start: 43 end: 93 0.000001 0.000004 0.000016 0.000044 0.000099 0.000235 0.000473 0.001027 0.001939 0.003806 0.006407 0.010440 0.016757 0.024250 0.034479 0.046114 0.057716 0.069626 0.079311 0.086306 0.089013 0.087217 0.081642 0.072688 0.061899 0.049419 0.038428 0.027910 0.019748 0.013134 0.008469 0.005166 0.002878 0.001655 0.000869 0.000454 0.000194 0.000106 0.000024 0.000026 0.000007 0.000003 0.000000 0.000000 0.000001 0.000000 0.000000 0.000000 0.000000 0.000000 0.000000 
t: 0.020000000000 start: 43 end: 93 0.000001 0.000000 0.000005 0.000009 0.000046 0.000069 0.000171 0.000405 0.000823 0.001681 0.003179 0.005343 0.008931 0.014458 0.021423 0.030668 0.041530 0.053220 0.064859 0.075218 0.083272 0.087510 0.087413 0.084606 0.075741 0.065619 0.054246 0.043087 0.032253 0.022948 0.015940 0.010392 0.006500 0.003882 0.002158 0.001228 0.000609 0.000309 0.000149 0.000057 0.000023 0.000012 0.000006 0.000000 0.000000 0.000000 0.000000 0.000001 0.000000 0.000000 0.000000 
t: 0.019354838710 start: 44 end: 96 0.000001 0.000003 0.000003 0.000012 0.000023 0.000058 0.000137 0.000344 0.000698 0.001424 0.002703 0.004658 0.007733 0.012557 0.019174 0.027495 0.037799 0.048732 0.060753 0.071235 0.079765 0.085996 0.087543 0.084235 0.079291 0.069337 0.058499 0.046980 0.036178 0.026535 0.018567 0.012512 0.008054 0.004875 0.002808 0.001601 0.000859 0.000424 0.000242 0.000092 0.000035 0.000021 0.000006 0.000002 0.000000 0.000000 0.000000 0.000001 0.000000 0.000000 0.000000 0.000000 0.000000 
t: 0.018750000000 start: 46 end: 98 0.000003 0.000004 0.000011 0.000015 0.000039 0.000130 0.000294 0.000667 0.001240 0.002215 0.004038 0.006907 0.011149 0.016982 0.024948 0.034466 0.045408 0.056553 0.067629 0.076976 0.083621 0.086635 0.085186 0.080423 0.072544 0.062076 0.050910 0.039617 0.029943 0.021102 0.014736 0.009673 0.005992 0.003552 0.002052 0.001124 0.000584 0.000305 0.000131 0.000078 0.000025 0.000012 0.000003 0.000001 0.000000 0.000000 0.000001 0.000000 0.000000 0.000000 0.000000 0.000000 0.000000 
t: 0.018181818182 start: 47 end: 99 0.000002 0.000004 0.000008 0.000012 0.000048 0.000099 0.000268 0.000542 0.001058 0.001989 0.003617 0.006317 0.009793 0.015427 0.022831 0.031928 0.041868 0.053398 0.064265 0.073669 0.081382 0.085557 0.085129 0.082121 0.074358 0.065264 0.054185 0.043271 0.032841 0.023905 0.016721 0.011090 0.007105 0.004329 0.002630 0.001463 0.000742 0.000387 0.000211 0.000097 0.000038 0.000018 0.000010 0.000002 0.000000 0.000000 0.000000 0.000000 0.000001 0.000000 0.000000 0.000000 0.000000 
t: 0.017647058823 start: 47 end: 100 0.000001 0.000000 0.000005 0.000004 0.000011 0.000044 0.000090 0.000224 0.000480 0.000964 0.001707 0.003336 0.005573 0.009093 0.014088 0.020932 0.029575 0.039318 0.050165 0.061241 0.071299 0.079032 0.084076 0.084976 0.082516 0.076781 0.067321 0.057260 0.045995 0.035922 0.026362 0.018692 0.012606 0.008220 0.005242 0.003107 0.001803 0.000971 0.000474 0.000265 0.000134 0.000056 0.000025 0.000007 0.000003 0.000003 0.000000 0.000000 0.000001 0.000000 0.000000 0.000000 0.000000 0.000000 
t: 0.017142857143 start: 49 end: 103 0.000001 0.000002 0.000005 0.000008 0.000042 0.000096 0.000199 0.000416 0.000835 0.001593 0.003045 0.005086 0.008280 0.013045 0.019758 0.027084 0.036881 0.047246 0.058901 0.068643 0.077080 0.082499 0.084998 0.082968 0.077609 0.069980 0.059567 0.048572 0.038365 0.028919 0.020490 0.014120 0.009351 0.006085 0.003657 0.002124 0.001193 0.000662 0.000320 0.000149 0.000081 0.000024 0.000009 0.000007 0.000002 0.000001 0.000002 0.000000 0.000000 0.000000 0.000000 0.000000 0.000000 0.000000 0.000000 
t: 0.016666666667 start: 51 end: 103 0.000003 0.000005 0.000009 0.000042 0.000087 0.000171 0.000380 0.000771 0.001478 0.002737 0.004741 0.007810 0.012347 0.018129 0.025697 0.034881 0.045405 0.055964 0.066593 0.075046 0.080935 0.084534 0.082846 0.078801 0.071378 0.061735 0.050969 0.040529 0.030929 0.022439 0.015514 0.010621 0.006793 0.004254 0.002446 0.001410 0.000820 0.000395 0.000203 0.000085 0.000033 0.000014 0.000011 0.000006 0.000004 0.000000 0.000000 0.000000 0.000000 0.000000 0.000000 0.000000 0.000000 
t: 0.016216216216 start: 52 end: 105 0.000003 0.000003 0.000015 0.000033 0.000088 0.000169 0.000377 0.000665 0.001416 0.002500 0.004477 0.007375 0.011573 0.017227 0.024465 0.033273 0.043298 0.054170 0.064283 0.073328 0.079892 0.083282 0.082971 0.079455 0.072510 0.063368 0.052867 0.042833 0.032570 0.024311 0.016874 0.011748 0.007578 0.004743 0.002828 0.001626 0.000896 0.000476 0.000236 0.000107 0.000046 0.000025 0.000010 0.000008 0.000001 0.000000 0.000001 0.000000 0.000000 0.000000 0.000000 0.000000 0.000000 0.000000 
t: 0.015789473684 start: 52 end: 106 0.000001 0.000002 0.000003 0.000013 0.000034 0.000068 0.000179 0.000339 0.000672 0.001310 0.002452 0.004122 0.007074 0.011067 0.016487 0.023334 0.031977 0.041859 0.052249 0.062532 0.071731 0.078572 0.082394 0.082933 0.079479 0.073666 0.064548 0.054601 0.044363 0.034533 0.025560 0.018459 0.012707 0.008332 0.005275 0.003156 0.001829 0.001001 0.000543 0.000265 0.000161 0.000060 0.000032 0.000014 0.000005 0.000004 0.000003 0.000000 0.000000 0.000000 0.000000 0.000000 0.000000 0.000000 0.000000 
t: 0.015384615385 start: 52 end: 107 0.000001 0.000001 0.000000 0.000003 0.000016 0.000034 0.000075 0.000148 0.000323 0.000700 0.001266 0.002280 0.004029 0.006743 0.010619 0.015876 0.022742 0.030766 0.040472 0.050715 0.061122 0.070493 0.077496 0.081649 0.082762 0.079560 0.074035 0.065632 0.055624 0.046311 0.035703 0.026883 0.019639 0.013524 0.009055 0.005747 0.003529 0.002017 0.001169 0.000597 0.000318 0.000172 0.000083 0.000043 0.000012 0.000012 0.000002 0.000001 0.000000 0.000001 0.000000 0.000000 0.000000 0.000000 0.000000 0.000000 
t: 0.015000000000 start: 53 end: 106 0.000002 0.000000 0.000000 0.000003 0.000017 0.000045 0.000061 0.000166 0.000336 0.000604 0.001263 0.002246 0.003918 0.006565 0.010246 0.015281 0.022131 0.029733 0.039586 0.049551 0.060241 0.068859 0.076584 0.080956 0.082076 0.080009 0.074120 0.066637 0.056869 0.047311 0.037067 0.028233 0.020495 0.014301 0.009474 0.006292 0.003844 0.002201 0.001254 0.000698 0.000362 0.000180 0.000106 0.000042 0.000019 0.000011 0.000004 0.000000 0.000000 0.000001 0.000000 0.000000 0.000000 0.000000 
t: 0.014634146341 start: 54 end: 109 0.000001 0.000001 0.000000 0.000009 0.000011 0.000035 0.000074 0.000161 0.000314 0.000649 0.001217 0.002288 0.003858 0.006219 0.010199 0.014918 0.021555 0.029351 0.038847 0.048855 0.058973 0.068099 0.075636 0.080252 0.081981 0.079640 0.074920 0.066763 0.057543 0.047804 0.038344 0.028947 0.021496 0.014673 0.010135 0.006769 0.004122 0.002359 0.001417 0.000770 0.000383 0.000205 0.000116 0.000066 0.000010 0.000008 0.000005 0.000001 0.000000 0.000000 0.000000 0.000001 0.000000 0.000000 0.000000 0.000000 
t: 0.014285714286 start: 55 end: 110 0.000001 0.000000 0.000003 0.000005 0.000012 0.000032 0.000072 0.000160 0.000366 0.000627 0.001212 0.002258 0.003752 0.006363 0.009950 0.014794 0.021211 0.029076 0.038107 0.048201 0.058170 0.067485 0.075050 0.079872 0.080952 0.080187 0.074589 0.067016 0.058463 0.048736 0.038558 0.029852 0.021864 0.015399 0.010511 0.007006 0.004320 0.002534 0.001537 0.000809 0.000446 0.000220 0.000115 0.000065 0.000023 0.000011 0.000005 0.000002 0.000000 0.000000 0.000001 0.000000 0.000000 0.000000 0.000000 0.000000 
t: 0.013953488372 start: 57 end: 114 0.000001 0.000002 0.000007 0.000009 0.000035 0.000083 0.000152 0.000356 0.000719 0.001250 0.002215 0.003775 0.006303 0.009910 0.014823 0.021003 0.028709 0.037868 0.048058 0.057432 0.067306 0.074344 0.079153 0.080950 0.079668 0.074436 0.067268 0.058721 0.048907 0.039467 0.030348 0.022181 0.015735 0.010987 0.007254 0.004484 0.002736 0.001557 0.000870 0.000438 0.000240 0.000114 0.000076 0.000030 0.000009 0.000006 0.000001 0.000002 0.000001 0.000001 0.000000 0.000000 0.000000 0.000000 0.000000 0.000000 0.000000 0.000000 
t: 0.013636363636 start: 58 end: 114 0.000001 0.000001 0.000005 0.000015 0.000037 0.000078 0.000180 0.000358 0.000676 0.001317 0.002247 0.003951 0.006299 0.010078 0.014669 0.021036 0.028629 0.038049 0.047650 0.057490 0.066444 0.073990 0.078529 0.081054 0.079273 0.074204 0.067322 0.058474 0.049336 0.039597 0.030748 0.022531 0.016107 0.011244 0.007538 0.004480 0.002844 0.001614 0.000910 0.000500 0.000231 0.000132 0.000071 0.000040 0.000009 0.000005 0.000003 0.000000 0.000003 0.000001 0.000000 0.000000 0.000000 0.000000 0.000000 0.000000 0.000000 
t: 0.013333333333 start: 58 end: 116 0.000001 0.000001 0.000002 0.000005 0.000017 0.000029 0.000089 0.000186 0.000366 0.000715 0.001352 0.002333 0.004041 0.006453 0.010097 0.014870 0.021101 0.028966 0.038069 0.047623 0.057287 0.066327 0.073584 0.078478 0.080474 0.079105 0.073853 0.067241 0.058197 0.049328 0.039862 0.030521 0.022899 0.016551 0.011274 0.007450 0.004633 0.002947 0.001654 0.000988 0.000505 0.000251 0.000149 0.000065 0.000037 0.000012 0.000005 0.000001 0.000004 0.000001 0.000001 0.000000 0.000000 0.000000 0.000000 0.000000 0.000000 0.000000 0.000000 
t: 0.013043478261 start: 59 end: 115 0.000002 0.000001 0.000000 0.000005 0.000019 0.000038 0.000093 0.000192 0.000407 0.000757 0.001395 0.002436 0.004071 0.006736 0.010411 0.014985 0.021640 0.029302 0.038120 0.047875 0.057276 0.066471 0.073137 0.078613 0.080006 0.078496 0.073523 0.066966 0.058387 0.049117 0.039606 0.030506 0.022793 0.016295 0.011372 0.007474 0.004748 0.002876 0.001813 0.000983 0.000521 0.000266 0.000148 0.000063 0.000033 0.000011 0.000007 0.000004 0.000003 0.000000 0.000000 0.000001 0.000000 0.000000 0.000000 0.000000 0.000000 
t: 0.012765957447 start: 61 end: 116 0.000003 0.000000 0.000008 0.000017 0.000053 0.000098 0.000216 0.000414 0.000830 0.001420 0.002518 0.004281 0.006888 0.010660 0.015567 0.022042 0.029475 0.038746 0.048070 0.057690 0.066338 0.073725 0.077940 0.079947 0.077592 0.073295 0.066642 0.058161 0.048543 0.039178 0.030515 0.022580 0.016282 0.011342 0.007375 0.004732 0.002967 0.001817 0.000947 0.000540 0.000263 0.000147 0.000082 0.000026 0.000012 0.000009 0.000004 0.000000 0.000002 0.000000 0.000000 0.000001 0.000000 0.000000 0.000000 0.000000 
t: 0.012500000000 start: 61 end: 119 0.000001 0.000002 0.000002 0.000007 0.000021 0.000051 0.000117 0.000254 0.000452 0.000840 0.001507 0.002705 0.004479 0.007199 0.010879 0.016171 0.022533 0.030420 0.038907 0.048511 0.058161 0.067075 0.073604 0.077854 0.078892 0.077630 0.073009 0.065884 0.057828 0.048002 0.038718 0.029930 0.022516 0.015932 0.011058 0.007450 0.004642 0.002945 0.001768 0.000963 0.000530 0.000272 0.000161 0.000060 0.000027 0.000016 0.000008 0.000004 0.000001 0.000001 0.000000 0.000000 0.000000 0.000001 0.000000 0.000000 0.000000 0.000000 0.000000 
t: 0.012244897959 start: 62 end: 119 0.000002 0.000001 0.000004 0.000007 0.000030 0.000059 0.000122 0.000249 0.000515 0.000896 0.001677 0.002850 0.004783 0.007496 0.011347 0.016533 0.023379 0.030988 0.039759 0.049392 0.058695 0.067689 0.073586 0.077640 0.079142 0.076857 0.072292 0.065224 0.056879 0.047396 0.038014 0.029682 0.021811 0.015723 0.010795 0.007217 0.004704 0.002837 0.001668 0.000993 0.000527 0.000265 0.000151 0.000069 0.000021 0.000021 0.000008 0.000002 0.000000 0.000002 0.000000 0.000000 0.000001 0.000000 0.000000 0.000000 0.000000 0.000000 
t: 0.012000000000 start: 63 end: 120 0.000003 0.000001 0.000005 0.000010 0.000034 0.000062 0.000152 0.000271 0.000544 0.001050 0.001771 0.003115 0.005019 0.007904 0.011832 0.017310 0.024171 0.031723 0.040779 0.050249 0.059895 0.067954 0.073831 0.077534 0.078240 0.076545 0.071784 0.064233 0.055763 0.046660 0.037563 0.028790 0.021415 0.015300 0.010432 0.007174 0.004524 0.002671 0.001662 0.000961 0.000518 0.000298 0.000127 0.000064 0.000033 0.000011 0.000006 0.000003 0.000003 0.000000 0.000000 0.000001 0.000000 0.000000 0.000000 0.000000 0.000000 0.000000 
t: 0.011764705882 start: 63 end: 120 0.000001 0.000000 0.000004 0.000008 0.000015 0.000033 0.000070 0.000169 0.000316 0.000587 0.001120 0.001931 0.003412 0.005373 0.008419 0.012504 0.017985 0.024989 0.032773 0.041949 0.051420 0.060927 0.068285 0.073787 0.077836 0.078353 0.075544 0.070614 0.063168 0.054979 0.045730 0.036616 0.028086 0.020923 0.014632 0.010128 0.006702 0.004387 0.002645 0.001662 0.000889 0.000503 0.000284 0.000136 0.000058 0.000025 0.000012 0.000006 0.000003 0.000001 0.000000 0.000000 0.000001 0.000000 0.000000 0.000000 0.000000 0.000000 
t: 0.011538461538 start: 65 end: 121 0.000003 0.000002 0.000010 0.000018 0.000040 0.000086 0.000176 0.000333 0.000716 0.001179 0.002131 0.003685 0.005815 0.008955 0.013169 0.018999 0.025711 0.034312 0.043423 0.052430 0.061725 0.068906 0.074467 0.077561 0.077883 0.074897 0.069920 0.062045 0.053472 0.044597 0.035544 0.027313 0.019994 0.014235 0.009877 0.006348 0.004159 0.002497 0.001503 0.000902 0.000493 0.000260 0.000109 0.000051 0.000023 0.000015 0.000006 0.000004 0.000000 0.000000 0.000000 0.000001 0.000000 0.000000 0.000000 0.000000 0.000000 
t: 0.011320754717 start: 65 end: 122 0.000002 0.000001 0.000004 0.000012 0.000025 0.000047 0.000096 0.000166 0.000441 0.000727 0.001364 0.002400 0.003960 0.006388 0.009633 0.013934 0.019969 0.026991 0.035512 0.044589 0.053859 0.062599 0.069753 0.074888 0.077836 0.077325 0.074357 0.068786 0.060707 0.051942 0.043288 0.034459 0.026361 0.019103 0.013660 0.009233 0.006225 0.003793 0.002351 0.001459 0.000862 0.000468 0.000228 0.000105 0.000049 0.000016 0.000015 0.000008 0.000003 0.000000 0.000000 0.000001 0.000000 0.000000 0.000000 0.000000 0.000000 0.000000 
t: 0.011111111111 start: 65 end: 123 0.000001 0.000002 0.000001 0.000006 0.000016 0.000025 0.000055 0.000104 0.000224 0.000477 0.000845 0.001542 0.002634 0.004362 0.006879 0.010313 0.015061 0.020944 0.028544 0.036757 0.046166 0.055080 0.063800 0.070470 0.075735 0.077367 0.077075 0.074002 0.066907 0.059093 0.050917 0.041905 0.032863 0.025179 0.018393 0.012885 0.008880 0.005756 0.003522 0.002304 0.001320 0.000775 0.000428 0.000194 0.000103 0.000045 0.000023 0.000013 0.000005 0.000002 0.000000 0.000001 0.000000 0.000000 0.000000 0.000000 0.000000 0.000000 0.000000 
t: 0.010909090909 start: 67 end: 124 0.000002 0.000006 0.000006 0.000018 0.000029 0.000063 0.000128 0.000281 0.000516 0.000974 0.001751 0.002913 0.004869 0.007371 0.011212 0.015978 0.022241 0.029963 0.038587 0.047515 0.056639 0.064814 0.071756 0.075602 0.077888 0.076370 0.072654 0.065691 0.057849 0.049314 0.040227 0.031433 0.023937 0.017411 0.012348 0.008149 0.005319 0.003380 0.002086 0.001248 0.000755 0.000356 0.000181 0.000094 0.000038 0.000020 0.000010 0.000006 0.000001 0.000000 0.000001 0.000000 0.000000 0.000000 0.000000 0.000000 0.000000 0.000000 
t: 0.010714285714 start: 69 end: 125 0.000007 0.000012 0.000020 0.000041 0.000074 0.000145 0.000329 0.000628 0.001109 0.001925 0.003306 0.005319 0.008113 0.012000 0.017253 0.023846 0.031645 0.040083 0.049195 0.058253 0.066375 0.072136 0.076613 0.077094 0.075901 0.071098 0.064456 0.056530 0.047257 0.038610 0.029952 0.022564 0.016389 0.011525 0.007772 0.004821 0.003177 0.001938 0.001179 0.000654 0.000321 0.000178 0.000077 0.000044 0.000019 0.000011 0.000004 0.000001 0.000000 0.000001 0.000000 0.000000 0.000000 0.000000 0.000000 0.000000 0.000000 
t: 0.010526315789 start: 69 end: 126 0.000002 0.000006 0.000011 0.000021 0.000053 0.000082 0.000194 0.000380 0.000727 0.001278 0.002188 0.003727 0.005849 0.008873 0.013103 0.018706 0.025400 0.033225 0.041875 0.051144 0.059906 0.067635 0.073586 0.076217 0.077228 0.074410 0.070139 0.063072 0.054378 0.045443 0.036855 0.028320 0.021376 0.015259 0.010780 0.007099 0.004596 0.002879 0.001758 0.001036 0.000591 0.000292 0.000157 0.000080 0.000035 0.000017 0.000007 0.000002 0.000000 0.000002 0.000001 0.000000 0.000000 0.000000 0.000000 0.000000 0.000000 0.000000 
t: 0.010344827586 start: 69 end: 126 0.000001 0.000002 0.000011 0.000015 0.000024 0.000048 0.000111 0.000234 0.000450 0.000849 0.001447 0.002532 0.004145 0.006614 0.009755 0.014145 0.020291 0.026859 0.035217 0.043607 0.053272 0.061824 0.069036 0.073633 0.077194 0.076423 0.073681 0.068507 0.061415 0.052272 0.043407 0.034884 0.026933 0.020223 0.014261 0.009811 0.006609 0.004127 0.002562 0.001577 0.000977 0.000488 0.000267 0.000144 0.000059 0.000031 0.000018 0.000005 0.000000 0.000001 0.000002 0.000000 0.000000 0.000000 0.000000 0.000000 0.000000 0.000000 
t: 0.010169491525 start: 70 end: 127 0.000001 0.000006 0.000008 0.000016 0.000036 0.000066 0.000138 0.000270 0.000516 0.000976 0.001715 0.002937 0.004746 0.007259 0.010645 0.015813 0.021543 0.028871 0.036916 0.045881 0.055328 0.063515 0.070128 0.075191 0.076566 0.075890 0.072614 0.066880 0.059129 0.050328 0.041396 0.033140 0.025340 0.018614 0.013296 0.009102 0.005982 0.003698 0.002394 0.001340 0.000853 0.000459 0.000234 0.000120 0.000059 0.000027 0.000012 0.000003 0.000000 0.000001 0.000002 0.000000 0.000000 0.000000 0.000000 0.000000 0.000000 0.000000 
t: 0.010000000000 start: 70 end: 127 0.000001 0.000001 0.000006 0.000010 0.000022 0.000040 0.000083 0.000165 0.000343 0.000627 0.001151 0.002020 0.003382 0.005230 0.008067 0.011962 0.017058 0.023440 0.030925 0.038945 0.048109 0.057127 0.065157 0.071694 0.075502 0.076728 0.074979 0.071406 0.065069 0.057171 0.048249 0.039189 0.031113 0.023674 0.017277 0.012281 0.008250 0.005404 0.003319 0.002075 0.001252 0.000697 0.000409 0.000204 0.000098 0.000047 0.000025 0.000013 0.000001 0.000000 0.000003 0.000000 0.000000 0.000000 0.000000 0.000000 0.000000 0.000000 
t: 0.008448275866 start: 77 end: 137 0.000001 0.000002 0.000004 0.000007 0.000014 0.000028 0.000072 0.000151 0.000305 0.000545 0.000968 0.001637 0.002877 0.004518 0.006821 0.010401 0.014861 0.020491 0.027349 0.035109 0.043882 0.052410 0.060621 0.067702 0.072250 0.075162 0.075605 0.072345 0.067911 0.060738 0.052785 0.044358 0.035211 0.027957 0.020776 0.015027 0.010519 0.007033 0.004675 0.002927 0.001721 0.001024 0.000586 0.000315 0.000146 0.000084 0.000041 0.000014 0.000006 0.000004 0.000002 0.000001 0.000001 0.000000 0.000000 0.000000 0.000000 0.000000 0.000000 0.000000 0.000000 
t: 0.007313432839 start: 83 end: 140 0.000001 0.000000 0.000001 0.000004 0.000014 0.000028 0.000062 0.000142 0.000251 0.000495 0.000856 0.001595 0.002549 0.004115 0.006533 0.009507 0.013601 0.018976 0.025528 0.032831 0.041427 0.049617 0.058175 0.065052 0.071474 0.073691 0.075232 0.073085 0.069172 0.062538 0.055025 0.046635 0.038081 0.030431 0.022740 0.016877 0.011878 0.008196 0.005468 0.003403 0.002085 0.001229 0.000668 0.000363 0.000201 0.000086 0.000050 0.000014 0.000009 0.000005 0.000004 0.000000 0.000000 0.000000 0.000000 0.000000 0.000000 0.000000 
t: 0.006447368423 start: 89 end: 146 0.000001 0.000000 0.000003 0.000009 0.000027 0.000059 0.000110 0.000200 0.000423 0.000753 0.001329 0.002247 0.003539 0.005525 0.008374 0.012146 0.017070 0.023449 0.030244 0.038503 0.046807 0.055218 0.063109 0.068651 0.072989 0.075024 0.073958 0.070650 0.065090 0.057676 0.049716 0.041275 0.032649 0.025395 0.018877 0.013536 0.009516 0.006210 0.003969 0.002417 0.001482 0.000855 0.000454 0.000233 0.000122 0.000064 0.000028 0.000015 0.000002 0.000001 0.000000 0.000001 0.000000 0.000000 0.000000 0.000000 0.000000 0.000000 
t: 0.005764705884 start: 94 end: 152 0.000002 0.000001 0.000009 0.000012 0.000044 0.000075 0.000141 0.000300 0.000514 0.000964 0.001658 0.002726 0.004294 0.006515 0.009760 0.013874 0.019481 0.025872 0.033512 0.041731 0.050328 0.058250 0.065293 0.070693 0.074293 0.074870 0.073534 0.069086 0.062693 0.054586 0.046172 0.037447 0.029847 0.022618 0.016655 0.011574 0.007807 0.005026 0.003311 0.001984 0.001162 0.000604 0.000363 0.000171 0.000088 0.000034 0.000016 0.000007 0.000001 0.000001 0.000001 0.000000 0.000000 0.000000 0.000000 0.000000 0.000000 0.000000 0.000000 
t: 0.005212765959 start: 98 end: 155 0.000001 0.000001 0.000008 0.000017 0.000040 0.000085 0.000137 0.000282 0.000539 0.000991 0.001613 0.002708 0.004146 0.006360 0.009690 0.014031 0.019369 0.025557 0.033230 0.041579 0.050080 0.058657 0.065279 0.070877 0.074414 0.075320 0.074022 0.069254 0.062944 0.054717 0.046583 0.037638 0.029920 0.022356 0.016130 0.011466 0.007812 0.004842 0.003140 0.001810 0.001112 0.000612 0.000336 0.000170 0.000059 0.000042 0.000010 0.000011 0.000002 0.000000 0.000001 0.000000 0.000000 0.000000 0.000000 0.000000 0.000000 0.000000 
t: 0.004757281555 start: 102 end: 158 0.000004 0.000002 0.000012 0.000023 0.000056 0.000099 0.000211 0.000378 0.000675 0.001217 0.002000 0.003310 0.005216 0.007749 0.011460 0.016219 0.021796 0.028946 0.037116 0.045625 0.054546 0.062009 0.068530 0.073243 0.075616 0.075907 0.072188 0.066810 0.059781 0.050745 0.042364 0.033593 0.025820 0.018906 0.013553 0.009220 0.006059 0.003802 0.002320 0.001345 0.000750 0.000401 0.000189 0.000095 0.000048 0.000036 0.000007 0.000002 0.000000 0.000000 0.000001 0.000000 0.000000 0.000000 0.000000 0.000000 0.000000 
t: 0.004375000001 start: 102 end: 158 0.000001 0.000000 0.000000 0.000002 0.000004 0.000007 0.000022 0.000036 0.000091 0.000192 0.000372 0.000604 0.001078 0.001863 0.003065 0.004817 0.007134 0.010854 0.015205 0.021025 0.028220 0.036216 0.044457 0.053041 0.061745 0.068208 0.073475 0.076207 0.076363 0.073648 0.068148 0.060720 0.051725 0.043388 0.034492 0.026137 0.019390 0.013646 0.009526 0.006059 0.003760 0.002287 0.001279 0.000717 0.000382 0.000202 0.000092 0.000067 0.000019 0.000007 0.000005 0.000000 0.000000 0.000000 0.000000 0.000000 0.000000 
t: 0.004049586778 start: 104 end: 161 0.000001 0.000000 0.000000 0.000002 0.000002 0.000005 0.000011 0.000019 0.000049 0.000105 0.000195 0.000362 0.000688 0.001115 0.002010 0.003184 0.005135 0.007622 0.011330 0.016662 0.022365 0.029803 0.037676 0.046404 0.055391 0.063607 0.070107 0.075326 0.076714 0.076812 0.072991 0.066963 0.059031 0.049888 0.041267 0.032354 0.024331 0.017796 0.012085 0.008096 0.005253 0.003203 0.001849 0.001033 0.000567 0.000319 0.000142 0.000081 0.000029 0.000016 0.000002 0.000002 0.000000 0.000000 0.000000 0.000000 0.000000 0.000000 
t: 0.003769230770 start: 108 end: 164 0.000001 0.000001 0.000000 0.000005 0.000007 0.000020 0.000032 0.000065 0.000144 0.000241 0.000477 0.000842 0.001450 0.002376 0.003918 0.006145 0.009274 0.013483 0.019163 0.025670 0.033603 0.042246 0.051095 0.059791 0.067456 0.073784 0.077387 0.077728 0.076051 0.070753 0.063688 0.054707 0.045351 0.036100 0.027602 0.020533 0.014256 0.009620 0.006260 0.003844 0.002206 0.001230 0.000646 0.000384 0.000217 0.000078 0.000046 0.000015 0.000008 0.000001 0.000000 0.000000 0.000000 0.000000 0.000000 0.000000 0.000000 
t: 0.003525179857 start: 111 end: 168 0.000001 0.000002 0.000003 0.000004 0.000009 0.000024 0.000060 0.000097 0.000207 0.000355 0.000662 0.001182 0.002045 0.003390 0.005431 0.008122 0.012069 0.017322 0.023789 0.031423 0.039780 0.048831 0.058418 0.066616 0.072685 0.077393 0.078566 0.077249 0.072736 0.066123 0.057446 0.047780 0.037961 0.029381 0.021601 0.015160 0.010349 0.006589 0.004041 0.002358 0.001328 0.000705 0.000375 0.000168 0.000094 0.000051 0.000012 0.000005 0.000001 0.000001 0.000000 0.000000 0.000000 0.000000 0.000000 0.000000 0.000000 0.000000 
t: 0.003310810811 start: 114 end: 168 0.000001 0.000001 0.000006 0.000008 0.000026 0.000050 0.000078 0.000194 0.000318 0.000649 0.001057 0.001976 0.003190 0.005026 0.007831 0.011653 0.016775 0.023102 0.030980 0.039484 0.048849 0.058275 0.066142 0.073258 0.077845 0.079881 0.078125 0.074246 0.066382 0.058149 0.048087 0.038217 0.028691 0.021567 0.015085 0.009914 0.006380 0.003823 0.002204 0.001254 0.000636 0.000305 0.000167 0.000073 0.000026 0.000010 0.000004 0.000000 0.000000 0.000000 0.000000 0.000000 0.000000 0.000000 0.000000 
t: 0.003121019109 start: 115 end: 169 0.000001 0.000001 0.000000 0.000008 0.000011 0.000021 0.000041 0.000080 0.000183 0.000343 0.000605 0.001187 0.001969 0.003222 0.005156 0.008164 0.012100 0.017381 0.023880 0.032094 0.040536 0.050137 0.059737 0.067921 0.074946 0.079023 0.080766 0.078589 0.073805 0.065923 0.056479 0.046222 0.036599 0.027691 0.019963 0.013667 0.009076 0.005481 0.003229 0.001819 0.000976 0.000531 0.000250 0.000116 0.000048 0.000018 0.000004 0.000001 0.000000 0.000000 0.000000 0.000000 0.000000 0.000000 0.000000 
t: 0.002951807229 start: 118 end: 172 0.000001 0.000004 0.000003 0.000010 0.000027 0.000046 0.000084 0.000187 0.000378 0.000730 0.001232 0.002173 0.003779 0.005809 0.008934 0.013136 0.018840 0.025827 0.034239 0.043614 0.053180 0.063190 0.070615 0.077184 0.080893 0.080953 0.078609 0.072486 0.063128 0.053309 0.043066 0.033613 0.024685 0.017159 0.011685 0.007461 0.004427 0.002578 0.001370 0.000695 0.000384 0.000164 0.000069 0.000031 0.000008 0.000003 0.000002 0.000000 0.000000 0.000000 0.000000 0.000000 0.000000 0.000000 0.000000 
t: 0.002800000000 start: 119 end: 173 0.000002 0.000001 0.000003 0.000005 0.000011 0.000027 0.000042 0.000129 0.000255 0.000462 0.000890 0.001550 0.002649 0.004384 0.006799 0.010318 0.014968 0.021233 0.029256 0.038455 0.048194 0.057761 0.066883 0.074653 0.080034 0.082411 0.081119 0.076804 0.069051 0.058937 0.048815 0.038610 0.028814 0.020717 0.014187 0.009189 0.005604 0.003238 0.001810 0.000915 0.000464 0.000195 0.000098 0.000034 0.000018 0.000005 0.000001 0.000000 0.000000 0.000000 0.000000 0.000000 0.000000 0.000000 0.000000 
t: 0.002663043479 start: 120 end: 171 0.000002 0.000000 0.000000 0.000002 0.000008 0.000015 0.000039 0.000081 0.000179 0.000322 0.000664 0.001099 0.001975 0.003327 0.005328 0.008531 0.012633 0.018171 0.025270 0.033825 0.043842 0.053885 0.063227 0.072344 0.078971 0.082211 0.082981 0.080018 0.073065 0.064001 0.053345 0.042728 0.032339 0.023709 0.016491 0.010732 0.006528 0.003836 0.002146 0.001117 0.000560 0.000269 0.000102 0.000053 0.000023 0.000006 0.000000 0.000000 0.000000 0.000000 0.000000 0.000000 
t: 0.002538860104 start: 121 end: 175 0.000001 0.000001 0.000001 0.000004 0.000002 0.000007 0.000027 0.000056 0.000132 0.000233 0.000486 0.000889 0.001630 0.002605 0.004502 0.007104 0.010829 0.015831 0.022547 0.030985 0.040071 0.050357 0.060929 0.069957 0.077504 0.082416 0.084393 0.081598 0.076184 0.067904 0.057199 0.045955 0.035321 0.025759 0.018247 0.011836 0.007335 0.004396 0.002408 0.001236 0.000615 0.000296 0.000126 0.000064 0.000015 0.000006 0.000000 0.000000 0.000001 0.000000 0.000000 0.000000 0.000000 0.000000 0.000000 
t: 0.002425742574 start: 123 end: 177 0.000001 0.000001 0.000004 0.000004 0.000005 0.000018 0.000041 0.000088 0.000189 0.000381 0.000749 0.001292 0.002280 0.003814 0.006144 0.009564 0.014216 0.020741 0.028538 0.037770 0.047929 0.058592 0.068479 0.076829 0.082899 0.084553 0.083860 0.078066 0.070594 0.059973 0.048247 0.037365 0.027598 0.018983 0.012714 0.007895 0.004603 0.002485 0.001364 0.000621 0.000306 0.000138 0.000038 0.000021 0.000006 0.000001 0.000001 0.000000 0.000000 0.000000 0.000000 0.000000 0.000000 0.000000 0.000000 
t: 0.002322274882 start: 124 end: 177 0.000001 0.000000 0.000002 0.000004 0.000002 0.000014 0.000032 0.000073 0.000153 0.000318 0.000653 0.001130 0.002018 0.003333 0.005551 0.008828 0.013213 0.019256 0.027014 0.036199 0.046436 0.056893 0.068021 0.075778 0.083090 0.086269 0.084482 0.080298 0.072218 0.061457 0.049990 0.038677 0.028323 0.019707 0.012692 0.008149 0.004715 0.002563 0.001360 0.000619 0.000284 0.000128 0.000037 0.000014 0.000001 0.000003 0.000002 0.000000 0.000000 0.000000 0.000000 0.000000 0.000000 0.000000 
t: 0.002227272727 start: 125 end: 176 0.000001 0.000000 0.000000 0.000003 0.000005 0.000015 0.000025 0.000060 0.000130 0.000295 0.000583 0.000960 0.001806 0.003130 0.005303 0.008273 0.012600 0.018204 0.026122 0.035626 0.045876 0.056526 0.067215 0.076369 0.083577 0.086928 0.085691 0.081419 0.073170 0.062342 0.050794 0.038740 0.028404 0.019721 0.012837 0.007934 0.004586 0.002501 0.001234 0.000595 0.000258 0.000081 0.000041 0.000014 0.000004 0.000002 0.000000 0.000000 0.000000 0.000000 0.000000 0.000000 
t: 0.002139737991 start: 128 end: 179 0.000001 0.000001 0.000005 0.000015 0.000022 0.000059 0.000131 0.000259 0.000523 0.000950 0.001693 0.002954 0.005121 0.008134 0.012336 0.018027 0.025677 0.035480 0.045575 0.056941 0.067678 0.077332 0.084362 0.087640 0.086900 0.081845 0.073708 0.062292 0.050567 0.038531 0.027784 0.019148 0.012265 0.007512 0.004351 0.002222 0.001092 0.000543 0.000197 0.000086 0.000028 0.000010 0.000002 0.000001 0.000000 0.000000 0.000000 0.000000 0.000000 0.000000 0.000000 0.000000 
t: 0.002058823530 start: 129 end: 179 0.000001 0.000001 0.000009 0.000016 0.000016 0.000057 0.000123 0.000258 0.000477 0.000915 0.001715 0.002952 0.005031 0.008197 0.012357 0.018321 0.026086 0.035465 0.046425 0.057769 0.068979 0.078416 0.085619 0.088674 0.087378 0.082413 0.073337 0.061514 0.049677 0.037341 0.026671 0.017940 0.011551 0.006887 0.003810 0.001960 0.000977 0.000412 0.000164 0.000064 0.000019 0.000005 0.000001 0.000000 0.000000 0.000000 0.000000 0.000000 0.000000 0.000000 0.000000 
t: 0.001983805668 start: 131 end: 179 0.000003 0.000006 0.000016 0.000020 0.000052 0.000136 0.000247 0.000485 0.000911 0.001710 0.003081 0.005210 0.008236 0.012744 0.019022 0.027029 0.036664 0.047492 0.059548 0.070611 0.080391 0.086372 0.090291 0.088050 0.081838 0.072065 0.060103 0.047868 0.035681 0.024942 0.016519 0.010331 0.006125 0.003286 0.001637 0.000786 0.000308 0.000123 0.000045 0.000011 0.000005 0.000000 0.000000 0.000000 0.000000 0.000000 0.000000 0.000000 0.000000 
t: 0.001914062500 start: 131 end: 180 0.000002 0.000001 0.000006 0.000011 0.000025 0.000051 0.000145 0.000258 0.000511 0.000978 0.001787 0.003241 0.005329 0.008699 0.013545 0.020129 0.028081 0.038329 0.049801 0.061724 0.073020 0.081929 0.088918 0.090797 0.087885 0.080884 0.070634 0.057871 0.045530 0.033087 0.022829 0.014781 0.009080 0.005164 0.002654 0.001377 0.000557 0.000221 0.000095 0.000025 0.000008 0.000001 0.000000 0.000000 0.000000 0.000000 0.000000 0.000000 0.000000 0.000000 
t: 0.001849056604 start: 132 end: 180 0.000001 0.000003 0.000004 0.000015 0.000025 0.000068 0.000140 0.000282 0.000548 0.001091 0.001986 0.003444 0.005783 0.009386 0.014525 0.021348 0.029945 0.040565 0.052455 0.064874 0.075687 0.084651 0.090530 0.091640 0.087137 0.079427 0.068040 0.055305 0.042272 0.030096 0.020099 0.013069 0.007587 0.004207 0.002168 0.000946 0.000412 0.000169 0.000045 0.000019 0.000006 0.000000 0.000000 0.000000 0.000000 0.000000 0.000000 0.000000 0.000000 
t: 0.001788321168 start: 133 end: 180 0.000001 0.000004 0.000004 0.000015 0.000036 0.000081 0.000157 0.000300 0.000641 0.001192 0.002176 0.003833 0.006303 0.010370 0.015837 0.023145 0.032477 0.043815 0.055767 0.067913 0.079160 0.087311 0.092246 0.091543 0.086107 0.077209 0.065192 0.051441 0.038585 0.026478 0.017742 0.010711 0.006120 0.003345 0.001629 0.000669 0.000287 0.000114 0.000032 0.000008 0.000004 0.000000 0.000000 0.000000 0.000000 0.000000 0.000000 0.000000 
t: 0.001731448763 start: 133 end: 180 0.000001 0.000002 0.000001 0.000007 0.000015 0.000046 0.000094 0.000173 0.000362 0.000746 0.001398 0.002494 0.004299 0.007233 0.011592 0.017612 0.025216 0.035737 0.047056 0.059823 0.072259 0.082670 0.090635 0.092840 0.091319 0.084380 0.074150 0.060808 0.047310 0.033920 0.023047 0.014603 0.008918 0.004898 0.002454 0.001136 0.000466 0.000190 0.000065 0.000020 0.000004 0.000001 0.000000 0.000000 0.000000 0.000000 0.000000 0.000000 
t: 0.001678082192 start: 134 end: 180 0.000001 0.000001 0.000003 0.000011 0.000020 0.000052 0.000097 0.000188 0.000471 0.000847 0.001654 0.002979 0.004993 0.008266 0.013073 0.019637 0.028600 0.039078 0.051577 0.064468 0.076626 0.086569 0.092764 0.093559 0.090131 0.081978 0.070162 0.055928 0.041952 0.029430 0.019392 0.012004 0.006968 0.003589 0.001722 0.000779 0.000283 0.000106 0.000032 0.000007 0.000003 0.000000 0.000000 0.000000 0.000000 0.000000 0.000000 
t: 0.001627906977 start: 136 end: 180 0.000002 0.000005 0.000005 0.000031 0.000061 0.000117 0.000276 0.000535 0.001016 0.002061 0.003393 0.005909 0.009643 0.014902 0.022815 0.031820 0.043854 0.056082 0.069598 0.081019 0.090567 0.094546 0.093813 0.088092 0.078503 0.064946 0.050128 0.036605 0.025016 0.015654 0.009391 0.005227 0.002544 0.001141 0.000430 0.000180 0.000054 0.000014 0.000005 0.000000 0.000000 0.000000 0.000000 0.000000 0.000000 
t: 0.001580645161 start: 137 end: 180 0.000002 0.000006 0.000010 0.000037 0.000071 0.000158 0.000338 0.000657 0.001350 0.002344 0.004128 0.007001 0.011443 0.017709 0.025973 0.036193 0.048600 0.061742 0.075417 0.086134 0.092944 0.095997 0.092498 0.085757 0.073099 0.058847 0.044189 0.031278 0.020286 0.012244 0.007137 0.003613 0.001728 0.000676 0.000259 0.000102 0.000022 0.000011 0.000000 0.000000 0.000000 0.000000 0.000000 0.000000 
t: 0.001536050157 start: 137 end: 180 0.000001 0.000003 0.000003 0.000023 0.000043 0.000097 0.000212 0.000394 0.000909 0.001642 0.002922 0.004913 0.008582 0.013577 0.020914 0.029831 0.041373 0.054447 0.068274 0.080693 0.090221 0.096009 0.095811 0.091461 0.080389 0.067373 0.052238 0.037753 0.025592 0.015839 0.009317 0.005085 0.002425 0.001035 0.000391 0.000151 0.000042 0.000013 0.000002 0.000000 0.000000 0.000000 0.000000 0.000000 
t: 0.001493902439 start: 138 end: 180 0.000002 0.000003 0.000007 0.000027 0.000059 0.000114 0.000273 0.000552 0.001135 0.002061 0.003616 0.006206 0.010378 0.016476 0.024470 0.034700 0.047289 0.061041 0.074756 0.085812 0.094785 0.097511 0.095522 0.087352 0.074936 0.060191 0.044878 0.031280 0.020024 0.011987 0.006748 0.003400 0.001503 0.000590 0.000222 0.000070 0.000020 0.000004 0.000000 0.000000 0.000000 0.000000 0.000000 
t: 0.001454005935 start: 139 end: 180 0.000001 0.000005 0.000014 0.000032 0.000080 0.000151 0.000369 0.000792 0.001404 0.002564 0.004522 0.007911 0.012897 0.019765 0.029022 0.040445 0.054267 0.067970 0.080981 0.091546 0.097586 0.098302 0.092701 0.082003 0.067910 0.052469 0.037563 0.024757 0.015241 0.008754 0.004497 0.002153 0.000879 0.000296 0.000110 0.000032 0.000009 0.000000 0.000000 0.000000 0.000000 0.000000 
t: 0.001416184971 start: 139 end: 180 0.000001 0.000003 0.000008 0.000017 0.000052 0.000106 0.000230 0.000524 0.000977 0.001812 0.003356 0.005867 0.010126 0.015678 0.024068 0.034523 0.047136 0.061357 0.075421 0.087005 0.096354 0.099736 0.096899 0.088301 0.074969 0.060167 0.044533 0.029935 0.018905 0.011183 0.005944 0.002875 0.001271 0.000446 0.000155 0.000046 0.000013 0.000001 0.000000 0.000000 0.000000 0.000000 
t: 0.001380281690 start: 140 end: 180 0.000002 0.000003 0.000009 0.000035 0.000074 0.000159 0.000338 0.000718 0.001278 0.002426 0.004388 0.007745 0.012451 0.019805 0.029137 0.040772 0.054422 0.069648 0.082264 0.093441 0.099525 0.099808 0.093692 0.081786 0.067358 0.051569 0.036122 0.022874 0.013875 0.007770 0.003847 0.001714 0.000622 0.000225 0.000073 0.000022 0.000003 0.000000 0.000000 0.000000 0.000000 
t: 0.001346153846 start: 140 end: 180 0.000001 0.000004 0.000004 0.000017 0.000039 0.000113 0.000221 0.000526 0.000911 0.001715 0.003248 0.005961 0.009850 0.015975 0.024486 0.035067 0.048131 0.063047 0.077360 0.089286 0.098472 0.100975 0.097941 0.088554 0.074289 0.058367 0.042022 0.027977 0.017066 0.009730 0.005006 0.002289 0.000879 0.000313 0.000125 0.000029 0.000004 0.000000 0.000000 0.000000 0.000000 
t: 0.001313672922 start: 140 end: 180 0.000001 0.000001 0.000004 0.000010 0.000026 0.000059 0.000150 0.000379 0.000666 0.001249 0.002421 0.004518 0.007769 0.012854 0.020334 0.030157 0.041860 0.056723 0.071546 0.085082 0.096156 0.101321 0.101192 0.093657 0.081068 0.065174 0.048306 0.033286 0.020851 0.012009 0.006330 0.002993 0.001221 0.000406 0.000162 0.000053 0.000005 0.000001 0.000000 0.000000 0.000000 
t: 0.001282722513 start: 141 end: 180 0.000001 0.000005 0.000004 0.000016 0.000038 0.000101 0.000237 0.000487 0.000949 0.001759 0.003356 0.006052 0.010427 0.016687 0.025631 0.036571 0.050652 0.065346 0.080162 0.092922 0.100700 0.103067 0.098034 0.087230 0.071947 0.054867 0.038750 0.024954 0.014772 0.007906 0.003873 0.001654 0.000549 0.000209 0.000070 0.000013 0.000002 0.000000 0.000000 0.000000 
t: 0.001253196931 start: 142 end: 180 0.000002 0.000002 0.000013 0.000026 0.000058 0.000161 0.000353 0.000667 0.001319 0.002513 0.004808 0.008227 0.013669 0.021598 0.031932 0.044476 0.059698 0.074785 0.088798 0.099210 0.103963 0.101679 0.092410 0.078586 0.061288 0.044407 0.029505 0.017830 0.009848 0.004877 0.002131 0.000790 0.000263 0.000084 0.000021 0.000003 0.000000 0.000000 0.000000 
t: 0.001225000000 start: 142 end: 180 0.000002 0.000002 0.000006 0.000011 0.000044 0.000098 0.000245 0.000511 0.000969 0.001957 0.003626 0.006637 0.011070 0.018110 0.027487 0.039364 0.053878 0.069228 0.084427 0.096518 0.103884 0.104179 0.097197 0.084519 0.067790 0.050230 0.034354 0.021172 0.012048 0.006122 0.002724 0.001087 0.000356 0.000110 0.000034 0.000004 0.000000 0.000000 0.000000 
t: 0.001198044010 start: 142 end: 180 0.000001 0.000000 0.000006 0.000006 0.000027 0.000074 0.000161 0.000366 0.000743 0.001435 0.002812 0.005226 0.009057 0.014947 0.023486 0.034721 0.048295 0.063847 0.079454 0.093192 0.102831 0.105834 0.100933 0.090230 0.074189 0.056193 0.039319 0.024940 0.014515 0.007615 0.003474 0.001390 0.000487 0.000144 0.000044 0.000006 0.000000 0.000000 0.000000 
t: 0.001172248804 start: 143 end: 180 0.000001 0.000001 0.000006 0.000010 0.000049 0.000114 0.000272 0.000561 0.001077 0.002153 0.004098 0.007333 0.012472 0.019886 0.030275 0.043394 0.058303 0.074158 0.089338 0.101062 0.106663 0.104110 0.094990 0.080253 0.062424 0.044464 0.028949 0.017340 0.009277 0.004302 0.001786 0.000631 0.000175 0.000065 0.000008 0.000000 0.000000 0.000000 
t: 0.001147540984 start: 144 end: 180 0.000001 0.000003 0.000009 0.000033 0.000071 0.000207 0.000417 0.000812 0.001623 0.003341 0.005839 0.010225 0.016914 0.026192 0.038436 0.053259 0.068855 0.085248 0.098466 0.106280 0.106349 0.099651 0.086124 0.068233 0.049968 0.033217 0.020357 0.011199 0.005328 0.002185 0.000829 0.000234 0.000078 0.000017 0.000000 0.000000 0.000000 
t: 0.001123853211 start: 144 end: 180 0.000001 0.000001 0.000004 0.000023 0.000055 0.000137 0.000313 0.000648 0.001197 0.002589 0.004791 0.008422 0.014227 0.022729 0.033892 0.048192 0.064084 0.080202 0.095359 0.105127 0.108124 0.103169 0.091508 0.074258 0.055485 0.037767 0.023545 0.013377 0.006560 0.002745 0.001029 0.000310 0.000108 0.000021 0.000001 0.000000 0.000000 
t: 0.001101123596 start: 146 end: 180 0.000006 0.000011 0.000035 0.000109 0.000209 0.000519 0.000907 0.002010 0.003822 0.006923 0.012131 0.019540 0.029863 0.043402 0.058948 0.075534 0.091586 0.103748 0.108695 0.106414 0.096092 0.079903 0.061319 0.042316 0.027148 0.015660 0.007830 0.003411 0.001329 0.000420 0.000130 0.000029 0.000001 0.000000 0.000000 
t: 0.001079295154 start: 146 end: 180 0.000002 0.000011 0.000014 0.000074 0.000161 0.000392 0.000730 0.001528 0.003104 0.005648 0.010184 0.016685 0.026378 0.038776 0.053913 0.070989 0.087535 0.101491 0.108711 0.108811 0.100478 0.085266 0.066716 0.047465 0.030829 0.018098 0.009464 0.004145 0.001655 0.000531 0.000173 0.000040 0.000003 0.000000 0.000000 
t: 0.001058315335 start: 146 end: 180 0.000001 0.000008 0.000009 0.000046 0.000126 0.000295 0.000581 0.001160 0.002407 0.004633 0.008627 0.014235 0.023098 0.034471 0.049439 0.065935 0.083533 0.098312 0.108169 0.110309 0.104929 0.090184 0.072391 0.052379 0.034751 0.020852 0.011119 0.005017 0.002058 0.000653 0.000218 0.000048 0.000007 0.000000 0.000000 
t: 0.001038135593 start: 146 end: 180 0.000001 0.000004 0.000008 0.000037 0.000080 0.000230 0.000465 0.000929 0.001863 0.003745 0.007113 0.012256 0.020150 0.030846 0.044943 0.061236 0.078992 0.094754 0.107198 0.111611 0.107483 0.095400 0.077731 0.057693 0.038867 0.023798 0.012844 0.006044 0.002506 0.000835 0.000259 0.000068 0.000011 0.000000 0.000000 
t: 0.001018711019 start: 146 end: 180 0.000001 0.000002 0.000004 0.000026 0.000062 0.000176 0.000350 0.000747 0.001539 0.002968 0.005907 0.010557 0.017381 0.027562 0.040638 0.056415 0.074782 0.091059 0.105009 0.112259 0.110034 0.099852 0.083172 0.062859 0.043103 0.027012 0.014881 0.007180 0.003012 0.001036 0.000313 0.000087 0.000014 0.000001 0.000000 
t: 0.001000000000 start: 147 end: 180 0.000003 0.000003 0.000015 0.000040 0.000125 0.000272 0.000589 0.001229 0.002447 0.004849 0.008917 0.015205 0.024282 0.036735 0.051996 0.070442 0.087192 0.102648 0.111823 0.112285 0.103847 0.088148 0.068014 0.047526 0.030541 0.016921 0.008520 0.003564 0.001321 0.000384 0.000096 0.000018 0.000003 0.000000 
