t: 0.059999999999 start: 15 end: 53 0.000005 0.000012 0.000063 0.000212 0.000740 0.002160 0.005535 0.012539 0.024517 0.042771 0.067142 0.092668 0.114635 0.128219 0.128428 0.115408 0.093903 0.068962 0.046186 0.027583 0.015097 0.007533 0.003427 0.001445 0.000538 0.000186 0.000066 0.000013 0.000005 0.000001 0.000000 0.000001 0.000000 0.000000 0.000000 0.000000 0.000000 0.000000 0.000000 
t: 0.054545454544 start: 17 end: 55 0.000006 0.000016 0.000057 0.000237 0.000753 0.002001 0.005047 0.011286 0.021811 0.037561 0.058693 0.082960 0.105596 0.120546 0.125172 0.116966 0.099999 0.078099 0.055176 0.035594 0.021159 0.011471 0.005624 0.002512 0.001041 0.000402 0.000160 0.000039 0.000011 0.000004 0.000000 0.000001 0.000000 0.000000 0.000000 0.000000 0.000000 0.000000 0.000000 
t: 0.049999999999 start: 17 end: 58 0.000001 0.000000 0.000006 0.000019 0.000077 0.000251 0.000763 0.002089 0.004986 0.010388 0.019929 0.034667 0.053313 0.076062 0.097140 0.113657 0.120731 0.117016 0.103364 0.083922 0.062331 0.042189 0.026639 0.015369 0.008171 0.003956 0.001772 0.000744 0.000296 0.000107 0.000030 0.000009 0.000004 0.000001 0.000001 0.000000 0.000000 0.000000 0.000000 0.000000 0.000000 0.000000 
t: 0.046153846153 start: 19 end: 61 0.000001 0.000003 0.000005 0.000021 0.000098 0.000266 0.000850 0.002119 0.004906 0.010308 0.019054 0.032356 0.050578 0.071168 0.091095 0.107423 0.116360 0.115000 0.104621 0.087533 0.067554 0.047344 0.031457 0.019086 0.010625 0.005512 0.002615 0.001233 0.000522 0.000194 0.000055 0.000026 0.000006 0.000003 0.000003 0.000000 0.000000 0.000000 0.000000 0.000000 0.000000 0.000000 0.000000 
t: 0.042857142857 start: 22 end: 64 0.000001 0.000013 0.000020 0.000119 0.000357 0.000886 0.002354 0.005236 0.010162 0.019086 0.031572 0.048561 0.067055 0.087336 0.103319 0.112385 0.112774 0.104000 0.089069 0.070380 0.051831 0.035243 0.021724 0.012959 0.007106 0.003504 0.001666 0.000757 0.000337 0.000123 0.000048 0.000010 0.000005 0.000001 0.000000 0.000001 0.000000 0.000000 0.000000 0.000000 0.000000 0.000000 0.000000 
t: 0.040000000000 start: 24 end: 66 0.000003 0.000010 0.000048 0.000142 0.000437 0.001109 0.002562 0.005463 0.010772 0.019288 0.031411 0.047287 0.066000 0.084674 0.099339 0.109029 0.110571 0.102784 0.089150 0.072315 0.053949 0.037563 0.024577 0.014940 0.008409 0.004282 0.002132 0.001050 0.000431 0.000168 0.000064 0.000024 0.000011 0.000005 0.000000 0.000000 0.000001 0.000000 0.000000 0.000000 0.000000 0.000000 0.000000 
t: 0.037500000000 start: 26 end: 69 0.000002 0.000015 0.000077 0.000206 0.000544 0.001273 0.002972 0.006019 0.011521 0.020050 0.032006 0.047464 0.065627 0.082334 0.097280 0.106839 0.107099 0.101296 0.088685 0.072326 0.054942 0.039413 0.026213 0.016414 0.009438 0.005099 0.002629 0.001300 0.000548 0.000219 0.000094 0.000037 0.000011 0.000005 0.000001 0.000002 0.000000 0.000000 0.000000 0.000000 0.000000 0.000000 0.000000 0.000000 
t: 0.035294117647 start: 28 end: 71 0.000007 0.000027 0.000104 0.000289 0.000661 0.001546 0.003511 0.006876 0.012664 0.021416 0.033150 0.048400 0.065247 0.082548 0.096060 0.103512 0.104748 0.099238 0.087263 0.071858 0.055378 0.039818 0.026981 0.017223 0.010088 0.005729 0.003032 0.001469 0.000670 0.000290 0.000126 0.000043 0.000017 0.000008 0.000002 0.000001 0.000000 0.000000 0.000000 0.000000 0.000000 0.000000 0.000000 0.000000 
t: 0.033333333333 start: 29 end: 73 0.000004 0.000017 0.000045 0.000113 0.000347 0.000890 0.001988 0.004176 0.007768 0.014151 0.023027 0.034976 0.050085 0.066136 0.082917 0.094656 0.101922 0.103207 0.096701 0.085075 0.069910 0.055131 0.039483 0.026981 0.017512 0.010578 0.005940 0.003224 0.001629 0.000816 0.000360 0.000144 0.000058 0.000016 0.000011 0.000005 0.000001 0.000000 0.000000 0.000000 0.000000 0.000000 0.000000 0.000000 0.000000 
t: 0.031578947368 start: 30 end: 74 0.000004 0.000006 0.000023 0.000073 0.000207 0.000477 0.001175 0.002459 0.005027 0.009277 0.015726 0.025115 0.037736 0.052489 0.068039 0.083352 0.094789 0.100482 0.100270 0.093934 0.082452 0.068042 0.053081 0.038734 0.026535 0.017457 0.010333 0.006197 0.003283 0.001729 0.000824 0.000384 0.000176 0.000069 0.000027 0.000011 0.000006 0.000000 0.000000 0.000000 0.000000 0.000000 0.000000 0.000000 0.000000 
t: 0.030000000000 start: 32 end: 76 0.000002 0.000012 0.000041 0.000104 0.000285 0.000723 0.001494 0.003156 0.006185 0.010782 0.017893 0.027918 0.040551 0.055405 0.070684 0.084353 0.093938 0.099557 0.098000 0.091053 0.079607 0.065404 0.050718 0.037429 0.025292 0.016596 0.010231 0.006026 0.003278 0.001745 0.000868 0.000381 0.000172 0.000074 0.000031 0.000008 0.000004 0.000000 0.000000 0.000000 0.000000 0.000000 0.000000 0.000000 0.000000 
t: 0.028571428571 start: 33 end: 79 0.000001 0.000004 0.000018 0.000059 0.000175 0.000398 0.001034 0.002061 0.003882 0.007424 0.012920 0.020567 0.031146 0.044316 0.059069 0.073391 0.085890 0.094504 0.097470 0.095291 0.087032 0.076321 0.062257 0.048238 0.034861 0.024199 0.015669 0.009736 0.005742 0.003225 0.001633 0.000779 0.000395 0.000162 0.000085 0.000028 0.000015 0.000002 0.000001 0.000000 0.000000 0.000000 0.000000 0.000000 0.000000 0.000000 0.000000 
t: 0.027272727273 start: 35 end: 81 0.000003 0.000007 0.000032 0.000106 0.000253 0.000613 0.001365 0.002718 0.005155 0.009122 0.015298 0.024131 0.034873 0.048297 0.062731 0.076457 0.087431 0.094667 0.095519 0.092044 0.083951 0.072200 0.058342 0.044838 0.032941 0.022119 0.014627 0.008969 0.005369 0.002878 0.001534 0.000753 0.000380 0.000156 0.000076 0.000028 0.000015 0.000001 0.000001 0.000000 0.000000 0.000000 0.000000 0.000000 0.000000 0.000000 0.000000 
t: 0.026086956522 start: 35 end: 82 0.000001 0.000000 0.000005 0.000018 0.000060 0.000163 0.000402 0.000883 0.001914 0.003659 0.006623 0.011345 0.018442 0.027434 0.039858 0.053033 0.066648 0.079378 0.088424 0.093735 0.094168 0.089151 0.079758 0.067852 0.054194 0.041453 0.029779 0.020304 0.013027 0.008225 0.004778 0.002650 0.001343 0.000669 0.000342 0.000176 0.000067 0.000028 0.000009 0.000001 0.000001 0.000000 0.000000 0.000000 0.000000 0.000000 0.000000 0.000000 
t: 0.025000000000 start: 37 end: 84 0.000002 0.000001 0.000013 0.000041 0.000113 0.000253 0.000626 0.001341 0.002554 0.004842 0.008739 0.013986 0.021968 0.032390 0.044331 0.057537 0.071248 0.082010 0.090063 0.092491 0.092176 0.085250 0.075506 0.062897 0.049862 0.037292 0.026536 0.018147 0.011633 0.007360 0.004161 0.002325 0.001173 0.000617 0.000285 0.000148 0.000052 0.000023 0.000006 0.000002 0.000000 0.000000 0.000000 0.000000 0.000000 0.000000 0.000000 0.000000 
t: 0.024000000000 start: 39 end: 86 0.000002 0.000009 0.000026 0.000067 0.000193 0.000393 0.000975 0.001902 0.003676 0.006656 0.010880 0.017629 0.026160 0.036847 0.049969 0.062824 0.075131 0.084751 0.090209 0.092316 0.088730 0.080999 0.070300 0.057504 0.045325 0.033447 0.023398 0.015780 0.010115 0.006184 0.003634 0.001993 0.000985 0.000548 0.000265 0.000118 0.000043 0.000010 0.000005 0.000002 0.000000 0.000000 0.000000 0.000000 0.000000 0.000000 0.000000 0.000000 
t: 0.023076923077 start: 40 end: 88 0.000001 0.000011 0.000015 0.000040 0.000144 0.000304 0.000633 0.001460 0.002752 0.005089 0.008758 0.014200 0.021354 0.031137 0.042520 0.055094 0.067852 0.078978 0.087286 0.090389 0.090205 0.085108 0.076146 0.064739 0.052057 0.040207 0.029274 0.020733 0.013551 0.008643 0.005120 0.002951 0.001630 0.000831 0.000431 0.000210 0.000087 0.000040 0.000017 0.000002 0.000000 0.000000 0.000001 0.000000 0.000000 0.000000 0.000000 0.000000 0.000000 
t: 0.022222222222 start: 41 end: 90 0.000002 0.000004 0.000010 0.000030 0.000099 0.000224 0.000499 0.001060 0.002133 0.003892 0.006884 0.011456 0.017957 0.026140 0.036839 0.048515 0.060928 0.072675 0.081945 0.088513 0.090276 0.086985 0.080641 0.070886 0.059115 0.046364 0.035434 0.025352 0.017394 0.011406 0.007098 0.004286 0.002348 0.001316 0.000674 0.000344 0.000154 0.000077 0.000029 0.000012 0.000002 0.000002 0.000000 0.000000 0.000000 0.000000 0.000000 0.000000 0.000000 0.000000 
t: 0.021428571428 start: 42 end: 92 0.000001 0.000003 0.000006 0.000026 0.000073 0.000153 0.000396 0.000792 0.001672 0.003224 0.005565 0.009232 0.014802 0.022512 0.031440 0.042756 0.054929 0.066725 0.077206 0.084956 0.088435 0.088459 0.083706 0.075378 0.064477 0.052779 0.041341 0.030426 0.021542 0.014496 0.009450 0.005752 0.003428 0.001830 0.001038 0.000497 0.000274 0.000126 0.000058 0.000023 0.000012 0.000002 0.000002 0.000000 0.000000 0.000000 0.000000 0.000000 0.000000 0.000000 0.000000 
t: 0.020689655172 start: 43 end: 95 0.000001 0.000002 0.000007 0.000015 0.000065 0.000121 0.000317 0.000621 0.001295 0.002547 0.004559 0.007675 0.012394 0.019056 0.027736 0.037453 0.049302 0.061652 0.072103 0.080961 0.086477 0.088210 0.085374 0.078956 0.069332 0.058306 0.046723 0.035596 0.025706 0.017723 0.011920 0.007539 0.004580 0.002680 0.001505 0.000707 0.000430 0.000180 0.000104 0.000042 0.000019 0.000006 0.000001 0.000000 0.000001 0.000001 0.000000 0.000000 0.000000 0.000000 0.000000 0.000000 0.000000 
t: 0.020000000000 start: 44 end: 95 0.000001 0.000001 0.000009 0.000017 0.000033 0.000093 0.000276 0.000513 0.001041 0.002026 0.003849 0.006558 0.010512 0.016482 0.023992 0.033303 0.044663 0.056108 0.067495 0.076673 0.083955 0.087108 0.086527 0.081448 0.073509 0.062900 0.051482 0.040386 0.029891 0.021511 0.014390 0.009587 0.005813 0.003573 0.001986 0.001139 0.000620 0.000293 0.000116 0.000070 0.000032 0.000011 0.000005 0.000000 0.000003 0.000000 0.000000 0.000000 0.000000 0.000000 0.000000 0.000000 
t: 0.019354838710 start: 46 end: 97 0.000001 0.000005 0.000020 0.000026 0.000088 0.000197 0.000418 0.000879 0.001773 0.003077 0.005589 0.009095 0.014305 0.021133 0.029819 0.040410 0.051681 0.062568 0.072983 0.080954 0.085689 0.086598 0.083189 0.076240 0.066910 0.056231 0.044972 0.033608 0.024813 0.017504 0.011523 0.007374 0.004503 0.002706 0.001501 0.000816 0.000411 0.000219 0.000100 0.000040 0.000023 0.000005 0.000003 0.000001 0.000000 0.000000 0.000000 0.000000 0.000000 0.000000 0.000000 0.000000 
t: 0.018750000000 start: 47 end: 100 0.000002 0.000002 0.000014 0.000030 0.000081 0.000171 0.000334 0.000754 0.001430 0.002838 0.004727 0.007749 0.012255 0.019032 0.026924 0.036685 0.047497 0.058498 0.069222 0.077831 0.083608 0.085693 0.084602 0.078737 0.070132 0.060237 0.048716 0.037684 0.028397 0.020144 0.013843 0.008888 0.005592 0.003455 0.001980 0.001079 0.000602 0.000296 0.000129 0.000059 0.000029 0.000014 0.000004 0.000002 0.000001 0.000001 0.000000 0.000000 0.000000 0.000000 0.000000 0.000000 0.000000 0.000000 
t: 0.018181818182 start: 47 end: 100 0.000001 0.000000 0.000004 0.000009 0.000018 0.000066 0.000128 0.000305 0.000659 0.001267 0.002369 0.004209 0.006841 0.011022 0.016978 0.024258 0.033547 0.044117 0.054520 0.065632 0.074887 0.081771 0.084789 0.084648 0.080224 0.073102 0.063118 0.052245 0.041439 0.031781 0.023023 0.015954 0.010615 0.006841 0.004181 0.002494 0.001428 0.000756 0.000392 0.000195 0.000082 0.000052 0.000017 0.000011 0.000002 0.000002 0.000001 0.000000 0.000000 0.000000 0.000000 0.000000 0.000000 0.000000 
t: 0.017647058823 start: 49 end: 102 0.000001 0.000002 0.000007 0.000018 0.000055 0.000129 0.000243 0.000527 0.001184 0.002091 0.003744 0.006240 0.009928 0.015134 0.022019 0.031007 0.040764 0.051430 0.062326 0.072100 0.079224 0.083600 0.084567 0.081520 0.074907 0.065837 0.055821 0.044815 0.034658 0.025790 0.017951 0.012395 0.008179 0.005015 0.003067 0.001693 0.001019 0.000501 0.000268 0.000129 0.000045 0.000032 0.000011 0.000002 0.000004 0.000000 0.000001 0.000000 0.000000 0.000000 0.000000 0.000000 0.000000 0.000000 
t: 0.017142857143 start: 51 end: 104 0.000006 0.000004 0.000019 0.000047 0.000093 0.000220 0.000522 0.000979 0.001882 0.003400 0.005664 0.009101 0.013860 0.020125 0.028414 0.038199 0.048858 0.059165 0.069112 0.077534 0.082214 0.083564 0.082390 0.076529 0.068261 0.058222 0.047774 0.037792 0.028173 0.020171 0.014315 0.009280 0.005887 0.003550 0.002142 0.001237 0.000646 0.000328 0.000167 0.000085 0.000049 0.000012 0.000002 0.000002 0.000003 0.000000 0.000001 0.000000 0.000000 0.000000 0.000000 0.000000 0.000000 0.000000 
t: 0.016666666667 start: 51 end: 105 0.000002 0.000003 0.000007 0.000014 0.000040 0.000089 0.000208 0.000484 0.000879 0.001712 0.003025 0.005230 0.008210 0.012862 0.018785 0.026351 0.036026 0.046249 0.056769 0.066595 0.075223 0.080584 0.083462 0.082125 0.077726 0.069976 0.060827 0.050237 0.040239 0.030647 0.022580 0.015810 0.010483 0.006712 0.004215 0.002516 0.001421 0.000821 0.000451 0.000204 0.000120 0.000046 0.000022 0.000004 0.000006 0.000002 0.000000 0.000000 0.000001 0.000000 0.000000 0.000000 0.000000 0.000000 0.000000 
t: 0.016216216216 start: 53 end: 106 0.000003 0.000006 0.000016 0.000032 0.000089 0.000182 0.000443 0.000840 0.001511 0.002838 0.004801 0.007694 0.011887 0.017519 0.024903 0.033937 0.044167 0.054987 0.064105 0.073340 0.078906 0.082252 0.082273 0.078604 0.071276 0.062973 0.052339 0.042316 0.033227 0.024549 0.017215 0.011770 0.007539 0.004879 0.002899 0.001688 0.000953 0.000524 0.000261 0.000149 0.000057 0.000030 0.000014 0.000004 0.000002 0.000000 0.000000 0.000001 0.000000 0.000000 0.000000 0.000000 0.000000 0.000000 
t: 0.015789473684 start: 53 end: 108 0.000002 0.000002 0.000003 0.000007 0.000040 0.000083 0.000199 0.000427 0.000726 0.001450 0.002661 0.004552 0.007114 0.011137 0.016784 0.023560 0.032247 0.042045 0.052570 0.062419 0.071437 0.077648 0.081936 0.081936 0.078489 0.072914 0.064388 0.054265 0.044569 0.034992 0.026133 0.018734 0.012928 0.008614 0.005397 0.003301 0.001947 0.001067 0.000629 0.000339 0.000164 0.000076 0.000044 0.000015 0.000003 0.000003 0.000003 0.000001 0.000000 0.000000 0.000000 0.000000 0.000000 0.000000 0.000000 0.000000 
t: 0.015384615385 start: 53 end: 109 0.000001 0.000001 0.000001 0.000003 0.000012 0.000033 0.000085 0.000195 0.000366 0.000732 0.001318 0.002501 0.004186 0.006927 0.010541 0.015829 0.022661 0.031262 0.040239 0.050561 0.060898 0.069686 0.076430 0.080627 0.081414 0.079239 0.073925 0.065684 0.055885 0.046272 0.036682 0.027595 0.020067 0.014105 0.009432 0.005928 0.003732 0.002240 0.001229 0.000715 0.000387 0.000198 0.000095 0.000051 0.000015 0.000007 0.000004 0.000002 0.000002 0.000000 0.000000 0.000000 0.000000 0.000000 0.000000 0.000000 0.000000 
t: 0.015000000000 start: 54 end: 111 0.000001 0.000001 0.000002 0.000003 0.000013 0.000035 0.000088 0.000192 0.000356 0.000658 0.001269 0.002413 0.004056 0.006600 0.010091 0.015295 0.021669 0.029881 0.039338 0.049147 0.059151 0.068392 0.075285 0.080098 0.081170 0.078999 0.074193 0.066477 0.057581 0.047653 0.038094 0.029198 0.021259 0.015091 0.010105 0.006413 0.004158 0.002436 0.001447 0.000828 0.000413 0.000227 0.000120 0.000058 0.000024 0.000011 0.000005 0.000004 0.000001 0.000001 0.000000 0.000000 0.000000 0.000000 0.000000 0.000000 0.000000 0.000000 
t: 0.014634146341 start: 57 end: 111 0.000002 0.000005 0.000016 0.000042 0.000074 0.000171 0.000360 0.000642 0.001292 0.002236 0.003876 0.006345 0.009801 0.014930 0.021105 0.028951 0.038212 0.047756 0.058132 0.067121 0.074509 0.078841 0.080747 0.079091 0.074788 0.067396 0.058414 0.048890 0.039101 0.030422 0.022334 0.015996 0.010765 0.007073 0.004413 0.002628 0.001589 0.000938 0.000494 0.000259 0.000124 0.000069 0.000024 0.000014 0.000006 0.000003 0.000003 0.000000 0.000000 0.000000 0.000000 0.000000 0.000000 0.000000 0.000000 
t: 0.014285714286 start: 57 end: 112 0.000001 0.000000 0.000007 0.000013 0.000044 0.000076 0.000160 0.000375 0.000663 0.001239 0.002250 0.003678 0.006215 0.009648 0.014417 0.020650 0.028647 0.037045 0.046780 0.057124 0.065937 0.073512 0.078641 0.080347 0.078871 0.075072 0.067425 0.059741 0.049851 0.039949 0.031379 0.023266 0.016626 0.011439 0.007365 0.004730 0.002969 0.001762 0.000959 0.000537 0.000314 0.000137 0.000072 0.000035 0.000020 0.000007 0.000002 0.000002 0.000001 0.000000 0.000000 0.000000 0.000000 0.000000 0.000000 0.000000 
t: 0.013953488372 start: 58 end: 113 0.000001 0.000003 0.000008 0.000015 0.000033 0.000089 0.000159 0.000345 0.000643 0.001275 0.002173 0.003733 0.006076 0.009596 0.014282 0.020372 0.027914 0.036389 0.046120 0.056327 0.065677 0.072269 0.078054 0.079655 0.079151 0.074231 0.068759 0.060035 0.050668 0.040905 0.031757 0.023987 0.017332 0.011808 0.007845 0.004998 0.003171 0.001835 0.001016 0.000646 0.000329 0.000158 0.000085 0.000044 0.000012 0.000008 0.000010 0.000002 0.000000 0.000000 0.000000 0.000000 0.000000 0.000000 0.000000 0.000000 
t: 0.013636363636 start: 59 end: 114 0.000002 0.000003 0.000005 0.000021 0.000040 0.000086 0.000170 0.000334 0.000667 0.001306 0.002174 0.003545 0.006195 0.009573 0.014093 0.020171 0.027693 0.036146 0.045803 0.055662 0.064574 0.072248 0.077521 0.079320 0.078064 0.075062 0.068550 0.060328 0.051140 0.041733 0.032438 0.024298 0.017724 0.012082 0.008337 0.005165 0.003343 0.001931 0.001135 0.000621 0.000326 0.000186 0.000104 0.000038 0.000022 0.000009 0.000010 0.000002 0.000000 0.000000 0.000000 0.000000 0.000000 0.000000 0.000000 0.000000 
t: 0.013333333333 start: 59 end: 116 0.000001 0.000001 0.000001 0.000008 0.000018 0.000044 0.000097 0.000151 0.000355 0.000737 0.001280 0.002130 0.003738 0.006093 0.009661 0.014116 0.020325 0.027409 0.036090 0.045262 0.055470 0.064072 0.071838 0.076752 0.078772 0.078319 0.075002 0.068575 0.060364 0.051510 0.041848 0.032606 0.024985 0.017905 0.012366 0.008591 0.005476 0.003356 0.002065 0.001181 0.000661 0.000382 0.000189 0.000110 0.000046 0.000020 0.000013 0.000005 0.000002 0.000002 0.000000 0.000000 0.000000 0.000000 0.000000 0.000000 0.000000 0.000000 
t: 0.013043478261 start: 61 end: 117 0.000001 0.000003 0.000008 0.000014 0.000045 0.000096 0.000188 0.000363 0.000719 0.001278 0.002249 0.003763 0.006194 0.009812 0.014159 0.020353 0.027473 0.035974 0.045376 0.054991 0.064290 0.071195 0.076266 0.079067 0.077598 0.074522 0.068444 0.060816 0.051460 0.041844 0.033103 0.024964 0.018032 0.012768 0.008629 0.005606 0.003506 0.002079 0.001230 0.000715 0.000387 0.000208 0.000117 0.000055 0.000017 0.000012 0.000006 0.000004 0.000001 0.000000 0.000000 0.000000 0.000000 0.000000 0.000000 0.000000 0.000000 
t: 0.012765957447 start: 62 end: 118 0.000002 0.000003 0.000008 0.000016 0.000041 0.000099 0.000173 0.000443 0.000740 0.001302 0.002373 0.003931 0.006396 0.009754 0.014642 0.020215 0.027668 0.036268 0.045464 0.054938 0.064087 0.070939 0.076197 0.078491 0.077755 0.074331 0.068398 0.060498 0.051098 0.041797 0.032927 0.025049 0.018144 0.013024 0.008703 0.005583 0.003540 0.002160 0.001270 0.000703 0.000408 0.000209 0.000111 0.000053 0.000023 0.000017 0.000005 0.000003 0.000001 0.000000 0.000000 0.000000 0.000000 0.000000 0.000000 0.000000 0.000000 
t: 0.012500000000 start: 63 end: 119 0.000002 0.000004 0.000006 0.000019 0.000046 0.000096 0.000187 0.000437 0.000786 0.001418 0.002462 0.004130 0.006608 0.009926 0.014700 0.020708 0.028172 0.036689 0.045662 0.055322 0.064043 0.071006 0.075387 0.078520 0.077263 0.073896 0.068063 0.059994 0.051023 0.041566 0.032814 0.024907 0.018392 0.012913 0.008599 0.005709 0.003542 0.002188 0.001260 0.000709 0.000377 0.000224 0.000119 0.000055 0.000026 0.000016 0.000004 0.000004 0.000001 0.000000 0.000000 0.000000 0.000000 0.000000 0.000000 0.000000 0.000000 
t: 0.012244897959 start: 63 end: 120 0.000001 0.000001 0.000004 0.000009 0.000023 0.000049 0.000098 0.000207 0.000454 0.000843 0.001517 0.002589 0.004223 0.006800 0.010278 0.015089 0.021205 0.028569 0.037198 0.045916 0.055867 0.063943 0.070673 0.076333 0.077604 0.077160 0.073774 0.067093 0.059848 0.050397 0.041423 0.032442 0.024555 0.018368 0.012839 0.008551 0.005578 0.003545 0.002178 0.001284 0.000653 0.000383 0.000223 0.000103 0.000060 0.000028 0.000011 0.000007 0.000002 0.000000 0.000002 0.000000 0.000000 0.000000 0.000000 0.000000 0.000000 0.000000 
t: 0.012000000000 start: 63 end: 119 0.000001 0.000000 0.000002 0.000006 0.000010 0.000019 0.000052 0.000116 0.000243 0.000458 0.000909 0.001631 0.002729 0.004511 0.007109 0.010684 0.015537 0.021744 0.028966 0.037760 0.047038 0.056055 0.064354 0.071260 0.075868 0.077445 0.076962 0.072875 0.066851 0.058779 0.050012 0.040642 0.032015 0.024471 0.017818 0.012730 0.008513 0.005448 0.003513 0.002172 0.001207 0.000691 0.000386 0.000191 0.000113 0.000060 0.000018 0.000020 0.000004 0.000000 0.000002 0.000000 0.000000 0.000000 0.000000 0.000000 0.000000 
t: 0.011764705882 start: 64 end: 121 0.000001 0.000001 0.000002 0.000005 0.000014 0.000029 0.000054 0.000128 0.000266 0.000517 0.000968 0.001742 0.002842 0.004875 0.007402 0.011155 0.016101 0.022367 0.029838 0.038531 0.047652 0.056650 0.065033 0.071494 0.075826 0.077627 0.076309 0.072159 0.066018 0.058156 0.048968 0.040099 0.031541 0.024099 0.017248 0.012409 0.008281 0.005509 0.003392 0.002043 0.001209 0.000643 0.000386 0.000201 0.000115 0.000045 0.000032 0.000011 0.000005 0.000002 0.000000 0.000000 0.000000 0.000000 0.000000 0.000000 0.000000 0.000000 
t: 0.011538461538 start: 66 end: 123 0.000002 0.000002 0.000011 0.000011 0.000034 0.000056 0.000146 0.000285 0.000574 0.001073 0.001803 0.003149 0.005024 0.007806 0.011836 0.016799 0.023104 0.030858 0.039285 0.048538 0.057513 0.065583 0.071863 0.076236 0.077096 0.075524 0.071599 0.064957 0.057469 0.048214 0.039227 0.030749 0.023370 0.017195 0.011736 0.008147 0.005251 0.003315 0.001977 0.001159 0.000667 0.000373 0.000202 0.000084 0.000051 0.000030 0.000009 0.000005 0.000002 0.000001 0.000000 0.000000 0.000000 0.000000 0.000000 0.000000 0.000000 0.000000 
t: 0.011320754717 start: 67 end: 123 0.000002 0.000005 0.000004 0.000021 0.000029 0.000076 0.000167 0.000325 0.000597 0.001137 0.002036 0.003357 0.005350 0.008392 0.012377 0.017610 0.024112 0.031594 0.040523 0.049787 0.058298 0.066166 0.072402 0.076201 0.076814 0.074990 0.070287 0.064579 0.055987 0.047604 0.038087 0.030055 0.022679 0.016388 0.011554 0.007767 0.005081 0.003196 0.001899 0.001095 0.000660 0.000372 0.000153 0.000104 0.000037 0.000020 0.000014 0.000006 0.000004 0.000000 0.000000 0.000000 0.000000 0.000000 0.000000 0.000000 0.000000 
t: 0.011111111111 start: 68 end: 124 0.000003 0.000003 0.000011 0.000022 0.000044 0.000089 0.000184 0.000355 0.000687 0.001277 0.002175 0.003584 0.005812 0.008852 0.013262 0.018466 0.025060 0.033057 0.041621 0.050787 0.059602 0.066808 0.072877 0.076105 0.076464 0.074369 0.069842 0.063158 0.054935 0.046151 0.037113 0.029021 0.021938 0.015779 0.010992 0.007455 0.004786 0.003103 0.001769 0.001109 0.000627 0.000310 0.000171 0.000083 0.000041 0.000020 0.000013 0.000007 0.000001 0.000000 0.000000 0.000000 0.000000 0.000000 0.000000 0.000000 0.000000 
t: 0.010909090909 start: 68 end: 124 0.000001 0.000000 0.000006 0.000012 0.000025 0.000051 0.000093 0.000220 0.000396 0.000762 0.001488 0.002318 0.003922 0.006301 0.009587 0.013871 0.019448 0.026717 0.034054 0.042917 0.052097 0.060598 0.067676 0.073344 0.076309 0.076115 0.073825 0.068611 0.061846 0.053748 0.044818 0.036036 0.027901 0.020864 0.015081 0.010618 0.006915 0.004591 0.002897 0.001760 0.001009 0.000549 0.000297 0.000144 0.000073 0.000049 0.000020 0.000013 0.000005 0.000002 0.000000 0.000000 0.000000 0.000000 0.000000 0.000000 0.000000 
t: 0.010714285714 start: 69 end: 126 0.000001 0.000001 0.000007 0.000014 0.000024 0.000057 0.000117 0.000244 0.000461 0.000894 0.001574 0.002647 0.004324 0.006797 0.010207 0.014848 0.020807 0.027471 0.035771 0.044768 0.053242 0.061692 0.068696 0.073852 0.076247 0.075685 0.072709 0.067834 0.060460 0.052186 0.043219 0.034868 0.026831 0.019861 0.014509 0.009831 0.006668 0.004221 0.002753 0.001634 0.000888 0.000530 0.000271 0.000148 0.000068 0.000027 0.000020 0.000008 0.000007 0.000001 0.000000 0.000000 0.000000 0.000000 0.000000 0.000000 0.000000 0.000000 
t: 0.010526315789 start: 71 end: 127 0.000004 0.000009 0.000012 0.000033 0.000072 0.000148 0.000290 0.000541 0.001004 0.001749 0.002929 0.004751 0.007241 0.011213 0.016077 0.021805 0.029166 0.037498 0.046106 0.055092 0.062677 0.069560 0.074393 0.075658 0.075187 0.072208 0.066342 0.059150 0.050329 0.042116 0.033240 0.025475 0.018923 0.013493 0.009429 0.006261 0.003995 0.002484 0.001513 0.000862 0.000486 0.000234 0.000126 0.000053 0.000032 0.000021 0.000008 0.000003 0.000002 0.000000 0.000000 0.000000 0.000000 0.000000 0.000000 0.000000 0.000000 
t: 0.010344827586 start: 71 end: 129 0.000001 0.000005 0.000007 0.000017 0.000032 0.000098 0.000165 0.000347 0.000637 0.001114 0.001948 0.003322 0.005140 0.008093 0.012108 0.017217 0.023296 0.030757 0.039280 0.047603 0.056414 0.063860 0.070664 0.074504 0.075946 0.075000 0.070651 0.064988 0.057469 0.048949 0.040353 0.031547 0.024233 0.017944 0.012778 0.008610 0.005847 0.003715 0.002297 0.001384 0.000784 0.000416 0.000247 0.000087 0.000066 0.000036 0.000013 0.000005 0.000004 0.000001 0.000001 0.000000 0.000000 0.000000 0.000000 0.000000 0.000000 0.000000 0.000000 
t: 0.010169491525 start: 72 end: 129 0.000004 0.000006 0.000004 0.000022 0.000050 0.000097 0.000226 0.000397 0.000722 0.001291 0.002184 0.003587 0.005809 0.008979 0.013055 0.018551 0.024832 0.032379 0.040891 0.049755 0.057499 0.065536 0.071368 0.075264 0.075700 0.074054 0.069700 0.063609 0.055604 0.047080 0.038205 0.030277 0.022696 0.016986 0.011848 0.008084 0.005457 0.003322 0.002156 0.001232 0.000710 0.000359 0.000205 0.000099 0.000063 0.000024 0.000011 0.000006 0.000003 0.000002 0.000000 0.000000 0.000000 0.000000 0.000000 0.000000 0.000000 0.000000 
t: 0.010000000000 start: 72 end: 130 0.000002 0.000003 0.000002 0.000013 0.000034 0.000049 0.000120 0.000258 0.000469 0.000828 0.001458 0.002478 0.004109 0.006480 0.009854 0.014270 0.020044 0.026348 0.034243 0.042450 0.051538 0.059534 0.067235 0.072297 0.074897 0.075614 0.072947 0.068714 0.061909 0.053587 0.044955 0.036701 0.028560 0.021416 0.015726 0.011029 0.007473 0.004933 0.003110 0.001889 0.001109 0.000616 0.000328 0.000181 0.000102 0.000052 0.000020 0.000005 0.000006 0.000002 0.000003 0.000000 0.000000 0.000000 0.000000 0.000000 0.000000 0.000000 0.000000 
t: 0.008448275866 start: 80 end: 138 0.000003 0.000006 0.000010 0.000021 0.000039 0.000084 0.000186 0.000351 0.000660 0.001193 0.001921 0.003199 0.005049 0.007684 0.011070 0.015795 0.021701 0.028646 0.036022 0.044458 0.053178 0.060695 0.067377 0.071663 0.073861 0.074275 0.071471 0.066328 0.059404 0.051412 0.043558 0.035257 0.027626 0.020694 0.015234 0.010561 0.007219 0.004758 0.003060 0.001866 0.001100 0.000614 0.000332 0.000190 0.000074 0.000056 0.000028 0.000005 0.000004 0.000000 0.000001 0.000001 0.000000 0.000000 0.000000 0.000000 0.000000 0.000000 0.000000 
t: 0.007313432839 start: 84 end: 141 0.000001 0.000001 0.000000 0.000007 0.000008 0.000015 0.000028 0.000070 0.000141 0.000287 0.000532 0.000973 0.001549 0.002696 0.004148 0.006479 0.009481 0.013311 0.018393 0.024750 0.032219 0.040477 0.048306 0.056330 0.063597 0.068871 0.072543 0.073524 0.072810 0.069065 0.063186 0.055386 0.048014 0.039669 0.031566 0.024554 0.018582 0.013240 0.009281 0.005859 0.004134 0.002546 0.001472 0.000892 0.000461 0.000278 0.000131 0.000082 0.000031 0.000021 0.000003 0.000000 0.000000 0.000000 0.000000 0.000000 0.000000 0.000000 
t: 0.006447368423 start: 90 end: 148 0.000001 0.000001 0.000003 0.000004 0.000011 0.000037 0.000075 0.000096 0.000183 0.000424 0.000723 0.001189 0.002100 0.003251 0.005032 0.007687 0.011328 0.015723 0.021224 0.028060 0.035348 0.043825 0.051472 0.059223 0.065766 0.070405 0.073213 0.073482 0.071057 0.066799 0.060251 0.052888 0.044411 0.036296 0.028280 0.021825 0.016019 0.011452 0.007795 0.005048 0.003337 0.002057 0.001190 0.000667 0.000356 0.000199 0.000105 0.000050 0.000021 0.000009 0.000002 0.000000 0.000000 0.000000 0.000000 0.000000 0.000000 0.000000 0.000000 
t: 0.005764705884 start: 94 end: 153 0.000002 0.000000 0.000003 0.000002 0.000001 0.000017 0.000042 0.000071 0.000138 0.000244 0.000438 0.000849 0.001399 0.002314 0.003558 0.005533 0.008367 0.011982 0.016602 0.022533 0.029379 0.037055 0.045161 0.053253 0.060831 0.066211 0.071806 0.073857 0.073133 0.070933 0.065400 0.058784 0.051071 0.042831 0.034413 0.027213 0.020480 0.014757 0.010614 0.007110 0.004646 0.002900 0.001793 0.001068 0.000608 0.000325 0.000137 0.000070 0.000042 0.000016 0.000004 0.000003 0.000001 0.000000 0.000000 0.000000 0.000000 0.000000 0.000000 0.000000 
t: 0.005212765959 start: 98 end: 158 0.000002 0.000001 0.000001 0.000003 0.000008 0.000013 0.000018 0.000068 0.000135 0.000250 0.000405 0.000775 0.001194 0.002062 0.003239 0.005070 0.007676 0.011185 0.015591 0.021259 0.028030 0.035617 0.043484 0.051655 0.059928 0.066108 0.070686 0.073883 0.073631 0.071389 0.066768 0.060540 0.052457 0.044509 0.036361 0.028187 0.021566 0.015553 0.010992 0.007445 0.004938 0.003070 0.001915 0.001101 0.000607 0.000323 0.000163 0.000077 0.000037 0.000013 0.000007 0.000003 0.000002 0.000000 0.000000 0.000000 0.000000 0.000000 0.000000 0.000000 0.000000 
t: 0.004757281555 start: 101 end: 159 0.000001 0.000000 0.000000 0.000003 0.000006 0.000010 0.000013 0.000032 0.000083 0.000147 0.000271 0.000512 0.000845 0.001425 0.002341 0.003793 0.005702 0.008320 0.012405 0.017441 0.023288 0.030102 0.038145 0.046297 0.054607 0.062054 0.067838 0.072198 0.074803 0.073729 0.070685 0.065186 0.058095 0.050220 0.041426 0.033431 0.025763 0.019353 0.013689 0.009421 0.006454 0.004114 0.002481 0.001539 0.000859 0.000438 0.000209 0.000110 0.000072 0.000026 0.000012 0.000004 0.000002 0.000000 0.000000 0.000000 0.000000 0.000000 0.000000 
t: 0.004375000001 start: 107 end: 165 0.000003 0.000003 0.000009 0.000018 0.000026 0.000055 0.000128 0.000212 0.000381 0.000731 0.001190 0.002006 0.003220 0.005084 0.007613 0.011119 0.015580 0.021454 0.027938 0.036059 0.044150 0.052293 0.060488 0.067030 0.071948 0.075170 0.074860 0.071722 0.067362 0.059957 0.052670 0.043861 0.035247 0.027411 0.020602 0.014734 0.010296 0.006880 0.004383 0.002609 0.001615 0.000902 0.000483 0.000278 0.000133 0.000047 0.000023 0.000010 0.000002 0.000004 0.000000 0.000001 0.000000 0.000000 0.000000 0.000000 0.000000 0.000000 0.000000 
t: 0.004049586778 start: 110 end: 168 0.000001 0.000005 0.000012 0.000016 0.000021 0.000068 0.000110 0.000197 0.000396 0.000697 0.001230 0.002029 0.003240 0.005127 0.007773 0.011300 0.015857 0.021782 0.028838 0.036411 0.045132 0.053093 0.061420 0.067624 0.073101 0.075421 0.075525 0.072080 0.067178 0.059854 0.051765 0.042983 0.034487 0.026288 0.019620 0.014005 0.009616 0.006280 0.003981 0.002398 0.001447 0.000756 0.000425 0.000238 0.000091 0.000044 0.000023 0.000011 0.000002 0.000001 0.000001 0.000000 0.000000 0.000000 0.000000 0.000000 0.000000 0.000000 0.000000 
t: 0.003769230770 start: 112 end: 169 0.000001 0.000001 0.000001 0.000007 0.000015 0.000044 0.000060 0.000148 0.000243 0.000442 0.000827 0.001474 0.002371 0.003812 0.005777 0.008691 0.012638 0.017952 0.024552 0.031477 0.039772 0.047834 0.056814 0.064341 0.070692 0.074727 0.076369 0.075382 0.071214 0.064771 0.056769 0.048534 0.039445 0.030690 0.023435 0.017018 0.011834 0.007803 0.005022 0.003024 0.001791 0.001066 0.000570 0.000299 0.000133 0.000067 0.000031 0.000012 0.000004 0.000004 0.000000 0.000000 0.000000 0.000000 0.000000 0.000000 0.000000 0.000000 
t: 0.003525179857 start: 115 end: 171 0.000001 0.000004 0.000003 0.000009 0.000031 0.000051 0.000125 0.000163 0.000355 0.000626 0.001107 0.001915 0.002998 0.004906 0.007408 0.010858 0.015666 0.021666 0.028972 0.036320 0.044957 0.053946 0.062231 0.069184 0.074064 0.077174 0.076145 0.073490 0.067946 0.060471 0.051328 0.042567 0.033417 0.025701 0.018735 0.013242 0.008874 0.005519 0.003411 0.002009 0.001194 0.000629 0.000311 0.000151 0.000068 0.000031 0.000010 0.000010 0.000001 0.000000 0.000000 0.000000 0.000000 0.000000 0.000000 0.000000 0.000000 
t: 0.003310810811 start: 118 end: 174 0.000002 0.000004 0.000010 0.000022 0.000047 0.000071 0.000181 0.000271 0.000559 0.000911 0.001788 0.002696 0.004430 0.006710 0.010035 0.014723 0.020465 0.027279 0.035412 0.043681 0.052988 0.061385 0.068838 0.074409 0.077613 0.077754 0.074773 0.068962 0.061623 0.052934 0.043655 0.034488 0.026101 0.019462 0.013444 0.008932 0.005691 0.003447 0.001977 0.001050 0.000620 0.000310 0.000137 0.000067 0.000026 0.000013 0.000002 0.000001 0.000001 0.000000 0.000000 0.000000 0.000000 0.000000 0.000000 0.000000 0.000000 
t: 0.003121019109 start: 121 end: 174 0.000007 0.000011 0.000013 0.000034 0.000081 0.000154 0.000249 0.000529 0.000945 0.001597 0.002701 0.004334 0.006730 0.010158 0.014738 0.020287 0.027271 0.035520 0.044317 0.053532 0.062377 0.069819 0.074962 0.078375 0.078110 0.075621 0.069504 0.061745 0.052315 0.042966 0.034209 0.025362 0.018351 0.012653 0.008438 0.005159 0.003102 0.001773 0.000986 0.000491 0.000274 0.000117 0.000052 0.000019 0.000005 0.000007 0.000000 0.000000 0.000000 0.000000 0.000000 0.000000 0.000000 0.000000 
t: 0.002951807229 start: 122 end: 176 0.000001 0.000006 0.000005 0.000021 0.000039 0.000093 0.000142 0.000308 0.000540 0.001018 0.001683 0.002810 0.004578 0.007153 0.010697 0.015398 0.021742 0.028702 0.037289 0.046317 0.055753 0.064704 0.071463 0.076733 0.079467 0.078501 0.074956 0.068534 0.060233 0.050464 0.040681 0.031909 0.023328 0.016531 0.011197 0.007191 0.004394 0.002577 0.001389 0.000753 0.000361 0.000193 0.000090 0.000034 0.000011 0.000009 0.000002 0.000000 0.000000 0.000000 0.000000 0.000000 0.000000 0.000000 0.000000 
t: 0.002800000000 start: 124 end: 177 0.000002 0.000003 0.000012 0.000022 0.000048 0.000093 0.000197 0.000353 0.000625 0.001111 0.001968 0.003248 0.005178 0.007879 0.011982 0.017317 0.023753 0.031760 0.040029 0.050207 0.059245 0.067690 0.074377 0.078851 0.080169 0.078666 0.073605 0.065624 0.057177 0.046794 0.037682 0.028029 0.020125 0.013957 0.009195 0.005835 0.003362 0.001856 0.001005 0.000498 0.000273 0.000117 0.000046 0.000022 0.000011 0.000002 0.000000 0.000000 0.000000 0.000000 0.000000 0.000000 0.000000 0.000000 
t: 0.002663043479 start: 125 end: 179 0.000001 0.000004 0.000003 0.000020 0.000030 0.000065 0.000115 0.000235 0.000428 0.000820 0.001387 0.002368 0.003914 0.006175 0.009560 0.014212 0.019951 0.026958 0.035566 0.045231 0.054305 0.063858 0.072473 0.077930 0.080163 0.080767 0.077013 0.070740 0.062096 0.052236 0.041946 0.032423 0.023448 0.016636 0.011077 0.006875 0.004161 0.002334 0.001278 0.000619 0.000341 0.000137 0.000059 0.000022 0.000015 0.000004 0.000001 0.000000 0.000000 0.000000 0.000000 0.000000 0.000000 0.000000 0.000000 
t: 0.002538860104 start: 126 end: 180 0.000001 0.000003 0.000005 0.000007 0.000016 0.000033 0.000091 0.000172 0.000333 0.000600 0.001074 0.001768 0.003111 0.005081 0.007824 0.011886 0.016916 0.023964 0.031828 0.040716 0.050887 0.060785 0.069861 0.076357 0.080347 0.082244 0.079689 0.073994 0.066368 0.056462 0.045827 0.035381 0.026681 0.018750 0.012553 0.007950 0.004745 0.002767 0.001439 0.000811 0.000396 0.000155 0.000074 0.000027 0.000013 0.000006 0.000002 0.000000 0.000000 0.000000 0.000000 0.000000 0.000000 0.000000 0.000000 
t: 0.002425742574 start: 127 end: 181 0.000001 0.000001 0.000003 0.000005 0.000012 0.000029 0.000064 0.000110 0.000263 0.000479 0.000799 0.001458 0.002563 0.004203 0.006638 0.010266 0.014991 0.021508 0.028886 0.038309 0.048047 0.057752 0.067544 0.075169 0.080683 0.082798 0.081472 0.076599 0.069644 0.059690 0.048615 0.038249 0.028759 0.020443 0.013720 0.008744 0.005314 0.002915 0.001668 0.000862 0.000423 0.000172 0.000084 0.000025 0.000013 0.000007 0.000001 0.000000 0.000000 0.000000 0.000000 0.000000 0.000000 0.000000 0.000000 
t: 0.002322274882 start: 128 end: 181 0.000001 0.000001 0.000001 0.000003 0.000009 0.000018 0.000044 0.000098 0.000201 0.000372 0.000689 0.001292 0.002153 0.003598 0.005793 0.009228 0.013571 0.019556 0.027384 0.035659 0.045951 0.056173 0.066191 0.074051 0.080673 0.083871 0.083101 0.078481 0.071454 0.061968 0.051125 0.039961 0.030070 0.021494 0.014455 0.009410 0.005542 0.003128 0.001640 0.000855 0.000427 0.000187 0.000075 0.000030 0.000013 0.000003 0.000000 0.000000 0.000000 0.000000 0.000000 0.000000 0.000000 0.000000 
t: 0.002227272727 start: 129 end: 183 0.000001 0.000001 0.000001 0.000004 0.000004 0.000007 0.000046 0.000082 0.000159 0.000353 0.000606 0.001092 0.001902 0.003201 0.005312 0.008404 0.012688 0.018516 0.025738 0.034475 0.044670 0.055393 0.064963 0.074041 0.081038 0.084628 0.083624 0.080229 0.073139 0.063125 0.052463 0.040918 0.031105 0.021873 0.014902 0.009400 0.005646 0.003049 0.001697 0.000849 0.000381 0.000168 0.000072 0.000023 0.000010 0.000001 0.000001 0.000000 0.000000 0.000000 0.000000 0.000000 0.000000 0.000000 0.000000 
t: 0.002139737991 start: 130 end: 181 0.000001 0.000000 0.000003 0.000003 0.000000 0.000009 0.000038 0.000066 0.000147 0.000297 0.000530 0.001029 0.001769 0.003075 0.004894 0.007880 0.012270 0.017717 0.024998 0.034093 0.044104 0.054636 0.065057 0.074225 0.081403 0.085237 0.084895 0.081286 0.073873 0.064308 0.052667 0.041567 0.030768 0.021810 0.014675 0.009364 0.005448 0.002933 0.001579 0.000788 0.000325 0.000151 0.000048 0.000025 0.000008 0.000001 0.000000 0.000000 0.000000 0.000000 0.000000 0.000000 
t: 0.002058823530 start: 132 end: 183 0.000002 0.000003 0.000002 0.000000 0.000020 0.000026 0.000055 0.000128 0.000274 0.000511 0.000956 0.001721 0.002915 0.004895 0.007791 0.011962 0.017459 0.025016 0.033924 0.043987 0.054866 0.065593 0.074964 0.082237 0.085861 0.085838 0.082102 0.074103 0.064166 0.052839 0.041037 0.030190 0.021278 0.014164 0.008841 0.004967 0.002731 0.001433 0.000667 0.000298 0.000116 0.000038 0.000019 0.000004 0.000001 0.000000 0.000000 0.000000 0.000000 0.000000 0.000000 0.000000 
t: 0.001983805668 start: 133 end: 184 0.000002 0.000003 0.000001 0.000005 0.000017 0.000023 0.000049 0.000128 0.000259 0.000515 0.000911 0.001687 0.002988 0.004858 0.007870 0.012051 0.017806 0.025181 0.034278 0.044908 0.055634 0.066964 0.075931 0.083111 0.087032 0.086858 0.081986 0.074481 0.063580 0.051607 0.039649 0.029281 0.020028 0.013202 0.008055 0.004511 0.002433 0.001194 0.000566 0.000223 0.000082 0.000039 0.000007 0.000006 0.000000 0.000000 0.000000 0.000000 0.000000 0.000000 0.000000 0.000000 
t: 0.001914062500 start: 133 end: 185 0.000001 0.000000 0.000002 0.000004 0.000006 0.000017 0.000022 0.000047 0.000140 0.000264 0.000483 0.000963 0.001766 0.003008 0.004962 0.008096 0.012502 0.018313 0.025983 0.035255 0.046336 0.057560 0.068473 0.078013 0.084435 0.088087 0.087659 0.081379 0.073015 0.062336 0.050052 0.038297 0.027392 0.018633 0.011859 0.007020 0.003842 0.002103 0.000959 0.000440 0.000186 0.000053 0.000024 0.000011 0.000001 0.000001 0.000000 0.000000 0.000000 0.000000 0.000000 0.000000 0.000000 
t: 0.001849056604 start: 134 end: 186 0.000001 0.000001 0.000002 0.000003 0.000006 0.000015 0.000021 0.000046 0.000148 0.000281 0.000526 0.001031 0.001863 0.003107 0.005275 0.008504 0.013115 0.019317 0.027240 0.037174 0.048068 0.059815 0.070547 0.080239 0.086218 0.089326 0.087159 0.080912 0.071832 0.060087 0.047795 0.035755 0.025285 0.016744 0.010407 0.005986 0.003224 0.001643 0.000743 0.000343 0.000125 0.000046 0.000019 0.000005 0.000001 0.000000 0.000000 0.000000 0.000000 0.000000 0.000000 0.000000 0.000000 
t: 0.001788321168 start: 135 end: 185 0.000002 0.000001 0.000000 0.000003 0.000008 0.000011 0.000021 0.000070 0.000167 0.000307 0.000564 0.001115 0.001961 0.003354 0.005861 0.009116 0.014192 0.020458 0.028870 0.039590 0.050947 0.062506 0.073235 0.082746 0.088057 0.090228 0.086686 0.079824 0.069551 0.057343 0.044414 0.033005 0.022564 0.014726 0.008815 0.004892 0.002649 0.001214 0.000567 0.000236 0.000086 0.000026 0.000008 0.000004 0.000000 0.000000 0.000000 0.000000 0.000000 0.000000 0.000000 
t: 0.001731448763 start: 135 end: 185 0.000001 0.000000 0.000001 0.000000 0.000004 0.000003 0.000017 0.000038 0.000084 0.000174 0.000319 0.000647 0.001242 0.002151 0.003834 0.006364 0.010124 0.015277 0.022284 0.031674 0.042150 0.053908 0.065873 0.076927 0.084780 0.090116 0.090589 0.086062 0.077763 0.066661 0.053509 0.041227 0.029375 0.019722 0.012447 0.007207 0.003971 0.001928 0.000929 0.000388 0.000156 0.000053 0.000012 0.000008 0.000001 0.000000 0.000000 0.000000 0.000000 0.000000 0.000000 
t: 0.001678082192 start: 136 end: 185 0.000001 0.000000 0.000000 0.000003 0.000002 0.000006 0.000019 0.000034 0.000098 0.000194 0.000377 0.000820 0.001359 0.002433 0.004392 0.007086 0.011234 0.016802 0.025075 0.034358 0.045263 0.058345 0.069759 0.079912 0.087756 0.091428 0.090350 0.084482 0.075533 0.062776 0.049347 0.036935 0.025730 0.016788 0.010187 0.005684 0.003002 0.001423 0.000595 0.000263 0.000107 0.000030 0.000009 0.000003 0.000000 0.000000 0.000000 0.000000 0.000000 0.000000 
t: 0.001627906977 start: 137 end: 186 0.000001 0.000000 0.000001 0.000001 0.000005 0.000006 0.000019 0.000049 0.000117 0.000200 0.000515 0.000879 0.001631 0.002845 0.005070 0.008118 0.012777 0.019113 0.027734 0.037400 0.049947 0.062528 0.073950 0.083532 0.090388 0.092388 0.089745 0.082495 0.071274 0.058318 0.044866 0.032292 0.021944 0.013770 0.007972 0.004365 0.002136 0.000952 0.000407 0.000170 0.000059 0.000016 0.000005 0.000000 0.000000 0.000000 0.000000 0.000000 0.000000 0.000000 
t: 0.001580645161 start: 137 end: 186 0.000001 0.000000 0.000001 0.000000 0.000003 0.000004 0.000007 0.000023 0.000066 0.000148 0.000276 0.000559 0.001068 0.001922 0.003520 0.005775 0.009535 0.014523 0.021933 0.030817 0.042213 0.054539 0.067286 0.078087 0.087239 0.092593 0.092846 0.087914 0.079441 0.066712 0.053061 0.039652 0.027640 0.018125 0.010807 0.006115 0.003064 0.001445 0.000641 0.000273 0.000091 0.000028 0.000006 0.000001 0.000000 0.000000 0.000000 0.000000 0.000000 0.000000 
t: 0.001536050157 start: 139 end: 186 0.000001 0.000001 0.000001 0.000002 0.000007 0.000005 0.000041 0.000087 0.000159 0.000352 0.000679 0.001322 0.002398 0.004156 0.006905 0.011123 0.017071 0.024795 0.035218 0.047094 0.060033 0.072070 0.082861 0.090696 0.094139 0.092055 0.085910 0.074675 0.061165 0.047404 0.034028 0.023027 0.014259 0.008226 0.004403 0.002094 0.000926 0.000398 0.000149 0.000052 0.000011 0.000002 0.000000 0.000000 0.000000 0.000000 0.000000 0.000000 
t: 0.001493902439 start: 140 end: 186 0.000001 0.000002 0.000002 0.000001 0.000005 0.000017 0.000055 0.000106 0.000219 0.000436 0.000867 0.001652 0.002900 0.005089 0.008316 0.013213 0.019783 0.028908 0.040102 0.052668 0.065636 0.077432 0.087346 0.093947 0.094716 0.090412 0.082030 0.069138 0.055039 0.040971 0.028439 0.018387 0.010845 0.006081 0.002977 0.001340 0.000580 0.000231 0.000079 0.000028 0.000004 0.000000 0.000000 0.000000 0.000000 0.000000 0.000000 
t: 0.001454005935 start: 140 end: 186 0.000001 0.000001 0.000001 0.000002 0.000003 0.000007 0.000025 0.000083 0.000134 0.000269 0.000560 0.001117 0.002047 0.003613 0.006286 0.009985 0.015768 0.023578 0.033710 0.045434 0.058866 0.071192 0.083190 0.091815 0.095924 0.093941 0.087621 0.076747 0.063156 0.048106 0.034268 0.022959 0.014146 0.008054 0.004134 0.001920 0.000832 0.000344 0.000111 0.000042 0.000007 0.000001 0.000000 0.000000 0.000000 0.000000 0.000000 
t: 0.001416184971 start: 141 end: 186 0.000001 0.000001 0.000002 0.000002 0.000003 0.000014 0.000048 0.000083 0.000177 0.000369 0.000755 0.001391 0.002680 0.004537 0.007790 0.012336 0.018816 0.028107 0.038989 0.051682 0.064984 0.078008 0.088825 0.095224 0.096535 0.092023 0.083373 0.070194 0.055737 0.040852 0.027980 0.017878 0.010387 0.005601 0.002701 0.001189 0.000480 0.000168 0.000062 0.000012 0.000004 0.000000 0.000000 0.000000 0.000000 0.000000 
t: 0.001380281690 start: 142 end: 186 0.000002 0.000000 0.000000 0.000003 0.000007 0.000026 0.000057 0.000127 0.000225 0.000521 0.000965 0.001878 0.003318 0.005807 0.009843 0.014961 0.023094 0.033258 0.045063 0.058455 0.072143 0.084526 0.093082 0.097694 0.095646 0.088608 0.077358 0.063220 0.047679 0.033527 0.021959 0.013292 0.007192 0.003750 0.001669 0.000695 0.000242 0.000082 0.000021 0.000004 0.000001 0.000000 0.000000 0.000000 0.000000 
t: 0.001346153846 start: 142 end: 186 0.000002 0.000000 0.000000 0.000002 0.000002 0.000012 0.000039 0.000082 0.000157 0.000335 0.000688 0.001320 0.002373 0.004487 0.007468 0.012041 0.018749 0.027812 0.039269 0.051805 0.066007 0.079770 0.089846 0.097420 0.097818 0.093137 0.083817 0.070303 0.054601 0.039774 0.026449 0.016549 0.009209 0.004868 0.002277 0.001004 0.000345 0.000124 0.000028 0.000009 0.000002 0.000000 0.000000 0.000000 0.000000 
t: 0.001313672922 start: 143 end: 186 0.000001 0.000001 0.000000 0.000003 0.000004 0.000023 0.000052 0.000110 0.000234 0.000476 0.000973 0.001712 0.003286 0.005845 0.009408 0.015294 0.023210 0.033508 0.045736 0.059788 0.074133 0.086315 0.095553 0.098860 0.097099 0.089215 0.076794 0.061653 0.045874 0.031760 0.020100 0.011554 0.006286 0.003070 0.001341 0.000498 0.000175 0.000042 0.000012 0.000002 0.000000 0.000000 0.000000 0.000000 
t: 0.001282722513 start: 143 end: 186 0.000001 0.000001 0.000000 0.000002 0.000001 0.000015 0.000025 0.000074 0.000168 0.000329 0.000653 0.001307 0.002418 0.004483 0.007534 0.012216 0.019244 0.028490 0.040223 0.053418 0.068432 0.081881 0.092417 0.099052 0.099770 0.093722 0.082766 0.068574 0.052295 0.037247 0.024136 0.014417 0.007913 0.003981 0.001778 0.000688 0.000244 0.000059 0.000020 0.000005 0.000001 0.000000 0.000000 0.000000 
t: 0.001253196931 start: 144 end: 186 0.000002 0.000000 0.000000 0.000000 0.000009 0.000014 0.000049 0.000110 0.000243 0.000457 0.000937 0.001807 0.003409 0.005869 0.009829 0.015829 0.024017 0.035012 0.047715 0.062441 0.076654 0.088952 0.097917 0.100937 0.097713 0.088305 0.075151 0.058947 0.042770 0.028591 0.017574 0.009940 0.005057 0.002344 0.000940 0.000328 0.000101 0.000022 0.000007 0.000001 0.000000 0.000000 0.000000 
t: 0.001225000000 start: 144 end: 186 0.000001 0.000001 0.000000 0.000000 0.000007 0.000009 0.000022 0.000079 0.000175 0.000327 0.000662 0.001326 0.002647 0.004505 0.007926 0.012933 0.020181 0.030013 0.042336 0.056630 0.071297 0.085124 0.095531 0.101287 0.100645 0.093190 0.081112 0.065579 0.048613 0.033537 0.020780 0.012265 0.006338 0.003023 0.001257 0.000465 0.000138 0.000028 0.000010 0.000001 0.000000 0.000000 0.000000 
t: 0.001198044010 start: 145 end: 186 0.000001 0.000000 0.000001 0.000001 0.000009 0.000016 0.000052 0.000117 0.000245 0.000467 0.001013 0.001950 0.003582 0.006248 0.010513 0.016916 0.025714 0.037321 0.050500 0.066101 0.080653 0.092676 0.100573 0.102370 0.097511 0.086677 0.071797 0.054745 0.038412 0.024799 0.014798 0.007874 0.003815 0.001658 0.000623 0.000194 0.000046 0.000010 0.000002 0.000000 0.000000 0.000000 
t: 0.001172248804 start: 146 end: 186 0.000001 0.000000 0.000001 0.000006 0.000011 0.000038 0.000078 0.000185 0.000333 0.000724 0.001519 0.002739 0.005010 0.008468 0.014155 0.021817 0.032676 0.045278 0.060271 0.075721 0.089326 0.099135 0.102889 0.101169 0.091509 0.077902 0.060904 0.044076 0.028800 0.017569 0.009566 0.004800 0.002136 0.000842 0.000255 0.000075 0.000013 0.000003 0.000000 0.000000 0.000000 
t: 0.001147540984 start: 148 end: 186 0.000001 0.000004 0.000006 0.000027 0.000061 0.000118 0.000243 0.000547 0.001142 0.002178 0.003863 0.006865 0.011744 0.018545 0.028465 0.040175 0.054933 0.070876 0.084881 0.097097 0.102772 0.103615 0.096100 0.083521 0.066731 0.049649 0.033496 0.020649 0.011557 0.005867 0.002731 0.001076 0.000341 0.000095 0.000025 0.000004 0.000000 0.000000 0.000000 
t: 0.001123853211 start: 149 end: 186 0.000003 0.000005 0.000015 0.000043 0.000087 0.000180 0.000402 0.000862 0.001677 0.003092 0.005513 0.009562 0.015718 0.024619 0.036019 0.049371 0.065668 0.080431 0.094280 0.102224 0.104738 0.100155 0.088873 0.072678 0.055212 0.038202 0.024046 0.013803 0.007143 0.003338 0.001431 0.000448 0.000122 0.000032 0.000008 0.000000 0.000000 0.000000 
t: 0.001101123596 start: 149 end: 186 0.000001 0.000002 0.000010 0.000026 0.000065 0.000151 0.000288 0.000642 0.001292 0.002429 0.004449 0.007832 0.013375 0.020977 0.031870 0.044671 0.060278 0.075987 0.090766 0.100729 0.105446 0.103432 0.093054 0.078783 0.060941 0.043025 0.027992 0.016272 0.008483 0.004117 0.001799 0.000599 0.000160 0.000048 0.000008 0.000001 0.000000 0.000000 
t: 0.001079295154 start: 150 end: 186 0.000002 0.000007 0.000016 0.000055 0.000117 0.000201 0.000492 0.000962 0.001936 0.003548 0.006420 0.011185 0.017964 0.028040 0.040157 0.055104 0.071286 0.086949 0.098961 0.105257 0.105517 0.097398 0.084068 0.066763 0.048230 0.031929 0.019010 0.010188 0.004940 0.002252 0.000757 0.000216 0.000061 0.000010 0.000002 0.000000 0.000000 
t: 0.001058315335 start: 150 end: 186 0.000001 0.000004 0.000011 0.000039 0.000081 0.000158 0.000369 0.000767 0.001509 0.002891 0.005271 0.009333 0.015284 0.024729 0.035830 0.050162 0.066329 0.082899 0.096462 0.104507 0.107413 0.100773 0.089076 0.072265 0.053531 0.036175 0.022010 0.012073 0.005983 0.002712 0.000957 0.000294 0.000085 0.000014 0.000003 0.000000 0.000000 
t: 0.001038135593 start: 150 end: 186 0.000001 0.000002 0.000006 0.000032 0.000061 0.000132 0.000267 0.000580 0.001169 0.002366 0.004298 0.007805 0.012987 0.021494 0.031853 0.045404 0.061827 0.078530 0.093169 0.103569 0.107945 0.104174 0.093909 0.077568 0.058667 0.040598 0.025247 0.014186 0.007226 0.003199 0.001213 0.000377 0.000112 0.000023 0.000003 0.000001 0.000000 
t: 0.001018711019 start: 150 end: 186 0.000001 0.000000 0.000004 0.000022 0.000040 0.000095 0.000213 0.000447 0.000951 0.001867 0.003471 0.006566 0.011094 0.018458 0.028448 0.041216 0.056643 0.074241 0.089894 0.101640 0.108372 0.106631 0.098010 0.082949 0.063903 0.045175 0.028740 0.016421 0.008513 0.003873 0.001462 0.000463 0.000141 0.000030 0.000005 0.000001 0.000000 
t: 0.001000000000 start: 150 end: 186 0.000001 0.000000 0.000002 0.000014 0.000028 0.000075 0.000156 0.000358 0.000715 0.001521 0.002837 0.005409 0.009447 0.015810 0.025255 0.037443 0.052232 0.069335 0.086100 0.099607 0.107818 0.108597 0.101850 0.087503 0.069444 0.049891 0.032449 0.018981 0.009865 0.004640 0.001820 0.000582 0.000171 0.000035 0.000008 0.000001 0.000000 
