t: 0.059999999999 start: 4 end: 18 0.000003 0.000027 0.000424 0.003312 0.015751 0.052090 0.121176 0.200897 0.235927 0.197652 0.114605 0.044979 0.011410 0.001646 0.000101 
t: 0.054545454544 start: 4 end: 18 0.000002 0.000013 0.000179 0.001703 0.009233 0.034300 0.090978 0.172450 0.231395 0.221450 0.148075 0.067046 0.019671 0.003265 0.000240 
t: 0.049999999999 start: 5 end: 18 0.000008 0.000101 0.000899 0.005372 0.022860 0.067824 0.144414 0.217367 0.235735 0.177693 0.091310 0.030162 0.005776 0.000479 
t: 0.046153846153 start: 5 end: 18 0.000006 0.000050 0.000492 0.003301 0.015115 0.050430 0.118500 0.199754 0.240403 0.202577 0.116354 0.042929 0.009236 0.000853 
t: 0.042857142857 start: 5 end: 18 0.000003 0.000028 0.000275 0.002035 0.010262 0.037170 0.097127 0.178943 0.238070 0.222291 0.140943 0.057659 0.013807 0.001387 
t: 0.040000000000 start: 5 end: 18 0.000002 0.000015 0.000175 0.001310 0.006988 0.027671 0.078676 0.158342 0.230877 0.235828 0.164659 0.073771 0.019547 0.002139 
t: 0.037500000000 start: 5 end: 18 0.000001 0.000006 0.000115 0.000810 0.004783 0.020750 0.063634 0.139215 0.220319 0.244632 0.185854 0.090427 0.026274 0.003180 
t: 0.035294117647 start: 5 end: 18 0.000001 0.000004 0.000066 0.000522 0.003344 0.015468 0.051535 0.122048 0.207089 0.249272 0.204709 0.107677 0.033794 0.004471 
t: 0.033333333333 start: 6 end: 18 0.000003 0.000035 0.000346 0.002366 0.011700 0.041728 0.106357 0.193032 0.250137 0.220692 0.125450 0.042127 0.006027 
t: 0.031578947368 start: 6 end: 18 0.000002 0.000022 0.000225 0.001687 0.008939 0.033730 0.092215 0.178825 0.248092 0.234191 0.142795 0.051365 0.007912 
t: 0.030000000000 start: 6 end: 18 0.000001 0.000013 0.000170 0.001187 0.006837 0.027528 0.079682 0.165109 0.243383 0.245254 0.159651 0.061050 0.010135 
t: 0.028571428571 start: 7 end: 18 0.000012 0.000104 0.000891 0.005232 0.022419 0.069025 0.151967 0.237114 0.253602 0.175580 0.071400 0.012654 
t: 0.027272727273 start: 7 end: 18 0.000005 0.000077 0.000652 0.004041 0.018362 0.059676 0.139000 0.230085 0.259963 0.190686 0.082003 0.015450 
t: 0.026086956522 start: 7 end: 18 0.000004 0.000059 0.000507 0.003182 0.015099 0.051640 0.126980 0.221732 0.264303 0.205141 0.092896 0.018457 
t: 0.025000000000 start: 7 end: 18 0.000003 0.000044 0.000383 0.002505 0.012430 0.044753 0.115875 0.212825 0.267202 0.217972 0.104310 0.021698 
t: 0.024000000000 start: 7 end: 18 0.000001 0.000025 0.000293 0.001950 0.010277 0.038947 0.105821 0.203279 0.268413 0.230111 0.115554 0.025329 
t: 0.023076923077 start: 7 end: 18 0.000001 0.000016 0.000222 0.001579 0.008462 0.034078 0.096315 0.193783 0.268325 0.241269 0.126746 0.029204 
t: 0.022222222222 start: 8 end: 18 0.000010 0.000161 0.001250 0.007100 0.029634 0.087708 0.184686 0.267216 0.250903 0.138149 0.033183 
t: 0.021428571428 start: 8 end: 18 0.000007 0.000124 0.000991 0.005919 0.025882 0.079959 0.175434 0.265144 0.259926 0.149149 0.037465 
t: 0.020689655172 start: 8 end: 18 0.000005 0.000100 0.000802 0.004976 0.022613 0.072947 0.166590 0.262009 0.267928 0.160010 0.042020 
t: 0.020000000000 start: 8 end: 18 0.000005 0.000076 0.000662 0.004193 0.019781 0.066539 0.157664 0.258470 0.275187 0.170693 0.046730 
t: 0.019354838710 start: 8 end: 18 0.000003 0.000059 0.000533 0.003528 0.017475 0.060710 0.149244 0.254566 0.280979 0.181284 0.051619 
t: 0.018750000000 start: 8 end: 18 0.000003 0.000047 0.000436 0.003021 0.015388 0.055413 0.141241 0.250071 0.286226 0.191518 0.056636 
t: 0.018181818182 start: 8 end: 18 0.000003 0.000035 0.000359 0.002540 0.013640 0.050611 0.133769 0.244997 0.290588 0.201627 0.061831 
t: 0.017647058823 start: 8 end: 18 0.000001 0.000033 0.000290 0.002149 0.012058 0.046288 0.126609 0.239665 0.294211 0.211502 0.067194 
t: 0.017142857143 start: 8 end: 18 0.000001 0.000025 0.000250 0.001839 0.010663 0.042341 0.119741 0.234411 0.296987 0.221168 0.072574 
t: 0.016666666667 start: 8 end: 18 0.000001 0.000016 0.000215 0.001582 0.009470 0.038775 0.113262 0.228948 0.299224 0.230423 0.078084 
t: 0.016216216216 start: 8 end: 18 0.000001 0.000015 0.000179 0.001392 0.008406 0.035564 0.107250 0.223258 0.301183 0.239127 0.083625 
t: 0.015789473684 start: 8 end: 18 0.000001 0.000012 0.000152 0.001169 0.007579 0.032608 0.101369 0.217731 0.302484 0.247510 0.089385 
t: 0.015384615385 start: 8 end: 18 0.000001 0.000010 0.000125 0.001028 0.006707 0.030016 0.095911 0.212032 0.303656 0.255437 0.095077 
t: 0.015000000000 start: 8 end: 18 0.000001 0.000008 0.000100 0.000906 0.005973 0.027621 0.090748 0.206314 0.304130 0.263517 0.100682 
t: 0.014634146341 start: 9 end: 18 0.000009 0.000084 0.000792 0.005324 0.025406 0.086001 0.200759 0.304142 0.270924 0.106559 
t: 0.014285714286 start: 9 end: 18 0.000009 0.000068 0.000716 0.004757 0.023495 0.081307 0.195265 0.303857 0.278073 0.112453 
t: 0.013953488372 start: 9 end: 18 0.000008 0.000058 0.000633 0.004301 0.021576 0.076991 0.189881 0.303478 0.284817 0.118257 
t: 0.013636363636 start: 9 end: 18 0.000006 0.000053 0.000547 0.003893 0.019942 0.073013 0.184480 0.302626 0.291374 0.124066 
t: 0.013333333333 start: 9 end: 18 0.000005 0.000044 0.000485 0.003511 0.018419 0.069142 0.179344 0.301364 0.297808 0.129878 
t: 0.013043478261 start: 9 end: 18 0.000004 0.000038 0.000432 0.003161 0.017081 0.065536 0.174319 0.299993 0.303766 0.135670 
t: 0.012765957447 start: 9 end: 18 0.000004 0.000036 0.000386 0.002841 0.015854 0.062123 0.169351 0.298496 0.309269 0.141640 
t: 0.012500000000 start: 9 end: 18 0.000003 0.000030 0.000339 0.002593 0.014746 0.058919 0.164310 0.296820 0.314727 0.147513 
t: 0.012244897959 start: 9 end: 18 0.000003 0.000022 0.000303 0.002341 0.013761 0.055870 0.159507 0.294875 0.319806 0.153512 
t: 0.012000000000 start: 9 end: 18 0.000003 0.000019 0.000273 0.002141 0.012778 0.053111 0.154863 0.293096 0.324187 0.159529 
t: 0.011764705882 start: 9 end: 18 0.000002 0.000017 0.000239 0.001936 0.011849 0.050613 0.150229 0.290881 0.328795 0.165439 
t: 0.011538461538 start: 9 end: 18 0.000002 0.000015 0.000215 0.001727 0.011075 0.048174 0.145831 0.288411 0.333274 0.171276 
t: 0.011320754717 start: 9 end: 18 0.000002 0.000013 0.000201 0.001561 0.010338 0.045808 0.141747 0.285817 0.337469 0.177044 
t: 0.011111111111 start: 9 end: 18 0.000001 0.000013 0.000175 0.001436 0.009678 0.043543 0.137618 0.283247 0.341517 0.182772 
t: 0.010909090909 start: 9 end: 18 0.000001 0.000013 0.000149 0.001309 0.009064 0.041461 0.133563 0.280556 0.345395 0.188489 
t: 0.010714285714 start: 9 end: 18 0.000001 0.000012 0.000136 0.001219 0.008450 0.039466 0.129615 0.277951 0.348932 0.194218 
t: 0.010526315789 start: 9 end: 18 0.000001 0.000011 0.000120 0.001086 0.007930 0.037654 0.125870 0.275316 0.352038 0.199974 
t: 0.010344827586 start: 9 end: 18 0.000001 0.000010 0.000108 0.000985 0.007431 0.035836 0.122367 0.272589 0.354984 0.205689 
t: 0.010169491525 start: 9 end: 18 0.000001 0.000008 0.000099 0.000911 0.006978 0.034108 0.118904 0.269715 0.357983 0.211293 
t: 0.010000000000 start: 9 end: 18 0.000001 0.000007 0.000092 0.000844 0.006571 0.032596 0.115379 0.267001 0.360730 0.216779 
t: 0.008448275866 start: 10 end: 18 0.000002 0.000038 0.000366 0.003342 0.019898 0.085232 0.235386 0.380922 0.274814 
t: 0.007313432839 start: 10 end: 18 0.000002 0.000012 0.000167 0.001831 0.012967 0.063683 0.205955 0.388698 0.326685 
t: 0.006447368423 start: 10 end: 18 0.000001 0.000004 0.000084 0.001030 0.008742 0.048537 0.180266 0.388392 0.372944 
t: 0.005764705884 start: 11 end: 18 0.000003 0.000055 0.000586 0.006091 0.037942 0.157885 0.383408 0.414030 
t: 0.005212765959 start: 11 end: 18 0.000001 0.000027 0.000386 0.004305 0.030157 0.139277 0.374890 0.450957 
t: 0.004757281555 start: 12 end: 18 0.000017 0.000272 0.003154 0.024206 0.123392 0.365592 0.483367 
t: 0.004375000001 start: 12 end: 18 0.000011 0.000193 0.002330 0.019793 0.109939 0.355504 0.512230 
t: 0.004049586778 start: 12 end: 18 0.000006 0.000132 0.001825 0.016389 0.098265 0.344962 0.538421 
t: 0.003769230770 start: 12 end: 18 0.000004 0.000088 0.001401 0.013730 0.088536 0.334217 0.562024 
t: 0.003525179857 start: 12 end: 18 0.000003 0.000063 0.001099 0.011631 0.080024 0.323646 0.583534 
t: 0.003310810811 start: 12 end: 18 0.000002 0.000042 0.000884 0.009903 0.072604 0.313773 0.602792 
t: 0.003121019109 start: 12 end: 18 0.000001 0.000026 0.000741 0.008517 0.065920 0.304569 0.620226 
t: 0.002951807229 start: 12 end: 18 0.000001 0.000020 0.000595 0.007412 0.060249 0.295260 0.636463 
t: 0.002800000000 start: 13 end: 18 0.000017 0.000485 0.006381 0.055416 0.286274 0.651427 
t: 0.002663043479 start: 13 end: 18 0.000014 0.000404 0.005574 0.051120 0.277576 0.665312 
t: 0.002538860104 start: 13 end: 18 0.000010 0.000337 0.004913 0.047251 0.269343 0.678146 
t: 0.002425742574 start: 13 end: 18 0.000009 0.000275 0.004345 0.043749 0.261784 0.689838 
t: 0.002322274882 start: 13 end: 18 0.000008 0.000226 0.003846 0.040669 0.254361 0.700890 
t: 0.002227272727 start: 13 end: 18 0.000007 0.000185 0.003427 0.037913 0.247314 0.711154 
t: 0.002139737991 start: 13 end: 18 0.000004 0.000159 0.003055 0.035369 0.240446 0.720967 
t: 0.002058823530 start: 13 end: 18 0.000004 0.000145 0.002715 0.033128 0.234066 0.729942 
t: 0.001983805668 start: 13 end: 18 0.000004 0.000124 0.002466 0.031033 0.227961 0.738412 
t: 0.001914062500 start: 13 end: 18 0.000003 0.000104 0.002242 0.029178 0.222152 0.746321 
t: 0.001849056604 start: 13 end: 18 0.000003 0.000092 0.002056 0.027407 0.216615 0.753827 
t: 0.001788321168 start: 13 end: 18 0.000002 0.000079 0.001879 0.025819 0.211385 0.760836 
t: 0.001731448763 start: 13 end: 18 0.000002 0.000070 0.001702 0.024419 0.206401 0.767406 
t: 0.001678082192 start: 13 end: 18 0.000001 0.000061 0.001560 0.023098 0.201554 0.773726 
t: 0.001627906977 start: 13 end: 18 0.000001 0.000048 0.001465 0.021780 0.197073 0.779633 
t: 0.001580645161 start: 13 end: 18 0.000001 0.000042 0.001343 0.020709 0.192626 0.785279 
t: 0.001536050157 start: 13 end: 18 0.000001 0.000037 0.001238 0.019686 0.188335 0.790703 
t: 0.001493902439 start: 13 end: 18 0.000001 0.000033 0.001151 0.018713 0.184255 0.795847 
t: 0.001454005935 start: 13 end: 18 0.000001 0.000029 0.001071 0.017822 0.180411 0.800666 
t: 0.001416184971 start: 13 end: 18 0.000001 0.000026 0.000997 0.016952 0.176671 0.805353 
t: 0.001380281690 start: 13 end: 18 0.000001 0.000024 0.000922 0.016193 0.173183 0.809677 
t: 0.001346153846 start: 13 end: 18 0.000001 0.000022 0.000855 0.015466 0.169671 0.813985 
t: 0.001313672922 start: 13 end: 18 0.000001 0.000021 0.000801 0.014746 0.166377 0.818054 
t: 0.001282722513 start: 13 end: 18 0.000001 0.000018 0.000756 0.014070 0.163225 0.821930 
t: 0.001253196931 start: 14 end: 18 0.000018 0.000711 0.013479 0.160148 0.825644 
t: 0.001225000000 start: 14 end: 18 0.000013 0.000674 0.012958 0.156986 0.829369 
t: 0.001198044010 start: 14 end: 18 0.000012 0.000635 0.012437 0.154122 0.832794 
t: 0.001172248804 start: 14 end: 18 0.000011 0.000598 0.011957 0.151316 0.836118 
t: 0.001147540984 start: 14 end: 18 0.000009 0.000563 0.011475 0.148690 0.839263 
t: 0.001123853211 start: 14 end: 18 0.000008 0.000537 0.011029 0.146167 0.842259 
t: 0.001101123596 start: 14 end: 18 0.000005 0.000508 0.010647 0.143634 0.845206 
t: 0.001079295154 start: 14 end: 18 0.000004 0.000467 0.010254 0.141257 0.848018 
t: 0.001058315335 start: 14 end: 18 0.000003 0.000449 0.009891 0.138833 0.850824 
t: 0.001038135593 start: 14 end: 18 0.000003 0.000427 0.009528 0.136522 0.853520 
t: 0.001018711019 start: 14 end: 18 0.000003 0.000396 0.009245 0.134319 0.856037 
t: 0.001000000000 start: 14 end: 18 0.000003 0.000377 0.008935 0.132189 0.858496 
