t: 0.059999999999 start: 15 end: 52 0.000003 0.000007 0.000058 0.000184 0.000634 0.001863 0.005045 0.011257 0.022526 0.040226 0.063427 0.088963 0.112396 0.127039 0.128506 0.117265 0.096647 0.072620 0.049246 0.030131 0.016848 0.008513 0.003910 0.001726 0.000652 0.000216 0.000056 0.000026 0.000008 0.000002 0.000000 0.000000 0.000000 0.000000 0.000000 0.000000 0.000000 0.000000 
t: 0.054545454544 start: 17 end: 54 0.000004 0.000014 0.000063 0.000182 0.000650 0.001812 0.004433 0.010050 0.019946 0.034969 0.055078 0.079503 0.101955 0.118371 0.124245 0.118669 0.102951 0.081784 0.058681 0.038705 0.023359 0.012958 0.006478 0.003125 0.001283 0.000474 0.000174 0.000063 0.000015 0.000006 0.000000 0.000000 0.000000 0.000000 0.000000 0.000000 0.000000 0.000000 
t: 0.049999999999 start: 18 end: 59 0.000001 0.000005 0.000024 0.000062 0.000224 0.000676 0.001874 0.004245 0.009201 0.018016 0.031446 0.050264 0.071839 0.093631 0.110755 0.118959 0.117751 0.106136 0.087811 0.066319 0.045816 0.029643 0.017518 0.009461 0.004747 0.002145 0.000857 0.000384 0.000139 0.000033 0.000011 0.000003 0.000003 0.000001 0.000000 0.000000 0.000000 0.000000 0.000000 0.000000 0.000000 0.000000 
t: 0.046153846153 start: 19 end: 60 0.000001 0.000000 0.000008 0.000029 0.000074 0.000258 0.000723 0.001809 0.004306 0.009072 0.017008 0.029203 0.046647 0.066753 0.086937 0.104645 0.113908 0.115944 0.106721 0.091478 0.071501 0.051932 0.035006 0.021497 0.012118 0.006696 0.003263 0.001480 0.000616 0.000244 0.000083 0.000028 0.000010 0.000001 0.000001 0.000000 0.000000 0.000000 0.000000 0.000000 0.000000 0.000000 
t: 0.042857142857 start: 21 end: 62 0.000001 0.000001 0.000008 0.000038 0.000105 0.000313 0.000819 0.001890 0.004448 0.008887 0.016846 0.028503 0.044036 0.063255 0.082757 0.099153 0.110043 0.112685 0.106479 0.092556 0.075172 0.056435 0.039081 0.024920 0.014990 0.008467 0.004428 0.002119 0.000928 0.000413 0.000147 0.000054 0.000018 0.000005 0.000000 0.000000 0.000000 0.000000 0.000000 0.000000 0.000000 0.000000 
t: 0.040000000000 start: 24 end: 65 0.000004 0.000014 0.000041 0.000119 0.000342 0.000907 0.002213 0.004734 0.009189 0.016763 0.028065 0.043333 0.061037 0.079247 0.095638 0.106741 0.109975 0.104976 0.092915 0.076764 0.059120 0.041991 0.028086 0.017397 0.009984 0.005396 0.002810 0.001313 0.000507 0.000244 0.000093 0.000028 0.000009 0.000005 0.000000 0.000000 0.000000 0.000000 0.000000 0.000000 0.000000 0.000000 
t: 0.037500000000 start: 25 end: 68 0.000001 0.000003 0.000014 0.000044 0.000187 0.000427 0.001088 0.002418 0.005213 0.009787 0.017435 0.028468 0.043303 0.059960 0.077231 0.093231 0.103325 0.107138 0.103519 0.092906 0.077136 0.059871 0.044384 0.030046 0.018987 0.011297 0.006397 0.003302 0.001586 0.000784 0.000320 0.000116 0.000052 0.000014 0.000008 0.000002 0.000000 0.000000 0.000000 0.000000 0.000000 0.000000 0.000000 0.000000 
t: 0.035294117647 start: 28 end: 70 0.000009 0.000021 0.000076 0.000202 0.000591 0.001302 0.002851 0.005722 0.010592 0.018665 0.029403 0.043671 0.059848 0.076329 0.091161 0.101699 0.104941 0.101312 0.091221 0.076676 0.060819 0.044773 0.031210 0.020146 0.012433 0.006950 0.003789 0.001976 0.000933 0.000402 0.000164 0.000077 0.000022 0.000013 0.000001 0.000000 0.000000 0.000000 0.000000 0.000000 0.000000 0.000000 0.000000 
t: 0.033333333333 start: 29 end: 72 0.000002 0.000007 0.000029 0.000119 0.000271 0.000763 0.001495 0.003447 0.006427 0.011786 0.019995 0.030794 0.044922 0.060802 0.076624 0.090627 0.099336 0.102671 0.099154 0.089537 0.075377 0.060393 0.044621 0.031651 0.020807 0.012747 0.007343 0.004229 0.002141 0.001070 0.000471 0.000205 0.000098 0.000026 0.000012 0.000001 0.000000 0.000000 0.000000 0.000000 0.000000 0.000000 0.000000 0.000000 
t: 0.031578947368 start: 31 end: 74 0.000003 0.000021 0.000051 0.000170 0.000388 0.000872 0.002012 0.003934 0.007563 0.013353 0.021474 0.032730 0.047116 0.062021 0.077367 0.090253 0.098228 0.100419 0.096812 0.087332 0.073307 0.059256 0.044064 0.031245 0.020779 0.012850 0.007603 0.004437 0.002246 0.001173 0.000506 0.000251 0.000097 0.000044 0.000019 0.000004 0.000000 0.000000 0.000000 0.000000 0.000000 0.000000 0.000000 0.000000 
t: 0.030000000000 start: 32 end: 77 0.000003 0.000015 0.000029 0.000085 0.000212 0.000534 0.001172 0.002495 0.004848 0.008907 0.014789 0.023996 0.035347 0.049306 0.064093 0.078985 0.090232 0.097413 0.098181 0.093910 0.084383 0.071855 0.056654 0.042918 0.030182 0.020342 0.012725 0.007584 0.004299 0.002327 0.001170 0.000579 0.000243 0.000107 0.000048 0.000022 0.000009 0.000001 0.000000 0.000000 0.000000 0.000000 0.000000 0.000000 0.000000 0.000000 
t: 0.028571428571 start: 33 end: 79 0.000002 0.000007 0.000024 0.000046 0.000120 0.000321 0.000722 0.001499 0.003228 0.005981 0.010448 0.016995 0.026686 0.038550 0.052144 0.066922 0.080204 0.090699 0.096575 0.096253 0.091032 0.081207 0.068508 0.054366 0.040779 0.029137 0.019233 0.012189 0.007402 0.004298 0.002246 0.001164 0.000572 0.000254 0.000114 0.000041 0.000023 0.000007 0.000002 0.000000 0.000000 0.000000 0.000000 0.000000 0.000000 0.000000 0.000000 
t: 0.027272727273 start: 33 end: 80 0.000001 0.000000 0.000003 0.000007 0.000025 0.000074 0.000199 0.000444 0.000991 0.002058 0.004022 0.007428 0.012304 0.019930 0.029695 0.042174 0.055747 0.069514 0.081918 0.090952 0.095791 0.094325 0.088013 0.077668 0.065181 0.051212 0.038344 0.027157 0.018241 0.011482 0.006907 0.003952 0.002113 0.001153 0.000535 0.000274 0.000101 0.000035 0.000021 0.000007 0.000002 0.000000 0.000000 0.000000 0.000000 0.000000 0.000000 0.000000 
t: 0.026086956522 start: 34 end: 83 0.000001 0.000000 0.000002 0.000005 0.000007 0.000045 0.000137 0.000287 0.000627 0.001387 0.002791 0.005231 0.009007 0.014762 0.022898 0.033584 0.046011 0.060157 0.072766 0.084087 0.091345 0.093983 0.092168 0.084561 0.073639 0.061221 0.047612 0.035755 0.024730 0.016671 0.010580 0.006450 0.003608 0.001914 0.001054 0.000509 0.000241 0.000093 0.000044 0.000019 0.000006 0.000004 0.000001 0.000000 0.000000 0.000000 0.000000 0.000000 0.000000 0.000000 
t: 0.025000000000 start: 36 end: 86 0.000001 0.000002 0.000001 0.000006 0.000026 0.000087 0.000172 0.000471 0.000992 0.001893 0.003634 0.006645 0.011142 0.017910 0.026779 0.037865 0.050474 0.063712 0.076276 0.085709 0.091612 0.092995 0.088594 0.080669 0.069469 0.056697 0.043904 0.032630 0.022553 0.014998 0.009605 0.005657 0.003279 0.001807 0.000903 0.000451 0.000214 0.000097 0.000043 0.000018 0.000004 0.000002 0.000002 0.000000 0.000000 0.000000 0.000000 0.000000 0.000000 0.000000 0.000000 
t: 0.024000000000 start: 38 end: 88 0.000002 0.000001 0.000003 0.000023 0.000054 0.000122 0.000302 0.000674 0.001375 0.002622 0.004939 0.008401 0.013961 0.021158 0.030774 0.042435 0.055717 0.068102 0.078776 0.088063 0.092010 0.090298 0.085481 0.075955 0.064931 0.052005 0.039830 0.029192 0.020210 0.013241 0.008411 0.005031 0.002849 0.001510 0.000781 0.000420 0.000194 0.000082 0.000041 0.000015 0.000006 0.000001 0.000002 0.000000 0.000000 0.000000 0.000000 0.000000 0.000000 0.000000 0.000000 
t: 0.023076923077 start: 39 end: 89 0.000001 0.000000 0.000005 0.000009 0.000035 0.000096 0.000200 0.000483 0.000999 0.001965 0.003691 0.006447 0.010895 0.016968 0.025420 0.035452 0.047852 0.060905 0.071805 0.082289 0.088843 0.090394 0.088029 0.081710 0.071513 0.059239 0.047723 0.035526 0.025836 0.017740 0.011393 0.007226 0.004279 0.002415 0.001307 0.000708 0.000330 0.000144 0.000075 0.000033 0.000013 0.000003 0.000003 0.000001 0.000000 0.000000 0.000000 0.000000 0.000000 0.000000 0.000000 
t: 0.022222222222 start: 41 end: 92 0.000001 0.000001 0.000009 0.000028 0.000069 0.000163 0.000314 0.000786 0.001474 0.002738 0.004975 0.008621 0.013799 0.020740 0.030203 0.041045 0.053414 0.065514 0.076275 0.084667 0.089073 0.088977 0.085015 0.076412 0.066329 0.054252 0.042413 0.031596 0.022249 0.015232 0.009871 0.006026 0.003514 0.002043 0.001102 0.000571 0.000260 0.000127 0.000063 0.000016 0.000015 0.000006 0.000001 0.000001 0.000000 0.000000 0.000000 0.000000 0.000000 0.000000 0.000000 0.000000 
t: 0.021428571428 start: 43 end: 93 0.000002 0.000003 0.000013 0.000049 0.000115 0.000303 0.000558 0.001107 0.002166 0.003824 0.006942 0.011264 0.017483 0.025334 0.035244 0.047327 0.058783 0.070295 0.080318 0.085912 0.088941 0.086728 0.080661 0.071427 0.060497 0.048486 0.037531 0.027218 0.019186 0.012982 0.008067 0.004933 0.002920 0.001713 0.000853 0.000430 0.000205 0.000102 0.000046 0.000019 0.000009 0.000002 0.000002 0.000000 0.000000 0.000000 0.000000 0.000000 0.000000 0.000000 0.000000 
t: 0.020689655172 start: 44 end: 94 0.000002 0.000005 0.000011 0.000026 0.000103 0.000207 0.000467 0.000912 0.001663 0.003170 0.005493 0.009308 0.014583 0.021627 0.030497 0.041332 0.053540 0.064417 0.075279 0.082628 0.086873 0.087365 0.083388 0.075862 0.065742 0.054406 0.042899 0.032594 0.023296 0.016122 0.010636 0.006624 0.004063 0.002317 0.001251 0.000638 0.000362 0.000161 0.000072 0.000037 0.000014 0.000004 0.000004 0.000000 0.000000 0.000000 0.000000 0.000000 0.000000 0.000000 0.000000 
t: 0.020000000000 start: 45 end: 95 0.000002 0.000003 0.000006 0.000027 0.000073 0.000170 0.000324 0.000743 0.001315 0.002580 0.004604 0.007643 0.012298 0.018478 0.026844 0.036233 0.048292 0.059098 0.069815 0.079183 0.084584 0.087035 0.084453 0.079662 0.070187 0.059629 0.047925 0.037626 0.027650 0.019621 0.013154 0.008613 0.005167 0.003221 0.001824 0.000935 0.000506 0.000250 0.000128 0.000053 0.000023 0.000016 0.000007 0.000000 0.000000 0.000000 0.000000 0.000000 0.000000 0.000000 0.000000 
t: 0.019354838710 start: 47 end: 97 0.000003 0.000004 0.000019 0.000070 0.000121 0.000291 0.000543 0.001117 0.002133 0.003798 0.006474 0.010319 0.016045 0.023393 0.032528 0.043263 0.054389 0.065401 0.074804 0.081903 0.085881 0.085442 0.081173 0.074171 0.064103 0.052877 0.041969 0.031791 0.023240 0.016033 0.010676 0.006676 0.004153 0.002409 0.001352 0.000745 0.000370 0.000159 0.000085 0.000044 0.000020 0.000010 0.000003 0.000000 0.000000 0.000000 0.000000 0.000000 0.000000 0.000000 0.000000 
t: 0.018750000000 start: 48 end: 99 0.000002 0.000005 0.000016 0.000043 0.000108 0.000234 0.000475 0.000975 0.001754 0.003226 0.005356 0.009088 0.013958 0.020777 0.028810 0.039205 0.050200 0.060654 0.071028 0.079321 0.083708 0.085319 0.082711 0.076799 0.067848 0.057125 0.046210 0.035830 0.026816 0.019049 0.012699 0.008493 0.005221 0.003096 0.001794 0.000996 0.000551 0.000255 0.000127 0.000063 0.000037 0.000013 0.000004 0.000000 0.000000 0.000000 0.000001 0.000000 0.000000 0.000000 0.000000 0.000000 
t: 0.018181818182 start: 49 end: 102 0.000001 0.000002 0.000017 0.000027 0.000086 0.000204 0.000424 0.000791 0.001499 0.002773 0.004743 0.007768 0.012276 0.018320 0.026203 0.035559 0.046056 0.056660 0.067251 0.075986 0.082082 0.084739 0.083574 0.078456 0.070827 0.060835 0.050452 0.039761 0.030092 0.021870 0.015022 0.010179 0.006512 0.003900 0.002288 0.001318 0.000718 0.000365 0.000192 0.000101 0.000041 0.000019 0.000006 0.000003 0.000001 0.000000 0.000001 0.000000 0.000000 0.000000 0.000000 0.000000 0.000000 0.000000 
t: 0.017647058823 start: 49 end: 100 0.000001 0.000000 0.000000 0.000012 0.000038 0.000071 0.000164 0.000343 0.000689 0.001364 0.002401 0.004114 0.006870 0.010983 0.016411 0.023464 0.032657 0.042597 0.053398 0.063495 0.073055 0.079963 0.083335 0.083811 0.080137 0.072728 0.063956 0.054064 0.043487 0.033267 0.024770 0.017277 0.012004 0.007743 0.004844 0.002865 0.001721 0.000890 0.000513 0.000234 0.000144 0.000077 0.000027 0.000011 0.000004 0.000000 0.000000 0.000000 0.000000 0.000001 0.000000 0.000000 
t: 0.017142857143 start: 49 end: 102 0.000001 0.000000 0.000000 0.000003 0.000010 0.000027 0.000065 0.000130 0.000326 0.000583 0.001205 0.002144 0.003751 0.006168 0.009725 0.014660 0.021642 0.029696 0.039843 0.049806 0.060618 0.069898 0.077915 0.082020 0.083630 0.080681 0.074999 0.066882 0.057041 0.046488 0.036362 0.027297 0.019933 0.013564 0.009055 0.005688 0.003617 0.002056 0.001164 0.000638 0.000321 0.000197 0.000083 0.000047 0.000010 0.000008 0.000002 0.000000 0.000000 0.000000 0.000000 0.000001 0.000000 0.000000 
t: 0.016666666667 start: 51 end: 105 0.000001 0.000000 0.000003 0.000011 0.000028 0.000063 0.000115 0.000253 0.000549 0.001027 0.001912 0.003307 0.005601 0.008879 0.013546 0.019618 0.027881 0.036810 0.046791 0.057746 0.067466 0.075532 0.080717 0.082898 0.081250 0.076783 0.068729 0.059303 0.049475 0.039343 0.030104 0.021841 0.015415 0.010332 0.006805 0.004190 0.002554 0.001465 0.000794 0.000460 0.000206 0.000105 0.000056 0.000018 0.000015 0.000001 0.000001 0.000000 0.000000 0.000001 0.000000 0.000000 0.000000 0.000000 0.000000 
t: 0.016216216216 start: 53 end: 108 0.000001 0.000003 0.000009 0.000018 0.000042 0.000105 0.000230 0.000501 0.000965 0.001779 0.002978 0.004969 0.008227 0.012524 0.018486 0.025830 0.034697 0.044360 0.055218 0.064238 0.073371 0.079230 0.081933 0.081909 0.077368 0.070329 0.061939 0.051776 0.042324 0.032388 0.024102 0.017022 0.011826 0.007696 0.004813 0.003014 0.001756 0.000982 0.000511 0.000282 0.000132 0.000063 0.000032 0.000014 0.000003 0.000003 0.000001 0.000000 0.000000 0.000001 0.000000 0.000000 0.000000 0.000000 0.000000 0.000000 
t: 0.015789473684 start: 53 end: 109 0.000001 0.000002 0.000002 0.000005 0.000019 0.000028 0.000111 0.000206 0.000444 0.000880 0.001597 0.002766 0.004786 0.007477 0.011667 0.017244 0.024233 0.032811 0.042207 0.052700 0.062318 0.071269 0.077418 0.081541 0.081509 0.078162 0.071595 0.063855 0.054257 0.044409 0.034569 0.025808 0.018824 0.013101 0.008668 0.005569 0.003479 0.002021 0.001142 0.000667 0.000328 0.000167 0.000075 0.000035 0.000012 0.000008 0.000006 0.000001 0.000000 0.000001 0.000000 0.000000 0.000000 0.000000 0.000000 0.000000 0.000000 
t: 0.015384615385 start: 55 end: 110 0.000002 0.000001 0.000008 0.000011 0.000038 0.000081 0.000193 0.000432 0.000792 0.001511 0.002626 0.004426 0.006935 0.011082 0.016182 0.023120 0.030870 0.040657 0.050647 0.060289 0.069240 0.076214 0.080227 0.081308 0.078091 0.073062 0.065602 0.055927 0.046561 0.036551 0.027775 0.020254 0.014248 0.009651 0.006280 0.003840 0.002337 0.001368 0.000772 0.000390 0.000220 0.000101 0.000042 0.000017 0.000015 0.000001 0.000002 0.000000 0.000001 0.000000 0.000000 0.000000 0.000000 0.000000 0.000000 0.000000 
t: 0.015000000000 start: 55 end: 111 0.000001 0.000000 0.000005 0.000006 0.000011 0.000024 0.000089 0.000188 0.000388 0.000725 0.001460 0.002501 0.004120 0.006654 0.010377 0.015386 0.022024 0.029950 0.038562 0.049119 0.058675 0.067749 0.074499 0.079242 0.080700 0.078938 0.074018 0.066329 0.057403 0.047809 0.038450 0.029620 0.021751 0.015421 0.010534 0.006843 0.004441 0.002614 0.001563 0.000870 0.000467 0.000246 0.000134 0.000051 0.000023 0.000012 0.000005 0.000001 0.000001 0.000001 0.000000 0.000000 0.000000 0.000000 0.000000 0.000000 0.000000 
t: 0.014634146341 start: 58 end: 113 0.000002 0.000012 0.000006 0.000030 0.000086 0.000171 0.000366 0.000754 0.001264 0.002384 0.004013 0.006378 0.009924 0.014749 0.021181 0.028850 0.037677 0.047543 0.057154 0.066237 0.072852 0.078170 0.080353 0.079187 0.074773 0.067300 0.058455 0.049107 0.040100 0.031015 0.023090 0.016318 0.011404 0.007588 0.004756 0.002931 0.001742 0.000972 0.000548 0.000301 0.000133 0.000067 0.000033 0.000013 0.000005 0.000002 0.000002 0.000002 0.000000 0.000000 0.000000 0.000000 0.000000 0.000000 0.000000 0.000000 
t: 0.014285714286 start: 59 end: 114 0.000001 0.000010 0.000013 0.000028 0.000082 0.000150 0.000377 0.000720 0.001278 0.002273 0.003783 0.006196 0.009711 0.014432 0.020337 0.027939 0.036590 0.046379 0.056004 0.064390 0.072131 0.077149 0.080227 0.078871 0.074840 0.068452 0.059527 0.050291 0.041170 0.032242 0.024060 0.017477 0.012256 0.007939 0.005142 0.003227 0.001927 0.001081 0.000652 0.000335 0.000170 0.000081 0.000031 0.000017 0.000006 0.000001 0.000003 0.000002 0.000000 0.000000 0.000000 0.000000 0.000000 0.000000 0.000000 0.000000 
t: 0.013953488372 start: 60 end: 116 0.000002 0.000008 0.000016 0.000039 0.000056 0.000160 0.000404 0.000659 0.001252 0.002225 0.003691 0.006148 0.009351 0.013964 0.019854 0.027092 0.036002 0.045102 0.054804 0.063796 0.071292 0.076729 0.079537 0.078456 0.075198 0.068567 0.060480 0.051553 0.042306 0.032842 0.025175 0.018209 0.012875 0.008453 0.005516 0.003497 0.002056 0.001243 0.000677 0.000383 0.000175 0.000082 0.000044 0.000017 0.000007 0.000002 0.000002 0.000001 0.000000 0.000001 0.000000 0.000000 0.000000 0.000000 0.000000 0.000000 0.000000 
t: 0.013636363636 start: 61 end: 117 0.000003 0.000003 0.000027 0.000028 0.000058 0.000190 0.000376 0.000643 0.001270 0.002198 0.003602 0.006038 0.009228 0.013613 0.019536 0.026622 0.035199 0.044743 0.053861 0.062854 0.070151 0.076235 0.078943 0.078787 0.074868 0.069216 0.060938 0.052420 0.042825 0.033799 0.025834 0.019132 0.013234 0.008935 0.005845 0.003674 0.002244 0.001278 0.000745 0.000409 0.000211 0.000100 0.000050 0.000024 0.000003 0.000003 0.000002 0.000002 0.000001 0.000000 0.000000 0.000000 0.000000 0.000000 0.000000 0.000000 0.000000 
t: 0.013333333333 start: 61 end: 117 0.000002 0.000001 0.000010 0.000015 0.000034 0.000070 0.000169 0.000368 0.000703 0.001256 0.002183 0.003632 0.005815 0.009204 0.013579 0.019249 0.026353 0.034823 0.044048 0.052945 0.062400 0.069963 0.075506 0.078459 0.078085 0.075064 0.069001 0.061607 0.052692 0.043859 0.034650 0.026415 0.019396 0.013680 0.009354 0.006209 0.003803 0.002327 0.001424 0.000761 0.000453 0.000225 0.000120 0.000049 0.000019 0.000011 0.000004 0.000002 0.000003 0.000000 0.000000 0.000000 0.000000 0.000000 0.000000 0.000000 0.000000 
t: 0.013043478261 start: 61 end: 118 0.000001 0.000001 0.000006 0.000006 0.000017 0.000032 0.000088 0.000181 0.000365 0.000724 0.001226 0.002189 0.003683 0.005882 0.009183 0.013464 0.019327 0.026036 0.034775 0.043237 0.052544 0.062070 0.069941 0.074416 0.077975 0.077792 0.074719 0.069315 0.062184 0.053378 0.043795 0.035042 0.026851 0.019703 0.014251 0.009624 0.006262 0.004036 0.002450 0.001446 0.000840 0.000473 0.000239 0.000132 0.000055 0.000027 0.000009 0.000001 0.000006 0.000001 0.000000 0.000000 0.000000 0.000000 0.000000 0.000000 0.000000 0.000000 
t: 0.012765957447 start: 62 end: 120 0.000001 0.000001 0.000005 0.000007 0.000016 0.000046 0.000084 0.000186 0.000390 0.000715 0.001258 0.002279 0.003697 0.006135 0.009023 0.013603 0.019234 0.026270 0.034272 0.043202 0.052499 0.061790 0.068976 0.074751 0.077411 0.077345 0.074704 0.069395 0.061868 0.053444 0.044349 0.035302 0.027098 0.019876 0.014384 0.009873 0.006486 0.004097 0.002570 0.001492 0.000874 0.000490 0.000266 0.000123 0.000067 0.000026 0.000011 0.000006 0.000001 0.000001 0.000000 0.000001 0.000000 0.000000 0.000000 0.000000 0.000000 0.000000 0.000000 
t: 0.012500000000 start: 62 end: 120 0.000001 0.000001 0.000002 0.000003 0.000007 0.000018 0.000046 0.000090 0.000205 0.000378 0.000762 0.001326 0.002302 0.003824 0.006046 0.009226 0.013746 0.019561 0.026318 0.034463 0.043292 0.052162 0.061374 0.069102 0.074515 0.076954 0.077174 0.074634 0.069111 0.061517 0.053528 0.044147 0.035621 0.027161 0.019993 0.014464 0.009982 0.006625 0.004243 0.002612 0.001582 0.000869 0.000504 0.000255 0.000146 0.000064 0.000027 0.000009 0.000004 0.000003 0.000000 0.000001 0.000000 0.000000 0.000000 0.000000 0.000000 0.000000 0.000000 
t: 0.012244897959 start: 65 end: 121 0.000002 0.000004 0.000007 0.000025 0.000041 0.000086 0.000215 0.000432 0.000775 0.001386 0.002419 0.003913 0.006038 0.009541 0.014100 0.019646 0.026504 0.034464 0.043722 0.052622 0.061300 0.068904 0.074455 0.076614 0.076958 0.074030 0.068915 0.061522 0.052919 0.044144 0.035425 0.027148 0.020081 0.014474 0.010112 0.006619 0.004276 0.002657 0.001566 0.000953 0.000483 0.000254 0.000130 0.000071 0.000024 0.000015 0.000005 0.000001 0.000003 0.000000 0.000000 0.000000 0.000000 0.000000 0.000000 0.000000 0.000000 
t: 0.012000000000 start: 66 end: 122 0.000003 0.000007 0.000009 0.000020 0.000048 0.000103 0.000220 0.000461 0.000784 0.001488 0.002451 0.004000 0.006433 0.009876 0.014320 0.020001 0.026846 0.035110 0.043613 0.052815 0.061690 0.069048 0.074413 0.076437 0.076567 0.073795 0.068218 0.060926 0.052683 0.044211 0.035007 0.026814 0.020115 0.014324 0.009969 0.006624 0.004360 0.002682 0.001613 0.000930 0.000475 0.000223 0.000146 0.000074 0.000030 0.000011 0.000003 0.000002 0.000000 0.000002 0.000000 0.000000 0.000000 0.000000 0.000000 0.000000 0.000000 
t: 0.011764705882 start: 67 end: 124 0.000003 0.000007 0.000010 0.000029 0.000043 0.000114 0.000227 0.000487 0.000855 0.001561 0.002573 0.004198 0.006642 0.010128 0.014776 0.020453 0.027307 0.035707 0.044124 0.053760 0.061551 0.069244 0.073951 0.076544 0.076300 0.072998 0.067916 0.060531 0.052344 0.043318 0.034574 0.026593 0.020067 0.014162 0.009999 0.006523 0.004321 0.002631 0.001590 0.000866 0.000464 0.000252 0.000137 0.000062 0.000037 0.000012 0.000006 0.000000 0.000001 0.000001 0.000001 0.000000 0.000000 0.000000 0.000000 0.000000 0.000000 0.000000 
t: 0.011538461538 start: 67 end: 125 0.000001 0.000004 0.000008 0.000012 0.000028 0.000043 0.000140 0.000255 0.000522 0.000945 0.001641 0.002695 0.004540 0.006915 0.010436 0.015169 0.021095 0.027954 0.036245 0.045077 0.054118 0.062107 0.069129 0.074290 0.075927 0.075989 0.072725 0.067150 0.060200 0.051633 0.042964 0.033793 0.026120 0.019673 0.014137 0.009654 0.006555 0.004103 0.002693 0.001493 0.000839 0.000464 0.000235 0.000163 0.000063 0.000036 0.000013 0.000004 0.000002 0.000002 0.000001 0.000000 0.000000 0.000000 0.000000 0.000000 0.000000 0.000000 0.000000 
t: 0.011320754717 start: 68 end: 125 0.000003 0.000002 0.000006 0.000017 0.000028 0.000061 0.000155 0.000276 0.000582 0.000972 0.001784 0.002929 0.004753 0.007240 0.011033 0.015636 0.021810 0.028836 0.037054 0.045846 0.054913 0.062656 0.069361 0.073933 0.076584 0.075208 0.071883 0.066870 0.059018 0.051115 0.041812 0.033156 0.025624 0.019168 0.013975 0.009360 0.006391 0.004130 0.002555 0.001512 0.000800 0.000457 0.000239 0.000138 0.000067 0.000033 0.000008 0.000005 0.000004 0.000000 0.000002 0.000000 0.000000 0.000000 0.000000 0.000000 0.000000 0.000000 
t: 0.011111111111 start: 69 end: 126 0.000002 0.000003 0.000013 0.000016 0.000035 0.000074 0.000160 0.000311 0.000603 0.001086 0.001883 0.003168 0.005052 0.007611 0.011498 0.016512 0.022685 0.029612 0.038151 0.046581 0.055328 0.063870 0.069728 0.074140 0.076038 0.074835 0.071607 0.065612 0.058320 0.050119 0.040727 0.032770 0.024742 0.018738 0.013385 0.009141 0.006252 0.004033 0.002466 0.001397 0.000805 0.000405 0.000241 0.000137 0.000065 0.000024 0.000011 0.000004 0.000002 0.000002 0.000000 0.000000 0.000000 0.000000 0.000000 0.000000 0.000000 0.000000 
t: 0.010909090909 start: 70 end: 127 0.000004 0.000004 0.000014 0.000015 0.000043 0.000087 0.000158 0.000374 0.000624 0.001185 0.002121 0.003309 0.005384 0.008163 0.012210 0.017423 0.023412 0.030956 0.038658 0.047803 0.056319 0.064303 0.070495 0.074158 0.075822 0.074778 0.070895 0.064346 0.057410 0.048801 0.040134 0.031431 0.024458 0.018009 0.012692 0.008919 0.005980 0.003830 0.002279 0.001381 0.000743 0.000412 0.000234 0.000119 0.000065 0.000023 0.000007 0.000005 0.000002 0.000003 0.000000 0.000000 0.000000 0.000000 0.000000 0.000000 0.000000 0.000000 
t: 0.010714285714 start: 70 end: 129 0.000002 0.000002 0.000008 0.000009 0.000018 0.000051 0.000089 0.000215 0.000361 0.000747 0.001292 0.002277 0.003611 0.005826 0.008814 0.012882 0.018026 0.024721 0.031752 0.040092 0.048979 0.057317 0.065046 0.070672 0.074749 0.075453 0.074254 0.069659 0.063987 0.056075 0.047602 0.038883 0.030596 0.023768 0.017138 0.012229 0.008446 0.005779 0.003615 0.002177 0.001201 0.000733 0.000425 0.000219 0.000117 0.000042 0.000027 0.000007 0.000004 0.000004 0.000001 0.000001 0.000000 0.000000 0.000000 0.000000 0.000000 0.000000 0.000000 0.000000 
t: 0.010526315789 start: 71 end: 129 0.000001 0.000007 0.000006 0.000010 0.000026 0.000047 0.000114 0.000222 0.000449 0.000807 0.001443 0.002445 0.004071 0.006216 0.009519 0.013678 0.018963 0.025517 0.033157 0.041554 0.050185 0.058587 0.065583 0.071645 0.074632 0.075366 0.073105 0.069452 0.062176 0.054874 0.046312 0.037947 0.029777 0.022461 0.016444 0.011653 0.008158 0.005320 0.003370 0.001982 0.001241 0.000700 0.000365 0.000220 0.000112 0.000046 0.000019 0.000007 0.000005 0.000002 0.000002 0.000000 0.000000 0.000000 0.000000 0.000000 0.000000 0.000000 0.000000 
t: 0.010344827586 start: 71 end: 130 0.000001 0.000001 0.000005 0.000004 0.000016 0.000034 0.000061 0.000127 0.000277 0.000492 0.000953 0.001580 0.002686 0.004361 0.006937 0.010015 0.014531 0.020194 0.026899 0.034540 0.042851 0.051795 0.059613 0.066546 0.072291 0.074892 0.074588 0.072737 0.067743 0.061206 0.053496 0.045139 0.036450 0.028359 0.021643 0.015819 0.011010 0.007583 0.005038 0.003069 0.001950 0.001105 0.000633 0.000365 0.000172 0.000110 0.000050 0.000015 0.000010 0.000004 0.000003 0.000000 0.000001 0.000000 0.000000 0.000000 0.000000 0.000000 0.000000 0.000000 
t: 0.010169491525 start: 72 end: 131 0.000001 0.000002 0.000004 0.000009 0.000020 0.000033 0.000065 0.000167 0.000336 0.000556 0.001025 0.001825 0.002938 0.004963 0.007395 0.010669 0.015684 0.021434 0.028309 0.035897 0.044380 0.053465 0.061100 0.067648 0.072630 0.074287 0.074608 0.071757 0.066797 0.059739 0.052038 0.043444 0.034942 0.027336 0.020510 0.014697 0.010616 0.006930 0.004732 0.003008 0.001731 0.001028 0.000588 0.000307 0.000182 0.000101 0.000035 0.000014 0.000011 0.000005 0.000001 0.000001 0.000000 0.000000 0.000000 0.000000 0.000000 0.000000 0.000000 0.000000 
t: 0.010000000000 start: 73 end: 131 0.000001 0.000002 0.000008 0.000007 0.000022 0.000036 0.000101 0.000181 0.000381 0.000647 0.001179 0.001999 0.003286 0.005382 0.008047 0.011837 0.016519 0.022787 0.029689 0.037630 0.046488 0.054501 0.062357 0.069081 0.072410 0.074354 0.074314 0.070792 0.065648 0.058294 0.050117 0.042011 0.033543 0.025722 0.019527 0.013940 0.009723 0.006719 0.004322 0.002732 0.001585 0.000968 0.000503 0.000299 0.000151 0.000090 0.000039 0.000014 0.000009 0.000004 0.000002 0.000000 0.000000 0.000000 0.000000 0.000000 0.000000 0.000000 0.000000 
t: 0.008448275866 start: 80 end: 139 0.000002 0.000001 0.000000 0.000008 0.000011 0.000033 0.000057 0.000120 0.000240 0.000417 0.000798 0.001296 0.002302 0.003619 0.005630 0.008271 0.012115 0.017064 0.022717 0.029778 0.038144 0.045507 0.053794 0.061540 0.067111 0.071240 0.073609 0.072390 0.070090 0.065211 0.058104 0.050784 0.042132 0.033886 0.027088 0.020034 0.015034 0.010608 0.007114 0.004633 0.003083 0.001850 0.001108 0.000688 0.000351 0.000184 0.000114 0.000057 0.000018 0.000005 0.000005 0.000003 0.000002 0.000000 0.000000 0.000000 0.000000 0.000000 0.000000 0.000000 
t: 0.007313432839 start: 86 end: 146 0.000001 0.000000 0.000001 0.000006 0.000011 0.000027 0.000039 0.000093 0.000167 0.000303 0.000571 0.000961 0.001660 0.002597 0.004222 0.006462 0.009391 0.013494 0.018508 0.024452 0.031852 0.039552 0.047281 0.055107 0.062247 0.068016 0.071046 0.073143 0.071266 0.068567 0.063189 0.056430 0.048701 0.040762 0.032725 0.025538 0.019309 0.014126 0.009927 0.006746 0.004482 0.002909 0.001742 0.001044 0.000624 0.000345 0.000175 0.000097 0.000050 0.000019 0.000009 0.000005 0.000002 0.000001 0.000000 0.000000 0.000000 0.000000 0.000000 0.000000 0.000000 
t: 0.006447368423 start: 92 end: 151 0.000001 0.000000 0.000007 0.000006 0.000014 0.000027 0.000049 0.000113 0.000179 0.000373 0.000672 0.001151 0.001879 0.003021 0.004846 0.007004 0.010388 0.014699 0.019908 0.026093 0.033457 0.041175 0.049136 0.056497 0.063174 0.068228 0.071543 0.072241 0.071062 0.067408 0.061971 0.054954 0.046781 0.038860 0.031477 0.024431 0.018020 0.013090 0.009268 0.006349 0.004204 0.002630 0.001575 0.000942 0.000541 0.000266 0.000143 0.000079 0.000041 0.000016 0.000007 0.000001 0.000003 0.000000 0.000000 0.000000 0.000000 0.000000 0.000000 0.000000 
t: 0.005764705884 start: 98 end: 158 0.000001 0.000002 0.000005 0.000020 0.000026 0.000052 0.000109 0.000206 0.000354 0.000695 0.001205 0.001977 0.003008 0.004712 0.007363 0.010296 0.014590 0.020089 0.025946 0.033056 0.041100 0.049347 0.056344 0.063263 0.068338 0.071774 0.072256 0.071242 0.067519 0.061521 0.054732 0.047278 0.038919 0.031429 0.024169 0.018159 0.013186 0.009303 0.006256 0.004083 0.002600 0.001568 0.000843 0.000498 0.000272 0.000136 0.000086 0.000043 0.000014 0.000004 0.000004 0.000001 0.000000 0.000001 0.000000 0.000000 0.000000 0.000000 0.000000 0.000000 0.000000 
t: 0.005212765959 start: 104 end: 161 0.000005 0.000008 0.000026 0.000045 0.000087 0.000168 0.000311 0.000552 0.000962 0.001562 0.002541 0.004034 0.006302 0.009096 0.013089 0.017781 0.023532 0.030608 0.038073 0.045849 0.053998 0.060915 0.066949 0.071183 0.072321 0.072282 0.069300 0.063989 0.057506 0.049931 0.042341 0.033770 0.026427 0.020163 0.015042 0.010371 0.007110 0.004731 0.002997 0.001751 0.001035 0.000573 0.000334 0.000165 0.000100 0.000045 0.000022 0.000010 0.000006 0.000002 0.000000 0.000000 0.000000 0.000000 0.000000 0.000000 0.000000 0.000000 
t: 0.004757281555 start: 106 end: 165 0.000001 0.000001 0.000005 0.000015 0.000024 0.000043 0.000090 0.000197 0.000322 0.000587 0.000996 0.001722 0.002760 0.004395 0.006534 0.009580 0.013569 0.018384 0.024596 0.031687 0.039348 0.047161 0.054983 0.062401 0.067903 0.071825 0.072901 0.072033 0.068883 0.063615 0.056433 0.048888 0.040860 0.032705 0.025393 0.018852 0.013903 0.009588 0.006537 0.004121 0.002661 0.001500 0.000920 0.000505 0.000281 0.000146 0.000074 0.000035 0.000021 0.000010 0.000005 0.000001 0.000000 0.000000 0.000000 0.000000 0.000000 0.000000 0.000000 0.000000 
t: 0.004375000001 start: 110 end: 169 0.000003 0.000001 0.000009 0.000014 0.000035 0.000068 0.000130 0.000214 0.000474 0.000804 0.001295 0.002224 0.003498 0.005474 0.008071 0.011681 0.016359 0.021949 0.028533 0.035973 0.044035 0.052175 0.059757 0.065991 0.070615 0.073222 0.073547 0.070894 0.066597 0.059746 0.052072 0.043986 0.035750 0.027789 0.021226 0.015596 0.010915 0.007363 0.004713 0.003104 0.001808 0.001085 0.000573 0.000319 0.000172 0.000071 0.000045 0.000011 0.000009 0.000002 0.000002 0.000001 0.000000 0.000000 0.000000 0.000000 0.000000 0.000000 0.000000 0.000000 
t: 0.004049586778 start: 112 end: 171 0.000001 0.000001 0.000004 0.000007 0.000014 0.000026 0.000055 0.000138 0.000206 0.000417 0.000733 0.001284 0.002088 0.003303 0.005176 0.007716 0.011358 0.015642 0.021499 0.027944 0.035919 0.043585 0.052256 0.059252 0.066209 0.070952 0.074272 0.073844 0.071604 0.067097 0.060709 0.052192 0.044628 0.035942 0.027787 0.021293 0.015307 0.010881 0.007181 0.004699 0.002940 0.001753 0.000975 0.000536 0.000289 0.000154 0.000067 0.000036 0.000014 0.000009 0.000003 0.000003 0.000000 0.000000 0.000000 0.000000 0.000000 0.000000 0.000000 0.000000 
t: 0.003769230770 start: 114 end: 173 0.000001 0.000000 0.000001 0.000003 0.000011 0.000016 0.000032 0.000054 0.000138 0.000268 0.000460 0.000852 0.001382 0.002270 0.003629 0.005604 0.008250 0.012209 0.016965 0.022854 0.029936 0.037988 0.046042 0.054026 0.061653 0.068117 0.072451 0.074640 0.074260 0.071524 0.065589 0.058747 0.051022 0.041688 0.033647 0.025589 0.019342 0.013771 0.009535 0.006131 0.003901 0.002384 0.001428 0.000774 0.000421 0.000210 0.000092 0.000046 0.000025 0.000009 0.000009 0.000003 0.000001 0.000000 0.000000 0.000000 0.000000 0.000000 0.000000 0.000000 
t: 0.003525179857 start: 117 end: 176 0.000001 0.000001 0.000002 0.000004 0.000011 0.000016 0.000047 0.000104 0.000165 0.000331 0.000605 0.001040 0.001736 0.002811 0.004370 0.006797 0.010000 0.014329 0.019898 0.026237 0.033493 0.042297 0.050566 0.058722 0.065502 0.071118 0.075088 0.075627 0.072987 0.069269 0.062885 0.054580 0.045994 0.037260 0.029178 0.021781 0.015730 0.011049 0.007262 0.004673 0.002775 0.001710 0.000955 0.000510 0.000255 0.000123 0.000059 0.000021 0.000014 0.000009 0.000002 0.000001 0.000000 0.000000 0.000000 0.000000 0.000000 0.000000 0.000000 0.000000 
t: 0.003310810811 start: 120 end: 178 0.000001 0.000001 0.000002 0.000004 0.000016 0.000039 0.000078 0.000134 0.000262 0.000445 0.000831 0.001506 0.002450 0.003879 0.005920 0.008834 0.012885 0.018261 0.024269 0.031676 0.039679 0.048692 0.057156 0.064540 0.071071 0.074519 0.076205 0.074855 0.071191 0.064819 0.056854 0.048195 0.039285 0.030645 0.023114 0.016699 0.011634 0.007663 0.004935 0.003003 0.001710 0.000987 0.000555 0.000275 0.000121 0.000060 0.000023 0.000013 0.000005 0.000003 0.000001 0.000000 0.000000 0.000000 0.000000 0.000000 0.000000 0.000000 0.000000 
t: 0.003121019109 start: 123 end: 179 0.000001 0.000000 0.000011 0.000011 0.000026 0.000065 0.000127 0.000224 0.000429 0.000774 0.001337 0.002318 0.003702 0.005630 0.008505 0.012383 0.017618 0.024060 0.031194 0.039162 0.048113 0.057020 0.064597 0.071154 0.075245 0.077342 0.075543 0.072060 0.065444 0.057606 0.048605 0.039487 0.030553 0.023077 0.016576 0.011512 0.007376 0.004740 0.002866 0.001658 0.000915 0.000475 0.000265 0.000110 0.000052 0.000013 0.000009 0.000007 0.000002 0.000001 0.000000 0.000000 0.000000 0.000000 0.000000 0.000000 0.000000 
t: 0.002951807229 start: 125 end: 181 0.000001 0.000004 0.000008 0.000010 0.000023 0.000066 0.000122 0.000233 0.000424 0.000793 0.001420 0.002290 0.003675 0.005699 0.008801 0.012792 0.018093 0.024297 0.031758 0.040575 0.049547 0.057915 0.066145 0.072521 0.076466 0.078126 0.076038 0.071416 0.065314 0.056630 0.047494 0.038201 0.029337 0.021690 0.015378 0.010446 0.006721 0.004209 0.002433 0.001402 0.000744 0.000410 0.000192 0.000081 0.000032 0.000018 0.000004 0.000002 0.000004 0.000000 0.000000 0.000000 0.000000 0.000000 0.000000 0.000000 0.000000 
t: 0.002800000000 start: 127 end: 183 0.000003 0.000003 0.000005 0.000013 0.000030 0.000063 0.000128 0.000250 0.000467 0.000926 0.001458 0.002511 0.003949 0.006222 0.009702 0.013796 0.019343 0.026366 0.034276 0.042620 0.052114 0.060643 0.068681 0.074335 0.077797 0.078598 0.076181 0.070531 0.063291 0.054162 0.044713 0.035328 0.026586 0.019525 0.013319 0.008899 0.005663 0.003461 0.001925 0.001063 0.000548 0.000286 0.000128 0.000047 0.000027 0.000009 0.000005 0.000003 0.000001 0.000000 0.000000 0.000000 0.000000 0.000000 0.000000 0.000000 0.000000 
t: 0.002663043479 start: 128 end: 185 0.000001 0.000001 0.000005 0.000007 0.000024 0.000040 0.000073 0.000165 0.000314 0.000566 0.001000 0.001829 0.002874 0.004721 0.007366 0.010949 0.015463 0.021682 0.029481 0.037489 0.046649 0.055748 0.064339 0.071940 0.077250 0.079063 0.078509 0.075200 0.068304 0.059613 0.050269 0.040558 0.031429 0.022860 0.016320 0.011148 0.007114 0.004309 0.002518 0.001386 0.000760 0.000370 0.000159 0.000079 0.000030 0.000013 0.000009 0.000002 0.000001 0.000001 0.000000 0.000000 0.000000 0.000000 0.000000 0.000000 0.000000 0.000000 
t: 0.002538860104 start: 129 end: 183 0.000002 0.000000 0.000000 0.000008 0.000008 0.000035 0.000058 0.000096 0.000235 0.000382 0.000768 0.001217 0.002184 0.003644 0.005863 0.008735 0.012986 0.018616 0.025199 0.033094 0.042237 0.051640 0.060818 0.069133 0.076037 0.079128 0.080048 0.077875 0.072417 0.064150 0.054832 0.044972 0.035153 0.026416 0.018975 0.012956 0.008460 0.005171 0.003016 0.001674 0.000950 0.000440 0.000203 0.000100 0.000036 0.000021 0.000007 0.000004 0.000001 0.000000 0.000000 0.000000 0.000000 0.000000 0.000000 
t: 0.002425742574 start: 130 end: 185 0.000001 0.000000 0.000001 0.000003 0.000009 0.000014 0.000037 0.000082 0.000171 0.000305 0.000585 0.000946 0.001695 0.002964 0.004624 0.007359 0.011229 0.015933 0.022480 0.030004 0.038786 0.048089 0.057602 0.066967 0.073867 0.079257 0.081141 0.079883 0.075215 0.067815 0.058875 0.048565 0.038395 0.028696 0.020948 0.014629 0.009464 0.005924 0.003477 0.001973 0.001065 0.000519 0.000243 0.000096 0.000040 0.000017 0.000006 0.000003 0.000001 0.000000 0.000000 0.000000 0.000000 0.000000 0.000000 0.000000 
t: 0.002322274882 start: 133 end: 187 0.000001 0.000004 0.000004 0.000013 0.000029 0.000056 0.000137 0.000258 0.000454 0.000746 0.001410 0.002401 0.003898 0.006389 0.009693 0.014272 0.020340 0.027802 0.035987 0.045595 0.055345 0.064677 0.072703 0.078967 0.081622 0.081148 0.077833 0.070637 0.061375 0.051585 0.040716 0.030764 0.022726 0.015701 0.010353 0.006315 0.003798 0.002164 0.001131 0.000531 0.000243 0.000112 0.000043 0.000012 0.000008 0.000001 0.000001 0.000000 0.000000 0.000000 0.000000 0.000000 0.000000 0.000000 0.000000 
t: 0.002227272727 start: 133 end: 186 0.000001 0.000000 0.000001 0.000004 0.000006 0.000024 0.000040 0.000125 0.000183 0.000391 0.000648 0.001184 0.002064 0.003495 0.005651 0.008734 0.012980 0.018857 0.025880 0.034326 0.044000 0.053499 0.063266 0.072112 0.078511 0.081858 0.082936 0.079030 0.072989 0.063520 0.053415 0.042268 0.032535 0.023541 0.016458 0.010642 0.006597 0.003952 0.002140 0.001133 0.000582 0.000258 0.000102 0.000041 0.000015 0.000005 0.000001 0.000000 0.000000 0.000000 0.000000 0.000000 0.000000 0.000000 
t: 0.002139737991 start: 136 end: 188 0.000002 0.000002 0.000005 0.000014 0.000056 0.000095 0.000155 0.000339 0.000568 0.001025 0.001801 0.003232 0.005191 0.008035 0.012173 0.017803 0.024770 0.033194 0.042706 0.052860 0.062814 0.071664 0.078704 0.082419 0.083303 0.081106 0.074064 0.064802 0.054257 0.043564 0.033284 0.023941 0.016553 0.010826 0.006648 0.003814 0.002147 0.001134 0.000553 0.000228 0.000090 0.000043 0.000013 0.000002 0.000001 0.000000 0.000000 0.000000 0.000000 0.000000 0.000000 0.000000 0.000000 
t: 0.002058823530 start: 136 end: 189 0.000001 0.000001 0.000003 0.000006 0.000017 0.000042 0.000078 0.000140 0.000287 0.000570 0.000920 0.001715 0.003038 0.004777 0.007796 0.011671 0.017301 0.024206 0.032529 0.041932 0.052757 0.062829 0.072202 0.079075 0.082934 0.084629 0.081715 0.074451 0.066087 0.054661 0.043865 0.033124 0.023658 0.016331 0.010637 0.006469 0.003642 0.002009 0.001084 0.000478 0.000213 0.000078 0.000026 0.000012 0.000003 0.000001 0.000000 0.000000 0.000000 0.000000 0.000000 0.000000 0.000000 0.000000 
t: 0.001983805668 start: 136 end: 187 0.000001 0.000000 0.000000 0.000002 0.000007 0.000019 0.000031 0.000074 0.000145 0.000281 0.000486 0.000949 0.001651 0.002900 0.004718 0.007524 0.011580 0.017219 0.024039 0.032555 0.042211 0.053065 0.063458 0.072744 0.080170 0.084025 0.085224 0.081813 0.075366 0.065486 0.054786 0.043223 0.032484 0.023051 0.015749 0.010114 0.006042 0.003370 0.001834 0.000916 0.000408 0.000178 0.000068 0.000024 0.000009 0.000000 0.000001 0.000000 0.000000 0.000000 0.000000 0.000000 
t: 0.001914062500 start: 139 end: 190 0.000001 0.000002 0.000009 0.000011 0.000039 0.000062 0.000151 0.000242 0.000492 0.000960 0.001657 0.002921 0.004727 0.007596 0.011765 0.017237 0.024351 0.033186 0.043251 0.053854 0.064857 0.073987 0.081063 0.085406 0.085685 0.082320 0.075069 0.064911 0.053693 0.042111 0.031063 0.022054 0.014754 0.009210 0.005357 0.003088 0.001571 0.000744 0.000333 0.000140 0.000048 0.000017 0.000003 0.000002 0.000000 0.000000 0.000000 0.000000 0.000000 0.000000 0.000000 0.000000 
t: 0.001849056604 start: 141 end: 191 0.000002 0.000007 0.000014 0.000035 0.000069 0.000133 0.000237 0.000558 0.000994 0.001738 0.002967 0.004848 0.007822 0.012181 0.017725 0.025360 0.034135 0.044655 0.055555 0.066679 0.075304 0.082460 0.086799 0.086288 0.081909 0.074616 0.063631 0.052171 0.039996 0.029453 0.020458 0.013385 0.008219 0.004708 0.002667 0.001229 0.000573 0.000261 0.000107 0.000036 0.000013 0.000002 0.000001 0.000000 0.000000 0.000000 0.000000 0.000000 0.000000 0.000000 0.000000 
t: 0.001788321168 start: 142 end: 191 0.000003 0.000006 0.000013 0.000033 0.000077 0.000134 0.000267 0.000583 0.001007 0.001796 0.003105 0.005276 0.008257 0.012877 0.018669 0.026262 0.035977 0.046808 0.057774 0.068456 0.077596 0.084472 0.087689 0.086624 0.081610 0.073079 0.061516 0.049769 0.037686 0.027327 0.018629 0.011740 0.007052 0.004025 0.002081 0.000994 0.000432 0.000195 0.000073 0.000024 0.000006 0.000000 0.000001 0.000000 0.000000 0.000000 0.000000 0.000000 0.000000 0.000000 
t: 0.001731448763 start: 142 end: 192 0.000002 0.000001 0.000008 0.000015 0.000043 0.000081 0.000130 0.000310 0.000609 0.001046 0.002010 0.003378 0.005579 0.009026 0.013740 0.019826 0.028352 0.038120 0.049178 0.060756 0.071152 0.080082 0.086207 0.088649 0.086598 0.080145 0.071139 0.059021 0.046787 0.034807 0.024782 0.016315 0.010087 0.005901 0.003235 0.001637 0.000747 0.000306 0.000128 0.000051 0.000011 0.000002 0.000001 0.000000 0.000000 0.000000 0.000000 0.000000 0.000000 0.000000 0.000000 
t: 0.001678082192 start: 142 end: 191 0.000001 0.000000 0.000002 0.000007 0.000019 0.000049 0.000076 0.000172 0.000357 0.000644 0.001206 0.002190 0.003734 0.006111 0.009971 0.015003 0.021604 0.030528 0.041130 0.052440 0.063325 0.074407 0.082703 0.088399 0.089272 0.085653 0.078611 0.068014 0.055992 0.042968 0.031863 0.021798 0.013992 0.008438 0.004846 0.002443 0.001179 0.000514 0.000219 0.000082 0.000028 0.000007 0.000003 0.000000 0.000000 0.000000 0.000000 0.000000 0.000000 0.000000 
t: 0.001627906977 start: 145 end: 192 0.000004 0.000005 0.000027 0.000047 0.000105 0.000204 0.000402 0.000727 0.001400 0.002488 0.004205 0.006947 0.011006 0.016458 0.023947 0.033554 0.044148 0.056069 0.067199 0.077710 0.085481 0.089946 0.089515 0.084822 0.076108 0.064412 0.051627 0.039241 0.028292 0.018485 0.011660 0.006809 0.003682 0.001831 0.000862 0.000355 0.000153 0.000050 0.000014 0.000002 0.000001 0.000000 0.000000 0.000000 0.000000 0.000000 0.000000 0.000000 
t: 0.001580645161 start: 145 end: 192 0.000002 0.000004 0.000010 0.000024 0.000057 0.000127 0.000245 0.000433 0.000906 0.001588 0.002817 0.004972 0.007950 0.012248 0.018736 0.026616 0.036816 0.047970 0.059915 0.071497 0.081519 0.088748 0.090569 0.089561 0.082489 0.072587 0.060389 0.047036 0.034991 0.024023 0.015519 0.009425 0.005293 0.002665 0.001300 0.000611 0.000219 0.000092 0.000025 0.000004 0.000002 0.000000 0.000000 0.000000 0.000000 0.000000 0.000000 0.000000 
t: 0.001536050157 start: 145 end: 192 0.000001 0.000000 0.000007 0.000010 0.000030 0.000070 0.000148 0.000296 0.000562 0.001036 0.001884 0.003376 0.005794 0.009238 0.014253 0.021074 0.030049 0.040376 0.052423 0.065031 0.075804 0.085207 0.090694 0.091621 0.087870 0.080050 0.068432 0.055036 0.042380 0.030044 0.020086 0.012569 0.007234 0.003934 0.001912 0.000898 0.000359 0.000149 0.000050 0.000009 0.000003 0.000001 0.000000 0.000000 0.000000 0.000000 0.000000 0.000000 
t: 0.001493902439 start: 146 end: 192 0.000001 0.000004 0.000007 0.000021 0.000034 0.000082 0.000200 0.000364 0.000646 0.001278 0.002297 0.004194 0.006644 0.010808 0.016442 0.024386 0.033802 0.044817 0.057696 0.069956 0.080547 0.088534 0.092420 0.091507 0.085711 0.076152 0.063105 0.049910 0.036650 0.025376 0.016363 0.009721 0.005417 0.002716 0.001287 0.000575 0.000218 0.000085 0.000021 0.000005 0.000001 0.000000 0.000000 0.000000 0.000000 0.000000 0.000000 
t: 0.001454005935 start: 147 end: 192 0.000003 0.000005 0.000007 0.000018 0.000055 0.000113 0.000224 0.000440 0.000845 0.001606 0.002935 0.004905 0.008020 0.012673 0.019203 0.028060 0.038324 0.050080 0.063290 0.075220 0.085364 0.091236 0.093705 0.090408 0.082322 0.071056 0.057399 0.043561 0.031151 0.020694 0.012708 0.007273 0.003905 0.001837 0.000825 0.000352 0.000130 0.000038 0.000007 0.000002 0.000001 0.000000 0.000000 0.000000 0.000000 0.000000 
t: 0.001416184971 start: 148 end: 192 0.000001 0.000005 0.000011 0.000034 0.000066 0.000151 0.000302 0.000559 0.001061 0.002061 0.003625 0.005913 0.009773 0.015146 0.022640 0.032353 0.043590 0.056195 0.069114 0.080358 0.089554 0.093604 0.093890 0.087879 0.077796 0.064765 0.050849 0.037472 0.025635 0.016155 0.009599 0.005258 0.002609 0.001193 0.000520 0.000179 0.000066 0.000014 0.000002 0.000003 0.000000 0.000000 0.000000 0.000000 0.000000 
t: 0.001380281690 start: 149 end: 192 0.000002 0.000010 0.000019 0.000049 0.000081 0.000197 0.000367 0.000731 0.001393 0.002568 0.004512 0.007364 0.011956 0.018195 0.026763 0.037525 0.049232 0.062945 0.075082 0.085955 0.092716 0.094899 0.092601 0.083840 0.071931 0.058114 0.043997 0.031192 0.020230 0.012219 0.006893 0.003663 0.001629 0.000728 0.000269 0.000100 0.000026 0.000004 0.000003 0.000000 0.000000 0.000000 0.000000 0.000000 
t: 0.001346153846 start: 149 end: 192 0.000001 0.000003 0.000012 0.000027 0.000056 0.000119 0.000249 0.000486 0.000991 0.001801 0.003422 0.005542 0.009259 0.014716 0.021898 0.031884 0.042986 0.056195 0.069467 0.081405 0.090584 0.095298 0.094768 0.089277 0.078416 0.065391 0.051077 0.036802 0.024878 0.015402 0.008915 0.004801 0.002300 0.000995 0.000370 0.000154 0.000043 0.000006 0.000004 0.000000 0.000000 0.000000 0.000000 0.000000 
t: 0.001313672922 start: 149 end: 192 0.000001 0.000002 0.000005 0.000017 0.000035 0.000070 0.000165 0.000333 0.000676 0.001306 0.002540 0.004202 0.007134 0.011607 0.017970 0.026727 0.037048 0.049955 0.063457 0.076065 0.087683 0.094169 0.096456 0.093540 0.084362 0.072324 0.057585 0.043040 0.029708 0.018973 0.011325 0.006212 0.003098 0.001374 0.000553 0.000189 0.000077 0.000012 0.000005 0.000000 0.000000 0.000000 0.000000 0.000000 
t: 0.001282722513 start: 150 end: 192 0.000002 0.000004 0.000007 0.000024 0.000049 0.000115 0.000242 0.000438 0.000921 0.001823 0.003201 0.005528 0.009144 0.014571 0.022356 0.031455 0.043815 0.057337 0.071118 0.083171 0.092236 0.097126 0.096284 0.089715 0.078517 0.064410 0.049170 0.035220 0.023026 0.013812 0.007975 0.004137 0.001872 0.000755 0.000296 0.000095 0.000026 0.000007 0.000000 0.000000 0.000000 0.000000 0.000000 
t: 0.001253196931 start: 151 end: 192 0.000005 0.000002 0.000018 0.000032 0.000072 0.000150 0.000337 0.000636 0.001265 0.002422 0.004295 0.007171 0.011669 0.018443 0.027027 0.037931 0.051110 0.065324 0.078761 0.089664 0.096365 0.098122 0.093535 0.084538 0.070871 0.055666 0.040797 0.027518 0.016986 0.009808 0.005293 0.002539 0.001052 0.000391 0.000132 0.000038 0.000012 0.000003 0.000000 0.000000 0.000000 0.000000 
t: 0.001225000000 start: 151 end: 192 0.000003 0.000003 0.000009 0.000017 0.000047 0.000113 0.000240 0.000450 0.000913 0.001785 0.003212 0.005728 0.009346 0.015098 0.022807 0.032969 0.045206 0.059433 0.073766 0.086042 0.095075 0.098575 0.096955 0.089220 0.076924 0.062304 0.046850 0.032131 0.020539 0.012040 0.006716 0.003278 0.001412 0.000531 0.000194 0.000052 0.000014 0.000003 0.000000 0.000000 0.000000 0.000000 
t: 0.001198044010 start: 151 end: 192 0.000001 0.000002 0.000006 0.000010 0.000030 0.000070 0.000168 0.000354 0.000632 0.001354 0.002449 0.004445 0.007557 0.012295 0.019212 0.028347 0.039921 0.053525 0.068265 0.081752 0.092470 0.098286 0.099536 0.093469 0.082603 0.068532 0.052915 0.037413 0.024364 0.014660 0.008253 0.004143 0.001906 0.000702 0.000257 0.000076 0.000015 0.000005 0.000000 0.000000 0.000000 0.000000 
t: 0.001172248804 start: 151 end: 192 0.000001 0.000002 0.000005 0.000009 0.000016 0.000048 0.000109 0.000238 0.000461 0.000992 0.001858 0.003458 0.006105 0.009936 0.016012 0.024276 0.034872 0.048204 0.062638 0.076922 0.089453 0.097381 0.100975 0.096890 0.087711 0.074214 0.058947 0.042988 0.028606 0.017626 0.009983 0.005241 0.002387 0.000952 0.000337 0.000113 0.000025 0.000009 0.000000 0.000000 0.000000 0.000000 
t: 0.001147540984 start: 151 end: 192 0.000001 0.000001 0.000006 0.000005 0.000007 0.000027 0.000082 0.000173 0.000335 0.000726 0.001416 0.002667 0.004827 0.008172 0.013202 0.020493 0.030608 0.042836 0.057276 0.071885 0.085779 0.095551 0.101053 0.099641 0.092316 0.080192 0.064658 0.048573 0.033189 0.020880 0.012044 0.006432 0.002988 0.001324 0.000443 0.000144 0.000037 0.000009 0.000002 0.000000 0.000000 0.000000 
t: 0.001123853211 start: 151 end: 192 0.000001 0.000000 0.000003 0.000005 0.000003 0.000022 0.000051 0.000130 0.000237 0.000526 0.001051 0.002085 0.003857 0.006563 0.010933 0.017372 0.026479 0.038032 0.051717 0.066887 0.081672 0.092733 0.100588 0.101788 0.096386 0.085154 0.070720 0.054149 0.037823 0.024439 0.014453 0.007826 0.003814 0.001658 0.000582 0.000193 0.000050 0.000016 0.000002 0.000000 0.000000 0.000000 
t: 0.001101123596 start: 152 end: 192 0.000001 0.000000 0.000007 0.000001 0.000016 0.000039 0.000097 0.000168 0.000370 0.000830 0.001557 0.003069 0.005326 0.009087 0.014532 0.022814 0.033585 0.046610 0.061838 0.076659 0.089878 0.099475 0.103090 0.099405 0.089984 0.076160 0.059906 0.042785 0.028408 0.017005 0.009376 0.004730 0.002078 0.000781 0.000246 0.000067 0.000017 0.000003 0.000000 0.000000 0.000000 
t: 0.001079295154 start: 152 end: 192 0.000001 0.000000 0.000003 0.000003 0.000009 0.000023 0.000080 0.000120 0.000276 0.000605 0.001241 0.002393 0.004284 0.007437 0.012229 0.019759 0.029430 0.041618 0.056605 0.071902 0.086429 0.097430 0.103479 0.101779 0.094571 0.081399 0.065761 0.047944 0.032399 0.019775 0.011161 0.005790 0.002582 0.001035 0.000331 0.000092 0.000022 0.000003 0.000000 0.000000 0.000000 
t: 0.001058315335 start: 152 end: 192 0.000001 0.000000 0.000002 0.000003 0.000006 0.000013 0.000049 0.000104 0.000205 0.000458 0.000961 0.001872 0.003491 0.006010 0.010233 0.016993 0.025656 0.037403 0.051354 0.067415 0.082344 0.094782 0.102824 0.103706 0.098522 0.086445 0.071050 0.053234 0.036702 0.023032 0.013066 0.007023 0.003177 0.001296 0.000405 0.000130 0.000030 0.000003 0.000000 0.000000 0.000000 
t: 0.001038135593 start: 153 end: 192 0.000001 0.000000 0.000003 0.000005 0.000010 0.000034 0.000073 0.000158 0.000335 0.000739 0.001465 0.002744 0.005017 0.008579 0.014371 0.022488 0.033039 0.046804 0.062496 0.078210 0.091808 0.101305 0.105169 0.101893 0.090979 0.076095 0.058517 0.041423 0.026333 0.015393 0.008288 0.003860 0.001626 0.000541 0.000156 0.000038 0.000004 0.000001 0.000000 0.000000 
t: 0.001018711019 start: 154 end: 192 0.000001 0.000000 0.000005 0.000007 0.000021 0.000056 0.000117 0.000241 0.000567 0.001199 0.002137 0.004060 0.007182 0.012187 0.019462 0.029489 0.042311 0.057460 0.073718 0.088407 0.100059 0.105711 0.104056 0.095197 0.081187 0.063839 0.046067 0.029990 0.017952 0.009770 0.004581 0.002005 0.000700 0.000199 0.000051 0.000007 0.000002 0.000000 0.000000 
t: 0.001000000000 start: 154 end: 192 0.000001 0.000000 0.000002 0.000009 0.000013 0.000035 0.000087 0.000181 0.000443 0.000913 0.001694 0.003294 0.005985 0.010318 0.016877 0.026167 0.038116 0.052748 0.069288 0.084777 0.097479 0.105518 0.105999 0.099449 0.085669 0.068987 0.050826 0.033916 0.020685 0.011366 0.005513 0.002442 0.000857 0.000270 0.000065 0.000009 0.000002 0.000000 0.000000 
