t: 0.059999999999 start: 15 end: 52 0.000001 0.000008 0.000039 0.000142 0.000579 0.001716 0.004450 0.010301 0.020940 0.037448 0.060374 0.085998 0.109933 0.125445 0.128505 0.119647 0.100031 0.075350 0.052000 0.032056 0.018241 0.009471 0.004340 0.001922 0.000704 0.000251 0.000080 0.000021 0.000005 0.000002 0.000000 0.000000 0.000000 0.000000 0.000000 0.000000 0.000000 0.000000 
t: 0.054545454544 start: 17 end: 55 0.000003 0.000010 0.000039 0.000164 0.000578 0.001503 0.004068 0.009115 0.018069 0.032470 0.051789 0.075487 0.099299 0.116241 0.123742 0.120674 0.105754 0.085021 0.061855 0.041289 0.025413 0.014323 0.007232 0.003473 0.001538 0.000551 0.000201 0.000075 0.000016 0.000007 0.000001 0.000000 0.000000 0.000000 0.000000 0.000000 0.000000 0.000000 0.000000 
t: 0.049999999999 start: 17 end: 57 0.000001 0.000000 0.000005 0.000009 0.000050 0.000194 0.000545 0.001571 0.003807 0.008374 0.016204 0.028839 0.046869 0.067976 0.089860 0.107703 0.118750 0.118603 0.109311 0.090290 0.070024 0.049416 0.032278 0.019113 0.010500 0.005429 0.002535 0.001082 0.000436 0.000167 0.000047 0.000009 0.000002 0.000001 0.000000 0.000000 0.000000 0.000000 0.000000 0.000000 0.000000 
t: 0.046153846153 start: 19 end: 60 0.000001 0.000000 0.000004 0.000015 0.000065 0.000200 0.000631 0.001616 0.003748 0.007843 0.015359 0.026899 0.042478 0.062937 0.082495 0.101458 0.113117 0.115635 0.109761 0.094731 0.075279 0.055690 0.038070 0.023953 0.013784 0.007465 0.003766 0.001774 0.000782 0.000287 0.000111 0.000032 0.000010 0.000003 0.000001 0.000000 0.000000 0.000000 0.000000 0.000000 0.000000 0.000000 
t: 0.042857142857 start: 22 end: 65 0.000001 0.000005 0.000023 0.000061 0.000261 0.000681 0.001635 0.003842 0.007932 0.014612 0.025535 0.040501 0.058849 0.078262 0.095500 0.108068 0.112795 0.108574 0.096037 0.079347 0.060663 0.042345 0.028120 0.017028 0.009635 0.005196 0.002548 0.001151 0.000493 0.000191 0.000074 0.000024 0.000007 0.000002 0.000001 0.000001 0.000000 0.000000 0.000000 0.000000 0.000000 0.000000 0.000000 0.000000 
t: 0.040000000000 start: 24 end: 67 0.000003 0.000008 0.000018 0.000114 0.000302 0.000763 0.001745 0.004094 0.008067 0.014586 0.025010 0.039228 0.056448 0.074902 0.091636 0.104325 0.109375 0.107280 0.096341 0.081267 0.063259 0.046024 0.031220 0.019736 0.011650 0.006384 0.003477 0.001592 0.000687 0.000281 0.000116 0.000042 0.000012 0.000006 0.000001 0.000001 0.000000 0.000000 0.000000 0.000000 0.000000 0.000000 0.000000 0.000000 
t: 0.037500000000 start: 25 end: 69 0.000001 0.000005 0.000009 0.000027 0.000138 0.000361 0.000906 0.002031 0.004345 0.008452 0.014950 0.025297 0.038457 0.055197 0.073195 0.088926 0.101107 0.106912 0.104505 0.096032 0.081838 0.064881 0.048306 0.033640 0.021860 0.013149 0.007709 0.004074 0.002046 0.000970 0.000418 0.000166 0.000058 0.000022 0.000007 0.000002 0.000001 0.000000 0.000000 0.000000 0.000000 0.000000 0.000000 0.000000 0.000000 
t: 0.035294117647 start: 27 end: 70 0.000001 0.000009 0.000022 0.000058 0.000184 0.000392 0.001034 0.002380 0.004751 0.008970 0.015818 0.025605 0.039182 0.054846 0.071361 0.087317 0.099006 0.104597 0.102824 0.094465 0.081322 0.065561 0.049778 0.035333 0.023165 0.014456 0.008382 0.004687 0.002476 0.001131 0.000531 0.000227 0.000080 0.000036 0.000010 0.000003 0.000000 0.000000 0.000000 0.000000 0.000000 0.000000 0.000000 0.000000 
t: 0.033333333333 start: 28 end: 72 0.000001 0.000005 0.000009 0.000037 0.000081 0.000202 0.000530 0.001287 0.002826 0.005327 0.009718 0.017150 0.027036 0.039614 0.055484 0.071983 0.085655 0.096885 0.102444 0.100843 0.092724 0.080054 0.065671 0.049992 0.035839 0.024052 0.015165 0.009065 0.005146 0.002727 0.001350 0.000635 0.000289 0.000105 0.000045 0.000018 0.000006 0.000000 0.000000 0.000000 0.000000 0.000000 0.000000 0.000000 0.000000 
t: 0.031578947368 start: 30 end: 76 0.000002 0.000006 0.000015 0.000042 0.000129 0.000268 0.000712 0.001607 0.003185 0.006266 0.011087 0.018353 0.028563 0.041882 0.056354 0.071991 0.086092 0.095699 0.099666 0.098618 0.091004 0.078234 0.064471 0.049491 0.035791 0.024196 0.015554 0.009545 0.005488 0.002915 0.001480 0.000753 0.000320 0.000138 0.000055 0.000014 0.000008 0.000004 0.000002 0.000000 0.000000 0.000000 0.000000 0.000000 0.000000 0.000000 0.000000 
t: 0.030000000000 start: 32 end: 78 0.000006 0.000008 0.000018 0.000064 0.000158 0.000400 0.000891 0.001974 0.003858 0.007134 0.012431 0.020265 0.030942 0.043840 0.058579 0.072971 0.085959 0.094708 0.098436 0.095900 0.088580 0.076881 0.062198 0.048238 0.034999 0.024099 0.015421 0.009437 0.005632 0.003043 0.001551 0.000763 0.000366 0.000149 0.000060 0.000027 0.000007 0.000005 0.000002 0.000000 0.000000 0.000000 0.000000 0.000000 0.000000 0.000000 0.000000 
t: 0.028571428571 start: 33 end: 80 0.000002 0.000003 0.000010 0.000030 0.000097 0.000206 0.000521 0.001203 0.002442 0.004701 0.008542 0.014207 0.022808 0.033131 0.046426 0.060954 0.074689 0.086627 0.093952 0.096646 0.093338 0.086277 0.073743 0.060363 0.046221 0.033822 0.023029 0.015073 0.009557 0.005313 0.003009 0.001626 0.000796 0.000376 0.000156 0.000064 0.000023 0.000010 0.000005 0.000002 0.000000 0.000000 0.000000 0.000000 0.000000 0.000000 0.000000 0.000000 
t: 0.027272727273 start: 35 end: 81 0.000002 0.000005 0.000018 0.000038 0.000138 0.000328 0.000759 0.001599 0.003090 0.005732 0.010142 0.016541 0.025157 0.036555 0.049559 0.063549 0.076747 0.087311 0.093175 0.095094 0.091519 0.082169 0.070950 0.057476 0.044003 0.031906 0.021848 0.014458 0.008903 0.005322 0.002922 0.001525 0.000814 0.000374 0.000161 0.000066 0.000026 0.000013 0.000006 0.000000 0.000000 0.000000 0.000000 0.000000 0.000000 0.000000 0.000000 
t: 0.026086956522 start: 37 end: 84 0.000005 0.000008 0.000030 0.000082 0.000218 0.000517 0.000959 0.002089 0.004071 0.007099 0.011954 0.019177 0.028448 0.039792 0.053502 0.066505 0.078776 0.087942 0.093189 0.093273 0.088028 0.079204 0.066992 0.053892 0.041336 0.029956 0.020531 0.013452 0.008320 0.005012 0.002795 0.001515 0.000710 0.000341 0.000156 0.000067 0.000046 0.000008 0.000001 0.000002 0.000000 0.000000 0.000000 0.000000 0.000000 0.000000 0.000000 0.000000 
t: 0.025000000000 start: 38 end: 86 0.000001 0.000008 0.000018 0.000049 0.000134 0.000330 0.000696 0.001406 0.002713 0.005127 0.008784 0.014286 0.022308 0.032440 0.043776 0.056917 0.070334 0.080888 0.088668 0.092459 0.090931 0.084941 0.075067 0.063487 0.050090 0.038007 0.027638 0.018785 0.012370 0.007688 0.004504 0.002538 0.001367 0.000689 0.000287 0.000154 0.000079 0.000017 0.000013 0.000005 0.000001 0.000000 0.000000 0.000000 0.000000 0.000000 0.000000 0.000000 0.000000 
t: 0.024000000000 start: 40 end: 88 0.000006 0.000010 0.000030 0.000095 0.000214 0.000463 0.000990 0.001949 0.003619 0.006423 0.010911 0.017305 0.026010 0.036204 0.048233 0.061597 0.073168 0.083059 0.089063 0.091534 0.088831 0.081283 0.070856 0.058790 0.046092 0.034751 0.024951 0.017184 0.011071 0.006680 0.003993 0.002282 0.001252 0.000599 0.000273 0.000132 0.000064 0.000017 0.000009 0.000006 0.000000 0.000001 0.000000 0.000000 0.000000 0.000000 0.000000 0.000000 0.000000 
t: 0.023076923077 start: 41 end: 90 0.000005 0.000004 0.000027 0.000057 0.000147 0.000321 0.000743 0.001363 0.002651 0.004919 0.008290 0.013526 0.020804 0.029694 0.041255 0.053136 0.065382 0.076546 0.084581 0.089753 0.089505 0.085724 0.077419 0.066242 0.053825 0.042245 0.031469 0.022362 0.014971 0.009662 0.005912 0.003509 0.001912 0.001107 0.000508 0.000231 0.000112 0.000040 0.000022 0.000015 0.000002 0.000002 0.000000 0.000000 0.000000 0.000000 0.000000 0.000000 0.000000 0.000000 
t: 0.022222222222 start: 42 end: 93 0.000002 0.000003 0.000021 0.000033 0.000094 0.000236 0.000511 0.001017 0.002024 0.003649 0.006513 0.010605 0.016720 0.024849 0.034571 0.046117 0.057823 0.070141 0.078907 0.086264 0.089434 0.087375 0.081681 0.072725 0.061159 0.049235 0.038122 0.028271 0.019324 0.013001 0.008189 0.005073 0.002959 0.001694 0.000872 0.000456 0.000180 0.000088 0.000036 0.000011 0.000010 0.000003 0.000001 0.000001 0.000000 0.000000 0.000000 0.000000 0.000000 0.000000 0.000000 0.000000 
t: 0.021428571428 start: 43 end: 93 0.000001 0.000000 0.000011 0.000023 0.000074 0.000178 0.000381 0.000725 0.001523 0.002826 0.004971 0.008674 0.013657 0.020212 0.029421 0.039910 0.051483 0.063238 0.073415 0.081883 0.087015 0.088239 0.084726 0.076846 0.067564 0.055979 0.044863 0.033581 0.024414 0.016749 0.011108 0.006945 0.004224 0.002403 0.001384 0.000724 0.000356 0.000149 0.000069 0.000034 0.000016 0.000004 0.000001 0.000001 0.000000 0.000000 0.000000 0.000000 0.000000 0.000000 0.000000 
t: 0.020689655172 start: 45 end: 96 0.000003 0.000003 0.000020 0.000048 0.000127 0.000276 0.000595 0.001139 0.002188 0.003964 0.006935 0.011191 0.016910 0.024980 0.034482 0.045625 0.056807 0.067935 0.077073 0.083923 0.087536 0.086078 0.080556 0.072398 0.061804 0.050616 0.039857 0.029514 0.020719 0.014089 0.009382 0.005696 0.003372 0.002035 0.001088 0.000548 0.000258 0.000128 0.000063 0.000023 0.000010 0.000003 0.000002 0.000000 0.000000 0.000001 0.000000 0.000000 0.000000 0.000000 0.000000 0.000000 
t: 0.020000000000 start: 47 end: 98 0.000003 0.000017 0.000044 0.000094 0.000248 0.000403 0.000893 0.001733 0.003155 0.005569 0.009384 0.014185 0.021411 0.029898 0.039996 0.051305 0.062480 0.072716 0.080669 0.085463 0.085603 0.083422 0.075814 0.067207 0.056094 0.045134 0.034409 0.025137 0.017670 0.011793 0.007441 0.004557 0.002867 0.001536 0.000828 0.000431 0.000214 0.000103 0.000031 0.000028 0.000011 0.000001 0.000002 0.000000 0.000000 0.000000 0.000001 0.000000 0.000000 0.000000 0.000000 0.000000 
t: 0.019354838710 start: 48 end: 99 0.000001 0.000018 0.000025 0.000066 0.000155 0.000382 0.000721 0.001429 0.002541 0.004618 0.007709 0.012023 0.018149 0.026269 0.035671 0.046209 0.057607 0.067535 0.077188 0.082499 0.085718 0.083778 0.078922 0.070878 0.061048 0.050435 0.039301 0.029594 0.021252 0.014468 0.009539 0.006009 0.003688 0.002103 0.001226 0.000630 0.000312 0.000156 0.000071 0.000024 0.000020 0.000011 0.000001 0.000000 0.000000 0.000001 0.000000 0.000000 0.000000 0.000000 0.000000 0.000000 
t: 0.018750000000 start: 50 end: 100 0.000009 0.000027 0.000057 0.000143 0.000267 0.000610 0.001162 0.002160 0.003783 0.006504 0.010234 0.015701 0.023217 0.031553 0.041872 0.052577 0.063228 0.073108 0.080250 0.083555 0.084474 0.081061 0.074177 0.064925 0.054696 0.044142 0.034098 0.024713 0.017440 0.011701 0.007680 0.004628 0.002821 0.001608 0.000923 0.000463 0.000242 0.000094 0.000051 0.000027 0.000015 0.000003 0.000000 0.000001 0.000000 0.000000 0.000000 0.000000 0.000000 0.000000 0.000000 
t: 0.018181818182 start: 50 end: 102 0.000001 0.000006 0.000022 0.000055 0.000096 0.000231 0.000493 0.001011 0.001819 0.003164 0.005489 0.009035 0.013616 0.020404 0.028083 0.037851 0.048304 0.059429 0.069143 0.077133 0.081839 0.083715 0.082372 0.076635 0.068746 0.058591 0.048306 0.037898 0.028432 0.020337 0.014200 0.009344 0.005946 0.003609 0.002145 0.001198 0.000688 0.000324 0.000156 0.000073 0.000033 0.000020 0.000004 0.000001 0.000003 0.000000 0.000000 0.000000 0.000000 0.000000 0.000000 0.000000 0.000000 
t: 0.017647058823 start: 50 end: 103 0.000001 0.000000 0.000004 0.000012 0.000043 0.000086 0.000202 0.000397 0.000811 0.001556 0.002783 0.004742 0.007862 0.012153 0.017871 0.025445 0.034552 0.044612 0.055111 0.065502 0.073825 0.080199 0.083066 0.082532 0.078437 0.071201 0.062636 0.051689 0.041621 0.032081 0.023257 0.016512 0.011277 0.007282 0.004520 0.002792 0.001558 0.000867 0.000453 0.000229 0.000118 0.000064 0.000024 0.000008 0.000003 0.000003 0.000001 0.000000 0.000000 0.000000 0.000000 0.000000 0.000000 0.000000 
t: 0.017142857143 start: 52 end: 106 0.000001 0.000001 0.000014 0.000037 0.000082 0.000140 0.000340 0.000703 0.001338 0.002410 0.004173 0.006963 0.010784 0.016120 0.023120 0.031474 0.041239 0.051246 0.061891 0.071237 0.078308 0.081593 0.082449 0.079572 0.073815 0.064936 0.055300 0.045119 0.035185 0.026500 0.018989 0.013021 0.008661 0.005483 0.003375 0.001986 0.001172 0.000605 0.000295 0.000179 0.000084 0.000033 0.000016 0.000002 0.000006 0.000002 0.000001 0.000000 0.000000 0.000000 0.000000 0.000000 0.000000 0.000000 0.000000 
t: 0.016666666667 start: 53 end: 107 0.000002 0.000001 0.000008 0.000028 0.000064 0.000130 0.000327 0.000610 0.001114 0.002058 0.003736 0.006283 0.009650 0.014494 0.020981 0.029302 0.038305 0.048049 0.058855 0.067950 0.075535 0.080779 0.082490 0.079984 0.075357 0.067661 0.058036 0.048203 0.038416 0.029132 0.021265 0.015115 0.010047 0.006429 0.004151 0.002411 0.001435 0.000776 0.000419 0.000209 0.000118 0.000041 0.000023 0.000012 0.000007 0.000001 0.000001 0.000000 0.000000 0.000000 0.000000 0.000000 0.000000 0.000000 0.000000 
t: 0.016216216216 start: 55 end: 109 0.000003 0.000008 0.000019 0.000057 0.000116 0.000291 0.000537 0.000983 0.001809 0.003416 0.005468 0.008762 0.013396 0.019450 0.027101 0.035497 0.045685 0.055819 0.065182 0.073386 0.078830 0.081795 0.080567 0.076685 0.069433 0.060425 0.051377 0.040904 0.031905 0.023678 0.016918 0.011427 0.007597 0.004778 0.002995 0.001675 0.000984 0.000505 0.000273 0.000126 0.000080 0.000036 0.000013 0.000005 0.000002 0.000001 0.000001 0.000000 0.000000 0.000000 0.000000 0.000000 0.000000 0.000000 0.000000 
t: 0.015789473684 start: 56 end: 110 0.000004 0.000006 0.000015 0.000050 0.000106 0.000252 0.000470 0.000888 0.001757 0.002920 0.005044 0.008068 0.012520 0.017986 0.024936 0.033621 0.043043 0.052950 0.063140 0.071045 0.077115 0.080883 0.080775 0.077510 0.071076 0.062828 0.053550 0.043528 0.034133 0.026000 0.018774 0.012741 0.008635 0.005580 0.003486 0.002031 0.001174 0.000668 0.000343 0.000177 0.000089 0.000047 0.000020 0.000009 0.000003 0.000003 0.000000 0.000001 0.000000 0.000000 0.000000 0.000000 0.000000 0.000000 0.000000 
t: 0.015384615385 start: 57 end: 111 0.000003 0.000005 0.000018 0.000039 0.000095 0.000228 0.000443 0.000848 0.001552 0.002701 0.004537 0.007627 0.011474 0.016894 0.023486 0.031644 0.040991 0.050882 0.060747 0.068782 0.075871 0.079823 0.080451 0.077833 0.072539 0.064710 0.055372 0.045922 0.036639 0.027729 0.020246 0.014489 0.009502 0.006332 0.004016 0.002484 0.001431 0.000779 0.000399 0.000205 0.000124 0.000059 0.000027 0.000011 0.000006 0.000004 0.000000 0.000000 0.000001 0.000000 0.000000 0.000000 0.000000 0.000000 0.000000 
t: 0.015000000000 start: 57 end: 113 0.000001 0.000004 0.000009 0.000011 0.000038 0.000107 0.000201 0.000384 0.000756 0.001456 0.002583 0.004243 0.007045 0.010830 0.016035 0.022043 0.029978 0.039014 0.049080 0.058574 0.067156 0.074031 0.079446 0.079846 0.078084 0.073383 0.065873 0.057415 0.048179 0.038431 0.029481 0.021964 0.015608 0.010593 0.007132 0.004573 0.002878 0.001598 0.000920 0.000472 0.000277 0.000142 0.000062 0.000041 0.000013 0.000005 0.000003 0.000001 0.000000 0.000001 0.000000 0.000000 0.000000 0.000000 0.000000 0.000000 0.000000 
t: 0.014634146341 start: 58 end: 114 0.000001 0.000002 0.000007 0.000019 0.000035 0.000084 0.000186 0.000387 0.000711 0.001403 0.002391 0.004047 0.006575 0.010358 0.014875 0.021400 0.028697 0.037394 0.047320 0.056808 0.065339 0.073040 0.077851 0.079302 0.078396 0.073947 0.067591 0.058700 0.049574 0.040022 0.031372 0.023331 0.016984 0.011668 0.007854 0.005113 0.003087 0.001844 0.001082 0.000567 0.000309 0.000165 0.000097 0.000037 0.000017 0.000004 0.000005 0.000001 0.000001 0.000000 0.000000 0.000000 0.000000 0.000000 0.000000 0.000000 0.000000 
t: 0.014285714286 start: 60 end: 115 0.000002 0.000014 0.000015 0.000030 0.000074 0.000192 0.000385 0.000671 0.001307 0.002292 0.003889 0.006305 0.009722 0.014250 0.020549 0.027744 0.036262 0.045685 0.055203 0.064325 0.071314 0.077058 0.078926 0.077779 0.074775 0.068077 0.060129 0.051112 0.041454 0.032992 0.024558 0.017984 0.012713 0.008515 0.005563 0.003435 0.002031 0.001229 0.000716 0.000326 0.000217 0.000098 0.000048 0.000020 0.000008 0.000005 0.000001 0.000001 0.000000 0.000000 0.000000 0.000000 0.000000 0.000000 0.000000 0.000000 
t: 0.013953488372 start: 61 end: 116 0.000006 0.000011 0.000019 0.000035 0.000077 0.000179 0.000358 0.000658 0.001274 0.002174 0.003761 0.006016 0.009314 0.013853 0.019828 0.026904 0.035278 0.044190 0.054126 0.063069 0.070421 0.075652 0.078428 0.077717 0.075079 0.068767 0.061128 0.052356 0.042905 0.034138 0.025747 0.018963 0.013251 0.009298 0.005987 0.003762 0.002263 0.001321 0.000798 0.000449 0.000233 0.000107 0.000058 0.000025 0.000009 0.000004 0.000003 0.000001 0.000000 0.000000 0.000000 0.000000 0.000000 0.000000 0.000000 0.000000 
t: 0.013636363636 start: 62 end: 117 0.000006 0.000012 0.000022 0.000034 0.000070 0.000160 0.000328 0.000707 0.001173 0.002243 0.003612 0.005776 0.009014 0.013536 0.019345 0.026330 0.034225 0.043448 0.052648 0.062066 0.069198 0.075194 0.077464 0.078017 0.074878 0.069544 0.061674 0.053182 0.044501 0.034783 0.026759 0.019807 0.014088 0.009860 0.006380 0.004083 0.002434 0.001497 0.000883 0.000488 0.000281 0.000140 0.000052 0.000031 0.000018 0.000003 0.000003 0.000003 0.000000 0.000000 0.000000 0.000000 0.000000 0.000000 0.000000 0.000000 
t: 0.013333333333 start: 62 end: 119 0.000002 0.000004 0.000015 0.000019 0.000031 0.000074 0.000159 0.000334 0.000703 0.001225 0.002118 0.003618 0.005663 0.008874 0.013223 0.018881 0.025756 0.033700 0.042579 0.051948 0.060961 0.068278 0.074230 0.077472 0.077492 0.075321 0.069670 0.062432 0.054125 0.044764 0.035670 0.027816 0.020485 0.014853 0.010071 0.006700 0.004357 0.002730 0.001601 0.000932 0.000545 0.000286 0.000157 0.000072 0.000029 0.000011 0.000006 0.000005 0.000002 0.000001 0.000000 0.000000 0.000000 0.000000 0.000000 0.000000 0.000000 0.000000 
t: 0.013043478261 start: 63 end: 120 0.000003 0.000005 0.000009 0.000024 0.000038 0.000080 0.000174 0.000337 0.000678 0.001162 0.002136 0.003527 0.005665 0.008770 0.012971 0.018708 0.025013 0.033546 0.042170 0.051227 0.059864 0.068159 0.073606 0.076531 0.077357 0.075159 0.069988 0.063270 0.054315 0.045147 0.036357 0.028374 0.021373 0.015370 0.010560 0.006970 0.004561 0.002876 0.001741 0.000956 0.000599 0.000304 0.000177 0.000081 0.000032 0.000017 0.000005 0.000004 0.000002 0.000002 0.000000 0.000000 0.000000 0.000000 0.000000 0.000000 0.000000 0.000000 
t: 0.012765957447 start: 63 end: 121 0.000001 0.000000 0.000006 0.000013 0.000017 0.000035 0.000092 0.000168 0.000333 0.000700 0.001210 0.002107 0.003453 0.005661 0.008767 0.013116 0.018026 0.025224 0.033041 0.041817 0.050787 0.059298 0.067522 0.073000 0.076478 0.077162 0.074764 0.069900 0.063545 0.054866 0.045771 0.036840 0.028782 0.021628 0.015810 0.010879 0.007329 0.004716 0.002979 0.001867 0.001022 0.000576 0.000351 0.000178 0.000081 0.000045 0.000022 0.000008 0.000003 0.000001 0.000001 0.000002 0.000000 0.000000 0.000000 0.000000 0.000000 0.000000 0.000000 
t: 0.012500000000 start: 65 end: 122 0.000001 0.000001 0.000016 0.000020 0.000043 0.000083 0.000162 0.000374 0.000664 0.001272 0.002085 0.003492 0.005742 0.008896 0.012812 0.018252 0.025054 0.032888 0.041683 0.050283 0.058981 0.066907 0.072757 0.076146 0.077065 0.074221 0.070129 0.063556 0.054923 0.046231 0.037418 0.028912 0.022100 0.015804 0.011174 0.007436 0.004930 0.003155 0.001916 0.001065 0.000640 0.000343 0.000187 0.000106 0.000043 0.000014 0.000007 0.000007 0.000001 0.000003 0.000000 0.000000 0.000000 0.000000 0.000000 0.000000 0.000000 0.000000 
t: 0.012244897959 start: 67 end: 125 0.000003 0.000013 0.000023 0.000046 0.000088 0.000184 0.000393 0.000745 0.001211 0.002127 0.003650 0.005783 0.008846 0.013083 0.018417 0.024766 0.032820 0.041587 0.050181 0.059114 0.066732 0.072138 0.076055 0.076483 0.074063 0.070275 0.063093 0.054995 0.046364 0.037538 0.029378 0.021923 0.016150 0.011334 0.007704 0.005002 0.003180 0.001972 0.001128 0.000685 0.000339 0.000209 0.000096 0.000047 0.000018 0.000011 0.000003 0.000002 0.000001 0.000001 0.000000 0.000001 0.000000 0.000000 0.000000 0.000000 0.000000 0.000000 0.000000 
t: 0.012000000000 start: 67 end: 126 0.000001 0.000004 0.000015 0.000021 0.000052 0.000101 0.000214 0.000395 0.000737 0.001291 0.002197 0.003698 0.005925 0.009092 0.013177 0.018503 0.025007 0.033049 0.041679 0.050544 0.058709 0.066415 0.071960 0.076234 0.075962 0.074124 0.069450 0.063016 0.055036 0.046226 0.037388 0.029304 0.022131 0.016258 0.011294 0.007889 0.005134 0.003221 0.001975 0.001158 0.000652 0.000368 0.000212 0.000087 0.000052 0.000023 0.000008 0.000005 0.000002 0.000003 0.000001 0.000001 0.000000 0.000000 0.000000 0.000000 0.000000 0.000000 0.000000 0.000000 
t: 0.011764705882 start: 67 end: 126 0.000001 0.000004 0.000005 0.000010 0.000033 0.000049 0.000103 0.000229 0.000440 0.000756 0.001344 0.002344 0.003805 0.006100 0.009249 0.013335 0.018814 0.025585 0.033212 0.041967 0.050719 0.058894 0.066245 0.072297 0.075612 0.075752 0.073998 0.068771 0.062574 0.054820 0.045873 0.037515 0.029313 0.022073 0.015954 0.011478 0.007849 0.005107 0.003249 0.001915 0.001159 0.000700 0.000371 0.000173 0.000110 0.000050 0.000027 0.000006 0.000006 0.000001 0.000002 0.000002 0.000000 0.000000 0.000000 0.000000 0.000000 0.000000 0.000000 0.000000 
t: 0.011538461538 start: 68 end: 127 0.000001 0.000005 0.000003 0.000012 0.000033 0.000067 0.000119 0.000225 0.000480 0.000783 0.001428 0.002472 0.004006 0.006298 0.009292 0.013795 0.019242 0.025819 0.033655 0.042603 0.050764 0.059169 0.066764 0.072110 0.075292 0.075396 0.073695 0.068453 0.061960 0.054110 0.045920 0.037260 0.028899 0.021950 0.015832 0.011469 0.007802 0.005059 0.003229 0.001916 0.001179 0.000674 0.000376 0.000176 0.000109 0.000060 0.000017 0.000011 0.000005 0.000002 0.000003 0.000001 0.000000 0.000000 0.000000 0.000000 0.000000 0.000000 0.000000 0.000000 
t: 0.011320754717 start: 68 end: 127 0.000001 0.000001 0.000004 0.000005 0.000016 0.000038 0.000063 0.000140 0.000248 0.000475 0.000877 0.001532 0.002546 0.004181 0.006382 0.009729 0.014263 0.019648 0.026676 0.034127 0.042998 0.051342 0.059475 0.066868 0.071904 0.075783 0.075242 0.072743 0.068032 0.061567 0.053591 0.045416 0.036563 0.028593 0.021430 0.015901 0.011334 0.007485 0.005070 0.003206 0.001899 0.001160 0.000699 0.000365 0.000178 0.000101 0.000061 0.000019 0.000009 0.000009 0.000003 0.000002 0.000000 0.000000 0.000000 0.000000 0.000000 0.000000 0.000000 0.000000 
t: 0.011111111111 start: 69 end: 127 0.000001 0.000002 0.000003 0.000007 0.000016 0.000034 0.000078 0.000139 0.000269 0.000574 0.000862 0.001709 0.002691 0.004346 0.006725 0.010203 0.014660 0.020295 0.027209 0.034910 0.043615 0.051807 0.060293 0.067093 0.072445 0.074842 0.074904 0.072509 0.067490 0.060906 0.053055 0.044490 0.036020 0.028081 0.021133 0.015624 0.011022 0.007409 0.004932 0.003114 0.001941 0.001141 0.000646 0.000372 0.000192 0.000094 0.000053 0.000023 0.000007 0.000009 0.000005 0.000000 0.000000 0.000000 0.000000 0.000000 0.000000 0.000000 0.000000 
t: 0.010909090909 start: 70 end: 128 0.000001 0.000004 0.000002 0.000008 0.000018 0.000045 0.000073 0.000152 0.000330 0.000584 0.000999 0.001760 0.002936 0.004544 0.007095 0.010729 0.015168 0.021094 0.027938 0.035694 0.044277 0.052558 0.060928 0.067952 0.072183 0.074778 0.074744 0.071818 0.066740 0.060371 0.052118 0.043577 0.035094 0.027518 0.020748 0.015326 0.010638 0.007282 0.004786 0.003067 0.001899 0.001069 0.000625 0.000346 0.000192 0.000098 0.000052 0.000022 0.000007 0.000007 0.000006 0.000000 0.000000 0.000000 0.000000 0.000000 0.000000 0.000000 0.000000 
t: 0.010714285714 start: 71 end: 131 0.000001 0.000001 0.000004 0.000015 0.000024 0.000035 0.000083 0.000204 0.000347 0.000624 0.001084 0.001905 0.003113 0.004887 0.007505 0.011229 0.015816 0.021906 0.028945 0.036575 0.045138 0.053574 0.061803 0.068081 0.072834 0.074507 0.073987 0.071350 0.065757 0.059355 0.051371 0.042472 0.034563 0.026865 0.020389 0.014568 0.010241 0.007007 0.004735 0.002958 0.001756 0.001067 0.000615 0.000317 0.000202 0.000099 0.000044 0.000020 0.000010 0.000008 0.000002 0.000001 0.000001 0.000000 0.000000 0.000000 0.000000 0.000000 0.000000 0.000000 0.000000 
t: 0.010526315789 start: 72 end: 132 0.000001 0.000002 0.000006 0.000011 0.000025 0.000050 0.000103 0.000190 0.000395 0.000677 0.001236 0.002055 0.003354 0.005290 0.008024 0.011733 0.016577 0.023038 0.029632 0.037827 0.045885 0.054997 0.062503 0.068563 0.072826 0.074489 0.073588 0.070412 0.065204 0.058082 0.050162 0.041727 0.033790 0.026075 0.019681 0.013959 0.009848 0.006762 0.004464 0.002767 0.001719 0.001003 0.000593 0.000315 0.000195 0.000078 0.000046 0.000019 0.000010 0.000008 0.000001 0.000002 0.000001 0.000000 0.000000 0.000000 0.000000 0.000000 0.000000 0.000000 0.000000 
t: 0.010344827586 start: 73 end: 133 0.000002 0.000003 0.000006 0.000015 0.000026 0.000062 0.000119 0.000237 0.000404 0.000752 0.001335 0.002315 0.003564 0.005749 0.008434 0.012378 0.017663 0.023845 0.030784 0.038914 0.047510 0.056091 0.063149 0.068990 0.072668 0.074489 0.073342 0.069604 0.064414 0.056892 0.048938 0.040806 0.032473 0.025014 0.018981 0.013480 0.009559 0.006427 0.004197 0.002609 0.001579 0.000977 0.000545 0.000336 0.000162 0.000087 0.000043 0.000014 0.000005 0.000008 0.000001 0.000001 0.000002 0.000000 0.000000 0.000000 0.000000 0.000000 0.000000 0.000000 0.000000 
t: 0.010169491525 start: 73 end: 132 0.000001 0.000000 0.000006 0.000008 0.000016 0.000029 0.000068 0.000132 0.000254 0.000494 0.000863 0.001488 0.002427 0.003997 0.006105 0.009018 0.013289 0.018737 0.024791 0.032106 0.040270 0.048926 0.056735 0.064124 0.069503 0.073299 0.074037 0.072728 0.068747 0.063397 0.055515 0.047522 0.039630 0.031349 0.024139 0.018085 0.013085 0.008979 0.006184 0.003902 0.002504 0.001546 0.000875 0.000494 0.000293 0.000155 0.000082 0.000033 0.000011 0.000011 0.000005 0.000004 0.000002 0.000000 0.000000 0.000000 0.000000 0.000000 0.000000 0.000000 
t: 0.010000000000 start: 74 end: 134 0.000001 0.000004 0.000001 0.000014 0.000021 0.000029 0.000084 0.000148 0.000295 0.000576 0.000924 0.001639 0.002742 0.004285 0.006619 0.009860 0.014313 0.019469 0.026090 0.033762 0.041672 0.049834 0.058282 0.065182 0.070149 0.073079 0.074138 0.071820 0.068002 0.061940 0.054383 0.046144 0.037966 0.030058 0.023339 0.017194 0.012329 0.008619 0.005733 0.003640 0.002387 0.001406 0.000822 0.000461 0.000255 0.000155 0.000080 0.000021 0.000019 0.000004 0.000002 0.000006 0.000003 0.000000 0.000000 0.000000 0.000000 0.000000 0.000000 0.000000 0.000000 
t: 0.008448275866 start: 83 end: 142 0.000002 0.000006 0.000012 0.000032 0.000041 0.000080 0.000152 0.000317 0.000508 0.000994 0.001685 0.002573 0.004180 0.006309 0.009451 0.013206 0.018582 0.024692 0.031863 0.039146 0.047180 0.054870 0.061936 0.067795 0.071054 0.072414 0.071642 0.068056 0.063016 0.056207 0.048594 0.040850 0.033236 0.025725 0.019740 0.014538 0.010261 0.007077 0.004625 0.003033 0.001837 0.001104 0.000619 0.000323 0.000219 0.000113 0.000064 0.000021 0.000009 0.000008 0.000000 0.000002 0.000001 0.000000 0.000000 0.000000 0.000000 0.000000 0.000000 0.000000 
t: 0.007313432839 start: 88 end: 149 0.000001 0.000001 0.000001 0.000008 0.000009 0.000019 0.000059 0.000093 0.000167 0.000324 0.000606 0.001079 0.001759 0.002726 0.004389 0.006743 0.009648 0.013788 0.018963 0.024603 0.031892 0.039107 0.046755 0.054632 0.060893 0.066800 0.069890 0.071663 0.070938 0.067985 0.063181 0.056019 0.049142 0.041042 0.033210 0.026129 0.020318 0.014716 0.010655 0.007263 0.004885 0.003108 0.002035 0.001181 0.000688 0.000416 0.000239 0.000113 0.000071 0.000023 0.000017 0.000002 0.000005 0.000001 0.000000 0.000000 0.000000 0.000000 0.000000 0.000000 0.000000 0.000000 
t: 0.006447368423 start: 95 end: 155 0.000001 0.000002 0.000011 0.000008 0.000022 0.000057 0.000092 0.000193 0.000372 0.000675 0.001067 0.001816 0.002868 0.004525 0.006669 0.009960 0.013749 0.018991 0.024975 0.031824 0.039159 0.046717 0.054303 0.060957 0.066331 0.069774 0.071501 0.070416 0.067115 0.062834 0.056151 0.049246 0.041345 0.033604 0.026508 0.020206 0.014813 0.010805 0.007434 0.004834 0.003206 0.002025 0.001246 0.000732 0.000390 0.000237 0.000117 0.000062 0.000027 0.000017 0.000006 0.000003 0.000002 0.000000 0.000000 0.000000 0.000000 0.000000 0.000000 0.000000 0.000000 
t: 0.005764705884 start: 100 end: 161 0.000001 0.000006 0.000005 0.000012 0.000022 0.000048 0.000096 0.000181 0.000335 0.000645 0.000984 0.001702 0.002755 0.004215 0.006257 0.009107 0.013103 0.018287 0.023433 0.030261 0.037750 0.045597 0.052678 0.059542 0.065381 0.069458 0.070810 0.070557 0.068429 0.063587 0.057860 0.050822 0.042506 0.034877 0.027910 0.021313 0.015897 0.011567 0.007881 0.005410 0.003533 0.002158 0.001301 0.000789 0.000441 0.000266 0.000108 0.000052 0.000028 0.000019 0.000008 0.000007 0.000002 0.000001 0.000000 0.000000 0.000000 0.000000 0.000000 0.000000 0.000000 0.000000 
t: 0.005212765959 start: 104 end: 165 0.000002 0.000003 0.000003 0.000009 0.000019 0.000034 0.000059 0.000126 0.000241 0.000455 0.000794 0.001277 0.002081 0.003305 0.005081 0.007784 0.010960 0.015104 0.020341 0.026446 0.033746 0.041202 0.049022 0.055851 0.062626 0.067179 0.070477 0.071427 0.070083 0.066320 0.060725 0.055005 0.046899 0.039294 0.031877 0.024845 0.018659 0.013506 0.009484 0.006568 0.004372 0.002728 0.001724 0.001028 0.000549 0.000321 0.000197 0.000078 0.000041 0.000023 0.000015 0.000002 0.000001 0.000002 0.000000 0.000000 0.000000 0.000000 0.000000 0.000000 0.000000 0.000000 
t: 0.004757281555 start: 108 end: 169 0.000001 0.000004 0.000002 0.000012 0.000009 0.000041 0.000068 0.000121 0.000261 0.000465 0.000752 0.001232 0.002051 0.003255 0.005104 0.007515 0.010999 0.015097 0.020247 0.026445 0.033340 0.041170 0.048890 0.056128 0.062450 0.067630 0.070952 0.071964 0.070351 0.066772 0.061499 0.054426 0.047074 0.039294 0.031658 0.024528 0.018446 0.013400 0.009408 0.006394 0.004218 0.002627 0.001665 0.000917 0.000536 0.000286 0.000164 0.000063 0.000038 0.000013 0.000011 0.000003 0.000003 0.000001 0.000000 0.000000 0.000000 0.000000 0.000000 0.000000 0.000000 0.000000 
t: 0.004375000001 start: 109 end: 170 0.000001 0.000000 0.000002 0.000002 0.000002 0.000003 0.000011 0.000022 0.000051 0.000074 0.000173 0.000302 0.000570 0.000930 0.001515 0.002524 0.004010 0.005857 0.008693 0.012538 0.016979 0.022737 0.029562 0.036614 0.044525 0.052546 0.059452 0.065325 0.069733 0.071577 0.071972 0.069169 0.065307 0.058745 0.051263 0.043536 0.035418 0.028231 0.021747 0.016065 0.011397 0.007679 0.005192 0.003218 0.002058 0.001240 0.000657 0.000374 0.000204 0.000092 0.000067 0.000027 0.000007 0.000003 0.000002 0.000000 0.000000 0.000000 0.000000 0.000000 0.000000 0.000000 
t: 0.004049586778 start: 114 end: 173 0.000001 0.000000 0.000001 0.000002 0.000013 0.000021 0.000040 0.000071 0.000140 0.000248 0.000467 0.000802 0.001371 0.002299 0.003559 0.005371 0.008039 0.011457 0.015822 0.021597 0.028002 0.035395 0.043203 0.051268 0.058456 0.064597 0.069321 0.071667 0.073051 0.070650 0.066192 0.060515 0.052645 0.045069 0.037098 0.029205 0.022500 0.016627 0.011734 0.008029 0.005270 0.003409 0.002119 0.001206 0.000682 0.000361 0.000209 0.000101 0.000061 0.000020 0.000011 0.000003 0.000003 0.000000 0.000000 0.000000 0.000000 0.000000 0.000000 0.000000 
t: 0.003769230770 start: 118 end: 176 0.000002 0.000004 0.000003 0.000012 0.000020 0.000032 0.000071 0.000153 0.000253 0.000492 0.000880 0.001392 0.002278 0.003755 0.005523 0.008302 0.011774 0.016299 0.022289 0.028718 0.036534 0.044006 0.052272 0.059817 0.065783 0.070431 0.073130 0.072970 0.071258 0.065719 0.059669 0.051995 0.043840 0.035566 0.028021 0.021254 0.015546 0.010761 0.007370 0.004770 0.002979 0.001803 0.001067 0.000562 0.000315 0.000146 0.000092 0.000039 0.000023 0.000006 0.000004 0.000000 0.000000 0.000000 0.000000 0.000000 0.000000 0.000000 0.000000 
t: 0.003525179857 start: 121 end: 179 0.000003 0.000001 0.000007 0.000014 0.000024 0.000051 0.000096 0.000150 0.000337 0.000596 0.001048 0.001679 0.002811 0.004273 0.006287 0.009400 0.013345 0.018362 0.024710 0.031618 0.039371 0.047640 0.055839 0.062863 0.068481 0.072579 0.074251 0.072971 0.069467 0.063793 0.056920 0.048767 0.040015 0.032358 0.024866 0.018242 0.013103 0.009043 0.005819 0.003653 0.002242 0.001368 0.000758 0.000376 0.000214 0.000100 0.000059 0.000017 0.000006 0.000006 0.000001 0.000000 0.000000 0.000000 0.000000 0.000000 0.000000 0.000000 0.000000 
t: 0.003310810811 start: 124 end: 182 0.000003 0.000001 0.000012 0.000017 0.000031 0.000064 0.000142 0.000234 0.000423 0.000833 0.001411 0.002264 0.003563 0.005427 0.008004 0.011579 0.016358 0.022046 0.028752 0.036568 0.044993 0.053233 0.060768 0.067043 0.072258 0.074335 0.074297 0.071663 0.066643 0.059680 0.051843 0.042990 0.034796 0.027023 0.020161 0.014272 0.009854 0.006574 0.004129 0.002525 0.001481 0.000805 0.000455 0.000246 0.000119 0.000046 0.000026 0.000006 0.000002 0.000000 0.000001 0.000001 0.000000 0.000000 0.000000 0.000000 0.000000 0.000000 0.000000 
t: 0.003121019109 start: 126 end: 183 0.000001 0.000003 0.000008 0.000008 0.000034 0.000061 0.000124 0.000177 0.000419 0.000667 0.001235 0.002008 0.003158 0.004975 0.007437 0.010858 0.015278 0.021066 0.027461 0.035377 0.043663 0.052186 0.060128 0.066746 0.072279 0.074665 0.075496 0.072655 0.067737 0.061041 0.053360 0.044511 0.035559 0.027693 0.020566 0.014722 0.010046 0.006708 0.004230 0.002517 0.001460 0.000840 0.000436 0.000228 0.000096 0.000045 0.000019 0.000006 0.000006 0.000001 0.000000 0.000000 0.000000 0.000000 0.000000 0.000000 0.000000 0.000000 
t: 0.002951807229 start: 128 end: 185 0.000002 0.000003 0.000008 0.000011 0.000024 0.000044 0.000102 0.000184 0.000390 0.000665 0.001273 0.001915 0.002989 0.004819 0.007324 0.010960 0.015109 0.020742 0.027755 0.035737 0.043804 0.052532 0.060675 0.067598 0.072922 0.075916 0.076091 0.073265 0.067856 0.061388 0.052869 0.044000 0.035178 0.027165 0.019815 0.014076 0.009575 0.006258 0.003911 0.002351 0.001281 0.000697 0.000394 0.000194 0.000071 0.000032 0.000021 0.000004 0.000004 0.000001 0.000000 0.000000 0.000000 0.000000 0.000000 0.000000 0.000000 0.000000 
t: 0.002800000000 start: 130 end: 186 0.000003 0.000003 0.000005 0.000013 0.000028 0.000046 0.000109 0.000211 0.000367 0.000743 0.001272 0.001902 0.003333 0.005067 0.007590 0.011356 0.015932 0.021848 0.028935 0.037130 0.045542 0.054253 0.062491 0.069420 0.074279 0.076931 0.076507 0.073094 0.067646 0.059995 0.051388 0.042148 0.033303 0.024854 0.018327 0.012689 0.008476 0.005343 0.003336 0.001922 0.001026 0.000600 0.000297 0.000129 0.000076 0.000018 0.000012 0.000004 0.000001 0.000000 0.000000 0.000000 0.000000 0.000000 0.000000 0.000000 0.000000 
t: 0.002663043479 start: 132 end: 187 0.000002 0.000002 0.000012 0.000017 0.000028 0.000064 0.000115 0.000233 0.000438 0.000817 0.001344 0.002287 0.003675 0.005681 0.008307 0.012553 0.017686 0.023899 0.031252 0.039775 0.048530 0.057468 0.065091 0.072422 0.075700 0.078023 0.075926 0.072437 0.065818 0.057374 0.048387 0.038909 0.030199 0.022071 0.015761 0.010831 0.006940 0.004418 0.002512 0.001462 0.000784 0.000411 0.000191 0.000086 0.000038 0.000015 0.000007 0.000002 0.000000 0.000000 0.000000 0.000000 0.000000 0.000000 0.000000 0.000000 
t: 0.002538860104 start: 134 end: 189 0.000001 0.000006 0.000010 0.000016 0.000041 0.000080 0.000148 0.000304 0.000547 0.000991 0.001648 0.002713 0.004262 0.006593 0.009907 0.014451 0.020080 0.027059 0.034744 0.043770 0.052936 0.061229 0.069309 0.074609 0.077902 0.077895 0.075838 0.070251 0.062155 0.053664 0.043920 0.034271 0.026144 0.018668 0.013066 0.008553 0.005165 0.003249 0.001809 0.001029 0.000554 0.000228 0.000104 0.000051 0.000022 0.000005 0.000002 0.000001 0.000000 0.000000 0.000000 0.000000 0.000000 0.000000 0.000000 0.000000 
t: 0.002425742574 start: 136 end: 190 0.000008 0.000003 0.000014 0.000021 0.000055 0.000111 0.000202 0.000429 0.000713 0.001216 0.002021 0.003395 0.005301 0.008154 0.011991 0.017173 0.023685 0.031083 0.039930 0.048872 0.057937 0.066659 0.073120 0.077598 0.079134 0.077775 0.073544 0.066167 0.057675 0.048221 0.038153 0.029020 0.021143 0.015126 0.009892 0.006256 0.003672 0.002184 0.001220 0.000610 0.000298 0.000136 0.000041 0.000031 0.000006 0.000004 0.000001 0.000000 0.000000 0.000000 0.000000 0.000000 0.000000 0.000000 0.000000 
t: 0.002322274882 start: 136 end: 190 0.000001 0.000003 0.000003 0.000010 0.000014 0.000040 0.000085 0.000157 0.000268 0.000559 0.000967 0.001690 0.002732 0.004394 0.006835 0.010433 0.014992 0.020990 0.028230 0.036727 0.046049 0.055533 0.063838 0.071678 0.077395 0.079749 0.079416 0.075407 0.069318 0.061462 0.051091 0.041177 0.031566 0.023588 0.016500 0.010888 0.007047 0.004160 0.002405 0.001320 0.000686 0.000366 0.000135 0.000059 0.000024 0.000009 0.000004 0.000000 0.000000 0.000000 0.000000 0.000000 0.000000 0.000000 0.000000 
t: 0.002227272727 start: 138 end: 190 0.000002 0.000002 0.000004 0.000014 0.000029 0.000071 0.000124 0.000235 0.000433 0.000804 0.001376 0.002326 0.003716 0.006122 0.009068 0.013427 0.019354 0.025947 0.034263 0.043669 0.053168 0.062181 0.071022 0.076423 0.080179 0.080756 0.077559 0.071488 0.063917 0.053663 0.043458 0.033496 0.025057 0.017570 0.011728 0.007521 0.004469 0.002608 0.001437 0.000700 0.000352 0.000163 0.000063 0.000025 0.000011 0.000000 0.000000 0.000000 0.000000 0.000000 0.000000 0.000000 0.000000 
t: 0.002139737991 start: 140 end: 192 0.000004 0.000004 0.000012 0.000021 0.000047 0.000117 0.000186 0.000383 0.000684 0.001192 0.001988 0.003366 0.005388 0.008287 0.012528 0.017874 0.024534 0.032762 0.042061 0.051509 0.061607 0.069362 0.076543 0.080959 0.081381 0.078859 0.073767 0.064919 0.055889 0.044814 0.034644 0.026056 0.018232 0.012304 0.007665 0.004668 0.002670 0.001415 0.000706 0.000340 0.000151 0.000064 0.000030 0.000007 0.000000 0.000001 0.000000 0.000000 0.000000 0.000000 0.000000 0.000000 0.000000 
t: 0.002058823530 start: 140 end: 192 0.000001 0.000000 0.000004 0.000008 0.000017 0.000040 0.000102 0.000190 0.000356 0.000578 0.001026 0.001821 0.003131 0.004912 0.007779 0.011874 0.017167 0.023511 0.031812 0.040763 0.050853 0.060773 0.069633 0.076785 0.081234 0.081924 0.079971 0.074957 0.066361 0.056700 0.045809 0.035463 0.026185 0.018383 0.012165 0.007811 0.004715 0.002606 0.001342 0.000710 0.000313 0.000123 0.000059 0.000026 0.000005 0.000002 0.000000 0.000000 0.000000 0.000000 0.000000 0.000000 0.000000 
t: 0.001983805668 start: 141 end: 193 0.000001 0.000001 0.000003 0.000006 0.000013 0.000041 0.000077 0.000172 0.000284 0.000517 0.000998 0.001801 0.002879 0.004772 0.007459 0.011444 0.016531 0.023447 0.031239 0.040672 0.050272 0.060728 0.069987 0.077574 0.081527 0.082790 0.081030 0.075350 0.067417 0.056885 0.045851 0.035615 0.025792 0.018090 0.012029 0.007497 0.004448 0.002405 0.001287 0.000601 0.000272 0.000116 0.000054 0.000022 0.000004 0.000000 0.000000 0.000000 0.000000 0.000000 0.000000 0.000000 0.000000 
t: 0.001914062500 start: 141 end: 193 0.000001 0.000001 0.000000 0.000003 0.000004 0.000014 0.000036 0.000085 0.000145 0.000268 0.000504 0.000982 0.001656 0.002868 0.004684 0.007441 0.011329 0.016391 0.023313 0.031229 0.040823 0.051265 0.061257 0.070624 0.078261 0.082481 0.084002 0.081360 0.075681 0.067255 0.056487 0.045446 0.034740 0.025374 0.017327 0.011323 0.007046 0.004048 0.002185 0.001150 0.000536 0.000209 0.000115 0.000041 0.000008 0.000002 0.000000 0.000000 0.000000 0.000000 0.000000 0.000000 0.000000 
t: 0.001849056604 start: 141 end: 194 0.000001 0.000000 0.000001 0.000001 0.000002 0.000006 0.000017 0.000037 0.000074 0.000140 0.000287 0.000523 0.000930 0.001688 0.002882 0.004769 0.007450 0.011332 0.016682 0.023632 0.032059 0.041743 0.052065 0.062548 0.071723 0.079311 0.083503 0.084959 0.081593 0.075813 0.066426 0.055742 0.044219 0.033607 0.024022 0.016039 0.010604 0.006430 0.003536 0.001897 0.000989 0.000427 0.000170 0.000082 0.000028 0.000009 0.000002 0.000000 0.000000 0.000000 0.000000 0.000000 0.000000 0.000000 
t: 0.001788321168 start: 142 end: 194 0.000001 0.000000 0.000000 0.000002 0.000003 0.000005 0.000020 0.000038 0.000073 0.000145 0.000300 0.000482 0.000966 0.001772 0.003010 0.004832 0.007722 0.011668 0.017363 0.024543 0.032941 0.043112 0.053685 0.064336 0.073471 0.080643 0.085164 0.085186 0.081448 0.075153 0.065525 0.053679 0.042722 0.031702 0.022337 0.014793 0.009576 0.005602 0.003090 0.001559 0.000802 0.000323 0.000130 0.000053 0.000017 0.000002 0.000004 0.000000 0.000000 0.000000 0.000000 0.000000 0.000000 
t: 0.001731448763 start: 143 end: 197 0.000001 0.000000 0.000001 0.000002 0.000003 0.000006 0.000020 0.000037 0.000086 0.000165 0.000297 0.000539 0.001029 0.001752 0.003269 0.005065 0.008223 0.012482 0.018139 0.025786 0.034600 0.044902 0.055941 0.066279 0.075748 0.082281 0.086332 0.085513 0.081374 0.073865 0.063188 0.052041 0.040135 0.029494 0.020332 0.013246 0.008337 0.004706 0.002508 0.001318 0.000567 0.000234 0.000109 0.000034 0.000010 0.000001 0.000002 0.000001 0.000000 0.000000 0.000000 0.000000 0.000000 0.000000 0.000000 
t: 0.001678082192 start: 143 end: 196 0.000001 0.000000 0.000001 0.000000 0.000003 0.000002 0.000009 0.000020 0.000045 0.000089 0.000174 0.000297 0.000621 0.001073 0.002018 0.003410 0.005535 0.008878 0.013460 0.019491 0.027224 0.036826 0.047339 0.058568 0.068477 0.078286 0.084652 0.086924 0.086156 0.080849 0.071054 0.061123 0.049023 0.037477 0.026805 0.017940 0.011597 0.006956 0.003895 0.002032 0.000997 0.000401 0.000182 0.000062 0.000018 0.000007 0.000002 0.000001 0.000000 0.000000 0.000000 0.000000 0.000000 0.000000 
t: 0.001627906977 start: 145 end: 197 0.000001 0.000001 0.000000 0.000003 0.000004 0.000007 0.000031 0.000045 0.000095 0.000190 0.000351 0.000681 0.001224 0.002188 0.003789 0.006186 0.009597 0.014579 0.021277 0.029559 0.039160 0.050411 0.061570 0.072358 0.080314 0.086010 0.088463 0.085960 0.078467 0.069416 0.057652 0.045692 0.033860 0.023909 0.015696 0.009872 0.005614 0.003053 0.001544 0.000715 0.000305 0.000093 0.000042 0.000012 0.000003 0.000001 0.000000 0.000000 0.000000 0.000000 0.000000 0.000000 0.000000 
t: 0.001580645161 start: 147 end: 198 0.000002 0.000001 0.000002 0.000007 0.000016 0.000031 0.000047 0.000102 0.000232 0.000418 0.000754 0.001390 0.002515 0.004192 0.006921 0.010711 0.016224 0.023427 0.032045 0.042409 0.054072 0.065277 0.075441 0.083108 0.088093 0.088909 0.084605 0.076538 0.066078 0.053800 0.041690 0.030375 0.020673 0.013268 0.007927 0.004456 0.002364 0.001091 0.000506 0.000180 0.000072 0.000023 0.000007 0.000000 0.000001 0.000000 0.000000 0.000000 0.000000 0.000000 0.000000 0.000000 
t: 0.001536050157 start: 147 end: 198 0.000002 0.000000 0.000001 0.000003 0.000005 0.000017 0.000033 0.000061 0.000124 0.000234 0.000487 0.000891 0.001633 0.002911 0.004801 0.007900 0.012264 0.018023 0.025987 0.035372 0.046073 0.057870 0.069549 0.078853 0.086271 0.089289 0.088249 0.083244 0.073824 0.061801 0.049444 0.037478 0.026429 0.017499 0.010748 0.006229 0.003442 0.001689 0.000782 0.000322 0.000110 0.000041 0.000013 0.000000 0.000001 0.000001 0.000000 0.000000 0.000000 0.000000 0.000000 0.000000 
t: 0.001493902439 start: 148 end: 198 0.000001 0.000000 0.000002 0.000004 0.000008 0.000018 0.000025 0.000086 0.000143 0.000290 0.000560 0.001055 0.002006 0.003306 0.005669 0.009121 0.014170 0.020340 0.028786 0.039258 0.050203 0.062713 0.073445 0.082696 0.088360 0.090545 0.087739 0.080585 0.069995 0.057188 0.044541 0.032625 0.022368 0.014351 0.008562 0.004749 0.002502 0.001199 0.000499 0.000191 0.000066 0.000026 0.000002 0.000001 0.000001 0.000000 0.000000 0.000000 0.000000 0.000000 0.000000 
t: 0.001454005935 start: 148 end: 198 0.000001 0.000000 0.000000 0.000002 0.000006 0.000008 0.000017 0.000040 0.000091 0.000180 0.000338 0.000730 0.001295 0.002318 0.004037 0.006749 0.010775 0.016004 0.023263 0.032442 0.043531 0.055397 0.067229 0.078135 0.085766 0.090974 0.090847 0.085644 0.077045 0.065304 0.052056 0.039162 0.027822 0.018410 0.011419 0.006477 0.003533 0.001731 0.000764 0.000297 0.000112 0.000041 0.000006 0.000001 0.000001 0.000000 0.000000 0.000000 0.000000 0.000000 0.000000 
t: 0.001416184971 start: 149 end: 198 0.000001 0.000000 0.000000 0.000005 0.000004 0.000010 0.000025 0.000051 0.000113 0.000228 0.000432 0.000873 0.001661 0.002844 0.004923 0.007967 0.012534 0.018724 0.026731 0.036776 0.048702 0.060455 0.072658 0.082234 0.088801 0.092134 0.090304 0.083114 0.072386 0.059790 0.046306 0.033693 0.022957 0.014825 0.008724 0.004770 0.002392 0.001123 0.000475 0.000175 0.000060 0.000015 0.000003 0.000002 0.000000 0.000000 0.000000 0.000000 0.000000 0.000000 
t: 0.001380281690 start: 150 end: 198 0.000001 0.000000 0.000000 0.000003 0.000011 0.000011 0.000030 0.000067 0.000137 0.000293 0.000603 0.001112 0.002043 0.003599 0.005983 0.009682 0.014754 0.021850 0.030705 0.042180 0.054005 0.066273 0.077567 0.086290 0.091863 0.092775 0.088098 0.079058 0.066891 0.053624 0.039835 0.028282 0.018842 0.011143 0.006410 0.003336 0.001581 0.000679 0.000263 0.000086 0.000026 0.000006 0.000001 0.000002 0.000000 0.000000 0.000000 0.000000 0.000000 
t: 0.001346153846 start: 150 end: 198 0.000001 0.000000 0.000000 0.000000 0.000002 0.000012 0.000019 0.000036 0.000075 0.000202 0.000387 0.000748 0.001407 0.002681 0.004465 0.007237 0.011720 0.017639 0.025486 0.035881 0.047712 0.059929 0.072078 0.082796 0.090120 0.093846 0.091913 0.084735 0.073725 0.060714 0.046684 0.033870 0.023095 0.014157 0.008379 0.004544 0.002140 0.000985 0.000397 0.000130 0.000031 0.000016 0.000004 0.000001 0.000001 0.000000 0.000000 0.000000 0.000000 
t: 0.001313672922 start: 151 end: 198 0.000001 0.000000 0.000000 0.000001 0.000009 0.000012 0.000019 0.000048 0.000126 0.000262 0.000501 0.000986 0.001886 0.003335 0.005524 0.009087 0.014117 0.021080 0.030293 0.041289 0.053817 0.066184 0.078078 0.087677 0.093577 0.094246 0.089435 0.079910 0.067830 0.053373 0.039863 0.027849 0.017793 0.010690 0.005884 0.002969 0.001404 0.000553 0.000216 0.000048 0.000018 0.000006 0.000003 0.000001 0.000000 0.000000 0.000000 0.000000 
t: 0.001282722513 start: 152 end: 198 0.000001 0.000000 0.000000 0.000004 0.000009 0.000014 0.000024 0.000087 0.000165 0.000342 0.000681 0.001305 0.002523 0.004264 0.007058 0.011143 0.017227 0.025426 0.035479 0.047645 0.060226 0.073121 0.083970 0.092162 0.095323 0.092633 0.085529 0.074438 0.060262 0.046092 0.032911 0.021768 0.013564 0.007514 0.003976 0.001894 0.000784 0.000321 0.000077 0.000026 0.000006 0.000005 0.000001 0.000000 0.000000 0.000000 0.000000 
t: 0.001253196931 start: 152 end: 198 0.000001 0.000000 0.000000 0.000002 0.000002 0.000010 0.000021 0.000048 0.000112 0.000224 0.000500 0.000902 0.001818 0.003245 0.005455 0.008797 0.014101 0.020997 0.030504 0.041673 0.054381 0.067597 0.079631 0.089453 0.095618 0.094909 0.089660 0.080435 0.067315 0.052530 0.038394 0.026110 0.016573 0.009590 0.005093 0.002583 0.001083 0.000466 0.000116 0.000034 0.000010 0.000005 0.000002 0.000000 0.000000 0.000000 0.000000 
t: 0.001225000000 start: 152 end: 198 0.000001 0.000000 0.000000 0.000001 0.000002 0.000005 0.000012 0.000033 0.000059 0.000150 0.000366 0.000651 0.001241 0.002451 0.004169 0.007076 0.011329 0.017310 0.025881 0.036347 0.048223 0.062283 0.074939 0.086142 0.093888 0.096722 0.093473 0.085604 0.073334 0.058954 0.044253 0.030898 0.019964 0.012048 0.006500 0.003334 0.001479 0.000610 0.000186 0.000057 0.000017 0.000006 0.000002 0.000000 0.000000 0.000000 0.000000 
t: 0.001198044010 start: 153 end: 198 0.000001 0.000000 0.000000 0.000001 0.000003 0.000007 0.000018 0.000050 0.000086 0.000252 0.000481 0.000892 0.001787 0.003235 0.005525 0.009124 0.014269 0.021736 0.031434 0.042862 0.056529 0.069633 0.082307 0.091646 0.096852 0.096256 0.090447 0.078990 0.065464 0.050108 0.035845 0.023877 0.014596 0.008221 0.004317 0.001927 0.000823 0.000276 0.000080 0.000032 0.000009 0.000002 0.000000 0.000000 0.000000 0.000000 
t: 0.001172248804 start: 154 end: 198 0.000001 0.000000 0.000000 0.000002 0.000002 0.000009 0.000039 0.000064 0.000170 0.000329 0.000656 0.001284 0.002447 0.004364 0.007264 0.011659 0.018210 0.027005 0.037937 0.050759 0.064262 0.077975 0.088708 0.096075 0.098156 0.094153 0.083997 0.071612 0.056056 0.041528 0.027904 0.017619 0.010167 0.005458 0.002504 0.001071 0.000367 0.000130 0.000041 0.000011 0.000005 0.000000 0.000000 0.000000 0.000000 
t: 0.001147540984 start: 156 end: 198 0.000001 0.000000 0.000003 0.000005 0.000024 0.000050 0.000114 0.000233 0.000486 0.000944 0.001819 0.003383 0.005881 0.009506 0.015116 0.023144 0.033005 0.045237 0.058888 0.073337 0.085197 0.094400 0.098756 0.097057 0.089100 0.077475 0.062087 0.046872 0.032478 0.020876 0.012258 0.006806 0.003293 0.001404 0.000518 0.000177 0.000051 0.000013 0.000004 0.000002 0.000000 0.000000 0.000000 
t: 0.001123853211 start: 156 end: 198 0.000001 0.000000 0.000000 0.000005 0.000011 0.000040 0.000076 0.000173 0.000349 0.000692 0.001349 0.002666 0.004720 0.007718 0.012472 0.019563 0.028619 0.040498 0.053406 0.068037 0.081397 0.092040 0.098777 0.099252 0.093056 0.082684 0.068068 0.052768 0.037285 0.024399 0.014533 0.008338 0.004144 0.001822 0.000722 0.000227 0.000068 0.000017 0.000006 0.000002 0.000000 0.000000 0.000000 
t: 0.001101123596 start: 159 end: 198 0.000003 0.000009 0.000022 0.000052 0.000122 0.000243 0.000512 0.001053 0.002008 0.003715 0.006186 0.010471 0.016555 0.024643 0.035710 0.048579 0.062929 0.076885 0.088831 0.097924 0.100452 0.096408 0.087741 0.073782 0.058255 0.042377 0.028439 0.017327 0.009839 0.005233 0.002298 0.000954 0.000312 0.000093 0.000027 0.000007 0.000004 0.000000 0.000000 0.000000 
t: 0.001079295154 start: 159 end: 198 0.000002 0.000003 0.000019 0.000033 0.000088 0.000187 0.000376 0.000783 0.001555 0.002849 0.005092 0.008530 0.013993 0.021265 0.031481 0.043580 0.057764 0.072339 0.085609 0.095680 0.101008 0.099375 0.091603 0.079460 0.063850 0.047475 0.032732 0.020369 0.011859 0.006310 0.002882 0.001258 0.000419 0.000119 0.000038 0.000011 0.000004 0.000000 0.000000 0.000000 
t: 0.001058315335 start: 159 end: 198 0.000001 0.000003 0.000008 0.000023 0.000069 0.000137 0.000290 0.000553 0.001199 0.002204 0.004112 0.007053 0.011793 0.018234 0.027390 0.039276 0.052633 0.067519 0.082067 0.093289 0.100361 0.101560 0.095406 0.084360 0.069252 0.052839 0.037133 0.023715 0.014006 0.007571 0.003552 0.001607 0.000556 0.000166 0.000043 0.000014 0.000006 0.000000 0.000000 0.000000 
t: 0.001038135593 start: 159 end: 198 0.000001 0.000002 0.000007 0.000016 0.000054 0.000088 0.000209 0.000461 0.000846 0.001785 0.003252 0.005846 0.009806 0.015625 0.023670 0.034935 0.048047 0.062676 0.077834 0.090489 0.099211 0.102742 0.098989 0.088684 0.074571 0.058235 0.041784 0.027264 0.016454 0.008998 0.004368 0.001998 0.000764 0.000210 0.000056 0.000016 0.000006 0.000001 0.000000 0.000000 
t: 0.001018711019 start: 159 end: 198 0.000001 0.000000 0.000006 0.000012 0.000039 0.000064 0.000153 0.000340 0.000662 0.001349 0.002644 0.004728 0.008214 0.013300 0.020504 0.031090 0.043488 0.057847 0.073324 0.087218 0.097835 0.103189 0.101339 0.093038 0.079726 0.063395 0.046628 0.031032 0.019137 0.010676 0.005215 0.002434 0.000988 0.000292 0.000063 0.000022 0.000006 0.000002 0.000000 0.000000 
t: 0.001000000000 start: 161 end: 198 0.000005 0.000009 0.000024 0.000055 0.000111 0.000255 0.000526 0.001059 0.002129 0.003757 0.006775 0.011516 0.017649 0.027412 0.039221 0.053169 0.068566 0.083670 0.095598 0.103393 0.103098 0.096843 0.084690 0.068512 0.051303 0.035149 0.021954 0.012560 0.006330 0.002932 0.001220 0.000378 0.000095 0.000024 0.000011 0.000002 0.000000 0.000000 
