t: 0.059999999999 start: 15 end: 52 0.000001 0.000009 0.000042 0.000156 0.000545 0.001633 0.004222 0.009609 0.019853 0.035997 0.058049 0.083941 0.107653 0.124390 0.128959 0.120601 0.101875 0.077695 0.053699 0.033830 0.019159 0.010024 0.004657 0.002170 0.000823 0.000280 0.000091 0.000027 0.000009 0.000001 0.000000 0.000000 0.000000 0.000000 0.000000 0.000000 0.000000 0.000000 
t: 0.054545454544 start: 17 end: 54 0.000001 0.000010 0.000046 0.000177 0.000495 0.001459 0.003726 0.008314 0.016993 0.030990 0.050416 0.073237 0.096372 0.114332 0.123994 0.120813 0.107950 0.086948 0.064324 0.043198 0.026866 0.015084 0.007861 0.003747 0.001639 0.000673 0.000241 0.000064 0.000029 0.000001 0.000000 0.000000 0.000000 0.000000 0.000000 0.000000 0.000000 0.000000 
t: 0.049999999999 start: 19 end: 58 0.000002 0.000009 0.000049 0.000191 0.000492 0.001441 0.003446 0.007603 0.015365 0.027497 0.044552 0.065683 0.087124 0.105845 0.117620 0.119087 0.110113 0.093420 0.072425 0.051607 0.033836 0.020465 0.011442 0.005904 0.002812 0.001191 0.000508 0.000190 0.000056 0.000015 0.000009 0.000001 0.000000 0.000000 0.000000 0.000000 0.000000 0.000000 0.000000 0.000000 
t: 0.046153846153 start: 21 end: 61 0.000003 0.000011 0.000051 0.000189 0.000564 0.001396 0.003434 0.007326 0.014223 0.024984 0.040984 0.060010 0.080296 0.098985 0.111737 0.115494 0.110324 0.097040 0.078152 0.058338 0.040089 0.025320 0.015267 0.008131 0.004283 0.001952 0.000880 0.000359 0.000118 0.000040 0.000014 0.000005 0.000001 0.000000 0.000000 0.000000 0.000000 0.000000 0.000000 0.000000 0.000000 
t: 0.042857142857 start: 22 end: 64 0.000002 0.000003 0.000017 0.000055 0.000218 0.000548 0.001506 0.003433 0.007229 0.013721 0.024095 0.038055 0.055900 0.075726 0.093128 0.106764 0.112306 0.108952 0.098803 0.081563 0.063018 0.044750 0.030148 0.018535 0.010600 0.005792 0.002839 0.001380 0.000561 0.000230 0.000091 0.000025 0.000005 0.000001 0.000000 0.000001 0.000000 0.000000 0.000000 0.000000 0.000000 0.000000 0.000000 
t: 0.040000000000 start: 24 end: 68 0.000003 0.000003 0.000024 0.000072 0.000218 0.000652 0.001602 0.003599 0.007404 0.013537 0.023376 0.036604 0.053073 0.072278 0.089645 0.102609 0.108940 0.107477 0.098632 0.083376 0.065734 0.048871 0.033636 0.021481 0.012860 0.007100 0.003976 0.001817 0.000850 0.000342 0.000140 0.000048 0.000013 0.000004 0.000002 0.000001 0.000001 0.000000 0.000000 0.000000 0.000000 0.000000 0.000000 0.000000 0.000000 
t: 0.037500000000 start: 25 end: 69 0.000002 0.000005 0.000008 0.000031 0.000115 0.000265 0.000778 0.001761 0.003838 0.007648 0.013778 0.023150 0.035953 0.052472 0.069441 0.086508 0.099677 0.105885 0.105498 0.097913 0.083786 0.067644 0.051371 0.036215 0.023947 0.014670 0.008609 0.004695 0.002366 0.001173 0.000481 0.000182 0.000084 0.000032 0.000012 0.000006 0.000001 0.000000 0.000000 0.000000 0.000000 0.000000 0.000000 0.000000 0.000000 
t: 0.035294117647 start: 27 end: 72 0.000001 0.000006 0.000011 0.000042 0.000162 0.000334 0.000853 0.001998 0.004282 0.008098 0.014285 0.023728 0.036389 0.051747 0.068537 0.084513 0.096487 0.103432 0.103615 0.096640 0.083963 0.068252 0.052840 0.037553 0.025347 0.016266 0.009698 0.005528 0.002877 0.001401 0.000654 0.000284 0.000108 0.000042 0.000019 0.000004 0.000003 0.000001 0.000000 0.000000 0.000000 0.000000 0.000000 0.000000 0.000000 0.000000 
t: 0.033333333333 start: 29 end: 74 0.000004 0.000008 0.000020 0.000048 0.000179 0.000469 0.001027 0.002307 0.004783 0.008800 0.015469 0.024616 0.037022 0.052064 0.068271 0.083021 0.095293 0.101547 0.101294 0.094568 0.083139 0.068584 0.052651 0.038583 0.026252 0.017160 0.010369 0.006091 0.003200 0.001691 0.000842 0.000373 0.000151 0.000066 0.000021 0.000012 0.000003 0.000002 0.000000 0.000000 0.000000 0.000000 0.000000 0.000000 0.000000 0.000000 
t: 0.031578947368 start: 31 end: 75 0.000003 0.000010 0.000022 0.000101 0.000257 0.000572 0.001325 0.002712 0.005352 0.009780 0.016654 0.026101 0.038761 0.052615 0.068541 0.083150 0.093741 0.099340 0.099389 0.092837 0.081830 0.067595 0.052262 0.038851 0.026536 0.017377 0.010880 0.006376 0.003474 0.001897 0.000891 0.000441 0.000199 0.000076 0.000033 0.000015 0.000004 0.000000 0.000000 0.000000 0.000000 0.000000 0.000000 0.000000 0.000000 
t: 0.030000000000 start: 33 end: 78 0.000005 0.000005 0.000049 0.000120 0.000328 0.000789 0.001628 0.003243 0.006218 0.011142 0.018105 0.028095 0.040129 0.054963 0.069362 0.083300 0.092795 0.097791 0.096835 0.090670 0.079860 0.065966 0.051499 0.038064 0.026622 0.017600 0.010928 0.006564 0.003663 0.001914 0.000957 0.000431 0.000212 0.000081 0.000046 0.000017 0.000002 0.000002 0.000000 0.000000 0.000000 0.000000 0.000000 0.000000 0.000000 0.000000 
t: 0.028571428571 start: 33 end: 81 0.000001 0.000001 0.000003 0.000023 0.000072 0.000195 0.000424 0.000997 0.002062 0.004021 0.007298 0.012588 0.020168 0.030100 0.042772 0.056942 0.070896 0.083763 0.092788 0.095918 0.094791 0.088444 0.077023 0.063776 0.050104 0.036996 0.025716 0.017445 0.010864 0.006335 0.003651 0.001967 0.001002 0.000470 0.000209 0.000116 0.000038 0.000014 0.000003 0.000002 0.000002 0.000000 0.000000 0.000000 0.000000 0.000000 0.000000 0.000000 0.000000 
t: 0.027272727273 start: 34 end: 84 0.000001 0.000001 0.000003 0.000008 0.000045 0.000097 0.000254 0.000602 0.001265 0.002594 0.004982 0.008616 0.014338 0.022557 0.033211 0.045807 0.059085 0.072956 0.084610 0.092071 0.095419 0.092774 0.084822 0.074104 0.061339 0.047785 0.035227 0.024809 0.016556 0.010363 0.006308 0.003590 0.001910 0.001014 0.000474 0.000235 0.000106 0.000034 0.000020 0.000004 0.000002 0.000001 0.000000 0.000001 0.000000 0.000000 0.000000 0.000000 0.000000 0.000000 0.000000 
t: 0.026086956522 start: 36 end: 85 0.000002 0.000004 0.000003 0.000023 0.000062 0.000158 0.000384 0.000851 0.001665 0.003338 0.005963 0.010397 0.016699 0.025532 0.036366 0.048988 0.062257 0.075207 0.085618 0.091927 0.093553 0.089734 0.082308 0.070783 0.058155 0.044728 0.033356 0.023519 0.015505 0.009877 0.006042 0.003408 0.001806 0.000936 0.000489 0.000202 0.000097 0.000036 0.000011 0.000006 0.000004 0.000000 0.000000 0.000001 0.000000 0.000000 0.000000 0.000000 0.000000 0.000000 
t: 0.025000000000 start: 37 end: 87 0.000001 0.000002 0.000004 0.000016 0.000028 0.000099 0.000245 0.000524 0.001123 0.002243 0.004247 0.007484 0.012483 0.019547 0.028784 0.039913 0.052760 0.065591 0.077762 0.086335 0.091734 0.091475 0.087362 0.078207 0.067205 0.054365 0.042394 0.030952 0.021559 0.014575 0.009156 0.005423 0.003071 0.001630 0.000924 0.000435 0.000195 0.000095 0.000029 0.000018 0.000002 0.000001 0.000002 0.000000 0.000000 0.000000 0.000000 0.000000 0.000000 0.000000 0.000000 
t: 0.024000000000 start: 39 end: 89 0.000003 0.000004 0.000005 0.000029 0.000054 0.000176 0.000374 0.000738 0.001544 0.002939 0.005520 0.009240 0.014890 0.022888 0.032531 0.044145 0.056701 0.069395 0.079867 0.086989 0.091035 0.089881 0.083721 0.074517 0.063029 0.050566 0.038865 0.028611 0.019575 0.013202 0.008272 0.004861 0.002781 0.001511 0.000834 0.000386 0.000198 0.000080 0.000022 0.000013 0.000004 0.000003 0.000000 0.000001 0.000000 0.000000 0.000000 0.000000 0.000000 0.000000 0.000000 
t: 0.023076923077 start: 40 end: 92 0.000001 0.000004 0.000010 0.000011 0.000042 0.000107 0.000245 0.000545 0.001054 0.002196 0.004031 0.006945 0.011661 0.017863 0.026442 0.036715 0.048745 0.061089 0.072505 0.082134 0.087916 0.089711 0.087479 0.080077 0.069928 0.058939 0.046840 0.035297 0.025576 0.017597 0.011641 0.007233 0.004283 0.002448 0.001371 0.000698 0.000362 0.000144 0.000057 0.000038 0.000014 0.000003 0.000001 0.000001 0.000001 0.000000 0.000000 0.000000 0.000000 0.000000 0.000000 0.000000 0.000000 
t: 0.022222222222 start: 41 end: 94 0.000001 0.000001 0.000005 0.000010 0.000021 0.000087 0.000179 0.000397 0.000784 0.001552 0.003005 0.005371 0.009001 0.014378 0.021487 0.030368 0.041512 0.053512 0.065136 0.076028 0.083566 0.088318 0.088659 0.083957 0.076028 0.065769 0.054078 0.042615 0.031670 0.022624 0.015417 0.010113 0.006157 0.003810 0.002114 0.001175 0.000578 0.000273 0.000147 0.000063 0.000019 0.000010 0.000002 0.000001 0.000000 0.000001 0.000001 0.000000 0.000000 0.000000 0.000000 0.000000 0.000000 0.000000 
t: 0.021428571428 start: 44 end: 95 0.000004 0.000008 0.000021 0.000052 0.000143 0.000270 0.000604 0.001181 0.002196 0.004127 0.006971 0.011496 0.017677 0.025310 0.035235 0.046444 0.058929 0.069523 0.079089 0.085078 0.087997 0.086017 0.080403 0.071231 0.060966 0.049569 0.037653 0.028098 0.019516 0.013381 0.008627 0.005355 0.003181 0.001786 0.000955 0.000497 0.000203 0.000117 0.000052 0.000024 0.000007 0.000004 0.000002 0.000000 0.000001 0.000000 0.000000 0.000000 0.000000 0.000000 0.000000 0.000000 
t: 0.020689655172 start: 45 end: 97 0.000003 0.000004 0.000016 0.000030 0.000124 0.000197 0.000419 0.000907 0.001748 0.003175 0.005579 0.009233 0.014311 0.021364 0.029694 0.040839 0.052208 0.063927 0.074045 0.081278 0.085920 0.086787 0.082773 0.075783 0.066555 0.055682 0.044069 0.033570 0.024292 0.016929 0.011263 0.007316 0.004448 0.002588 0.001407 0.000776 0.000387 0.000206 0.000082 0.000037 0.000017 0.000004 0.000005 0.000002 0.000000 0.000000 0.000001 0.000000 0.000000 0.000000 0.000000 0.000000 0.000000 
t: 0.020000000000 start: 46 end: 99 0.000001 0.000004 0.000008 0.000031 0.000068 0.000142 0.000328 0.000693 0.001442 0.002509 0.004402 0.007515 0.011939 0.017843 0.025819 0.035334 0.046478 0.057875 0.068688 0.077598 0.083318 0.085735 0.084618 0.078817 0.071123 0.061216 0.049620 0.039027 0.029286 0.020915 0.014187 0.009594 0.005879 0.003610 0.002022 0.001138 0.000619 0.000282 0.000161 0.000070 0.000023 0.000013 0.000005 0.000003 0.000001 0.000000 0.000001 0.000000 0.000000 0.000000 0.000000 0.000000 0.000000 0.000000 
t: 0.019354838710 start: 48 end: 100 0.000002 0.000003 0.000032 0.000045 0.000114 0.000271 0.000532 0.001079 0.002104 0.003679 0.006202 0.009852 0.015084 0.022260 0.031010 0.041132 0.052981 0.063230 0.072621 0.080369 0.084562 0.084819 0.081138 0.075310 0.065379 0.054989 0.044088 0.034204 0.024707 0.017372 0.012111 0.007773 0.004764 0.002829 0.001549 0.000909 0.000466 0.000237 0.000114 0.000041 0.000027 0.000004 0.000003 0.000002 0.000000 0.000000 0.000000 0.000001 0.000000 0.000000 0.000000 0.000000 0.000000 
t: 0.018750000000 start: 50 end: 102 0.000008 0.000015 0.000041 0.000103 0.000209 0.000414 0.000846 0.001666 0.003093 0.005205 0.008298 0.013058 0.019152 0.027258 0.037169 0.047846 0.058067 0.068104 0.076947 0.082175 0.084830 0.082542 0.077432 0.069243 0.059615 0.049205 0.038615 0.028805 0.021138 0.014518 0.009734 0.006190 0.003666 0.002239 0.001223 0.000679 0.000334 0.000177 0.000091 0.000029 0.000012 0.000003 0.000004 0.000001 0.000000 0.000001 0.000000 0.000000 0.000000 0.000000 0.000000 0.000000 0.000000 
t: 0.018181818182 start: 50 end: 104 0.000002 0.000007 0.000011 0.000032 0.000069 0.000172 0.000303 0.000741 0.001391 0.002604 0.004368 0.007176 0.011262 0.016765 0.024074 0.032931 0.043384 0.053765 0.064079 0.073279 0.079889 0.083101 0.083654 0.079220 0.072000 0.063661 0.053503 0.042967 0.033071 0.024510 0.017388 0.011710 0.007692 0.004765 0.002938 0.001606 0.000959 0.000500 0.000232 0.000122 0.000053 0.000024 0.000014 0.000003 0.000001 0.000001 0.000001 0.000000 0.000000 0.000000 0.000000 0.000000 0.000000 0.000000 0.000000 
t: 0.017647058823 start: 51 end: 105 0.000001 0.000003 0.000012 0.000032 0.000058 0.000133 0.000292 0.000564 0.001212 0.002127 0.003891 0.006089 0.009841 0.014666 0.021470 0.029687 0.039115 0.049743 0.060206 0.069588 0.077193 0.081435 0.083290 0.080561 0.074818 0.067140 0.057288 0.046727 0.036972 0.027874 0.020321 0.013927 0.009430 0.005991 0.003620 0.002141 0.001189 0.000690 0.000335 0.000160 0.000095 0.000037 0.000017 0.000010 0.000005 0.000003 0.000001 0.000000 0.000000 0.000000 0.000000 0.000000 0.000000 0.000000 0.000000 
t: 0.017142857143 start: 53 end: 106 0.000002 0.000015 0.000020 0.000041 0.000120 0.000247 0.000516 0.000992 0.001867 0.003265 0.005403 0.008601 0.013133 0.019126 0.026874 0.035827 0.046089 0.056490 0.066058 0.074324 0.079796 0.082344 0.080957 0.076960 0.069838 0.060723 0.050150 0.040535 0.031328 0.023099 0.016418 0.010957 0.007264 0.004583 0.002656 0.001570 0.000861 0.000481 0.000250 0.000108 0.000063 0.000021 0.000017 0.000007 0.000003 0.000000 0.000001 0.000000 0.000000 0.000000 0.000000 0.000000 0.000000 0.000000 
t: 0.016666666667 start: 54 end: 108 0.000001 0.000014 0.000018 0.000039 0.000104 0.000201 0.000443 0.000860 0.001657 0.002750 0.004749 0.007652 0.011860 0.017318 0.024666 0.032605 0.042656 0.053145 0.063289 0.071234 0.077846 0.080967 0.081144 0.078607 0.072088 0.063062 0.053564 0.043980 0.034366 0.025902 0.018651 0.012856 0.008509 0.005438 0.003395 0.002008 0.001108 0.000596 0.000345 0.000153 0.000085 0.000028 0.000025 0.000009 0.000005 0.000001 0.000001 0.000000 0.000000 0.000000 0.000000 0.000000 0.000000 0.000000 0.000000 
t: 0.016216216216 start: 54 end: 109 0.000001 0.000001 0.000011 0.000013 0.000038 0.000079 0.000171 0.000388 0.000804 0.001446 0.002470 0.004183 0.006954 0.010637 0.015754 0.022316 0.030555 0.040007 0.049911 0.059665 0.069093 0.075826 0.079923 0.081059 0.078623 0.073358 0.066204 0.056545 0.046832 0.037250 0.028605 0.020771 0.014571 0.010009 0.006519 0.003939 0.002426 0.001366 0.000830 0.000422 0.000231 0.000099 0.000045 0.000021 0.000018 0.000005 0.000005 0.000001 0.000000 0.000000 0.000000 0.000000 0.000000 0.000000 0.000000 0.000000 
t: 0.015789473684 start: 54 end: 110 0.000001 0.000000 0.000002 0.000007 0.000014 0.000030 0.000079 0.000174 0.000333 0.000717 0.001272 0.002164 0.003815 0.006252 0.009766 0.014529 0.020441 0.028590 0.037327 0.047438 0.056889 0.066223 0.073539 0.078754 0.081158 0.078594 0.074817 0.067927 0.059300 0.049786 0.039831 0.030703 0.022965 0.016294 0.011381 0.007464 0.004790 0.002929 0.001606 0.000997 0.000542 0.000293 0.000134 0.000062 0.000039 0.000015 0.000013 0.000001 0.000002 0.000001 0.000000 0.000000 0.000000 0.000000 0.000000 0.000000 0.000000 
t: 0.015384615385 start: 54 end: 111 0.000001 0.000000 0.000000 0.000004 0.000002 0.000008 0.000038 0.000065 0.000142 0.000318 0.000619 0.001169 0.002021 0.003531 0.005690 0.009048 0.013230 0.019295 0.026511 0.035403 0.044690 0.054664 0.063876 0.071391 0.077443 0.079941 0.079264 0.076024 0.069322 0.061092 0.052223 0.042370 0.033084 0.024802 0.018087 0.012525 0.008629 0.005546 0.003435 0.001952 0.001179 0.000675 0.000337 0.000175 0.000093 0.000041 0.000026 0.000010 0.000003 0.000003 0.000002 0.000001 0.000000 0.000000 0.000000 0.000000 0.000000 0.000000 
t: 0.015000000000 start: 54 end: 110 0.000001 0.000000 0.000000 0.000000 0.000001 0.000003 0.000015 0.000028 0.000053 0.000130 0.000305 0.000563 0.001056 0.001834 0.003294 0.005329 0.008335 0.012543 0.017830 0.025118 0.033520 0.042481 0.052326 0.062116 0.069736 0.075487 0.079194 0.079023 0.076658 0.070903 0.062805 0.054071 0.044604 0.035021 0.026832 0.019694 0.014003 0.009570 0.006255 0.003879 0.002374 0.001344 0.000803 0.000426 0.000209 0.000118 0.000052 0.000030 0.000014 0.000006 0.000005 0.000003 0.000000 0.000000 0.000000 0.000000 0.000000 
t: 0.014634146341 start: 54 end: 110 0.000001 0.000000 0.000000 0.000000 0.000000 0.000003 0.000002 0.000014 0.000017 0.000061 0.000140 0.000270 0.000503 0.000946 0.001766 0.003051 0.004951 0.007809 0.011775 0.016969 0.023926 0.032031 0.040595 0.050193 0.059832 0.068010 0.074138 0.078289 0.079337 0.076736 0.071548 0.064727 0.055861 0.046412 0.037140 0.028589 0.021049 0.015219 0.010398 0.007040 0.004350 0.002679 0.001632 0.000942 0.000488 0.000267 0.000153 0.000076 0.000035 0.000013 0.000011 0.000005 0.000000 0.000001 0.000000 0.000000 0.000000 
t: 0.014285714286 start: 56 end: 113 0.000001 0.000000 0.000000 0.000002 0.000001 0.000002 0.000010 0.000023 0.000051 0.000139 0.000243 0.000455 0.000928 0.001663 0.002782 0.004748 0.007459 0.011029 0.016256 0.022762 0.030647 0.039451 0.048946 0.057696 0.066196 0.073338 0.077654 0.078146 0.076853 0.073070 0.065084 0.057277 0.048247 0.038892 0.029964 0.022570 0.016396 0.011387 0.007543 0.004927 0.002978 0.001905 0.001040 0.000579 0.000305 0.000181 0.000097 0.000034 0.000021 0.000012 0.000007 0.000003 0.000000 0.000000 0.000000 0.000000 0.000000 0.000000 
t: 0.013953488372 start: 57 end: 114 0.000001 0.000000 0.000000 0.000001 0.000000 0.000003 0.000008 0.000028 0.000047 0.000115 0.000240 0.000455 0.000879 0.001552 0.002729 0.004473 0.007104 0.010697 0.015534 0.021774 0.029526 0.038430 0.047149 0.056532 0.065014 0.072015 0.076203 0.078409 0.077326 0.072911 0.066390 0.058282 0.049482 0.040397 0.031239 0.023870 0.017292 0.012165 0.008287 0.005420 0.003290 0.002136 0.001154 0.000678 0.000357 0.000206 0.000094 0.000057 0.000023 0.000015 0.000004 0.000006 0.000001 0.000000 0.000000 0.000000 0.000000 0.000000 
t: 0.013636363636 start: 59 end: 116 0.000001 0.000000 0.000000 0.000001 0.000005 0.000008 0.000020 0.000043 0.000109 0.000245 0.000461 0.000821 0.001491 0.002599 0.004334 0.006799 0.010472 0.015055 0.021161 0.028565 0.036960 0.046367 0.055240 0.063684 0.070965 0.075438 0.078180 0.076886 0.073693 0.066717 0.059095 0.050772 0.041712 0.032509 0.024756 0.018296 0.012911 0.008917 0.005807 0.003692 0.002246 0.001371 0.000708 0.000418 0.000240 0.000106 0.000066 0.000028 0.000014 0.000010 0.000005 0.000001 0.000000 0.000000 0.000000 0.000000 0.000000 0.000000 
t: 0.013333333333 start: 59 end: 116 0.000001 0.000000 0.000000 0.000000 0.000002 0.000005 0.000003 0.000018 0.000047 0.000110 0.000226 0.000434 0.000818 0.001486 0.002550 0.004217 0.006527 0.010093 0.014841 0.020595 0.027885 0.036167 0.045270 0.054167 0.062945 0.069502 0.075286 0.077107 0.077180 0.073206 0.067954 0.059943 0.051547 0.042246 0.033709 0.026108 0.019038 0.013581 0.009318 0.006219 0.003900 0.002509 0.001433 0.000809 0.000454 0.000277 0.000144 0.000058 0.000030 0.000018 0.000010 0.000005 0.000002 0.000000 0.000000 0.000000 0.000000 0.000000 
t: 0.013043478261 start: 61 end: 120 0.000001 0.000000 0.000001 0.000001 0.000002 0.000009 0.000014 0.000046 0.000103 0.000239 0.000439 0.000835 0.001438 0.002515 0.004122 0.006551 0.009879 0.014468 0.020321 0.027255 0.035453 0.044580 0.053631 0.061734 0.069132 0.074470 0.076517 0.076983 0.073313 0.068091 0.060399 0.052175 0.043395 0.034704 0.026581 0.019837 0.014194 0.009704 0.006433 0.004262 0.002650 0.001555 0.000859 0.000535 0.000294 0.000143 0.000055 0.000045 0.000015 0.000013 0.000007 0.000001 0.000001 0.000000 0.000000 0.000000 0.000000 0.000000 0.000000 0.000000 
t: 0.012765957447 start: 64 end: 121 0.000002 0.000001 0.000004 0.000002 0.000016 0.000057 0.000110 0.000232 0.000431 0.000853 0.001450 0.002481 0.004092 0.006373 0.009762 0.014375 0.019971 0.026784 0.035300 0.044284 0.052604 0.061174 0.068910 0.073129 0.076336 0.076663 0.073334 0.067916 0.061336 0.052509 0.044082 0.035248 0.027191 0.020298 0.014707 0.010097 0.006890 0.004465 0.002750 0.001660 0.000966 0.000538 0.000310 0.000157 0.000069 0.000047 0.000017 0.000010 0.000004 0.000003 0.000000 0.000000 0.000000 0.000000 0.000000 0.000000 0.000000 0.000000 
t: 0.012500000000 start: 65 end: 122 0.000001 0.000002 0.000004 0.000008 0.000017 0.000067 0.000112 0.000230 0.000436 0.000853 0.001514 0.002518 0.004069 0.006432 0.009632 0.014073 0.019829 0.026731 0.035020 0.043901 0.052396 0.060711 0.068139 0.072649 0.075850 0.076199 0.073014 0.068319 0.061359 0.053164 0.044336 0.035706 0.027875 0.020622 0.015300 0.010341 0.006991 0.004655 0.002970 0.001710 0.001014 0.000571 0.000333 0.000162 0.000077 0.000054 0.000017 0.000010 0.000004 0.000003 0.000000 0.000000 0.000000 0.000000 0.000000 0.000000 0.000000 0.000000 
t: 0.012244897959 start: 66 end: 124 0.000001 0.000002 0.000003 0.000012 0.000023 0.000046 0.000129 0.000229 0.000452 0.000858 0.001505 0.002576 0.004120 0.006497 0.009774 0.013897 0.019646 0.026667 0.035069 0.043409 0.052180 0.060702 0.067613 0.072501 0.075529 0.075519 0.073046 0.068202 0.061543 0.053046 0.044853 0.036114 0.027668 0.021248 0.015424 0.010725 0.007209 0.004831 0.002944 0.001805 0.001099 0.000589 0.000340 0.000184 0.000085 0.000045 0.000025 0.000007 0.000007 0.000001 0.000001 0.000000 0.000000 0.000000 0.000000 0.000000 0.000000 0.000000 0.000000 
t: 0.012000000000 start: 67 end: 123 0.000001 0.000000 0.000005 0.000014 0.000020 0.000065 0.000120 0.000240 0.000481 0.000868 0.001540 0.002536 0.004264 0.006640 0.009694 0.014028 0.019951 0.026899 0.034669 0.043433 0.052088 0.060074 0.067577 0.072370 0.075260 0.074951 0.072889 0.068047 0.061318 0.053453 0.044964 0.036004 0.028155 0.021372 0.015432 0.010959 0.007376 0.004792 0.003083 0.001914 0.001130 0.000623 0.000343 0.000183 0.000092 0.000048 0.000019 0.000009 0.000004 0.000003 0.000000 0.000000 0.000000 0.000000 0.000000 0.000000 0.000000 
t: 0.011764705882 start: 69 end: 125 0.000003 0.000004 0.000015 0.000017 0.000072 0.000123 0.000253 0.000538 0.000895 0.001544 0.002665 0.004416 0.006770 0.009768 0.014261 0.020197 0.026859 0.034968 0.043355 0.052170 0.060168 0.067387 0.072208 0.074570 0.075092 0.072489 0.068114 0.061244 0.053153 0.044431 0.036209 0.028125 0.021481 0.015499 0.010986 0.007363 0.004904 0.003234 0.001956 0.001117 0.000657 0.000367 0.000190 0.000086 0.000037 0.000023 0.000011 0.000005 0.000001 0.000000 0.000000 0.000000 0.000000 0.000000 0.000000 0.000000 0.000000 
t: 0.011538461538 start: 69 end: 126 0.000001 0.000002 0.000003 0.000011 0.000034 0.000063 0.000127 0.000273 0.000570 0.000947 0.001629 0.002780 0.004452 0.006769 0.010030 0.014711 0.020469 0.027357 0.034919 0.043602 0.052405 0.060138 0.067651 0.071746 0.074655 0.074650 0.072080 0.067986 0.060889 0.052747 0.044454 0.035777 0.028145 0.021411 0.015574 0.010819 0.007496 0.004960 0.003225 0.001931 0.001127 0.000668 0.000352 0.000189 0.000090 0.000047 0.000021 0.000012 0.000004 0.000002 0.000000 0.000000 0.000000 0.000000 0.000000 0.000000 0.000000 0.000000 
t: 0.011320754717 start: 71 end: 128 0.000002 0.000006 0.000009 0.000039 0.000074 0.000135 0.000298 0.000596 0.000975 0.001720 0.002904 0.004480 0.007079 0.010233 0.015156 0.020840 0.027524 0.035497 0.043952 0.052629 0.060820 0.067499 0.071663 0.074621 0.074505 0.071610 0.067456 0.060207 0.052508 0.043932 0.035451 0.028108 0.021234 0.015367 0.010868 0.007440 0.004970 0.003114 0.001935 0.001134 0.000658 0.000369 0.000200 0.000092 0.000052 0.000019 0.000012 0.000006 0.000001 0.000001 0.000000 0.000000 0.000000 0.000000 0.000000 0.000000 0.000000 0.000000 
t: 0.011111111111 start: 72 end: 128 0.000001 0.000006 0.000018 0.000036 0.000078 0.000164 0.000324 0.000597 0.001071 0.001824 0.003041 0.004697 0.007172 0.010745 0.015558 0.021286 0.028323 0.036042 0.044405 0.052942 0.061046 0.067727 0.071860 0.074200 0.074082 0.071628 0.066287 0.059916 0.052136 0.043096 0.035568 0.027636 0.020820 0.015099 0.010861 0.007309 0.004921 0.003088 0.001861 0.001098 0.000711 0.000335 0.000190 0.000087 0.000064 0.000023 0.000014 0.000005 0.000000 0.000002 0.000000 0.000000 0.000000 0.000000 0.000000 0.000000 0.000000 
t: 0.010909090909 start: 73 end: 130 0.000003 0.000007 0.000014 0.000040 0.000078 0.000181 0.000360 0.000633 0.001123 0.001980 0.003212 0.004910 0.007478 0.011223 0.015958 0.021985 0.028941 0.036686 0.044954 0.053552 0.061599 0.067546 0.072076 0.074355 0.073846 0.070809 0.065958 0.059127 0.051165 0.043076 0.034846 0.026892 0.020557 0.015104 0.010530 0.007115 0.004722 0.003018 0.001867 0.001113 0.000633 0.000334 0.000196 0.000096 0.000059 0.000028 0.000007 0.000004 0.000002 0.000002 0.000000 0.000000 0.000000 0.000000 0.000000 0.000000 0.000000 0.000000 
t: 0.010714285714 start: 74 end: 131 0.000004 0.000004 0.000024 0.000044 0.000095 0.000195 0.000409 0.000678 0.001216 0.002116 0.003332 0.005177 0.007953 0.011752 0.016496 0.022542 0.029780 0.037514 0.045888 0.054405 0.061860 0.067850 0.072191 0.073854 0.073745 0.070226 0.065422 0.058255 0.050558 0.042212 0.034017 0.026568 0.019967 0.014603 0.010232 0.007041 0.004539 0.002983 0.001853 0.001075 0.000612 0.000321 0.000198 0.000104 0.000058 0.000011 0.000010 0.000007 0.000003 0.000001 0.000000 0.000000 0.000000 0.000000 0.000000 0.000000 0.000000 0.000000 
t: 0.010526315789 start: 74 end: 132 0.000001 0.000004 0.000009 0.000020 0.000046 0.000121 0.000215 0.000458 0.000744 0.001296 0.002210 0.003539 0.005512 0.008494 0.012311 0.017334 0.023172 0.030676 0.038499 0.046831 0.055276 0.062298 0.068038 0.072426 0.074201 0.073034 0.069741 0.064383 0.057475 0.049428 0.041318 0.033146 0.025976 0.019492 0.014229 0.009988 0.006695 0.004398 0.002922 0.001713 0.001078 0.000555 0.000327 0.000187 0.000110 0.000029 0.000026 0.000010 0.000005 0.000003 0.000001 0.000000 0.000000 0.000000 0.000000 0.000000 0.000000 0.000000 0.000000 
t: 0.010344827586 start: 74 end: 132 0.000001 0.000000 0.000004 0.000012 0.000028 0.000057 0.000125 0.000274 0.000456 0.000829 0.001397 0.002353 0.003808 0.005909 0.008986 0.013071 0.018016 0.024183 0.031521 0.039691 0.047848 0.055975 0.062694 0.068679 0.072780 0.074149 0.072229 0.069251 0.063600 0.056325 0.048320 0.040324 0.032593 0.024859 0.019032 0.013671 0.009515 0.006509 0.004301 0.002805 0.001637 0.000947 0.000551 0.000338 0.000189 0.000076 0.000040 0.000022 0.000011 0.000006 0.000002 0.000000 0.000001 0.000000 0.000000 0.000000 0.000000 0.000000 0.000000 
t: 0.010169491525 start: 74 end: 134 0.000001 0.000000 0.000001 0.000004 0.000016 0.000025 0.000072 0.000149 0.000306 0.000484 0.000935 0.001547 0.002548 0.004017 0.006477 0.009546 0.013625 0.019235 0.025332 0.032637 0.040518 0.048800 0.057117 0.063485 0.069219 0.072731 0.073784 0.072284 0.068237 0.062467 0.055023 0.047675 0.038841 0.031479 0.024310 0.018349 0.012992 0.009097 0.006298 0.004095 0.002616 0.001588 0.000876 0.000533 0.000286 0.000178 0.000080 0.000044 0.000024 0.000011 0.000003 0.000001 0.000001 0.000001 0.000000 0.000000 0.000000 0.000000 0.000000 0.000000 0.000000 
t: 0.010000000000 start: 75 end: 134 0.000001 0.000000 0.000001 0.000008 0.000016 0.000044 0.000074 0.000168 0.000299 0.000603 0.000988 0.001721 0.002806 0.004398 0.006887 0.010163 0.014670 0.019993 0.026555 0.033669 0.041970 0.050310 0.058059 0.064200 0.069738 0.072508 0.074014 0.071614 0.067350 0.061285 0.054152 0.046079 0.037596 0.030040 0.023616 0.017415 0.012569 0.008669 0.005995 0.003904 0.002492 0.001437 0.000851 0.000480 0.000283 0.000149 0.000088 0.000042 0.000017 0.000009 0.000002 0.000001 0.000002 0.000000 0.000000 0.000000 0.000000 0.000000 0.000000 0.000000 
t: 0.008448275866 start: 83 end: 144 0.000001 0.000001 0.000009 0.000007 0.000020 0.000048 0.000090 0.000130 0.000272 0.000522 0.000930 0.001589 0.002533 0.004017 0.006194 0.009124 0.012949 0.017612 0.023648 0.030677 0.038170 0.045911 0.054205 0.060353 0.066149 0.070301 0.071788 0.071190 0.068312 0.063460 0.056830 0.050022 0.042251 0.034549 0.027335 0.020925 0.015453 0.010959 0.007756 0.005231 0.003406 0.002112 0.001279 0.000782 0.000419 0.000243 0.000107 0.000053 0.000043 0.000014 0.000014 0.000002 0.000002 0.000001 0.000000 0.000000 0.000000 0.000000 0.000000 0.000000 0.000000 0.000000 
t: 0.007313432839 start: 88 end: 150 0.000001 0.000000 0.000002 0.000002 0.000003 0.000010 0.000029 0.000053 0.000091 0.000171 0.000306 0.000556 0.000915 0.001502 0.002518 0.004003 0.005972 0.008691 0.012784 0.017167 0.022887 0.029484 0.036723 0.044661 0.052242 0.059184 0.064825 0.068609 0.070532 0.070711 0.068059 0.063985 0.058347 0.051061 0.044046 0.036166 0.028748 0.022017 0.016643 0.012310 0.008428 0.005921 0.003698 0.002429 0.001488 0.000913 0.000511 0.000287 0.000143 0.000077 0.000048 0.000025 0.000010 0.000002 0.000003 0.000001 0.000000 0.000000 0.000000 0.000000 0.000000 0.000000 0.000000 
t: 0.006447368423 start: 94 end: 156 0.000001 0.000000 0.000002 0.000001 0.000006 0.000012 0.000026 0.000042 0.000103 0.000173 0.000288 0.000563 0.000884 0.001617 0.002477 0.003828 0.005846 0.008505 0.012345 0.016512 0.022294 0.028413 0.035979 0.043508 0.050717 0.057433 0.063666 0.067992 0.070152 0.070552 0.068310 0.064359 0.059237 0.052285 0.044841 0.037231 0.030042 0.023317 0.017577 0.012827 0.009114 0.006373 0.004142 0.002549 0.001637 0.000989 0.000569 0.000318 0.000175 0.000084 0.000059 0.000012 0.000013 0.000001 0.000001 0.000000 0.000001 0.000000 0.000000 0.000000 0.000000 0.000000 0.000000 
t: 0.005764705884 start: 100 end: 161 0.000001 0.000001 0.000000 0.000011 0.000007 0.000017 0.000037 0.000076 0.000146 0.000313 0.000451 0.000824 0.001339 0.002239 0.003421 0.005149 0.007676 0.010956 0.015216 0.020384 0.026534 0.033197 0.040658 0.048206 0.055534 0.061794 0.066801 0.069826 0.070529 0.068738 0.066446 0.060508 0.055032 0.047018 0.039809 0.032384 0.025340 0.019467 0.014197 0.010336 0.007063 0.004729 0.002976 0.001965 0.001165 0.000660 0.000401 0.000213 0.000103 0.000050 0.000031 0.000016 0.000007 0.000001 0.000002 0.000000 0.000000 0.000000 0.000000 0.000000 0.000000 0.000000 
t: 0.005212765959 start: 105 end: 165 0.000002 0.000000 0.000001 0.000007 0.000015 0.000023 0.000057 0.000099 0.000188 0.000318 0.000581 0.001011 0.001577 0.002548 0.003915 0.006035 0.008798 0.012182 0.016617 0.022419 0.028876 0.035672 0.042994 0.050890 0.057867 0.063681 0.068124 0.070167 0.070098 0.068743 0.064606 0.059245 0.052139 0.044546 0.037484 0.029706 0.023099 0.017567 0.012731 0.009032 0.006090 0.004017 0.002584 0.001510 0.000966 0.000562 0.000290 0.000166 0.000084 0.000042 0.000021 0.000005 0.000002 0.000000 0.000001 0.000000 0.000000 0.000000 0.000000 0.000000 0.000000 
t: 0.004757281555 start: 108 end: 169 0.000002 0.000000 0.000001 0.000002 0.000005 0.000007 0.000017 0.000052 0.000090 0.000180 0.000284 0.000514 0.000905 0.001508 0.002402 0.003762 0.005616 0.008249 0.012019 0.016079 0.021457 0.028038 0.034999 0.042352 0.050359 0.056824 0.063209 0.067706 0.070266 0.070868 0.069329 0.065404 0.060058 0.053161 0.045670 0.037717 0.030353 0.023859 0.017797 0.012992 0.009120 0.006240 0.004129 0.002589 0.001602 0.001035 0.000571 0.000295 0.000167 0.000083 0.000031 0.000013 0.000008 0.000002 0.000003 0.000000 0.000000 0.000000 0.000000 0.000000 0.000000 0.000000 
t: 0.004375000001 start: 110 end: 170 0.000001 0.000000 0.000000 0.000000 0.000002 0.000002 0.000008 0.000020 0.000028 0.000058 0.000114 0.000213 0.000355 0.000606 0.001008 0.001717 0.002835 0.004175 0.006418 0.009369 0.013147 0.017762 0.023374 0.030248 0.037373 0.045179 0.053154 0.059315 0.065411 0.068906 0.071350 0.071068 0.068240 0.064157 0.058073 0.050669 0.042884 0.034911 0.027933 0.021204 0.015888 0.011340 0.007891 0.005186 0.003402 0.002151 0.001264 0.000758 0.000404 0.000238 0.000101 0.000052 0.000017 0.000010 0.000008 0.000003 0.000000 0.000000 0.000000 0.000000 0.000000 
t: 0.004049586778 start: 114 end: 174 0.000001 0.000000 0.000000 0.000001 0.000004 0.000008 0.000005 0.000030 0.000042 0.000094 0.000142 0.000300 0.000511 0.000926 0.001518 0.002338 0.003670 0.005728 0.008292 0.011721 0.016345 0.021682 0.028526 0.035188 0.042781 0.050617 0.057978 0.064311 0.068909 0.071475 0.071750 0.069995 0.065766 0.060042 0.052521 0.045056 0.037140 0.029718 0.022918 0.016773 0.011991 0.008364 0.005747 0.003675 0.002295 0.001399 0.000829 0.000424 0.000255 0.000104 0.000051 0.000025 0.000016 0.000001 0.000002 0.000000 0.000000 0.000000 0.000000 0.000000 0.000000 
t: 0.003769230770 start: 119 end: 180 0.000001 0.000000 0.000003 0.000004 0.000013 0.000020 0.000051 0.000071 0.000163 0.000296 0.000518 0.000906 0.001458 0.002305 0.003703 0.005678 0.008313 0.011742 0.016574 0.022047 0.028275 0.035771 0.043186 0.051189 0.058326 0.064833 0.069892 0.072218 0.072618 0.070240 0.066077 0.059632 0.052303 0.044668 0.036536 0.029026 0.022053 0.016403 0.011630 0.007929 0.005180 0.003389 0.002052 0.001221 0.000728 0.000395 0.000187 0.000103 0.000044 0.000015 0.000009 0.000003 0.000001 0.000001 0.000001 0.000000 0.000000 0.000000 0.000000 0.000000 0.000000 0.000000 
t: 0.003525179857 start: 122 end: 181 0.000001 0.000002 0.000005 0.000007 0.000014 0.000015 0.000061 0.000083 0.000172 0.000352 0.000577 0.001042 0.001670 0.002644 0.004201 0.006192 0.009268 0.013037 0.017958 0.023685 0.030612 0.038297 0.046087 0.053944 0.060879 0.067197 0.070967 0.073479 0.072702 0.069789 0.064625 0.057436 0.049867 0.041993 0.033682 0.026138 0.019693 0.014434 0.009930 0.006666 0.004261 0.002695 0.001660 0.000924 0.000562 0.000267 0.000124 0.000058 0.000030 0.000008 0.000003 0.000005 0.000000 0.000000 0.000000 0.000000 0.000000 0.000000 0.000000 0.000000 
t: 0.003310810811 start: 124 end: 184 0.000001 0.000001 0.000004 0.000005 0.000006 0.000021 0.000030 0.000077 0.000119 0.000247 0.000439 0.000786 0.001268 0.002081 0.003363 0.005305 0.007568 0.011240 0.015423 0.020782 0.027610 0.035176 0.042586 0.050620 0.058422 0.065201 0.070219 0.073149 0.073764 0.072261 0.067098 0.061016 0.053236 0.045733 0.036961 0.029243 0.021971 0.016027 0.011133 0.007588 0.004948 0.003145 0.001832 0.001066 0.000617 0.000330 0.000154 0.000073 0.000037 0.000011 0.000005 0.000001 0.000000 0.000001 0.000000 0.000000 0.000000 0.000000 0.000000 0.000000 0.000000 
t: 0.003121019109 start: 127 end: 185 0.000002 0.000003 0.000002 0.000003 0.000010 0.000030 0.000068 0.000113 0.000199 0.000387 0.000642 0.001009 0.001928 0.003035 0.004537 0.006854 0.010045 0.014423 0.019390 0.025785 0.032902 0.040956 0.049571 0.056668 0.064628 0.069656 0.073689 0.074721 0.072814 0.068809 0.062920 0.055916 0.046908 0.038740 0.030430 0.023008 0.016739 0.011875 0.007993 0.005163 0.003178 0.001917 0.001115 0.000597 0.000320 0.000176 0.000077 0.000026 0.000019 0.000003 0.000000 0.000000 0.000001 0.000000 0.000000 0.000000 0.000000 0.000000 0.000000 
t: 0.002951807229 start: 130 end: 188 0.000001 0.000004 0.000003 0.000007 0.000026 0.000056 0.000106 0.000190 0.000338 0.000579 0.001064 0.001789 0.002791 0.004490 0.006572 0.009836 0.013806 0.018866 0.025503 0.032571 0.040982 0.049070 0.057136 0.064443 0.070124 0.074233 0.075171 0.073953 0.069624 0.064059 0.055822 0.047378 0.038499 0.030394 0.022713 0.016578 0.011457 0.007925 0.004871 0.002979 0.001867 0.001054 0.000546 0.000272 0.000129 0.000075 0.000025 0.000020 0.000001 0.000001 0.000001 0.000000 0.000000 0.000000 0.000000 0.000000 0.000000 0.000000 0.000000 
t: 0.002800000000 start: 133 end: 189 0.000004 0.000003 0.000018 0.000026 0.000054 0.000098 0.000209 0.000364 0.000627 0.001001 0.001776 0.002957 0.004563 0.006864 0.010067 0.014188 0.019675 0.026011 0.033668 0.041771 0.050008 0.058435 0.065717 0.071598 0.075469 0.076028 0.074176 0.069671 0.063138 0.054986 0.045878 0.037109 0.028866 0.021546 0.015453 0.010707 0.006959 0.004311 0.002710 0.001577 0.000858 0.000415 0.000248 0.000104 0.000050 0.000026 0.000011 0.000001 0.000001 0.000000 0.000000 0.000000 0.000000 0.000000 0.000000 0.000000 0.000000 
t: 0.002663043479 start: 134 end: 190 0.000001 0.000003 0.000012 0.000011 0.000040 0.000056 0.000102 0.000220 0.000393 0.000657 0.001167 0.002006 0.003141 0.004954 0.007505 0.010956 0.015378 0.021035 0.027866 0.035640 0.043961 0.052920 0.060702 0.068214 0.073620 0.076536 0.076506 0.073832 0.068282 0.061379 0.052622 0.043361 0.034544 0.026275 0.019452 0.013557 0.009082 0.005816 0.003664 0.002056 0.001221 0.000648 0.000322 0.000153 0.000082 0.000029 0.000015 0.000004 0.000002 0.000000 0.000000 0.000000 0.000000 0.000000 0.000000 0.000000 0.000000 
t: 0.002538860104 start: 136 end: 191 0.000003 0.000004 0.000007 0.000020 0.000034 0.000075 0.000129 0.000245 0.000469 0.000810 0.001361 0.002242 0.003693 0.005742 0.008567 0.012423 0.017153 0.023541 0.030442 0.038895 0.047601 0.056374 0.065042 0.071150 0.075904 0.077305 0.076233 0.072346 0.066429 0.058050 0.048950 0.039388 0.030711 0.023206 0.016542 0.011136 0.007343 0.004560 0.002689 0.001518 0.000835 0.000447 0.000195 0.000114 0.000050 0.000019 0.000004 0.000004 0.000000 0.000000 0.000000 0.000000 0.000000 0.000000 0.000000 0.000000 
t: 0.002425742574 start: 137 end: 192 0.000001 0.000004 0.000005 0.000008 0.000027 0.000049 0.000091 0.000170 0.000322 0.000578 0.001038 0.001749 0.002768 0.004516 0.006800 0.010212 0.014416 0.019971 0.026589 0.034953 0.043608 0.052562 0.061197 0.068582 0.074553 0.077885 0.077669 0.075439 0.070046 0.062448 0.053228 0.044023 0.034563 0.026247 0.019313 0.013170 0.008559 0.005524 0.003206 0.001906 0.000991 0.000516 0.000268 0.000143 0.000055 0.000021 0.000008 0.000003 0.000000 0.000000 0.000000 0.000000 0.000000 0.000000 0.000000 0.000000 
t: 0.002322274882 start: 139 end: 195 0.000001 0.000004 0.000004 0.000023 0.000043 0.000053 0.000109 0.000253 0.000451 0.000779 0.001346 0.002159 0.003648 0.005730 0.008481 0.012412 0.017412 0.023898 0.031460 0.040210 0.049327 0.058199 0.066401 0.073203 0.077660 0.078892 0.077207 0.073123 0.065798 0.057063 0.047367 0.038062 0.028811 0.021297 0.014842 0.010001 0.006176 0.003634 0.002115 0.001185 0.000596 0.000318 0.000135 0.000072 0.000024 0.000013 0.000001 0.000001 0.000001 0.000000 0.000000 0.000000 0.000000 0.000000 0.000000 0.000000 0.000000 
t: 0.002227272727 start: 139 end: 195 0.000001 0.000000 0.000001 0.000005 0.000014 0.000036 0.000047 0.000095 0.000181 0.000344 0.000603 0.001094 0.001832 0.003004 0.004964 0.007204 0.010892 0.015699 0.021562 0.029138 0.037328 0.046569 0.056428 0.064679 0.072131 0.077284 0.079205 0.079024 0.075324 0.068418 0.059592 0.050433 0.040508 0.030901 0.023081 0.015879 0.010877 0.006711 0.004056 0.002336 0.001225 0.000697 0.000330 0.000159 0.000069 0.000029 0.000006 0.000001 0.000003 0.000001 0.000000 0.000000 0.000000 0.000000 0.000000 0.000000 0.000000 
t: 0.002139737991 start: 140 end: 196 0.000001 0.000000 0.000003 0.000003 0.000008 0.000021 0.000035 0.000080 0.000137 0.000282 0.000501 0.000932 0.001548 0.002634 0.004255 0.006431 0.009897 0.014348 0.020149 0.027083 0.035365 0.044778 0.054506 0.063630 0.071230 0.077263 0.079595 0.080230 0.077001 0.070715 0.061355 0.052369 0.042101 0.033144 0.023921 0.016915 0.011127 0.007080 0.004327 0.002414 0.001291 0.000698 0.000324 0.000168 0.000059 0.000030 0.000009 0.000004 0.000002 0.000001 0.000000 0.000000 0.000000 0.000000 0.000000 0.000000 0.000000 
t: 0.002058823530 start: 143 end: 199 0.000003 0.000003 0.000001 0.000017 0.000030 0.000064 0.000127 0.000240 0.000450 0.000787 0.001387 0.002333 0.003826 0.005939 0.009088 0.013638 0.018887 0.026188 0.034214 0.043307 0.053578 0.062721 0.070790 0.076466 0.080757 0.081223 0.078094 0.071994 0.063309 0.053603 0.043560 0.033468 0.024595 0.017204 0.011599 0.007182 0.004391 0.002382 0.001298 0.000672 0.000322 0.000162 0.000066 0.000024 0.000004 0.000003 0.000002 0.000001 0.000001 0.000000 0.000000 0.000000 0.000000 0.000000 0.000000 0.000000 0.000000 
t: 0.001983805668 start: 143 end: 199 0.000001 0.000001 0.000003 0.000002 0.000009 0.000031 0.000046 0.000115 0.000233 0.000375 0.000723 0.001288 0.002191 0.003543 0.005644 0.008608 0.012656 0.018625 0.025447 0.033695 0.042946 0.052577 0.062590 0.070380 0.076925 0.081891 0.081854 0.079175 0.072887 0.064168 0.054413 0.043865 0.033826 0.024685 0.017237 0.011329 0.007072 0.004267 0.002289 0.001264 0.000578 0.000312 0.000150 0.000053 0.000020 0.000005 0.000003 0.000002 0.000001 0.000000 0.000000 0.000000 0.000000 0.000000 0.000000 0.000000 0.000000 
t: 0.001914062500 start: 144 end: 200 0.000001 0.000001 0.000002 0.000005 0.000012 0.000022 0.000040 0.000106 0.000211 0.000373 0.000678 0.001200 0.002092 0.003415 0.005499 0.008316 0.012528 0.018294 0.025257 0.033636 0.042432 0.052942 0.062675 0.070782 0.078265 0.082187 0.083059 0.079675 0.073221 0.064709 0.054425 0.043288 0.033696 0.024405 0.016769 0.010790 0.006755 0.003959 0.002196 0.001056 0.000570 0.000267 0.000115 0.000046 0.000019 0.000006 0.000001 0.000001 0.000001 0.000000 0.000000 0.000000 0.000000 0.000000 0.000000 0.000000 0.000000 
t: 0.001849056604 start: 146 end: 200 0.000002 0.000003 0.000004 0.000011 0.000018 0.000045 0.000100 0.000192 0.000370 0.000669 0.001167 0.001975 0.003433 0.005402 0.008436 0.012514 0.018343 0.025548 0.033840 0.043385 0.053319 0.063423 0.072014 0.079061 0.083173 0.083580 0.080137 0.073425 0.064325 0.053618 0.042963 0.032418 0.023475 0.015845 0.010248 0.006168 0.003570 0.001961 0.000953 0.000532 0.000177 0.000096 0.000043 0.000012 0.000005 0.000001 0.000001 0.000000 0.000000 0.000000 0.000000 0.000000 0.000000 0.000000 0.000000 
t: 0.001788321168 start: 147 end: 200 0.000002 0.000004 0.000005 0.000009 0.000024 0.000052 0.000089 0.000186 0.000378 0.000671 0.001184 0.002034 0.003396 0.005438 0.008730 0.013034 0.018895 0.026009 0.034698 0.044080 0.054837 0.064672 0.073711 0.080077 0.084189 0.084210 0.080088 0.073110 0.063360 0.052569 0.041557 0.030866 0.021944 0.014766 0.009174 0.005651 0.003226 0.001593 0.000852 0.000362 0.000148 0.000080 0.000020 0.000013 0.000006 0.000001 0.000000 0.000000 0.000000 0.000000 0.000000 0.000000 0.000000 0.000000 
t: 0.001731448763 start: 148 end: 201 0.000001 0.000005 0.000007 0.000010 0.000018 0.000059 0.000100 0.000181 0.000397 0.000720 0.001246 0.002067 0.003490 0.005813 0.008954 0.013700 0.019614 0.026932 0.035838 0.046172 0.056237 0.066939 0.075225 0.081986 0.085386 0.084183 0.079697 0.071710 0.062237 0.050487 0.039586 0.029282 0.020308 0.013179 0.008216 0.004850 0.002706 0.001305 0.000658 0.000290 0.000130 0.000047 0.000019 0.000011 0.000001 0.000001 0.000000 0.000000 0.000000 0.000000 0.000000 0.000000 0.000000 0.000000 
t: 0.001678082192 start: 149 end: 201 0.000002 0.000003 0.000008 0.000008 0.000028 0.000054 0.000107 0.000211 0.000415 0.000770 0.001392 0.002191 0.003799 0.006063 0.009608 0.014443 0.020743 0.028423 0.037637 0.047788 0.059301 0.068754 0.077710 0.083877 0.085833 0.084438 0.078931 0.070434 0.059863 0.048387 0.036874 0.026837 0.018109 0.011681 0.007122 0.004090 0.002121 0.001076 0.000503 0.000218 0.000086 0.000041 0.000018 0.000002 0.000001 0.000000 0.000000 0.000000 0.000000 0.000000 0.000000 0.000000 0.000000 
t: 0.001627906977 start: 149 end: 201 0.000001 0.000001 0.000004 0.000005 0.000011 0.000025 0.000064 0.000111 0.000233 0.000490 0.000816 0.001438 0.002439 0.004054 0.006684 0.010437 0.015438 0.022349 0.030169 0.039914 0.050841 0.061814 0.071795 0.080150 0.085220 0.086789 0.084009 0.077468 0.068604 0.057135 0.045140 0.033959 0.023853 0.016320 0.009870 0.005964 0.003269 0.001707 0.000803 0.000355 0.000142 0.000072 0.000032 0.000004 0.000002 0.000000 0.000000 0.000000 0.000000 0.000000 0.000000 0.000000 0.000000 
t: 0.001580645161 start: 150 end: 202 0.000001 0.000001 0.000004 0.000012 0.000005 0.000032 0.000062 0.000140 0.000287 0.000506 0.000940 0.001580 0.002701 0.004525 0.007384 0.011416 0.017071 0.024053 0.032828 0.042735 0.054026 0.065025 0.074955 0.082144 0.086870 0.087353 0.083085 0.076133 0.065187 0.053688 0.041940 0.030465 0.021142 0.013701 0.008370 0.004805 0.002603 0.001258 0.000541 0.000262 0.000104 0.000047 0.000009 0.000003 0.000001 0.000000 0.000000 0.000000 0.000000 0.000000 0.000000 0.000000 0.000000 
t: 0.001536050157 start: 151 end: 202 0.000001 0.000004 0.000003 0.000005 0.000021 0.000030 0.000068 0.000163 0.000312 0.000614 0.000997 0.001793 0.003075 0.005191 0.008260 0.012713 0.019023 0.026323 0.035495 0.046619 0.057236 0.068778 0.078271 0.084722 0.088457 0.086797 0.081696 0.073251 0.061951 0.049734 0.037994 0.026895 0.017987 0.011456 0.006812 0.003805 0.001907 0.000870 0.000418 0.000160 0.000059 0.000028 0.000004 0.000002 0.000000 0.000000 0.000000 0.000000 0.000000 0.000000 0.000000 0.000000 
t: 0.001493902439 start: 151 end: 202 0.000001 0.000001 0.000002 0.000004 0.000010 0.000015 0.000040 0.000078 0.000187 0.000419 0.000644 0.001148 0.002083 0.003619 0.006063 0.009392 0.014426 0.021109 0.029058 0.039237 0.050059 0.061797 0.072648 0.081385 0.087536 0.088977 0.086445 0.079264 0.069693 0.057695 0.045440 0.033546 0.023016 0.015137 0.009329 0.005308 0.002817 0.001355 0.000612 0.000257 0.000096 0.000038 0.000011 0.000002 0.000001 0.000000 0.000000 0.000000 0.000000 0.000000 0.000000 0.000000 
t: 0.001454005935 start: 152 end: 202 0.000002 0.000001 0.000000 0.000004 0.000013 0.000030 0.000042 0.000080 0.000255 0.000449 0.000768 0.001370 0.002502 0.004326 0.006752 0.010963 0.016640 0.023705 0.032357 0.043464 0.054234 0.066503 0.076320 0.085240 0.089482 0.089381 0.084466 0.076470 0.065358 0.052897 0.040556 0.028747 0.019599 0.012306 0.007296 0.003910 0.001934 0.000937 0.000386 0.000170 0.000063 0.000015 0.000005 0.000002 0.000000 0.000000 0.000000 0.000000 0.000000 0.000000 0.000000 
t: 0.001416184971 start: 153 end: 202 0.000003 0.000000 0.000001 0.000008 0.000018 0.000019 0.000058 0.000141 0.000273 0.000535 0.000941 0.001701 0.003046 0.005054 0.008040 0.012967 0.018933 0.026771 0.036601 0.047600 0.059566 0.070679 0.081349 0.087911 0.090821 0.088376 0.082534 0.072050 0.060524 0.047934 0.035069 0.024575 0.015740 0.009647 0.005392 0.002775 0.001380 0.000569 0.000263 0.000096 0.000032 0.000006 0.000001 0.000001 0.000000 0.000000 0.000000 0.000000 0.000000 0.000000 
t: 0.001380281690 start: 154 end: 202 0.000001 0.000001 0.000004 0.000006 0.000017 0.000040 0.000084 0.000188 0.000338 0.000628 0.001164 0.002095 0.003635 0.006080 0.009837 0.014857 0.021895 0.030822 0.041138 0.052625 0.064607 0.076453 0.085146 0.090520 0.090854 0.087238 0.078568 0.067528 0.055069 0.041787 0.029979 0.019907 0.012479 0.007174 0.003853 0.001922 0.000879 0.000358 0.000159 0.000052 0.000009 0.000003 0.000001 0.000000 0.000000 0.000000 0.000000 0.000000 0.000000 
t: 0.001346153846 start: 154 end: 202 0.000001 0.000001 0.000002 0.000003 0.000011 0.000030 0.000049 0.000111 0.000240 0.000403 0.000814 0.001531 0.002547 0.004463 0.007514 0.011597 0.017661 0.025402 0.035317 0.045930 0.058344 0.070838 0.081323 0.088489 0.091697 0.090747 0.084569 0.073973 0.062086 0.048774 0.035811 0.024571 0.015804 0.009329 0.005286 0.002630 0.001232 0.000531 0.000225 0.000094 0.000012 0.000007 0.000001 0.000000 0.000000 0.000000 0.000000 0.000000 0.000000 
t: 0.001313672922 start: 156 end: 202 0.000002 0.000000 0.000011 0.000014 0.000030 0.000072 0.000148 0.000266 0.000577 0.001042 0.001853 0.003304 0.005633 0.009074 0.013957 0.020885 0.029848 0.039980 0.051897 0.064918 0.076304 0.085581 0.091680 0.092564 0.088964 0.080103 0.068929 0.055554 0.042084 0.029647 0.019665 0.011936 0.006905 0.003615 0.001692 0.000777 0.000314 0.000135 0.000029 0.000010 0.000001 0.000000 0.000000 0.000000 0.000000 0.000000 0.000000 
t: 0.001282722513 start: 156 end: 202 0.000001 0.000000 0.000002 0.000017 0.000018 0.000040 0.000101 0.000178 0.000381 0.000744 0.001321 0.002409 0.004265 0.006949 0.011239 0.016852 0.024855 0.034464 0.045796 0.058834 0.070907 0.082182 0.089600 0.093497 0.091866 0.085549 0.075088 0.062556 0.048580 0.035067 0.023969 0.015062 0.008729 0.004802 0.002333 0.001043 0.000446 0.000189 0.000049 0.000018 0.000002 0.000000 0.000000 0.000000 0.000000 0.000000 0.000000 
t: 0.001253196931 start: 158 end: 202 0.000002 0.000008 0.000011 0.000028 0.000078 0.000122 0.000236 0.000497 0.001012 0.001713 0.003228 0.005363 0.008693 0.013744 0.020813 0.029155 0.040098 0.052415 0.065212 0.077746 0.087407 0.092681 0.093957 0.089884 0.080827 0.069334 0.054954 0.040728 0.028675 0.018519 0.011089 0.006187 0.003185 0.001407 0.000619 0.000261 0.000081 0.000026 0.000004 0.000001 0.000000 0.000000 0.000000 0.000000 0.000000 
t: 0.001225000000 start: 158 end: 202 0.000001 0.000003 0.000011 0.000019 0.000041 0.000091 0.000154 0.000335 0.000734 0.001280 0.002318 0.004180 0.006733 0.010952 0.017188 0.024778 0.034749 0.046564 0.059484 0.072249 0.084434 0.090871 0.094776 0.092878 0.086206 0.075377 0.061745 0.046707 0.033682 0.022459 0.013696 0.007870 0.004148 0.001944 0.000841 0.000350 0.000105 0.000037 0.000006 0.000004 0.000000 0.000000 0.000000 0.000000 0.000000 
t: 0.001198044010 start: 159 end: 202 0.000003 0.000006 0.000012 0.000028 0.000054 0.000120 0.000224 0.000508 0.000937 0.001713 0.003140 0.005326 0.008722 0.013965 0.020932 0.029785 0.041249 0.053735 0.067114 0.079591 0.088902 0.094311 0.095292 0.090157 0.080916 0.068297 0.052953 0.038878 0.026818 0.016766 0.009832 0.005361 0.002543 0.001110 0.000486 0.000153 0.000048 0.000008 0.000005 0.000000 0.000000 0.000000 0.000000 0.000000 
t: 0.001172248804 start: 159 end: 202 0.000001 0.000003 0.000007 0.000018 0.000038 0.000079 0.000147 0.000390 0.000660 0.001243 0.002455 0.004139 0.006894 0.011298 0.017341 0.025738 0.035922 0.048250 0.061525 0.074632 0.086101 0.093331 0.096408 0.093311 0.086050 0.074292 0.059201 0.044512 0.031203 0.020157 0.012144 0.006809 0.003298 0.001484 0.000610 0.000222 0.000066 0.000014 0.000007 0.000000 0.000000 0.000000 0.000000 0.000000 
t: 0.001147540984 start: 159 end: 202 0.000001 0.000002 0.000003 0.000013 0.000021 0.000059 0.000101 0.000242 0.000534 0.000893 0.001816 0.003238 0.005451 0.009192 0.014374 0.021874 0.030952 0.043211 0.056120 0.069700 0.081956 0.091678 0.096522 0.095996 0.089964 0.079921 0.065571 0.050128 0.036073 0.023869 0.014758 0.008362 0.004248 0.001906 0.000819 0.000304 0.000096 0.000023 0.000008 0.000000 0.000001 0.000000 0.000000 0.000000 
t: 0.001123853211 start: 159 end: 202 0.000001 0.000002 0.000001 0.000009 0.000012 0.000039 0.000073 0.000170 0.000381 0.000678 0.001331 0.002503 0.004302 0.007372 0.011945 0.018403 0.026891 0.037935 0.050927 0.064767 0.077509 0.089180 0.095667 0.097681 0.093562 0.084787 0.071385 0.056124 0.041048 0.027910 0.017721 0.010196 0.005354 0.002469 0.001086 0.000413 0.000120 0.000034 0.000010 0.000001 0.000001 0.000000 0.000000 0.000000 
t: 0.001101123596 start: 160 end: 202 0.000002 0.000001 0.000005 0.000012 0.000021 0.000043 0.000123 0.000270 0.000555 0.000991 0.001878 0.003378 0.005892 0.009843 0.015298 0.023395 0.033356 0.045688 0.059668 0.072927 0.085741 0.094304 0.098438 0.096442 0.089188 0.076876 0.062108 0.046404 0.031917 0.020954 0.012348 0.006576 0.003197 0.001381 0.000554 0.000167 0.000045 0.000010 0.000003 0.000001 0.000000 0.000000 0.000000 
t: 0.001079295154 start: 160 end: 202 0.000002 0.000000 0.000004 0.000007 0.000013 0.000030 0.000076 0.000201 0.000392 0.000752 0.001460 0.002681 0.004753 0.008092 0.012882 0.019745 0.029307 0.040828 0.054439 0.068434 0.081489 0.092311 0.098090 0.098894 0.093177 0.081965 0.067760 0.051824 0.036523 0.024395 0.014658 0.007993 0.004044 0.001757 0.000708 0.000228 0.000068 0.000013 0.000004 0.000001 0.000000 0.000000 0.000000 
t: 0.001058315335 start: 160 end: 202 0.000001 0.000000 0.000002 0.000007 0.000011 0.000016 0.000050 0.000138 0.000295 0.000556 0.001108 0.002161 0.003691 0.006664 0.010756 0.016764 0.025491 0.036443 0.049067 0.063850 0.077669 0.089333 0.097033 0.100153 0.096597 0.086671 0.073199 0.057388 0.041531 0.027949 0.017306 0.009566 0.004977 0.002219 0.000906 0.000313 0.000092 0.000022 0.000004 0.000001 0.000000 0.000000 0.000000 
t: 0.001038135593 start: 161 end: 202 0.000001 0.000002 0.000004 0.000009 0.000013 0.000043 0.000084 0.000214 0.000412 0.000867 0.001641 0.003016 0.005342 0.008813 0.014566 0.021760 0.032294 0.044549 0.058842 0.073254 0.086671 0.095397 0.099903 0.099508 0.091145 0.078390 0.062400 0.046809 0.032039 0.020094 0.011400 0.005973 0.002831 0.001141 0.000419 0.000115 0.000034 0.000003 0.000002 0.000000 0.000000 0.000000 
t: 0.001018711019 start: 162 end: 202 0.000001 0.000002 0.000006 0.000012 0.000031 0.000057 0.000155 0.000312 0.000653 0.001285 0.002376 0.004404 0.007246 0.012229 0.018886 0.028589 0.039855 0.054043 0.068570 0.083416 0.093402 0.099774 0.101026 0.094939 0.083572 0.067756 0.051580 0.036311 0.023126 0.013558 0.007163 0.003498 0.001420 0.000528 0.000164 0.000044 0.000009 0.000002 0.000000 0.000000 0.000000 
t: 0.001000000000 start: 163 end: 202 0.000001 0.000003 0.000011 0.000025 0.000037 0.000118 0.000210 0.000489 0.001012 0.001886 0.003497 0.006036 0.010333 0.016268 0.025043 0.035730 0.049345 0.064187 0.079054 0.091033 0.099487 0.101931 0.097924 0.087937 0.073359 0.056634 0.040562 0.026499 0.015745 0.008628 0.004233 0.001745 0.000709 0.000215 0.000060 0.000012 0.000002 0.000000 0.000000 0.000000 
