t: 0.059999999999 start: 15 end: 52 0.000002 0.000011 0.000035 0.000152 0.000515 0.001481 0.004056 0.009467 0.019598 0.035505 0.057370 0.083104 0.106848 0.123321 0.129005 0.120884 0.102325 0.078275 0.055090 0.034534 0.019853 0.010314 0.004857 0.002118 0.000799 0.000324 0.000121 0.000029 0.000006 0.000001 0.000000 0.000000 0.000000 0.000000 0.000000 0.000000 0.000000 0.000000 
t: 0.054545454544 start: 17 end: 56 0.000001 0.000005 0.000040 0.000154 0.000474 0.001355 0.003606 0.008179 0.016822 0.030375 0.049182 0.072222 0.095563 0.113302 0.123017 0.121702 0.107725 0.087831 0.065396 0.044861 0.027685 0.015716 0.008055 0.003869 0.001741 0.000714 0.000264 0.000104 0.000032 0.000006 0.000001 0.000001 0.000000 0.000000 0.000000 0.000000 0.000000 0.000000 0.000000 0.000000 
t: 0.049999999999 start: 20 end: 58 0.000009 0.000056 0.000144 0.000441 0.001331 0.003359 0.007452 0.015011 0.026735 0.043694 0.064735 0.085858 0.104917 0.116976 0.118467 0.110153 0.094061 0.073920 0.053453 0.034977 0.021210 0.011803 0.006267 0.002849 0.001266 0.000546 0.000211 0.000071 0.000018 0.000009 0.000000 0.000001 0.000000 0.000000 0.000000 0.000000 0.000000 0.000000 0.000000 
t: 0.046153846153 start: 21 end: 61 0.000003 0.000013 0.000057 0.000162 0.000484 0.001298 0.003230 0.007020 0.013771 0.024664 0.039865 0.058614 0.078992 0.098384 0.110559 0.115485 0.109878 0.097664 0.079916 0.059726 0.041249 0.026576 0.015823 0.008764 0.004323 0.002045 0.000875 0.000344 0.000142 0.000046 0.000023 0.000003 0.000002 0.000000 0.000000 0.000000 0.000000 0.000000 0.000000 0.000000 0.000000 
t: 0.042857142857 start: 23 end: 64 0.000005 0.000018 0.000058 0.000207 0.000486 0.001394 0.003141 0.006748 0.013232 0.023191 0.037475 0.054717 0.073999 0.092230 0.105573 0.111711 0.109381 0.099460 0.082989 0.064595 0.046433 0.031013 0.019387 0.011248 0.005986 0.002954 0.001426 0.000557 0.000248 0.000094 0.000029 0.000009 0.000005 0.000001 0.000000 0.000000 0.000000 0.000000 0.000000 0.000000 0.000000 0.000000 
t: 0.040000000000 start: 24 end: 66 0.000001 0.000007 0.000024 0.000077 0.000238 0.000588 0.001435 0.003261 0.006850 0.013236 0.022255 0.035808 0.052255 0.070890 0.087637 0.101243 0.108667 0.107847 0.099448 0.084774 0.067896 0.050128 0.034719 0.022429 0.013357 0.007542 0.003902 0.001958 0.000900 0.000401 0.000145 0.000053 0.000022 0.000006 0.000001 0.000000 0.000000 0.000000 0.000000 0.000000 0.000000 0.000000 0.000000 
t: 0.037500000000 start: 26 end: 68 0.000002 0.000007 0.000026 0.000088 0.000276 0.000667 0.001597 0.003634 0.007182 0.013173 0.022402 0.035328 0.050461 0.068680 0.084681 0.097914 0.105528 0.105303 0.098204 0.085739 0.069885 0.053180 0.037380 0.024998 0.015282 0.008919 0.004849 0.002557 0.001151 0.000541 0.000230 0.000081 0.000038 0.000013 0.000004 0.000000 0.000000 0.000000 0.000000 0.000000 0.000000 0.000000 0.000000 
t: 0.035294117647 start: 28 end: 72 0.000003 0.000010 0.000033 0.000112 0.000346 0.000815 0.001908 0.003876 0.007585 0.013784 0.022591 0.035402 0.050461 0.066932 0.082667 0.095912 0.103019 0.102578 0.096844 0.085691 0.070617 0.054589 0.039284 0.026334 0.017043 0.010127 0.005687 0.003069 0.001459 0.000746 0.000278 0.000116 0.000050 0.000025 0.000004 0.000001 0.000002 0.000000 0.000000 0.000000 0.000000 0.000000 0.000000 0.000000 0.000000 
t: 0.033333333333 start: 30 end: 74 0.000004 0.000015 0.000053 0.000161 0.000430 0.000973 0.002203 0.004383 0.008299 0.014651 0.023672 0.035856 0.050303 0.066419 0.081911 0.093998 0.100870 0.100707 0.095396 0.084282 0.070722 0.054718 0.040237 0.027805 0.018072 0.010929 0.006279 0.003408 0.001753 0.000833 0.000386 0.000167 0.000063 0.000028 0.000010 0.000003 0.000001 0.000000 0.000000 0.000000 0.000000 0.000000 0.000000 0.000000 0.000000 
t: 0.031578947368 start: 30 end: 76 0.000001 0.000001 0.000009 0.000027 0.000078 0.000211 0.000555 0.001220 0.002546 0.005065 0.009064 0.015842 0.025061 0.036966 0.051295 0.066982 0.081352 0.092461 0.098535 0.099530 0.093060 0.083271 0.069384 0.054779 0.040465 0.028175 0.018470 0.011433 0.006758 0.003784 0.001882 0.000966 0.000436 0.000195 0.000083 0.000040 0.000012 0.000004 0.000002 0.000000 0.000000 0.000000 0.000000 0.000000 0.000000 0.000000 0.000000 
t: 0.030000000000 start: 31 end: 78 0.000001 0.000001 0.000009 0.000008 0.000051 0.000117 0.000296 0.000711 0.001529 0.003096 0.005753 0.010340 0.017266 0.026636 0.038684 0.052834 0.068112 0.081179 0.091992 0.097354 0.097311 0.091321 0.081222 0.067264 0.054011 0.039925 0.027774 0.018550 0.011767 0.007014 0.003875 0.002085 0.001007 0.000519 0.000223 0.000096 0.000045 0.000016 0.000004 0.000002 0.000000 0.000000 0.000000 0.000000 0.000000 0.000000 0.000000 0.000000 
t: 0.028571428571 start: 32 end: 79 0.000002 0.000000 0.000004 0.000007 0.000025 0.000064 0.000171 0.000407 0.000856 0.001942 0.003672 0.006862 0.011871 0.019189 0.028523 0.041091 0.055085 0.069399 0.082024 0.091408 0.096064 0.094918 0.089405 0.078169 0.066054 0.051606 0.038958 0.027132 0.018262 0.011707 0.006946 0.003996 0.002127 0.001139 0.000508 0.000254 0.000092 0.000035 0.000018 0.000005 0.000003 0.000000 0.000000 0.000000 0.000000 0.000000 0.000000 0.000000 
t: 0.027272727273 start: 34 end: 82 0.000001 0.000001 0.000007 0.000012 0.000039 0.000089 0.000251 0.000537 0.001149 0.002426 0.004600 0.008143 0.013626 0.021353 0.031429 0.043819 0.057475 0.071284 0.082791 0.091284 0.094885 0.093390 0.086292 0.075526 0.063028 0.049522 0.036909 0.026443 0.017554 0.011299 0.006717 0.003938 0.002107 0.001106 0.000511 0.000265 0.000112 0.000049 0.000019 0.000010 0.000000 0.000002 0.000000 0.000000 0.000000 0.000000 0.000000 0.000000 0.000000 
t: 0.026086956522 start: 35 end: 84 0.000001 0.000000 0.000003 0.000009 0.000023 0.000072 0.000147 0.000325 0.000744 0.001533 0.003162 0.005732 0.009513 0.015840 0.024114 0.034719 0.046879 0.060113 0.073370 0.084347 0.091498 0.093123 0.090494 0.083312 0.072440 0.060123 0.046914 0.035082 0.024881 0.016681 0.010646 0.006397 0.003773 0.001989 0.001045 0.000511 0.000235 0.000127 0.000051 0.000018 0.000010 0.000002 0.000002 0.000000 0.000000 0.000000 0.000000 0.000000 0.000000 0.000000 
t: 0.025000000000 start: 37 end: 86 0.000001 0.000000 0.000005 0.000016 0.000033 0.000098 0.000221 0.000470 0.001086 0.002040 0.003893 0.006924 0.011574 0.018297 0.027543 0.038212 0.050567 0.063610 0.075975 0.085003 0.090997 0.091541 0.087999 0.080301 0.068820 0.056083 0.044520 0.032719 0.023010 0.015380 0.009896 0.005915 0.003510 0.001855 0.000960 0.000493 0.000237 0.000117 0.000050 0.000018 0.000004 0.000004 0.000003 0.000000 0.000000 0.000000 0.000000 0.000000 0.000000 0.000000 
t: 0.024000000000 start: 38 end: 88 0.000001 0.000000 0.000001 0.000009 0.000027 0.000058 0.000132 0.000308 0.000692 0.001441 0.002796 0.005094 0.008550 0.013979 0.021220 0.030880 0.042328 0.054689 0.067160 0.078261 0.086129 0.090329 0.090141 0.084641 0.076599 0.065167 0.052550 0.040642 0.030204 0.021062 0.014206 0.008721 0.005363 0.003170 0.001735 0.000886 0.000441 0.000217 0.000102 0.000038 0.000022 0.000006 0.000001 0.000002 0.000000 0.000000 0.000000 0.000000 0.000000 0.000000 0.000000 
t: 0.023076923077 start: 41 end: 90 0.000002 0.000004 0.000013 0.000032 0.000099 0.000203 0.000481 0.001036 0.001945 0.003725 0.006410 0.010731 0.016694 0.024911 0.034928 0.046565 0.058492 0.071099 0.079974 0.087253 0.089667 0.087868 0.081523 0.072237 0.060884 0.048666 0.037192 0.027326 0.018994 0.012533 0.007956 0.004809 0.002701 0.001464 0.000841 0.000387 0.000191 0.000097 0.000038 0.000019 0.000009 0.000001 0.000000 0.000000 0.000000 0.000000 0.000000 0.000000 0.000000 0.000000 
t: 0.022222222222 start: 43 end: 91 0.000002 0.000012 0.000024 0.000057 0.000156 0.000338 0.000732 0.001431 0.002710 0.004857 0.008316 0.013289 0.020050 0.028935 0.039378 0.051221 0.062966 0.073620 0.082711 0.087472 0.089025 0.084982 0.077343 0.067815 0.056485 0.044265 0.033511 0.024354 0.017045 0.010937 0.006866 0.004101 0.002306 0.001313 0.000706 0.000338 0.000178 0.000078 0.000053 0.000015 0.000007 0.000000 0.000000 0.000000 0.000000 0.000000 0.000000 0.000000 0.000000 
t: 0.021428571428 start: 44 end: 95 0.000002 0.000008 0.000013 0.000047 0.000109 0.000266 0.000523 0.001069 0.001981 0.003796 0.006341 0.010601 0.016349 0.023948 0.033471 0.044392 0.055679 0.067722 0.076931 0.084581 0.087351 0.086893 0.081384 0.073104 0.062885 0.051562 0.039779 0.030103 0.021572 0.014689 0.009429 0.005729 0.003473 0.001991 0.001066 0.000621 0.000275 0.000132 0.000076 0.000035 0.000012 0.000004 0.000004 0.000002 0.000000 0.000000 0.000000 0.000000 0.000000 0.000000 0.000000 0.000000 
t: 0.020689655172 start: 45 end: 98 0.000001 0.000003 0.000008 0.000031 0.000083 0.000201 0.000379 0.000795 0.001632 0.002776 0.005153 0.008270 0.013364 0.020209 0.028295 0.038328 0.049590 0.060969 0.071505 0.080216 0.085364 0.087041 0.083738 0.077459 0.068027 0.057963 0.046462 0.035586 0.026311 0.018599 0.012476 0.008068 0.004820 0.002824 0.001628 0.000873 0.000496 0.000231 0.000124 0.000060 0.000025 0.000007 0.000005 0.000003 0.000001 0.000001 0.000000 0.000000 0.000000 0.000000 0.000000 0.000000 0.000000 0.000000 
t: 0.020000000000 start: 46 end: 99 0.000001 0.000001 0.000006 0.000024 0.000079 0.000136 0.000286 0.000585 0.001213 0.002234 0.004043 0.006793 0.011027 0.016717 0.024260 0.033403 0.043614 0.054906 0.066194 0.075230 0.082672 0.085641 0.085009 0.080265 0.072847 0.063086 0.052285 0.041701 0.031144 0.022567 0.015851 0.010490 0.006577 0.003983 0.002361 0.001298 0.000744 0.000367 0.000197 0.000084 0.000048 0.000016 0.000007 0.000006 0.000001 0.000000 0.000001 0.000000 0.000000 0.000000 0.000000 0.000000 0.000000 0.000000 
t: 0.019354838710 start: 48 end: 100 0.000002 0.000004 0.000022 0.000052 0.000100 0.000226 0.000456 0.000946 0.001785 0.003327 0.005532 0.009176 0.013887 0.020734 0.028999 0.038797 0.049813 0.060688 0.070749 0.078920 0.083481 0.084783 0.082206 0.076320 0.067616 0.057745 0.046732 0.036055 0.027274 0.019285 0.013023 0.008620 0.005309 0.003302 0.001847 0.001063 0.000554 0.000288 0.000155 0.000074 0.000025 0.000018 0.000005 0.000004 0.000000 0.000000 0.000000 0.000001 0.000000 0.000000 0.000000 0.000000 0.000000 
t: 0.018750000000 start: 49 end: 103 0.000001 0.000005 0.000015 0.000032 0.000100 0.000165 0.000368 0.000736 0.001461 0.002612 0.004604 0.007651 0.011947 0.017731 0.025405 0.034453 0.044845 0.055770 0.065771 0.075288 0.081106 0.083735 0.083550 0.078612 0.071470 0.061985 0.051570 0.040921 0.031563 0.023051 0.015921 0.010669 0.006853 0.004395 0.002580 0.001414 0.000777 0.000450 0.000222 0.000111 0.000048 0.000021 0.000009 0.000003 0.000001 0.000002 0.000000 0.000001 0.000000 0.000000 0.000000 0.000000 0.000000 0.000000 0.000000 
t: 0.018181818182 start: 50 end: 104 0.000002 0.000004 0.000004 0.000030 0.000081 0.000150 0.000287 0.000596 0.001187 0.002145 0.003832 0.006474 0.010160 0.015552 0.022375 0.030764 0.040708 0.051301 0.061192 0.070524 0.078534 0.082721 0.083695 0.080127 0.074270 0.065696 0.056205 0.045217 0.035710 0.026665 0.018985 0.012963 0.008642 0.005642 0.003349 0.001912 0.001067 0.000638 0.000298 0.000171 0.000064 0.000034 0.000012 0.000007 0.000005 0.000000 0.000002 0.000001 0.000000 0.000000 0.000000 0.000000 0.000000 0.000000 0.000000 
t: 0.017647058823 start: 50 end: 105 0.000002 0.000000 0.000001 0.000007 0.000019 0.000058 0.000116 0.000234 0.000510 0.001014 0.001828 0.003168 0.005535 0.008739 0.013586 0.019880 0.027674 0.036805 0.047178 0.057202 0.067167 0.075282 0.080622 0.082759 0.081444 0.076196 0.068918 0.059928 0.049578 0.039399 0.030460 0.022126 0.015415 0.010521 0.006840 0.004178 0.002519 0.001403 0.000814 0.000457 0.000209 0.000106 0.000056 0.000027 0.000011 0.000005 0.000001 0.000000 0.000002 0.000000 0.000001 0.000000 0.000000 0.000000 0.000000 0.000000 
t: 0.017142857143 start: 51 end: 107 0.000001 0.000002 0.000000 0.000005 0.000024 0.000049 0.000093 0.000195 0.000443 0.000854 0.001576 0.002764 0.004655 0.007712 0.011905 0.017600 0.024745 0.033957 0.043012 0.054055 0.063383 0.071796 0.078842 0.081521 0.081542 0.078293 0.071321 0.063281 0.053626 0.043005 0.033351 0.025112 0.018310 0.012319 0.008217 0.005096 0.003319 0.001781 0.001058 0.000568 0.000317 0.000142 0.000084 0.000038 0.000017 0.000010 0.000001 0.000001 0.000001 0.000001 0.000000 0.000000 0.000000 0.000000 0.000000 0.000000 0.000000 
t: 0.016666666667 start: 52 end: 107 0.000001 0.000002 0.000000 0.000006 0.000014 0.000040 0.000081 0.000169 0.000380 0.000716 0.001395 0.002429 0.004078 0.006820 0.010548 0.015753 0.022478 0.030653 0.040284 0.050354 0.060047 0.069419 0.076104 0.080255 0.081131 0.078974 0.073652 0.066055 0.056862 0.046450 0.036633 0.028082 0.020625 0.014417 0.009651 0.006182 0.004032 0.002277 0.001369 0.000740 0.000442 0.000204 0.000100 0.000050 0.000029 0.000009 0.000004 0.000003 0.000001 0.000000 0.000000 0.000000 0.000000 0.000000 0.000000 0.000000 
t: 0.016216216216 start: 54 end: 109 0.000002 0.000003 0.000004 0.000017 0.000037 0.000064 0.000148 0.000333 0.000633 0.001257 0.002036 0.003739 0.006033 0.009374 0.014458 0.020434 0.028053 0.037529 0.047305 0.057116 0.066021 0.073829 0.079059 0.080632 0.079841 0.074981 0.068089 0.059493 0.049923 0.039641 0.030845 0.022840 0.016427 0.011066 0.007444 0.004665 0.002889 0.001642 0.001022 0.000537 0.000298 0.000122 0.000067 0.000026 0.000014 0.000008 0.000002 0.000002 0.000000 0.000000 0.000000 0.000000 0.000000 0.000000 0.000000 0.000000 
t: 0.015789473684 start: 55 end: 110 0.000001 0.000003 0.000006 0.000015 0.000027 0.000054 0.000127 0.000288 0.000595 0.001049 0.001889 0.003259 0.005432 0.008666 0.013102 0.018872 0.026431 0.034797 0.044287 0.054023 0.063546 0.071553 0.077363 0.080063 0.079782 0.076208 0.069822 0.062083 0.052189 0.042954 0.033267 0.025207 0.018200 0.012761 0.008527 0.005477 0.003452 0.002007 0.001182 0.000690 0.000408 0.000173 0.000084 0.000042 0.000019 0.000012 0.000004 0.000002 0.000000 0.000000 0.000000 0.000000 0.000000 0.000000 0.000000 0.000000 
t: 0.015384615385 start: 56 end: 112 0.000001 0.000004 0.000005 0.000009 0.000030 0.000043 0.000117 0.000276 0.000495 0.000958 0.001727 0.002920 0.004959 0.007728 0.012069 0.017534 0.024567 0.032956 0.041551 0.051753 0.060952 0.069215 0.075888 0.079207 0.079695 0.076967 0.071419 0.063702 0.054716 0.045177 0.035777 0.027530 0.020051 0.014480 0.009559 0.006300 0.004039 0.002429 0.001465 0.000800 0.000466 0.000251 0.000113 0.000054 0.000017 0.000019 0.000004 0.000004 0.000002 0.000000 0.000000 0.000000 0.000000 0.000000 0.000000 0.000000 0.000000 
t: 0.015000000000 start: 57 end: 115 0.000001 0.000003 0.000008 0.000007 0.000023 0.000052 0.000137 0.000223 0.000462 0.000867 0.001607 0.002708 0.004540 0.007173 0.011011 0.016344 0.023212 0.030926 0.039743 0.049402 0.058629 0.067404 0.074178 0.078414 0.079120 0.077309 0.072558 0.065280 0.056830 0.047406 0.038083 0.029453 0.022012 0.015653 0.010742 0.007213 0.004570 0.002849 0.001721 0.000966 0.000566 0.000302 0.000164 0.000070 0.000033 0.000013 0.000005 0.000005 0.000001 0.000001 0.000001 0.000000 0.000000 0.000000 0.000000 0.000000 0.000000 0.000000 0.000000 
t: 0.014634146341 start: 58 end: 115 0.000002 0.000002 0.000006 0.000011 0.000017 0.000059 0.000108 0.000229 0.000413 0.000792 0.001421 0.002467 0.004284 0.006693 0.010380 0.015408 0.021727 0.029506 0.038038 0.047574 0.056579 0.065365 0.072668 0.077318 0.078735 0.077693 0.073213 0.066743 0.058599 0.049043 0.040060 0.031399 0.023611 0.016981 0.012000 0.007866 0.005224 0.003306 0.001989 0.001134 0.000624 0.000368 0.000183 0.000088 0.000045 0.000021 0.000003 0.000003 0.000001 0.000000 0.000001 0.000000 0.000000 0.000000 0.000000 0.000000 0.000000 0.000000 
t: 0.014285714286 start: 59 end: 116 0.000001 0.000003 0.000003 0.000013 0.000020 0.000045 0.000122 0.000203 0.000381 0.000758 0.001351 0.002438 0.003872 0.006288 0.009861 0.014570 0.020838 0.027891 0.036593 0.045691 0.054803 0.063949 0.070953 0.076079 0.078579 0.077429 0.073935 0.068090 0.059948 0.050639 0.041884 0.032857 0.025182 0.018375 0.013016 0.008741 0.005748 0.003677 0.002246 0.001315 0.000785 0.000411 0.000225 0.000109 0.000040 0.000030 0.000008 0.000002 0.000002 0.000000 0.000000 0.000001 0.000000 0.000000 0.000000 0.000000 0.000000 0.000000 
t: 0.013953488372 start: 61 end: 118 0.000003 0.000007 0.000010 0.000021 0.000055 0.000092 0.000200 0.000384 0.000703 0.001272 0.002313 0.003752 0.006029 0.009414 0.013812 0.019688 0.026899 0.035137 0.044335 0.053407 0.062327 0.069893 0.075117 0.077357 0.077879 0.074546 0.068910 0.060840 0.052520 0.042876 0.034561 0.026336 0.019432 0.014087 0.009541 0.006349 0.004043 0.002500 0.001507 0.000872 0.000487 0.000248 0.000139 0.000043 0.000033 0.000014 0.000007 0.000001 0.000001 0.000000 0.000000 0.000001 0.000000 0.000000 0.000000 0.000000 0.000000 0.000000 
t: 0.013636363636 start: 62 end: 120 0.000002 0.000007 0.000009 0.000022 0.000045 0.000095 0.000180 0.000376 0.000679 0.001241 0.002163 0.003631 0.005845 0.008990 0.013392 0.019043 0.025983 0.034054 0.042856 0.052079 0.061283 0.068444 0.073997 0.077444 0.077159 0.074508 0.069630 0.062354 0.053459 0.044560 0.035415 0.027685 0.020464 0.014860 0.010239 0.006927 0.004460 0.002699 0.001653 0.000944 0.000539 0.000292 0.000145 0.000077 0.000041 0.000021 0.000003 0.000003 0.000001 0.000001 0.000000 0.000000 0.000000 0.000001 0.000000 0.000000 0.000000 0.000000 0.000000 
t: 0.013333333333 start: 63 end: 120 0.000003 0.000003 0.000009 0.000022 0.000042 0.000105 0.000168 0.000339 0.000685 0.001214 0.002119 0.003486 0.005604 0.008766 0.012898 0.018548 0.025234 0.033133 0.041818 0.051241 0.059576 0.067595 0.073626 0.076603 0.077106 0.074729 0.069971 0.063008 0.054513 0.045268 0.036763 0.028693 0.021386 0.015537 0.010890 0.007493 0.004761 0.002879 0.001890 0.001075 0.000543 0.000320 0.000177 0.000092 0.000037 0.000021 0.000003 0.000003 0.000004 0.000000 0.000000 0.000000 0.000001 0.000000 0.000000 0.000000 0.000000 0.000000 
t: 0.013043478261 start: 64 end: 122 0.000001 0.000006 0.000008 0.000025 0.000052 0.000101 0.000164 0.000330 0.000667 0.001185 0.002074 0.003364 0.005503 0.008504 0.012663 0.018230 0.024536 0.032537 0.041310 0.050095 0.058490 0.066685 0.072915 0.076086 0.077275 0.074466 0.070256 0.063350 0.055162 0.046492 0.037569 0.029631 0.022012 0.016231 0.011583 0.007691 0.005083 0.003224 0.001919 0.001138 0.000642 0.000366 0.000193 0.000102 0.000049 0.000018 0.000008 0.000004 0.000002 0.000002 0.000000 0.000001 0.000000 0.000000 0.000000 0.000000 0.000000 0.000000 0.000000 
t: 0.012765957447 start: 65 end: 123 0.000001 0.000003 0.000012 0.000026 0.000051 0.000094 0.000171 0.000361 0.000619 0.001245 0.002030 0.003341 0.005412 0.008324 0.012494 0.017751 0.024305 0.032256 0.040464 0.049010 0.058079 0.065944 0.072300 0.075772 0.076644 0.074489 0.070350 0.063729 0.055829 0.046971 0.038332 0.030399 0.022853 0.016746 0.011926 0.008172 0.005348 0.003352 0.002044 0.001271 0.000694 0.000371 0.000214 0.000109 0.000051 0.000023 0.000010 0.000003 0.000003 0.000001 0.000001 0.000000 0.000000 0.000000 0.000000 0.000000 0.000000 0.000000 0.000000 
t: 0.012500000000 start: 65 end: 123 0.000001 0.000001 0.000006 0.000011 0.000020 0.000053 0.000097 0.000174 0.000348 0.000681 0.001190 0.002078 0.003338 0.005280 0.008266 0.012375 0.017611 0.024147 0.031611 0.040003 0.048886 0.057511 0.065524 0.071216 0.075286 0.076330 0.074895 0.070167 0.064228 0.055626 0.047607 0.039209 0.030443 0.023472 0.017205 0.012484 0.008332 0.005586 0.003593 0.002221 0.001291 0.000760 0.000408 0.000208 0.000112 0.000055 0.000031 0.000013 0.000006 0.000003 0.000001 0.000000 0.000000 0.000000 0.000000 0.000000 0.000000 0.000000 0.000000 
t: 0.012244897959 start: 68 end: 124 0.000010 0.000011 0.000029 0.000039 0.000103 0.000183 0.000368 0.000679 0.001200 0.002091 0.003354 0.005416 0.008315 0.012111 0.017547 0.023862 0.031570 0.039969 0.048380 0.056737 0.064838 0.071309 0.074505 0.076512 0.074396 0.071045 0.063598 0.055847 0.047904 0.039496 0.031137 0.023592 0.017621 0.012665 0.008643 0.005829 0.003695 0.002304 0.001393 0.000814 0.000423 0.000239 0.000106 0.000058 0.000039 0.000008 0.000005 0.000003 0.000002 0.000000 0.000000 0.000000 0.000000 0.000000 0.000000 0.000000 0.000000 
t: 0.012000000000 start: 68 end: 125 0.000002 0.000007 0.000010 0.000023 0.000041 0.000101 0.000183 0.000401 0.000688 0.001258 0.002081 0.003436 0.005565 0.008320 0.012293 0.017478 0.023754 0.031515 0.039867 0.048168 0.056789 0.064480 0.070998 0.074314 0.076083 0.074316 0.070046 0.063916 0.056187 0.048048 0.039546 0.031404 0.023648 0.017910 0.012971 0.008833 0.005913 0.003765 0.002450 0.001475 0.000765 0.000468 0.000251 0.000123 0.000053 0.000028 0.000017 0.000008 0.000003 0.000001 0.000000 0.000000 0.000000 0.000000 0.000000 0.000000 0.000000 0.000000 
t: 0.011764705882 start: 69 end: 126 0.000004 0.000004 0.000011 0.000022 0.000042 0.000111 0.000187 0.000392 0.000781 0.001227 0.002180 0.003501 0.005464 0.008565 0.012524 0.017522 0.023912 0.031630 0.039817 0.048332 0.056534 0.064391 0.070301 0.074528 0.075575 0.074027 0.069495 0.063898 0.056373 0.048253 0.039662 0.031231 0.023910 0.018103 0.012960 0.008951 0.005955 0.003895 0.002429 0.001463 0.000879 0.000462 0.000244 0.000134 0.000061 0.000034 0.000008 0.000008 0.000007 0.000001 0.000000 0.000000 0.000000 0.000000 0.000000 0.000000 0.000000 0.000000 
t: 0.011538461538 start: 70 end: 126 0.000002 0.000007 0.000009 0.000023 0.000049 0.000110 0.000204 0.000434 0.000774 0.001336 0.002164 0.003611 0.005872 0.008626 0.012634 0.017760 0.024147 0.031814 0.039772 0.048546 0.056910 0.063972 0.070166 0.074702 0.075179 0.073281 0.069690 0.063537 0.056234 0.048139 0.039284 0.031248 0.023967 0.018148 0.012808 0.009093 0.005936 0.003962 0.002477 0.001486 0.000910 0.000476 0.000247 0.000143 0.000066 0.000024 0.000009 0.000008 0.000004 0.000000 0.000000 0.000000 0.000000 0.000000 0.000000 0.000000 0.000000 
t: 0.011320754717 start: 70 end: 128 0.000002 0.000001 0.000005 0.000008 0.000018 0.000069 0.000097 0.000242 0.000416 0.000801 0.001382 0.002270 0.003871 0.005981 0.008834 0.012945 0.018198 0.024545 0.031864 0.040269 0.048653 0.057190 0.064141 0.070209 0.074206 0.074660 0.073119 0.069577 0.063165 0.056079 0.047406 0.039203 0.031055 0.023949 0.017918 0.012954 0.008902 0.006051 0.003900 0.002486 0.001467 0.000903 0.000480 0.000256 0.000140 0.000068 0.000023 0.000009 0.000008 0.000003 0.000002 0.000000 0.000000 0.000000 0.000000 0.000000 0.000000 0.000000 0.000000 
t: 0.011111111111 start: 70 end: 127 0.000001 0.000000 0.000001 0.000007 0.000006 0.000037 0.000067 0.000121 0.000244 0.000442 0.000839 0.001470 0.002415 0.003954 0.006179 0.009113 0.013430 0.018478 0.025061 0.032468 0.040265 0.049518 0.057504 0.064391 0.070200 0.073754 0.074427 0.072992 0.069246 0.062768 0.055173 0.046969 0.038614 0.031007 0.023662 0.017756 0.012774 0.008984 0.005900 0.003983 0.002415 0.001521 0.000853 0.000477 0.000253 0.000145 0.000059 0.000036 0.000011 0.000005 0.000005 0.000000 0.000000 0.000000 0.000000 0.000000 0.000000 0.000000 
t: 0.010909090909 start: 72 end: 130 0.000001 0.000001 0.000008 0.000007 0.000052 0.000058 0.000148 0.000253 0.000482 0.000922 0.001488 0.002616 0.004149 0.006379 0.009564 0.013675 0.019222 0.025720 0.032734 0.041131 0.049866 0.057863 0.065032 0.070031 0.073591 0.074202 0.072762 0.068627 0.062213 0.054544 0.046200 0.038333 0.030487 0.023328 0.017496 0.012666 0.008724 0.005887 0.003862 0.002401 0.001423 0.000879 0.000450 0.000267 0.000137 0.000067 0.000027 0.000013 0.000006 0.000005 0.000000 0.000001 0.000000 0.000000 0.000000 0.000000 0.000000 0.000000 0.000000 
t: 0.010714285714 start: 74 end: 132 0.000002 0.000006 0.000024 0.000030 0.000077 0.000164 0.000284 0.000534 0.000941 0.001690 0.002750 0.004292 0.006734 0.010110 0.014319 0.019712 0.026373 0.033707 0.041769 0.050164 0.058289 0.065214 0.070828 0.073225 0.074293 0.072274 0.067530 0.061783 0.053697 0.045618 0.037737 0.029725 0.023152 0.016934 0.012263 0.008528 0.005919 0.003744 0.002302 0.001465 0.000832 0.000444 0.000277 0.000137 0.000065 0.000022 0.000009 0.000009 0.000001 0.000001 0.000001 0.000000 0.000000 0.000000 0.000000 0.000000 0.000000 0.000000 0.000000 
t: 0.010526315789 start: 75 end: 132 0.000004 0.000011 0.000019 0.000036 0.000092 0.000182 0.000326 0.000570 0.001058 0.001838 0.002900 0.004588 0.007064 0.010610 0.014826 0.020485 0.026976 0.034578 0.042461 0.051330 0.058719 0.066008 0.070566 0.073788 0.073957 0.071174 0.067059 0.060771 0.053064 0.045064 0.036642 0.029191 0.022394 0.016680 0.011924 0.008381 0.005650 0.003606 0.002296 0.001375 0.000783 0.000457 0.000265 0.000132 0.000054 0.000026 0.000012 0.000006 0.000001 0.000001 0.000000 0.000000 0.000000 0.000000 0.000000 0.000000 0.000000 0.000000 
t: 0.010344827586 start: 75 end: 132 0.000001 0.000003 0.000009 0.000026 0.000040 0.000112 0.000201 0.000357 0.000658 0.001170 0.001917 0.003106 0.004912 0.007527 0.011061 0.015495 0.021220 0.027885 0.035500 0.043641 0.051864 0.059865 0.066480 0.071019 0.073391 0.073386 0.070950 0.066066 0.059819 0.051936 0.044411 0.036010 0.028451 0.021633 0.016149 0.011655 0.008021 0.005312 0.003536 0.002233 0.001282 0.000782 0.000445 0.000220 0.000147 0.000048 0.000032 0.000010 0.000004 0.000002 0.000000 0.000000 0.000000 0.000000 0.000000 0.000000 0.000000 0.000000 
t: 0.010169491525 start: 76 end: 133 0.000002 0.000003 0.000010 0.000027 0.000055 0.000128 0.000214 0.000376 0.000762 0.001276 0.002074 0.003387 0.005300 0.007937 0.011671 0.016195 0.022058 0.028893 0.036666 0.044834 0.053173 0.060841 0.066248 0.071392 0.073722 0.072955 0.070179 0.065367 0.058314 0.051134 0.043248 0.035007 0.027866 0.020771 0.015590 0.011184 0.007770 0.005126 0.003300 0.002138 0.001257 0.000713 0.000392 0.000225 0.000121 0.000060 0.000020 0.000012 0.000003 0.000004 0.000000 0.000000 0.000000 0.000000 0.000000 0.000000 0.000000 0.000000 
t: 0.010000000000 start: 77 end: 135 0.000002 0.000002 0.000018 0.000033 0.000060 0.000130 0.000240 0.000481 0.000828 0.001400 0.002274 0.003699 0.005730 0.008420 0.012220 0.017146 0.023099 0.029946 0.037771 0.046125 0.054051 0.061480 0.067268 0.071606 0.073276 0.072821 0.069870 0.063864 0.057387 0.049933 0.042098 0.034193 0.026840 0.020065 0.014895 0.010617 0.007440 0.004921 0.003137 0.001985 0.001173 0.000681 0.000384 0.000187 0.000114 0.000047 0.000026 0.000010 0.000005 0.000001 0.000001 0.000000 0.000000 0.000000 0.000000 0.000000 0.000000 0.000000 0.000000 
t: 0.008448275866 start: 84 end: 143 0.000001 0.000002 0.000008 0.000009 0.000033 0.000049 0.000104 0.000219 0.000427 0.000725 0.001185 0.001987 0.003187 0.005012 0.007369 0.010697 0.014747 0.019990 0.026448 0.033818 0.041363 0.049018 0.056754 0.062960 0.067626 0.071177 0.071402 0.069905 0.066688 0.061287 0.054377 0.046953 0.039031 0.030968 0.024626 0.018559 0.013478 0.009611 0.006610 0.004509 0.002827 0.001785 0.001060 0.000656 0.000350 0.000195 0.000105 0.000063 0.000023 0.000006 0.000007 0.000004 0.000000 0.000000 0.000000 0.000000 0.000000 0.000000 0.000000 0.000000 
t: 0.007313432839 start: 92 end: 152 0.000004 0.000001 0.000019 0.000026 0.000061 0.000110 0.000213 0.000340 0.000711 0.001122 0.001900 0.003035 0.004730 0.006934 0.009964 0.014135 0.019087 0.025020 0.031831 0.039446 0.047152 0.054271 0.060847 0.066176 0.069361 0.070662 0.070047 0.066878 0.062401 0.055958 0.048978 0.040958 0.033317 0.026551 0.020351 0.015113 0.011077 0.007525 0.005067 0.003343 0.002146 0.001341 0.000759 0.000485 0.000270 0.000148 0.000062 0.000040 0.000018 0.000005 0.000001 0.000002 0.000000 0.000001 0.000000 0.000000 0.000000 0.000000 0.000000 0.000000 0.000000 
t: 0.006447368423 start: 97 end: 159 0.000001 0.000003 0.000006 0.000021 0.000026 0.000057 0.000103 0.000193 0.000364 0.000627 0.001101 0.001783 0.002945 0.004443 0.006578 0.009506 0.013249 0.017973 0.023719 0.030466 0.037814 0.045310 0.052617 0.059526 0.064822 0.067961 0.070129 0.070158 0.067714 0.062953 0.057526 0.050238 0.042778 0.035370 0.028213 0.021598 0.016446 0.011768 0.008378 0.005702 0.003871 0.002361 0.001581 0.000883 0.000493 0.000280 0.000184 0.000076 0.000050 0.000020 0.000008 0.000003 0.000001 0.000002 0.000002 0.000000 0.000000 0.000000 0.000000 0.000000 0.000000 0.000000 0.000000 
t: 0.005764705884 start: 102 end: 165 0.000003 0.000004 0.000003 0.000014 0.000026 0.000049 0.000076 0.000166 0.000290 0.000538 0.000921 0.001622 0.002428 0.003773 0.005838 0.008406 0.011685 0.016002 0.021574 0.028070 0.034807 0.042174 0.049522 0.057023 0.062358 0.066885 0.069700 0.070080 0.068732 0.065283 0.059676 0.053152 0.045406 0.038354 0.030967 0.024233 0.018429 0.013777 0.009542 0.006787 0.004449 0.002833 0.001848 0.001110 0.000629 0.000369 0.000185 0.000094 0.000053 0.000025 0.000020 0.000004 0.000003 0.000001 0.000001 0.000000 0.000001 0.000000 0.000000 0.000000 0.000000 0.000000 0.000000 0.000000 
t: 0.005212765959 start: 106 end: 168 0.000002 0.000001 0.000006 0.000004 0.000012 0.000039 0.000055 0.000108 0.000188 0.000399 0.000631 0.001043 0.001769 0.002713 0.004241 0.006420 0.009110 0.013248 0.017429 0.023214 0.029954 0.036957 0.044194 0.051444 0.058189 0.063709 0.068458 0.070172 0.070434 0.068065 0.063886 0.057971 0.050831 0.043609 0.036148 0.029006 0.022625 0.016894 0.012271 0.008644 0.005872 0.004002 0.002523 0.001519 0.000898 0.000528 0.000272 0.000143 0.000086 0.000037 0.000014 0.000005 0.000004 0.000003 0.000000 0.000000 0.000001 0.000000 0.000000 0.000000 0.000000 0.000000 0.000000 
t: 0.004757281555 start: 109 end: 171 0.000001 0.000000 0.000001 0.000002 0.000006 0.000013 0.000024 0.000049 0.000099 0.000191 0.000294 0.000607 0.000993 0.001622 0.002476 0.003969 0.005815 0.008661 0.012229 0.016775 0.022282 0.028562 0.035364 0.043394 0.050521 0.057160 0.063151 0.067720 0.070300 0.071100 0.068731 0.064567 0.059100 0.052370 0.045121 0.037176 0.029889 0.023457 0.017718 0.012964 0.008918 0.006173 0.004192 0.002591 0.001575 0.000934 0.000553 0.000300 0.000139 0.000077 0.000034 0.000021 0.000011 0.000006 0.000001 0.000001 0.000000 0.000000 0.000000 0.000000 0.000000 0.000000 0.000000 
t: 0.004375000001 start: 112 end: 173 0.000001 0.000000 0.000000 0.000000 0.000003 0.000007 0.000012 0.000028 0.000062 0.000108 0.000231 0.000345 0.000667 0.001137 0.001778 0.002821 0.004438 0.006712 0.009387 0.013465 0.018338 0.023987 0.030321 0.037593 0.045339 0.052749 0.059519 0.064887 0.068857 0.070934 0.071093 0.068067 0.063267 0.057675 0.050146 0.042553 0.035075 0.028145 0.021442 0.015686 0.011328 0.007910 0.005302 0.003534 0.002152 0.001315 0.000716 0.000444 0.000228 0.000099 0.000046 0.000025 0.000013 0.000008 0.000003 0.000000 0.000001 0.000001 0.000000 0.000000 0.000000 0.000000 
t: 0.004049586778 start: 116 end: 178 0.000001 0.000001 0.000000 0.000003 0.000005 0.000004 0.000025 0.000047 0.000085 0.000162 0.000302 0.000538 0.000885 0.001503 0.002523 0.003751 0.005637 0.008444 0.011995 0.016505 0.021803 0.027982 0.035497 0.042719 0.050465 0.057581 0.063707 0.068164 0.070888 0.071768 0.069641 0.065601 0.059777 0.052870 0.044978 0.037383 0.030156 0.023022 0.017273 0.012396 0.008579 0.005884 0.003858 0.002394 0.001484 0.000811 0.000453 0.000229 0.000119 0.000053 0.000021 0.000014 0.000007 0.000004 0.000002 0.000001 0.000000 0.000000 0.000000 0.000000 0.000000 0.000000 0.000000 
t: 0.003769230770 start: 121 end: 181 0.000001 0.000003 0.000004 0.000008 0.000022 0.000045 0.000093 0.000167 0.000287 0.000512 0.000892 0.001434 0.002426 0.003721 0.005700 0.008293 0.011859 0.016306 0.021561 0.028164 0.035436 0.043160 0.050509 0.057880 0.064380 0.068330 0.071468 0.071818 0.070182 0.065929 0.059902 0.053025 0.045046 0.037285 0.029723 0.022919 0.016798 0.011999 0.008390 0.005497 0.003634 0.002282 0.001334 0.000783 0.000392 0.000217 0.000101 0.000046 0.000014 0.000009 0.000010 0.000003 0.000001 0.000000 0.000000 0.000000 0.000000 0.000000 0.000000 0.000000 0.000000 
t: 0.003525179857 start: 124 end: 183 0.000002 0.000004 0.000006 0.000011 0.000028 0.000047 0.000091 0.000181 0.000340 0.000608 0.000971 0.001697 0.002602 0.004096 0.006242 0.009114 0.012772 0.017638 0.023284 0.029977 0.037664 0.045112 0.053494 0.060217 0.065863 0.070356 0.072595 0.072101 0.069469 0.064773 0.058041 0.050723 0.042939 0.034803 0.027177 0.020605 0.015096 0.010517 0.007159 0.004715 0.002912 0.001752 0.001028 0.000584 0.000297 0.000144 0.000082 0.000042 0.000017 0.000006 0.000003 0.000003 0.000000 0.000000 0.000000 0.000000 0.000000 0.000000 0.000000 0.000000 
t: 0.003310810811 start: 126 end: 184 0.000001 0.000002 0.000003 0.000008 0.000023 0.000027 0.000068 0.000117 0.000219 0.000456 0.000769 0.001242 0.002062 0.003351 0.004970 0.007398 0.010782 0.015142 0.020520 0.026749 0.033954 0.041662 0.050030 0.057627 0.063507 0.068877 0.072395 0.073385 0.071604 0.067657 0.061735 0.054500 0.046391 0.038089 0.030455 0.023276 0.016932 0.012179 0.008227 0.005517 0.003397 0.002103 0.001176 0.000678 0.000364 0.000202 0.000083 0.000049 0.000032 0.000005 0.000003 0.000000 0.000000 0.000000 0.000000 0.000000 0.000000 0.000000 0.000000 
t: 0.003121019109 start: 127 end: 184 0.000001 0.000000 0.000000 0.000003 0.000007 0.000013 0.000021 0.000055 0.000097 0.000198 0.000360 0.000632 0.001107 0.001737 0.002786 0.004353 0.006630 0.009667 0.013902 0.018743 0.025009 0.031984 0.040011 0.047561 0.055842 0.062672 0.068576 0.072653 0.073996 0.072725 0.069305 0.063509 0.056954 0.048321 0.040340 0.031819 0.024405 0.018171 0.012689 0.008767 0.005766 0.003621 0.002326 0.001263 0.000667 0.000370 0.000188 0.000111 0.000040 0.000021 0.000005 0.000000 0.000001 0.000000 0.000000 0.000000 0.000000 0.000000 
t: 0.002951807229 start: 131 end: 189 0.000001 0.000004 0.000005 0.000008 0.000025 0.000049 0.000097 0.000185 0.000304 0.000587 0.001022 0.001584 0.002575 0.004221 0.006278 0.009465 0.013112 0.018257 0.024200 0.031214 0.039387 0.047586 0.055643 0.062821 0.068530 0.072898 0.074830 0.074029 0.069762 0.064725 0.057246 0.049141 0.040658 0.032046 0.024352 0.018019 0.012573 0.008629 0.005670 0.003582 0.002172 0.001189 0.000662 0.000325 0.000169 0.000089 0.000053 0.000014 0.000005 0.000001 0.000001 0.000000 0.000000 0.000000 0.000000 0.000000 0.000000 0.000000 0.000000 
t: 0.002800000000 start: 133 end: 190 0.000001 0.000001 0.000008 0.000013 0.000020 0.000044 0.000097 0.000195 0.000325 0.000574 0.000977 0.001628 0.002661 0.004192 0.006333 0.009488 0.013501 0.018414 0.025047 0.031927 0.040419 0.048459 0.056446 0.063888 0.070027 0.074150 0.075380 0.073854 0.070209 0.064468 0.056714 0.048109 0.039385 0.030828 0.023108 0.016863 0.011913 0.007988 0.005199 0.003171 0.001875 0.001041 0.000538 0.000258 0.000158 0.000060 0.000030 0.000012 0.000002 0.000002 0.000000 0.000000 0.000000 0.000000 0.000000 0.000000 0.000000 0.000000 
t: 0.002663043479 start: 135 end: 192 0.000001 0.000001 0.000007 0.000013 0.000025 0.000045 0.000091 0.000192 0.000367 0.000620 0.001027 0.001767 0.002905 0.004489 0.006875 0.010079 0.014379 0.019933 0.026187 0.033980 0.042469 0.050436 0.059360 0.065797 0.071943 0.074631 0.076404 0.073937 0.069343 0.063067 0.054963 0.045586 0.037302 0.028578 0.020917 0.015063 0.010340 0.006861 0.004356 0.002645 0.001454 0.000750 0.000427 0.000204 0.000105 0.000058 0.000012 0.000007 0.000001 0.000001 0.000000 0.000000 0.000000 0.000000 0.000000 0.000000 0.000000 0.000000 
t: 0.002538860104 start: 137 end: 193 0.000001 0.000002 0.000006 0.000018 0.000032 0.000060 0.000092 0.000224 0.000427 0.000700 0.001175 0.002072 0.003328 0.005039 0.007776 0.011235 0.016209 0.022163 0.028836 0.037170 0.045549 0.054022 0.062497 0.068869 0.073677 0.076351 0.076569 0.073093 0.067723 0.060289 0.051681 0.042284 0.033180 0.025184 0.018268 0.012671 0.008600 0.005484 0.003404 0.001915 0.001016 0.000568 0.000295 0.000141 0.000068 0.000023 0.000010 0.000003 0.000001 0.000000 0.000000 0.000000 0.000000 0.000000 0.000000 0.000000 0.000000 
t: 0.002425742574 start: 138 end: 194 0.000001 0.000002 0.000003 0.000009 0.000024 0.000024 0.000084 0.000148 0.000291 0.000470 0.000850 0.001573 0.002494 0.003949 0.006071 0.009174 0.013283 0.018696 0.025349 0.032670 0.041034 0.050008 0.058462 0.066149 0.072492 0.076361 0.077276 0.075824 0.071359 0.064499 0.055922 0.047178 0.037177 0.029019 0.021347 0.015014 0.010067 0.006549 0.004065 0.002390 0.001301 0.000685 0.000337 0.000188 0.000085 0.000026 0.000013 0.000005 0.000000 0.000003 0.000000 0.000000 0.000000 0.000000 0.000000 0.000000 0.000000 
t: 0.002322274882 start: 140 end: 194 0.000003 0.000000 0.000005 0.000008 0.000023 0.000064 0.000094 0.000210 0.000396 0.000672 0.001105 0.001944 0.003135 0.004924 0.007620 0.011480 0.016070 0.022043 0.029201 0.037809 0.046682 0.054982 0.063969 0.070690 0.075651 0.078013 0.077655 0.074010 0.067832 0.059923 0.050459 0.040896 0.032034 0.024001 0.016835 0.011467 0.007518 0.004771 0.002709 0.001549 0.000780 0.000391 0.000217 0.000102 0.000031 0.000021 0.000003 0.000000 0.000003 0.000000 0.000000 0.000000 0.000000 0.000000 0.000000 
t: 0.002227272727 start: 142 end: 196 0.000001 0.000005 0.000001 0.000017 0.000044 0.000084 0.000147 0.000305 0.000534 0.000949 0.001559 0.002580 0.004099 0.006486 0.010095 0.014328 0.019691 0.026708 0.034814 0.043738 0.052946 0.061572 0.068889 0.075191 0.078437 0.079392 0.075743 0.070466 0.062817 0.053141 0.043983 0.034456 0.025985 0.018335 0.012507 0.008214 0.005241 0.003108 0.001653 0.000911 0.000431 0.000227 0.000108 0.000038 0.000015 0.000005 0.000004 0.000000 0.000000 0.000000 0.000000 0.000000 0.000000 0.000000 0.000000 
t: 0.002139737991 start: 143 end: 197 0.000001 0.000003 0.000003 0.000013 0.000034 0.000051 0.000133 0.000243 0.000449 0.000763 0.001343 0.002224 0.003558 0.005721 0.008907 0.013041 0.018047 0.024753 0.033176 0.041444 0.050595 0.060203 0.068007 0.074611 0.078832 0.079524 0.077873 0.072525 0.064824 0.055726 0.045778 0.036306 0.027286 0.019586 0.013395 0.008754 0.005480 0.003255 0.001725 0.000949 0.000456 0.000233 0.000107 0.000043 0.000012 0.000006 0.000002 0.000000 0.000000 0.000000 0.000000 0.000000 0.000000 0.000000 0.000000 
t: 0.002058823530 start: 144 end: 198 0.000002 0.000001 0.000003 0.000009 0.000021 0.000049 0.000105 0.000195 0.000387 0.000656 0.001186 0.002031 0.003189 0.005184 0.008102 0.012105 0.016932 0.023687 0.031201 0.040284 0.049843 0.058623 0.067145 0.074522 0.079108 0.080143 0.079306 0.074205 0.066508 0.057267 0.046907 0.037456 0.028165 0.020231 0.013777 0.009064 0.005510 0.003297 0.001795 0.000949 0.000485 0.000215 0.000096 0.000036 0.000012 0.000003 0.000003 0.000000 0.000000 0.000000 0.000000 0.000000 0.000000 0.000000 0.000000 
t: 0.001983805668 start: 144 end: 197 0.000001 0.000002 0.000000 0.000003 0.000011 0.000020 0.000047 0.000073 0.000179 0.000327 0.000615 0.001049 0.001871 0.003004 0.004882 0.007575 0.011368 0.016370 0.022779 0.030385 0.039609 0.048769 0.058178 0.067348 0.074568 0.079559 0.080792 0.080384 0.075234 0.067299 0.058301 0.047835 0.037954 0.028408 0.020132 0.013924 0.009082 0.005459 0.003160 0.001790 0.000876 0.000447 0.000193 0.000093 0.000032 0.000007 0.000006 0.000000 0.000000 0.000000 0.000000 0.000000 0.000000 0.000000 
t: 0.001914062500 start: 145 end: 200 0.000002 0.000001 0.000002 0.000002 0.000008 0.000025 0.000037 0.000071 0.000172 0.000284 0.000573 0.001018 0.001739 0.002886 0.004587 0.007310 0.010989 0.016076 0.022778 0.030124 0.038892 0.048461 0.058682 0.067603 0.075008 0.080261 0.082130 0.080383 0.075630 0.068120 0.058620 0.048404 0.037349 0.028315 0.019942 0.013563 0.008605 0.005307 0.002948 0.001593 0.000822 0.000387 0.000182 0.000074 0.000023 0.000009 0.000002 0.000001 0.000000 0.000000 0.000000 0.000000 0.000000 0.000000 0.000000 0.000000 
t: 0.001849056604 start: 147 end: 199 0.000003 0.000002 0.000000 0.000008 0.000017 0.000029 0.000073 0.000154 0.000310 0.000565 0.000975 0.001703 0.002758 0.004646 0.007073 0.011170 0.015984 0.022549 0.030539 0.039114 0.049160 0.059197 0.068394 0.075898 0.080953 0.082838 0.081247 0.075801 0.068371 0.058044 0.047590 0.036867 0.027535 0.019349 0.012757 0.008085 0.004838 0.002626 0.001468 0.000724 0.000364 0.000138 0.000049 0.000026 0.000007 0.000002 0.000000 0.000000 0.000000 0.000000 0.000000 0.000000 0.000000 
t: 0.001788321168 start: 147 end: 201 0.000001 0.000003 0.000001 0.000004 0.000006 0.000019 0.000029 0.000067 0.000157 0.000310 0.000570 0.000958 0.001694 0.002857 0.004644 0.007312 0.011057 0.016363 0.023435 0.030994 0.039901 0.050062 0.060242 0.069350 0.077427 0.082388 0.083431 0.081305 0.075991 0.067845 0.057209 0.046306 0.035447 0.026168 0.018167 0.011943 0.007378 0.004226 0.002420 0.001255 0.000598 0.000279 0.000116 0.000042 0.000016 0.000006 0.000001 0.000000 0.000000 0.000000 0.000000 0.000000 0.000000 0.000000 0.000000 
t: 0.001731448763 start: 148 end: 201 0.000002 0.000002 0.000001 0.000003 0.000005 0.000009 0.000038 0.000081 0.000159 0.000316 0.000544 0.001034 0.001754 0.002961 0.004803 0.007508 0.011556 0.017059 0.023924 0.032119 0.041311 0.051755 0.061610 0.071491 0.078957 0.083427 0.083979 0.081397 0.075610 0.066505 0.055609 0.044432 0.033905 0.024505 0.016667 0.010890 0.006468 0.003750 0.001998 0.001023 0.000486 0.000210 0.000097 0.000026 0.000011 0.000003 0.000000 0.000000 0.000000 0.000000 0.000000 0.000000 0.000000 0.000000 
t: 0.001678082192 start: 148 end: 202 0.000001 0.000001 0.000000 0.000003 0.000003 0.000005 0.000014 0.000049 0.000069 0.000177 0.000346 0.000569 0.001087 0.001837 0.003135 0.005159 0.007954 0.012309 0.017831 0.025055 0.033686 0.043293 0.053444 0.064031 0.073419 0.081133 0.084297 0.084702 0.081351 0.074348 0.064763 0.053390 0.042197 0.031523 0.022442 0.015155 0.009402 0.005583 0.003189 0.001649 0.000768 0.000367 0.000166 0.000066 0.000027 0.000003 0.000001 0.000001 0.000000 0.000000 0.000000 0.000000 0.000000 0.000000 0.000000 
t: 0.001627906977 start: 149 end: 202 0.000001 0.000000 0.000002 0.000003 0.000006 0.000004 0.000019 0.000043 0.000090 0.000173 0.000357 0.000657 0.001136 0.001992 0.003430 0.005545 0.008739 0.013124 0.019044 0.026849 0.035533 0.045224 0.056025 0.066895 0.076203 0.082649 0.085638 0.085117 0.080518 0.072698 0.062200 0.051095 0.039168 0.028943 0.020080 0.013213 0.007991 0.004761 0.002514 0.001295 0.000589 0.000268 0.000110 0.000044 0.000011 0.000002 0.000002 0.000000 0.000000 0.000000 0.000000 0.000000 0.000000 0.000000 
t: 0.001580645161 start: 150 end: 203 0.000001 0.000000 0.000002 0.000005 0.000003 0.000008 0.000021 0.000041 0.000104 0.000199 0.000371 0.000692 0.001254 0.002271 0.003741 0.006170 0.009583 0.014417 0.020456 0.028726 0.038027 0.048283 0.059116 0.069920 0.078840 0.084279 0.087223 0.084938 0.079042 0.070401 0.059413 0.047590 0.036018 0.025851 0.017644 0.011265 0.006574 0.003819 0.002019 0.000943 0.000434 0.000194 0.000067 0.000023 0.000007 0.000003 0.000002 0.000000 0.000000 0.000000 0.000000 0.000000 0.000000 0.000000 
t: 0.001536050157 start: 150 end: 203 0.000001 0.000000 0.000000 0.000005 0.000004 0.000003 0.000009 0.000026 0.000048 0.000106 0.000250 0.000434 0.000757 0.001471 0.002516 0.004199 0.006914 0.010602 0.015653 0.022551 0.031423 0.041083 0.051683 0.062849 0.073124 0.081608 0.085860 0.087934 0.083959 0.077304 0.067701 0.055790 0.043831 0.032419 0.022677 0.015071 0.009142 0.005433 0.002887 0.001486 0.000709 0.000289 0.000128 0.000042 0.000013 0.000004 0.000001 0.000001 0.000000 0.000000 0.000000 0.000000 0.000000 0.000000 
t: 0.001493902439 start: 153 end: 204 0.000002 0.000003 0.000002 0.000006 0.000014 0.000026 0.000062 0.000146 0.000268 0.000486 0.000947 0.001692 0.002917 0.004766 0.007711 0.011823 0.017676 0.025243 0.034279 0.044512 0.055667 0.066723 0.076963 0.083710 0.088224 0.087059 0.083441 0.074417 0.064159 0.051432 0.039660 0.028416 0.019485 0.012310 0.007607 0.004110 0.002231 0.001058 0.000439 0.000195 0.000077 0.000028 0.000005 0.000002 0.000001 0.000000 0.000000 0.000000 0.000000 0.000000 0.000000 0.000000 
t: 0.001454005935 start: 153 end: 204 0.000001 0.000002 0.000000 0.000006 0.000007 0.000017 0.000033 0.000080 0.000169 0.000307 0.000603 0.001094 0.002015 0.003417 0.005450 0.008844 0.013488 0.020065 0.028387 0.037570 0.048950 0.059991 0.070844 0.080276 0.086767 0.088767 0.086952 0.081111 0.070972 0.059510 0.046864 0.035079 0.024615 0.015917 0.010168 0.005739 0.003093 0.001653 0.000705 0.000280 0.000132 0.000043 0.000012 0.000003 0.000001 0.000001 0.000000 0.000000 0.000000 0.000000 0.000000 0.000000 
t: 0.001416184971 start: 153 end: 204 0.000001 0.000001 0.000001 0.000006 0.000003 0.000010 0.000017 0.000057 0.000090 0.000189 0.000392 0.000749 0.001316 0.002342 0.004040 0.006441 0.010294 0.015683 0.022758 0.031546 0.042019 0.053415 0.064570 0.075405 0.084231 0.088630 0.089237 0.085897 0.077445 0.067175 0.054354 0.041527 0.030517 0.020362 0.013114 0.007727 0.004407 0.002267 0.001046 0.000418 0.000204 0.000065 0.000021 0.000009 0.000001 0.000001 0.000000 0.000000 0.000000 0.000000 0.000000 0.000000 
t: 0.001380281690 start: 154 end: 204 0.000001 0.000001 0.000002 0.000004 0.000007 0.000004 0.000029 0.000066 0.000109 0.000246 0.000483 0.000912 0.001634 0.002857 0.004764 0.007763 0.012114 0.018175 0.026151 0.035689 0.046449 0.058291 0.069598 0.080425 0.086863 0.090314 0.089284 0.082879 0.074026 0.061690 0.048828 0.036567 0.025348 0.016734 0.010104 0.005857 0.003112 0.001563 0.000604 0.000298 0.000106 0.000029 0.000016 0.000003 0.000001 0.000000 0.000000 0.000000 0.000000 0.000000 0.000000 
t: 0.001346153846 start: 155 end: 204 0.000002 0.000000 0.000003 0.000004 0.000005 0.000014 0.000040 0.000071 0.000151 0.000302 0.000630 0.001111 0.002037 0.003445 0.005788 0.009440 0.014307 0.021271 0.030097 0.040118 0.051754 0.063762 0.075349 0.083974 0.089688 0.091048 0.087424 0.079791 0.068955 0.056022 0.043060 0.030870 0.020779 0.013062 0.007774 0.004152 0.002139 0.000899 0.000421 0.000158 0.000058 0.000018 0.000006 0.000001 0.000000 0.000000 0.000000 0.000000 0.000000 0.000000 
t: 0.001313672922 start: 156 end: 204 0.000001 0.000003 0.000004 0.000005 0.000005 0.000019 0.000048 0.000096 0.000199 0.000422 0.000760 0.001428 0.002488 0.004344 0.007157 0.011259 0.017062 0.024958 0.034544 0.045449 0.057569 0.069760 0.080283 0.087650 0.091704 0.090606 0.085016 0.075238 0.063077 0.049761 0.036649 0.025247 0.016481 0.009989 0.005607 0.002857 0.001309 0.000585 0.000243 0.000083 0.000024 0.000009 0.000002 0.000000 0.000000 0.000000 0.000000 0.000000 0.000000 
t: 0.001282722513 start: 157 end: 204 0.000002 0.000001 0.000006 0.000008 0.000007 0.000028 0.000056 0.000127 0.000287 0.000526 0.001061 0.001782 0.003132 0.005425 0.008803 0.013626 0.020518 0.029351 0.039608 0.051413 0.063818 0.075519 0.084796 0.091352 0.092070 0.088961 0.081366 0.069737 0.056384 0.042788 0.030368 0.020223 0.012607 0.007230 0.003860 0.001843 0.000783 0.000355 0.000118 0.000037 0.000014 0.000004 0.000000 0.000000 0.000000 0.000000 0.000000 0.000000 
t: 0.001253196931 start: 157 end: 204 0.000001 0.000002 0.000002 0.000004 0.000008 0.000015 0.000034 0.000082 0.000184 0.000390 0.000713 0.001294 0.002366 0.004025 0.006745 0.010894 0.016719 0.024638 0.034194 0.045609 0.057796 0.070046 0.081334 0.089457 0.092713 0.092123 0.086359 0.075666 0.063022 0.049138 0.035839 0.024413 0.015535 0.009286 0.005035 0.002468 0.001111 0.000483 0.000175 0.000054 0.000023 0.000005 0.000000 0.000000 0.000000 0.000000 0.000000 0.000000 
t: 0.001225000000 start: 157 end: 204 0.000001 0.000000 0.000003 0.000000 0.000006 0.000013 0.000024 0.000050 0.000113 0.000236 0.000504 0.000956 0.001767 0.003005 0.005211 0.008625 0.013493 0.020416 0.029508 0.039785 0.051918 0.064662 0.077011 0.086241 0.092742 0.093756 0.090278 0.081491 0.069279 0.055567 0.041246 0.029065 0.019071 0.011700 0.006432 0.003302 0.001524 0.000624 0.000256 0.000082 0.000029 0.000007 0.000001 0.000000 0.000000 0.000000 0.000000 0.000000 
t: 0.001198044010 start: 158 end: 204 0.000001 0.000000 0.000002 0.000007 0.000004 0.000018 0.000028 0.000079 0.000153 0.000365 0.000649 0.001317 0.002310 0.004014 0.006714 0.010805 0.016945 0.024890 0.034780 0.046290 0.059150 0.071916 0.082871 0.091051 0.094416 0.093342 0.086565 0.075383 0.061642 0.047422 0.033955 0.022847 0.014247 0.008132 0.004250 0.002069 0.000846 0.000343 0.000129 0.000043 0.000008 0.000002 0.000000 0.000000 0.000000 0.000000 0.000000 
t: 0.001172248804 start: 159 end: 204 0.000001 0.000001 0.000005 0.000005 0.000010 0.000019 0.000035 0.000114 0.000268 0.000453 0.000957 0.001691 0.003137 0.005271 0.008658 0.013859 0.020943 0.030128 0.041035 0.053208 0.066747 0.079030 0.088917 0.093842 0.095444 0.090544 0.080967 0.067535 0.053753 0.039253 0.026893 0.017255 0.010016 0.005408 0.002724 0.001159 0.000472 0.000172 0.000060 0.000008 0.000002 0.000001 0.000000 0.000000 0.000000 0.000000 
t: 0.001147540984 start: 159 end: 204 0.000001 0.000001 0.000002 0.000007 0.000004 0.000013 0.000024 0.000078 0.000155 0.000347 0.000680 0.001297 0.002368 0.004123 0.006928 0.011199 0.017599 0.025846 0.036131 0.048050 0.061225 0.074418 0.085917 0.092650 0.096037 0.093822 0.086212 0.073369 0.059813 0.044796 0.031307 0.020487 0.012326 0.006843 0.003406 0.001553 0.000644 0.000223 0.000081 0.000015 0.000002 0.000001 0.000000 0.000000 0.000000 0.000000 
t: 0.001123853211 start: 159 end: 204 0.000001 0.000001 0.000000 0.000005 0.000003 0.000010 0.000011 0.000053 0.000114 0.000234 0.000499 0.000931 0.001769 0.003304 0.005544 0.009043 0.014687 0.021978 0.031558 0.042752 0.055978 0.069751 0.082077 0.091057 0.096118 0.095661 0.090318 0.079457 0.065499 0.050565 0.035904 0.024162 0.014928 0.008385 0.004377 0.001981 0.000848 0.000299 0.000104 0.000030 0.000003 0.000001 0.000000 0.000000 0.000000 0.000000 
t: 0.001101123596 start: 160 end: 204 0.000001 0.000001 0.000003 0.000002 0.000006 0.000012 0.000033 0.000079 0.000153 0.000352 0.000694 0.001318 0.002580 0.004391 0.007311 0.012122 0.018782 0.027229 0.038223 0.050824 0.064447 0.077660 0.088696 0.095406 0.097319 0.093882 0.084530 0.071107 0.055997 0.041227 0.027972 0.017766 0.010181 0.005467 0.002531 0.001068 0.000448 0.000132 0.000039 0.000008 0.000001 0.000000 0.000000 0.000000 0.000000 
t: 0.001079295154 start: 161 end: 204 0.000002 0.000001 0.000002 0.000005 0.000009 0.000023 0.000056 0.000107 0.000245 0.000485 0.001035 0.001949 0.003526 0.005914 0.009867 0.015823 0.023638 0.033689 0.045790 0.059604 0.073367 0.085425 0.093950 0.097756 0.096511 0.089219 0.076612 0.061604 0.046467 0.032159 0.020710 0.012377 0.006629 0.003232 0.001405 0.000547 0.000192 0.000052 0.000014 0.000002 0.000000 0.000000 0.000000 0.000000 
t: 0.001058315335 start: 163 end: 204 0.000004 0.000002 0.000009 0.000016 0.000040 0.000073 0.000176 0.000361 0.000777 0.001443 0.002854 0.004814 0.007974 0.013399 0.020316 0.029602 0.040979 0.054821 0.068710 0.081728 0.091758 0.097832 0.098363 0.092819 0.082169 0.066885 0.051905 0.036550 0.024031 0.014758 0.007931 0.004068 0.001793 0.000694 0.000242 0.000081 0.000020 0.000003 0.000000 0.000000 0.000000 0.000000 
t: 0.001038135593 start: 163 end: 204 0.000002 0.000002 0.000004 0.000013 0.000028 0.000061 0.000118 0.000274 0.000536 0.001118 0.002232 0.003905 0.006614 0.011177 0.017237 0.026019 0.036505 0.049885 0.064190 0.077500 0.089357 0.096986 0.099561 0.095973 0.086819 0.072522 0.057165 0.041004 0.027809 0.017216 0.009619 0.004962 0.002245 0.000900 0.000313 0.000097 0.000027 0.000005 0.000000 0.000000 0.000000 0.000000 
t: 0.001018711019 start: 163 end: 204 0.000001 0.000000 0.000004 0.000013 0.000015 0.000042 0.000075 0.000222 0.000398 0.000882 0.001675 0.003221 0.005382 0.009338 0.014688 0.022581 0.032603 0.045144 0.059186 0.073572 0.086259 0.095706 0.099786 0.098774 0.090779 0.077944 0.062135 0.045864 0.031643 0.020095 0.011445 0.005970 0.002806 0.001176 0.000410 0.000128 0.000033 0.000005 0.000000 0.000000 0.000000 0.000000 
t: 0.001000000000 start: 164 end: 204 0.000001 0.000002 0.000012 0.000011 0.000031 0.000041 0.000160 0.000315 0.000643 0.001296 0.002611 0.004395 0.007765 0.012436 0.019550 0.028796 0.040605 0.054649 0.069489 0.082701 0.093576 0.099912 0.100520 0.094425 0.082855 0.067292 0.050842 0.035761 0.022920 0.013590 0.007149 0.003403 0.001492 0.000532 0.000168 0.000046 0.000008 0.000000 0.000000 0.000000 0.000000 
