t: 0.059999999999 start: 16 end: 53 0.000005 0.000028 0.000121 0.000474 0.001371 0.003662 0.008821 0.018221 0.033809 0.054886 0.079326 0.104048 0.121854 0.129682 0.121965 0.104370 0.081369 0.057212 0.036625 0.021377 0.011381 0.005403 0.002473 0.000985 0.000354 0.000126 0.000040 0.000010 0.000001 0.000001 0.000000 0.000000 0.000000 0.000000 0.000000 0.000000 0.000000 0.000000 
t: 0.054545454544 start: 18 end: 56 0.000007 0.000032 0.000140 0.000454 0.001176 0.003283 0.007617 0.015354 0.028238 0.046649 0.069105 0.092033 0.111761 0.122347 0.121668 0.110100 0.091180 0.068299 0.047055 0.029659 0.017100 0.009004 0.004460 0.001931 0.000873 0.000329 0.000103 0.000027 0.000011 0.000004 0.000001 0.000000 0.000000 0.000000 0.000000 0.000000 0.000000 0.000000 0.000000 
t: 0.049999999999 start: 20 end: 58 0.000010 0.000036 0.000134 0.000433 0.001238 0.002987 0.006825 0.013488 0.024648 0.040887 0.061066 0.082853 0.102614 0.115205 0.119276 0.111799 0.096750 0.076830 0.056153 0.037852 0.022764 0.013275 0.006913 0.003435 0.001517 0.000659 0.000243 0.000078 0.000018 0.000009 0.000005 0.000000 0.000000 0.000000 0.000000 0.000000 0.000000 0.000000 0.000000 
t: 0.046153846153 start: 21 end: 61 0.000003 0.000011 0.000047 0.000153 0.000437 0.001206 0.002823 0.006292 0.012481 0.022427 0.036675 0.055112 0.075834 0.094586 0.109464 0.114983 0.111865 0.100066 0.082713 0.063053 0.044514 0.028588 0.017343 0.009946 0.005172 0.002442 0.001055 0.000461 0.000164 0.000058 0.000017 0.000007 0.000002 0.000000 0.000000 0.000000 0.000000 0.000000 0.000000 0.000000 0.000000 
t: 0.042857142857 start: 23 end: 64 0.000006 0.000013 0.000055 0.000159 0.000481 0.001209 0.002890 0.005936 0.011813 0.020829 0.034405 0.050910 0.070348 0.088470 0.103817 0.111102 0.110317 0.101149 0.086862 0.068005 0.049881 0.033747 0.021657 0.012623 0.006863 0.003513 0.001733 0.000705 0.000313 0.000125 0.000046 0.000013 0.000002 0.000003 0.000000 0.000000 0.000000 0.000000 0.000000 0.000000 0.000000 0.000000 
t: 0.040000000000 start: 25 end: 68 0.000007 0.000021 0.000068 0.000190 0.000478 0.001304 0.002993 0.006061 0.011608 0.020100 0.032214 0.048550 0.066329 0.084115 0.098366 0.107447 0.108170 0.101868 0.087983 0.072365 0.053800 0.037974 0.024934 0.015229 0.008834 0.004759 0.002350 0.001099 0.000468 0.000204 0.000078 0.000014 0.000012 0.000006 0.000001 0.000001 0.000000 0.000000 0.000000 0.000000 0.000000 0.000000 0.000000 0.000000 
t: 0.037500000000 start: 25 end: 67 0.000001 0.000000 0.000009 0.000030 0.000092 0.000225 0.000555 0.001397 0.003068 0.006320 0.011615 0.019798 0.031425 0.046603 0.064115 0.080676 0.094721 0.103778 0.106398 0.100927 0.089466 0.073743 0.056194 0.041339 0.027718 0.017484 0.010604 0.005995 0.002998 0.001559 0.000683 0.000302 0.000115 0.000028 0.000014 0.000005 0.000000 0.000000 0.000000 0.000000 0.000000 0.000000 0.000000 
t: 0.035294117647 start: 27 end: 72 0.000002 0.000002 0.000013 0.000048 0.000092 0.000270 0.000648 0.001562 0.003469 0.006550 0.011856 0.019911 0.031591 0.046093 0.062115 0.078302 0.091697 0.101391 0.103799 0.099730 0.089107 0.074549 0.058471 0.043595 0.029809 0.019548 0.011868 0.006745 0.003716 0.001886 0.000905 0.000377 0.000179 0.000073 0.000025 0.000004 0.000001 0.000001 0.000000 0.000000 0.000000 0.000000 0.000000 0.000000 0.000000 0.000000 
t: 0.033333333333 start: 29 end: 75 0.000001 0.000007 0.000021 0.000049 0.000141 0.000276 0.000803 0.001784 0.003660 0.006915 0.012693 0.020755 0.032136 0.046113 0.061258 0.077183 0.090317 0.098464 0.101548 0.098016 0.088286 0.074758 0.059167 0.044528 0.031204 0.020754 0.013105 0.007712 0.004230 0.002187 0.001068 0.000511 0.000208 0.000097 0.000027 0.000014 0.000002 0.000001 0.000001 0.000000 0.000000 0.000000 0.000000 0.000000 0.000000 0.000000 0.000000 
t: 0.031578947368 start: 31 end: 76 0.000001 0.000006 0.000020 0.000065 0.000160 0.000431 0.000912 0.002092 0.004143 0.007726 0.013509 0.021698 0.033221 0.046518 0.061885 0.076339 0.088840 0.097235 0.098860 0.096651 0.086639 0.073995 0.059237 0.044823 0.032082 0.021583 0.013676 0.008218 0.004674 0.002427 0.001295 0.000597 0.000266 0.000097 0.000050 0.000018 0.000009 0.000002 0.000000 0.000000 0.000000 0.000000 0.000000 0.000000 0.000000 0.000000 
t: 0.030000000000 start: 32 end: 78 0.000001 0.000002 0.000008 0.000036 0.000097 0.000197 0.000500 0.001180 0.002466 0.004779 0.008655 0.014673 0.023356 0.034383 0.048208 0.062333 0.076419 0.088001 0.095739 0.097865 0.093964 0.084970 0.072292 0.058498 0.044467 0.032458 0.021562 0.014127 0.008506 0.004988 0.002682 0.001377 0.000624 0.000352 0.000132 0.000066 0.000025 0.000011 0.000001 0.000000 0.000000 0.000000 0.000000 0.000000 0.000000 0.000000 0.000000 
t: 0.028571428571 start: 33 end: 79 0.000001 0.000000 0.000008 0.000022 0.000052 0.000103 0.000309 0.000652 0.001428 0.003030 0.005489 0.009786 0.016366 0.025012 0.036692 0.049744 0.063740 0.076657 0.088105 0.094418 0.095796 0.091519 0.082729 0.071032 0.056937 0.043601 0.031898 0.021539 0.014068 0.008708 0.005000 0.002792 0.001433 0.000723 0.000338 0.000163 0.000060 0.000031 0.000015 0.000004 0.000000 0.000000 0.000000 0.000000 0.000000 0.000000 0.000000 
t: 0.027272727273 start: 35 end: 83 0.000003 0.000006 0.000005 0.000026 0.000078 0.000179 0.000380 0.000876 0.001828 0.003555 0.006555 0.011162 0.018167 0.027477 0.038841 0.052054 0.065376 0.078270 0.087510 0.093533 0.093760 0.089287 0.080408 0.068687 0.055234 0.042151 0.030322 0.021195 0.013995 0.008457 0.004899 0.002808 0.001536 0.000735 0.000342 0.000182 0.000070 0.000032 0.000013 0.000005 0.000000 0.000001 0.000000 0.000000 0.000000 0.000000 0.000000 0.000000 0.000000 
t: 0.026086956522 start: 36 end: 86 0.000002 0.000002 0.000007 0.000021 0.000045 0.000080 0.000223 0.000551 0.001180 0.002236 0.004410 0.007807 0.012849 0.020382 0.030124 0.041650 0.054776 0.067349 0.079541 0.087822 0.092837 0.091983 0.086806 0.077683 0.065584 0.052646 0.040412 0.029252 0.020026 0.012994 0.008183 0.004929 0.002717 0.001481 0.000756 0.000365 0.000156 0.000086 0.000028 0.000013 0.000003 0.000002 0.000001 0.000000 0.000000 0.000000 0.000000 0.000000 0.000000 0.000000 0.000000 
t: 0.025000000000 start: 36 end: 88 0.000001 0.000001 0.000000 0.000004 0.000009 0.000027 0.000056 0.000141 0.000331 0.000738 0.001514 0.002980 0.005260 0.009401 0.014990 0.023046 0.033223 0.044951 0.057714 0.069910 0.081152 0.088310 0.091180 0.089947 0.084126 0.073812 0.062789 0.050086 0.037809 0.027578 0.018919 0.012403 0.007722 0.004559 0.002615 0.001332 0.000718 0.000369 0.000148 0.000071 0.000040 0.000011 0.000003 0.000002 0.000001 0.000001 0.000000 0.000000 0.000000 0.000000 0.000000 0.000000 0.000000 
t: 0.024000000000 start: 38 end: 89 0.000001 0.000001 0.000000 0.000009 0.000014 0.000043 0.000089 0.000184 0.000505 0.000999 0.002052 0.003838 0.006511 0.011259 0.017533 0.026165 0.036524 0.048665 0.061268 0.072671 0.082606 0.088513 0.089947 0.087282 0.080560 0.071040 0.059138 0.046822 0.035472 0.025264 0.017336 0.011497 0.007168 0.004125 0.002387 0.001257 0.000655 0.000306 0.000173 0.000071 0.000037 0.000006 0.000004 0.000002 0.000001 0.000000 0.000000 0.000000 0.000000 0.000000 0.000000 0.000000 
t: 0.023076923077 start: 40 end: 91 0.000001 0.000000 0.000006 0.000013 0.000024 0.000065 0.000120 0.000308 0.000703 0.001443 0.002646 0.004863 0.008258 0.013474 0.020775 0.029653 0.040490 0.052464 0.064829 0.075804 0.083721 0.088579 0.088262 0.084034 0.077290 0.067117 0.055034 0.043374 0.032692 0.023155 0.015783 0.010426 0.006472 0.003720 0.002092 0.001158 0.000618 0.000282 0.000153 0.000049 0.000031 0.000012 0.000003 0.000003 0.000000 0.000000 0.000000 0.000001 0.000000 0.000000 0.000000 0.000000 
t: 0.022222222222 start: 42 end: 95 0.000001 0.000001 0.000004 0.000019 0.000042 0.000100 0.000230 0.000448 0.000991 0.002037 0.003549 0.006249 0.010205 0.016308 0.024211 0.033922 0.044625 0.056809 0.068027 0.078441 0.084859 0.087748 0.086530 0.081547 0.072766 0.062648 0.051020 0.040059 0.029349 0.020906 0.014378 0.009191 0.005625 0.003276 0.001878 0.001019 0.000521 0.000249 0.000121 0.000050 0.000023 0.000012 0.000002 0.000002 0.000001 0.000001 0.000000 0.000000 0.000000 0.000000 0.000000 0.000000 0.000000 0.000000 
t: 0.021428571428 start: 45 end: 96 0.000003 0.000012 0.000030 0.000053 0.000158 0.000315 0.000739 0.001500 0.002666 0.004697 0.007830 0.012849 0.019565 0.028360 0.038134 0.049574 0.060550 0.071588 0.080958 0.085004 0.087358 0.083803 0.078146 0.068659 0.058148 0.046785 0.035802 0.026512 0.018669 0.012533 0.007917 0.004900 0.002832 0.001618 0.000874 0.000475 0.000218 0.000081 0.000051 0.000021 0.000008 0.000002 0.000002 0.000000 0.000001 0.000000 0.000000 0.000000 0.000000 0.000000 0.000000 0.000000 
t: 0.020689655172 start: 46 end: 97 0.000002 0.000009 0.000022 0.000038 0.000113 0.000256 0.000495 0.001094 0.002104 0.003599 0.006185 0.010084 0.015918 0.023416 0.032560 0.042876 0.054074 0.065461 0.075265 0.082392 0.086032 0.084498 0.081329 0.073799 0.064424 0.053044 0.042153 0.032190 0.023397 0.016282 0.010830 0.006722 0.004147 0.002413 0.001359 0.000735 0.000366 0.000170 0.000079 0.000033 0.000021 0.000010 0.000003 0.000000 0.000000 0.000000 0.000001 0.000000 0.000000 0.000000 0.000000 0.000000 
t: 0.020000000000 start: 47 end: 98 0.000001 0.000006 0.000015 0.000043 0.000074 0.000183 0.000403 0.000792 0.001566 0.002789 0.005019 0.008189 0.012704 0.019623 0.027563 0.037285 0.048397 0.059360 0.069603 0.078124 0.083298 0.085293 0.082989 0.077491 0.069380 0.058987 0.048043 0.037825 0.028323 0.020121 0.013972 0.009028 0.005778 0.003462 0.002011 0.001131 0.000589 0.000280 0.000141 0.000065 0.000030 0.000015 0.000008 0.000000 0.000000 0.000001 0.000000 0.000000 0.000000 0.000000 0.000000 0.000000 
t: 0.019354838710 start: 47 end: 101 0.000001 0.000001 0.000004 0.000013 0.000026 0.000071 0.000143 0.000290 0.000610 0.001177 0.002164 0.004043 0.006736 0.010631 0.016162 0.023473 0.032568 0.042908 0.053598 0.064412 0.073530 0.080641 0.083537 0.083398 0.080243 0.073108 0.064212 0.054040 0.042942 0.033257 0.024474 0.017287 0.011795 0.007559 0.004719 0.002844 0.001600 0.000905 0.000480 0.000214 0.000100 0.000043 0.000022 0.000013 0.000004 0.000001 0.000001 0.000000 0.000000 0.000000 0.000000 0.000000 0.000000 0.000000 0.000000 
t: 0.018750000000 start: 49 end: 102 0.000001 0.000002 0.000006 0.000023 0.000051 0.000109 0.000229 0.000478 0.000947 0.001791 0.003244 0.005482 0.008829 0.013661 0.020101 0.028440 0.037759 0.048678 0.059266 0.068990 0.076807 0.081505 0.083462 0.081597 0.076112 0.068749 0.058677 0.047921 0.038280 0.028652 0.020892 0.014782 0.009729 0.006069 0.003843 0.002196 0.001292 0.000665 0.000377 0.000158 0.000080 0.000037 0.000020 0.000007 0.000001 0.000003 0.000000 0.000000 0.000000 0.000000 0.000000 0.000000 0.000000 0.000000 
t: 0.018181818182 start: 51 end: 103 0.000003 0.000003 0.000018 0.000049 0.000073 0.000192 0.000363 0.000788 0.001452 0.002595 0.004584 0.007343 0.011707 0.017445 0.024639 0.033842 0.043708 0.054586 0.064083 0.072931 0.079458 0.082473 0.082248 0.078391 0.071936 0.062724 0.052916 0.042493 0.033220 0.024719 0.017463 0.011866 0.007911 0.005012 0.003056 0.001727 0.000976 0.000506 0.000258 0.000149 0.000054 0.000024 0.000006 0.000007 0.000003 0.000000 0.000000 0.000000 0.000000 0.000000 0.000000 0.000000 0.000000 
t: 0.017647058823 start: 51 end: 104 0.000001 0.000002 0.000003 0.000017 0.000029 0.000065 0.000152 0.000305 0.000641 0.001185 0.002235 0.003708 0.006331 0.009889 0.015305 0.021868 0.029882 0.039484 0.049955 0.059927 0.069134 0.076723 0.080822 0.082493 0.079724 0.074337 0.066436 0.057293 0.046622 0.037459 0.028225 0.020216 0.014407 0.009711 0.006335 0.003946 0.002304 0.001356 0.000736 0.000367 0.000208 0.000093 0.000033 0.000028 0.000006 0.000002 0.000000 0.000000 0.000000 0.000000 0.000000 0.000000 0.000000 0.000000 
t: 0.017142857143 start: 52 end: 107 0.000001 0.000001 0.000007 0.000007 0.000027 0.000053 0.000115 0.000263 0.000542 0.001027 0.001859 0.003210 0.005318 0.008722 0.013193 0.019023 0.026807 0.036052 0.046301 0.055797 0.065627 0.073236 0.078947 0.081565 0.080530 0.076403 0.069561 0.060719 0.050791 0.041205 0.031615 0.023531 0.016961 0.011675 0.007645 0.004863 0.003025 0.001701 0.000969 0.000578 0.000295 0.000111 0.000073 0.000031 0.000011 0.000003 0.000003 0.000001 0.000000 0.000000 0.000000 0.000000 0.000000 0.000000 0.000000 0.000000 
t: 0.016666666667 start: 54 end: 107 0.000002 0.000004 0.000012 0.000016 0.000042 0.000103 0.000235 0.000458 0.000818 0.001630 0.002741 0.004730 0.007456 0.011557 0.017203 0.024146 0.032856 0.042497 0.052264 0.061915 0.069906 0.077010 0.080717 0.080516 0.077288 0.072061 0.064068 0.054365 0.044816 0.035286 0.026442 0.019524 0.013498 0.009224 0.005928 0.003691 0.002241 0.001281 0.000729 0.000355 0.000191 0.000101 0.000046 0.000020 0.000009 0.000002 0.000000 0.000000 0.000000 0.000000 0.000000 0.000000 0.000000 0.000000 
t: 0.016216216216 start: 55 end: 110 0.000002 0.000005 0.000008 0.000017 0.000031 0.000086 0.000193 0.000371 0.000764 0.001374 0.002415 0.004090 0.006663 0.010406 0.015336 0.021877 0.030240 0.039065 0.048899 0.058586 0.067685 0.074051 0.079023 0.080003 0.078779 0.073577 0.066615 0.058121 0.047585 0.038290 0.029759 0.021786 0.015633 0.010848 0.007057 0.004512 0.002723 0.001593 0.000931 0.000485 0.000259 0.000138 0.000071 0.000031 0.000013 0.000002 0.000001 0.000001 0.000000 0.000000 0.000000 0.000000 0.000000 0.000000 0.000000 0.000000 
t: 0.015789473684 start: 55 end: 110 0.000001 0.000003 0.000003 0.000007 0.000021 0.000027 0.000072 0.000158 0.000333 0.000647 0.001217 0.002170 0.003655 0.005950 0.009339 0.013887 0.020090 0.027664 0.036452 0.045572 0.055629 0.064829 0.072264 0.076783 0.079490 0.078865 0.074774 0.068956 0.060699 0.050938 0.041419 0.032168 0.024542 0.017541 0.012322 0.008355 0.005299 0.003376 0.002049 0.001163 0.000641 0.000295 0.000173 0.000105 0.000032 0.000015 0.000006 0.000004 0.000000 0.000000 0.000000 0.000000 0.000000 0.000000 0.000000 0.000000 
t: 0.015384615385 start: 57 end: 112 0.000001 0.000004 0.000009 0.000010 0.000028 0.000056 0.000148 0.000291 0.000560 0.001082 0.001961 0.003270 0.005283 0.008505 0.012722 0.018602 0.025338 0.033905 0.042940 0.052722 0.062312 0.069590 0.075668 0.078499 0.078695 0.076477 0.070367 0.062696 0.053719 0.043943 0.035156 0.026873 0.019457 0.013949 0.009431 0.006247 0.004047 0.002373 0.001435 0.000806 0.000401 0.000219 0.000119 0.000047 0.000020 0.000011 0.000005 0.000001 0.000000 0.000000 0.000000 0.000000 0.000000 0.000000 0.000000 0.000000 
t: 0.015000000000 start: 59 end: 114 0.000005 0.000008 0.000008 0.000024 0.000053 0.000146 0.000254 0.000525 0.000940 0.001754 0.002997 0.004907 0.007742 0.011768 0.017035 0.023553 0.031780 0.040861 0.050364 0.059235 0.067827 0.073958 0.077166 0.078884 0.076400 0.071876 0.064902 0.056007 0.046662 0.037532 0.028913 0.021355 0.015557 0.010758 0.007025 0.004563 0.002941 0.001695 0.000962 0.000507 0.000297 0.000136 0.000072 0.000029 0.000009 0.000005 0.000002 0.000001 0.000000 0.000000 0.000000 0.000000 0.000000 0.000000 0.000000 0.000000 
t: 0.014634146341 start: 60 end: 115 0.000005 0.000006 0.000010 0.000028 0.000057 0.000117 0.000223 0.000460 0.000939 0.001575 0.002730 0.004520 0.007150 0.011062 0.015827 0.022198 0.029580 0.038879 0.048162 0.057301 0.065196 0.072294 0.076659 0.078104 0.076742 0.072853 0.066438 0.057865 0.049182 0.039436 0.031044 0.023541 0.016937 0.011917 0.007881 0.005259 0.003401 0.001977 0.001126 0.000661 0.000345 0.000169 0.000080 0.000036 0.000014 0.000009 0.000004 0.000001 0.000000 0.000000 0.000000 0.000000 0.000000 0.000000 0.000000 0.000000 
t: 0.014285714286 start: 61 end: 117 0.000002 0.000004 0.000017 0.000022 0.000049 0.000112 0.000239 0.000439 0.000813 0.001464 0.002559 0.004120 0.006816 0.010257 0.014896 0.020702 0.028421 0.037068 0.045979 0.055138 0.063902 0.070383 0.075396 0.077764 0.076758 0.073483 0.067472 0.059900 0.050786 0.041833 0.032729 0.025241 0.018447 0.012999 0.008912 0.005866 0.003836 0.002239 0.001332 0.000787 0.000392 0.000220 0.000115 0.000052 0.000019 0.000011 0.000007 0.000001 0.000001 0.000000 0.000000 0.000000 0.000000 0.000000 0.000000 0.000000 0.000000 
t: 0.013953488372 start: 61 end: 117 0.000001 0.000000 0.000005 0.000010 0.000024 0.000048 0.000109 0.000197 0.000405 0.000775 0.001392 0.002350 0.003929 0.006420 0.009633 0.014098 0.019885 0.027023 0.035259 0.044423 0.053561 0.062057 0.069038 0.074521 0.077056 0.076312 0.074052 0.068762 0.060915 0.052681 0.043180 0.034795 0.026660 0.019618 0.014336 0.009794 0.006516 0.004203 0.002578 0.001472 0.000911 0.000473 0.000264 0.000145 0.000061 0.000027 0.000016 0.000006 0.000003 0.000001 0.000000 0.000000 0.000000 0.000000 0.000000 0.000000 0.000000 
t: 0.013636363636 start: 61 end: 118 0.000001 0.000000 0.000001 0.000005 0.000007 0.000018 0.000045 0.000114 0.000179 0.000388 0.000754 0.001298 0.002232 0.003761 0.005944 0.009219 0.013518 0.019019 0.025922 0.034185 0.042616 0.051884 0.060340 0.068193 0.073191 0.076687 0.076359 0.074427 0.069468 0.061823 0.053834 0.044887 0.036156 0.028127 0.021149 0.015255 0.010509 0.007172 0.004569 0.002838 0.001700 0.000996 0.000589 0.000309 0.000162 0.000085 0.000033 0.000017 0.000007 0.000006 0.000002 0.000000 0.000000 0.000000 0.000000 0.000000 0.000000 0.000000 
t: 0.013333333333 start: 64 end: 120 0.000002 0.000004 0.000007 0.000022 0.000037 0.000085 0.000215 0.000330 0.000712 0.001316 0.002117 0.003550 0.005757 0.008861 0.012899 0.018276 0.025149 0.032891 0.041459 0.050571 0.059486 0.066440 0.072285 0.076167 0.076156 0.074741 0.069436 0.062894 0.055119 0.046199 0.037413 0.029499 0.022331 0.015992 0.011300 0.007787 0.004954 0.003116 0.001920 0.001175 0.000632 0.000336 0.000189 0.000082 0.000052 0.000017 0.000016 0.000003 0.000003 0.000000 0.000000 0.000000 0.000000 0.000000 0.000000 0.000000 0.000000 
t: 0.013043478261 start: 65 end: 121 0.000003 0.000001 0.000008 0.000021 0.000046 0.000083 0.000201 0.000327 0.000688 0.001240 0.002064 0.003490 0.005520 0.008510 0.012681 0.017748 0.024170 0.032069 0.040298 0.049698 0.057907 0.065272 0.071888 0.075271 0.076431 0.074130 0.070360 0.063476 0.056001 0.047249 0.038570 0.030613 0.023022 0.016902 0.012042 0.008304 0.005362 0.003357 0.002116 0.001311 0.000736 0.000407 0.000193 0.000110 0.000058 0.000022 0.000013 0.000007 0.000004 0.000000 0.000000 0.000000 0.000000 0.000000 0.000000 0.000000 0.000000 
t: 0.012765957447 start: 65 end: 123 0.000001 0.000000 0.000002 0.000013 0.000021 0.000047 0.000086 0.000171 0.000352 0.000668 0.001221 0.002020 0.003378 0.005398 0.008438 0.012134 0.017257 0.023808 0.031459 0.039794 0.048523 0.056808 0.064486 0.070715 0.074611 0.076103 0.074755 0.070082 0.064314 0.056415 0.048101 0.039639 0.031259 0.024029 0.017617 0.012764 0.008798 0.005704 0.003566 0.002296 0.001455 0.000797 0.000428 0.000233 0.000121 0.000058 0.000027 0.000010 0.000010 0.000005 0.000002 0.000001 0.000000 0.000000 0.000000 0.000000 0.000000 0.000000 0.000000 
t: 0.012500000000 start: 67 end: 125 0.000001 0.000007 0.000008 0.000028 0.000036 0.000093 0.000165 0.000346 0.000677 0.001202 0.001942 0.003344 0.005448 0.008139 0.012018 0.016935 0.023173 0.030672 0.039007 0.048036 0.056445 0.063528 0.070268 0.073784 0.075921 0.074183 0.070627 0.064813 0.056705 0.049103 0.040207 0.032157 0.024533 0.018151 0.013431 0.009089 0.006104 0.003817 0.002537 0.001465 0.000848 0.000506 0.000249 0.000139 0.000052 0.000030 0.000014 0.000009 0.000004 0.000003 0.000001 0.000000 0.000000 0.000000 0.000000 0.000000 0.000000 0.000000 0.000000 
t: 0.012244897959 start: 68 end: 126 0.000003 0.000002 0.000015 0.000026 0.000053 0.000079 0.000169 0.000332 0.000686 0.001182 0.001995 0.003346 0.005246 0.008116 0.011884 0.016886 0.022890 0.030162 0.038613 0.047620 0.055412 0.062981 0.069554 0.073557 0.075560 0.074330 0.070734 0.064621 0.057417 0.049239 0.040834 0.032666 0.025080 0.018797 0.013716 0.009522 0.006309 0.004202 0.002569 0.001584 0.000926 0.000524 0.000314 0.000129 0.000060 0.000027 0.000013 0.000008 0.000007 0.000002 0.000001 0.000000 0.000000 0.000000 0.000000 0.000000 0.000000 0.000000 0.000000 
t: 0.012000000000 start: 69 end: 126 0.000002 0.000010 0.000007 0.000023 0.000047 0.000100 0.000165 0.000356 0.000656 0.001193 0.002018 0.003342 0.005353 0.007889 0.011784 0.016932 0.022950 0.029906 0.037992 0.046750 0.055223 0.062930 0.068891 0.073130 0.075270 0.074152 0.070308 0.064838 0.057799 0.049539 0.041467 0.032831 0.025643 0.019369 0.013960 0.009653 0.006656 0.004306 0.002750 0.001699 0.000975 0.000543 0.000299 0.000153 0.000073 0.000033 0.000017 0.000010 0.000006 0.000000 0.000002 0.000000 0.000000 0.000000 0.000000 0.000000 0.000000 0.000000 
t: 0.011764705882 start: 70 end: 129 0.000002 0.000008 0.000013 0.000020 0.000060 0.000084 0.000187 0.000348 0.000707 0.001220 0.002023 0.003321 0.005350 0.008051 0.011803 0.016895 0.022744 0.030085 0.037943 0.046583 0.054523 0.062777 0.068670 0.072475 0.075024 0.073787 0.070535 0.064527 0.057934 0.049913 0.041268 0.033299 0.026117 0.019582 0.014296 0.009882 0.006657 0.004537 0.002731 0.001762 0.001060 0.000596 0.000276 0.000163 0.000086 0.000039 0.000016 0.000011 0.000004 0.000004 0.000001 0.000001 0.000000 0.000000 0.000000 0.000000 0.000000 0.000000 0.000000 0.000000 
t: 0.011538461538 start: 70 end: 129 0.000002 0.000001 0.000006 0.000010 0.000026 0.000053 0.000095 0.000208 0.000368 0.000713 0.001242 0.002097 0.003329 0.005396 0.008102 0.012107 0.016708 0.022998 0.030051 0.037983 0.046432 0.054686 0.062547 0.067795 0.073005 0.073945 0.074121 0.070033 0.064406 0.057791 0.050056 0.041513 0.033621 0.026010 0.019821 0.014414 0.009974 0.006863 0.004524 0.002798 0.001856 0.001034 0.000610 0.000316 0.000166 0.000078 0.000051 0.000020 0.000010 0.000004 0.000004 0.000000 0.000001 0.000000 0.000000 0.000000 0.000000 0.000000 0.000000 0.000000 
t: 0.011320754717 start: 72 end: 129 0.000003 0.000007 0.000010 0.000031 0.000048 0.000103 0.000205 0.000390 0.000776 0.001253 0.002144 0.003552 0.005366 0.008251 0.012308 0.017100 0.022962 0.030166 0.038080 0.046402 0.054897 0.062413 0.067984 0.072003 0.074432 0.073185 0.069910 0.064200 0.057644 0.049973 0.041182 0.033769 0.026193 0.019771 0.014644 0.010133 0.006942 0.004509 0.002913 0.001800 0.001062 0.000598 0.000323 0.000188 0.000089 0.000043 0.000020 0.000013 0.000008 0.000000 0.000002 0.000000 0.000000 0.000000 0.000000 0.000000 0.000000 0.000000 
t: 0.011111111111 start: 73 end: 130 0.000006 0.000005 0.000007 0.000033 0.000058 0.000115 0.000201 0.000443 0.000776 0.001272 0.002315 0.003484 0.005608 0.008692 0.012432 0.017248 0.023506 0.030288 0.038059 0.046778 0.055079 0.062034 0.068412 0.072084 0.073946 0.072789 0.069291 0.063890 0.057566 0.049591 0.041290 0.033343 0.026326 0.019735 0.014564 0.010174 0.006915 0.004531 0.002885 0.001818 0.001103 0.000600 0.000335 0.000186 0.000090 0.000051 0.000025 0.000015 0.000003 0.000003 0.000000 0.000000 0.000000 0.000000 0.000000 0.000000 0.000000 0.000000 
t: 0.010909090909 start: 74 end: 131 0.000005 0.000003 0.000016 0.000030 0.000052 0.000113 0.000259 0.000465 0.000818 0.001332 0.002296 0.003759 0.005821 0.008795 0.012681 0.017773 0.023744 0.030661 0.038732 0.047188 0.054785 0.062263 0.068357 0.072309 0.073515 0.072707 0.068728 0.063884 0.056808 0.049000 0.041189 0.033086 0.026204 0.019790 0.014257 0.010126 0.006806 0.004529 0.002930 0.001815 0.001040 0.000602 0.000365 0.000185 0.000090 0.000046 0.000026 0.000009 0.000005 0.000001 0.000000 0.000000 0.000000 0.000000 0.000000 0.000000 0.000000 0.000000 
t: 0.010714285714 start: 74 end: 132 0.000001 0.000003 0.000005 0.000019 0.000030 0.000057 0.000125 0.000302 0.000471 0.000879 0.001436 0.002444 0.003747 0.006145 0.009081 0.013146 0.018190 0.024121 0.031392 0.039253 0.047171 0.055441 0.062210 0.068819 0.071961 0.073708 0.072139 0.068463 0.063382 0.055933 0.048663 0.040695 0.032934 0.025667 0.019612 0.014273 0.009826 0.006756 0.004524 0.002850 0.001774 0.001022 0.000596 0.000360 0.000185 0.000104 0.000047 0.000024 0.000008 0.000004 0.000002 0.000000 0.000000 0.000000 0.000000 0.000000 0.000000 0.000000 0.000000 
t: 0.010526315789 start: 75 end: 132 0.000001 0.000000 0.000008 0.000019 0.000031 0.000061 0.000145 0.000289 0.000550 0.000957 0.001504 0.002553 0.004024 0.006416 0.009233 0.013575 0.018793 0.024674 0.032087 0.039758 0.047892 0.055641 0.063206 0.068723 0.072299 0.072836 0.071738 0.068158 0.062166 0.056045 0.047592 0.040771 0.032231 0.025206 0.019062 0.013896 0.009904 0.006726 0.004389 0.002786 0.001742 0.001014 0.000556 0.000362 0.000188 0.000097 0.000059 0.000028 0.000003 0.000003 0.000003 0.000000 0.000000 0.000000 0.000000 0.000000 0.000000 0.000000 
t: 0.010344827586 start: 77 end: 134 0.000004 0.000013 0.000017 0.000038 0.000067 0.000170 0.000286 0.000590 0.000963 0.001698 0.002664 0.004365 0.006590 0.009897 0.014048 0.019230 0.025663 0.032707 0.040378 0.048555 0.056659 0.063177 0.069155 0.072052 0.072837 0.071222 0.067381 0.062268 0.054702 0.047548 0.039416 0.031607 0.024643 0.018649 0.013667 0.009647 0.006468 0.004337 0.002697 0.001658 0.001000 0.000581 0.000314 0.000188 0.000096 0.000055 0.000020 0.000009 0.000002 0.000002 0.000000 0.000000 0.000000 0.000000 0.000000 0.000000 0.000000 0.000000 
t: 0.010169491525 start: 77 end: 135 0.000002 0.000007 0.000012 0.000027 0.000030 0.000103 0.000167 0.000339 0.000604 0.001037 0.001805 0.002908 0.004541 0.007046 0.010396 0.014670 0.019930 0.026511 0.033522 0.041311 0.049657 0.056967 0.063671 0.069496 0.072219 0.072333 0.070838 0.066764 0.060886 0.054362 0.046912 0.038608 0.030685 0.023960 0.018159 0.013354 0.009353 0.006222 0.004170 0.002641 0.001608 0.000931 0.000559 0.000327 0.000180 0.000095 0.000044 0.000018 0.000007 0.000003 0.000003 0.000000 0.000000 0.000000 0.000000 0.000000 0.000000 0.000000 0.000000 
t: 0.010000000000 start: 78 end: 136 0.000002 0.000006 0.000016 0.000018 0.000056 0.000106 0.000209 0.000349 0.000649 0.001129 0.002007 0.003099 0.004841 0.007510 0.010859 0.015316 0.020769 0.027469 0.034320 0.042128 0.050659 0.057796 0.064486 0.069201 0.072295 0.072265 0.070155 0.066518 0.060064 0.053254 0.045750 0.037809 0.029925 0.023283 0.017763 0.012769 0.008927 0.006026 0.004033 0.002586 0.001524 0.000874 0.000523 0.000327 0.000172 0.000077 0.000046 0.000026 0.000002 0.000006 0.000001 0.000000 0.000000 0.000000 0.000000 0.000000 0.000000 0.000000 0.000000 
t: 0.008448275866 start: 85 end: 146 0.000002 0.000003 0.000004 0.000011 0.000014 0.000032 0.000070 0.000165 0.000306 0.000549 0.000888 0.001486 0.002403 0.003768 0.005686 0.008578 0.012219 0.016802 0.022425 0.028658 0.036028 0.043838 0.051178 0.058065 0.064158 0.068649 0.070550 0.070311 0.068422 0.064312 0.058663 0.051837 0.044401 0.037149 0.029290 0.023081 0.017437 0.012689 0.009078 0.006167 0.004122 0.002655 0.001614 0.000992 0.000587 0.000313 0.000176 0.000083 0.000039 0.000026 0.000013 0.000006 0.000001 0.000001 0.000000 0.000000 0.000000 0.000000 0.000000 0.000000 0.000000 0.000000 
t: 0.007313432839 start: 91 end: 155 0.000001 0.000001 0.000005 0.000003 0.000012 0.000016 0.000029 0.000049 0.000143 0.000251 0.000467 0.000774 0.001311 0.002079 0.003359 0.005160 0.007499 0.010839 0.014726 0.019826 0.025728 0.032654 0.039704 0.046897 0.055071 0.060622 0.065639 0.068594 0.070034 0.069175 0.065803 0.060763 0.054884 0.048309 0.040855 0.033122 0.026484 0.020523 0.015234 0.011264 0.007821 0.005276 0.003513 0.002215 0.001403 0.000817 0.000479 0.000266 0.000152 0.000076 0.000040 0.000017 0.000005 0.000007 0.000002 0.000001 0.000001 0.000000 0.000000 0.000000 0.000000 0.000000 0.000000 0.000000 0.000000 
t: 0.006447368423 start: 96 end: 159 0.000001 0.000000 0.000000 0.000002 0.000002 0.000005 0.000018 0.000033 0.000058 0.000117 0.000224 0.000389 0.000645 0.001119 0.001827 0.002980 0.004458 0.006455 0.009384 0.013114 0.017607 0.023616 0.029689 0.036649 0.044181 0.050888 0.057616 0.063423 0.067200 0.069061 0.069329 0.067225 0.063131 0.057323 0.051036 0.043969 0.036547 0.029703 0.023210 0.017544 0.013026 0.009486 0.006374 0.004246 0.002791 0.001763 0.001076 0.000669 0.000397 0.000187 0.000105 0.000062 0.000026 0.000006 0.000004 0.000002 0.000001 0.000000 0.000000 0.000000 0.000000 0.000001 0.000000 0.000000 
t: 0.005764705884 start: 101 end: 164 0.000001 0.000000 0.000000 0.000001 0.000002 0.000001 0.000007 0.000031 0.000033 0.000081 0.000139 0.000279 0.000516 0.000865 0.001440 0.002304 0.003610 0.005250 0.007726 0.011019 0.014938 0.019909 0.026138 0.032622 0.039521 0.046825 0.053739 0.059988 0.064715 0.068540 0.069092 0.068331 0.065846 0.060744 0.055020 0.047865 0.040977 0.033985 0.027056 0.020951 0.015448 0.011438 0.008079 0.005453 0.003710 0.002356 0.001408 0.000904 0.000478 0.000301 0.000164 0.000085 0.000038 0.000019 0.000005 0.000005 0.000001 0.000000 0.000000 0.000000 0.000000 0.000000 0.000001 0.000000 
t: 0.005212765959 start: 109 end: 171 0.000002 0.000002 0.000008 0.000016 0.000024 0.000040 0.000078 0.000177 0.000321 0.000565 0.000921 0.001542 0.002439 0.003670 0.005701 0.007993 0.011512 0.015519 0.020153 0.026839 0.033117 0.040421 0.047265 0.054515 0.060662 0.065321 0.067984 0.069499 0.068311 0.065185 0.060538 0.054232 0.047660 0.040083 0.033086 0.026337 0.020364 0.015081 0.010975 0.007822 0.005212 0.003454 0.002175 0.001387 0.000826 0.000442 0.000235 0.000149 0.000081 0.000034 0.000013 0.000007 0.000003 0.000000 0.000000 0.000001 0.000000 0.000001 0.000000 0.000000 0.000000 0.000000 0.000000 
t: 0.004757281555 start: 112 end: 175 0.000002 0.000001 0.000003 0.000001 0.000010 0.000016 0.000037 0.000073 0.000149 0.000276 0.000443 0.000807 0.001350 0.002105 0.003221 0.004793 0.006999 0.010164 0.014089 0.018918 0.024281 0.030796 0.038168 0.045200 0.052729 0.058090 0.063548 0.067615 0.069599 0.069158 0.066734 0.062340 0.056672 0.049763 0.042965 0.035373 0.028317 0.021843 0.016747 0.012320 0.008588 0.005756 0.003890 0.002425 0.001531 0.000936 0.000509 0.000319 0.000175 0.000084 0.000038 0.000015 0.000010 0.000006 0.000000 0.000000 0.000001 0.000002 0.000000 0.000000 0.000000 0.000000 0.000000 0.000000 
t: 0.004375000001 start: 114 end: 177 0.000001 0.000001 0.000000 0.000001 0.000003 0.000004 0.000011 0.000016 0.000048 0.000073 0.000175 0.000293 0.000492 0.000837 0.001381 0.002181 0.003420 0.005045 0.007422 0.010437 0.014442 0.019468 0.025409 0.031877 0.038732 0.046112 0.053628 0.059833 0.064725 0.068488 0.069723 0.069519 0.066289 0.061787 0.055815 0.048934 0.041503 0.034099 0.027309 0.021226 0.015790 0.011505 0.007865 0.005294 0.003497 0.002216 0.001269 0.000814 0.000475 0.000253 0.000126 0.000065 0.000033 0.000023 0.000009 0.000004 0.000000 0.000003 0.000000 0.000000 0.000000 0.000000 0.000000 0.000000 
t: 0.004049586778 start: 119 end: 181 0.000001 0.000001 0.000001 0.000003 0.000007 0.000017 0.000039 0.000068 0.000104 0.000182 0.000388 0.000682 0.001114 0.001727 0.002768 0.004075 0.006246 0.008872 0.012627 0.016697 0.022232 0.028536 0.035699 0.042819 0.050409 0.057387 0.062952 0.067264 0.070270 0.070230 0.068402 0.064692 0.058843 0.052194 0.045010 0.037162 0.030367 0.023373 0.017703 0.013025 0.009172 0.006154 0.004066 0.002691 0.001586 0.000961 0.000526 0.000319 0.000177 0.000077 0.000044 0.000022 0.000014 0.000002 0.000000 0.000000 0.000001 0.000000 0.000000 0.000000 0.000000 0.000000 0.000000 
t: 0.003769230770 start: 124 end: 185 0.000002 0.000003 0.000004 0.000020 0.000034 0.000056 0.000108 0.000175 0.000330 0.000601 0.001010 0.001596 0.002575 0.003803 0.005771 0.008454 0.011926 0.016254 0.021324 0.028003 0.034715 0.042074 0.049560 0.056848 0.062479 0.067777 0.069850 0.071227 0.069342 0.065479 0.059871 0.053214 0.045587 0.037955 0.030920 0.023914 0.017999 0.013190 0.009259 0.006284 0.004108 0.002634 0.001624 0.000901 0.000514 0.000287 0.000173 0.000091 0.000040 0.000024 0.000006 0.000003 0.000001 0.000001 0.000000 0.000000 0.000000 0.000000 0.000000 0.000000 0.000000 0.000000 
t: 0.003525179857 start: 126 end: 187 0.000001 0.000001 0.000002 0.000012 0.000014 0.000027 0.000057 0.000100 0.000204 0.000376 0.000641 0.001019 0.001656 0.002593 0.004141 0.006039 0.008826 0.012330 0.017112 0.022476 0.028903 0.035832 0.043328 0.051251 0.057964 0.064405 0.068356 0.071257 0.071510 0.068905 0.065377 0.059310 0.051764 0.044297 0.036340 0.029050 0.022662 0.016814 0.012131 0.008318 0.005650 0.003720 0.002197 0.001334 0.000779 0.000446 0.000226 0.000120 0.000076 0.000024 0.000013 0.000011 0.000001 0.000002 0.000000 0.000000 0.000000 0.000000 0.000000 0.000000 0.000000 0.000000 
t: 0.003310810811 start: 130 end: 188 0.000001 0.000007 0.000014 0.000016 0.000034 0.000078 0.000131 0.000257 0.000468 0.000724 0.001213 0.001942 0.003080 0.004733 0.007007 0.010054 0.013891 0.019119 0.025011 0.031731 0.039476 0.046969 0.054390 0.060975 0.067187 0.070531 0.071777 0.071196 0.068297 0.063205 0.056112 0.048759 0.040730 0.033204 0.026039 0.019436 0.014142 0.010086 0.007036 0.004423 0.002730 0.001678 0.000935 0.000524 0.000316 0.000169 0.000088 0.000042 0.000023 0.000009 0.000005 0.000000 0.000000 0.000000 0.000000 0.000000 0.000000 0.000000 0.000000 
t: 0.003121019109 start: 131 end: 192 0.000001 0.000002 0.000001 0.000010 0.000010 0.000020 0.000054 0.000117 0.000208 0.000342 0.000605 0.000989 0.001568 0.002520 0.003966 0.005945 0.008785 0.012351 0.016891 0.022678 0.029278 0.036985 0.043934 0.052146 0.059706 0.065394 0.069875 0.072605 0.072068 0.069934 0.065246 0.059461 0.051348 0.043651 0.035465 0.028053 0.021195 0.015757 0.011032 0.007579 0.004951 0.003029 0.001870 0.001047 0.000628 0.000348 0.000185 0.000086 0.000040 0.000024 0.000007 0.000006 0.000003 0.000001 0.000000 0.000000 0.000000 0.000000 0.000000 0.000000 0.000000 0.000000 
t: 0.002951807229 start: 133 end: 192 0.000002 0.000000 0.000001 0.000003 0.000016 0.000014 0.000054 0.000091 0.000169 0.000315 0.000510 0.000848 0.001363 0.002287 0.003533 0.005424 0.008171 0.011682 0.015867 0.021386 0.028184 0.035444 0.042955 0.051047 0.059021 0.065277 0.069996 0.072686 0.072899 0.071357 0.066404 0.060703 0.053048 0.044853 0.036202 0.028543 0.022039 0.016153 0.011316 0.007767 0.005023 0.003082 0.001877 0.001105 0.000578 0.000341 0.000175 0.000105 0.000049 0.000017 0.000011 0.000005 0.000002 0.000000 0.000000 0.000000 0.000000 0.000000 0.000000 0.000000 
t: 0.002800000000 start: 136 end: 195 0.000001 0.000002 0.000004 0.000005 0.000019 0.000057 0.000081 0.000143 0.000296 0.000485 0.000821 0.001349 0.002269 0.003535 0.005300 0.007878 0.011388 0.015877 0.021479 0.027920 0.035526 0.043322 0.051389 0.059445 0.065560 0.070377 0.073771 0.073801 0.071584 0.066948 0.060837 0.052966 0.044472 0.036145 0.028239 0.021476 0.015594 0.010844 0.007264 0.004756 0.002942 0.001715 0.000978 0.000575 0.000300 0.000133 0.000074 0.000033 0.000017 0.000004 0.000003 0.000001 0.000000 0.000000 0.000000 0.000000 0.000000 0.000000 0.000000 0.000000 
t: 0.002663043479 start: 139 end: 196 0.000002 0.000005 0.000009 0.000026 0.000046 0.000086 0.000156 0.000295 0.000524 0.000856 0.001385 0.002371 0.003569 0.005617 0.008175 0.011932 0.016380 0.022390 0.028895 0.036704 0.044696 0.053198 0.060637 0.067334 0.072042 0.074442 0.074225 0.071173 0.066709 0.059886 0.051517 0.043206 0.034653 0.026592 0.019864 0.014360 0.009753 0.006568 0.004220 0.002408 0.001374 0.000851 0.000429 0.000236 0.000113 0.000049 0.000023 0.000009 0.000008 0.000002 0.000000 0.000000 0.000000 0.000000 0.000000 0.000000 0.000000 0.000000 
t: 0.002538860104 start: 141 end: 197 0.000004 0.000004 0.000008 0.000021 0.000060 0.000096 0.000195 0.000307 0.000556 0.000915 0.001595 0.002562 0.004106 0.006078 0.009036 0.012842 0.017851 0.024439 0.030777 0.039185 0.047435 0.055718 0.063205 0.069695 0.073513 0.075346 0.073924 0.070791 0.064878 0.057738 0.049419 0.040071 0.032021 0.024031 0.017720 0.012478 0.008418 0.005384 0.003258 0.001995 0.001113 0.000618 0.000306 0.000151 0.000072 0.000028 0.000021 0.000014 0.000002 0.000000 0.000000 0.000000 0.000000 0.000000 0.000000 0.000000 0.000000 
t: 0.002425742574 start: 142 end: 199 0.000001 0.000003 0.000004 0.000019 0.000027 0.000046 0.000108 0.000224 0.000381 0.000647 0.001128 0.001841 0.003012 0.004689 0.007119 0.010199 0.014524 0.020178 0.026709 0.034403 0.042328 0.051244 0.059075 0.067048 0.072334 0.075250 0.075689 0.073771 0.069006 0.062526 0.054086 0.045144 0.036546 0.028023 0.021172 0.014895 0.010340 0.006621 0.004267 0.002432 0.001405 0.000748 0.000407 0.000200 0.000095 0.000044 0.000027 0.000008 0.000003 0.000004 0.000000 0.000000 0.000000 0.000000 0.000000 0.000000 0.000000 0.000000 
t: 0.002322274882 start: 143 end: 201 0.000001 0.000000 0.000004 0.000009 0.000018 0.000026 0.000082 0.000125 0.000269 0.000488 0.000866 0.001368 0.002275 0.003677 0.005773 0.008388 0.012230 0.017267 0.023004 0.030514 0.038692 0.047016 0.056234 0.063433 0.070808 0.074530 0.076726 0.076020 0.072031 0.066152 0.057880 0.049492 0.040243 0.031815 0.023785 0.017436 0.011873 0.007924 0.004995 0.002977 0.001689 0.000917 0.000495 0.000228 0.000109 0.000069 0.000029 0.000010 0.000003 0.000003 0.000001 0.000001 0.000000 0.000000 0.000000 0.000000 0.000000 0.000000 0.000000 
t: 0.002227272727 start: 147 end: 202 0.000005 0.000011 0.000026 0.000053 0.000104 0.000187 0.000350 0.000662 0.001106 0.001807 0.002932 0.004734 0.007191 0.010537 0.014851 0.020664 0.027587 0.035519 0.043865 0.052577 0.061355 0.068744 0.074024 0.077149 0.077162 0.074413 0.068880 0.061525 0.053047 0.043416 0.034360 0.026373 0.019427 0.013400 0.008940 0.005581 0.003337 0.001932 0.001096 0.000562 0.000257 0.000133 0.000068 0.000030 0.000013 0.000002 0.000003 0.000003 0.000000 0.000000 0.000000 0.000000 0.000000 0.000000 0.000000 0.000000 
t: 0.002139737991 start: 147 end: 203 0.000001 0.000002 0.000011 0.000017 0.000035 0.000077 0.000164 0.000277 0.000544 0.000890 0.001426 0.002525 0.003904 0.006269 0.009233 0.013447 0.018736 0.025166 0.033002 0.041190 0.050563 0.059346 0.066958 0.073122 0.077419 0.078250 0.076377 0.070895 0.064436 0.055436 0.046194 0.036815 0.028103 0.020616 0.014642 0.009678 0.006080 0.003732 0.002110 0.001154 0.000607 0.000270 0.000161 0.000067 0.000032 0.000012 0.000005 0.000002 0.000002 0.000000 0.000000 0.000000 0.000000 0.000000 0.000000 0.000000 0.000000 
t: 0.002058823530 start: 149 end: 203 0.000001 0.000008 0.000011 0.000021 0.000061 0.000138 0.000223 0.000422 0.000746 0.001281 0.002107 0.003516 0.005503 0.008335 0.012260 0.017261 0.023602 0.031042 0.039389 0.048821 0.057643 0.065925 0.072912 0.077415 0.078995 0.077518 0.073210 0.066179 0.057336 0.047923 0.038633 0.029525 0.021713 0.015251 0.010059 0.006450 0.003885 0.002245 0.001234 0.000608 0.000336 0.000147 0.000069 0.000025 0.000010 0.000003 0.000000 0.000003 0.000000 0.000000 0.000000 0.000000 0.000000 0.000000 0.000000 
t: 0.001983805668 start: 150 end: 204 0.000003 0.000004 0.000011 0.000023 0.000041 0.000107 0.000194 0.000369 0.000663 0.001089 0.002008 0.003136 0.004985 0.007700 0.011495 0.016425 0.022248 0.029690 0.038191 0.047488 0.056730 0.065460 0.072498 0.077986 0.079772 0.078080 0.074736 0.067565 0.058557 0.049514 0.039366 0.030574 0.022387 0.015521 0.010297 0.006442 0.003952 0.002254 0.001248 0.000613 0.000311 0.000161 0.000058 0.000033 0.000010 0.000002 0.000000 0.000000 0.000003 0.000000 0.000000 0.000000 0.000000 0.000000 0.000000 
t: 0.001914062500 start: 151 end: 204 0.000001 0.000003 0.000006 0.000015 0.000059 0.000093 0.000165 0.000298 0.000592 0.001051 0.001762 0.002972 0.004820 0.007185 0.010848 0.015749 0.021450 0.029116 0.037629 0.046865 0.056243 0.065485 0.072907 0.078394 0.080201 0.079461 0.075390 0.068463 0.059455 0.049888 0.040138 0.030356 0.022603 0.015502 0.010200 0.006340 0.003857 0.002196 0.001138 0.000567 0.000289 0.000142 0.000072 0.000023 0.000008 0.000000 0.000000 0.000003 0.000000 0.000000 0.000000 0.000000 0.000000 0.000000 
t: 0.001849056604 start: 151 end: 207 0.000001 0.000000 0.000001 0.000004 0.000017 0.000039 0.000081 0.000148 0.000299 0.000573 0.001021 0.001606 0.002876 0.004492 0.007056 0.010733 0.015252 0.021492 0.028877 0.037471 0.046713 0.056518 0.065708 0.073372 0.078484 0.081375 0.080277 0.076094 0.068728 0.059912 0.050270 0.039510 0.030395 0.021826 0.015185 0.009776 0.006222 0.003518 0.002022 0.001039 0.000554 0.000243 0.000134 0.000052 0.000021 0.000007 0.000002 0.000002 0.000001 0.000001 0.000000 0.000000 0.000000 0.000000 0.000000 0.000000 0.000000 
t: 0.001788321168 start: 152 end: 207 0.000001 0.000000 0.000002 0.000004 0.000013 0.000037 0.000080 0.000147 0.000277 0.000557 0.000985 0.001718 0.002720 0.004469 0.007065 0.010643 0.015438 0.021746 0.028833 0.037404 0.047190 0.057416 0.066633 0.074150 0.079965 0.081750 0.080480 0.076602 0.068721 0.059850 0.049332 0.038963 0.029406 0.021206 0.014356 0.009366 0.005643 0.003292 0.001731 0.000933 0.000479 0.000219 0.000120 0.000039 0.000013 0.000000 0.000001 0.000003 0.000001 0.000000 0.000001 0.000000 0.000000 0.000000 0.000000 0.000000 
t: 0.001731448763 start: 153 end: 208 0.000001 0.000000 0.000001 0.000005 0.000020 0.000038 0.000074 0.000145 0.000297 0.000566 0.000963 0.001663 0.002820 0.004520 0.007132 0.010789 0.015931 0.022036 0.029631 0.038014 0.048558 0.058397 0.067914 0.075680 0.080551 0.082535 0.081185 0.076356 0.068280 0.059324 0.047912 0.037671 0.028279 0.019885 0.013258 0.008465 0.005238 0.002841 0.001493 0.000816 0.000398 0.000206 0.000071 0.000029 0.000006 0.000000 0.000003 0.000001 0.000001 0.000001 0.000000 0.000000 0.000000 0.000000 0.000000 0.000000 
t: 0.001678082192 start: 154 end: 209 0.000001 0.000000 0.000002 0.000007 0.000014 0.000035 0.000083 0.000153 0.000298 0.000567 0.001010 0.001717 0.002946 0.004725 0.007205 0.011384 0.016412 0.022763 0.030819 0.039797 0.049768 0.060041 0.069285 0.077443 0.081959 0.083351 0.081038 0.075820 0.067920 0.057213 0.046469 0.035985 0.026309 0.018297 0.012093 0.007647 0.004501 0.002426 0.001262 0.000701 0.000317 0.000132 0.000052 0.000023 0.000003 0.000004 0.000001 0.000001 0.000001 0.000000 0.000000 0.000000 0.000000 0.000000 0.000000 0.000000 
t: 0.001627906977 start: 156 end: 210 0.000001 0.000003 0.000003 0.000023 0.000036 0.000070 0.000181 0.000296 0.000596 0.001029 0.001872 0.003068 0.004975 0.007870 0.012033 0.017124 0.023987 0.032257 0.041674 0.052000 0.062077 0.071596 0.078680 0.083071 0.084188 0.080906 0.075245 0.066061 0.055229 0.044225 0.033663 0.024450 0.016357 0.010716 0.006698 0.003711 0.002069 0.001075 0.000518 0.000213 0.000099 0.000037 0.000007 0.000006 0.000003 0.000001 0.000000 0.000001 0.000000 0.000000 0.000000 0.000000 0.000000 0.000000 0.000000 
t: 0.001580645161 start: 157 end: 210 0.000001 0.000001 0.000008 0.000012 0.000046 0.000094 0.000159 0.000340 0.000632 0.001185 0.001952 0.003447 0.005427 0.008499 0.012758 0.018309 0.025595 0.034172 0.044136 0.054404 0.064872 0.074133 0.080260 0.084647 0.084108 0.080802 0.073264 0.063732 0.052839 0.041352 0.031254 0.021844 0.014654 0.009339 0.005480 0.003134 0.001646 0.000844 0.000363 0.000162 0.000062 0.000017 0.000009 0.000004 0.000001 0.000000 0.000001 0.000000 0.000000 0.000000 0.000000 0.000000 0.000000 0.000000 
t: 0.001536050157 start: 158 end: 210 0.000001 0.000004 0.000010 0.000014 0.000047 0.000107 0.000193 0.000368 0.000722 0.001314 0.002252 0.003697 0.005961 0.009385 0.013754 0.019985 0.027519 0.036552 0.047237 0.057247 0.067870 0.076336 0.082780 0.084869 0.084655 0.079539 0.071432 0.060937 0.049599 0.038256 0.028292 0.019370 0.012664 0.007740 0.004532 0.002427 0.001285 0.000597 0.000278 0.000114 0.000039 0.000010 0.000007 0.000002 0.000000 0.000001 0.000000 0.000000 0.000000 0.000000 0.000000 0.000000 0.000000 
t: 0.001493902439 start: 159 end: 210 0.000001 0.000005 0.000012 0.000019 0.000058 0.000119 0.000227 0.000442 0.000796 0.001459 0.002568 0.004132 0.006821 0.010189 0.015411 0.021765 0.030036 0.039566 0.050404 0.060629 0.070906 0.079334 0.084336 0.085986 0.084127 0.077957 0.068737 0.057454 0.046060 0.034721 0.024998 0.016754 0.010585 0.006326 0.003471 0.001927 0.000944 0.000408 0.000202 0.000075 0.000021 0.000008 0.000003 0.000000 0.000001 0.000000 0.000000 0.000000 0.000000 0.000000 0.000000 0.000000 
t: 0.001454005935 start: 160 end: 210 0.000003 0.000007 0.000014 0.000028 0.000068 0.000136 0.000271 0.000508 0.000948 0.001640 0.002925 0.004793 0.007600 0.011743 0.017196 0.023862 0.032919 0.042978 0.054106 0.064380 0.074598 0.081716 0.086201 0.086643 0.082611 0.075790 0.065349 0.053517 0.042044 0.030884 0.021587 0.014110 0.008648 0.004873 0.002781 0.001383 0.000661 0.000304 0.000123 0.000032 0.000012 0.000006 0.000001 0.000001 0.000000 0.000000 0.000000 0.000000 0.000000 0.000000 0.000000 
t: 0.001416184971 start: 161 end: 210 0.000004 0.000006 0.000015 0.000044 0.000082 0.000179 0.000298 0.000618 0.001114 0.002007 0.003366 0.005564 0.008698 0.013207 0.019364 0.026832 0.036405 0.046883 0.057982 0.068722 0.078154 0.084332 0.087449 0.086431 0.081236 0.072149 0.061206 0.049430 0.037269 0.026916 0.018141 0.011609 0.006820 0.003790 0.001946 0.000987 0.000463 0.000193 0.000062 0.000016 0.000008 0.000002 0.000001 0.000000 0.000000 0.000000 0.000000 0.000000 0.000000 0.000000 
t: 0.001380281690 start: 161 end: 210 0.000003 0.000003 0.000010 0.000024 0.000043 0.000102 0.000204 0.000387 0.000720 0.001353 0.002396 0.003981 0.006429 0.010020 0.015349 0.021842 0.030160 0.040343 0.051264 0.062539 0.073205 0.081554 0.086536 0.088292 0.085820 0.078276 0.068414 0.056596 0.044174 0.032596 0.022857 0.014909 0.009211 0.005189 0.002717 0.001384 0.000658 0.000274 0.000116 0.000039 0.000006 0.000004 0.000000 0.000001 0.000000 0.000000 0.000000 0.000000 0.000000 0.000000 
t: 0.001346153846 start: 161 end: 210 0.000002 0.000001 0.000008 0.000012 0.000025 0.000053 0.000129 0.000243 0.000489 0.000943 0.001662 0.002851 0.004789 0.007500 0.011701 0.017687 0.025050 0.034045 0.044922 0.056110 0.067175 0.077736 0.084636 0.088293 0.089028 0.083120 0.075195 0.063429 0.051405 0.038802 0.027928 0.018921 0.011857 0.006898 0.003827 0.001885 0.000989 0.000391 0.000182 0.000056 0.000020 0.000004 0.000000 0.000001 0.000000 0.000000 0.000000 0.000000 0.000000 0.000000 
t: 0.001313672922 start: 163 end: 210 0.000003 0.000011 0.000016 0.000031 0.000071 0.000149 0.000337 0.000628 0.001132 0.002034 0.003475 0.005688 0.009039 0.013880 0.020648 0.028545 0.038692 0.049664 0.061412 0.072515 0.081392 0.087643 0.090114 0.087309 0.080816 0.070208 0.058217 0.045171 0.033638 0.023318 0.015093 0.009079 0.005090 0.002680 0.001294 0.000590 0.000257 0.000085 0.000026 0.000009 0.000000 0.000000 0.000001 0.000000 0.000000 0.000000 0.000000 0.000000 
t: 0.001282722513 start: 163 end: 210 0.000002 0.000004 0.000014 0.000019 0.000037 0.000098 0.000204 0.000418 0.000774 0.001403 0.002601 0.004260 0.006934 0.010800 0.016668 0.023908 0.033110 0.043474 0.055157 0.067143 0.077389 0.084987 0.090377 0.089826 0.085409 0.076778 0.064751 0.052052 0.039192 0.028454 0.018609 0.011670 0.006718 0.003598 0.001753 0.000850 0.000386 0.000115 0.000038 0.000018 0.000001 0.000000 0.000001 0.000000 0.000000 0.000000 0.000000 0.000000 
t: 0.001253196931 start: 163 end: 210 0.000002 0.000001 0.000008 0.000013 0.000023 0.000065 0.000129 0.000275 0.000536 0.000982 0.001894 0.003158 0.005283 0.008437 0.013225 0.019816 0.027840 0.037615 0.049411 0.061365 0.072451 0.082253 0.088714 0.091528 0.088752 0.082231 0.071383 0.058369 0.045547 0.033554 0.022812 0.014491 0.008708 0.004723 0.002432 0.001181 0.000514 0.000187 0.000062 0.000027 0.000002 0.000000 0.000001 0.000000 0.000000 0.000000 0.000000 0.000000 
t: 0.001225000000 start: 164 end: 210 0.000001 0.000005 0.000010 0.000019 0.000034 0.000082 0.000181 0.000372 0.000688 0.001313 0.002333 0.003966 0.006638 0.010507 0.016081 0.023424 0.032503 0.043467 0.055396 0.067681 0.078140 0.086418 0.091659 0.091145 0.086519 0.077405 0.064844 0.051941 0.038965 0.027410 0.017869 0.010912 0.006103 0.003309 0.001529 0.000711 0.000279 0.000092 0.000039 0.000008 0.000001 0.000000 0.000001 0.000000 0.000000 0.000000 0.000000 
t: 0.001198044010 start: 165 end: 210 0.000004 0.000004 0.000011 0.000029 0.000049 0.000113 0.000236 0.000508 0.000918 0.001810 0.002882 0.005154 0.008500 0.012917 0.019446 0.027678 0.037862 0.049416 0.062439 0.073851 0.083269 0.090458 0.092573 0.090536 0.082356 0.071106 0.057834 0.045070 0.032156 0.021730 0.013486 0.007761 0.004202 0.002075 0.000979 0.000386 0.000131 0.000043 0.000014 0.000007 0.000000 0.000001 0.000000 0.000000 0.000000 0.000000 
t: 0.001172248804 start: 165 end: 210 0.000003 0.000000 0.000010 0.000017 0.000032 0.000074 0.000156 0.000349 0.000664 0.001357 0.002151 0.003936 0.006615 0.010502 0.016035 0.023515 0.033017 0.043749 0.056693 0.069064 0.079548 0.088394 0.092918 0.092736 0.087006 0.076739 0.064224 0.051022 0.037266 0.025813 0.016496 0.009717 0.005344 0.002728 0.001288 0.000539 0.000183 0.000070 0.000020 0.000009 0.000000 0.000001 0.000000 0.000000 0.000000 0.000000 
t: 0.001147540984 start: 166 end: 210 0.000001 0.000004 0.000015 0.000023 0.000041 0.000111 0.000236 0.000464 0.000993 0.001606 0.003043 0.005132 0.008553 0.013040 0.019773 0.028463 0.038800 0.050780 0.064085 0.075290 0.085626 0.092520 0.094000 0.090585 0.082105 0.069786 0.057009 0.042951 0.030176 0.019748 0.011960 0.006793 0.003461 0.001689 0.000716 0.000276 0.000106 0.000028 0.000011 0.000000 0.000001 0.000000 0.000000 0.000000 0.000000 
t: 0.001123853211 start: 166 end: 210 0.000001 0.000003 0.000008 0.000014 0.000029 0.000064 0.000184 0.000314 0.000701 0.001228 0.002303 0.003984 0.006770 0.010848 0.016506 0.024407 0.033864 0.045579 0.058531 0.070909 0.082238 0.090852 0.094507 0.093302 0.086745 0.075586 0.062610 0.048455 0.034827 0.023571 0.014598 0.008356 0.004384 0.002211 0.000934 0.000391 0.000130 0.000038 0.000014 0.000002 0.000002 0.000000 0.000000 0.000000 0.000000 
t: 0.001101123596 start: 167 end: 210 0.000002 0.000005 0.000012 0.000021 0.000048 0.000093 0.000240 0.000511 0.000923 0.001759 0.003083 0.005333 0.008881 0.013858 0.020733 0.029501 0.040433 0.053143 0.066084 0.078498 0.088258 0.094187 0.095160 0.090586 0.080733 0.068120 0.054453 0.040121 0.027295 0.017386 0.010190 0.005568 0.002763 0.001233 0.000541 0.000172 0.000050 0.000017 0.000004 0.000002 0.000000 0.000000 0.000000 0.000000 
t: 0.001079295154 start: 168 end: 210 0.000005 0.000005 0.000017 0.000034 0.000054 0.000169 0.000372 0.000741 0.001285 0.002383 0.004200 0.007178 0.011426 0.017625 0.025625 0.035863 0.047915 0.061127 0.074226 0.085282 0.093008 0.095861 0.093939 0.085518 0.073510 0.059823 0.045305 0.031574 0.020550 0.012389 0.006862 0.003456 0.001619 0.000713 0.000243 0.000071 0.000019 0.000006 0.000002 0.000000 0.000000 0.000000 0.000000 
t: 0.001058315335 start: 168 end: 210 0.000003 0.000004 0.000012 0.000026 0.000033 0.000114 0.000255 0.000550 0.000987 0.001862 0.003286 0.005678 0.009647 0.014673 0.022290 0.031411 0.043112 0.056189 0.069686 0.081948 0.091226 0.095806 0.096198 0.089756 0.078463 0.065224 0.050510 0.036223 0.023903 0.014851 0.008338 0.004362 0.002021 0.000900 0.000318 0.000101 0.000023 0.000009 0.000002 0.000000 0.000000 0.000000 0.000000 
t: 0.001038135593 start: 168 end: 210 0.000001 0.000004 0.000010 0.000015 0.000023 0.000085 0.000182 0.000394 0.000768 0.001358 0.002638 0.004550 0.007952 0.012296 0.019059 0.027669 0.038326 0.051235 0.065185 0.078015 0.089113 0.094718 0.098025 0.093087 0.083173 0.070483 0.055841 0.040827 0.027830 0.017443 0.010108 0.005337 0.002489 0.001149 0.000433 0.000134 0.000033 0.000010 0.000002 0.000000 0.000000 0.000000 0.000000 
t: 0.001018711019 start: 169 end: 210 0.000002 0.000004 0.000015 0.000018 0.000047 0.000141 0.000280 0.000590 0.001046 0.002044 0.003579 0.006501 0.010299 0.016304 0.024063 0.034415 0.046317 0.060153 0.074123 0.086076 0.093885 0.098264 0.095932 0.087600 0.075409 0.061193 0.045852 0.031641 0.020367 0.012022 0.006493 0.003097 0.001411 0.000578 0.000170 0.000047 0.000020 0.000002 0.000000 0.000000 0.000000 0.000000 
t: 0.001000000000 start: 169 end: 210 0.000001 0.000003 0.000009 0.000018 0.000028 0.000100 0.000214 0.000440 0.000770 0.001637 0.002867 0.005152 0.008659 0.013827 0.020990 0.030624 0.041879 0.055346 0.069224 0.082909 0.092586 0.098124 0.097936 0.091413 0.080290 0.065993 0.051044 0.035958 0.023287 0.014287 0.007733 0.003865 0.001720 0.000740 0.000236 0.000065 0.000023 0.000003 0.000000 0.000000 0.000000 0.000000 
