t: 0.059999999999 start: 16 end: 53 0.000009 0.000046 0.000114 0.000417 0.001254 0.003576 0.008213 0.017241 0.032250 0.053084 0.078440 0.102266 0.120591 0.127699 0.123314 0.106537 0.083329 0.059430 0.038247 0.022143 0.011796 0.005855 0.002544 0.001039 0.000368 0.000134 0.000045 0.000016 0.000002 0.000001 0.000000 0.000000 0.000000 0.000000 0.000000 0.000000 0.000000 0.000000 
t: 0.054545454544 start: 18 end: 56 0.000006 0.000036 0.000139 0.000393 0.001150 0.003042 0.006990 0.014612 0.027045 0.044520 0.067077 0.090314 0.110266 0.121198 0.122463 0.111004 0.093090 0.070890 0.049026 0.030854 0.018063 0.009584 0.004746 0.002097 0.000888 0.000350 0.000101 0.000037 0.000013 0.000005 0.000001 0.000000 0.000000 0.000000 0.000000 0.000000 0.000000 0.000000 0.000000 
t: 0.049999999999 start: 20 end: 59 0.000009 0.000039 0.000130 0.000379 0.001085 0.002737 0.006360 0.012686 0.023372 0.038855 0.058932 0.080549 0.100651 0.114133 0.119182 0.113380 0.098541 0.079042 0.058172 0.039221 0.024695 0.014051 0.007441 0.003577 0.001678 0.000669 0.000288 0.000097 0.000030 0.000015 0.000001 0.000003 0.000000 0.000000 0.000000 0.000000 0.000000 0.000000 0.000000 0.000000 
t: 0.046153846153 start: 22 end: 62 0.000014 0.000042 0.000143 0.000377 0.001032 0.002584 0.005690 0.011733 0.021029 0.035203 0.052923 0.073143 0.092934 0.107454 0.114363 0.112931 0.101748 0.085009 0.065344 0.046240 0.030677 0.018603 0.010603 0.005438 0.002724 0.001168 0.000495 0.000222 0.000094 0.000027 0.000006 0.000006 0.000000 0.000001 0.000000 0.000000 0.000000 0.000000 0.000000 0.000000 0.000000 
t: 0.042857142857 start: 23 end: 65 0.000001 0.000017 0.000038 0.000165 0.000402 0.001083 0.002521 0.005562 0.010849 0.019596 0.032388 0.048421 0.067979 0.086819 0.101176 0.110375 0.111149 0.102623 0.088511 0.071048 0.052156 0.035929 0.022887 0.013530 0.007490 0.003999 0.001832 0.000862 0.000379 0.000132 0.000048 0.000017 0.000012 0.000003 0.000001 0.000000 0.000000 0.000000 0.000000 0.000000 0.000000 0.000000 0.000000 
t: 0.040000000000 start: 25 end: 67 0.000003 0.000019 0.000071 0.000155 0.000470 0.001092 0.002636 0.005497 0.010577 0.018859 0.030526 0.046184 0.063518 0.081259 0.096907 0.106222 0.108531 0.102724 0.090725 0.074181 0.056494 0.040329 0.026794 0.016743 0.009544 0.005180 0.002607 0.001248 0.000542 0.000207 0.000098 0.000039 0.000013 0.000003 0.000003 0.000000 0.000000 0.000000 0.000000 0.000000 0.000000 0.000000 0.000000 
t: 0.037500000000 start: 27 end: 70 0.000008 0.000031 0.000076 0.000182 0.000475 0.001275 0.002725 0.005721 0.010662 0.018277 0.029519 0.044403 0.060809 0.077736 0.092637 0.102468 0.106174 0.101652 0.091794 0.076584 0.059467 0.043575 0.030082 0.019076 0.011652 0.006496 0.003414 0.001683 0.000801 0.000321 0.000141 0.000051 0.000019 0.000011 0.000002 0.000001 0.000000 0.000000 0.000000 0.000000 0.000000 0.000000 0.000000 0.000000 
t: 0.035294117647 start: 28 end: 72 0.000001 0.000010 0.000026 0.000069 0.000224 0.000554 0.001409 0.003030 0.005936 0.010826 0.018719 0.029335 0.043208 0.059218 0.075375 0.089575 0.099414 0.103833 0.100533 0.090899 0.077256 0.061740 0.046143 0.032607 0.021316 0.013051 0.007534 0.004130 0.002236 0.001020 0.000443 0.000195 0.000075 0.000040 0.000017 0.000002 0.000000 0.000001 0.000000 0.000000 0.000000 0.000000 0.000000 0.000000 0.000000 
t: 0.033333333333 start: 30 end: 74 0.000002 0.000005 0.000039 0.000089 0.000285 0.000671 0.001572 0.003274 0.006468 0.011475 0.019110 0.029422 0.043040 0.058377 0.073713 0.088080 0.097477 0.101027 0.098883 0.090020 0.077341 0.062720 0.047479 0.034028 0.022921 0.014313 0.008495 0.004831 0.002545 0.001286 0.000567 0.000258 0.000102 0.000052 0.000024 0.000008 0.000000 0.000000 0.000001 0.000000 0.000000 0.000000 0.000000 0.000000 0.000000 
t: 0.031578947368 start: 32 end: 77 0.000004 0.000014 0.000048 0.000138 0.000340 0.000837 0.001844 0.003688 0.006951 0.012037 0.019833 0.030577 0.043357 0.058346 0.073469 0.086484 0.095681 0.098963 0.097077 0.088984 0.076916 0.062498 0.048122 0.035010 0.023400 0.015333 0.009145 0.005283 0.002899 0.001473 0.000701 0.000317 0.000136 0.000054 0.000024 0.000010 0.000006 0.000001 0.000000 0.000000 0.000000 0.000000 0.000000 0.000000 0.000000 0.000000 
t: 0.030000000000 start: 33 end: 80 0.000002 0.000006 0.000022 0.000071 0.000172 0.000449 0.001002 0.002140 0.004323 0.007764 0.013099 0.020963 0.031916 0.044548 0.058854 0.073553 0.085954 0.093990 0.096908 0.095236 0.087393 0.075436 0.061837 0.048144 0.034908 0.024000 0.015823 0.009637 0.005567 0.003173 0.001650 0.000787 0.000409 0.000142 0.000075 0.000030 0.000008 0.000006 0.000002 0.000001 0.000000 0.000000 0.000000 0.000000 0.000000 0.000000 0.000000 0.000000 
t: 0.028571428571 start: 35 end: 82 0.000003 0.000013 0.000029 0.000093 0.000247 0.000597 0.001253 0.002580 0.004967 0.008666 0.014532 0.022588 0.033004 0.046652 0.060109 0.073992 0.085500 0.092866 0.096106 0.092684 0.085085 0.074102 0.060455 0.046948 0.034672 0.023815 0.015965 0.009934 0.005864 0.003268 0.001768 0.000879 0.000449 0.000190 0.000071 0.000030 0.000016 0.000005 0.000001 0.000000 0.000002 0.000000 0.000000 0.000000 0.000000 0.000000 0.000000 0.000000 
t: 0.027272727273 start: 35 end: 83 0.000001 0.000000 0.000006 0.000012 0.000054 0.000154 0.000346 0.000752 0.001531 0.003115 0.005766 0.010048 0.016027 0.024839 0.035419 0.048059 0.061798 0.075102 0.085548 0.092650 0.093864 0.090562 0.082964 0.071394 0.059074 0.045654 0.033379 0.023538 0.015658 0.009815 0.005987 0.003258 0.001890 0.000928 0.000424 0.000238 0.000096 0.000029 0.000013 0.000004 0.000003 0.000000 0.000000 0.000001 0.000000 0.000000 0.000000 0.000000 0.000000 
t: 0.026086956522 start: 37 end: 86 0.000001 0.000002 0.000013 0.000024 0.000071 0.000203 0.000482 0.000980 0.001976 0.003799 0.006958 0.011322 0.018176 0.027155 0.037807 0.050854 0.064120 0.076219 0.086256 0.091429 0.092515 0.088176 0.080167 0.068930 0.056671 0.043541 0.032148 0.022707 0.015069 0.009597 0.005737 0.003300 0.001828 0.000927 0.000452 0.000226 0.000111 0.000031 0.000014 0.000003 0.000002 0.000000 0.000001 0.000000 0.000000 0.000000 0.000000 0.000000 0.000000 0.000000 
t: 0.025000000000 start: 37 end: 87 0.000001 0.000000 0.000002 0.000005 0.000018 0.000044 0.000122 0.000278 0.000640 0.001257 0.002579 0.004716 0.008185 0.013143 0.020591 0.029741 0.040808 0.053766 0.066786 0.077865 0.086658 0.090533 0.090490 0.085574 0.077257 0.066168 0.053832 0.041533 0.030521 0.021211 0.014394 0.009078 0.005468 0.003241 0.001733 0.000936 0.000456 0.000219 0.000086 0.000045 0.000012 0.000003 0.000001 0.000004 0.000000 0.000000 0.000000 0.000000 0.000000 0.000000 0.000000 
t: 0.024000000000 start: 39 end: 91 0.000001 0.000001 0.000005 0.000010 0.000029 0.000062 0.000197 0.000388 0.000860 0.001736 0.003300 0.005764 0.009664 0.015483 0.023213 0.033022 0.044417 0.056768 0.069035 0.079784 0.086604 0.090129 0.088525 0.082760 0.073971 0.062930 0.050797 0.038980 0.028450 0.019965 0.013312 0.008492 0.005135 0.002953 0.001596 0.000873 0.000420 0.000203 0.000090 0.000042 0.000025 0.000005 0.000002 0.000001 0.000001 0.000000 0.000000 0.000000 0.000000 0.000000 0.000000 0.000000 0.000000 
t: 0.023076923077 start: 41 end: 92 0.000003 0.000001 0.000008 0.000016 0.000044 0.000121 0.000279 0.000597 0.001158 0.002280 0.004169 0.007276 0.011658 0.018040 0.026322 0.036520 0.047947 0.060403 0.072150 0.081224 0.087060 0.088954 0.086405 0.079417 0.070383 0.059163 0.047539 0.036203 0.026107 0.018364 0.012268 0.007664 0.004593 0.002673 0.001461 0.000768 0.000442 0.000174 0.000081 0.000041 0.000017 0.000005 0.000001 0.000000 0.000001 0.000000 0.000000 0.000000 0.000000 0.000000 0.000000 0.000000 
t: 0.022222222222 start: 42 end: 93 0.000001 0.000003 0.000001 0.000015 0.000027 0.000074 0.000223 0.000387 0.000828 0.001609 0.002960 0.005372 0.008715 0.013959 0.021144 0.030062 0.040472 0.052495 0.064077 0.074751 0.082769 0.086837 0.087267 0.084129 0.075967 0.066755 0.055051 0.043670 0.033145 0.024007 0.016470 0.010732 0.006870 0.004174 0.002309 0.001301 0.000742 0.000339 0.000163 0.000074 0.000037 0.000012 0.000004 0.000000 0.000000 0.000001 0.000000 0.000000 0.000000 0.000000 0.000000 0.000000 
t: 0.021428571428 start: 43 end: 95 0.000001 0.000001 0.000002 0.000006 0.000022 0.000057 0.000119 0.000284 0.000579 0.001156 0.002180 0.004055 0.006702 0.010823 0.016964 0.024507 0.034216 0.045110 0.056802 0.067827 0.077212 0.083652 0.086734 0.085675 0.080372 0.072259 0.062408 0.050761 0.040042 0.029936 0.021417 0.014578 0.009580 0.005978 0.003630 0.002044 0.001192 0.000572 0.000307 0.000126 0.000068 0.000025 0.000012 0.000005 0.000002 0.000000 0.000000 0.000000 0.000000 0.000000 0.000000 0.000000 0.000000 
t: 0.020689655172 start: 44 end: 97 0.000001 0.000001 0.000001 0.000006 0.000008 0.000042 0.000082 0.000208 0.000390 0.000863 0.001645 0.003018 0.005205 0.008621 0.013659 0.020213 0.028550 0.038506 0.049887 0.060898 0.071704 0.079163 0.084500 0.086084 0.083267 0.076669 0.068133 0.057217 0.046724 0.036131 0.026811 0.018911 0.012681 0.008375 0.005116 0.003010 0.001744 0.000972 0.000507 0.000268 0.000118 0.000053 0.000023 0.000009 0.000004 0.000002 0.000000 0.000000 0.000000 0.000000 0.000000 0.000000 0.000000 0.000000 
t: 0.020000000000 start: 46 end: 99 0.000001 0.000002 0.000002 0.000010 0.000026 0.000059 0.000135 0.000301 0.000654 0.001209 0.002324 0.004164 0.006734 0.010976 0.016391 0.024209 0.032952 0.043683 0.054553 0.065696 0.074666 0.081251 0.084384 0.084796 0.080204 0.072119 0.063515 0.052952 0.042104 0.031893 0.023663 0.016305 0.010993 0.007110 0.004293 0.002620 0.001453 0.000810 0.000423 0.000205 0.000087 0.000040 0.000018 0.000011 0.000003 0.000001 0.000000 0.000000 0.000000 0.000000 0.000000 0.000000 0.000000 0.000000 
t: 0.019354838710 start: 48 end: 100 0.000001 0.000004 0.000006 0.000013 0.000039 0.000113 0.000223 0.000493 0.000974 0.001810 0.003214 0.005485 0.008856 0.013609 0.020376 0.028466 0.038619 0.048485 0.059497 0.069654 0.077428 0.082703 0.084055 0.082022 0.076180 0.068583 0.058069 0.047943 0.037220 0.028211 0.020382 0.013979 0.009168 0.005881 0.003623 0.002119 0.001196 0.000672 0.000332 0.000170 0.000069 0.000036 0.000012 0.000009 0.000000 0.000000 0.000001 0.000000 0.000000 0.000000 0.000000 0.000000 0.000000 
t: 0.018750000000 start: 49 end: 102 0.000001 0.000002 0.000002 0.000009 0.000033 0.000078 0.000171 0.000381 0.000758 0.001410 0.002589 0.004401 0.007213 0.011677 0.016969 0.024431 0.033757 0.043406 0.054332 0.064294 0.073218 0.079937 0.082596 0.082823 0.079113 0.072409 0.063047 0.052950 0.042532 0.033225 0.024360 0.017202 0.011807 0.007454 0.004873 0.002862 0.001716 0.000978 0.000495 0.000259 0.000110 0.000073 0.000035 0.000009 0.000002 0.000001 0.000000 0.000000 0.000000 0.000000 0.000000 0.000000 0.000000 0.000000 
t: 0.018181818182 start: 52 end: 103 0.000004 0.000004 0.000025 0.000055 0.000155 0.000280 0.000618 0.001102 0.002061 0.003612 0.006096 0.009615 0.014614 0.021307 0.029405 0.038856 0.049338 0.059245 0.068972 0.076720 0.081102 0.082165 0.080640 0.075538 0.067356 0.057167 0.047532 0.037870 0.028635 0.020592 0.014508 0.009562 0.006170 0.003997 0.002260 0.001323 0.000757 0.000380 0.000189 0.000093 0.000045 0.000025 0.000008 0.000002 0.000000 0.000000 0.000000 0.000000 0.000000 0.000000 0.000000 0.000000 
t: 0.017647058823 start: 53 end: 105 0.000003 0.000008 0.000018 0.000056 0.000100 0.000227 0.000439 0.000941 0.001789 0.002903 0.005137 0.008213 0.012738 0.018469 0.026013 0.034659 0.044905 0.054523 0.064950 0.072693 0.078719 0.081573 0.081243 0.077282 0.071039 0.061850 0.051821 0.042042 0.032611 0.024196 0.017253 0.011745 0.007993 0.004876 0.003048 0.001774 0.001025 0.000583 0.000261 0.000155 0.000075 0.000033 0.000015 0.000002 0.000002 0.000000 0.000000 0.000000 0.000000 0.000000 0.000000 0.000000 0.000000 
t: 0.017142857143 start: 53 end: 107 0.000001 0.000003 0.000006 0.000018 0.000030 0.000074 0.000191 0.000384 0.000782 0.001430 0.002546 0.004288 0.007066 0.010943 0.016333 0.023039 0.031126 0.040720 0.050746 0.060564 0.069425 0.076146 0.080181 0.080827 0.079168 0.073074 0.064879 0.056463 0.045879 0.036683 0.027617 0.020188 0.014108 0.009602 0.006272 0.003988 0.002276 0.001345 0.000771 0.000425 0.000204 0.000117 0.000043 0.000019 0.000008 0.000000 0.000001 0.000001 0.000000 0.000000 0.000000 0.000000 0.000000 0.000000 0.000000 
t: 0.016666666667 start: 55 end: 109 0.000001 0.000007 0.000013 0.000028 0.000056 0.000151 0.000325 0.000632 0.001162 0.002236 0.003645 0.006190 0.009470 0.014430 0.020507 0.028256 0.037141 0.046764 0.056749 0.066159 0.073410 0.078330 0.080359 0.079682 0.074852 0.068162 0.059346 0.050214 0.039941 0.031227 0.023223 0.016525 0.011507 0.007604 0.004824 0.002973 0.001750 0.001009 0.000561 0.000296 0.000165 0.000076 0.000025 0.000012 0.000002 0.000002 0.000001 0.000000 0.000000 0.000000 0.000000 0.000000 0.000000 0.000000 0.000000 
t: 0.016216216216 start: 57 end: 109 0.000007 0.000011 0.000022 0.000055 0.000133 0.000273 0.000542 0.001007 0.001866 0.003174 0.005335 0.008569 0.012542 0.018400 0.025962 0.033936 0.043381 0.053385 0.062552 0.070355 0.076503 0.079814 0.079620 0.076427 0.070393 0.062280 0.053042 0.043856 0.034420 0.025940 0.018957 0.013589 0.009149 0.005784 0.003681 0.002252 0.001300 0.000687 0.000403 0.000222 0.000094 0.000050 0.000021 0.000007 0.000002 0.000000 0.000000 0.000000 0.000000 0.000000 0.000000 0.000000 0.000000 
t: 0.015789473684 start: 57 end: 111 0.000001 0.000005 0.000009 0.000016 0.000044 0.000103 0.000240 0.000480 0.000928 0.001587 0.002801 0.004730 0.007378 0.011493 0.016786 0.023377 0.031204 0.040406 0.050300 0.059606 0.067450 0.074091 0.078688 0.079551 0.077014 0.072172 0.065273 0.056095 0.046940 0.037242 0.028772 0.021399 0.015417 0.010595 0.007070 0.004516 0.002630 0.001621 0.000931 0.000541 0.000257 0.000130 0.000064 0.000030 0.000011 0.000005 0.000001 0.000000 0.000000 0.000000 0.000000 0.000000 0.000000 0.000000 0.000000 
t: 0.015384615385 start: 59 end: 113 0.000005 0.000012 0.000012 0.000036 0.000100 0.000192 0.000448 0.000765 0.001447 0.002555 0.004058 0.006714 0.010447 0.014886 0.021717 0.028745 0.037840 0.047129 0.056588 0.065246 0.071940 0.077149 0.079124 0.077527 0.073744 0.066950 0.058780 0.049692 0.040273 0.031497 0.023798 0.017146 0.012286 0.008132 0.005243 0.003319 0.001963 0.001203 0.000616 0.000352 0.000186 0.000078 0.000031 0.000019 0.000006 0.000003 0.000001 0.000000 0.000000 0.000000 0.000000 0.000000 0.000000 0.000000 0.000000 
t: 0.015000000000 start: 59 end: 113 0.000002 0.000003 0.000006 0.000021 0.000038 0.000083 0.000172 0.000375 0.000708 0.001292 0.002304 0.003687 0.006080 0.009378 0.013815 0.019803 0.026944 0.035250 0.044846 0.053916 0.062567 0.070259 0.075252 0.078107 0.077827 0.074564 0.068594 0.061247 0.052525 0.042645 0.034231 0.025794 0.019206 0.013690 0.009301 0.006160 0.003839 0.002382 0.001382 0.000829 0.000466 0.000217 0.000102 0.000058 0.000017 0.000012 0.000004 0.000000 0.000000 0.000000 0.000000 0.000000 0.000000 0.000000 0.000000 
t: 0.014634146341 start: 59 end: 115 0.000001 0.000000 0.000005 0.000010 0.000012 0.000037 0.000071 0.000150 0.000323 0.000639 0.001208 0.002033 0.003412 0.005593 0.008660 0.012725 0.018286 0.025041 0.033418 0.042294 0.051342 0.060433 0.068239 0.074165 0.077304 0.077624 0.074851 0.070242 0.063269 0.054230 0.045328 0.036359 0.028125 0.021046 0.015129 0.010407 0.006943 0.004580 0.002694 0.001703 0.000974 0.000550 0.000291 0.000134 0.000067 0.000032 0.000014 0.000005 0.000001 0.000001 0.000000 0.000000 0.000000 0.000000 0.000000 0.000000 0.000000 
t: 0.014285714286 start: 62 end: 118 0.000003 0.000011 0.000020 0.000025 0.000070 0.000126 0.000295 0.000599 0.001107 0.001874 0.003122 0.005120 0.007873 0.012092 0.017060 0.023754 0.031524 0.040005 0.049391 0.058364 0.066126 0.072675 0.076799 0.076929 0.075488 0.071069 0.064789 0.056431 0.047416 0.038337 0.030331 0.022447 0.016519 0.011622 0.007806 0.005117 0.003180 0.001993 0.001158 0.000646 0.000360 0.000168 0.000101 0.000031 0.000015 0.000007 0.000003 0.000001 0.000001 0.000000 0.000000 0.000000 0.000000 0.000000 0.000000 0.000000 0.000000 
t: 0.013953488372 start: 63 end: 118 0.000004 0.000009 0.000015 0.000030 0.000064 0.000132 0.000267 0.000567 0.001036 0.001761 0.002903 0.004866 0.007380 0.011140 0.016227 0.022357 0.029804 0.038502 0.047691 0.055990 0.064259 0.071664 0.075401 0.076668 0.075430 0.072269 0.066063 0.057814 0.049374 0.040463 0.031804 0.024333 0.017824 0.012565 0.008679 0.005728 0.003652 0.002352 0.001353 0.000758 0.000381 0.000225 0.000092 0.000064 0.000022 0.000013 0.000003 0.000002 0.000000 0.000000 0.000000 0.000000 0.000000 0.000000 0.000000 0.000000 
t: 0.013636363636 start: 63 end: 117 0.000001 0.000000 0.000004 0.000014 0.000037 0.000075 0.000136 0.000231 0.000503 0.000964 0.001655 0.002815 0.004414 0.007057 0.010645 0.015499 0.021211 0.028391 0.036772 0.045837 0.054669 0.063191 0.069785 0.073904 0.076675 0.075455 0.072959 0.067069 0.059232 0.051079 0.041951 0.033426 0.025602 0.019190 0.013706 0.009423 0.006243 0.004257 0.002475 0.001581 0.000901 0.000449 0.000249 0.000139 0.000067 0.000037 0.000018 0.000007 0.000000 0.000000 0.000000 0.000000 0.000000 0.000000 0.000000 
t: 0.013333333333 start: 65 end: 121 0.000001 0.000005 0.000012 0.000035 0.000085 0.000118 0.000218 0.000491 0.000899 0.001585 0.002630 0.004243 0.006688 0.010051 0.014849 0.020371 0.027480 0.035430 0.044382 0.053303 0.061244 0.068365 0.073579 0.075950 0.075721 0.073079 0.067790 0.060638 0.051965 0.043301 0.035207 0.026926 0.020297 0.014819 0.010084 0.006941 0.004390 0.002894 0.001745 0.001017 0.000566 0.000275 0.000162 0.000093 0.000048 0.000020 0.000006 0.000001 0.000000 0.000001 0.000000 0.000000 0.000000 0.000000 0.000000 0.000000 0.000000 
t: 0.013043478261 start: 66 end: 122 0.000001 0.000002 0.000012 0.000035 0.000065 0.000115 0.000233 0.000494 0.000845 0.001451 0.002496 0.004200 0.006394 0.009728 0.014015 0.019813 0.026442 0.034563 0.042888 0.051764 0.060408 0.067592 0.072714 0.075185 0.075339 0.073232 0.068625 0.061181 0.053305 0.044870 0.036136 0.028187 0.021355 0.015626 0.010885 0.007385 0.004923 0.003142 0.001871 0.001133 0.000635 0.000346 0.000184 0.000101 0.000047 0.000021 0.000012 0.000003 0.000001 0.000000 0.000000 0.000000 0.000000 0.000000 0.000000 0.000000 0.000000 
t: 0.012765957447 start: 68 end: 123 0.000005 0.000010 0.000031 0.000063 0.000099 0.000261 0.000455 0.000794 0.001510 0.002482 0.003857 0.006315 0.009334 0.013667 0.019172 0.025841 0.033770 0.041634 0.050740 0.059692 0.066085 0.071592 0.074770 0.075333 0.073087 0.069002 0.062404 0.054144 0.045663 0.037444 0.029389 0.022157 0.016357 0.011464 0.007804 0.005412 0.003308 0.002086 0.001235 0.000686 0.000416 0.000221 0.000113 0.000050 0.000028 0.000013 0.000004 0.000001 0.000000 0.000000 0.000000 0.000000 0.000000 0.000000 0.000000 0.000000 
t: 0.012500000000 start: 69 end: 124 0.000005 0.000013 0.000026 0.000056 0.000140 0.000230 0.000430 0.000823 0.001421 0.002399 0.003887 0.005990 0.009126 0.013364 0.018840 0.025130 0.032810 0.041129 0.049887 0.058612 0.065181 0.070898 0.074251 0.075446 0.072941 0.069216 0.062423 0.055060 0.046827 0.038353 0.030213 0.023336 0.016731 0.011984 0.008333 0.005575 0.003652 0.002269 0.001312 0.000776 0.000421 0.000233 0.000130 0.000070 0.000026 0.000019 0.000002 0.000004 0.000000 0.000000 0.000000 0.000000 0.000000 0.000000 0.000000 0.000000 
t: 0.012244897959 start: 69 end: 125 0.000001 0.000005 0.000012 0.000028 0.000054 0.000132 0.000223 0.000450 0.000811 0.001396 0.002347 0.003842 0.005788 0.009028 0.013304 0.018163 0.025065 0.032279 0.040201 0.049118 0.057608 0.064982 0.070021 0.074151 0.074616 0.073170 0.069023 0.063006 0.055675 0.047463 0.039169 0.030977 0.023803 0.017385 0.012593 0.008712 0.005849 0.003824 0.002447 0.001477 0.000814 0.000457 0.000268 0.000140 0.000058 0.000033 0.000021 0.000008 0.000003 0.000000 0.000000 0.000000 0.000000 0.000000 0.000000 0.000000 0.000000 
t: 0.012000000000 start: 70 end: 128 0.000001 0.000006 0.000014 0.000020 0.000067 0.000129 0.000224 0.000452 0.000818 0.001410 0.002285 0.003778 0.005842 0.009043 0.012823 0.018328 0.024483 0.031819 0.039917 0.048641 0.056832 0.063949 0.069604 0.073846 0.074421 0.073190 0.069109 0.063185 0.056051 0.047938 0.039476 0.031838 0.024176 0.018097 0.012952 0.009070 0.006076 0.004029 0.002591 0.001524 0.000878 0.000495 0.000277 0.000151 0.000074 0.000041 0.000018 0.000007 0.000002 0.000001 0.000002 0.000000 0.000000 0.000000 0.000000 0.000000 0.000000 0.000000 0.000000 
t: 0.011764705882 start: 71 end: 129 0.000003 0.000005 0.000011 0.000029 0.000056 0.000140 0.000230 0.000441 0.000841 0.001423 0.002280 0.003754 0.006032 0.008830 0.012829 0.018040 0.024319 0.031541 0.039773 0.048213 0.056347 0.063403 0.069621 0.072870 0.074530 0.072733 0.069295 0.063125 0.056277 0.048389 0.039847 0.031969 0.024856 0.018511 0.013318 0.009260 0.006317 0.004157 0.002663 0.001597 0.000998 0.000538 0.000278 0.000156 0.000083 0.000040 0.000021 0.000005 0.000003 0.000002 0.000001 0.000000 0.000000 0.000000 0.000000 0.000000 0.000000 0.000000 0.000000 
t: 0.011538461538 start: 72 end: 129 0.000004 0.000004 0.000011 0.000038 0.000063 0.000142 0.000245 0.000465 0.000857 0.001389 0.002322 0.003804 0.006057 0.008803 0.012998 0.017761 0.024332 0.031559 0.039819 0.047749 0.055688 0.063498 0.069208 0.072549 0.073827 0.073067 0.068888 0.063584 0.056253 0.047930 0.040470 0.032221 0.025271 0.018667 0.013603 0.009429 0.006544 0.004175 0.002816 0.001721 0.000977 0.000562 0.000289 0.000178 0.000087 0.000043 0.000021 0.000004 0.000007 0.000000 0.000001 0.000000 0.000000 0.000000 0.000000 0.000000 0.000000 0.000000 
t: 0.011320754717 start: 73 end: 131 0.000003 0.000008 0.000016 0.000034 0.000075 0.000127 0.000261 0.000489 0.000856 0.001475 0.002358 0.003909 0.005978 0.009028 0.013008 0.017984 0.024275 0.031424 0.039739 0.047490 0.055794 0.063262 0.068534 0.072626 0.073753 0.072757 0.068827 0.063265 0.056038 0.048572 0.040214 0.032440 0.025306 0.018801 0.013817 0.009740 0.006486 0.004390 0.002768 0.001810 0.001032 0.000560 0.000310 0.000184 0.000097 0.000040 0.000022 0.000011 0.000003 0.000003 0.000000 0.000001 0.000000 0.000000 0.000000 0.000000 0.000000 0.000000 0.000000 
t: 0.011111111111 start: 73 end: 132 0.000001 0.000002 0.000009 0.000019 0.000040 0.000074 0.000125 0.000284 0.000494 0.000909 0.001512 0.002440 0.003967 0.006235 0.009030 0.013267 0.018021 0.024431 0.031814 0.039694 0.047591 0.055722 0.063071 0.068783 0.072340 0.073387 0.072254 0.068744 0.063048 0.055946 0.048420 0.040014 0.032588 0.025136 0.018810 0.014006 0.009744 0.006570 0.004462 0.002850 0.001820 0.001041 0.000586 0.000328 0.000190 0.000093 0.000044 0.000027 0.000008 0.000007 0.000001 0.000000 0.000000 0.000001 0.000000 0.000000 0.000000 0.000000 0.000000 0.000000 
t: 0.010909090909 start: 75 end: 132 0.000001 0.000013 0.000018 0.000034 0.000068 0.000153 0.000317 0.000534 0.000906 0.001576 0.002584 0.004134 0.006233 0.009287 0.013310 0.018516 0.024673 0.032000 0.039870 0.047902 0.055866 0.062992 0.068656 0.072125 0.072973 0.072015 0.068431 0.063063 0.055631 0.048143 0.040076 0.031966 0.025026 0.019109 0.014021 0.009626 0.006643 0.004435 0.002872 0.001827 0.001059 0.000592 0.000346 0.000186 0.000097 0.000054 0.000028 0.000006 0.000006 0.000000 0.000000 0.000001 0.000000 0.000000 0.000000 0.000000 0.000000 0.000000 
t: 0.010714285714 start: 75 end: 134 0.000001 0.000004 0.000010 0.000014 0.000044 0.000077 0.000166 0.000310 0.000559 0.000943 0.001648 0.002755 0.004192 0.006352 0.009530 0.013779 0.018638 0.025224 0.032424 0.040048 0.048205 0.056074 0.063411 0.068484 0.071945 0.072693 0.071757 0.068195 0.062495 0.055319 0.048167 0.039438 0.031717 0.024970 0.018794 0.013712 0.009796 0.006621 0.004465 0.002882 0.001767 0.001029 0.000623 0.000368 0.000177 0.000088 0.000058 0.000017 0.000012 0.000001 0.000001 0.000001 0.000000 0.000000 0.000000 0.000000 0.000000 0.000000 0.000000 0.000000 
t: 0.010526315789 start: 76 end: 135 0.000002 0.000003 0.000007 0.000018 0.000041 0.000092 0.000194 0.000342 0.000576 0.000998 0.001718 0.002872 0.004430 0.006618 0.009952 0.014007 0.019254 0.025578 0.032694 0.040688 0.048710 0.056813 0.063384 0.068494 0.071645 0.073021 0.071075 0.067420 0.062101 0.054726 0.047629 0.038843 0.031590 0.024645 0.018607 0.013696 0.009579 0.006516 0.004503 0.002764 0.001742 0.001054 0.000649 0.000356 0.000180 0.000093 0.000047 0.000023 0.000005 0.000003 0.000002 0.000001 0.000000 0.000000 0.000000 0.000000 0.000000 0.000000 0.000000 0.000000 
t: 0.010344827586 start: 76 end: 135 0.000001 0.000000 0.000004 0.000011 0.000019 0.000040 0.000102 0.000214 0.000351 0.000620 0.001095 0.001853 0.002985 0.004639 0.006993 0.010345 0.014345 0.019837 0.026028 0.033225 0.041293 0.049621 0.057067 0.063514 0.068742 0.071826 0.072200 0.070794 0.067085 0.061106 0.054829 0.046593 0.038603 0.031160 0.024120 0.018285 0.013332 0.009470 0.006495 0.004340 0.002715 0.001766 0.001032 0.000598 0.000345 0.000187 0.000093 0.000039 0.000029 0.000009 0.000003 0.000001 0.000001 0.000000 0.000000 0.000000 0.000000 0.000000 0.000000 0.000000 
t: 0.010169491525 start: 78 end: 136 0.000003 0.000001 0.000011 0.000026 0.000043 0.000111 0.000218 0.000376 0.000674 0.001137 0.002024 0.003138 0.004874 0.007447 0.010660 0.015004 0.020364 0.026449 0.034263 0.042151 0.049796 0.057437 0.064569 0.069075 0.071222 0.072193 0.070153 0.066423 0.060941 0.053637 0.045828 0.038009 0.030475 0.023822 0.017987 0.013044 0.009173 0.006312 0.004288 0.002674 0.001710 0.000997 0.000596 0.000319 0.000168 0.000096 0.000046 0.000022 0.000009 0.000004 0.000000 0.000001 0.000000 0.000000 0.000000 0.000000 0.000000 0.000000 0.000000 
t: 0.010000000000 start: 78 end: 138 0.000001 0.000002 0.000003 0.000018 0.000012 0.000070 0.000126 0.000226 0.000420 0.000724 0.001237 0.002104 0.003369 0.005278 0.007717 0.011219 0.015474 0.020976 0.027687 0.034960 0.042731 0.050512 0.058289 0.064497 0.069450 0.071579 0.071674 0.070114 0.065501 0.060079 0.052719 0.045175 0.037159 0.030042 0.023182 0.017519 0.012629 0.008787 0.006200 0.004114 0.002607 0.001633 0.000986 0.000556 0.000301 0.000168 0.000091 0.000048 0.000019 0.000009 0.000005 0.000001 0.000001 0.000000 0.000000 0.000000 0.000000 0.000000 0.000000 0.000000 0.000000 
t: 0.008448275866 start: 86 end: 148 0.000001 0.000000 0.000005 0.000010 0.000025 0.000048 0.000087 0.000159 0.000288 0.000511 0.000924 0.001450 0.002457 0.003687 0.005724 0.008422 0.012080 0.016378 0.021815 0.028366 0.035082 0.042396 0.050217 0.057168 0.063182 0.067326 0.070352 0.069782 0.069019 0.064347 0.059064 0.052364 0.045051 0.037826 0.030702 0.023709 0.018223 0.013518 0.009521 0.006700 0.004531 0.002995 0.001875 0.001132 0.000676 0.000390 0.000206 0.000098 0.000057 0.000027 0.000013 0.000007 0.000002 0.000003 0.000001 0.000000 0.000001 0.000000 0.000000 0.000000 0.000000 0.000000 0.000000 
t: 0.007313432839 start: 94 end: 157 0.000001 0.000006 0.000005 0.000019 0.000036 0.000075 0.000127 0.000200 0.000426 0.000725 0.001211 0.001974 0.003102 0.004690 0.006976 0.009872 0.013850 0.018532 0.024290 0.030724 0.038005 0.045275 0.052315 0.058594 0.064143 0.067804 0.069184 0.069364 0.066550 0.062002 0.056317 0.049474 0.042912 0.035306 0.028544 0.022133 0.016986 0.012361 0.008934 0.006160 0.004125 0.002630 0.001735 0.000964 0.000628 0.000309 0.000181 0.000112 0.000062 0.000024 0.000014 0.000003 0.000006 0.000001 0.000001 0.000001 0.000000 0.000000 0.000000 0.000000 0.000000 0.000000 0.000000 0.000000 
t: 0.006447368423 start: 100 end: 164 0.000001 0.000005 0.000004 0.000012 0.000023 0.000044 0.000119 0.000181 0.000344 0.000587 0.000912 0.001524 0.002581 0.003851 0.005883 0.008415 0.011697 0.015909 0.021125 0.026989 0.033772 0.040965 0.048215 0.055218 0.060514 0.065507 0.067759 0.068929 0.067695 0.063999 0.059825 0.054102 0.046922 0.039563 0.032467 0.025794 0.020251 0.014871 0.011011 0.007790 0.005370 0.003490 0.002344 0.001448 0.000876 0.000519 0.000254 0.000146 0.000098 0.000037 0.000024 0.000008 0.000003 0.000005 0.000001 0.000000 0.000001 0.000000 0.000000 0.000000 0.000001 0.000000 0.000000 0.000000 0.000000 
t: 0.005764705884 start: 106 end: 169 0.000001 0.000001 0.000010 0.000017 0.000035 0.000063 0.000130 0.000239 0.000420 0.000713 0.001103 0.001894 0.002989 0.004430 0.006477 0.009254 0.013082 0.017502 0.022966 0.029146 0.035792 0.042742 0.049689 0.056161 0.062261 0.066785 0.068066 0.068146 0.066892 0.063499 0.057979 0.051591 0.044734 0.037545 0.030571 0.024407 0.018787 0.013917 0.009993 0.007070 0.004751 0.003223 0.001987 0.001268 0.000737 0.000417 0.000248 0.000138 0.000056 0.000035 0.000022 0.000009 0.000007 0.000000 0.000001 0.000001 0.000000 0.000001 0.000000 0.000000 0.000000 0.000000 0.000000 0.000000 
t: 0.005212765959 start: 111 end: 174 0.000002 0.000008 0.000010 0.000023 0.000030 0.000062 0.000120 0.000236 0.000411 0.000720 0.001167 0.001857 0.002896 0.004465 0.006547 0.009308 0.013054 0.017437 0.022655 0.029259 0.035431 0.042688 0.050014 0.056286 0.061645 0.065665 0.068547 0.068913 0.066730 0.063481 0.058348 0.051826 0.044712 0.037629 0.030643 0.024491 0.018807 0.013967 0.009969 0.007110 0.004864 0.003112 0.001938 0.001232 0.000758 0.000428 0.000236 0.000122 0.000069 0.000029 0.000025 0.000010 0.000004 0.000001 0.000001 0.000002 0.000000 0.000000 0.000000 0.000000 0.000000 0.000000 0.000000 0.000000 
t: 0.004757281555 start: 115 end: 177 0.000001 0.000002 0.000008 0.000016 0.000015 0.000044 0.000097 0.000178 0.000324 0.000537 0.000939 0.001561 0.002398 0.003768 0.005577 0.007952 0.011132 0.015144 0.020311 0.026076 0.032874 0.039886 0.046716 0.053488 0.059715 0.064375 0.067548 0.069080 0.067966 0.065314 0.060629 0.055277 0.048295 0.040628 0.033203 0.027272 0.021065 0.015839 0.011579 0.008094 0.005569 0.003624 0.002358 0.001473 0.000908 0.000537 0.000294 0.000161 0.000074 0.000030 0.000023 0.000011 0.000008 0.000006 0.000001 0.000000 0.000000 0.000000 0.000000 0.000000 0.000000 0.000000 0.000000 
t: 0.004375000001 start: 117 end: 178 0.000001 0.000000 0.000000 0.000003 0.000005 0.000015 0.000013 0.000050 0.000098 0.000188 0.000312 0.000584 0.000956 0.001540 0.002439 0.003768 0.005564 0.007997 0.011179 0.015613 0.020552 0.026405 0.032751 0.039724 0.047299 0.054387 0.060204 0.065096 0.067739 0.069002 0.068369 0.065232 0.060636 0.054688 0.047974 0.040484 0.033185 0.026724 0.020590 0.015611 0.011033 0.007694 0.005270 0.003616 0.002216 0.001367 0.000811 0.000465 0.000273 0.000143 0.000064 0.000035 0.000018 0.000009 0.000006 0.000003 0.000000 0.000000 0.000000 0.000000 0.000000 0.000000 
t: 0.004049586778 start: 122 end: 182 0.000002 0.000000 0.000002 0.000006 0.000014 0.000029 0.000065 0.000125 0.000251 0.000415 0.000693 0.001183 0.001916 0.002831 0.004378 0.006535 0.009434 0.012885 0.017638 0.022795 0.029056 0.036203 0.043201 0.050800 0.057134 0.062753 0.066935 0.068686 0.069453 0.067847 0.063631 0.058279 0.051640 0.044802 0.037420 0.029618 0.023516 0.017837 0.013269 0.009250 0.006371 0.004335 0.002736 0.001725 0.001013 0.000604 0.000339 0.000185 0.000089 0.000037 0.000018 0.000017 0.000001 0.000003 0.000000 0.000000 0.000000 0.000000 0.000000 0.000000 0.000000 
t: 0.003769230770 start: 125 end: 188 0.000001 0.000002 0.000003 0.000004 0.000017 0.000031 0.000046 0.000119 0.000207 0.000349 0.000605 0.001067 0.001612 0.002612 0.004005 0.006031 0.008449 0.012088 0.016423 0.021478 0.027732 0.034901 0.041939 0.049080 0.056003 0.062342 0.066897 0.069083 0.070000 0.068012 0.065271 0.059919 0.053313 0.045921 0.038280 0.031359 0.024543 0.018687 0.013561 0.009702 0.006830 0.004470 0.002949 0.001722 0.001032 0.000625 0.000345 0.000150 0.000112 0.000040 0.000016 0.000009 0.000003 0.000001 0.000001 0.000000 0.000001 0.000000 0.000000 0.000000 0.000000 0.000000 0.000000 0.000000 
t: 0.003525179857 start: 127 end: 189 0.000001 0.000001 0.000000 0.000002 0.000007 0.000014 0.000031 0.000053 0.000103 0.000220 0.000380 0.000604 0.001054 0.001656 0.002627 0.004070 0.005914 0.008891 0.012202 0.016611 0.021949 0.028331 0.035471 0.042620 0.050179 0.057308 0.063214 0.067111 0.070293 0.070276 0.068369 0.065114 0.059496 0.052677 0.045163 0.037435 0.030606 0.023854 0.017447 0.012910 0.009183 0.006221 0.004136 0.002597 0.001580 0.000942 0.000523 0.000278 0.000155 0.000062 0.000028 0.000023 0.000003 0.000003 0.000001 0.000000 0.000001 0.000000 0.000000 0.000000 0.000000 0.000000 0.000000 
t: 0.003310810811 start: 129 end: 189 0.000001 0.000000 0.000000 0.000001 0.000006 0.000010 0.000016 0.000030 0.000077 0.000149 0.000220 0.000404 0.000680 0.001229 0.001889 0.002977 0.004567 0.006827 0.009700 0.013672 0.018319 0.024105 0.030563 0.037974 0.045462 0.052836 0.059894 0.065347 0.069099 0.071275 0.070402 0.068033 0.063477 0.057483 0.049836 0.042399 0.034837 0.027613 0.021058 0.015437 0.011284 0.007597 0.005200 0.003325 0.002014 0.001226 0.000648 0.000386 0.000223 0.000105 0.000053 0.000018 0.000012 0.000003 0.000002 0.000000 0.000000 0.000000 0.000000 0.000000 0.000000 
t: 0.003121019109 start: 135 end: 194 0.000003 0.000005 0.000014 0.000017 0.000054 0.000104 0.000194 0.000293 0.000544 0.000891 0.001482 0.002268 0.003796 0.005679 0.008145 0.011575 0.016254 0.021435 0.027853 0.035010 0.042084 0.050045 0.057167 0.063914 0.068347 0.071178 0.071844 0.069816 0.066004 0.060326 0.053276 0.045560 0.037615 0.029977 0.023322 0.017589 0.012580 0.008782 0.005806 0.003703 0.002324 0.001429 0.000794 0.000426 0.000253 0.000121 0.000062 0.000028 0.000007 0.000001 0.000003 0.000001 0.000000 0.000000 0.000000 0.000000 0.000000 0.000000 0.000000 0.000000 
t: 0.002951807229 start: 138 end: 195 0.000008 0.000009 0.000017 0.000040 0.000098 0.000134 0.000237 0.000451 0.000796 0.001266 0.002021 0.003355 0.005014 0.007321 0.010674 0.014829 0.019810 0.026507 0.033203 0.040544 0.048690 0.056469 0.062490 0.067704 0.071797 0.072430 0.070923 0.067319 0.062530 0.054828 0.047342 0.039274 0.031287 0.024395 0.018351 0.013005 0.009135 0.006203 0.003885 0.002456 0.001390 0.000842 0.000441 0.000251 0.000122 0.000067 0.000024 0.000010 0.000005 0.000000 0.000001 0.000000 0.000000 0.000000 0.000000 0.000000 0.000000 0.000000 
t: 0.002800000000 start: 139 end: 197 0.000003 0.000002 0.000013 0.000018 0.000043 0.000051 0.000131 0.000239 0.000410 0.000726 0.001208 0.001970 0.003080 0.004730 0.007078 0.010442 0.014394 0.019642 0.025573 0.033037 0.040629 0.048523 0.055854 0.062669 0.067990 0.072257 0.072874 0.072152 0.068340 0.062526 0.055709 0.047576 0.039426 0.031279 0.024342 0.018145 0.012899 0.008982 0.006001 0.003797 0.002363 0.001287 0.000779 0.000381 0.000234 0.000105 0.000054 0.000021 0.000011 0.000004 0.000001 0.000000 0.000000 0.000000 0.000000 0.000000 0.000000 0.000000 0.000000 
t: 0.002663043479 start: 141 end: 199 0.000002 0.000004 0.000009 0.000012 0.000041 0.000070 0.000125 0.000254 0.000389 0.000707 0.001234 0.002048 0.003156 0.004789 0.007212 0.010566 0.014810 0.020186 0.026118 0.033563 0.041549 0.049689 0.057274 0.064079 0.068935 0.072850 0.073464 0.072247 0.068463 0.062234 0.054821 0.046685 0.038267 0.030239 0.023211 0.016999 0.012143 0.008232 0.005462 0.003293 0.002046 0.001253 0.000617 0.000341 0.000162 0.000082 0.000038 0.000023 0.000004 0.000002 0.000000 0.000001 0.000000 0.000000 0.000000 0.000000 0.000000 0.000000 0.000000 
t: 0.002538860104 start: 142 end: 201 0.000001 0.000002 0.000003 0.000011 0.000013 0.000040 0.000062 0.000143 0.000246 0.000466 0.000828 0.001316 0.002250 0.003422 0.005215 0.007688 0.011443 0.015686 0.021140 0.028127 0.035021 0.043833 0.052054 0.059275 0.065827 0.071000 0.074112 0.073788 0.072087 0.067420 0.060671 0.052850 0.044759 0.035952 0.028138 0.021244 0.015178 0.010707 0.007166 0.004401 0.002841 0.001716 0.000908 0.000463 0.000252 0.000138 0.000060 0.000025 0.000006 0.000004 0.000001 0.000001 0.000000 0.000000 0.000000 0.000000 0.000000 0.000000 0.000000 0.000000 
t: 0.002425742574 start: 143 end: 201 0.000001 0.000000 0.000001 0.000006 0.000008 0.000034 0.000045 0.000085 0.000149 0.000300 0.000511 0.000971 0.001561 0.002528 0.003861 0.005942 0.008854 0.012593 0.017435 0.023496 0.030481 0.038113 0.046751 0.055093 0.062527 0.068713 0.072702 0.074635 0.074632 0.070886 0.065713 0.058342 0.049825 0.041089 0.032744 0.025076 0.018487 0.013156 0.008699 0.005666 0.003623 0.002151 0.001212 0.000650 0.000343 0.000171 0.000077 0.000043 0.000012 0.000003 0.000003 0.000001 0.000000 0.000000 0.000000 0.000000 0.000000 0.000000 0.000000 
t: 0.002322274882 start: 145 end: 202 0.000001 0.000001 0.000003 0.000006 0.000008 0.000029 0.000073 0.000101 0.000197 0.000396 0.000695 0.001139 0.001831 0.002918 0.004717 0.006981 0.010317 0.014655 0.020029 0.026460 0.033989 0.042575 0.051032 0.059106 0.066083 0.071080 0.075144 0.075481 0.073768 0.069512 0.062671 0.054297 0.045259 0.036833 0.028803 0.021134 0.015267 0.010498 0.006830 0.004296 0.002637 0.001532 0.000797 0.000433 0.000222 0.000091 0.000046 0.000017 0.000008 0.000000 0.000002 0.000000 0.000000 0.000000 0.000000 0.000000 0.000000 0.000000 
t: 0.002227272727 start: 147 end: 204 0.000002 0.000003 0.000003 0.000004 0.000019 0.000045 0.000090 0.000138 0.000282 0.000508 0.000903 0.001471 0.002258 0.003741 0.005780 0.008651 0.012504 0.017332 0.023758 0.030565 0.038760 0.047585 0.056018 0.063737 0.069982 0.074756 0.076237 0.075446 0.072045 0.066418 0.057789 0.049034 0.040128 0.031786 0.023583 0.017074 0.011965 0.007885 0.005132 0.002941 0.001690 0.000992 0.000509 0.000246 0.000107 0.000068 0.000018 0.000006 0.000005 0.000001 0.000000 0.000000 0.000000 0.000000 0.000000 0.000000 0.000000 0.000000 
t: 0.002139737991 start: 148 end: 204 0.000001 0.000000 0.000003 0.000005 0.000017 0.000032 0.000059 0.000115 0.000218 0.000379 0.000743 0.001109 0.001901 0.003044 0.004958 0.007495 0.010750 0.015697 0.021162 0.028216 0.035792 0.044494 0.053441 0.061851 0.068802 0.073687 0.077079 0.076743 0.074275 0.068526 0.060968 0.051975 0.043192 0.033965 0.025752 0.018854 0.013128 0.008562 0.005603 0.003343 0.001910 0.001101 0.000551 0.000266 0.000126 0.000069 0.000026 0.000009 0.000005 0.000000 0.000001 0.000000 0.000000 0.000000 0.000000 0.000000 0.000000 
t: 0.002058823530 start: 149 end: 205 0.000001 0.000000 0.000000 0.000009 0.000011 0.000023 0.000048 0.000100 0.000177 0.000334 0.000569 0.000951 0.001613 0.002655 0.004259 0.006463 0.009802 0.014071 0.019532 0.026101 0.034115 0.042228 0.051189 0.060364 0.067650 0.073440 0.076916 0.077936 0.076028 0.070480 0.063187 0.054701 0.045193 0.035522 0.027382 0.020056 0.013717 0.009399 0.005949 0.003575 0.002003 0.001141 0.000576 0.000285 0.000139 0.000066 0.000026 0.000009 0.000007 0.000001 0.000001 0.000000 0.000000 0.000000 0.000000 0.000000 0.000000 
t: 0.001983805668 start: 151 end: 207 0.000001 0.000001 0.000004 0.000010 0.000020 0.000038 0.000085 0.000149 0.000268 0.000476 0.000843 0.001390 0.002380 0.003828 0.005998 0.008921 0.013133 0.018245 0.024600 0.032210 0.041063 0.050209 0.058994 0.066629 0.073483 0.076966 0.078975 0.076885 0.071938 0.065149 0.056559 0.046378 0.037122 0.028317 0.020483 0.014529 0.009577 0.006132 0.003644 0.002120 0.001116 0.000617 0.000265 0.000143 0.000062 0.000024 0.000012 0.000004 0.000005 0.000000 0.000000 0.000000 0.000000 0.000000 0.000000 0.000000 0.000000 
t: 0.001914062500 start: 154 end: 209 0.000003 0.000008 0.000014 0.000044 0.000070 0.000123 0.000232 0.000421 0.000799 0.001258 0.002159 0.003496 0.005464 0.008560 0.012245 0.017308 0.023925 0.031521 0.040082 0.049366 0.058151 0.066923 0.072696 0.077579 0.079300 0.077940 0.073554 0.066201 0.057368 0.047544 0.037918 0.028656 0.020848 0.014564 0.009645 0.006132 0.003671 0.002079 0.001071 0.000571 0.000254 0.000139 0.000052 0.000029 0.000008 0.000006 0.000002 0.000001 0.000000 0.000000 0.000000 0.000000 0.000000 0.000000 0.000000 0.000000 
t: 0.001849056604 start: 154 end: 210 0.000002 0.000004 0.000002 0.000018 0.000030 0.000060 0.000115 0.000202 0.000410 0.000692 0.001267 0.002050 0.003322 0.005282 0.008057 0.011754 0.017083 0.023318 0.030958 0.039805 0.048746 0.058517 0.066753 0.073427 0.078052 0.080392 0.078657 0.074067 0.066832 0.057895 0.047735 0.037760 0.028835 0.020665 0.014336 0.009487 0.005953 0.003435 0.002013 0.001020 0.000563 0.000232 0.000114 0.000043 0.000022 0.000013 0.000003 0.000001 0.000000 0.000001 0.000000 0.000000 0.000000 0.000000 0.000000 0.000000 0.000000 
t: 0.001788321168 start: 155 end: 210 0.000001 0.000002 0.000007 0.000015 0.000023 0.000059 0.000109 0.000198 0.000375 0.000675 0.001155 0.002019 0.003243 0.005181 0.007972 0.011790 0.016854 0.023368 0.030884 0.039677 0.049180 0.058782 0.067321 0.073931 0.079066 0.080713 0.079616 0.074590 0.066622 0.057856 0.047638 0.037550 0.027990 0.020317 0.013809 0.009035 0.005521 0.003317 0.001762 0.000926 0.000474 0.000215 0.000096 0.000033 0.000022 0.000007 0.000003 0.000000 0.000001 0.000000 0.000000 0.000000 0.000000 0.000000 0.000000 0.000000 
t: 0.001731448763 start: 157 end: 211 0.000001 0.000012 0.000010 0.000030 0.000052 0.000113 0.000200 0.000369 0.000666 0.001236 0.001940 0.003213 0.005124 0.008031 0.011951 0.017143 0.023668 0.031108 0.040259 0.049913 0.059718 0.068183 0.075203 0.080084 0.081489 0.079873 0.074229 0.066790 0.056951 0.046874 0.036554 0.027222 0.019314 0.013013 0.008362 0.005140 0.002892 0.001572 0.000802 0.000390 0.000174 0.000084 0.000026 0.000013 0.000007 0.000001 0.000001 0.000000 0.000000 0.000000 0.000000 0.000000 0.000000 0.000000 0.000000 
t: 0.001678082192 start: 158 end: 211 0.000003 0.000009 0.000009 0.000027 0.000061 0.000108 0.000209 0.000363 0.000687 0.001228 0.001931 0.003335 0.005369 0.008164 0.012335 0.017651 0.024088 0.032079 0.041359 0.051213 0.061123 0.069352 0.076949 0.080980 0.082014 0.079943 0.073992 0.065783 0.055970 0.045293 0.035156 0.025895 0.018128 0.011931 0.007682 0.004473 0.002616 0.001257 0.000704 0.000291 0.000152 0.000054 0.000022 0.000009 0.000001 0.000002 0.000000 0.000000 0.000000 0.000000 0.000000 0.000000 0.000000 0.000000 
t: 0.001627906977 start: 158 end: 212 0.000001 0.000002 0.000007 0.000011 0.000026 0.000055 0.000136 0.000197 0.000403 0.000668 0.001246 0.002069 0.003501 0.005528 0.008672 0.012850 0.018324 0.025055 0.033557 0.042687 0.053320 0.062616 0.071239 0.078152 0.082176 0.082935 0.079471 0.073158 0.065029 0.054038 0.043253 0.033455 0.024073 0.016453 0.010923 0.006611 0.004020 0.002044 0.001108 0.000536 0.000218 0.000111 0.000041 0.000019 0.000004 0.000001 0.000000 0.000001 0.000000 0.000000 0.000000 0.000000 0.000000 0.000000 0.000000 
t: 0.001580645161 start: 160 end: 213 0.000003 0.000005 0.000014 0.000026 0.000066 0.000105 0.000226 0.000393 0.000760 0.001329 0.002272 0.003670 0.005909 0.009130 0.013639 0.019416 0.026729 0.034923 0.044883 0.055192 0.065045 0.073489 0.080214 0.083021 0.083032 0.079120 0.072045 0.062844 0.051965 0.040991 0.030906 0.021895 0.015001 0.009466 0.005815 0.003211 0.001697 0.000860 0.000399 0.000180 0.000067 0.000029 0.000011 0.000005 0.000001 0.000001 0.000000 0.000000 0.000000 0.000000 0.000000 0.000000 0.000000 0.000000 
t: 0.001536050157 start: 160 end: 212 0.000001 0.000000 0.000011 0.000009 0.000037 0.000054 0.000129 0.000237 0.000431 0.000805 0.001486 0.002415 0.004055 0.006450 0.009830 0.014569 0.020978 0.028308 0.037402 0.047213 0.057892 0.068036 0.075552 0.081487 0.084384 0.082942 0.078381 0.070495 0.059974 0.049106 0.038357 0.028091 0.019759 0.013093 0.008157 0.004761 0.002625 0.001352 0.000627 0.000316 0.000120 0.000044 0.000019 0.000006 0.000003 0.000000 0.000001 0.000000 0.000000 0.000000 0.000000 0.000000 0.000000 
t: 0.001493902439 start: 161 end: 214 0.000001 0.000005 0.000004 0.000015 0.000040 0.000071 0.000122 0.000295 0.000475 0.000951 0.001552 0.002738 0.004446 0.007163 0.010759 0.016010 0.022464 0.030652 0.040178 0.050133 0.061235 0.070418 0.078243 0.083338 0.084839 0.083130 0.076437 0.067920 0.057323 0.046074 0.034808 0.025241 0.017344 0.011093 0.006760 0.003863 0.002069 0.000971 0.000460 0.000241 0.000069 0.000033 0.000012 0.000003 0.000001 0.000001 0.000000 0.000000 0.000000 0.000000 0.000000 0.000000 0.000000 0.000000 
t: 0.001454005935 start: 161 end: 214 0.000001 0.000002 0.000003 0.000007 0.000021 0.000034 0.000076 0.000176 0.000289 0.000592 0.001022 0.001824 0.003082 0.004986 0.007902 0.012179 0.017568 0.024659 0.033642 0.042999 0.053955 0.064322 0.073660 0.080925 0.084292 0.085787 0.081563 0.074406 0.065250 0.053750 0.042345 0.031332 0.022025 0.014782 0.009216 0.005480 0.003061 0.001526 0.000688 0.000355 0.000138 0.000052 0.000016 0.000006 0.000003 0.000000 0.000001 0.000000 0.000000 0.000000 0.000000 0.000000 0.000000 0.000000 
t: 0.001416184971 start: 162 end: 214 0.000001 0.000001 0.000005 0.000009 0.000022 0.000041 0.000089 0.000200 0.000350 0.000671 0.001161 0.002150 0.003566 0.005629 0.009183 0.013471 0.019696 0.027423 0.036468 0.046697 0.058011 0.067629 0.077052 0.082608 0.086727 0.084812 0.080252 0.072144 0.061375 0.049777 0.037906 0.027754 0.018899 0.012294 0.007444 0.004262 0.002300 0.001055 0.000505 0.000228 0.000090 0.000027 0.000009 0.000005 0.000001 0.000001 0.000000 0.000000 0.000000 0.000000 0.000000 0.000000 0.000000 
t: 0.001380281690 start: 163 end: 214 0.000001 0.000003 0.000005 0.000013 0.000024 0.000061 0.000099 0.000239 0.000423 0.000800 0.001447 0.002455 0.004133 0.006774 0.010362 0.015306 0.021993 0.030488 0.040049 0.051014 0.061965 0.071810 0.079706 0.085751 0.086717 0.084278 0.078053 0.068451 0.057066 0.045216 0.033801 0.023771 0.015851 0.009901 0.005849 0.003238 0.001598 0.000726 0.000343 0.000143 0.000050 0.000014 0.000010 0.000002 0.000001 0.000000 0.000000 0.000000 0.000000 0.000000 0.000000 0.000000 
t: 0.001346153846 start: 164 end: 214 0.000001 0.000004 0.000009 0.000013 0.000033 0.000063 0.000132 0.000275 0.000515 0.000999 0.001683 0.002996 0.004922 0.007849 0.011937 0.017593 0.024968 0.034083 0.044333 0.055637 0.065945 0.075900 0.083388 0.087033 0.087016 0.082732 0.075005 0.064106 0.052085 0.040294 0.029200 0.020030 0.012898 0.007735 0.004322 0.002333 0.001106 0.000487 0.000219 0.000086 0.000017 0.000015 0.000002 0.000000 0.000001 0.000000 0.000000 0.000000 0.000000 0.000000 0.000000 
t: 0.001313672922 start: 165 end: 214 0.000002 0.000009 0.000006 0.000015 0.000043 0.000079 0.000179 0.000334 0.000676 0.001152 0.002111 0.003664 0.005850 0.009223 0.013957 0.020263 0.028270 0.038164 0.049070 0.060477 0.070611 0.080278 0.086075 0.088154 0.085995 0.080498 0.070953 0.059101 0.046793 0.035123 0.024666 0.016232 0.010168 0.005887 0.003119 0.001548 0.000753 0.000309 0.000134 0.000037 0.000016 0.000002 0.000003 0.000001 0.000000 0.000000 0.000000 0.000000 0.000000 0.000000 
t: 0.001282722513 start: 165 end: 214 0.000002 0.000003 0.000006 0.000009 0.000022 0.000046 0.000114 0.000225 0.000456 0.000799 0.001476 0.002551 0.004436 0.007053 0.011049 0.016213 0.023567 0.032332 0.042917 0.054329 0.065161 0.075814 0.083577 0.088467 0.088159 0.084831 0.076949 0.065947 0.053561 0.041008 0.029917 0.020124 0.012881 0.007798 0.004260 0.002156 0.001028 0.000457 0.000206 0.000064 0.000021 0.000005 0.000003 0.000001 0.000000 0.000000 0.000000 0.000000 0.000000 0.000000 
t: 0.001253196931 start: 166 end: 214 0.000002 0.000006 0.000005 0.000013 0.000023 0.000078 0.000155 0.000302 0.000553 0.000997 0.001792 0.003296 0.005409 0.008591 0.013156 0.019292 0.027124 0.036944 0.048053 0.059700 0.070731 0.080757 0.086692 0.089884 0.087513 0.081831 0.072585 0.059982 0.047525 0.035418 0.024619 0.016062 0.009844 0.005658 0.002883 0.001439 0.000645 0.000291 0.000103 0.000030 0.000011 0.000005 0.000001 0.000000 0.000000 0.000000 0.000000 0.000000 0.000000 
t: 0.001225000000 start: 166 end: 214 0.000001 0.000004 0.000005 0.000008 0.000018 0.000038 0.000088 0.000201 0.000380 0.000730 0.001321 0.002389 0.004001 0.006680 0.010592 0.015531 0.022813 0.031563 0.042265 0.053677 0.065672 0.076466 0.084206 0.089225 0.090282 0.086006 0.077931 0.066458 0.054043 0.041196 0.029469 0.019826 0.012252 0.007335 0.003893 0.001891 0.000918 0.000393 0.000160 0.000047 0.000017 0.000008 0.000001 0.000000 0.000000 0.000000 0.000000 0.000000 0.000000 
t: 0.001198044010 start: 167 end: 214 0.000002 0.000003 0.000006 0.000008 0.000028 0.000056 0.000120 0.000274 0.000499 0.000997 0.001724 0.003008 0.005068 0.008297 0.012734 0.018739 0.026873 0.036816 0.048027 0.059641 0.072111 0.081416 0.087838 0.091318 0.089030 0.082426 0.072546 0.060461 0.047160 0.034747 0.023694 0.015341 0.009204 0.005112 0.002572 0.001228 0.000522 0.000249 0.000065 0.000027 0.000012 0.000001 0.000000 0.000000 0.000000 0.000000 0.000000 0.000000 
t: 0.001172248804 start: 167 end: 214 0.000001 0.000003 0.000005 0.000006 0.000017 0.000034 0.000079 0.000194 0.000332 0.000711 0.001251 0.002259 0.003886 0.006428 0.010367 0.015397 0.022580 0.031875 0.042501 0.054316 0.066579 0.077654 0.085667 0.091173 0.091041 0.086755 0.077983 0.066462 0.053241 0.040252 0.028212 0.018525 0.011410 0.006625 0.003355 0.001622 0.000727 0.000312 0.000108 0.000035 0.000014 0.000006 0.000000 0.000000 0.000000 0.000000 0.000000 0.000000 
t: 0.001147540984 start: 167 end: 214 0.000001 0.000001 0.000003 0.000007 0.000010 0.000022 0.000055 0.000118 0.000233 0.000524 0.000887 0.001721 0.002986 0.004954 0.008209 0.012771 0.018797 0.027251 0.037402 0.048748 0.061527 0.073145 0.082898 0.089551 0.092490 0.090009 0.083017 0.072131 0.058927 0.046016 0.032977 0.022320 0.013896 0.008198 0.004417 0.002182 0.000963 0.000419 0.000144 0.000042 0.000023 0.000007 0.000001 0.000000 0.000000 0.000000 0.000000 0.000000 
t: 0.001123853211 start: 168 end: 214 0.000001 0.000001 0.000006 0.000006 0.000013 0.000040 0.000079 0.000158 0.000370 0.000655 0.001233 0.002306 0.003869 0.006460 0.010405 0.015651 0.023173 0.032413 0.043792 0.055880 0.068734 0.079129 0.088124 0.092162 0.092517 0.087384 0.077090 0.064754 0.051616 0.038247 0.026296 0.016843 0.010055 0.005489 0.002904 0.001247 0.000578 0.000213 0.000069 0.000025 0.000012 0.000001 0.000000 0.000000 0.000000 0.000000 0.000000 
t: 0.001101123596 start: 169 end: 214 0.000001 0.000002 0.000003 0.000009 0.000031 0.000052 0.000123 0.000260 0.000470 0.000885 0.001737 0.002982 0.005156 0.008411 0.013017 0.019641 0.027941 0.038762 0.050907 0.063426 0.075380 0.085411 0.091299 0.094231 0.090365 0.082116 0.070141 0.057449 0.043332 0.030655 0.020192 0.012253 0.006907 0.003599 0.001669 0.000761 0.000275 0.000095 0.000036 0.000016 0.000002 0.000000 0.000000 0.000000 0.000000 0.000000 
t: 0.001079295154 start: 169 end: 214 0.000001 0.000001 0.000004 0.000007 0.000022 0.000040 0.000073 0.000176 0.000351 0.000652 0.001270 0.002366 0.004074 0.006635 0.010952 0.016396 0.024210 0.034145 0.045626 0.058130 0.071112 0.082206 0.090196 0.094360 0.092940 0.086440 0.075550 0.062970 0.048472 0.035391 0.023846 0.014683 0.008479 0.004525 0.002142 0.000977 0.000376 0.000130 0.000048 0.000024 0.000002 0.000000 0.000000 0.000000 0.000000 0.000000 
t: 0.001058315335 start: 169 end: 214 0.000001 0.000000 0.000003 0.000003 0.000017 0.000025 0.000054 0.000111 0.000263 0.000478 0.000950 0.001820 0.003206 0.005399 0.008893 0.013733 0.020715 0.029684 0.040849 0.053250 0.066655 0.078421 0.088015 0.093797 0.094940 0.089881 0.080732 0.068368 0.053684 0.040266 0.027556 0.017532 0.010352 0.005584 0.002763 0.001231 0.000501 0.000171 0.000065 0.000028 0.000004 0.000000 0.000000 0.000000 0.000000 0.000000 
t: 0.001038135593 start: 169 end: 214 0.000001 0.000000 0.000002 0.000002 0.000004 0.000025 0.000037 0.000076 0.000184 0.000364 0.000737 0.001357 0.002461 0.004395 0.007199 0.011558 0.017668 0.025736 0.036254 0.048528 0.061702 0.074826 0.084830 0.092741 0.095914 0.092880 0.085098 0.073640 0.059146 0.045277 0.031470 0.020589 0.012377 0.006907 0.003468 0.001530 0.000684 0.000211 0.000078 0.000032 0.000012 0.000000 0.000000 0.000000 0.000000 0.000000 
t: 0.001018711019 start: 169 end: 214 0.000001 0.000000 0.000001 0.000001 0.000003 0.000012 0.000030 0.000055 0.000139 0.000258 0.000563 0.001029 0.001918 0.003590 0.005795 0.009564 0.015037 0.022430 0.031867 0.043646 0.056945 0.070668 0.081650 0.090966 0.096305 0.094754 0.089293 0.078417 0.064593 0.050251 0.035699 0.023987 0.014617 0.008377 0.004283 0.001933 0.000844 0.000321 0.000099 0.000043 0.000015 0.000001 0.000000 0.000000 0.000000 0.000000 
t: 0.001000000000 start: 170 end: 214 0.000001 0.000001 0.000001 0.000003 0.000009 0.000018 0.000044 0.000093 0.000183 0.000420 0.000791 0.001506 0.002819 0.004719 0.007970 0.012665 0.019384 0.028194 0.039245 0.051933 0.065988 0.078128 0.088952 0.095582 0.096661 0.092531 0.082774 0.069662 0.055140 0.040603 0.027329 0.017334 0.009922 0.005262 0.002467 0.001048 0.000409 0.000139 0.000045 0.000024 0.000001 0.000000 0.000000 0.000000 0.000000 
