t: 0.059999999999 start: 16 end: 52 0.000001 0.000025 0.000109 0.000375 0.001162 0.003093 0.007485 0.015940 0.029819 0.049914 0.074548 0.099542 0.118434 0.127994 0.123863 0.109044 0.086699 0.062385 0.040724 0.024223 0.013318 0.006474 0.002957 0.001181 0.000444 0.000173 0.000054 0.000017 0.000003 0.000000 0.000000 0.000000 0.000000 0.000000 0.000000 0.000000 0.000000 
t: 0.054545454544 start: 18 end: 55 0.000002 0.000029 0.000089 0.000324 0.001008 0.002641 0.006277 0.013124 0.024840 0.041729 0.063144 0.086482 0.107182 0.120121 0.122640 0.114173 0.095808 0.074151 0.052268 0.033779 0.019809 0.010826 0.005342 0.002543 0.001013 0.000435 0.000163 0.000041 0.000016 0.000001 0.000000 0.000000 0.000000 0.000000 0.000000 0.000000 0.000000 0.000000 
t: 0.049999999999 start: 20 end: 58 0.000007 0.000026 0.000093 0.000313 0.000939 0.002453 0.005386 0.011316 0.021452 0.035520 0.054960 0.076804 0.097099 0.112162 0.118749 0.114466 0.101603 0.082922 0.061647 0.042756 0.027392 0.015797 0.008526 0.004333 0.001903 0.000822 0.000372 0.000134 0.000035 0.000009 0.000004 0.000000 0.000000 0.000000 0.000000 0.000000 0.000000 0.000000 0.000000 
t: 0.046153846153 start: 22 end: 61 0.000008 0.000034 0.000086 0.000359 0.000918 0.002243 0.005008 0.010223 0.018987 0.031644 0.048644 0.069390 0.088063 0.104367 0.113523 0.113855 0.104456 0.088523 0.069624 0.050586 0.033936 0.021122 0.012082 0.006497 0.003304 0.001466 0.000653 0.000250 0.000102 0.000034 0.000009 0.000004 0.000000 0.000000 0.000000 0.000000 0.000000 0.000000 0.000000 0.000000 
t: 0.042857142857 start: 22 end: 65 0.000001 0.000001 0.000008 0.000026 0.000126 0.000362 0.000921 0.002135 0.004673 0.009605 0.017161 0.028999 0.044453 0.062916 0.082122 0.098038 0.108629 0.110864 0.105661 0.092284 0.074841 0.056839 0.039644 0.025894 0.015963 0.008916 0.004667 0.002398 0.001108 0.000452 0.000185 0.000073 0.000024 0.000006 0.000004 0.000001 0.000000 0.000000 0.000000 0.000000 0.000000 0.000000 0.000000 0.000000 
t: 0.040000000000 start: 25 end: 67 0.000005 0.000012 0.000042 0.000108 0.000367 0.000920 0.002143 0.004736 0.009205 0.016321 0.027136 0.041690 0.058469 0.076733 0.092427 0.104640 0.107820 0.104772 0.094011 0.078889 0.061407 0.044388 0.030637 0.019172 0.011501 0.006413 0.003219 0.001605 0.000703 0.000297 0.000132 0.000054 0.000017 0.000008 0.000001 0.000000 0.000000 0.000000 0.000000 0.000000 0.000000 0.000000 0.000000 
t: 0.037500000000 start: 25 end: 69 0.000001 0.000001 0.000002 0.000012 0.000055 0.000169 0.000411 0.000948 0.002221 0.004721 0.008979 0.015929 0.025980 0.039560 0.055968 0.073127 0.088269 0.099850 0.105659 0.102977 0.094672 0.080695 0.065050 0.048227 0.034220 0.022175 0.013778 0.008101 0.004223 0.002199 0.001018 0.000468 0.000208 0.000071 0.000041 0.000011 0.000004 0.000000 0.000000 0.000000 0.000000 0.000000 0.000000 0.000000 0.000000 
t: 0.035294117647 start: 29 end: 73 0.000009 0.000014 0.000073 0.000179 0.000447 0.001036 0.002370 0.004807 0.009282 0.015835 0.025672 0.038319 0.053726 0.070406 0.085014 0.096645 0.102762 0.101922 0.094120 0.081705 0.066710 0.051448 0.036594 0.025012 0.015816 0.009499 0.005294 0.002790 0.001362 0.000662 0.000270 0.000123 0.000051 0.000018 0.000003 0.000004 0.000000 0.000001 0.000000 0.000000 0.000000 0.000000 0.000000 0.000000 0.000000 
t: 0.033333333333 start: 29 end: 76 0.000001 0.000002 0.000010 0.000027 0.000075 0.000209 0.000524 0.001217 0.002571 0.005166 0.009468 0.015920 0.025517 0.038131 0.052892 0.068311 0.082992 0.094187 0.099970 0.100168 0.093099 0.082372 0.068055 0.052767 0.038972 0.026519 0.017459 0.010496 0.006198 0.003395 0.001764 0.000833 0.000403 0.000187 0.000081 0.000030 0.000007 0.000003 0.000001 0.000000 0.000001 0.000000 0.000000 0.000000 0.000000 0.000000 0.000000 0.000000 
t: 0.031578947368 start: 32 end: 77 0.000005 0.000013 0.000036 0.000095 0.000288 0.000608 0.001347 0.002867 0.005538 0.009986 0.016483 0.026317 0.038476 0.052712 0.066971 0.081274 0.091618 0.098428 0.098240 0.092602 0.081460 0.067963 0.053649 0.039936 0.027857 0.018780 0.011587 0.006936 0.003975 0.002053 0.001007 0.000482 0.000254 0.000101 0.000033 0.000017 0.000005 0.000000 0.000001 0.000000 0.000000 0.000000 0.000000 0.000000 0.000000 0.000000 
t: 0.030000000000 start: 33 end: 79 0.000001 0.000006 0.000014 0.000057 0.000145 0.000296 0.000758 0.001557 0.003293 0.006062 0.010925 0.017595 0.027102 0.038882 0.052767 0.067325 0.079884 0.090521 0.096685 0.096200 0.090436 0.081136 0.067692 0.053521 0.040471 0.028747 0.019448 0.012161 0.007393 0.004272 0.002382 0.001239 0.000573 0.000261 0.000102 0.000052 0.000027 0.000008 0.000004 0.000000 0.000000 0.000000 0.000000 0.000000 0.000000 0.000000 0.000000 
t: 0.028571428571 start: 35 end: 82 0.000005 0.000009 0.000022 0.000068 0.000176 0.000421 0.000912 0.001850 0.003736 0.006880 0.011753 0.018939 0.028139 0.040383 0.053400 0.067338 0.080167 0.089781 0.094653 0.093932 0.088974 0.079450 0.067310 0.053214 0.040426 0.028705 0.019518 0.012596 0.007653 0.004633 0.002496 0.001282 0.000661 0.000289 0.000141 0.000053 0.000022 0.000008 0.000004 0.000001 0.000000 0.000000 0.000000 0.000000 0.000000 0.000000 0.000000 0.000000 
t: 0.027272727273 start: 36 end: 84 0.000001 0.000005 0.000011 0.000033 0.000099 0.000220 0.000548 0.001088 0.002275 0.004340 0.007637 0.013004 0.020420 0.030184 0.041627 0.055143 0.068428 0.080224 0.089176 0.092818 0.092561 0.086993 0.077686 0.065633 0.052133 0.039566 0.028384 0.019347 0.012619 0.007919 0.004641 0.002625 0.001336 0.000696 0.000313 0.000166 0.000060 0.000027 0.000009 0.000004 0.000001 0.000000 0.000000 0.000000 0.000000 0.000000 0.000000 0.000000 0.000000 
t: 0.026086956522 start: 37 end: 87 0.000001 0.000002 0.000008 0.000017 0.000052 0.000140 0.000320 0.000672 0.001441 0.002736 0.005018 0.008901 0.014553 0.022172 0.031961 0.044280 0.056842 0.069638 0.081023 0.088177 0.092128 0.090700 0.084930 0.074995 0.063459 0.051004 0.038460 0.027391 0.018833 0.012384 0.007841 0.004582 0.002647 0.001372 0.000696 0.000346 0.000171 0.000057 0.000032 0.000011 0.000005 0.000001 0.000001 0.000000 0.000000 0.000000 0.000000 0.000000 0.000000 0.000000 0.000000 
t: 0.025000000000 start: 39 end: 88 0.000002 0.000004 0.000013 0.000029 0.000082 0.000180 0.000430 0.000886 0.001769 0.003337 0.006136 0.010227 0.016212 0.024433 0.034744 0.046456 0.059667 0.071044 0.081394 0.088326 0.090824 0.088820 0.081970 0.072689 0.061069 0.048919 0.036406 0.026558 0.018123 0.012003 0.007533 0.004471 0.002625 0.001285 0.000727 0.000325 0.000146 0.000087 0.000023 0.000017 0.000007 0.000002 0.000000 0.000000 0.000000 0.000000 0.000000 0.000000 0.000000 0.000000 
t: 0.024000000000 start: 41 end: 90 0.000001 0.000009 0.000022 0.000037 0.000118 0.000270 0.000572 0.001159 0.002251 0.004186 0.007324 0.011895 0.018631 0.027062 0.037591 0.049397 0.061603 0.072909 0.082166 0.088388 0.089518 0.086189 0.079783 0.070044 0.058326 0.045789 0.034680 0.025020 0.017261 0.011518 0.007084 0.004238 0.002414 0.001265 0.000673 0.000310 0.000168 0.000073 0.000036 0.000012 0.000007 0.000001 0.000000 0.000000 0.000000 0.000000 0.000000 0.000000 0.000000 0.000000 
t: 0.023076923077 start: 42 end: 93 0.000001 0.000004 0.000010 0.000033 0.000076 0.000153 0.000350 0.000728 0.001563 0.002941 0.005253 0.008937 0.014015 0.020982 0.030106 0.040680 0.052556 0.064135 0.075237 0.083211 0.087268 0.088121 0.084202 0.077056 0.066633 0.055227 0.042941 0.032459 0.023410 0.016011 0.010491 0.006642 0.003926 0.002217 0.001243 0.000609 0.000289 0.000146 0.000081 0.000034 0.000015 0.000003 0.000004 0.000001 0.000000 0.000000 0.000000 0.000000 0.000000 0.000000 0.000000 0.000000 
t: 0.022222222222 start: 43 end: 94 0.000001 0.000002 0.000004 0.000019 0.000041 0.000106 0.000244 0.000501 0.001073 0.002057 0.003721 0.006495 0.010722 0.016309 0.024095 0.033261 0.044969 0.055797 0.066969 0.077073 0.083911 0.087098 0.086167 0.081535 0.073634 0.063002 0.051826 0.039986 0.030014 0.021357 0.014579 0.009584 0.006023 0.003604 0.001987 0.001126 0.000593 0.000262 0.000139 0.000060 0.000029 0.000015 0.000007 0.000003 0.000000 0.000000 0.000000 0.000000 0.000000 0.000000 0.000000 0.000000 
t: 0.021428571428 start: 44 end: 95 0.000002 0.000003 0.000000 0.000012 0.000027 0.000079 0.000158 0.000355 0.000761 0.001439 0.002673 0.004844 0.008001 0.012719 0.018973 0.027586 0.037593 0.048365 0.059803 0.069600 0.079166 0.084556 0.086324 0.084067 0.078582 0.069618 0.059044 0.047823 0.037002 0.027302 0.019209 0.013259 0.008646 0.005438 0.003185 0.001842 0.000963 0.000508 0.000243 0.000112 0.000071 0.000026 0.000015 0.000005 0.000001 0.000000 0.000000 0.000000 0.000000 0.000000 0.000000 0.000000 
t: 0.020689655172 start: 44 end: 97 0.000001 0.000000 0.000001 0.000003 0.000006 0.000023 0.000044 0.000117 0.000247 0.000513 0.001060 0.001963 0.003665 0.006175 0.009688 0.015217 0.022569 0.031267 0.041561 0.052778 0.063353 0.073168 0.080477 0.084656 0.084661 0.081650 0.074897 0.065562 0.054873 0.043961 0.033386 0.024580 0.017684 0.011838 0.007673 0.004709 0.002749 0.001560 0.000830 0.000429 0.000222 0.000098 0.000047 0.000022 0.000011 0.000005 0.000001 0.000000 0.000000 0.000000 0.000000 0.000000 0.000000 0.000000 
t: 0.020000000000 start: 46 end: 98 0.000002 0.000000 0.000000 0.000007 0.000016 0.000039 0.000075 0.000159 0.000362 0.000804 0.001493 0.002829 0.004739 0.007656 0.012446 0.018164 0.026223 0.035500 0.045866 0.056777 0.067371 0.076060 0.081619 0.083984 0.083207 0.078535 0.071133 0.061018 0.050639 0.039668 0.030235 0.022082 0.015354 0.010324 0.006508 0.004002 0.002350 0.001343 0.000752 0.000335 0.000159 0.000086 0.000045 0.000019 0.000011 0.000002 0.000002 0.000000 0.000000 0.000000 0.000000 0.000000 0.000000 
t: 0.019354838710 start: 47 end: 102 0.000001 0.000000 0.000001 0.000003 0.000017 0.000024 0.000056 0.000137 0.000260 0.000585 0.001173 0.002113 0.003746 0.006144 0.009919 0.015039 0.021820 0.030354 0.040132 0.050663 0.061540 0.070627 0.077879 0.082470 0.083469 0.080999 0.074675 0.066606 0.056346 0.045710 0.035850 0.026922 0.019507 0.013347 0.008672 0.005496 0.003444 0.001981 0.001109 0.000558 0.000315 0.000150 0.000079 0.000031 0.000018 0.000005 0.000004 0.000003 0.000001 0.000000 0.000000 0.000000 0.000000 0.000000 0.000000 0.000000 
t: 0.018750000000 start: 51 end: 104 0.000001 0.000012 0.000023 0.000043 0.000093 0.000194 0.000452 0.000847 0.001677 0.002879 0.004941 0.007978 0.012475 0.018444 0.026081 0.034767 0.045041 0.055452 0.065812 0.074122 0.079723 0.082460 0.082028 0.077413 0.070773 0.061768 0.051442 0.041245 0.032018 0.023334 0.016850 0.011339 0.007312 0.004711 0.002820 0.001586 0.000947 0.000443 0.000242 0.000101 0.000053 0.000032 0.000015 0.000007 0.000002 0.000002 0.000000 0.000000 0.000000 0.000000 0.000000 0.000000 0.000000 0.000000 
t: 0.018181818182 start: 52 end: 107 0.000002 0.000005 0.000006 0.000036 0.000063 0.000159 0.000327 0.000713 0.001300 0.002270 0.003973 0.006632 0.010242 0.015573 0.022299 0.030625 0.040042 0.050038 0.060416 0.069181 0.076947 0.081229 0.082246 0.079402 0.073787 0.066162 0.056496 0.046322 0.036747 0.027654 0.020449 0.014261 0.009431 0.006074 0.003854 0.002325 0.001288 0.000682 0.000405 0.000164 0.000078 0.000049 0.000029 0.000007 0.000006 0.000001 0.000002 0.000001 0.000000 0.000000 0.000000 0.000000 0.000000 0.000000 0.000000 0.000000 
t: 0.017647058823 start: 52 end: 107 0.000001 0.000000 0.000002 0.000007 0.000026 0.000050 0.000129 0.000259 0.000545 0.001010 0.001875 0.003267 0.005456 0.008560 0.013287 0.019144 0.026975 0.035424 0.045472 0.055463 0.064941 0.073196 0.078894 0.081117 0.080177 0.076841 0.069485 0.060836 0.051428 0.041233 0.031985 0.024292 0.016957 0.011909 0.007801 0.005039 0.003038 0.001771 0.001036 0.000546 0.000263 0.000141 0.000066 0.000032 0.000014 0.000003 0.000005 0.000000 0.000001 0.000001 0.000000 0.000000 0.000000 0.000000 0.000000 0.000000 
t: 0.017142857143 start: 54 end: 108 0.000002 0.000000 0.000006 0.000015 0.000042 0.000105 0.000205 0.000455 0.000787 0.001523 0.002693 0.004594 0.007331 0.011209 0.016622 0.023328 0.031759 0.041252 0.051013 0.060858 0.069069 0.076136 0.079831 0.080821 0.077855 0.072530 0.064553 0.055694 0.045544 0.036395 0.027794 0.020215 0.014262 0.009890 0.006329 0.003886 0.002486 0.001399 0.000729 0.000381 0.000200 0.000105 0.000060 0.000022 0.000005 0.000006 0.000003 0.000000 0.000001 0.000000 0.000000 0.000000 0.000000 0.000000 0.000000 
t: 0.016666666667 start: 56 end: 110 0.000001 0.000007 0.000008 0.000032 0.000083 0.000169 0.000340 0.000705 0.001267 0.002260 0.003862 0.006118 0.009761 0.014544 0.020702 0.028401 0.037274 0.046722 0.056425 0.065542 0.073055 0.078663 0.079822 0.079024 0.074173 0.068107 0.059284 0.049814 0.040083 0.031478 0.023671 0.016820 0.011783 0.007707 0.005085 0.003154 0.001865 0.001009 0.000574 0.000312 0.000159 0.000071 0.000032 0.000018 0.000009 0.000004 0.000000 0.000000 0.000001 0.000000 0.000000 0.000000 0.000000 0.000000 0.000000 
t: 0.016216216216 start: 57 end: 112 0.000003 0.000003 0.000009 0.000031 0.000068 0.000131 0.000299 0.000566 0.001108 0.001895 0.003351 0.005222 0.008402 0.012679 0.018385 0.025642 0.033748 0.043099 0.052563 0.061579 0.070673 0.076607 0.078535 0.079025 0.075748 0.070525 0.062631 0.053559 0.043696 0.035005 0.026782 0.019712 0.013715 0.009485 0.006220 0.003906 0.002387 0.001344 0.000813 0.000425 0.000206 0.000111 0.000058 0.000032 0.000011 0.000003 0.000002 0.000000 0.000001 0.000000 0.000000 0.000000 0.000000 0.000000 0.000000 0.000000 
t: 0.015789473684 start: 58 end: 113 0.000004 0.000002 0.000007 0.000027 0.000062 0.000107 0.000234 0.000497 0.000888 0.001627 0.002849 0.004619 0.007424 0.011251 0.016542 0.022935 0.030533 0.039692 0.049156 0.058754 0.067239 0.074078 0.077766 0.078723 0.076341 0.072184 0.065522 0.056590 0.047523 0.038573 0.029613 0.022363 0.016005 0.010964 0.007446 0.004918 0.002989 0.001758 0.001021 0.000570 0.000312 0.000138 0.000072 0.000042 0.000018 0.000017 0.000003 0.000002 0.000000 0.000000 0.000000 0.000000 0.000000 0.000000 0.000000 0.000000 
t: 0.015384615385 start: 60 end: 114 0.000004 0.000009 0.000018 0.000041 0.000104 0.000227 0.000412 0.000755 0.001393 0.002438 0.004050 0.006690 0.010059 0.014815 0.020741 0.028419 0.036589 0.045570 0.055611 0.064575 0.071402 0.075961 0.078303 0.077372 0.073135 0.067554 0.059471 0.050888 0.041405 0.032803 0.025091 0.017958 0.012874 0.008710 0.005704 0.003713 0.002235 0.001314 0.000790 0.000394 0.000190 0.000106 0.000055 0.000023 0.000019 0.000007 0.000003 0.000000 0.000000 0.000000 0.000000 0.000000 0.000000 0.000000 0.000000 
t: 0.015000000000 start: 61 end: 116 0.000004 0.000009 0.000013 0.000039 0.000094 0.000180 0.000356 0.000646 0.001251 0.002091 0.003695 0.005867 0.009158 0.013292 0.019102 0.025880 0.033954 0.043110 0.052577 0.061619 0.068836 0.074523 0.077344 0.077193 0.074711 0.069210 0.062025 0.053476 0.044167 0.035647 0.027353 0.020659 0.014497 0.009992 0.006679 0.004332 0.002711 0.001652 0.000952 0.000555 0.000262 0.000153 0.000067 0.000033 0.000021 0.000007 0.000004 0.000002 0.000000 0.000000 0.000000 0.000000 0.000000 0.000000 0.000000 0.000000 
t: 0.014634146341 start: 61 end: 118 0.000001 0.000004 0.000002 0.000015 0.000036 0.000083 0.000126 0.000313 0.000593 0.001059 0.001919 0.003285 0.005345 0.008307 0.012215 0.017321 0.023842 0.031552 0.040648 0.050199 0.058656 0.066959 0.072485 0.076419 0.077072 0.074998 0.070552 0.064319 0.055424 0.047367 0.038372 0.029902 0.022379 0.016329 0.011315 0.007680 0.005062 0.003225 0.002028 0.001160 0.000723 0.000354 0.000183 0.000081 0.000045 0.000028 0.000011 0.000005 0.000001 0.000001 0.000000 0.000000 0.000000 0.000000 0.000000 0.000000 0.000000 0.000000 
t: 0.014285714286 start: 63 end: 120 0.000005 0.000001 0.000015 0.000030 0.000065 0.000128 0.000272 0.000513 0.001000 0.001688 0.003017 0.004926 0.007447 0.011085 0.016195 0.022237 0.029478 0.038282 0.047941 0.056207 0.064687 0.070905 0.075258 0.076643 0.075541 0.071459 0.065837 0.057861 0.049377 0.040533 0.032320 0.024434 0.017978 0.012751 0.008956 0.005734 0.003671 0.002371 0.001399 0.000793 0.000474 0.000247 0.000124 0.000070 0.000022 0.000008 0.000010 0.000002 0.000002 0.000001 0.000000 0.000000 0.000000 0.000000 0.000000 0.000000 0.000000 0.000000 
t: 0.013953488372 start: 63 end: 121 0.000001 0.000003 0.000004 0.000009 0.000027 0.000058 0.000116 0.000251 0.000471 0.000852 0.001636 0.002762 0.004504 0.006880 0.010304 0.014989 0.020577 0.028003 0.036690 0.045181 0.054160 0.062434 0.069228 0.074082 0.076299 0.075079 0.072941 0.066961 0.059692 0.051252 0.042736 0.034352 0.026495 0.019543 0.014226 0.009907 0.006530 0.004346 0.002661 0.001610 0.000984 0.000540 0.000305 0.000169 0.000084 0.000036 0.000010 0.000011 0.000006 0.000002 0.000001 0.000000 0.000000 0.000000 0.000000 0.000000 0.000000 0.000000 0.000000 
t: 0.013636363636 start: 63 end: 121 0.000001 0.000000 0.000002 0.000007 0.000010 0.000022 0.000051 0.000122 0.000232 0.000400 0.000833 0.001475 0.002621 0.004105 0.006509 0.009490 0.014018 0.019337 0.026516 0.034964 0.043548 0.051917 0.060531 0.067604 0.072678 0.075513 0.075793 0.072989 0.067907 0.061059 0.053369 0.044782 0.036289 0.028131 0.021225 0.015395 0.010837 0.007284 0.004858 0.003127 0.001949 0.001110 0.000630 0.000363 0.000200 0.000104 0.000049 0.000024 0.000008 0.000006 0.000005 0.000001 0.000000 0.000000 0.000000 0.000000 0.000000 0.000000 0.000000 
t: 0.013333333333 start: 65 end: 123 0.000001 0.000003 0.000002 0.000012 0.000021 0.000054 0.000111 0.000192 0.000444 0.000741 0.001414 0.002392 0.003936 0.005956 0.009119 0.013057 0.018453 0.025277 0.033246 0.041373 0.050920 0.058603 0.065863 0.071537 0.074974 0.075514 0.073389 0.068900 0.062232 0.054805 0.046695 0.037840 0.029797 0.022726 0.016590 0.011652 0.008072 0.005489 0.003501 0.002186 0.001296 0.000749 0.000376 0.000243 0.000129 0.000062 0.000033 0.000012 0.000006 0.000004 0.000001 0.000000 0.000000 0.000000 0.000000 0.000000 0.000000 0.000000 0.000000 
t: 0.013043478261 start: 66 end: 124 0.000002 0.000003 0.000001 0.000012 0.000017 0.000053 0.000098 0.000199 0.000378 0.000753 0.001294 0.002245 0.003682 0.005726 0.008643 0.012438 0.017626 0.024186 0.031686 0.040173 0.048854 0.057376 0.064176 0.070711 0.074127 0.075395 0.073477 0.069807 0.063150 0.056145 0.047955 0.039384 0.031286 0.023966 0.017738 0.012680 0.009002 0.006011 0.003794 0.002368 0.001526 0.000842 0.000449 0.000271 0.000132 0.000082 0.000045 0.000020 0.000010 0.000005 0.000000 0.000001 0.000000 0.000000 0.000000 0.000000 0.000000 0.000000 0.000000 
t: 0.012765957447 start: 66 end: 124 0.000001 0.000000 0.000002 0.000002 0.000010 0.000017 0.000042 0.000097 0.000187 0.000381 0.000682 0.001315 0.002068 0.003496 0.005453 0.008251 0.012023 0.016702 0.023415 0.030691 0.038695 0.047646 0.055861 0.063308 0.069066 0.073500 0.074918 0.073949 0.070016 0.064050 0.057423 0.049062 0.040727 0.032620 0.025119 0.018744 0.013637 0.009647 0.006545 0.004205 0.002665 0.001600 0.000981 0.000545 0.000291 0.000176 0.000087 0.000038 0.000021 0.000013 0.000007 0.000003 0.000000 0.000000 0.000000 0.000000 0.000000 0.000000 0.000000 
t: 0.012500000000 start: 67 end: 125 0.000001 0.000001 0.000000 0.000003 0.000012 0.000017 0.000036 0.000098 0.000190 0.000321 0.000744 0.001215 0.002030 0.003304 0.005329 0.007924 0.011550 0.016303 0.022245 0.030057 0.037857 0.046211 0.054359 0.062237 0.068697 0.072760 0.074330 0.073421 0.070407 0.065200 0.058254 0.050114 0.041782 0.033623 0.026177 0.019695 0.014601 0.010276 0.006985 0.004569 0.002867 0.001785 0.001086 0.000592 0.000348 0.000205 0.000082 0.000049 0.000025 0.000016 0.000009 0.000001 0.000000 0.000000 0.000000 0.000000 0.000000 0.000000 0.000000 
t: 0.012244897959 start: 69 end: 128 0.000001 0.000001 0.000002 0.000012 0.000015 0.000034 0.000107 0.000173 0.000356 0.000693 0.001158 0.001979 0.003228 0.005145 0.007597 0.011314 0.015936 0.021942 0.029131 0.036847 0.045077 0.053415 0.061273 0.067542 0.071947 0.074040 0.073637 0.070624 0.065878 0.058661 0.051081 0.042729 0.034665 0.027070 0.020518 0.015210 0.010868 0.007473 0.004852 0.003136 0.001910 0.001186 0.000704 0.000398 0.000232 0.000094 0.000050 0.000025 0.000027 0.000004 0.000002 0.000001 0.000000 0.000000 0.000000 0.000000 0.000000 0.000000 0.000000 0.000000 
t: 0.012000000000 start: 70 end: 128 0.000001 0.000001 0.000004 0.000008 0.000017 0.000043 0.000095 0.000159 0.000353 0.000667 0.001133 0.001967 0.003125 0.004935 0.007636 0.011073 0.015479 0.021351 0.028567 0.035910 0.044432 0.052641 0.060494 0.067220 0.071003 0.073648 0.073276 0.070711 0.066065 0.059236 0.052067 0.043318 0.035631 0.027967 0.021176 0.015657 0.011485 0.007853 0.005183 0.003423 0.002084 0.001217 0.000767 0.000441 0.000249 0.000112 0.000061 0.000029 0.000018 0.000005 0.000007 0.000000 0.000000 0.000000 0.000000 0.000000 0.000000 0.000000 0.000000 
t: 0.011764705882 start: 72 end: 130 0.000002 0.000004 0.000006 0.000020 0.000043 0.000084 0.000168 0.000342 0.000637 0.001182 0.001936 0.003048 0.004963 0.007512 0.010894 0.015061 0.021305 0.027940 0.035258 0.043656 0.052315 0.059924 0.066089 0.070700 0.073240 0.073157 0.070797 0.066052 0.059758 0.051950 0.044542 0.036152 0.028515 0.021995 0.016312 0.011862 0.008115 0.005584 0.003461 0.002301 0.001354 0.000760 0.000490 0.000258 0.000111 0.000081 0.000034 0.000018 0.000007 0.000004 0.000001 0.000000 0.000000 0.000000 0.000000 0.000000 0.000000 0.000000 0.000000 
t: 0.011538461538 start: 72 end: 132 0.000001 0.000001 0.000004 0.000009 0.000016 0.000044 0.000074 0.000184 0.000372 0.000597 0.001188 0.001930 0.003050 0.004818 0.007370 0.010776 0.015358 0.020894 0.027359 0.034886 0.043338 0.051623 0.059058 0.065636 0.070242 0.073063 0.072793 0.070847 0.066178 0.060158 0.052808 0.044475 0.036471 0.029104 0.022672 0.016817 0.012140 0.008479 0.005721 0.003812 0.002292 0.001471 0.000846 0.000485 0.000262 0.000121 0.000085 0.000032 0.000027 0.000009 0.000002 0.000001 0.000001 0.000000 0.000000 0.000000 0.000000 0.000000 0.000000 0.000000 0.000000 
t: 0.011320754717 start: 74 end: 133 0.000003 0.000005 0.000005 0.000019 0.000046 0.000079 0.000197 0.000352 0.000643 0.001155 0.001974 0.003002 0.004738 0.007513 0.010694 0.015278 0.020836 0.027063 0.034764 0.043068 0.051038 0.058544 0.065181 0.070105 0.072472 0.072782 0.070663 0.066200 0.060449 0.052637 0.045017 0.036779 0.029737 0.022962 0.017073 0.012528 0.008583 0.005999 0.003896 0.002439 0.001509 0.000886 0.000505 0.000268 0.000164 0.000076 0.000032 0.000024 0.000007 0.000008 0.000002 0.000001 0.000000 0.000000 0.000000 0.000000 0.000000 0.000000 0.000000 0.000000 
t: 0.011111111111 start: 75 end: 134 0.000002 0.000005 0.000008 0.000014 0.000051 0.000101 0.000169 0.000370 0.000662 0.001240 0.001941 0.002927 0.004887 0.007415 0.010820 0.015207 0.020691 0.027040 0.034800 0.042817 0.050731 0.058429 0.064804 0.069390 0.072298 0.073036 0.070136 0.066411 0.060213 0.053009 0.044960 0.037060 0.030127 0.023003 0.017428 0.012554 0.009034 0.006014 0.004051 0.002528 0.001567 0.000949 0.000488 0.000302 0.000146 0.000077 0.000048 0.000021 0.000008 0.000007 0.000003 0.000001 0.000000 0.000000 0.000000 0.000000 0.000000 0.000000 0.000000 0.000000 
t: 0.010909090909 start: 75 end: 135 0.000001 0.000002 0.000004 0.000009 0.000019 0.000047 0.000098 0.000180 0.000391 0.000744 0.001153 0.001925 0.003131 0.004930 0.007505 0.010800 0.015370 0.020761 0.027205 0.034676 0.042538 0.050950 0.058215 0.064347 0.069323 0.072218 0.072297 0.070170 0.066134 0.060269 0.052842 0.044850 0.037693 0.030105 0.023167 0.017533 0.012719 0.009064 0.006204 0.004125 0.002535 0.001650 0.000922 0.000555 0.000306 0.000150 0.000084 0.000036 0.000027 0.000009 0.000010 0.000000 0.000001 0.000001 0.000000 0.000000 0.000000 0.000000 0.000000 0.000000 0.000000 
t: 0.010714285714 start: 77 end: 137 0.000002 0.000006 0.000010 0.000020 0.000054 0.000090 0.000199 0.000429 0.000682 0.001233 0.001989 0.003179 0.005022 0.007642 0.011005 0.015331 0.020870 0.027700 0.034684 0.042792 0.050813 0.058116 0.064157 0.069285 0.071790 0.072757 0.069621 0.065716 0.060075 0.052142 0.044946 0.037866 0.030186 0.023221 0.017618 0.012841 0.009035 0.006258 0.004151 0.002701 0.001607 0.000949 0.000558 0.000319 0.000167 0.000085 0.000041 0.000020 0.000011 0.000006 0.000001 0.000001 0.000000 0.000001 0.000000 0.000000 0.000000 0.000000 0.000000 0.000000 0.000000 
t: 0.010526315789 start: 77 end: 137 0.000001 0.000001 0.000006 0.000005 0.000026 0.000045 0.000111 0.000227 0.000427 0.000760 0.001158 0.002127 0.003297 0.005264 0.007771 0.011158 0.015534 0.021156 0.027763 0.034988 0.043038 0.050973 0.057968 0.064166 0.069161 0.071788 0.072319 0.069273 0.065406 0.059536 0.052357 0.045277 0.037247 0.029854 0.023452 0.017542 0.012848 0.008973 0.006281 0.004218 0.002613 0.001662 0.000994 0.000557 0.000333 0.000161 0.000096 0.000041 0.000020 0.000012 0.000005 0.000003 0.000000 0.000001 0.000000 0.000000 0.000000 0.000000 0.000000 0.000000 0.000000 
t: 0.010344827586 start: 78 end: 138 0.000001 0.000003 0.000002 0.000010 0.000029 0.000053 0.000124 0.000252 0.000466 0.000735 0.001250 0.002207 0.003486 0.005339 0.007917 0.011509 0.015845 0.021664 0.027915 0.035413 0.043408 0.051396 0.058220 0.064318 0.068785 0.071493 0.071639 0.069219 0.065097 0.059053 0.052514 0.044574 0.036951 0.029823 0.023132 0.017403 0.012928 0.008994 0.006221 0.004023 0.002749 0.001608 0.000966 0.000599 0.000317 0.000168 0.000097 0.000041 0.000023 0.000010 0.000009 0.000001 0.000001 0.000000 0.000000 0.000000 0.000000 0.000000 0.000000 0.000000 0.000000 
t: 0.010169491525 start: 80 end: 139 0.000002 0.000006 0.000010 0.000035 0.000061 0.000130 0.000259 0.000469 0.000799 0.001318 0.002354 0.003533 0.005599 0.008234 0.011761 0.016444 0.021800 0.028530 0.035758 0.044139 0.051378 0.058861 0.064308 0.068848 0.071242 0.071134 0.068725 0.064829 0.058552 0.052037 0.044189 0.036674 0.029572 0.022793 0.017385 0.012629 0.008882 0.006154 0.004146 0.002540 0.001616 0.000998 0.000565 0.000347 0.000185 0.000087 0.000041 0.000019 0.000019 0.000001 0.000002 0.000001 0.000000 0.000000 0.000000 0.000000 0.000000 0.000000 0.000000 0.000000 
t: 0.010000000000 start: 80 end: 140 0.000001 0.000002 0.000007 0.000013 0.000028 0.000079 0.000154 0.000275 0.000522 0.000831 0.001452 0.002375 0.003816 0.005771 0.008509 0.012252 0.016830 0.022511 0.028777 0.036617 0.044360 0.051839 0.059155 0.064703 0.069122 0.070620 0.070795 0.068463 0.064489 0.058191 0.051088 0.043797 0.036460 0.028961 0.022505 0.016988 0.012509 0.008822 0.005999 0.003959 0.002512 0.001578 0.000979 0.000623 0.000308 0.000175 0.000090 0.000048 0.000025 0.000007 0.000006 0.000001 0.000000 0.000001 0.000000 0.000000 0.000000 0.000000 0.000000 0.000000 0.000000 
t: 0.008448275866 start: 88 end: 150 0.000002 0.000002 0.000002 0.000007 0.000017 0.000041 0.000100 0.000159 0.000285 0.000473 0.000862 0.001486 0.002322 0.003668 0.005542 0.008296 0.011745 0.016018 0.021153 0.027375 0.034439 0.041541 0.048678 0.055634 0.061449 0.066219 0.068941 0.069428 0.067989 0.063993 0.059655 0.053227 0.046521 0.039344 0.032357 0.025383 0.019290 0.014537 0.010689 0.007360 0.005023 0.003279 0.002156 0.001359 0.000890 0.000484 0.000251 0.000160 0.000074 0.000056 0.000025 0.000004 0.000007 0.000001 0.000000 0.000000 0.000000 0.000000 0.000002 0.000000 0.000000 0.000000 0.000000 
t: 0.007313432839 start: 95 end: 158 0.000002 0.000001 0.000007 0.000009 0.000012 0.000024 0.000052 0.000103 0.000199 0.000364 0.000656 0.001059 0.001698 0.002658 0.004087 0.006046 0.008778 0.012510 0.016701 0.021909 0.027782 0.034722 0.041930 0.049010 0.055286 0.060698 0.065036 0.067902 0.068596 0.067039 0.063539 0.058626 0.052925 0.046049 0.038748 0.032019 0.025502 0.019823 0.014715 0.010739 0.007658 0.005309 0.003537 0.002398 0.001432 0.000895 0.000550 0.000308 0.000160 0.000091 0.000058 0.000022 0.000012 0.000003 0.000004 0.000000 0.000002 0.000000 0.000000 0.000000 0.000000 0.000000 0.000000 0.000000 
t: 0.006447368423 start: 102 end: 165 0.000001 0.000005 0.000004 0.000003 0.000021 0.000033 0.000055 0.000126 0.000240 0.000442 0.000705 0.001215 0.001895 0.003081 0.004620 0.006744 0.009386 0.013159 0.017792 0.023106 0.028952 0.035546 0.042606 0.049614 0.055979 0.061187 0.064810 0.067864 0.067511 0.066415 0.062436 0.057792 0.051518 0.044792 0.037950 0.031446 0.024785 0.019204 0.014547 0.010472 0.007614 0.005145 0.003417 0.002319 0.001429 0.000865 0.000523 0.000278 0.000156 0.000101 0.000052 0.000016 0.000018 0.000004 0.000003 0.000001 0.000000 0.000000 0.000000 0.000000 0.000000 0.000000 0.000000 0.000000 
t: 0.005764705884 start: 107 end: 170 0.000001 0.000002 0.000002 0.000006 0.000007 0.000019 0.000037 0.000094 0.000165 0.000254 0.000467 0.000809 0.001259 0.002036 0.003189 0.004735 0.007018 0.009789 0.013375 0.017991 0.022984 0.029385 0.035673 0.042913 0.049556 0.055927 0.061221 0.064753 0.066746 0.067663 0.065387 0.062002 0.057810 0.051305 0.045455 0.037672 0.031074 0.024797 0.019317 0.014569 0.010719 0.007354 0.005326 0.003464 0.002209 0.001401 0.000879 0.000539 0.000304 0.000165 0.000079 0.000054 0.000029 0.000004 0.000006 0.000004 0.000000 0.000000 0.000000 0.000000 0.000000 0.000000 0.000000 0.000000 
t: 0.005212765959 start: 113 end: 175 0.000001 0.000000 0.000006 0.000011 0.000026 0.000043 0.000069 0.000137 0.000233 0.000427 0.000732 0.001126 0.001800 0.002965 0.004443 0.006481 0.008996 0.012413 0.016698 0.022023 0.027690 0.034117 0.041208 0.047495 0.054405 0.059912 0.064337 0.066185 0.067373 0.065936 0.063264 0.058472 0.053216 0.046821 0.039680 0.032894 0.026396 0.020787 0.015621 0.011462 0.008166 0.005685 0.003843 0.002503 0.001622 0.000975 0.000552 0.000351 0.000179 0.000125 0.000057 0.000019 0.000014 0.000002 0.000004 0.000002 0.000000 0.000000 0.000000 0.000000 0.000000 0.000000 0.000000 
t: 0.004757281555 start: 118 end: 181 0.000001 0.000002 0.000008 0.000014 0.000025 0.000059 0.000094 0.000163 0.000267 0.000527 0.000875 0.001380 0.002199 0.003334 0.005026 0.007228 0.009997 0.013864 0.018479 0.023744 0.029840 0.036498 0.043728 0.050409 0.056387 0.061616 0.065119 0.066577 0.067339 0.064947 0.062379 0.056728 0.051281 0.044379 0.037229 0.030514 0.024145 0.018822 0.014078 0.010213 0.007149 0.004907 0.003151 0.002084 0.001345 0.000799 0.000488 0.000290 0.000141 0.000070 0.000029 0.000012 0.000011 0.000005 0.000004 0.000001 0.000000 0.000000 0.000000 0.000000 0.000000 0.000000 0.000000 0.000000 
t: 0.004375000001 start: 122 end: 186 0.000002 0.000002 0.000007 0.000013 0.000022 0.000050 0.000081 0.000150 0.000289 0.000441 0.000788 0.001297 0.002093 0.003121 0.004651 0.006768 0.009543 0.013036 0.017557 0.023021 0.029151 0.035397 0.042645 0.049348 0.055383 0.060437 0.064980 0.066752 0.067929 0.066559 0.062681 0.057913 0.052319 0.045161 0.038085 0.031548 0.025030 0.019308 0.014567 0.010440 0.007555 0.005060 0.003353 0.002149 0.001384 0.000868 0.000463 0.000276 0.000177 0.000069 0.000043 0.000020 0.000009 0.000001 0.000005 0.000002 0.000001 0.000000 0.000000 0.000000 0.000000 0.000000 0.000000 0.000000 0.000000 
t: 0.004049586778 start: 125 end: 189 0.000001 0.000001 0.000002 0.000008 0.000007 0.000025 0.000059 0.000108 0.000177 0.000318 0.000532 0.000885 0.001557 0.002155 0.003467 0.005194 0.007309 0.010344 0.014112 0.018664 0.024164 0.030961 0.037615 0.044305 0.051283 0.057156 0.061834 0.065897 0.068073 0.067782 0.065773 0.062047 0.057000 0.050173 0.043343 0.036174 0.029355 0.023397 0.017851 0.013159 0.009462 0.006475 0.004307 0.002957 0.001808 0.001159 0.000736 0.000388 0.000216 0.000125 0.000050 0.000020 0.000013 0.000009 0.000002 0.000005 0.000001 0.000000 0.000000 0.000000 0.000000 0.000000 0.000000 0.000000 0.000000 
t: 0.003769230770 start: 126 end: 187 0.000001 0.000000 0.000000 0.000000 0.000000 0.000003 0.000012 0.000013 0.000036 0.000082 0.000144 0.000231 0.000428 0.000741 0.001194 0.001975 0.002941 0.004306 0.006414 0.009098 0.012615 0.016924 0.022143 0.027922 0.034573 0.042207 0.048994 0.055552 0.060611 0.064608 0.067809 0.068576 0.067049 0.064005 0.059135 0.052940 0.045997 0.038550 0.032079 0.025293 0.019377 0.014343 0.010414 0.007306 0.004974 0.003264 0.002080 0.001304 0.000779 0.000449 0.000271 0.000130 0.000057 0.000023 0.000018 0.000004 0.000004 0.000002 0.000000 0.000000 0.000000 0.000000 
t: 0.003525179857 start: 129 end: 189 0.000001 0.000000 0.000000 0.000000 0.000000 0.000003 0.000002 0.000015 0.000044 0.000070 0.000108 0.000241 0.000410 0.000701 0.001167 0.001837 0.002786 0.004232 0.006123 0.008856 0.012106 0.016411 0.021439 0.028067 0.034414 0.041648 0.048417 0.055171 0.060849 0.065462 0.068097 0.068934 0.067952 0.064437 0.059226 0.053246 0.046739 0.039042 0.032125 0.025182 0.019445 0.014439 0.010344 0.007274 0.004901 0.003234 0.002037 0.001165 0.000733 0.000422 0.000224 0.000125 0.000048 0.000032 0.000012 0.000004 0.000000 0.000001 0.000000 0.000000 0.000000 
t: 0.003310810811 start: 134 end: 194 0.000001 0.000001 0.000000 0.000004 0.000010 0.000019 0.000044 0.000068 0.000145 0.000236 0.000428 0.000766 0.001229 0.001919 0.002979 0.004472 0.006582 0.009178 0.012993 0.017526 0.023039 0.028912 0.035808 0.043338 0.049947 0.056747 0.062424 0.066553 0.068740 0.069448 0.067948 0.063622 0.058334 0.052068 0.045043 0.037477 0.030280 0.023666 0.018036 0.013162 0.009446 0.006429 0.004277 0.002744 0.001700 0.000993 0.000609 0.000283 0.000173 0.000085 0.000039 0.000019 0.000009 0.000002 0.000000 0.000000 0.000000 0.000000 0.000000 0.000000 0.000000 
t: 0.003121019109 start: 137 end: 198 0.000001 0.000001 0.000002 0.000004 0.000013 0.000022 0.000051 0.000095 0.000167 0.000322 0.000505 0.000895 0.001424 0.002327 0.003457 0.005201 0.007615 0.010744 0.014855 0.019585 0.025444 0.032071 0.038884 0.046756 0.053310 0.059805 0.065136 0.068270 0.070021 0.069250 0.066245 0.061769 0.055936 0.048891 0.041417 0.034048 0.027012 0.021132 0.015322 0.011060 0.007628 0.005113 0.003350 0.002060 0.001230 0.000764 0.000396 0.000224 0.000098 0.000036 0.000019 0.000010 0.000006 0.000001 0.000000 0.000000 0.000000 0.000000 0.000000 0.000000 0.000000 0.000000 
t: 0.002951807229 start: 141 end: 200 0.000001 0.000005 0.000011 0.000018 0.000040 0.000070 0.000107 0.000250 0.000395 0.000676 0.001147 0.001923 0.002916 0.004583 0.006488 0.009393 0.013078 0.017649 0.023170 0.029774 0.036373 0.044186 0.051500 0.058073 0.063746 0.067734 0.070183 0.070279 0.068512 0.063966 0.058098 0.051525 0.044270 0.036295 0.029150 0.022595 0.016749 0.011998 0.008356 0.005764 0.003591 0.002227 0.001458 0.000780 0.000452 0.000233 0.000115 0.000057 0.000023 0.000015 0.000002 0.000001 0.000000 0.000000 0.000000 0.000000 0.000000 0.000000 0.000000 0.000000 
t: 0.002800000000 start: 143 end: 199 0.000002 0.000000 0.000006 0.000014 0.000025 0.000048 0.000110 0.000194 0.000362 0.000591 0.001055 0.001680 0.002576 0.004126 0.006108 0.008624 0.012162 0.016783 0.022246 0.028294 0.035599 0.043183 0.050408 0.057106 0.063266 0.068229 0.070570 0.070716 0.069353 0.065418 0.059384 0.052956 0.045280 0.037460 0.029786 0.023100 0.017243 0.012414 0.008668 0.005783 0.003693 0.002311 0.001430 0.000772 0.000422 0.000234 0.000118 0.000047 0.000032 0.000013 0.000000 0.000000 0.000000 0.000000 0.000000 0.000000 0.000000 
t: 0.002663043479 start: 146 end: 204 0.000001 0.000009 0.000014 0.000018 0.000061 0.000101 0.000166 0.000372 0.000561 0.000979 0.001615 0.002541 0.004039 0.005805 0.008558 0.012082 0.016451 0.022018 0.028081 0.035802 0.043155 0.050601 0.057713 0.064025 0.068581 0.070741 0.072105 0.069332 0.065668 0.060313 0.052854 0.045153 0.037103 0.029430 0.022802 0.016717 0.012119 0.008444 0.005467 0.003536 0.002147 0.001266 0.000697 0.000378 0.000186 0.000115 0.000049 0.000019 0.000007 0.000001 0.000002 0.000000 0.000000 0.000000 0.000000 0.000000 0.000000 0.000000 0.000000 
t: 0.002538860104 start: 147 end: 205 0.000001 0.000002 0.000002 0.000013 0.000028 0.000062 0.000099 0.000201 0.000318 0.000605 0.001016 0.001640 0.002645 0.004156 0.006030 0.008820 0.012550 0.016829 0.022843 0.029323 0.036437 0.044544 0.052260 0.058533 0.065389 0.069226 0.072258 0.071661 0.070171 0.065405 0.059396 0.051719 0.043602 0.036146 0.028047 0.021462 0.015696 0.011039 0.007634 0.005066 0.003033 0.001849 0.001036 0.000600 0.000295 0.000170 0.000087 0.000039 0.000012 0.000004 0.000000 0.000001 0.000000 0.000000 0.000000 0.000000 0.000000 0.000000 0.000000 
t: 0.002425742574 start: 148 end: 206 0.000002 0.000000 0.000002 0.000007 0.000013 0.000034 0.000051 0.000118 0.000202 0.000385 0.000694 0.001127 0.001865 0.002875 0.004352 0.006528 0.009557 0.013617 0.018384 0.024133 0.031282 0.038441 0.046474 0.054441 0.061205 0.067191 0.070785 0.072895 0.072309 0.069580 0.063892 0.057967 0.049737 0.041590 0.032922 0.025912 0.019431 0.014082 0.009614 0.006513 0.004055 0.002516 0.001493 0.000817 0.000468 0.000241 0.000118 0.000053 0.000017 0.000009 0.000001 0.000003 0.000000 0.000000 0.000000 0.000000 0.000000 0.000000 0.000000 
t: 0.002322274882 start: 150 end: 210 0.000001 0.000003 0.000001 0.000007 0.000020 0.000036 0.000066 0.000132 0.000253 0.000445 0.000767 0.001309 0.002127 0.003333 0.004959 0.007512 0.010857 0.015044 0.020398 0.026750 0.033776 0.041964 0.049725 0.057383 0.064427 0.069321 0.072489 0.073344 0.072151 0.067998 0.062524 0.054719 0.046225 0.037970 0.030075 0.022866 0.016599 0.011843 0.007979 0.005160 0.003254 0.001920 0.001056 0.000620 0.000310 0.000159 0.000070 0.000039 0.000006 0.000003 0.000003 0.000001 0.000001 0.000000 0.000000 0.000000 0.000000 0.000000 0.000000 0.000000 0.000000 
t: 0.002227272727 start: 152 end: 210 0.000001 0.000004 0.000001 0.000010 0.000021 0.000052 0.000089 0.000170 0.000324 0.000542 0.000966 0.001647 0.002536 0.003972 0.005983 0.008766 0.012695 0.017487 0.023044 0.029869 0.038057 0.045876 0.053771 0.061423 0.067600 0.071916 0.073670 0.073702 0.071170 0.066213 0.058545 0.050844 0.041931 0.033601 0.025979 0.019170 0.013749 0.009464 0.006175 0.003926 0.002225 0.001310 0.000731 0.000401 0.000200 0.000106 0.000042 0.000012 0.000007 0.000004 0.000001 0.000000 0.000000 0.000000 0.000000 0.000000 0.000000 0.000000 0.000000 
t: 0.002139737991 start: 154 end: 210 0.000001 0.000004 0.000003 0.000018 0.000038 0.000063 0.000113 0.000254 0.000412 0.000770 0.001218 0.002021 0.003274 0.004907 0.007423 0.010695 0.014965 0.020430 0.026845 0.034989 0.042358 0.050952 0.059311 0.065622 0.070291 0.073897 0.074477 0.073460 0.069010 0.062122 0.054377 0.045353 0.036800 0.028520 0.021451 0.015567 0.010594 0.007065 0.004475 0.002630 0.001479 0.000858 0.000449 0.000234 0.000130 0.000050 0.000013 0.000008 0.000004 0.000000 0.000000 0.000000 0.000000 0.000000 0.000000 0.000000 0.000000 
t: 0.002058823530 start: 155 end: 211 0.000001 0.000002 0.000006 0.000011 0.000023 0.000043 0.000103 0.000176 0.000341 0.000581 0.000986 0.001699 0.002744 0.004067 0.006433 0.009369 0.013190 0.018374 0.024593 0.032135 0.040030 0.048126 0.057060 0.063968 0.069512 0.073552 0.075725 0.074744 0.070897 0.064997 0.057026 0.048580 0.039220 0.030746 0.023159 0.016804 0.011860 0.007782 0.004872 0.002839 0.001672 0.000975 0.000492 0.000260 0.000139 0.000052 0.000021 0.000008 0.000005 0.000000 0.000000 0.000000 0.000000 0.000000 0.000000 0.000000 0.000000 
t: 0.001983805668 start: 156 end: 213 0.000001 0.000002 0.000004 0.000010 0.000019 0.000042 0.000063 0.000152 0.000260 0.000509 0.000818 0.001430 0.002372 0.003595 0.005561 0.008357 0.012065 0.016769 0.022760 0.030098 0.038002 0.046594 0.054932 0.062482 0.069091 0.073491 0.076267 0.076159 0.072441 0.066658 0.059471 0.050478 0.041000 0.032901 0.024532 0.017761 0.012489 0.008325 0.005129 0.003069 0.001831 0.000975 0.000544 0.000269 0.000127 0.000060 0.000022 0.000010 0.000002 0.000001 0.000000 0.000000 0.000000 0.000000 0.000000 0.000000 0.000000 0.000000 
t: 0.001914062500 start: 157 end: 212 0.000002 0.000000 0.000002 0.000009 0.000013 0.000040 0.000067 0.000132 0.000203 0.000429 0.000765 0.001223 0.002045 0.003258 0.005061 0.007592 0.011282 0.015750 0.021380 0.028636 0.036600 0.045033 0.053781 0.061309 0.068472 0.074106 0.076892 0.076493 0.073714 0.068751 0.060666 0.051860 0.042682 0.033897 0.025368 0.018556 0.013023 0.008516 0.005298 0.003172 0.001861 0.001020 0.000564 0.000263 0.000128 0.000059 0.000017 0.000006 0.000004 0.000000 0.000000 0.000000 0.000000 0.000000 0.000000 0.000000 
t: 0.001849056604 start: 158 end: 214 0.000001 0.000001 0.000002 0.000008 0.000014 0.000024 0.000070 0.000095 0.000197 0.000398 0.000663 0.001119 0.001808 0.003010 0.004761 0.007105 0.010467 0.015013 0.020751 0.027824 0.035608 0.043891 0.052770 0.061466 0.068518 0.073941 0.077303 0.076992 0.075133 0.069395 0.061668 0.053182 0.043483 0.034352 0.026003 0.018850 0.013162 0.008537 0.005329 0.003274 0.001833 0.000983 0.000538 0.000244 0.000134 0.000055 0.000016 0.000004 0.000005 0.000000 0.000000 0.000000 0.000000 0.000000 0.000000 0.000000 0.000000 
t: 0.001788321168 start: 158 end: 215 0.000001 0.000000 0.000002 0.000001 0.000011 0.000007 0.000022 0.000065 0.000083 0.000195 0.000343 0.000609 0.001050 0.001716 0.002850 0.004437 0.006840 0.010127 0.014624 0.020325 0.027190 0.035070 0.043690 0.052607 0.061072 0.068675 0.074495 0.077433 0.078275 0.075920 0.070144 0.062541 0.053587 0.043599 0.034621 0.025737 0.018792 0.012896 0.008314 0.005338 0.003109 0.001714 0.000959 0.000509 0.000226 0.000112 0.000041 0.000015 0.000007 0.000003 0.000000 0.000001 0.000000 0.000000 0.000000 0.000000 0.000000 0.000000 
t: 0.001731448763 start: 159 end: 216 0.000001 0.000000 0.000002 0.000001 0.000007 0.000009 0.000019 0.000056 0.000087 0.000160 0.000344 0.000583 0.000977 0.001692 0.002745 0.004338 0.006811 0.009997 0.014133 0.020191 0.027084 0.035142 0.043602 0.052975 0.061709 0.069568 0.075010 0.078158 0.078759 0.076164 0.071048 0.062633 0.053397 0.043082 0.034117 0.025655 0.018215 0.012246 0.008140 0.004966 0.002931 0.001602 0.000869 0.000438 0.000186 0.000088 0.000043 0.000013 0.000004 0.000002 0.000001 0.000000 0.000000 0.000000 0.000000 0.000000 0.000000 0.000000 
t: 0.001678082192 start: 159 end: 216 0.000001 0.000000 0.000002 0.000000 0.000002 0.000004 0.000014 0.000023 0.000048 0.000073 0.000165 0.000322 0.000583 0.001014 0.001659 0.002706 0.004329 0.006683 0.010004 0.014505 0.020268 0.027289 0.035441 0.044657 0.053367 0.062659 0.070146 0.076311 0.078752 0.079594 0.076517 0.070704 0.062185 0.052456 0.042930 0.033174 0.024964 0.017248 0.011745 0.007417 0.004482 0.002669 0.001496 0.000747 0.000371 0.000156 0.000068 0.000034 0.000011 0.000003 0.000001 0.000001 0.000000 0.000000 0.000000 0.000000 0.000000 0.000000 
t: 0.001627906977 start: 160 end: 216 0.000001 0.000000 0.000000 0.000002 0.000002 0.000002 0.000017 0.000025 0.000049 0.000083 0.000152 0.000328 0.000571 0.001001 0.001631 0.002773 0.004507 0.006730 0.010411 0.014775 0.020747 0.027937 0.036319 0.045744 0.054416 0.063831 0.071722 0.077030 0.080027 0.080070 0.076551 0.069793 0.061336 0.051885 0.041602 0.031857 0.023522 0.016255 0.010711 0.006807 0.004062 0.002290 0.001297 0.000617 0.000281 0.000144 0.000056 0.000019 0.000009 0.000002 0.000000 0.000001 0.000000 0.000000 0.000000 0.000000 0.000000 
t: 0.001580645161 start: 163 end: 219 0.000001 0.000001 0.000001 0.000005 0.000008 0.000029 0.000043 0.000081 0.000161 0.000327 0.000577 0.001012 0.001719 0.002976 0.004583 0.007198 0.010708 0.015432 0.021231 0.029273 0.037574 0.047021 0.056038 0.065706 0.073337 0.078205 0.080942 0.080598 0.075905 0.069012 0.060118 0.050042 0.040220 0.030028 0.021678 0.014988 0.009757 0.006011 0.003518 0.002039 0.001048 0.000448 0.000216 0.000123 0.000039 0.000016 0.000005 0.000001 0.000001 0.000000 0.000000 0.000000 0.000000 0.000000 0.000000 0.000000 0.000000 
t: 0.001536050157 start: 164 end: 219 0.000001 0.000000 0.000001 0.000001 0.000011 0.000030 0.000053 0.000077 0.000183 0.000347 0.000582 0.001094 0.001895 0.002987 0.004927 0.007596 0.011212 0.016409 0.022612 0.030610 0.039124 0.048694 0.058689 0.067347 0.075201 0.079843 0.081618 0.080356 0.075027 0.067891 0.058174 0.048264 0.037849 0.028191 0.019789 0.013494 0.008511 0.005164 0.003049 0.001660 0.000780 0.000357 0.000186 0.000072 0.000032 0.000003 0.000005 0.000001 0.000001 0.000000 0.000000 0.000000 0.000000 0.000000 0.000000 0.000000 
t: 0.001493902439 start: 164 end: 217 0.000001 0.000000 0.000000 0.000000 0.000005 0.000016 0.000032 0.000036 0.000109 0.000193 0.000358 0.000643 0.001232 0.001971 0.003318 0.005254 0.008064 0.012086 0.017495 0.024379 0.032270 0.041112 0.051282 0.061027 0.069696 0.077283 0.081075 0.082253 0.079642 0.074213 0.066275 0.056016 0.045753 0.034901 0.025676 0.018066 0.011684 0.007367 0.004398 0.002514 0.001219 0.000595 0.000298 0.000117 0.000049 0.000017 0.000007 0.000002 0.000000 0.000001 0.000000 0.000000 0.000000 0.000000 
t: 0.001454005935 start: 165 end: 218 0.000001 0.000000 0.000000 0.000002 0.000006 0.000014 0.000022 0.000063 0.000104 0.000199 0.000417 0.000774 0.001299 0.002221 0.003547 0.005680 0.009030 0.013215 0.018823 0.026013 0.034408 0.043949 0.054061 0.063633 0.072547 0.079046 0.082454 0.082777 0.078880 0.072785 0.063690 0.053455 0.042668 0.031771 0.023116 0.015760 0.010186 0.006204 0.003569 0.001892 0.000951 0.000438 0.000190 0.000095 0.000029 0.000011 0.000004 0.000000 0.000001 0.000000 0.000000 0.000000 0.000000 0.000000 
t: 0.001416184971 start: 166 end: 220 0.000001 0.000000 0.000001 0.000001 0.000009 0.000010 0.000028 0.000058 0.000134 0.000246 0.000469 0.000855 0.001475 0.002439 0.003948 0.006371 0.010029 0.014635 0.020523 0.028187 0.037079 0.047090 0.057271 0.066807 0.075376 0.080818 0.083900 0.082517 0.078111 0.070225 0.060991 0.050002 0.038675 0.028927 0.020347 0.013359 0.008572 0.005068 0.002779 0.001413 0.000698 0.000325 0.000149 0.000052 0.000019 0.000008 0.000002 0.000001 0.000000 0.000000 0.000000 0.000000 0.000000 0.000000 0.000000 
t: 0.001380281690 start: 167 end: 221 0.000001 0.000001 0.000001 0.000002 0.000008 0.000015 0.000028 0.000074 0.000157 0.000279 0.000537 0.001006 0.001631 0.002746 0.004515 0.007407 0.011172 0.016194 0.022535 0.030977 0.040240 0.050673 0.060662 0.069877 0.078313 0.082829 0.084703 0.081794 0.076373 0.067697 0.057180 0.046016 0.035333 0.025440 0.017436 0.011211 0.006952 0.003981 0.002121 0.001018 0.000491 0.000242 0.000086 0.000031 0.000008 0.000005 0.000002 0.000000 0.000000 0.000000 0.000000 0.000000 0.000000 0.000000 0.000000 
t: 0.001346153846 start: 167 end: 220 0.000001 0.000001 0.000001 0.000000 0.000003 0.000007 0.000014 0.000045 0.000085 0.000179 0.000353 0.000654 0.001093 0.001921 0.003155 0.005386 0.008390 0.012456 0.018236 0.025260 0.034028 0.043911 0.054290 0.064294 0.074009 0.080538 0.084719 0.084568 0.081054 0.073811 0.064214 0.053155 0.041896 0.031220 0.021925 0.014690 0.009088 0.005552 0.002979 0.001537 0.000721 0.000351 0.000137 0.000047 0.000017 0.000007 0.000002 0.000000 0.000000 0.000000 0.000000 0.000000 0.000000 0.000000 
t: 0.001313672922 start: 168 end: 220 0.000001 0.000001 0.000000 0.000001 0.000004 0.000010 0.000017 0.000050 0.000112 0.000238 0.000440 0.000746 0.001288 0.002273 0.003791 0.006195 0.009663 0.014246 0.020727 0.028062 0.037643 0.048086 0.058467 0.068511 0.077131 0.083682 0.085535 0.084314 0.078749 0.070572 0.060330 0.048569 0.037571 0.027097 0.018470 0.011830 0.007415 0.004092 0.002134 0.001079 0.000525 0.000216 0.000083 0.000024 0.000005 0.000005 0.000000 0.000000 0.000000 0.000000 0.000000 0.000000 0.000000 
t: 0.001282722513 start: 169 end: 219 0.000002 0.000000 0.000000 0.000000 0.000004 0.000010 0.000041 0.000053 0.000132 0.000299 0.000495 0.000916 0.001601 0.002732 0.004562 0.007351 0.011032 0.016521 0.023224 0.032013 0.041739 0.052266 0.062953 0.073077 0.080545 0.085605 0.086262 0.082933 0.076058 0.066715 0.055282 0.044116 0.032515 0.022950 0.015169 0.009606 0.005381 0.003077 0.001491 0.000737 0.000334 0.000141 0.000036 0.000016 0.000006 0.000002 0.000000 0.000000 0.000000 0.000000 0.000000 
t: 0.001253196931 start: 169 end: 221 0.000001 0.000001 0.000000 0.000000 0.000001 0.000005 0.000024 0.000037 0.000081 0.000184 0.000331 0.000593 0.001146 0.001941 0.003349 0.005479 0.008660 0.012923 0.019089 0.026837 0.035854 0.046280 0.057247 0.067832 0.077079 0.083493 0.087195 0.085789 0.080959 0.072413 0.061824 0.050544 0.038610 0.027840 0.019004 0.012199 0.007171 0.004061 0.002086 0.001034 0.000508 0.000185 0.000071 0.000030 0.000008 0.000001 0.000001 0.000000 0.000000 0.000000 0.000000 0.000000 0.000000 
t: 0.001225000000 start: 170 end: 219 0.000002 0.000000 0.000000 0.000000 0.000003 0.000006 0.000025 0.000055 0.000119 0.000212 0.000376 0.000788 0.001423 0.002400 0.004110 0.006602 0.010243 0.015383 0.022151 0.030707 0.040274 0.051276 0.062445 0.072625 0.081182 0.086639 0.087007 0.084866 0.078112 0.067997 0.056729 0.044551 0.033343 0.023024 0.015262 0.009327 0.005316 0.002861 0.001410 0.000717 0.000272 0.000105 0.000040 0.000012 0.000000 0.000003 0.000000 0.000000 0.000000 0.000000 
t: 0.001198044010 start: 171 end: 222 0.000001 0.000001 0.000000 0.000001 0.000004 0.000012 0.000029 0.000085 0.000150 0.000263 0.000521 0.000986 0.001712 0.003061 0.005022 0.008079 0.012362 0.018222 0.025710 0.034974 0.045539 0.056752 0.067269 0.077517 0.085193 0.087952 0.087577 0.082425 0.073699 0.062435 0.050988 0.039066 0.027681 0.018687 0.011747 0.007026 0.003694 0.001915 0.001030 0.000373 0.000158 0.000059 0.000018 0.000002 0.000003 0.000000 0.000000 0.000000 0.000000 0.000000 0.000000 0.000000 
t: 0.001172248804 start: 172 end: 222 0.000001 0.000001 0.000001 0.000002 0.000004 0.000022 0.000046 0.000103 0.000196 0.000350 0.000682 0.001246 0.002183 0.003847 0.006303 0.009828 0.014791 0.021622 0.029975 0.039906 0.051172 0.062229 0.072967 0.082483 0.087726 0.088998 0.085970 0.078751 0.068408 0.057002 0.044671 0.032914 0.022508 0.014461 0.008967 0.004875 0.002571 0.001323 0.000552 0.000227 0.000079 0.000028 0.000006 0.000003 0.000000 0.000000 0.000000 0.000000 0.000000 0.000000 0.000000 
t: 0.001147540984 start: 174 end: 222 0.000001 0.000001 0.000004 0.000010 0.000029 0.000070 0.000129 0.000248 0.000479 0.000858 0.001692 0.002898 0.004832 0.007693 0.012061 0.017919 0.025567 0.034722 0.045389 0.057245 0.067720 0.079343 0.085984 0.089679 0.088431 0.083225 0.074262 0.062611 0.050544 0.037963 0.026889 0.017788 0.010989 0.006320 0.003441 0.001731 0.000751 0.000309 0.000112 0.000047 0.000011 0.000002 0.000001 0.000000 0.000000 0.000000 0.000000 0.000000 0.000000 
t: 0.001123853211 start: 174 end: 222 0.000001 0.000001 0.000002 0.000007 0.000012 0.000052 0.000079 0.000173 0.000350 0.000603 0.001222 0.002189 0.003729 0.005984 0.009716 0.014630 0.021660 0.030088 0.040051 0.051782 0.063143 0.074853 0.083468 0.089272 0.090379 0.086632 0.079286 0.068488 0.055990 0.043578 0.031456 0.021246 0.013414 0.008063 0.004417 0.002281 0.001013 0.000447 0.000159 0.000059 0.000022 0.000002 0.000001 0.000000 0.000000 0.000000 0.000000 0.000000 0.000000 
t: 0.001101123596 start: 174 end: 222 0.000001 0.000001 0.000001 0.000003 0.000010 0.000027 0.000062 0.000127 0.000245 0.000419 0.000866 0.001645 0.002842 0.004719 0.007744 0.012054 0.017929 0.025946 0.035308 0.046581 0.058293 0.070082 0.080069 0.087552 0.091123 0.089663 0.083354 0.074116 0.061577 0.048841 0.036550 0.025177 0.016289 0.009912 0.005594 0.002996 0.001354 0.000581 0.000221 0.000086 0.000032 0.000007 0.000001 0.000000 0.000000 0.000000 0.000000 0.000000 0.000000 
t: 0.001079295154 start: 175 end: 222 0.000002 0.000001 0.000002 0.000004 0.000019 0.000041 0.000081 0.000175 0.000332 0.000613 0.001198 0.002186 0.003666 0.006193 0.009851 0.014829 0.022108 0.031041 0.041389 0.053243 0.065265 0.076221 0.085353 0.090743 0.091647 0.086885 0.079188 0.067295 0.054114 0.041550 0.029376 0.019458 0.012154 0.006984 0.003738 0.001772 0.000807 0.000299 0.000124 0.000040 0.000012 0.000001 0.000000 0.000000 0.000000 0.000000 0.000000 0.000000 
t: 0.001058315335 start: 177 end: 222 0.000003 0.000003 0.000010 0.000031 0.000062 0.000117 0.000254 0.000447 0.000854 0.001655 0.002918 0.004831 0.008032 0.012396 0.018598 0.026998 0.036659 0.048120 0.060321 0.072299 0.082293 0.089566 0.092392 0.090138 0.083340 0.072616 0.059915 0.046671 0.033744 0.022800 0.014612 0.008642 0.004651 0.002326 0.001036 0.000409 0.000163 0.000062 0.000015 0.000001 0.000000 0.000000 0.000000 0.000000 0.000000 0.000000 
t: 0.001038135593 start: 177 end: 222 0.000001 0.000002 0.000009 0.000021 0.000039 0.000093 0.000173 0.000330 0.000627 0.001232 0.002267 0.003876 0.006426 0.010177 0.015737 0.023181 0.032200 0.043611 0.055517 0.067681 0.078903 0.087844 0.092284 0.092129 0.087253 0.077765 0.064826 0.052093 0.038483 0.026409 0.017268 0.010617 0.005754 0.002954 0.001324 0.000555 0.000231 0.000083 0.000020 0.000005 0.000000 0.000000 0.000000 0.000000 0.000000 0.000000 
t: 0.001018711019 start: 178 end: 222 0.000002 0.000005 0.000013 0.000027 0.000069 0.000120 0.000279 0.000465 0.000860 0.001773 0.003027 0.005274 0.008289 0.013137 0.019914 0.028137 0.039035 0.050664 0.063248 0.075187 0.085287 0.091286 0.093680 0.089838 0.082434 0.070342 0.057366 0.043145 0.030579 0.020280 0.012524 0.007138 0.003670 0.001717 0.000752 0.000283 0.000124 0.000023 0.000007 0.000000 0.000000 0.000000 0.000000 0.000000 0.000000 
t: 0.001000000000 start: 178 end: 222 0.000001 0.000004 0.000007 0.000021 0.000044 0.000094 0.000196 0.000354 0.000663 0.001311 0.002359 0.004188 0.006944 0.010846 0.016984 0.024693 0.034626 0.046016 0.058443 0.071235 0.082292 0.090169 0.094073 0.092020 0.086720 0.075147 0.062248 0.048259 0.034869 0.023434 0.014906 0.008537 0.004596 0.002169 0.000944 0.000378 0.000163 0.000036 0.000009 0.000002 0.000000 0.000000 0.000000 0.000000 0.000000 
