t: 0.059999999999 start: 4 end: 22 0.000001 0.000005 0.000051 0.000362 0.002450 0.011217 0.036073 0.085653 0.153602 0.205588 0.207576 0.156968 0.089284 0.037326 0.011194 0.002353 0.000274 0.000023 0.000000 
t: 0.054545454544 start: 5 end: 22 0.000003 0.000015 0.000150 0.001095 0.005870 0.021427 0.058075 0.119553 0.183674 0.213706 0.187159 0.122527 0.059976 0.020743 0.005162 0.000790 0.000074 0.000001 
t: 0.049999999999 start: 5 end: 22 0.000001 0.000010 0.000061 0.000513 0.003019 0.012672 0.039057 0.090578 0.156837 0.206627 0.205796 0.153649 0.085337 0.034309 0.009605 0.001734 0.000193 0.000002 
t: 0.046153846153 start: 5 end: 22 0.000001 0.000001 0.000028 0.000234 0.001593 0.007645 0.025986 0.066980 0.130423 0.191679 0.213568 0.179560 0.111624 0.050858 0.016107 0.003284 0.000406 0.000023 
t: 0.042857142857 start: 6 end: 22 0.000002 0.000014 0.000114 0.000900 0.004612 0.017205 0.048997 0.105806 0.172699 0.213120 0.198473 0.137341 0.069626 0.024501 0.005760 0.000779 0.000051 
t: 0.040000000000 start: 7 end: 22 0.000008 0.000063 0.000487 0.002745 0.011587 0.035980 0.084408 0.151881 0.205945 0.210968 0.160672 0.089799 0.034799 0.009223 0.001341 0.000094 
t: 0.037500000000 start: 7 end: 22 0.000006 0.000036 0.000282 0.001664 0.007814 0.026221 0.067273 0.131162 0.194309 0.217308 0.180558 0.110369 0.047212 0.013425 0.002196 0.000165 
t: 0.035294117647 start: 7 end: 22 0.000002 0.000028 0.000181 0.001040 0.005254 0.019261 0.053224 0.112184 0.179792 0.218212 0.196884 0.130521 0.060877 0.018888 0.003367 0.000285 
t: 0.033333333333 start: 8 end: 22 0.000015 0.000098 0.000680 0.003611 0.014189 0.041941 0.095152 0.164727 0.214542 0.209380 0.149867 0.075138 0.025226 0.004967 0.000467 
t: 0.031578947368 start: 8 end: 22 0.000006 0.000057 0.000435 0.002511 0.010513 0.032837 0.080493 0.148662 0.208140 0.218271 0.167466 0.090258 0.032738 0.006920 0.000693 
t: 0.030000000000 start: 8 end: 22 0.000001 0.000039 0.000299 0.001710 0.007806 0.025982 0.067655 0.133329 0.199411 0.223600 0.182960 0.105819 0.041066 0.009355 0.000968 
t: 0.028571428571 start: 8 end: 22 0.000001 0.000023 0.000197 0.001179 0.005766 0.020707 0.056784 0.118648 0.189364 0.225624 0.196823 0.121173 0.050087 0.012286 0.001338 
t: 0.027272727273 start: 8 end: 22 0.000001 0.000013 0.000130 0.000846 0.004334 0.016372 0.047465 0.105484 0.178120 0.225206 0.209048 0.135754 0.059841 0.015586 0.001800 
t: 0.026086956522 start: 8 end: 22 0.000001 0.000010 0.000093 0.000591 0.003294 0.012901 0.039808 0.093497 0.166394 0.222753 0.218450 0.150525 0.069936 0.019369 0.002378 
t: 0.025000000000 start: 9 end: 22 0.000008 0.000073 0.000424 0.002448 0.010331 0.033304 0.082529 0.154896 0.218532 0.225658 0.164753 0.080377 0.023575 0.003092 
t: 0.024000000000 start: 9 end: 22 0.000003 0.000051 0.000322 0.001837 0.008268 0.028033 0.072795 0.143538 0.212734 0.231092 0.178162 0.091105 0.028139 0.003921 
t: 0.023076923077 start: 9 end: 22 0.000002 0.000035 0.000240 0.001426 0.006630 0.023574 0.064063 0.132578 0.206338 0.234463 0.190552 0.102121 0.033085 0.004893 
t: 0.022222222222 start: 9 end: 22 0.000001 0.000024 0.000188 0.001115 0.005404 0.019724 0.056463 0.122245 0.198566 0.236901 0.201490 0.113544 0.038391 0.005944 
t: 0.021428571428 start: 9 end: 22 0.000001 0.000018 0.000134 0.000875 0.004363 0.016619 0.049690 0.112337 0.190951 0.237449 0.211591 0.124570 0.044303 0.007099 
t: 0.020689655172 start: 10 end: 22 0.000013 0.000094 0.000684 0.003577 0.014113 0.043769 0.103089 0.182792 0.237217 0.220244 0.135667 0.050274 0.008467 
t: 0.020000000000 start: 10 end: 22 0.000009 0.000074 0.000526 0.002887 0.012051 0.038487 0.094652 0.174457 0.235806 0.228207 0.146353 0.056594 0.009897 
t: 0.019354838710 start: 10 end: 22 0.000008 0.000054 0.000429 0.002403 0.010315 0.033856 0.086850 0.165688 0.233801 0.235054 0.156966 0.063110 0.011466 
t: 0.018750000000 start: 10 end: 22 0.000006 0.000042 0.000333 0.001994 0.008739 0.029988 0.079557 0.157701 0.230380 0.240956 0.167333 0.069772 0.013199 
t: 0.018181818182 start: 10 end: 22 0.000004 0.000036 0.000260 0.001634 0.007501 0.026503 0.072644 0.149938 0.226561 0.245892 0.177118 0.076840 0.015069 
t: 0.017647058823 start: 10 end: 22 0.000002 0.000030 0.000201 0.001352 0.006455 0.023414 0.066603 0.141933 0.222598 0.249862 0.186763 0.083808 0.016979 
t: 0.017142857143 start: 10 end: 22 0.000001 0.000022 0.000178 0.001093 0.005512 0.020822 0.060943 0.134414 0.218291 0.252767 0.195998 0.090878 0.019081 
t: 0.016666666667 start: 11 end: 22 0.000015 0.000141 0.000945 0.004681 0.018366 0.056008 0.127017 0.213594 0.255125 0.204816 0.097978 0.021314 
t: 0.016216216216 start: 11 end: 22 0.000012 0.000111 0.000779 0.004016 0.016266 0.051368 0.120123 0.208288 0.257157 0.212977 0.105289 0.023614 
t: 0.015789473684 start: 11 end: 22 0.000009 0.000083 0.000651 0.003497 0.014449 0.046983 0.113646 0.202821 0.258151 0.221100 0.112512 0.026098 
t: 0.015384615385 start: 11 end: 22 0.000007 0.000068 0.000541 0.003046 0.012869 0.043003 0.107462 0.197078 0.259022 0.228443 0.119778 0.028683 
t: 0.015000000000 start: 11 end: 22 0.000005 0.000055 0.000458 0.002654 0.011430 0.039468 0.101500 0.191409 0.259384 0.235347 0.126897 0.031393 
t: 0.014634146341 start: 11 end: 22 0.000004 0.000046 0.000372 0.002307 0.010251 0.036324 0.095685 0.185766 0.259120 0.241743 0.134187 0.034195 
t: 0.014285714286 start: 11 end: 22 0.000003 0.000039 0.000307 0.001981 0.009211 0.033427 0.090362 0.180129 0.258188 0.247834 0.141445 0.037074 
t: 0.013953488372 start: 11 end: 22 0.000002 0.000032 0.000260 0.001742 0.008244 0.030660 0.085182 0.174816 0.256679 0.253650 0.148690 0.040043 
t: 0.013636363636 start: 11 end: 22 0.000002 0.000025 0.000224 0.001496 0.007412 0.028103 0.080606 0.169336 0.255250 0.258567 0.155840 0.043139 
t: 0.013333333333 start: 11 end: 22 0.000002 0.000023 0.000189 0.001312 0.006641 0.025852 0.076142 0.164022 0.253395 0.263047 0.163155 0.046220 
t: 0.013043478261 start: 11 end: 22 0.000002 0.000017 0.000164 0.001171 0.005967 0.023868 0.071761 0.158763 0.251301 0.267423 0.170242 0.049321 
t: 0.012765957447 start: 11 end: 22 0.000001 0.000015 0.000153 0.000992 0.005415 0.022005 0.067719 0.153625 0.248793 0.271479 0.177201 0.052602 
t: 0.012500000000 start: 11 end: 22 0.000001 0.000010 0.000132 0.000878 0.004888 0.020213 0.063993 0.148616 0.246070 0.275378 0.183990 0.055831 
t: 0.012244897959 start: 11 end: 22 0.000001 0.000006 0.000115 0.000775 0.004419 0.018583 0.060382 0.143604 0.243576 0.278745 0.190566 0.059228 
t: 0.012000000000 start: 11 end: 22 0.000001 0.000005 0.000100 0.000666 0.003995 0.017178 0.057034 0.138731 0.240718 0.281743 0.197228 0.062601 
t: 0.011764705882 start: 12 end: 22 0.000005 0.000086 0.000594 0.003583 0.015933 0.053901 0.134032 0.237624 0.284494 0.203731 0.066017 
t: 0.011538461538 start: 12 end: 22 0.000004 0.000077 0.000510 0.003257 0.014766 0.050868 0.129566 0.234224 0.287106 0.210048 0.069574 
t: 0.011320754717 start: 12 end: 22 0.000003 0.000071 0.000452 0.002969 0.013636 0.048064 0.125053 0.231288 0.288982 0.216324 0.073158 
t: 0.011111111111 start: 12 end: 22 0.000002 0.000066 0.000411 0.002716 0.012600 0.045537 0.120664 0.227906 0.290847 0.222509 0.076742 
t: 0.010909090909 start: 12 end: 22 0.000002 0.000059 0.000365 0.002477 0.011688 0.042989 0.116540 0.224713 0.292420 0.228355 0.080392 
t: 0.010714285714 start: 12 end: 22 0.000001 0.000050 0.000330 0.002250 0.010849 0.040683 0.112435 0.221352 0.293934 0.233991 0.084125 
t: 0.010526315789 start: 13 end: 22 0.000046 0.000297 0.002033 0.010137 0.038564 0.108472 0.217983 0.295037 0.239564 0.087867 
t: 0.010344827586 start: 13 end: 22 0.000039 0.000266 0.001866 0.009437 0.036519 0.104753 0.214642 0.295806 0.244972 0.091700 
t: 0.010169491525 start: 13 end: 22 0.000035 0.000239 0.001701 0.008761 0.034572 0.101181 0.211123 0.296586 0.250243 0.095559 
t: 0.010000000000 start: 13 end: 22 0.000030 0.000213 0.001541 0.008184 0.032791 0.097620 0.207666 0.297343 0.255255 0.099357 
t: 0.008448275866 start: 13 end: 22 0.000008 0.000072 0.000586 0.003938 0.018914 0.066780 0.170327 0.294120 0.303169 0.142086 
t: 0.007313432839 start: 13 end: 22 0.000003 0.000033 0.000249 0.001997 0.011202 0.046490 0.139247 0.279090 0.336836 0.184853 
t: 0.006447368423 start: 14 end: 22 0.000015 0.000119 0.001096 0.006985 0.033089 0.113594 0.260056 0.359331 0.225715 
t: 0.005764705884 start: 14 end: 22 0.000006 0.000073 0.000649 0.004517 0.024282 0.092906 0.240027 0.373200 0.264340 
t: 0.005212765959 start: 14 end: 22 0.000002 0.000039 0.000390 0.003033 0.018016 0.076863 0.220283 0.381026 0.300348 
t: 0.004757281555 start: 14 end: 22 0.000002 0.000023 0.000243 0.002100 0.013677 0.064124 0.201764 0.384417 0.333650 
t: 0.004375000001 start: 14 end: 22 0.000002 0.000012 0.000160 0.001499 0.010520 0.053828 0.185047 0.385010 0.363922 
t: 0.004049586778 start: 14 end: 22 0.000002 0.000006 0.000101 0.001078 0.008235 0.045533 0.170082 0.382657 0.392306 
t: 0.003769230770 start: 14 end: 22 0.000002 0.000003 0.000068 0.000798 0.006495 0.038837 0.156376 0.378983 0.418438 
t: 0.003525179857 start: 14 end: 22 0.000002 0.000003 0.000043 0.000592 0.005205 0.033324 0.144075 0.373942 0.442814 
t: 0.003310810811 start: 14 end: 22 0.000001 0.000004 0.000028 0.000446 0.004236 0.028810 0.132891 0.368365 0.465219 
t: 0.003121019109 start: 14 end: 22 0.000001 0.000004 0.000014 0.000344 0.003497 0.025034 0.122780 0.362322 0.486004 
t: 0.002951807229 start: 14 end: 22 0.000001 0.000003 0.000012 0.000276 0.002888 0.021926 0.113901 0.355772 0.505221 
t: 0.002800000000 start: 14 end: 22 0.000001 0.000001 0.000010 0.000215 0.002386 0.019276 0.105914 0.349214 0.522983 
t: 0.002663043479 start: 15 end: 22 0.000002 0.000006 0.000177 0.002002 0.017003 0.098633 0.342407 0.539770 
t: 0.002538860104 start: 15 end: 22 0.000002 0.000005 0.000135 0.001729 0.015059 0.091969 0.335724 0.555377 
t: 0.002425742574 start: 15 end: 22 0.000002 0.000003 0.000107 0.001490 0.013402 0.086037 0.328773 0.570186 
t: 0.002322274882 start: 15 end: 22 0.000001 0.000003 0.000082 0.001271 0.011978 0.080518 0.322106 0.584041 
t: 0.002227272727 start: 15 end: 22 0.000001 0.000002 0.000068 0.001100 0.010782 0.075553 0.315515 0.596979 
t: 0.002139737991 start: 16 end: 22 0.000002 0.000059 0.000949 0.009735 0.070979 0.308963 0.609313 
t: 0.002058823530 start: 16 end: 22 0.000002 0.000049 0.000828 0.008810 0.066805 0.302569 0.620937 
t: 0.001983805668 start: 16 end: 22 0.000001 0.000043 0.000719 0.007996 0.062925 0.296400 0.631916 
t: 0.001914062500 start: 16 end: 22 0.000001 0.000037 0.000637 0.007314 0.059456 0.290397 0.642158 
t: 0.001849056604 start: 16 end: 22 0.000001 0.000030 0.000575 0.006646 0.056232 0.284401 0.652115 
t: 0.001788321168 start: 16 end: 22 0.000001 0.000028 0.000507 0.006091 0.053270 0.278875 0.661228 
t: 0.001731448763 start: 16 end: 22 0.000001 0.000027 0.000452 0.005593 0.050464 0.273493 0.669970 
t: 0.001678082192 start: 16 end: 22 0.000001 0.000022 0.000402 0.005134 0.047926 0.268280 0.678235 
t: 0.001627906977 start: 16 end: 22 0.000001 0.000019 0.000359 0.004743 0.045518 0.263092 0.686268 
t: 0.001580645161 start: 16 end: 22 0.000001 0.000013 0.000327 0.004395 0.043329 0.258100 0.693835 
t: 0.001536050157 start: 17 end: 22 0.000011 0.000290 0.004082 0.041261 0.253390 0.700966 
t: 0.001493902439 start: 17 end: 22 0.000009 0.000268 0.003783 0.039410 0.248728 0.707802 
t: 0.001454005935 start: 17 end: 22 0.000008 0.000248 0.003501 0.037624 0.244239 0.714380 
t: 0.001416184971 start: 17 end: 22 0.000008 0.000225 0.003257 0.035949 0.239920 0.720641 
t: 0.001380281690 start: 17 end: 22 0.000006 0.000210 0.003045 0.034478 0.235644 0.726617 
t: 0.001346153846 start: 17 end: 22 0.000006 0.000187 0.002853 0.033050 0.231564 0.732340 
t: 0.001313672922 start: 17 end: 22 0.000005 0.000166 0.002661 0.031705 0.227638 0.737825 
t: 0.001282722513 start: 17 end: 22 0.000004 0.000151 0.002494 0.030416 0.223776 0.743159 
t: 0.001253196931 start: 17 end: 22 0.000004 0.000143 0.002333 0.029182 0.220080 0.748258 
t: 0.001225000000 start: 17 end: 22 0.000003 0.000128 0.002200 0.028081 0.216396 0.753192 
t: 0.001198044010 start: 17 end: 22 0.000002 0.000121 0.002089 0.026933 0.213018 0.757837 
t: 0.001172248804 start: 17 end: 22 0.000002 0.000112 0.001973 0.025902 0.209609 0.762402 
t: 0.001147540984 start: 17 end: 22 0.000002 0.000102 0.001875 0.024938 0.206371 0.766712 
t: 0.001123853211 start: 17 end: 22 0.000002 0.000093 0.001772 0.024020 0.203047 0.771066 
t: 0.001101123596 start: 17 end: 22 0.000002 0.000084 0.001677 0.023218 0.199921 0.775098 
t: 0.001079295154 start: 17 end: 22 0.000002 0.000079 0.001578 0.022482 0.196817 0.779042 
t: 0.001058315335 start: 17 end: 22 0.000002 0.000073 0.001502 0.021715 0.193933 0.782775 
t: 0.001038135593 start: 17 end: 22 0.000002 0.000071 0.001417 0.020977 0.191049 0.786484 
t: 0.001018711019 start: 17 end: 22 0.000002 0.000068 0.001338 0.020294 0.188412 0.789886 
t: 0.001000000000 start: 17 end: 22 0.000002 0.000062 0.001282 0.019651 0.185825 0.793178 
