t: 0.059999999999 start: 15 end: 52 0.000001 0.000003 0.000024 0.000094 0.000322 0.000971 0.002782 0.006867 0.014631 0.027693 0.046951 0.071104 0.095817 0.116577 0.127668 0.124685 0.111241 0.089741 0.065900 0.043413 0.026274 0.014436 0.007329 0.003308 0.001419 0.000483 0.000183 0.000065 0.000016 0.000002 0.000000 0.000000 0.000000 0.000000 0.000000 0.000000 0.000000 0.000000 
t: 0.054545454544 start: 17 end: 55 0.000001 0.000004 0.000022 0.000095 0.000278 0.000863 0.002325 0.005603 0.011998 0.022910 0.038918 0.058973 0.082409 0.104484 0.118884 0.122052 0.115904 0.099083 0.077872 0.056028 0.036400 0.021672 0.012225 0.006158 0.002875 0.001191 0.000496 0.000193 0.000058 0.000020 0.000006 0.000000 0.000000 0.000000 0.000000 0.000000 0.000000 0.000000 0.000000 
t: 0.049999999999 start: 19 end: 58 0.000001 0.000008 0.000025 0.000092 0.000253 0.000750 0.002065 0.004821 0.010261 0.019205 0.032907 0.051048 0.072395 0.093276 0.110007 0.117719 0.115863 0.104573 0.086158 0.066358 0.046157 0.029719 0.017689 0.009772 0.004939 0.002283 0.001024 0.000393 0.000167 0.000050 0.000017 0.000005 0.000000 0.000000 0.000000 0.000000 0.000000 0.000000 0.000000 0.000000 
t: 0.046153846153 start: 20 end: 61 0.000001 0.000001 0.000006 0.000033 0.000080 0.000226 0.000748 0.001804 0.004352 0.008981 0.016812 0.028930 0.045411 0.064260 0.084231 0.101637 0.112119 0.114216 0.106509 0.092170 0.073926 0.054562 0.037080 0.023568 0.013890 0.007558 0.003758 0.001841 0.000795 0.000321 0.000114 0.000046 0.000008 0.000006 0.000000 0.000000 0.000000 0.000000 0.000000 0.000000 0.000000 0.000000 
t: 0.042857142857 start: 22 end: 65 0.000001 0.000002 0.000011 0.000025 0.000086 0.000273 0.000697 0.001782 0.003958 0.008172 0.015438 0.026022 0.040854 0.058406 0.076814 0.094924 0.106640 0.110810 0.106629 0.095866 0.079497 0.061151 0.043679 0.028999 0.018071 0.010498 0.005636 0.002739 0.001336 0.000604 0.000253 0.000088 0.000028 0.000003 0.000006 0.000002 0.000000 0.000000 0.000000 0.000000 0.000000 0.000000 0.000000 0.000000 
t: 0.040000000000 start: 24 end: 68 0.000001 0.000003 0.000014 0.000022 0.000098 0.000297 0.000716 0.001749 0.003868 0.007842 0.014221 0.024174 0.037514 0.053734 0.072279 0.088954 0.101256 0.107569 0.105906 0.096888 0.083304 0.065790 0.049157 0.034173 0.021961 0.013451 0.007374 0.004073 0.001950 0.001013 0.000409 0.000147 0.000059 0.000024 0.000007 0.000002 0.000001 0.000000 0.000000 0.000000 0.000000 0.000000 0.000000 0.000000 0.000000 
t: 0.037500000000 start: 24 end: 69 0.000001 0.000000 0.000000 0.000002 0.000014 0.000033 0.000115 0.000287 0.000795 0.001874 0.003834 0.007678 0.013642 0.022288 0.035398 0.051069 0.067980 0.083933 0.097277 0.103935 0.104411 0.097034 0.085528 0.070117 0.053372 0.038060 0.025432 0.015920 0.009538 0.005356 0.002667 0.001347 0.000618 0.000274 0.000096 0.000054 0.000015 0.000004 0.000001 0.000000 0.000001 0.000000 0.000000 0.000000 0.000000 0.000000 
t: 0.035294117647 start: 29 end: 72 0.000006 0.000022 0.000035 0.000136 0.000358 0.000839 0.001931 0.003871 0.007646 0.013390 0.022062 0.034019 0.048646 0.065023 0.080649 0.092996 0.101108 0.102235 0.097534 0.086067 0.072170 0.056360 0.041319 0.028418 0.018371 0.011474 0.006380 0.003626 0.001839 0.000839 0.000356 0.000171 0.000070 0.000024 0.000005 0.000005 0.000000 0.000000 0.000000 0.000000 0.000000 0.000000 0.000000 0.000000 
t: 0.033333333333 start: 31 end: 75 0.000005 0.000017 0.000046 0.000150 0.000417 0.000929 0.002058 0.004173 0.007785 0.013631 0.022177 0.033432 0.047260 0.062578 0.078110 0.090125 0.098323 0.100230 0.096277 0.086213 0.073434 0.058612 0.043682 0.030802 0.020448 0.012853 0.007591 0.004348 0.002215 0.001138 0.000577 0.000235 0.000077 0.000034 0.000013 0.000004 0.000001 0.000000 0.000000 0.000000 0.000000 0.000000 0.000000 0.000000 0.000000 
t: 0.031578947368 start: 31 end: 78 0.000001 0.000002 0.000009 0.000025 0.000085 0.000193 0.000448 0.001081 0.002190 0.004416 0.008323 0.013930 0.022192 0.033426 0.046709 0.061669 0.076297 0.087774 0.096057 0.098300 0.094874 0.085640 0.074305 0.059534 0.045334 0.032239 0.022032 0.014093 0.008582 0.004895 0.002680 0.001438 0.000702 0.000324 0.000100 0.000070 0.000025 0.000002 0.000002 0.000002 0.000000 0.000000 0.000000 0.000000 0.000000 0.000000 0.000000 0.000000 
t: 0.030000000000 start: 33 end: 80 0.000003 0.000004 0.000012 0.000033 0.000091 0.000248 0.000519 0.001252 0.002551 0.004845 0.008714 0.014672 0.023064 0.033816 0.046894 0.060960 0.074920 0.086752 0.093883 0.096521 0.093137 0.085144 0.073131 0.060139 0.046204 0.033795 0.022731 0.014932 0.009346 0.005483 0.003084 0.001603 0.000829 0.000415 0.000171 0.000067 0.000018 0.000012 0.000004 0.000001 0.000000 0.000000 0.000000 0.000000 0.000000 0.000000 0.000000 0.000000 
t: 0.028571428571 start: 35 end: 83 0.000004 0.000006 0.000019 0.000053 0.000118 0.000297 0.000665 0.001436 0.002859 0.005406 0.009533 0.015520 0.024166 0.034653 0.047513 0.061400 0.074149 0.085440 0.093167 0.094431 0.091525 0.083349 0.073086 0.059453 0.045895 0.034140 0.023465 0.015728 0.009733 0.005809 0.003394 0.001821 0.000966 0.000471 0.000196 0.000084 0.000027 0.000014 0.000007 0.000001 0.000001 0.000000 0.000000 0.000000 0.000000 0.000000 0.000000 0.000000 0.000000 
t: 0.027272727273 start: 37 end: 84 0.000001 0.000009 0.000034 0.000063 0.000154 0.000379 0.000802 0.001667 0.003416 0.006106 0.010563 0.016611 0.025169 0.036373 0.048591 0.061751 0.074475 0.085120 0.092023 0.092508 0.089682 0.082057 0.071001 0.058832 0.046026 0.033427 0.023578 0.016061 0.010030 0.006141 0.003476 0.001932 0.001023 0.000532 0.000235 0.000090 0.000033 0.000017 0.000010 0.000002 0.000000 0.000000 0.000000 0.000000 0.000000 0.000000 0.000000 0.000000 
t: 0.026086956522 start: 37 end: 86 0.000001 0.000000 0.000006 0.000015 0.000035 0.000081 0.000230 0.000476 0.001035 0.002078 0.003847 0.007086 0.011477 0.018218 0.026853 0.037912 0.050346 0.062688 0.075110 0.085327 0.089759 0.091563 0.087716 0.080465 0.069892 0.056927 0.044656 0.032996 0.023335 0.015885 0.010001 0.006336 0.003625 0.002021 0.001034 0.000527 0.000258 0.000104 0.000047 0.000020 0.000007 0.000003 0.000002 0.000000 0.000000 0.000000 0.000000 0.000000 0.000000 0.000000 
t: 0.025000000000 start: 38 end: 87 0.000001 0.000000 0.000001 0.000005 0.000013 0.000063 0.000142 0.000273 0.000619 0.001310 0.002515 0.004621 0.008051 0.012945 0.019875 0.029097 0.039804 0.052424 0.065027 0.076200 0.084568 0.088852 0.089922 0.085600 0.078213 0.067433 0.055157 0.043528 0.032105 0.022582 0.015505 0.009854 0.006078 0.003606 0.001963 0.001058 0.000531 0.000258 0.000109 0.000058 0.000023 0.000008 0.000000 0.000003 0.000000 0.000000 0.000000 0.000000 0.000000 0.000000 
t: 0.024000000000 start: 39 end: 90 0.000001 0.000000 0.000000 0.000003 0.000005 0.000037 0.000082 0.000168 0.000391 0.000848 0.001645 0.003118 0.005510 0.009264 0.014799 0.021770 0.031366 0.042597 0.054996 0.066634 0.077273 0.084169 0.088201 0.089021 0.083695 0.075179 0.064535 0.052826 0.041385 0.031048 0.021995 0.014654 0.009410 0.005885 0.003470 0.001969 0.001065 0.000512 0.000259 0.000129 0.000046 0.000025 0.000008 0.000003 0.000003 0.000001 0.000000 0.000000 0.000000 0.000000 0.000000 0.000000 
t: 0.023076923077 start: 42 end: 93 0.000001 0.000001 0.000004 0.000017 0.000041 0.000114 0.000265 0.000528 0.001068 0.002074 0.003891 0.006640 0.010790 0.016502 0.024432 0.034133 0.045483 0.057145 0.068989 0.078082 0.085011 0.087563 0.087027 0.080756 0.072534 0.061869 0.050684 0.039126 0.029240 0.020586 0.013829 0.008877 0.005596 0.003298 0.001864 0.000965 0.000491 0.000271 0.000117 0.000050 0.000023 0.000016 0.000005 0.000002 0.000000 0.000000 0.000000 0.000000 0.000000 0.000000 0.000000 0.000000 
t: 0.022222222222 start: 45 end: 95 0.000003 0.000012 0.000026 0.000059 0.000173 0.000326 0.000702 0.001439 0.002625 0.004804 0.008036 0.012580 0.018896 0.027224 0.037614 0.048727 0.059835 0.070858 0.079075 0.085118 0.087002 0.084940 0.078300 0.069367 0.058514 0.047844 0.036532 0.027094 0.019212 0.012972 0.008353 0.005004 0.003111 0.001741 0.000961 0.000487 0.000221 0.000114 0.000044 0.000036 0.000013 0.000002 0.000004 0.000000 0.000000 0.000000 0.000000 0.000000 0.000000 0.000000 0.000000 
t: 0.021428571428 start: 46 end: 97 0.000001 0.000004 0.000013 0.000047 0.000100 0.000220 0.000504 0.000949 0.001909 0.003358 0.005892 0.009537 0.014829 0.021736 0.030571 0.040763 0.051918 0.063317 0.073025 0.080299 0.085118 0.085640 0.082120 0.075341 0.066214 0.055408 0.044265 0.034071 0.024999 0.017749 0.011635 0.007686 0.004687 0.002728 0.001631 0.000873 0.000464 0.000198 0.000090 0.000044 0.000020 0.000018 0.000007 0.000002 0.000000 0.000000 0.000000 0.000000 0.000000 0.000000 0.000000 0.000000 
t: 0.020689655172 start: 46 end: 99 0.000001 0.000000 0.000002 0.000009 0.000026 0.000070 0.000161 0.000359 0.000691 0.001296 0.002481 0.004375 0.007158 0.011582 0.017502 0.024724 0.033984 0.044854 0.055869 0.065947 0.075110 0.081762 0.084428 0.083715 0.079655 0.072087 0.062412 0.051736 0.041101 0.031390 0.022722 0.015702 0.010693 0.006785 0.004193 0.002544 0.001372 0.000780 0.000378 0.000174 0.000082 0.000039 0.000030 0.000013 0.000004 0.000001 0.000001 0.000000 0.000000 0.000000 0.000000 0.000000 0.000000 0.000000 
t: 0.020000000000 start: 48 end: 102 0.000001 0.000001 0.000003 0.000019 0.000052 0.000105 0.000244 0.000496 0.000928 0.001869 0.003257 0.005492 0.009096 0.013846 0.020226 0.028316 0.038170 0.048762 0.059505 0.069320 0.077009 0.082273 0.083843 0.081807 0.076298 0.068303 0.058700 0.047843 0.037684 0.028230 0.020301 0.014158 0.009355 0.006070 0.003727 0.002167 0.001236 0.000649 0.000336 0.000151 0.000084 0.000034 0.000019 0.000005 0.000007 0.000000 0.000002 0.000001 0.000000 0.000000 0.000000 0.000000 0.000000 0.000000 0.000000 
t: 0.019354838710 start: 49 end: 102 0.000001 0.000000 0.000002 0.000013 0.000028 0.000073 0.000184 0.000369 0.000707 0.001398 0.002490 0.004177 0.007133 0.010956 0.016716 0.023610 0.032579 0.042285 0.052760 0.063480 0.072058 0.079097 0.082405 0.082309 0.079484 0.073172 0.064126 0.053867 0.043995 0.033784 0.025454 0.018183 0.012479 0.008160 0.005292 0.003164 0.001842 0.001090 0.000519 0.000300 0.000125 0.000077 0.000031 0.000016 0.000007 0.000001 0.000002 0.000000 0.000000 0.000000 0.000000 0.000000 0.000000 0.000000 
t: 0.018750000000 start: 50 end: 102 0.000001 0.000000 0.000000 0.000004 0.000027 0.000062 0.000113 0.000265 0.000511 0.001080 0.001925 0.003364 0.005604 0.008852 0.013676 0.019976 0.027631 0.036813 0.046799 0.057262 0.066538 0.075151 0.080175 0.082200 0.080303 0.076294 0.068839 0.060090 0.049898 0.039556 0.030497 0.022347 0.015896 0.010683 0.007183 0.004415 0.002613 0.001570 0.000860 0.000470 0.000244 0.000100 0.000054 0.000035 0.000016 0.000003 0.000005 0.000000 0.000000 0.000000 0.000000 0.000000 0.000000 
t: 0.018181818182 start: 54 end: 106 0.000005 0.000016 0.000043 0.000100 0.000180 0.000411 0.000803 0.001511 0.002645 0.004475 0.007100 0.011267 0.016708 0.023666 0.031973 0.041798 0.051556 0.061308 0.070091 0.077323 0.080537 0.080844 0.078121 0.072999 0.064719 0.055112 0.045259 0.035683 0.026895 0.019574 0.013708 0.009155 0.005865 0.003698 0.002180 0.001250 0.000684 0.000369 0.000192 0.000094 0.000038 0.000028 0.000009 0.000007 0.000001 0.000000 0.000000 0.000000 0.000000 0.000000 0.000000 0.000000 0.000000 
t: 0.017647058823 start: 54 end: 109 0.000001 0.000003 0.000015 0.000035 0.000077 0.000130 0.000289 0.000654 0.001152 0.002149 0.003529 0.005908 0.009364 0.014115 0.020225 0.027979 0.036521 0.046547 0.056313 0.065408 0.073828 0.078698 0.080289 0.079158 0.075129 0.068776 0.060192 0.050213 0.040624 0.031422 0.023585 0.016674 0.011624 0.007657 0.004832 0.003031 0.001732 0.001023 0.000529 0.000280 0.000153 0.000070 0.000039 0.000012 0.000010 0.000002 0.000003 0.000001 0.000000 0.000000 0.000000 0.000000 0.000000 0.000000 0.000000 0.000000 
t: 0.017142857143 start: 56 end: 111 0.000004 0.000009 0.000029 0.000052 0.000105 0.000223 0.000501 0.000938 0.001713 0.002921 0.004782 0.007869 0.011899 0.017412 0.024293 0.032517 0.041782 0.051759 0.061034 0.069783 0.075612 0.079203 0.079331 0.076759 0.071985 0.064138 0.054907 0.045182 0.036111 0.027478 0.020044 0.014323 0.009597 0.006269 0.003913 0.002429 0.001410 0.000826 0.000409 0.000241 0.000096 0.000060 0.000030 0.000013 0.000006 0.000001 0.000001 0.000000 0.000000 0.000001 0.000000 0.000000 0.000000 0.000000 0.000000 0.000000 
t: 0.016666666667 start: 57 end: 112 0.000002 0.000011 0.000020 0.000034 0.000089 0.000182 0.000414 0.000763 0.001344 0.002467 0.003975 0.006547 0.010194 0.015003 0.021205 0.028955 0.037772 0.047066 0.056873 0.065506 0.072780 0.077313 0.079201 0.078140 0.074028 0.067365 0.058992 0.049248 0.040496 0.031368 0.023482 0.017057 0.011819 0.007740 0.005057 0.003160 0.001923 0.001148 0.000601 0.000338 0.000168 0.000084 0.000039 0.000018 0.000009 0.000001 0.000002 0.000000 0.000000 0.000000 0.000001 0.000000 0.000000 0.000000 0.000000 0.000000 
t: 0.016216216216 start: 57 end: 114 0.000001 0.000003 0.000007 0.000019 0.000030 0.000063 0.000158 0.000311 0.000610 0.001174 0.001996 0.003348 0.005608 0.008658 0.013118 0.018464 0.025891 0.034114 0.043203 0.052421 0.062160 0.069312 0.074939 0.078121 0.078779 0.075825 0.070038 0.061733 0.053795 0.044251 0.035188 0.026952 0.019927 0.014039 0.009582 0.006345 0.004026 0.002496 0.001507 0.000865 0.000437 0.000238 0.000139 0.000059 0.000034 0.000005 0.000006 0.000003 0.000000 0.000001 0.000000 0.000000 0.000000 0.000000 0.000001 0.000000 0.000000 0.000000 
t: 0.015789473684 start: 58 end: 115 0.000002 0.000000 0.000005 0.000014 0.000026 0.000049 0.000132 0.000243 0.000523 0.000962 0.001735 0.002821 0.004714 0.007462 0.011445 0.016473 0.023194 0.030954 0.039602 0.048970 0.058223 0.066267 0.072425 0.076917 0.077946 0.077040 0.071867 0.064854 0.057242 0.047677 0.038816 0.030509 0.022784 0.016506 0.011342 0.007708 0.005056 0.003165 0.001881 0.001123 0.000637 0.000338 0.000181 0.000090 0.000047 0.000016 0.000008 0.000005 0.000002 0.000001 0.000000 0.000000 0.000000 0.000001 0.000000 0.000000 0.000000 0.000000 
t: 0.015384615385 start: 60 end: 118 0.000002 0.000003 0.000010 0.000019 0.000039 0.000095 0.000223 0.000439 0.000830 0.001459 0.002492 0.004109 0.006600 0.009957 0.014773 0.020869 0.027973 0.036230 0.045697 0.054780 0.063385 0.069921 0.074848 0.077303 0.077281 0.073576 0.067253 0.059897 0.051320 0.042027 0.033578 0.025799 0.018872 0.013374 0.009271 0.006144 0.003969 0.002374 0.001462 0.000846 0.000408 0.000231 0.000150 0.000058 0.000027 0.000017 0.000005 0.000000 0.000002 0.000001 0.000001 0.000001 0.000000 0.000000 0.000000 0.000000 0.000000 0.000000 0.000000 
t: 0.015000000000 start: 61 end: 120 0.000002 0.000003 0.000006 0.000020 0.000024 0.000110 0.000187 0.000337 0.000684 0.001261 0.002166 0.003658 0.005670 0.008940 0.013287 0.018890 0.025596 0.033674 0.042207 0.051239 0.060249 0.067325 0.073066 0.076718 0.077007 0.074337 0.069643 0.062398 0.054265 0.045213 0.036720 0.028357 0.021449 0.015304 0.010854 0.007256 0.004651 0.003123 0.001805 0.001081 0.000567 0.000305 0.000186 0.000083 0.000038 0.000019 0.000014 0.000001 0.000002 0.000001 0.000001 0.000000 0.000001 0.000000 0.000000 0.000000 0.000000 0.000000 0.000000 0.000000 
t: 0.014634146341 start: 62 end: 121 0.000001 0.000003 0.000007 0.000008 0.000031 0.000071 0.000172 0.000321 0.000614 0.001065 0.001891 0.003155 0.005137 0.008085 0.011775 0.017227 0.023637 0.031038 0.039268 0.048637 0.057071 0.064909 0.071281 0.075365 0.076561 0.075200 0.070370 0.064524 0.057159 0.048065 0.039497 0.031318 0.023877 0.017380 0.012550 0.008262 0.005578 0.003621 0.002335 0.001320 0.000779 0.000416 0.000204 0.000110 0.000056 0.000027 0.000010 0.000003 0.000006 0.000001 0.000001 0.000001 0.000000 0.000000 0.000000 0.000000 0.000000 0.000000 0.000000 0.000000 
t: 0.014285714286 start: 64 end: 121 0.000004 0.000002 0.000012 0.000028 0.000067 0.000132 0.000260 0.000540 0.000973 0.001621 0.002836 0.004713 0.007112 0.010783 0.015688 0.021704 0.028808 0.036853 0.045752 0.054829 0.062187 0.069561 0.074023 0.076288 0.075086 0.071342 0.066688 0.059201 0.050760 0.042080 0.033854 0.026088 0.019346 0.014044 0.009621 0.006428 0.004294 0.002696 0.001619 0.000960 0.000549 0.000283 0.000129 0.000085 0.000040 0.000016 0.000008 0.000003 0.000003 0.000000 0.000001 0.000000 0.000000 0.000000 0.000000 0.000000 0.000000 0.000000 
t: 0.013953488372 start: 65 end: 122 0.000004 0.000004 0.000011 0.000032 0.000060 0.000108 0.000229 0.000456 0.000910 0.001513 0.002652 0.004088 0.006492 0.009746 0.014352 0.019970 0.027293 0.034796 0.043534 0.051697 0.060036 0.067299 0.073052 0.075358 0.075196 0.072385 0.068005 0.060774 0.053104 0.044655 0.035791 0.028448 0.021391 0.015734 0.010940 0.007352 0.004852 0.003190 0.001897 0.001174 0.000673 0.000369 0.000191 0.000097 0.000048 0.000025 0.000010 0.000005 0.000000 0.000001 0.000000 0.000001 0.000000 0.000000 0.000000 0.000000 0.000000 0.000000 
t: 0.013636363636 start: 66 end: 123 0.000002 0.000002 0.000012 0.000033 0.000043 0.000100 0.000212 0.000415 0.000800 0.001396 0.002338 0.003793 0.006033 0.009028 0.013297 0.018750 0.025377 0.032689 0.041154 0.049569 0.058088 0.065690 0.071118 0.074595 0.074591 0.073024 0.069140 0.062789 0.055133 0.046522 0.038485 0.030097 0.023540 0.016936 0.012251 0.008392 0.005651 0.003582 0.002238 0.001425 0.000754 0.000440 0.000234 0.000108 0.000085 0.000023 0.000016 0.000005 0.000004 0.000000 0.000001 0.000000 0.000000 0.000000 0.000000 0.000000 0.000000 0.000000 
t: 0.013333333333 start: 67 end: 125 0.000001 0.000003 0.000009 0.000022 0.000042 0.000099 0.000207 0.000368 0.000682 0.001249 0.002231 0.003516 0.005639 0.008339 0.012292 0.017751 0.023648 0.031080 0.039259 0.048020 0.055752 0.063703 0.069564 0.073424 0.074464 0.073829 0.069661 0.064344 0.056804 0.048540 0.040191 0.032315 0.025010 0.018448 0.013403 0.009402 0.006359 0.004110 0.002577 0.001616 0.000916 0.000499 0.000320 0.000137 0.000078 0.000044 0.000018 0.000010 0.000002 0.000002 0.000001 0.000000 0.000000 0.000000 0.000000 0.000000 0.000000 0.000000 0.000000 
t: 0.013043478261 start: 67 end: 125 0.000001 0.000000 0.000004 0.000007 0.000014 0.000048 0.000085 0.000197 0.000325 0.000642 0.001164 0.002078 0.003321 0.005216 0.007907 0.011624 0.016645 0.022432 0.029381 0.037541 0.046166 0.054340 0.061920 0.068349 0.071883 0.074455 0.073653 0.070890 0.065194 0.058443 0.050045 0.041976 0.033941 0.026546 0.019859 0.014553 0.010304 0.007029 0.004688 0.002902 0.001877 0.000979 0.000662 0.000357 0.000172 0.000093 0.000050 0.000023 0.000014 0.000001 0.000003 0.000000 0.000001 0.000000 0.000000 0.000000 0.000000 0.000000 0.000000 
t: 0.012765957447 start: 67 end: 125 0.000001 0.000000 0.000000 0.000005 0.000006 0.000014 0.000037 0.000081 0.000166 0.000352 0.000594 0.001101 0.001884 0.003085 0.004971 0.007479 0.011064 0.015688 0.021407 0.028122 0.036195 0.044544 0.052540 0.060384 0.066607 0.071360 0.073750 0.073832 0.071010 0.066611 0.059391 0.051623 0.043584 0.035531 0.027829 0.021313 0.015580 0.011153 0.007740 0.005161 0.003316 0.002041 0.001285 0.000705 0.000412 0.000216 0.000128 0.000051 0.000033 0.000009 0.000005 0.000003 0.000001 0.000000 0.000000 0.000000 0.000000 0.000000 0.000000 
t: 0.012500000000 start: 69 end: 127 0.000001 0.000000 0.000004 0.000007 0.000018 0.000034 0.000089 0.000156 0.000311 0.000579 0.001071 0.001759 0.003005 0.004622 0.007105 0.010618 0.014826 0.020517 0.027150 0.035060 0.042790 0.051326 0.059207 0.065389 0.070153 0.073349 0.073390 0.071437 0.067019 0.060434 0.053085 0.044948 0.036800 0.029288 0.022507 0.016694 0.012077 0.008290 0.005619 0.003668 0.002302 0.001497 0.000819 0.000469 0.000256 0.000123 0.000068 0.000040 0.000014 0.000005 0.000004 0.000001 0.000000 0.000000 0.000000 0.000000 0.000000 0.000000 0.000000 
t: 0.012244897959 start: 70 end: 130 0.000001 0.000002 0.000003 0.000010 0.000014 0.000030 0.000085 0.000151 0.000326 0.000563 0.000960 0.001711 0.002846 0.004373 0.006898 0.010129 0.014370 0.019544 0.026444 0.033573 0.041837 0.050217 0.057885 0.064314 0.069282 0.072346 0.073521 0.071879 0.067150 0.061316 0.054236 0.046147 0.038188 0.030433 0.023628 0.017627 0.012722 0.008916 0.006142 0.003895 0.002664 0.001551 0.000937 0.000552 0.000276 0.000152 0.000073 0.000040 0.000029 0.000006 0.000001 0.000004 0.000001 0.000000 0.000000 0.000000 0.000000 0.000000 0.000000 0.000000 0.000000 
t: 0.012000000000 start: 72 end: 131 0.000001 0.000002 0.000012 0.000013 0.000037 0.000082 0.000172 0.000293 0.000549 0.000885 0.001708 0.002663 0.004372 0.006536 0.009793 0.013694 0.019403 0.025447 0.032460 0.041148 0.049364 0.056346 0.063155 0.068685 0.072023 0.073151 0.071285 0.067723 0.062296 0.054997 0.047579 0.039161 0.031432 0.024402 0.018346 0.013526 0.009605 0.006331 0.004357 0.002871 0.001781 0.001042 0.000598 0.000339 0.000170 0.000071 0.000055 0.000022 0.000009 0.000004 0.000002 0.000002 0.000000 0.000000 0.000000 0.000000 0.000000 0.000000 0.000000 0.000000 
t: 0.011764705882 start: 73 end: 132 0.000001 0.000004 0.000008 0.000016 0.000028 0.000089 0.000152 0.000282 0.000525 0.000955 0.001607 0.002655 0.004098 0.006427 0.009380 0.013602 0.018761 0.024894 0.031894 0.040215 0.048029 0.055554 0.062445 0.067929 0.071643 0.072844 0.071319 0.068109 0.062223 0.056148 0.047975 0.040110 0.032235 0.025415 0.019057 0.014212 0.010179 0.006744 0.004686 0.003033 0.001926 0.001163 0.000648 0.000390 0.000191 0.000101 0.000046 0.000038 0.000008 0.000002 0.000004 0.000001 0.000000 0.000000 0.000000 0.000000 0.000000 0.000000 0.000000 0.000000 
t: 0.011538461538 start: 74 end: 132 0.000003 0.000003 0.000006 0.000014 0.000030 0.000085 0.000146 0.000292 0.000523 0.000943 0.001517 0.002595 0.004071 0.006236 0.009294 0.013426 0.018325 0.024267 0.031243 0.039457 0.047141 0.054922 0.061779 0.067293 0.071238 0.072320 0.071540 0.067892 0.062942 0.056079 0.048965 0.041113 0.032935 0.026252 0.019625 0.014853 0.010376 0.007241 0.004954 0.003138 0.002030 0.001291 0.000758 0.000403 0.000225 0.000105 0.000060 0.000034 0.000011 0.000005 0.000004 0.000000 0.000000 0.000000 0.000000 0.000000 0.000000 0.000000 0.000000 
t: 0.011320754717 start: 76 end: 134 0.000005 0.000005 0.000012 0.000025 0.000085 0.000156 0.000294 0.000550 0.000882 0.001564 0.002492 0.004055 0.006174 0.009086 0.013165 0.017870 0.024213 0.030823 0.038712 0.046734 0.054336 0.061214 0.066699 0.070525 0.071946 0.071418 0.068420 0.062932 0.056662 0.049375 0.041389 0.033734 0.026719 0.020463 0.015183 0.010889 0.007554 0.005145 0.003265 0.002138 0.001343 0.000794 0.000471 0.000233 0.000133 0.000067 0.000022 0.000017 0.000008 0.000003 0.000000 0.000001 0.000000 0.000000 0.000000 0.000000 0.000000 0.000000 0.000000 
t: 0.011111111111 start: 76 end: 135 0.000001 0.000004 0.000007 0.000007 0.000037 0.000077 0.000161 0.000298 0.000529 0.000918 0.001551 0.002524 0.004001 0.006039 0.009060 0.013218 0.017688 0.023878 0.030552 0.038205 0.046160 0.053582 0.060461 0.066521 0.070217 0.071752 0.071013 0.068465 0.063186 0.056769 0.049918 0.042159 0.034072 0.027357 0.020825 0.015434 0.011239 0.007790 0.005341 0.003532 0.002166 0.001395 0.000880 0.000493 0.000258 0.000148 0.000052 0.000027 0.000018 0.000011 0.000003 0.000000 0.000001 0.000000 0.000000 0.000000 0.000000 0.000000 0.000000 0.000000 
t: 0.010909090909 start: 77 end: 137 0.000002 0.000004 0.000004 0.000017 0.000038 0.000074 0.000187 0.000292 0.000513 0.000916 0.001550 0.002550 0.003986 0.006100 0.009169 0.012998 0.017588 0.023806 0.030222 0.038027 0.045862 0.053279 0.060084 0.065899 0.069919 0.071281 0.071486 0.068056 0.062921 0.057236 0.049909 0.042424 0.034732 0.027556 0.021250 0.015687 0.011504 0.008127 0.005391 0.003615 0.002291 0.001484 0.000882 0.000510 0.000302 0.000142 0.000052 0.000036 0.000025 0.000008 0.000005 0.000001 0.000000 0.000001 0.000000 0.000000 0.000000 0.000000 0.000000 0.000000 0.000000 
t: 0.010714285714 start: 78 end: 138 0.000002 0.000002 0.000006 0.000018 0.000043 0.000090 0.000174 0.000298 0.000523 0.000899 0.001555 0.002590 0.004013 0.006175 0.009119 0.013091 0.017928 0.023432 0.030313 0.037695 0.045551 0.053107 0.060004 0.065583 0.069176 0.071772 0.070783 0.067711 0.063285 0.057425 0.049742 0.042596 0.035007 0.027572 0.021509 0.015960 0.011773 0.008216 0.005615 0.003688 0.002431 0.001457 0.000918 0.000516 0.000323 0.000159 0.000078 0.000042 0.000017 0.000012 0.000003 0.000002 0.000001 0.000000 0.000000 0.000000 0.000000 0.000000 0.000000 0.000000 0.000000 
t: 0.010526315789 start: 78 end: 139 0.000001 0.000001 0.000002 0.000008 0.000015 0.000042 0.000099 0.000156 0.000320 0.000538 0.000928 0.001635 0.002547 0.004131 0.006252 0.009226 0.013205 0.017719 0.023567 0.030349 0.037480 0.045867 0.052828 0.059938 0.065169 0.069299 0.071317 0.070237 0.067940 0.063227 0.056828 0.050375 0.042460 0.034733 0.028077 0.021538 0.016287 0.011794 0.008298 0.005736 0.003779 0.002412 0.001491 0.000932 0.000560 0.000323 0.000158 0.000090 0.000043 0.000024 0.000013 0.000004 0.000001 0.000000 0.000001 0.000000 0.000000 0.000000 0.000000 0.000000 0.000000 0.000000 
t: 0.010344827586 start: 78 end: 139 0.000001 0.000000 0.000001 0.000001 0.000010 0.000025 0.000050 0.000074 0.000170 0.000335 0.000559 0.000957 0.001703 0.002621 0.004234 0.006283 0.009437 0.013238 0.017816 0.023629 0.030449 0.037818 0.045541 0.053010 0.060106 0.065302 0.069323 0.070588 0.070277 0.067370 0.062499 0.057335 0.050151 0.042564 0.034799 0.027875 0.021624 0.016182 0.011817 0.008460 0.005817 0.003786 0.002436 0.001576 0.000921 0.000566 0.000311 0.000173 0.000091 0.000037 0.000033 0.000012 0.000005 0.000001 0.000001 0.000000 0.000000 0.000000 0.000000 0.000000 0.000000 0.000000 
t: 0.010169491525 start: 79 end: 140 0.000001 0.000001 0.000000 0.000004 0.000011 0.000028 0.000047 0.000084 0.000173 0.000333 0.000596 0.001027 0.001754 0.002671 0.004300 0.006560 0.009641 0.013195 0.018236 0.024055 0.030500 0.038052 0.045851 0.053261 0.060001 0.065224 0.068655 0.070322 0.069638 0.067669 0.062523 0.057123 0.049977 0.042318 0.034641 0.027659 0.021609 0.016109 0.011878 0.008502 0.005756 0.003854 0.002373 0.001578 0.000954 0.000583 0.000296 0.000180 0.000101 0.000051 0.000025 0.000014 0.000003 0.000002 0.000001 0.000000 0.000000 0.000000 0.000000 0.000000 0.000000 0.000000 
t: 0.010000000000 start: 81 end: 142 0.000001 0.000002 0.000007 0.000018 0.000021 0.000044 0.000085 0.000189 0.000355 0.000631 0.001133 0.001768 0.002807 0.004367 0.006775 0.009645 0.013446 0.018816 0.024184 0.031015 0.038527 0.045793 0.053384 0.060262 0.065187 0.068616 0.070341 0.069305 0.067188 0.062507 0.056919 0.049380 0.041949 0.034500 0.027244 0.021575 0.016080 0.011774 0.008434 0.005751 0.003732 0.002426 0.001594 0.000946 0.000570 0.000319 0.000191 0.000101 0.000050 0.000026 0.000013 0.000003 0.000003 0.000001 0.000000 0.000000 0.000000 0.000000 0.000000 0.000000 0.000000 0.000000 
t: 0.008448275866 start: 90 end: 151 0.000001 0.000001 0.000007 0.000010 0.000018 0.000044 0.000107 0.000146 0.000316 0.000570 0.000972 0.001563 0.002532 0.003790 0.005737 0.008265 0.011666 0.015908 0.021107 0.026885 0.033786 0.041011 0.047896 0.054767 0.060270 0.064843 0.067791 0.068717 0.067258 0.064311 0.059889 0.053532 0.046805 0.039514 0.032548 0.026391 0.020567 0.015376 0.011338 0.008138 0.005596 0.003699 0.002440 0.001552 0.000989 0.000564 0.000356 0.000193 0.000107 0.000065 0.000026 0.000015 0.000004 0.000001 0.000000 0.000000 0.000000 0.000000 0.000000 0.000000 0.000000 0.000000 
t: 0.007313432839 start: 97 end: 160 0.000001 0.000001 0.000005 0.000008 0.000010 0.000031 0.000043 0.000104 0.000172 0.000319 0.000575 0.000976 0.001589 0.002398 0.003772 0.005430 0.008072 0.011404 0.015240 0.019990 0.025839 0.032253 0.039032 0.045982 0.052654 0.057999 0.062756 0.065949 0.067385 0.067042 0.064175 0.060207 0.054533 0.048562 0.041848 0.034772 0.028422 0.022410 0.017071 0.012769 0.009313 0.006662 0.004421 0.002902 0.001919 0.001214 0.000733 0.000485 0.000246 0.000134 0.000085 0.000045 0.000019 0.000015 0.000004 0.000003 0.000000 0.000000 0.000000 0.000000 0.000000 0.000000 0.000000 0.000000 
t: 0.006447368423 start: 105 end: 168 0.000005 0.000005 0.000007 0.000018 0.000033 0.000060 0.000105 0.000200 0.000390 0.000559 0.000956 0.001613 0.002482 0.003740 0.005537 0.007893 0.011118 0.014992 0.019582 0.025366 0.031397 0.037776 0.044844 0.051608 0.056922 0.061636 0.065020 0.066549 0.066239 0.064175 0.060701 0.055348 0.049114 0.042497 0.035978 0.029370 0.023557 0.018222 0.013592 0.009984 0.007060 0.004941 0.003389 0.002126 0.001350 0.000800 0.000496 0.000290 0.000158 0.000111 0.000046 0.000021 0.000011 0.000006 0.000002 0.000003 0.000000 0.000000 0.000000 0.000000 0.000000 0.000000 0.000000 0.000000 
t: 0.005764705884 start: 108 end: 174 0.000001 0.000000 0.000001 0.000004 0.000002 0.000008 0.000009 0.000032 0.000068 0.000105 0.000210 0.000361 0.000556 0.000989 0.001435 0.002324 0.003587 0.005247 0.007449 0.010432 0.014068 0.018800 0.024021 0.030250 0.036647 0.043230 0.049694 0.055338 0.060153 0.063905 0.065995 0.066326 0.064486 0.061303 0.056559 0.050590 0.044092 0.037662 0.030522 0.025026 0.019407 0.014914 0.010830 0.007866 0.005547 0.003770 0.002425 0.001520 0.000920 0.000564 0.000347 0.000200 0.000088 0.000056 0.000033 0.000012 0.000010 0.000001 0.000002 0.000000 0.000001 0.000000 0.000000 0.000000 0.000000 0.000000 0.000000 
t: 0.005212765959 start: 113 end: 180 0.000001 0.000001 0.000001 0.000000 0.000003 0.000007 0.000011 0.000018 0.000043 0.000087 0.000151 0.000274 0.000425 0.000796 0.001231 0.001846 0.003070 0.004433 0.006337 0.009103 0.012471 0.016314 0.021694 0.026957 0.033485 0.039651 0.046507 0.052174 0.057955 0.062493 0.065098 0.066529 0.065784 0.062574 0.059102 0.053645 0.047421 0.040654 0.033941 0.027540 0.022040 0.017059 0.012897 0.009236 0.006671 0.004471 0.002951 0.001970 0.001178 0.000720 0.000439 0.000252 0.000134 0.000074 0.000051 0.000016 0.000005 0.000006 0.000001 0.000001 0.000001 0.000000 0.000000 0.000000 0.000000 0.000000 0.000000 0.000000 
t: 0.004757281555 start: 118 end: 184 0.000001 0.000001 0.000002 0.000001 0.000004 0.000006 0.000017 0.000028 0.000046 0.000086 0.000179 0.000272 0.000482 0.000833 0.001330 0.002071 0.003131 0.004646 0.006777 0.009497 0.012799 0.017175 0.022068 0.027894 0.034090 0.041197 0.046831 0.053333 0.058738 0.062799 0.065181 0.066251 0.065744 0.062592 0.058154 0.052373 0.046642 0.039965 0.033150 0.027017 0.021343 0.016469 0.012193 0.008861 0.006277 0.004180 0.002827 0.001829 0.001059 0.000694 0.000397 0.000193 0.000134 0.000069 0.000037 0.000018 0.000007 0.000008 0.000000 0.000002 0.000000 0.000000 0.000000 0.000000 0.000000 0.000000 0.000000 
t: 0.004375000001 start: 124 end: 188 0.000002 0.000004 0.000002 0.000004 0.000009 0.000020 0.000030 0.000080 0.000152 0.000249 0.000371 0.000675 0.001145 0.001760 0.002612 0.004198 0.006009 0.008538 0.011485 0.015255 0.020337 0.025716 0.032135 0.038235 0.044966 0.051265 0.057184 0.061575 0.064931 0.066537 0.066038 0.063784 0.060214 0.055023 0.048414 0.042310 0.035528 0.029135 0.023021 0.017849 0.013432 0.009717 0.006861 0.004784 0.003247 0.002069 0.001282 0.000804 0.000432 0.000271 0.000130 0.000070 0.000056 0.000027 0.000013 0.000006 0.000002 0.000000 0.000000 0.000000 0.000000 0.000000 0.000000 0.000000 0.000000 
t: 0.004049586778 start: 130 end: 193 0.000003 0.000009 0.000008 0.000019 0.000038 0.000081 0.000146 0.000253 0.000426 0.000709 0.001160 0.001803 0.002785 0.004242 0.005962 0.008632 0.011848 0.015827 0.020510 0.026233 0.032706 0.039016 0.045552 0.052242 0.057721 0.062282 0.065168 0.067054 0.065830 0.063871 0.060072 0.054593 0.048107 0.041507 0.034718 0.028475 0.022277 0.017291 0.012828 0.009339 0.006442 0.004432 0.003047 0.001952 0.001155 0.000691 0.000436 0.000238 0.000121 0.000074 0.000032 0.000018 0.000012 0.000005 0.000001 0.000001 0.000000 0.000000 0.000000 0.000000 0.000000 0.000000 0.000000 0.000000 
t: 0.003769230770 start: 132 end: 195 0.000003 0.000001 0.000006 0.000006 0.000011 0.000025 0.000055 0.000099 0.000190 0.000293 0.000502 0.000884 0.001373 0.002280 0.003334 0.004959 0.007009 0.009931 0.013514 0.017828 0.022995 0.029178 0.035243 0.042340 0.048750 0.055251 0.060258 0.064506 0.066687 0.066550 0.065729 0.062055 0.057714 0.051756 0.045216 0.038583 0.031843 0.025370 0.019508 0.014825 0.010795 0.007865 0.005336 0.003525 0.002361 0.001488 0.000840 0.000508 0.000267 0.000170 0.000088 0.000049 0.000030 0.000006 0.000010 0.000002 0.000000 0.000000 0.000000 0.000000 0.000000 0.000000 0.000000 0.000000 
t: 0.003525179857 start: 134 end: 198 0.000001 0.000001 0.000000 0.000001 0.000003 0.000016 0.000017 0.000046 0.000069 0.000145 0.000263 0.000442 0.000781 0.001254 0.002042 0.002997 0.004546 0.006257 0.009004 0.012574 0.016849 0.021601 0.027575 0.034304 0.040800 0.047511 0.054483 0.059424 0.063473 0.066518 0.067691 0.066657 0.063329 0.058665 0.053565 0.046949 0.039686 0.033145 0.026469 0.020542 0.015515 0.011266 0.008026 0.005649 0.003759 0.002487 0.001542 0.000867 0.000545 0.000309 0.000162 0.000086 0.000046 0.000023 0.000012 0.000007 0.000002 0.000002 0.000000 0.000000 0.000000 0.000000 0.000000 0.000000 0.000000 
t: 0.003310810811 start: 139 end: 204 0.000001 0.000004 0.000002 0.000013 0.000011 0.000043 0.000082 0.000134 0.000288 0.000453 0.000745 0.001222 0.001960 0.003022 0.004531 0.006367 0.009327 0.012775 0.017078 0.022045 0.027957 0.034704 0.041403 0.047942 0.054478 0.059946 0.064464 0.067388 0.068077 0.067044 0.063182 0.058789 0.053162 0.046729 0.039349 0.032163 0.025916 0.019605 0.014858 0.010826 0.007741 0.005316 0.003481 0.002183 0.001384 0.000806 0.000449 0.000262 0.000146 0.000070 0.000041 0.000016 0.000012 0.000003 0.000002 0.000001 0.000001 0.000001 0.000000 0.000000 0.000000 0.000000 0.000000 0.000000 0.000000 0.000000 
t: 0.003121019109 start: 141 end: 205 0.000002 0.000001 0.000007 0.000005 0.000009 0.000026 0.000047 0.000093 0.000167 0.000317 0.000506 0.000808 0.001387 0.002196 0.003285 0.004948 0.007130 0.010104 0.013860 0.018473 0.023713 0.029790 0.036651 0.043716 0.050412 0.056542 0.061930 0.066336 0.068367 0.068146 0.066385 0.062167 0.057580 0.051370 0.044472 0.037104 0.029668 0.023524 0.018047 0.013210 0.009475 0.006623 0.004276 0.002904 0.001765 0.001052 0.000620 0.000381 0.000191 0.000109 0.000053 0.000019 0.000014 0.000009 0.000005 0.000002 0.000000 0.000000 0.000001 0.000000 0.000000 0.000000 0.000000 0.000000 0.000000 
t: 0.002951807229 start: 142 end: 205 0.000001 0.000000 0.000001 0.000001 0.000005 0.000014 0.000018 0.000036 0.000080 0.000114 0.000206 0.000350 0.000621 0.001082 0.001695 0.002668 0.004036 0.005980 0.008443 0.011851 0.015923 0.020982 0.026734 0.033304 0.040686 0.047457 0.053921 0.060228 0.064761 0.067929 0.068658 0.068284 0.064712 0.060437 0.054375 0.047708 0.040310 0.033100 0.026088 0.020389 0.015093 0.010765 0.007491 0.005080 0.003356 0.002171 0.001253 0.000717 0.000418 0.000219 0.000128 0.000057 0.000035 0.000019 0.000006 0.000003 0.000000 0.000000 0.000000 0.000001 0.000000 0.000000 0.000000 0.000000 
t: 0.002800000000 start: 147 end: 208 0.000002 0.000004 0.000007 0.000015 0.000029 0.000046 0.000103 0.000161 0.000302 0.000512 0.000875 0.001459 0.002273 0.003545 0.005256 0.007612 0.010521 0.014574 0.019459 0.024762 0.031575 0.038459 0.045600 0.052556 0.059020 0.064177 0.067567 0.069522 0.068877 0.066398 0.062429 0.056238 0.049824 0.042079 0.034740 0.027756 0.021777 0.016002 0.011416 0.008170 0.005387 0.003604 0.002245 0.001308 0.000821 0.000432 0.000233 0.000126 0.000074 0.000044 0.000021 0.000003 0.000002 0.000000 0.000001 0.000000 0.000000 0.000000 0.000000 0.000000 0.000000 0.000000 
t: 0.002663043479 start: 149 end: 209 0.000002 0.000004 0.000005 0.000011 0.000019 0.000042 0.000069 0.000152 0.000260 0.000451 0.000799 0.001390 0.002121 0.003279 0.005011 0.007086 0.009981 0.013859 0.018353 0.024411 0.030635 0.037750 0.044756 0.052427 0.058557 0.064231 0.067965 0.069710 0.069783 0.067502 0.062891 0.057464 0.050239 0.043005 0.035659 0.028252 0.021759 0.016073 0.011672 0.008116 0.005484 0.003553 0.002227 0.001382 0.000721 0.000415 0.000213 0.000137 0.000065 0.000035 0.000010 0.000004 0.000003 0.000000 0.000000 0.000000 0.000000 0.000000 0.000000 0.000000 0.000000 
t: 0.002538860104 start: 149 end: 210 0.000001 0.000000 0.000002 0.000003 0.000005 0.000011 0.000026 0.000025 0.000078 0.000144 0.000254 0.000468 0.000760 0.001359 0.002111 0.003114 0.004906 0.007079 0.010007 0.013966 0.018503 0.024372 0.030877 0.038019 0.045268 0.052845 0.059050 0.064789 0.068379 0.070760 0.070207 0.067620 0.063378 0.057620 0.050184 0.042381 0.035034 0.027707 0.021104 0.015615 0.011263 0.007568 0.005104 0.003331 0.002050 0.001176 0.000703 0.000396 0.000179 0.000096 0.000057 0.000026 0.000016 0.000003 0.000001 0.000000 0.000000 0.000000 0.000000 0.000000 0.000000 0.000000 
t: 0.002425742574 start: 150 end: 211 0.000001 0.000000 0.000002 0.000002 0.000002 0.000005 0.000008 0.000022 0.000052 0.000073 0.000133 0.000253 0.000509 0.000826 0.001319 0.002090 0.003441 0.005113 0.007361 0.010424 0.014398 0.019360 0.025240 0.032207 0.039563 0.046593 0.054133 0.060857 0.065972 0.069705 0.071435 0.070292 0.067443 0.062571 0.056548 0.048846 0.041516 0.033465 0.025979 0.019714 0.014328 0.010084 0.006805 0.004595 0.002833 0.001717 0.001012 0.000551 0.000313 0.000134 0.000085 0.000036 0.000021 0.000008 0.000005 0.000000 0.000000 0.000000 0.000000 0.000000 0.000000 0.000000 
t: 0.002322274882 start: 153 end: 214 0.000002 0.000001 0.000001 0.000002 0.000008 0.000015 0.000020 0.000056 0.000081 0.000148 0.000325 0.000544 0.000887 0.001489 0.002419 0.003588 0.005496 0.007990 0.011483 0.015454 0.021017 0.027276 0.034153 0.041579 0.049109 0.056889 0.062999 0.067849 0.071146 0.071487 0.070102 0.066682 0.061542 0.054465 0.046897 0.038528 0.030729 0.023824 0.017641 0.012657 0.008568 0.005853 0.003730 0.002287 0.001356 0.000781 0.000402 0.000249 0.000111 0.000043 0.000025 0.000010 0.000003 0.000002 0.000000 0.000000 0.000000 0.000000 0.000000 0.000000 0.000000 0.000000 
t: 0.002227272727 start: 156 end: 215 0.000002 0.000002 0.000000 0.000010 0.000013 0.000027 0.000056 0.000109 0.000200 0.000399 0.000626 0.001027 0.001671 0.002768 0.004333 0.006251 0.009134 0.012755 0.017398 0.023424 0.029651 0.037074 0.044891 0.052584 0.059692 0.066385 0.069708 0.072014 0.072125 0.069484 0.065105 0.058917 0.051790 0.043148 0.035133 0.027361 0.020755 0.015078 0.010411 0.007134 0.004617 0.002911 0.001684 0.001033 0.000543 0.000291 0.000162 0.000063 0.000027 0.000015 0.000006 0.000002 0.000001 0.000000 0.000000 0.000000 0.000000 0.000000 0.000000 0.000000 
t: 0.002139737991 start: 159 end: 216 0.000003 0.000006 0.000012 0.000020 0.000040 0.000068 0.000143 0.000244 0.000454 0.000819 0.001283 0.002138 0.003247 0.005120 0.007411 0.010636 0.014917 0.020228 0.026295 0.033461 0.041355 0.048632 0.056705 0.063687 0.068428 0.071852 0.073073 0.071837 0.068051 0.062528 0.055474 0.047170 0.038806 0.030901 0.023465 0.017395 0.012237 0.008318 0.005423 0.003407 0.002110 0.001222 0.000668 0.000390 0.000169 0.000091 0.000037 0.000015 0.000007 0.000002 0.000000 0.000000 0.000000 0.000000 0.000000 0.000000 0.000000 0.000000 
t: 0.002058823530 start: 160 end: 217 0.000001 0.000005 0.000008 0.000008 0.000029 0.000055 0.000103 0.000189 0.000346 0.000633 0.001016 0.001671 0.002714 0.004114 0.006182 0.009083 0.012846 0.017673 0.023936 0.030527 0.037763 0.045714 0.053994 0.061107 0.067615 0.071657 0.073635 0.072680 0.070185 0.065239 0.058611 0.050540 0.042323 0.033918 0.025989 0.019240 0.013706 0.009332 0.006263 0.003954 0.002429 0.001390 0.000763 0.000438 0.000194 0.000099 0.000053 0.000023 0.000004 0.000003 0.000000 0.000000 0.000000 0.000000 0.000000 0.000000 0.000000 0.000000 
t: 0.001983805668 start: 162 end: 218 0.000005 0.000005 0.000005 0.000027 0.000034 0.000079 0.000143 0.000304 0.000483 0.000824 0.001369 0.002223 0.003496 0.005250 0.007980 0.011472 0.015873 0.021473 0.028026 0.035317 0.043530 0.051690 0.059029 0.066281 0.071132 0.073818 0.074170 0.072066 0.067211 0.061229 0.053183 0.044840 0.036048 0.027999 0.020934 0.014982 0.010418 0.006762 0.004404 0.002576 0.001538 0.000893 0.000462 0.000225 0.000104 0.000058 0.000023 0.000006 0.000000 0.000001 0.000000 0.000000 0.000000 0.000000 0.000000 0.000000 0.000000 
t: 0.001914062500 start: 163 end: 220 0.000002 0.000003 0.000005 0.000024 0.000025 0.000060 0.000127 0.000233 0.000390 0.000670 0.001189 0.001858 0.003040 0.004646 0.007110 0.010394 0.014549 0.019809 0.026209 0.033504 0.041329 0.049702 0.057831 0.065242 0.070527 0.074002 0.075339 0.073093 0.069127 0.062857 0.055352 0.046947 0.038074 0.029468 0.022363 0.015912 0.010838 0.007262 0.004617 0.002845 0.001607 0.000879 0.000496 0.000251 0.000127 0.000038 0.000020 0.000005 0.000002 0.000001 0.000000 0.000000 0.000000 0.000000 0.000000 0.000000 0.000000 0.000000 
t: 0.001849056604 start: 164 end: 220 0.000001 0.000003 0.000011 0.000012 0.000014 0.000056 0.000118 0.000177 0.000309 0.000601 0.001018 0.001618 0.002795 0.004216 0.006419 0.009643 0.013630 0.018683 0.024618 0.031675 0.040234 0.048689 0.056733 0.064281 0.070147 0.074535 0.075847 0.074155 0.070324 0.064590 0.057048 0.048541 0.039128 0.030740 0.022887 0.016359 0.011483 0.007514 0.004752 0.002884 0.001634 0.000946 0.000495 0.000257 0.000106 0.000049 0.000016 0.000008 0.000001 0.000000 0.000000 0.000000 0.000000 0.000000 0.000000 0.000000 0.000000 
t: 0.001788321168 start: 165 end: 220 0.000001 0.000003 0.000008 0.000009 0.000022 0.000043 0.000080 0.000151 0.000301 0.000536 0.000889 0.001487 0.002473 0.003935 0.006173 0.009019 0.012791 0.017848 0.023811 0.030906 0.039191 0.047595 0.056501 0.063859 0.070211 0.074732 0.076489 0.074821 0.071835 0.065529 0.057901 0.049203 0.040045 0.031330 0.023376 0.016785 0.011547 0.007500 0.004802 0.002827 0.001670 0.000885 0.000487 0.000249 0.000073 0.000044 0.000020 0.000007 0.000000 0.000000 0.000000 0.000000 0.000000 0.000000 0.000000 0.000000 
t: 0.001731448763 start: 166 end: 222 0.000002 0.000001 0.000004 0.000008 0.000018 0.000031 0.000072 0.000138 0.000272 0.000497 0.000792 0.001396 0.002399 0.003760 0.005784 0.008726 0.012260 0.017274 0.023242 0.030747 0.038633 0.047435 0.055971 0.064198 0.070622 0.075164 0.077025 0.076104 0.072077 0.066301 0.058196 0.049355 0.040599 0.031418 0.023362 0.016623 0.011443 0.007463 0.004622 0.002749 0.001590 0.000848 0.000437 0.000196 0.000086 0.000034 0.000022 0.000003 0.000001 0.000000 0.000000 0.000000 0.000000 0.000000 0.000000 0.000000 0.000000 
t: 0.001678082192 start: 167 end: 223 0.000001 0.000003 0.000002 0.000006 0.000016 0.000025 0.000072 0.000136 0.000237 0.000447 0.000803 0.001410 0.002226 0.003680 0.005661 0.008328 0.012225 0.017069 0.023370 0.030223 0.038670 0.047811 0.056199 0.064703 0.071209 0.075440 0.077995 0.076490 0.073055 0.066195 0.058279 0.049659 0.040023 0.031157 0.022821 0.016182 0.011103 0.007243 0.004347 0.002568 0.001441 0.000787 0.000387 0.000170 0.000075 0.000033 0.000013 0.000003 0.000002 0.000000 0.000000 0.000000 0.000000 0.000000 0.000000 0.000000 0.000000 
t: 0.001627906977 start: 167 end: 224 0.000001 0.000001 0.000002 0.000004 0.000003 0.000016 0.000034 0.000065 0.000122 0.000228 0.000423 0.000783 0.001399 0.002224 0.003569 0.005536 0.008422 0.012315 0.017277 0.023619 0.030590 0.038858 0.048308 0.057436 0.065117 0.071858 0.076617 0.078155 0.077452 0.072973 0.066447 0.057956 0.048811 0.039378 0.030304 0.021853 0.015664 0.010527 0.006661 0.004106 0.002348 0.001277 0.000700 0.000309 0.000159 0.000058 0.000022 0.000009 0.000003 0.000001 0.000000 0.000000 0.000000 0.000000 0.000000 0.000000 0.000000 0.000000 
t: 0.001580645161 start: 169 end: 224 0.000002 0.000000 0.000006 0.000003 0.000019 0.000040 0.000057 0.000124 0.000222 0.000451 0.000780 0.001319 0.002271 0.003664 0.005567 0.008643 0.012674 0.017631 0.023958 0.031357 0.040053 0.049194 0.058535 0.066244 0.073156 0.077377 0.079147 0.077298 0.072954 0.065748 0.057004 0.048194 0.037969 0.028905 0.021161 0.014691 0.009652 0.006025 0.003686 0.002044 0.001164 0.000566 0.000255 0.000116 0.000049 0.000016 0.000005 0.000003 0.000001 0.000000 0.000000 0.000000 0.000000 0.000000 0.000000 0.000000 
t: 0.001536050157 start: 170 end: 226 0.000002 0.000003 0.000004 0.000005 0.000014 0.000040 0.000065 0.000139 0.000239 0.000478 0.000765 0.001386 0.002319 0.003778 0.005901 0.008909 0.013007 0.018184 0.024830 0.032429 0.041386 0.050712 0.059920 0.067719 0.074519 0.078800 0.079677 0.077182 0.072863 0.064524 0.055895 0.046275 0.036729 0.027283 0.019662 0.013407 0.008803 0.005430 0.003216 0.001734 0.000973 0.000433 0.000226 0.000076 0.000034 0.000018 0.000004 0.000002 0.000001 0.000000 0.000000 0.000000 0.000000 0.000000 0.000000 0.000000 0.000000 
t: 0.001493902439 start: 170 end: 227 0.000001 0.000002 0.000001 0.000002 0.000012 0.000023 0.000033 0.000074 0.000128 0.000272 0.000481 0.000854 0.001468 0.002445 0.003950 0.006237 0.009288 0.013619 0.019232 0.025847 0.034108 0.043332 0.052275 0.061857 0.069750 0.075972 0.079706 0.079789 0.077441 0.071321 0.063625 0.054366 0.044435 0.034441 0.025692 0.017928 0.011914 0.007829 0.004737 0.002674 0.001475 0.000750 0.000359 0.000156 0.000050 0.000034 0.000009 0.000004 0.000001 0.000001 0.000000 0.000000 0.000000 0.000000 0.000000 0.000000 0.000000 0.000000 
t: 0.001454005935 start: 172 end: 226 0.000002 0.000000 0.000002 0.000014 0.000018 0.000035 0.000082 0.000148 0.000294 0.000518 0.000888 0.001599 0.002694 0.004300 0.006631 0.009962 0.014480 0.020476 0.027540 0.035873 0.045099 0.054800 0.063953 0.071827 0.077489 0.080500 0.080498 0.076375 0.070673 0.061794 0.052084 0.041899 0.032353 0.023230 0.016039 0.010662 0.006719 0.004042 0.002210 0.001191 0.000583 0.000258 0.000094 0.000039 0.000021 0.000007 0.000004 0.000001 0.000000 0.000000 0.000000 0.000000 0.000000 0.000000 0.000000 
t: 0.001416184971 start: 172 end: 226 0.000001 0.000000 0.000003 0.000008 0.000008 0.000017 0.000043 0.000088 0.000164 0.000320 0.000572 0.000989 0.001741 0.002937 0.004730 0.007154 0.010795 0.015763 0.021898 0.029305 0.038204 0.047636 0.057213 0.067023 0.073740 0.079316 0.081532 0.079810 0.076374 0.068349 0.059701 0.049299 0.039380 0.029202 0.020636 0.014333 0.009265 0.005769 0.003297 0.001744 0.000902 0.000440 0.000167 0.000073 0.000035 0.000015 0.000006 0.000003 0.000000 0.000000 0.000000 0.000000 0.000000 0.000000 0.000000 
t: 0.001380281690 start: 174 end: 227 0.000001 0.000006 0.000006 0.000007 0.000015 0.000051 0.000095 0.000212 0.000362 0.000641 0.001116 0.002022 0.003235 0.005103 0.008024 0.011904 0.017023 0.023788 0.031725 0.040965 0.050465 0.060502 0.069065 0.076264 0.080800 0.081963 0.079839 0.074715 0.066263 0.056961 0.046188 0.036084 0.026106 0.018575 0.012229 0.007873 0.004649 0.002602 0.001380 0.000667 0.000297 0.000125 0.000050 0.000025 0.000008 0.000004 0.000000 0.000000 0.000000 0.000000 0.000000 0.000000 0.000000 0.000000 
t: 0.001346153846 start: 174 end: 228 0.000001 0.000001 0.000004 0.000005 0.000011 0.000023 0.000050 0.000133 0.000228 0.000406 0.000723 0.001272 0.002267 0.003697 0.005791 0.008849 0.013394 0.018744 0.025781 0.034793 0.043727 0.053998 0.063634 0.072088 0.078685 0.081743 0.082500 0.079182 0.072509 0.063483 0.053451 0.043040 0.032123 0.023342 0.015921 0.010509 0.006392 0.003686 0.001993 0.000994 0.000488 0.000204 0.000076 0.000041 0.000012 0.000004 0.000002 0.000000 0.000000 0.000000 0.000000 0.000000 0.000000 0.000000 0.000000 
t: 0.001313672922 start: 176 end: 228 0.000002 0.000005 0.000005 0.000017 0.000022 0.000072 0.000141 0.000252 0.000465 0.000896 0.001488 0.002614 0.004162 0.006626 0.010181 0.014746 0.020894 0.028556 0.037681 0.047436 0.057380 0.067328 0.075146 0.080557 0.083235 0.082253 0.077602 0.069999 0.060410 0.049705 0.038552 0.028590 0.020213 0.013487 0.008485 0.005224 0.002792 0.001474 0.000786 0.000302 0.000128 0.000062 0.000022 0.000004 0.000003 0.000000 0.000000 0.000000 0.000000 0.000000 0.000000 0.000000 0.000000 
t: 0.001282722513 start: 176 end: 228 0.000001 0.000003 0.000005 0.000004 0.000020 0.000036 0.000090 0.000153 0.000307 0.000548 0.001035 0.001799 0.003031 0.004842 0.007568 0.011417 0.016880 0.023483 0.031761 0.041268 0.050973 0.061687 0.070798 0.077851 0.082444 0.083741 0.081797 0.075422 0.066760 0.056699 0.045018 0.034528 0.025032 0.017048 0.011205 0.006848 0.003893 0.002080 0.001079 0.000502 0.000200 0.000090 0.000041 0.000008 0.000005 0.000000 0.000000 0.000000 0.000000 0.000000 0.000000 0.000000 0.000000 
t: 0.001253196931 start: 177 end: 229 0.000001 0.000003 0.000005 0.000011 0.000013 0.000054 0.000108 0.000208 0.000371 0.000660 0.001266 0.002159 0.003528 0.005648 0.008887 0.013277 0.019109 0.026388 0.035350 0.044854 0.055565 0.065536 0.074336 0.080911 0.083983 0.083683 0.080320 0.072642 0.063151 0.051820 0.040676 0.030325 0.021074 0.014275 0.008893 0.005244 0.002895 0.001524 0.000731 0.000298 0.000136 0.000052 0.000019 0.000009 0.000002 0.000000 0.000000 0.000000 0.000000 0.000000 0.000000 0.000000 0.000000 
t: 0.001225000000 start: 178 end: 230 0.000001 0.000002 0.000009 0.000013 0.000017 0.000080 0.000116 0.000248 0.000449 0.000855 0.001514 0.002601 0.004177 0.006732 0.010279 0.015401 0.021849 0.030094 0.038833 0.049741 0.060016 0.069625 0.078047 0.083196 0.084999 0.083225 0.077741 0.069249 0.058379 0.047097 0.035915 0.025643 0.017642 0.011464 0.006978 0.003884 0.002083 0.001049 0.000449 0.000185 0.000079 0.000031 0.000011 0.000001 0.000001 0.000000 0.000000 0.000000 0.000000 0.000000 0.000000 0.000000 0.000000 
t: 0.001198044010 start: 179 end: 230 0.000002 0.000007 0.000010 0.000008 0.000043 0.000083 0.000155 0.000296 0.000588 0.001085 0.001870 0.003097 0.005073 0.008004 0.012109 0.017903 0.025236 0.033662 0.043883 0.054040 0.064811 0.074165 0.081106 0.085260 0.084901 0.082074 0.074693 0.064613 0.053332 0.041743 0.030814 0.021697 0.014161 0.008901 0.005151 0.002889 0.001446 0.000631 0.000270 0.000125 0.000042 0.000018 0.000002 0.000000 0.000001 0.000000 0.000000 0.000000 0.000000 0.000000 0.000000 0.000000 
t: 0.001172248804 start: 179 end: 230 0.000001 0.000002 0.000007 0.000010 0.000029 0.000049 0.000105 0.000198 0.000410 0.000720 0.001348 0.002315 0.003861 0.006046 0.009670 0.014522 0.020861 0.028860 0.038316 0.048333 0.059191 0.069615 0.078474 0.084111 0.086084 0.084539 0.079352 0.070774 0.059225 0.048083 0.036170 0.026002 0.017536 0.011187 0.006621 0.003833 0.001979 0.000901 0.000398 0.000161 0.000069 0.000027 0.000004 0.000000 0.000001 0.000000 0.000000 0.000000 0.000000 0.000000 0.000000 0.000000 
t: 0.001147540984 start: 181 end: 230 0.000005 0.000007 0.000015 0.000033 0.000083 0.000113 0.000295 0.000511 0.000941 0.001726 0.002848 0.004693 0.007500 0.011686 0.017314 0.024171 0.033335 0.043150 0.053624 0.064511 0.074609 0.082221 0.085913 0.086545 0.083104 0.075780 0.065330 0.053857 0.042051 0.030618 0.021336 0.013899 0.008486 0.004885 0.002576 0.001282 0.000560 0.000247 0.000092 0.000036 0.000009 0.000002 0.000001 0.000000 0.000000 0.000000 0.000000 0.000000 0.000000 0.000000 
t: 0.001123853211 start: 181 end: 230 0.000002 0.000005 0.000011 0.000020 0.000049 0.000078 0.000213 0.000354 0.000671 0.001222 0.002149 0.003567 0.005852 0.009357 0.014174 0.020372 0.028457 0.037900 0.048457 0.059228 0.070159 0.079285 0.085477 0.086983 0.085826 0.080432 0.070891 0.059770 0.047479 0.036029 0.025225 0.017111 0.010582 0.006164 0.003380 0.001734 0.000809 0.000332 0.000120 0.000056 0.000015 0.000002 0.000001 0.000000 0.000000 0.000000 0.000000 0.000000 0.000000 0.000000 
t: 0.001101123596 start: 181 end: 230 0.000001 0.000002 0.000003 0.000017 0.000025 0.000060 0.000127 0.000258 0.000484 0.000888 0.001593 0.002653 0.004649 0.007316 0.011458 0.016914 0.024457 0.033031 0.043085 0.054077 0.065461 0.075381 0.083535 0.087298 0.087950 0.083471 0.076383 0.065511 0.053204 0.041105 0.029804 0.020478 0.012967 0.007844 0.004380 0.002276 0.001121 0.000452 0.000180 0.000071 0.000023 0.000003 0.000002 0.000002 0.000000 0.000000 0.000000 0.000000 0.000000 0.000000 
t: 0.001079295154 start: 181 end: 230 0.000001 0.000002 0.000001 0.000010 0.000019 0.000037 0.000086 0.000174 0.000354 0.000614 0.001201 0.002040 0.003525 0.005857 0.009165 0.014035 0.020605 0.028568 0.038176 0.049014 0.060609 0.071124 0.081076 0.086444 0.089058 0.086047 0.080689 0.071023 0.059032 0.046330 0.034425 0.024260 0.015679 0.009779 0.005499 0.002941 0.001449 0.000651 0.000252 0.000102 0.000033 0.000009 0.000003 0.000002 0.000000 0.000000 0.000000 0.000000 0.000000 0.000000 
t: 0.001058315335 start: 182 end: 230 0.000001 0.000001 0.000005 0.000012 0.000026 0.000052 0.000132 0.000220 0.000459 0.000888 0.001556 0.002749 0.004575 0.007260 0.011564 0.017212 0.024683 0.033598 0.043839 0.055705 0.066892 0.077344 0.085087 0.088904 0.088389 0.084208 0.075666 0.064877 0.051896 0.039233 0.028300 0.018750 0.012028 0.006859 0.003747 0.001850 0.000864 0.000365 0.000142 0.000042 0.000012 0.000006 0.000002 0.000000 0.000000 0.000000 0.000000 0.000000 0.000000 
t: 0.001038135593 start: 184 end: 230 0.000003 0.000007 0.000016 0.000044 0.000071 0.000164 0.000367 0.000615 0.001138 0.002091 0.003700 0.005760 0.009376 0.014281 0.021123 0.029214 0.039518 0.050745 0.062118 0.073552 0.082861 0.088017 0.089431 0.087302 0.080260 0.070052 0.057379 0.044293 0.032492 0.022131 0.014351 0.008573 0.004642 0.002393 0.001143 0.000492 0.000194 0.000065 0.000017 0.000006 0.000003 0.000000 0.000000 0.000000 0.000000 0.000000 0.000000 
t: 0.001018711019 start: 184 end: 230 0.000001 0.000006 0.000012 0.000028 0.000050 0.000115 0.000273 0.000422 0.000871 0.001584 0.002908 0.004698 0.007633 0.011804 0.017831 0.025454 0.034786 0.046065 0.057492 0.069239 0.079512 0.086996 0.090227 0.089515 0.083932 0.074850 0.062683 0.049511 0.036852 0.025936 0.016963 0.010425 0.005800 0.003025 0.001450 0.000660 0.000266 0.000086 0.000029 0.000004 0.000006 0.000000 0.000000 0.000000 0.000000 0.000000 0.000000 
t: 0.001000000000 start: 185 end: 230 0.000004 0.000008 0.000017 0.000035 0.000077 0.000190 0.000337 0.000642 0.001251 0.002188 0.003745 0.006244 0.009874 0.014855 0.021950 0.030686 0.041274 0.052904 0.064841 0.076125 0.084714 0.089978 0.091117 0.087167 0.079146 0.067839 0.054951 0.041459 0.029880 0.019971 0.012433 0.007099 0.003767 0.001842 0.000886 0.000328 0.000124 0.000037 0.000008 0.000006 0.000001 0.000000 0.000000 0.000000 0.000000 0.000000 
