t: 0.059999999999 start: 14 end: 53 0.000001 0.000001 0.000004 0.000017 0.000082 0.000291 0.001054 0.002732 0.006657 0.014492 0.027446 0.046372 0.070089 0.095005 0.115791 0.126881 0.125457 0.111657 0.090269 0.066793 0.044207 0.026772 0.014877 0.007446 0.003408 0.001396 0.000550 0.000171 0.000052 0.000021 0.000008 0.000001 0.000000 0.000000 0.000000 0.000000 0.000000 0.000000 0.000000 0.000000 
t: 0.054545454544 start: 17 end: 56 0.000002 0.000002 0.000022 0.000085 0.000277 0.000856 0.002293 0.005327 0.011647 0.022446 0.038606 0.058971 0.081438 0.103369 0.118812 0.121990 0.115725 0.099490 0.079091 0.056535 0.036849 0.022470 0.012449 0.006282 0.002965 0.001235 0.000461 0.000219 0.000060 0.000020 0.000005 0.000001 0.000000 0.000000 0.000000 0.000000 0.000000 0.000000 0.000000 0.000000 
t: 0.049999999999 start: 20 end: 60 0.000003 0.000027 0.000072 0.000270 0.000749 0.002022 0.004705 0.009941 0.018833 0.032328 0.050610 0.071591 0.092457 0.108752 0.118178 0.115750 0.105241 0.086920 0.066722 0.047071 0.030373 0.018181 0.009940 0.005127 0.002423 0.001023 0.000441 0.000170 0.000062 0.000011 0.000005 0.000001 0.000001 0.000000 0.000000 0.000000 0.000000 0.000000 0.000000 0.000000 0.000000 
t: 0.046153846153 start: 22 end: 62 0.000005 0.000017 0.000081 0.000277 0.000688 0.001813 0.004292 0.008777 0.016429 0.028172 0.044086 0.063798 0.083706 0.100462 0.111940 0.114847 0.106517 0.093055 0.074384 0.055687 0.037839 0.023919 0.014205 0.007734 0.004028 0.001875 0.000831 0.000358 0.000119 0.000043 0.000011 0.000004 0.000001 0.000000 0.000000 0.000000 0.000000 0.000000 0.000000 0.000000 0.000000 
t: 0.042857142857 start: 23 end: 65 0.000001 0.000008 0.000018 0.000085 0.000253 0.000696 0.001772 0.004036 0.007865 0.014794 0.025655 0.039693 0.057595 0.076071 0.093848 0.105556 0.111589 0.106825 0.097010 0.079956 0.062530 0.044243 0.029586 0.018422 0.010726 0.005837 0.003002 0.001398 0.000555 0.000243 0.000093 0.000027 0.000007 0.000003 0.000000 0.000002 0.000000 0.000000 0.000000 0.000000 0.000000 0.000000 0.000000 
t: 0.040000000000 start: 24 end: 68 0.000001 0.000002 0.000009 0.000032 0.000080 0.000254 0.000727 0.001743 0.003681 0.007466 0.013845 0.023455 0.036855 0.052818 0.070723 0.088094 0.100915 0.107281 0.106496 0.098140 0.083815 0.066977 0.049798 0.034737 0.022559 0.013723 0.007935 0.004205 0.002035 0.000951 0.000387 0.000168 0.000055 0.000025 0.000009 0.000002 0.000002 0.000000 0.000000 0.000000 0.000000 0.000000 0.000000 0.000000 0.000000 
t: 0.037500000000 start: 27 end: 71 0.000005 0.000006 0.000033 0.000108 0.000286 0.000711 0.001834 0.003655 0.007340 0.013129 0.022241 0.034572 0.049917 0.066838 0.082768 0.096000 0.104052 0.104804 0.098550 0.085937 0.070162 0.054365 0.039336 0.026009 0.016691 0.009832 0.005501 0.002873 0.001424 0.000570 0.000300 0.000094 0.000035 0.000017 0.000002 0.000002 0.000001 0.000000 0.000000 0.000000 0.000000 0.000000 0.000000 0.000000 0.000000 
t: 0.035294117647 start: 27 end: 70 0.000001 0.000000 0.000000 0.000008 0.000044 0.000106 0.000349 0.000823 0.001807 0.003772 0.007395 0.012943 0.021429 0.032851 0.047922 0.063808 0.079454 0.092761 0.100289 0.102562 0.098029 0.086766 0.073158 0.057312 0.042299 0.029229 0.019187 0.011640 0.006895 0.003744 0.001890 0.000851 0.000408 0.000161 0.000069 0.000024 0.000012 0.000002 0.000000 0.000000 0.000000 0.000000 0.000000 0.000000 
t: 0.033333333333 start: 31 end: 74 0.000004 0.000020 0.000053 0.000150 0.000363 0.000842 0.001997 0.003973 0.007337 0.013210 0.021237 0.032283 0.046637 0.061696 0.076873 0.089824 0.097266 0.100102 0.096502 0.087468 0.074368 0.059576 0.044911 0.031839 0.020976 0.013450 0.008054 0.004477 0.002361 0.001170 0.000581 0.000240 0.000101 0.000037 0.000017 0.000005 0.000000 0.000000 0.000000 0.000000 0.000000 0.000000 0.000000 0.000000 
t: 0.031578947368 start: 32 end: 78 0.000002 0.000008 0.000027 0.000050 0.000177 0.000454 0.000948 0.002153 0.004151 0.007787 0.013245 0.021628 0.032673 0.045903 0.060539 0.074479 0.087216 0.095013 0.098624 0.094986 0.087214 0.074962 0.060636 0.046529 0.033108 0.022886 0.014773 0.009001 0.005227 0.002851 0.001464 0.000738 0.000309 0.000154 0.000051 0.000024 0.000002 0.000007 0.000001 0.000000 0.000000 0.000000 0.000000 0.000000 0.000000 0.000000 0.000000 
t: 0.030000000000 start: 32 end: 80 0.000001 0.000001 0.000006 0.000008 0.000021 0.000078 0.000226 0.000518 0.001140 0.002402 0.004490 0.008124 0.014090 0.022178 0.032609 0.045957 0.059913 0.074034 0.085632 0.093409 0.096051 0.093566 0.085964 0.074936 0.060925 0.047235 0.034540 0.023964 0.015905 0.009842 0.005726 0.003245 0.001688 0.000862 0.000421 0.000173 0.000068 0.000035 0.000012 0.000002 0.000003 0.000000 0.000000 0.000000 0.000000 0.000000 0.000000 0.000000 0.000000 
t: 0.028571428571 start: 34 end: 81 0.000001 0.000000 0.000008 0.000011 0.000033 0.000123 0.000266 0.000642 0.001302 0.002710 0.005016 0.008871 0.014928 0.023248 0.033341 0.046215 0.059850 0.073231 0.084599 0.092252 0.094421 0.092277 0.084365 0.073962 0.060796 0.047573 0.035167 0.024529 0.016401 0.010358 0.006206 0.003473 0.001948 0.001024 0.000455 0.000229 0.000096 0.000045 0.000020 0.000006 0.000000 0.000002 0.000000 0.000000 0.000000 0.000000 0.000000 0.000000 
t: 0.027272727273 start: 35 end: 84 0.000001 0.000000 0.000004 0.000005 0.000021 0.000056 0.000148 0.000337 0.000790 0.001539 0.003077 0.005654 0.009891 0.015898 0.024425 0.034976 0.046992 0.060526 0.073027 0.084045 0.091349 0.093024 0.090124 0.082768 0.072284 0.060353 0.047211 0.034892 0.024838 0.016782 0.010717 0.006408 0.003705 0.002028 0.001113 0.000511 0.000258 0.000121 0.000069 0.000021 0.000009 0.000002 0.000000 0.000001 0.000000 0.000000 0.000000 0.000000 0.000000 0.000000 
t: 0.026086956522 start: 39 end: 88 0.000005 0.000016 0.000032 0.000085 0.000184 0.000423 0.000913 0.001907 0.003550 0.006460 0.010950 0.017323 0.025929 0.036684 0.048459 0.061680 0.073538 0.084048 0.090237 0.091420 0.088050 0.081423 0.070590 0.058557 0.046487 0.034639 0.024392 0.016600 0.010734 0.006454 0.003895 0.002104 0.001154 0.000580 0.000243 0.000152 0.000054 0.000031 0.000010 0.000005 0.000002 0.000001 0.000000 0.000000 0.000000 0.000000 0.000000 0.000000 0.000000 0.000000 
t: 0.025000000000 start: 39 end: 89 0.000001 0.000001 0.000009 0.000019 0.000045 0.000111 0.000232 0.000574 0.001155 0.002348 0.004243 0.007279 0.012243 0.019051 0.027829 0.038461 0.050970 0.062855 0.074495 0.083979 0.089565 0.089703 0.086731 0.078673 0.068727 0.056652 0.044885 0.033601 0.023873 0.016333 0.010486 0.006587 0.003849 0.002076 0.001181 0.000637 0.000273 0.000161 0.000056 0.000033 0.000009 0.000006 0.000003 0.000000 0.000000 0.000000 0.000000 0.000000 0.000000 0.000000 0.000000 
t: 0.024000000000 start: 40 end: 91 0.000001 0.000001 0.000005 0.000009 0.000025 0.000052 0.000147 0.000347 0.000809 0.001406 0.002782 0.005109 0.008532 0.013854 0.020852 0.030035 0.041238 0.052577 0.064963 0.076041 0.083990 0.087905 0.088731 0.084579 0.076792 0.066022 0.054900 0.042766 0.032369 0.022962 0.015608 0.010040 0.006379 0.003684 0.002105 0.001181 0.000617 0.000300 0.000156 0.000073 0.000031 0.000021 0.000002 0.000002 0.000000 0.000000 0.000000 0.000000 0.000000 0.000000 0.000000 0.000000 
t: 0.023076923077 start: 43 end: 95 0.000003 0.000009 0.000010 0.000029 0.000103 0.000224 0.000483 0.000959 0.001900 0.003457 0.005976 0.009986 0.015832 0.023273 0.032520 0.043955 0.055450 0.067076 0.076996 0.084255 0.087420 0.087139 0.082003 0.073792 0.063902 0.052174 0.040786 0.030440 0.021752 0.014522 0.009723 0.005992 0.003611 0.001960 0.001089 0.000608 0.000302 0.000157 0.000077 0.000031 0.000014 0.000007 0.000001 0.000001 0.000001 0.000000 0.000000 0.000000 0.000000 0.000000 0.000000 0.000000 0.000000 
t: 0.022222222222 start: 44 end: 97 0.000001 0.000004 0.000008 0.000019 0.000055 0.000145 0.000356 0.000621 0.001235 0.002398 0.004357 0.007344 0.011745 0.017902 0.025923 0.035668 0.046782 0.058589 0.069459 0.078278 0.084230 0.086887 0.085060 0.079359 0.070809 0.060774 0.049027 0.038587 0.028388 0.020242 0.013774 0.008963 0.005706 0.003257 0.001883 0.001063 0.000555 0.000284 0.000146 0.000075 0.000021 0.000013 0.000005 0.000001 0.000000 0.000001 0.000000 0.000001 0.000000 0.000000 0.000000 0.000000 0.000000 0.000000 
t: 0.021428571428 start: 45 end: 100 0.000001 0.000001 0.000009 0.000017 0.000033 0.000104 0.000206 0.000434 0.000877 0.001630 0.003113 0.005450 0.008748 0.013715 0.020637 0.028922 0.039141 0.050360 0.061165 0.071602 0.079469 0.084624 0.085661 0.083131 0.076802 0.067601 0.057127 0.046324 0.035402 0.026210 0.018628 0.012677 0.008316 0.005056 0.003028 0.001785 0.000972 0.000514 0.000257 0.000124 0.000067 0.000034 0.000014 0.000004 0.000002 0.000004 0.000000 0.000001 0.000001 0.000000 0.000000 0.000000 0.000000 0.000000 0.000000 0.000000 
t: 0.020689655172 start: 47 end: 101 0.000001 0.000004 0.000010 0.000028 0.000061 0.000143 0.000320 0.000560 0.001166 0.002254 0.004022 0.006604 0.010672 0.016052 0.023458 0.032560 0.042778 0.053849 0.064373 0.073708 0.080676 0.084270 0.084508 0.080641 0.073506 0.064248 0.053531 0.043053 0.032638 0.023805 0.017031 0.011438 0.007420 0.004505 0.002745 0.001555 0.000904 0.000435 0.000224 0.000123 0.000059 0.000034 0.000014 0.000009 0.000003 0.000001 0.000000 0.000000 0.000000 0.000000 0.000001 0.000000 0.000000 0.000000 0.000000 
t: 0.020000000000 start: 48 end: 103 0.000001 0.000002 0.000003 0.000018 0.000046 0.000095 0.000216 0.000411 0.000855 0.001662 0.003015 0.004977 0.008245 0.012693 0.019220 0.026915 0.036268 0.047034 0.057049 0.067700 0.075842 0.081653 0.083653 0.082200 0.077844 0.069997 0.060284 0.049766 0.039437 0.029921 0.021631 0.015381 0.010196 0.006402 0.004092 0.002378 0.001353 0.000754 0.000376 0.000222 0.000101 0.000043 0.000023 0.000017 0.000006 0.000001 0.000001 0.000000 0.000000 0.000001 0.000000 0.000000 0.000000 0.000000 0.000000 0.000000 
t: 0.019354838710 start: 50 end: 105 0.000001 0.000006 0.000011 0.000035 0.000058 0.000172 0.000302 0.000645 0.001189 0.002125 0.003959 0.006472 0.010095 0.015459 0.022444 0.030500 0.040422 0.051123 0.061379 0.070510 0.077823 0.081696 0.083076 0.079849 0.073984 0.066270 0.056336 0.045946 0.035750 0.026870 0.019472 0.013341 0.008950 0.005717 0.003496 0.002016 0.001179 0.000645 0.000346 0.000160 0.000085 0.000044 0.000019 0.000015 0.000004 0.000002 0.000000 0.000001 0.000000 0.000001 0.000000 0.000000 0.000000 0.000000 0.000000 0.000000 
t: 0.018750000000 start: 51 end: 107 0.000001 0.000003 0.000009 0.000022 0.000063 0.000100 0.000241 0.000459 0.000932 0.001612 0.002960 0.005099 0.008257 0.012533 0.018457 0.026105 0.034756 0.045212 0.055280 0.065432 0.073378 0.078800 0.081915 0.080920 0.077102 0.070665 0.061535 0.052140 0.041882 0.032142 0.023808 0.016997 0.011852 0.007720 0.004818 0.002936 0.001758 0.001061 0.000502 0.000261 0.000139 0.000067 0.000034 0.000024 0.000005 0.000002 0.000001 0.000001 0.000002 0.000000 0.000000 0.000000 0.000000 0.000000 0.000000 0.000000 0.000000 
t: 0.018181818182 start: 53 end: 110 0.000002 0.000008 0.000012 0.000043 0.000088 0.000188 0.000354 0.000680 0.001299 0.002256 0.004059 0.006640 0.010464 0.015358 0.021897 0.030268 0.039670 0.049645 0.059902 0.068616 0.075527 0.080190 0.080887 0.078885 0.074348 0.066087 0.057206 0.047420 0.037585 0.028539 0.020872 0.014924 0.009939 0.006469 0.004021 0.002511 0.001432 0.000811 0.000420 0.000233 0.000134 0.000053 0.000033 0.000013 0.000006 0.000002 0.000001 0.000001 0.000001 0.000001 0.000000 0.000000 0.000000 0.000000 0.000000 0.000000 0.000000 0.000000 
t: 0.017647058823 start: 53 end: 110 0.000001 0.000003 0.000006 0.000012 0.000021 0.000068 0.000119 0.000262 0.000568 0.001005 0.001875 0.003207 0.005407 0.008483 0.012968 0.018908 0.026246 0.034584 0.044530 0.054582 0.063602 0.071754 0.077713 0.080037 0.079978 0.076376 0.069641 0.061845 0.052477 0.042841 0.033206 0.025191 0.018215 0.012424 0.008463 0.005523 0.003265 0.002093 0.001165 0.000620 0.000355 0.000185 0.000088 0.000052 0.000024 0.000004 0.000003 0.000003 0.000000 0.000001 0.000001 0.000000 0.000000 0.000000 0.000000 0.000000 0.000000 0.000000 
t: 0.017142857143 start: 54 end: 110 0.000001 0.000000 0.000004 0.000013 0.000016 0.000045 0.000094 0.000212 0.000415 0.000800 0.001509 0.002617 0.004284 0.007155 0.010890 0.016193 0.022695 0.030560 0.039865 0.049483 0.059088 0.067903 0.074349 0.078452 0.080039 0.077741 0.072803 0.065822 0.056975 0.047333 0.037854 0.029220 0.021693 0.015424 0.010651 0.006944 0.004488 0.002772 0.001581 0.000945 0.000501 0.000278 0.000152 0.000078 0.000041 0.000012 0.000006 0.000002 0.000000 0.000001 0.000001 0.000000 0.000000 0.000000 0.000000 0.000000 0.000000 
t: 0.016666666667 start: 57 end: 113 0.000007 0.000004 0.000016 0.000032 0.000068 0.000166 0.000335 0.000681 0.001190 0.002167 0.003620 0.005968 0.009232 0.013808 0.019686 0.027175 0.035397 0.045135 0.054291 0.063689 0.071322 0.076370 0.079497 0.078354 0.075168 0.068804 0.060882 0.051626 0.042411 0.033233 0.025039 0.018469 0.013191 0.008680 0.005751 0.003516 0.002196 0.001279 0.000717 0.000395 0.000216 0.000114 0.000053 0.000035 0.000008 0.000001 0.000004 0.000000 0.000001 0.000000 0.000001 0.000000 0.000000 0.000000 0.000000 0.000000 0.000000 
t: 0.016216216216 start: 57 end: 115 0.000001 0.000001 0.000005 0.000013 0.000035 0.000051 0.000123 0.000260 0.000531 0.000999 0.001807 0.003058 0.004991 0.007971 0.011986 0.017134 0.023957 0.032071 0.040802 0.050021 0.059962 0.068079 0.073809 0.077466 0.078774 0.076541 0.071186 0.064056 0.055815 0.046275 0.037556 0.028604 0.021480 0.015475 0.010883 0.007083 0.004444 0.002896 0.001684 0.000934 0.000554 0.000308 0.000164 0.000080 0.000045 0.000016 0.000005 0.000003 0.000004 0.000001 0.000001 0.000000 0.000000 0.000000 0.000000 0.000000 0.000000 0.000000 0.000000 
t: 0.015789473684 start: 59 end: 116 0.000002 0.000001 0.000007 0.000019 0.000058 0.000101 0.000227 0.000409 0.000812 0.001507 0.002601 0.004227 0.006837 0.010361 0.015232 0.021293 0.028962 0.037132 0.046584 0.055900 0.064157 0.071099 0.075806 0.078432 0.077000 0.073520 0.066803 0.059311 0.050063 0.041101 0.032198 0.024350 0.018174 0.012868 0.008618 0.005549 0.003596 0.002213 0.001304 0.000694 0.000402 0.000236 0.000120 0.000055 0.000034 0.000015 0.000006 0.000001 0.000001 0.000002 0.000000 0.000000 0.000000 0.000000 0.000000 0.000000 0.000000 0.000000 
t: 0.015384615385 start: 62 end: 118 0.000009 0.000015 0.000047 0.000090 0.000175 0.000357 0.000665 0.001249 0.002276 0.003624 0.005973 0.009184 0.013354 0.019109 0.026093 0.034297 0.042970 0.052559 0.060453 0.068177 0.073878 0.077345 0.077475 0.074594 0.069330 0.062236 0.053318 0.044374 0.035465 0.027786 0.020443 0.014886 0.010364 0.006856 0.004375 0.002839 0.001684 0.000942 0.000514 0.000304 0.000148 0.000084 0.000044 0.000021 0.000005 0.000010 0.000001 0.000000 0.000002 0.000001 0.000000 0.000000 0.000000 0.000000 0.000000 0.000000 0.000000 
t: 0.015000000000 start: 62 end: 120 0.000002 0.000005 0.000013 0.000028 0.000086 0.000146 0.000304 0.000566 0.001068 0.001921 0.003215 0.005291 0.008024 0.011892 0.017278 0.023631 0.031346 0.040063 0.048911 0.057707 0.065320 0.071863 0.076258 0.077039 0.075138 0.070950 0.064493 0.056675 0.047405 0.038789 0.030549 0.023311 0.016809 0.012154 0.008150 0.005416 0.003361 0.002033 0.001281 0.000688 0.000399 0.000203 0.000112 0.000056 0.000023 0.000018 0.000004 0.000002 0.000001 0.000001 0.000002 0.000000 0.000000 0.000000 0.000000 0.000000 0.000000 0.000000 0.000000 
t: 0.014634146341 start: 62 end: 122 0.000001 0.000001 0.000004 0.000005 0.000022 0.000071 0.000136 0.000279 0.000452 0.000953 0.001715 0.002820 0.004534 0.007322 0.010796 0.015465 0.021515 0.028978 0.037076 0.046257 0.054172 0.062841 0.069882 0.074436 0.076040 0.075902 0.072519 0.066565 0.058839 0.050632 0.041908 0.033299 0.025596 0.019076 0.013873 0.009543 0.006360 0.004093 0.002538 0.001512 0.000925 0.000497 0.000262 0.000144 0.000072 0.000037 0.000016 0.000008 0.000005 0.000003 0.000001 0.000001 0.000001 0.000000 0.000000 0.000000 0.000000 0.000000 0.000000 0.000000 0.000000 
t: 0.014285714286 start: 64 end: 122 0.000001 0.000006 0.000009 0.000018 0.000056 0.000119 0.000213 0.000438 0.000785 0.001563 0.002514 0.004087 0.006391 0.009837 0.014093 0.019812 0.026687 0.034525 0.043394 0.051888 0.060032 0.067630 0.072721 0.075628 0.075815 0.073151 0.068510 0.061255 0.052876 0.044448 0.036026 0.027975 0.021409 0.015518 0.010887 0.007359 0.004863 0.003087 0.001898 0.001166 0.000623 0.000316 0.000202 0.000073 0.000049 0.000021 0.000014 0.000005 0.000003 0.000002 0.000002 0.000000 0.000000 0.000000 0.000000 0.000000 0.000000 0.000000 0.000000 
t: 0.013953488372 start: 65 end: 123 0.000002 0.000003 0.000008 0.000018 0.000051 0.000090 0.000212 0.000362 0.000748 0.001372 0.002192 0.003565 0.005930 0.008911 0.013204 0.018093 0.024847 0.032228 0.040752 0.049266 0.058146 0.065177 0.071088 0.074632 0.075586 0.073825 0.069678 0.062791 0.055651 0.047052 0.038464 0.030441 0.023082 0.017186 0.012391 0.008422 0.005558 0.003661 0.002270 0.001406 0.000737 0.000453 0.000234 0.000100 0.000050 0.000033 0.000018 0.000006 0.000003 0.000002 0.000003 0.000000 0.000000 0.000000 0.000000 0.000000 0.000000 0.000000 0.000000 
t: 0.013636363636 start: 66 end: 125 0.000001 0.000003 0.000005 0.000015 0.000043 0.000090 0.000170 0.000386 0.000664 0.001206 0.001975 0.003298 0.005458 0.008155 0.012040 0.017010 0.022923 0.030466 0.038477 0.047363 0.055657 0.063184 0.069451 0.073448 0.074975 0.073926 0.070611 0.064915 0.057645 0.049092 0.040472 0.032751 0.025206 0.018754 0.013696 0.009570 0.006312 0.004206 0.002665 0.001642 0.000950 0.000504 0.000310 0.000164 0.000069 0.000037 0.000019 0.000012 0.000003 0.000002 0.000003 0.000001 0.000000 0.000000 0.000000 0.000000 0.000000 0.000000 0.000000 0.000000 
t: 0.013333333333 start: 67 end: 125 0.000001 0.000003 0.000007 0.000017 0.000039 0.000081 0.000156 0.000338 0.000581 0.001066 0.001810 0.003096 0.005043 0.007508 0.011260 0.015865 0.021729 0.028634 0.036647 0.045335 0.053484 0.061055 0.068074 0.072169 0.074645 0.073668 0.070977 0.066136 0.059688 0.051063 0.042864 0.034274 0.027049 0.020569 0.014982 0.010717 0.007271 0.004644 0.003050 0.001889 0.001089 0.000675 0.000367 0.000202 0.000082 0.000053 0.000025 0.000012 0.000005 0.000005 0.000001 0.000000 0.000000 0.000000 0.000000 0.000000 0.000000 0.000000 0.000000 
t: 0.013043478261 start: 68 end: 126 0.000001 0.000001 0.000008 0.000016 0.000034 0.000064 0.000161 0.000314 0.000523 0.000946 0.001710 0.002904 0.004690 0.007060 0.010298 0.014973 0.020304 0.027530 0.035080 0.043290 0.051594 0.059389 0.066112 0.071277 0.074030 0.073632 0.071433 0.067250 0.061171 0.052665 0.044585 0.036388 0.028557 0.021951 0.016498 0.011706 0.007998 0.005354 0.003363 0.002146 0.001313 0.000761 0.000441 0.000236 0.000122 0.000059 0.000032 0.000018 0.000008 0.000003 0.000001 0.000000 0.000000 0.000000 0.000000 0.000000 0.000000 0.000000 0.000000 
t: 0.012765957447 start: 69 end: 127 0.000001 0.000004 0.000005 0.000015 0.000038 0.000075 0.000135 0.000233 0.000531 0.000933 0.001592 0.002630 0.004439 0.006706 0.009714 0.013829 0.019620 0.026320 0.033396 0.041814 0.049706 0.057930 0.064912 0.069772 0.073165 0.073866 0.071788 0.067924 0.061562 0.054462 0.046505 0.038082 0.030198 0.023451 0.017495 0.012748 0.008727 0.005997 0.003868 0.002383 0.001482 0.000849 0.000527 0.000269 0.000139 0.000088 0.000036 0.000021 0.000015 0.000001 0.000002 0.000000 0.000000 0.000000 0.000000 0.000000 0.000000 0.000000 0.000000 
t: 0.012500000000 start: 70 end: 128 0.000001 0.000003 0.000005 0.000016 0.000033 0.000058 0.000134 0.000253 0.000452 0.000922 0.001506 0.002486 0.004109 0.006287 0.009284 0.013227 0.018931 0.024931 0.032165 0.040483 0.048094 0.056301 0.063461 0.068802 0.072659 0.073090 0.072624 0.068206 0.062762 0.055530 0.047895 0.039640 0.031711 0.024822 0.018596 0.013617 0.009430 0.006520 0.004353 0.002657 0.001658 0.001018 0.000581 0.000310 0.000184 0.000099 0.000058 0.000017 0.000011 0.000006 0.000002 0.000000 0.000000 0.000000 0.000000 0.000000 0.000000 0.000000 0.000000 
t: 0.012244897959 start: 70 end: 128 0.000001 0.000000 0.000004 0.000003 0.000012 0.000030 0.000058 0.000126 0.000239 0.000460 0.000832 0.001423 0.002361 0.003944 0.005962 0.008812 0.012776 0.017896 0.024123 0.031269 0.039019 0.047089 0.055023 0.062025 0.067901 0.071750 0.072710 0.072428 0.069085 0.063410 0.056552 0.049224 0.041060 0.032871 0.025926 0.019743 0.014451 0.010303 0.007032 0.004706 0.002892 0.001934 0.001098 0.000659 0.000363 0.000203 0.000101 0.000063 0.000027 0.000016 0.000004 0.000001 0.000000 0.000000 0.000000 0.000000 0.000000 0.000000 0.000000 
t: 0.012000000000 start: 71 end: 131 0.000001 0.000001 0.000003 0.000003 0.000012 0.000026 0.000064 0.000119 0.000230 0.000458 0.000773 0.001395 0.002316 0.003695 0.005684 0.008630 0.012447 0.017219 0.023378 0.030114 0.038373 0.045844 0.053786 0.061227 0.066741 0.070702 0.072646 0.072148 0.069351 0.063867 0.057819 0.050002 0.042146 0.034141 0.026999 0.020612 0.015262 0.010987 0.007546 0.005020 0.003229 0.002097 0.001257 0.000743 0.000411 0.000223 0.000126 0.000069 0.000030 0.000016 0.000009 0.000002 0.000000 0.000001 0.000000 0.000000 0.000000 0.000000 0.000000 0.000000 0.000000 
t: 0.011764705882 start: 73 end: 132 0.000001 0.000003 0.000005 0.000010 0.000035 0.000058 0.000113 0.000239 0.000425 0.000798 0.001345 0.002238 0.003584 0.005557 0.008248 0.012066 0.016894 0.022771 0.029301 0.036991 0.045139 0.052844 0.060056 0.066246 0.070084 0.072347 0.071641 0.069410 0.064468 0.058411 0.051138 0.043182 0.035166 0.027821 0.021596 0.015969 0.011437 0.008028 0.005428 0.003498 0.002185 0.001376 0.000832 0.000463 0.000264 0.000148 0.000075 0.000035 0.000022 0.000004 0.000002 0.000003 0.000000 0.000000 0.000000 0.000000 0.000000 0.000000 0.000000 0.000000 
t: 0.011538461538 start: 73 end: 132 0.000001 0.000000 0.000002 0.000006 0.000016 0.000022 0.000070 0.000122 0.000233 0.000417 0.000779 0.001306 0.002181 0.003451 0.005622 0.007962 0.011773 0.016240 0.022267 0.028903 0.036200 0.044576 0.051776 0.059416 0.065516 0.069753 0.071398 0.071888 0.069002 0.064853 0.059128 0.051949 0.044096 0.036005 0.028481 0.022341 0.016571 0.011956 0.008248 0.005844 0.003703 0.002426 0.001471 0.000907 0.000529 0.000258 0.000170 0.000090 0.000040 0.000022 0.000007 0.000005 0.000002 0.000000 0.000000 0.000000 0.000000 0.000000 0.000000 0.000000 
t: 0.011320754717 start: 76 end: 134 0.000004 0.000004 0.000018 0.000023 0.000066 0.000132 0.000214 0.000433 0.000742 0.001298 0.002172 0.003381 0.005384 0.007945 0.011600 0.015964 0.021890 0.028387 0.035671 0.043246 0.051379 0.059265 0.064425 0.068982 0.071491 0.071702 0.069250 0.065010 0.059479 0.052158 0.044833 0.036621 0.029343 0.022933 0.017244 0.012304 0.008753 0.005888 0.004026 0.002546 0.001617 0.000934 0.000582 0.000288 0.000189 0.000092 0.000048 0.000024 0.000012 0.000007 0.000001 0.000000 0.000000 0.000000 0.000000 0.000000 0.000000 0.000000 0.000000 
t: 0.011111111111 start: 77 end: 136 0.000004 0.000004 0.000014 0.000031 0.000064 0.000117 0.000225 0.000423 0.000726 0.001302 0.002206 0.003451 0.005203 0.007872 0.011476 0.015900 0.021580 0.028093 0.035142 0.042831 0.050789 0.058225 0.064048 0.068448 0.071148 0.071401 0.069687 0.065375 0.059255 0.052511 0.045282 0.037297 0.030025 0.023463 0.017557 0.012743 0.009091 0.006081 0.004135 0.002701 0.001704 0.001020 0.000607 0.000329 0.000202 0.000105 0.000056 0.000030 0.000010 0.000006 0.000003 0.000002 0.000000 0.000000 0.000000 0.000000 0.000000 0.000000 0.000000 0.000000 
t: 0.010909090909 start: 77 end: 137 0.000001 0.000001 0.000009 0.000013 0.000031 0.000074 0.000112 0.000227 0.000422 0.000755 0.001304 0.002175 0.003484 0.005113 0.007935 0.011247 0.015843 0.021479 0.027614 0.034922 0.042458 0.050714 0.057479 0.063673 0.067795 0.071046 0.071047 0.069772 0.064824 0.059878 0.053058 0.045418 0.037785 0.030346 0.023821 0.017954 0.013168 0.009185 0.006369 0.004302 0.002841 0.001818 0.001086 0.000609 0.000348 0.000199 0.000132 0.000057 0.000034 0.000007 0.000010 0.000004 0.000002 0.000000 0.000000 0.000000 0.000000 0.000000 0.000000 0.000000 0.000000 
t: 0.010714285714 start: 79 end: 138 0.000005 0.000010 0.000008 0.000034 0.000070 0.000128 0.000222 0.000447 0.000774 0.001312 0.002164 0.003388 0.005309 0.007784 0.011468 0.015734 0.021246 0.027376 0.034778 0.043089 0.049728 0.057129 0.063192 0.067992 0.070332 0.071017 0.069030 0.065306 0.060098 0.053162 0.045410 0.037881 0.030749 0.023923 0.018443 0.013358 0.009492 0.006552 0.004480 0.002951 0.001846 0.001124 0.000626 0.000380 0.000222 0.000115 0.000057 0.000032 0.000014 0.000006 0.000003 0.000004 0.000000 0.000000 0.000000 0.000000 0.000000 0.000000 0.000000 0.000000 
t: 0.010526315789 start: 79 end: 140 0.000001 0.000001 0.000008 0.000020 0.000035 0.000073 0.000122 0.000252 0.000456 0.000772 0.001318 0.002189 0.003529 0.005302 0.007820 0.011509 0.015969 0.021027 0.027395 0.034800 0.042490 0.050107 0.056924 0.062745 0.067945 0.069617 0.070876 0.069063 0.065284 0.059778 0.053365 0.045441 0.038039 0.030822 0.024347 0.018570 0.013371 0.009724 0.006755 0.004578 0.002965 0.001879 0.001178 0.000674 0.000419 0.000190 0.000141 0.000061 0.000026 0.000013 0.000005 0.000008 0.000001 0.000001 0.000000 0.000000 0.000000 0.000000 0.000000 0.000000 0.000000 0.000000 
t: 0.010344827586 start: 79 end: 140 0.000001 0.000001 0.000000 0.000012 0.000014 0.000047 0.000075 0.000123 0.000278 0.000465 0.000786 0.001352 0.002214 0.003569 0.005393 0.008009 0.011512 0.016021 0.021114 0.027743 0.034700 0.042383 0.050153 0.056787 0.063178 0.067081 0.069640 0.070130 0.068841 0.065370 0.059669 0.053011 0.045950 0.038076 0.030817 0.024388 0.018606 0.013603 0.009712 0.006937 0.004557 0.002968 0.001953 0.001160 0.000727 0.000385 0.000224 0.000142 0.000073 0.000021 0.000013 0.000009 0.000004 0.000002 0.000000 0.000000 0.000000 0.000001 0.000000 0.000000 0.000000 0.000000 
t: 0.010169491525 start: 80 end: 141 0.000001 0.000000 0.000003 0.000009 0.000027 0.000037 0.000077 0.000160 0.000267 0.000494 0.000833 0.001358 0.002241 0.003674 0.005535 0.008220 0.011781 0.015911 0.021654 0.027981 0.034883 0.042696 0.049811 0.056815 0.062729 0.067059 0.069765 0.069689 0.068385 0.065277 0.059576 0.052950 0.045587 0.038103 0.030987 0.024116 0.018571 0.013627 0.009875 0.006833 0.004637 0.002998 0.001932 0.001257 0.000695 0.000373 0.000247 0.000148 0.000065 0.000025 0.000010 0.000007 0.000007 0.000001 0.000000 0.000000 0.000000 0.000000 0.000001 0.000000 0.000000 0.000000 
t: 0.010000000000 start: 83 end: 144 0.000005 0.000009 0.000024 0.000033 0.000087 0.000172 0.000306 0.000478 0.000903 0.001387 0.002358 0.003769 0.005726 0.008279 0.012054 0.016314 0.021895 0.027920 0.035542 0.042654 0.050240 0.056802 0.062637 0.067045 0.069310 0.069721 0.068593 0.064633 0.059110 0.052648 0.045603 0.037905 0.030484 0.024132 0.018403 0.013712 0.009815 0.006894 0.004646 0.002984 0.001952 0.001194 0.000708 0.000396 0.000251 0.000147 0.000062 0.000024 0.000017 0.000011 0.000003 0.000001 0.000001 0.000000 0.000000 0.000000 0.000001 0.000000 0.000000 0.000000 0.000000 0.000000 
t: 0.008448275866 start: 90 end: 154 0.000001 0.000003 0.000004 0.000007 0.000028 0.000033 0.000056 0.000150 0.000259 0.000434 0.000787 0.001192 0.002004 0.003158 0.004680 0.006953 0.009801 0.013635 0.018394 0.024078 0.030518 0.037325 0.044053 0.051044 0.057578 0.062479 0.065978 0.067829 0.068466 0.065778 0.062043 0.056823 0.050729 0.043234 0.036457 0.029594 0.023449 0.018060 0.013370 0.009715 0.006864 0.004720 0.003086 0.002063 0.001305 0.000795 0.000442 0.000273 0.000135 0.000065 0.000032 0.000019 0.000012 0.000007 0.000001 0.000001 0.000000 0.000001 0.000000 0.000000 0.000000 0.000000 0.000000 0.000000 0.000000 
t: 0.007313432839 start: 98 end: 162 0.000001 0.000001 0.000008 0.000011 0.000026 0.000037 0.000069 0.000157 0.000210 0.000412 0.000747 0.001218 0.001902 0.003039 0.004437 0.006542 0.009483 0.013004 0.017097 0.022366 0.028578 0.034863 0.041621 0.048576 0.054666 0.060493 0.063610 0.066384 0.067635 0.065540 0.062633 0.057917 0.052409 0.045779 0.038907 0.032441 0.025811 0.020003 0.015644 0.011403 0.008233 0.005686 0.003824 0.002513 0.001625 0.001042 0.000630 0.000350 0.000179 0.000118 0.000062 0.000026 0.000016 0.000009 0.000004 0.000002 0.000000 0.000001 0.000000 0.000000 0.000000 0.000000 0.000000 0.000000 0.000000 
t: 0.006447368423 start: 102 end: 168 0.000001 0.000000 0.000000 0.000001 0.000001 0.000009 0.000010 0.000019 0.000038 0.000077 0.000120 0.000255 0.000468 0.000700 0.001246 0.001837 0.002922 0.004362 0.006453 0.009074 0.012450 0.016473 0.021689 0.027261 0.033574 0.040155 0.046813 0.053077 0.058711 0.062972 0.065533 0.066277 0.065418 0.063291 0.058807 0.053161 0.046926 0.040175 0.033991 0.027399 0.021670 0.016411 0.012607 0.009096 0.006396 0.004461 0.002918 0.001810 0.001184 0.000722 0.000436 0.000273 0.000107 0.000075 0.000042 0.000023 0.000011 0.000007 0.000003 0.000001 0.000001 0.000000 0.000000 0.000000 0.000000 0.000000 0.000000 
t: 0.005764705884 start: 107 end: 172 0.000001 0.000000 0.000000 0.000000 0.000001 0.000002 0.000001 0.000012 0.000016 0.000035 0.000062 0.000128 0.000236 0.000390 0.000656 0.001106 0.001778 0.002668 0.004053 0.005895 0.008196 0.011583 0.015521 0.020093 0.025615 0.032067 0.038312 0.044780 0.050799 0.056783 0.061452 0.064214 0.066245 0.065864 0.063327 0.060032 0.054918 0.049002 0.042511 0.035736 0.029447 0.023259 0.018269 0.013575 0.010176 0.007158 0.005064 0.003396 0.002142 0.001425 0.000808 0.000517 0.000293 0.000173 0.000097 0.000052 0.000034 0.000013 0.000005 0.000003 0.000004 0.000000 0.000000 0.000000 0.000000 0.000000 
t: 0.005212765959 start: 117 end: 180 0.000001 0.000009 0.000004 0.000017 0.000023 0.000050 0.000086 0.000158 0.000308 0.000536 0.000915 0.001347 0.002224 0.003329 0.004742 0.007066 0.009738 0.013368 0.017408 0.022535 0.028549 0.034888 0.041350 0.047830 0.053856 0.059052 0.062638 0.065070 0.065946 0.064412 0.061946 0.057610 0.052821 0.045924 0.039443 0.032839 0.026853 0.020742 0.015950 0.012062 0.008734 0.006144 0.004175 0.002782 0.001788 0.001143 0.000684 0.000421 0.000217 0.000128 0.000059 0.000037 0.000027 0.000009 0.000004 0.000003 0.000000 0.000000 0.000000 0.000000 0.000000 0.000000 0.000000 0.000000 
t: 0.004757281555 start: 122 end: 185 0.000001 0.000001 0.000008 0.000012 0.000028 0.000046 0.000103 0.000201 0.000361 0.000520 0.000926 0.001485 0.002261 0.003389 0.004872 0.007160 0.010110 0.013607 0.018021 0.023052 0.029009 0.035355 0.041950 0.048382 0.053953 0.058783 0.063018 0.065786 0.066130 0.064406 0.061372 0.057533 0.051783 0.045544 0.039220 0.032440 0.026184 0.020430 0.015559 0.011773 0.008309 0.005937 0.004071 0.002609 0.001746 0.001031 0.000681 0.000368 0.000226 0.000124 0.000060 0.000033 0.000020 0.000008 0.000000 0.000002 0.000001 0.000000 0.000000 0.000000 0.000000 0.000000 0.000000 0.000000 
t: 0.004375000001 start: 124 end: 189 0.000001 0.000000 0.000001 0.000001 0.000005 0.000010 0.000022 0.000048 0.000079 0.000130 0.000271 0.000445 0.000761 0.001175 0.001846 0.002921 0.004377 0.006219 0.008856 0.012013 0.016168 0.021028 0.026650 0.032204 0.038960 0.046164 0.051648 0.057329 0.061906 0.065419 0.065914 0.065187 0.063459 0.059235 0.054308 0.048527 0.041303 0.034818 0.028776 0.022648 0.017251 0.013103 0.009464 0.006639 0.004590 0.003054 0.001967 0.001285 0.000781 0.000477 0.000244 0.000152 0.000091 0.000032 0.000020 0.000011 0.000003 0.000003 0.000001 0.000000 0.000000 0.000000 0.000000 0.000000 0.000000 0.000000 
t: 0.004049586778 start: 128 end: 193 0.000001 0.000001 0.000002 0.000001 0.000003 0.000014 0.000031 0.000040 0.000071 0.000144 0.000253 0.000478 0.000711 0.001202 0.001897 0.002835 0.004346 0.006348 0.008987 0.012096 0.016287 0.021093 0.026785 0.033044 0.039313 0.045699 0.052375 0.057867 0.062625 0.064856 0.066246 0.065413 0.063444 0.059504 0.054446 0.048228 0.041066 0.034513 0.028095 0.022234 0.016924 0.012776 0.009207 0.006376 0.004373 0.003027 0.001842 0.001219 0.000712 0.000408 0.000269 0.000125 0.000073 0.000042 0.000013 0.000012 0.000004 0.000004 0.000000 0.000000 0.000000 0.000000 0.000000 0.000000 0.000000 0.000000 
t: 0.003769230770 start: 134 end: 196 0.000003 0.000005 0.000005 0.000013 0.000031 0.000047 0.000102 0.000183 0.000321 0.000558 0.000936 0.001343 0.002266 0.003408 0.005012 0.007146 0.010176 0.013943 0.018158 0.023129 0.029221 0.035911 0.042192 0.048883 0.055024 0.060181 0.064135 0.065631 0.066391 0.064900 0.062606 0.057698 0.051603 0.045318 0.038337 0.031563 0.025474 0.019541 0.014895 0.010901 0.007732 0.005417 0.003657 0.002436 0.001493 0.000901 0.000485 0.000310 0.000195 0.000091 0.000053 0.000023 0.000011 0.000004 0.000002 0.000000 0.000000 0.000000 0.000000 0.000000 0.000000 0.000000 0.000000 
t: 0.003525179857 start: 135 end: 200 0.000001 0.000001 0.000001 0.000005 0.000004 0.000012 0.000026 0.000058 0.000071 0.000157 0.000284 0.000470 0.000779 0.001251 0.001932 0.003099 0.004456 0.006536 0.009297 0.012586 0.016660 0.021959 0.027559 0.034054 0.040922 0.047258 0.053597 0.059116 0.063268 0.066052 0.066729 0.066514 0.063729 0.059292 0.053401 0.046659 0.039967 0.033149 0.026818 0.020764 0.015858 0.011500 0.008345 0.005645 0.003879 0.002449 0.001570 0.000990 0.000555 0.000342 0.000185 0.000096 0.000049 0.000024 0.000013 0.000004 0.000002 0.000001 0.000000 0.000000 0.000000 0.000000 0.000000 0.000000 0.000000 0.000000 
t: 0.003310810811 start: 140 end: 202 0.000002 0.000004 0.000008 0.000010 0.000023 0.000048 0.000079 0.000166 0.000259 0.000484 0.000767 0.001223 0.001902 0.002930 0.004530 0.006538 0.009228 0.012502 0.016820 0.021970 0.027627 0.034141 0.041180 0.047788 0.054196 0.059773 0.063741 0.066694 0.067466 0.066275 0.063700 0.059239 0.053594 0.046686 0.039668 0.032855 0.026289 0.020318 0.015385 0.011154 0.007849 0.005454 0.003692 0.002251 0.001454 0.000898 0.000509 0.000319 0.000154 0.000076 0.000045 0.000017 0.000011 0.000007 0.000002 0.000000 0.000000 0.000000 0.000000 0.000000 0.000000 0.000000 0.000000 
t: 0.003121019109 start: 140 end: 204 0.000001 0.000000 0.000003 0.000001 0.000001 0.000004 0.000019 0.000030 0.000041 0.000092 0.000177 0.000285 0.000519 0.000832 0.001365 0.002103 0.003322 0.004766 0.007226 0.009866 0.013597 0.017965 0.023427 0.029434 0.035788 0.043326 0.050167 0.056080 0.061640 0.064981 0.067265 0.067858 0.066110 0.062842 0.058092 0.051821 0.044987 0.037547 0.030668 0.024154 0.018554 0.013942 0.009842 0.006914 0.004561 0.003117 0.001877 0.001157 0.000705 0.000438 0.000242 0.000130 0.000067 0.000027 0.000014 0.000009 0.000001 0.000001 0.000000 0.000000 0.000000 0.000000 0.000000 0.000000 0.000000 
t: 0.002951807229 start: 141 end: 207 0.000001 0.000000 0.000001 0.000001 0.000001 0.000002 0.000005 0.000009 0.000009 0.000051 0.000074 0.000123 0.000197 0.000376 0.000630 0.001000 0.001698 0.002558 0.003876 0.005819 0.008218 0.011519 0.015503 0.020503 0.026040 0.032714 0.039688 0.046784 0.053683 0.058987 0.063861 0.067288 0.068361 0.067357 0.065141 0.061063 0.055355 0.048453 0.041086 0.033776 0.027145 0.021181 0.015905 0.011387 0.008037 0.005396 0.003513 0.002290 0.001405 0.000821 0.000491 0.000311 0.000142 0.000081 0.000053 0.000021 0.000006 0.000002 0.000001 0.000001 0.000000 0.000000 0.000000 0.000000 0.000000 0.000000 0.000000 
t: 0.002800000000 start: 144 end: 208 0.000001 0.000000 0.000001 0.000001 0.000001 0.000003 0.000008 0.000013 0.000024 0.000053 0.000101 0.000149 0.000310 0.000502 0.000870 0.001386 0.002196 0.003348 0.005054 0.007280 0.010268 0.013886 0.018806 0.024139 0.030573 0.037564 0.044708 0.051303 0.057785 0.063078 0.067120 0.068892 0.068697 0.066597 0.063017 0.057283 0.050502 0.043239 0.035908 0.028855 0.022746 0.016965 0.012293 0.008585 0.005790 0.004039 0.002477 0.001484 0.000904 0.000550 0.000331 0.000142 0.000092 0.000047 0.000017 0.000013 0.000003 0.000000 0.000000 0.000001 0.000000 0.000000 0.000000 0.000000 0.000000 
t: 0.002663043479 start: 148 end: 211 0.000001 0.000001 0.000001 0.000003 0.000007 0.000017 0.000024 0.000048 0.000086 0.000137 0.000251 0.000448 0.000751 0.001260 0.001924 0.003185 0.004660 0.006762 0.009684 0.013214 0.017880 0.023502 0.029490 0.036795 0.043548 0.050556 0.057119 0.063054 0.067162 0.069491 0.069208 0.067495 0.063753 0.058393 0.051687 0.044136 0.036924 0.029701 0.022978 0.017364 0.012566 0.008832 0.005939 0.003974 0.002399 0.001517 0.000944 0.000514 0.000288 0.000174 0.000085 0.000040 0.000014 0.000006 0.000004 0.000004 0.000000 0.000000 0.000000 0.000000 0.000000 0.000000 0.000000 0.000000 
t: 0.002538860104 start: 151 end: 213 0.000002 0.000002 0.000006 0.000005 0.000008 0.000023 0.000048 0.000091 0.000143 0.000242 0.000441 0.000711 0.001177 0.001903 0.003069 0.004660 0.006578 0.009590 0.013070 0.017873 0.023302 0.029577 0.036551 0.043975 0.051246 0.057610 0.063624 0.067608 0.070146 0.070090 0.068079 0.063424 0.058148 0.051787 0.044284 0.036570 0.029288 0.022658 0.017040 0.012132 0.008372 0.005651 0.003655 0.002297 0.001437 0.000819 0.000468 0.000254 0.000147 0.000067 0.000023 0.000018 0.000007 0.000003 0.000001 0.000000 0.000000 0.000000 0.000000 0.000000 0.000000 0.000000 0.000000 
t: 0.002425742574 start: 153 end: 215 0.000002 0.000002 0.000003 0.000004 0.000014 0.000025 0.000040 0.000085 0.000165 0.000234 0.000467 0.000753 0.001186 0.001958 0.003150 0.004729 0.006860 0.009823 0.013891 0.018292 0.024268 0.030472 0.037910 0.045212 0.052353 0.058936 0.064900 0.069006 0.070652 0.070315 0.067575 0.063415 0.057531 0.050799 0.042728 0.035347 0.028034 0.021174 0.015872 0.011160 0.007735 0.004961 0.003324 0.002004 0.001182 0.000678 0.000369 0.000211 0.000112 0.000044 0.000015 0.000015 0.000004 0.000003 0.000000 0.000001 0.000000 0.000000 0.000000 0.000000 0.000000 0.000000 0.000000 
t: 0.002322274882 start: 156 end: 217 0.000003 0.000002 0.000010 0.000009 0.000028 0.000047 0.000085 0.000180 0.000318 0.000468 0.000777 0.001376 0.002181 0.003368 0.005102 0.007605 0.010683 0.014710 0.019709 0.025572 0.032423 0.039988 0.047577 0.054561 0.061416 0.066763 0.070103 0.071102 0.070042 0.067428 0.062527 0.056018 0.048406 0.040737 0.032607 0.025662 0.019355 0.013965 0.009781 0.006717 0.004306 0.002610 0.001652 0.000933 0.000505 0.000312 0.000147 0.000067 0.000035 0.000012 0.000004 0.000003 0.000000 0.000002 0.000000 0.000001 0.000000 0.000000 0.000000 0.000000 0.000000 0.000000 
t: 0.002227272727 start: 157 end: 218 0.000001 0.000002 0.000001 0.000008 0.000021 0.000038 0.000052 0.000117 0.000200 0.000317 0.000565 0.000958 0.001599 0.002460 0.003917 0.005762 0.008576 0.011931 0.016247 0.021732 0.028343 0.034988 0.042979 0.050838 0.057628 0.064220 0.068525 0.071232 0.071592 0.070177 0.066388 0.060447 0.052679 0.045520 0.037109 0.029842 0.022718 0.016852 0.011766 0.008230 0.005369 0.003375 0.002063 0.001201 0.000664 0.000375 0.000184 0.000110 0.000047 0.000021 0.000010 0.000000 0.000002 0.000001 0.000000 0.000001 0.000000 0.000000 0.000000 0.000000 0.000000 0.000000 
t: 0.002139737991 start: 157 end: 218 0.000001 0.000000 0.000000 0.000003 0.000003 0.000007 0.000018 0.000045 0.000091 0.000139 0.000228 0.000410 0.000696 0.001178 0.001937 0.003018 0.004632 0.006916 0.009852 0.013588 0.018788 0.024564 0.031495 0.038878 0.046662 0.054596 0.061879 0.066754 0.070641 0.072290 0.072066 0.069179 0.063621 0.056930 0.049463 0.041275 0.033396 0.025790 0.019217 0.013901 0.009575 0.006412 0.004142 0.002496 0.001456 0.000832 0.000436 0.000251 0.000151 0.000057 0.000025 0.000015 0.000001 0.000001 0.000002 0.000001 0.000000 0.000000 0.000000 0.000000 0.000000 0.000000 
t: 0.002058823530 start: 159 end: 219 0.000001 0.000000 0.000001 0.000001 0.000006 0.000011 0.000027 0.000062 0.000102 0.000168 0.000321 0.000535 0.000916 0.001510 0.002443 0.003689 0.005779 0.008359 0.011593 0.016369 0.022034 0.028260 0.035710 0.043603 0.051420 0.059117 0.065288 0.070053 0.072749 0.072900 0.070878 0.066362 0.060151 0.053312 0.044760 0.036252 0.028361 0.021608 0.015718 0.010818 0.007365 0.004691 0.002886 0.001695 0.001019 0.000513 0.000298 0.000159 0.000070 0.000035 0.000014 0.000002 0.000004 0.000002 0.000000 0.000000 0.000000 0.000000 0.000000 0.000000 0.000000 
t: 0.001983805668 start: 161 end: 220 0.000001 0.000001 0.000000 0.000001 0.000010 0.000017 0.000043 0.000077 0.000140 0.000251 0.000431 0.000741 0.001203 0.001995 0.003060 0.005021 0.007021 0.010345 0.014480 0.019619 0.025980 0.033308 0.041046 0.048855 0.056710 0.063740 0.069524 0.072515 0.073832 0.072689 0.068272 0.062907 0.055719 0.047531 0.038905 0.030749 0.023427 0.017103 0.011910 0.008151 0.005265 0.003101 0.001947 0.001114 0.000630 0.000302 0.000171 0.000092 0.000032 0.000008 0.000005 0.000002 0.000001 0.000000 0.000000 0.000000 0.000000 0.000000 0.000000 0.000000 
t: 0.001914062500 start: 163 end: 220 0.000002 0.000000 0.000001 0.000002 0.000019 0.000026 0.000065 0.000117 0.000203 0.000347 0.000614 0.001034 0.001754 0.002626 0.004206 0.006318 0.009279 0.013124 0.017939 0.023995 0.031364 0.039110 0.047098 0.055134 0.062125 0.068451 0.072564 0.074519 0.073792 0.070251 0.064905 0.057705 0.049658 0.041010 0.032365 0.024879 0.018237 0.013077 0.008566 0.005493 0.003522 0.002059 0.001180 0.000610 0.000338 0.000183 0.000088 0.000020 0.000014 0.000008 0.000004 0.000000 0.000000 0.000000 0.000000 0.000000 0.000000 0.000000 
t: 0.001849056604 start: 164 end: 221 0.000001 0.000001 0.000000 0.000006 0.000014 0.000028 0.000042 0.000100 0.000185 0.000304 0.000524 0.000897 0.001463 0.002439 0.003680 0.005715 0.008404 0.012232 0.016881 0.022801 0.029564 0.037461 0.045367 0.053947 0.061430 0.068010 0.072517 0.075101 0.074776 0.071441 0.066219 0.059289 0.051546 0.042327 0.033900 0.025798 0.019117 0.013320 0.009054 0.005762 0.003730 0.002133 0.001193 0.000630 0.000328 0.000195 0.000082 0.000021 0.000015 0.000005 0.000005 0.000000 0.000000 0.000000 0.000000 0.000000 0.000000 0.000000 
t: 0.001788321168 start: 166 end: 222 0.000001 0.000000 0.000004 0.000012 0.000022 0.000042 0.000090 0.000152 0.000299 0.000480 0.000761 0.001343 0.002118 0.003488 0.005177 0.007867 0.011415 0.016035 0.021875 0.028685 0.036447 0.044675 0.053077 0.060777 0.067678 0.072589 0.075491 0.075821 0.072584 0.067356 0.060560 0.052367 0.043404 0.034499 0.026314 0.019540 0.013737 0.009064 0.005873 0.003656 0.002186 0.001190 0.000628 0.000347 0.000168 0.000060 0.000028 0.000007 0.000008 0.000003 0.000000 0.000000 0.000000 0.000000 0.000000 0.000000 0.000000 
t: 0.001731448763 start: 167 end: 223 0.000001 0.000000 0.000004 0.000010 0.000019 0.000044 0.000069 0.000137 0.000258 0.000441 0.000712 0.001253 0.002035 0.003155 0.005009 0.007578 0.011009 0.015430 0.021309 0.027884 0.036003 0.044177 0.052600 0.060572 0.067749 0.073189 0.075806 0.076333 0.073502 0.068385 0.061078 0.053054 0.043757 0.035087 0.026570 0.019327 0.013515 0.009127 0.005789 0.003610 0.002134 0.001119 0.000604 0.000318 0.000136 0.000060 0.000021 0.000013 0.000006 0.000002 0.000000 0.000000 0.000000 0.000000 0.000000 0.000000 0.000000 
t: 0.001678082192 start: 169 end: 225 0.000002 0.000006 0.000006 0.000010 0.000041 0.000074 0.000131 0.000218 0.000411 0.000730 0.001205 0.001865 0.003107 0.004827 0.007319 0.010787 0.015292 0.021095 0.027755 0.035364 0.044397 0.052653 0.061072 0.068232 0.073386 0.076474 0.076941 0.074293 0.068600 0.061563 0.052936 0.044043 0.035016 0.026059 0.018990 0.013204 0.008733 0.005673 0.003437 0.001988 0.001034 0.000556 0.000284 0.000114 0.000046 0.000014 0.000012 0.000003 0.000002 0.000000 0.000000 0.000000 0.000000 0.000000 0.000000 0.000000 0.000000 
t: 0.001627906977 start: 170 end: 226 0.000001 0.000006 0.000003 0.000010 0.000035 0.000065 0.000116 0.000236 0.000392 0.000694 0.001093 0.001934 0.003001 0.004906 0.007255 0.010769 0.015357 0.020865 0.027806 0.036059 0.044688 0.053136 0.061837 0.068571 0.074202 0.077279 0.077540 0.074443 0.069173 0.061302 0.052419 0.043573 0.034222 0.025577 0.018311 0.012657 0.008297 0.005330 0.003198 0.001815 0.000956 0.000483 0.000230 0.000092 0.000035 0.000018 0.000011 0.000001 0.000001 0.000000 0.000000 0.000000 0.000000 0.000000 0.000000 0.000000 0.000000 
t: 0.001580645161 start: 171 end: 226 0.000001 0.000003 0.000008 0.000015 0.000028 0.000064 0.000119 0.000213 0.000388 0.000670 0.001168 0.001886 0.003121 0.004809 0.007374 0.010955 0.015411 0.021482 0.028399 0.036451 0.045279 0.054380 0.062753 0.070119 0.074938 0.077991 0.077762 0.074746 0.068867 0.060962 0.051683 0.042570 0.032878 0.024623 0.017383 0.011922 0.007661 0.004901 0.002818 0.001621 0.000861 0.000409 0.000174 0.000083 0.000024 0.000019 0.000005 0.000003 0.000000 0.000000 0.000000 0.000000 0.000000 0.000000 0.000000 0.000000 
t: 0.001536050157 start: 173 end: 226 0.000003 0.000007 0.000022 0.000034 0.000065 0.000109 0.000231 0.000377 0.000677 0.001166 0.001918 0.003206 0.005082 0.007569 0.011149 0.016004 0.022112 0.029269 0.037797 0.046360 0.055608 0.064387 0.071017 0.076455 0.078566 0.077812 0.074635 0.068526 0.060134 0.050482 0.040974 0.031470 0.023049 0.016503 0.010833 0.006976 0.004306 0.002490 0.001403 0.000658 0.000313 0.000149 0.000057 0.000023 0.000012 0.000005 0.000000 0.000000 0.000000 0.000000 0.000000 0.000000 0.000000 0.000000 
t: 0.001493902439 start: 173 end: 228 0.000001 0.000001 0.000008 0.000018 0.000045 0.000068 0.000126 0.000224 0.000406 0.000709 0.001227 0.002008 0.003310 0.005307 0.007922 0.011733 0.016787 0.023029 0.030821 0.038945 0.047882 0.057572 0.065922 0.072763 0.077361 0.079345 0.078201 0.074448 0.067398 0.058414 0.048967 0.039181 0.029406 0.021734 0.014795 0.009827 0.006220 0.003690 0.002068 0.001124 0.000536 0.000272 0.000105 0.000053 0.000009 0.000006 0.000005 0.000001 0.000000 0.000000 0.000000 0.000000 0.000000 0.000000 0.000000 0.000000 
t: 0.001454005935 start: 175 end: 229 0.000001 0.000010 0.000020 0.000043 0.000075 0.000136 0.000246 0.000432 0.000766 0.001268 0.002148 0.003561 0.005667 0.008440 0.012442 0.017848 0.024394 0.032416 0.040652 0.050069 0.059527 0.068150 0.074142 0.078877 0.080218 0.078327 0.073332 0.065588 0.056652 0.046978 0.036636 0.027754 0.019454 0.013340 0.008564 0.005444 0.003111 0.001646 0.000888 0.000404 0.000202 0.000087 0.000026 0.000012 0.000004 0.000001 0.000002 0.000000 0.000000 0.000000 0.000000 0.000000 0.000000 0.000000 0.000000 
t: 0.001416184971 start: 176 end: 230 0.000006 0.000010 0.000018 0.000041 0.000072 0.000153 0.000287 0.000495 0.000821 0.001380 0.002366 0.003893 0.006127 0.009022 0.013485 0.019136 0.026235 0.033975 0.043195 0.052405 0.062136 0.069709 0.076616 0.080050 0.080566 0.078128 0.071843 0.063790 0.054324 0.044019 0.034299 0.025237 0.017441 0.011767 0.007408 0.004468 0.002519 0.001311 0.000674 0.000341 0.000151 0.000052 0.000017 0.000008 0.000002 0.000001 0.000000 0.000001 0.000000 0.000000 0.000000 0.000000 0.000000 0.000000 0.000000 
t: 0.001380281690 start: 176 end: 230 0.000002 0.000006 0.000008 0.000022 0.000043 0.000087 0.000171 0.000295 0.000558 0.000874 0.001531 0.002677 0.004359 0.006609 0.009961 0.014781 0.020692 0.027945 0.036526 0.045785 0.055434 0.064697 0.072291 0.078506 0.081174 0.080858 0.077214 0.070128 0.061265 0.051355 0.041189 0.031210 0.022598 0.015444 0.009909 0.006310 0.003578 0.001986 0.001027 0.000510 0.000224 0.000095 0.000040 0.000021 0.000002 0.000002 0.000000 0.000001 0.000000 0.000000 0.000000 0.000000 0.000000 0.000000 0.000000 
t: 0.001346153846 start: 176 end: 230 0.000002 0.000000 0.000005 0.000014 0.000025 0.000040 0.000100 0.000195 0.000359 0.000607 0.000982 0.001792 0.003027 0.004836 0.007372 0.011131 0.016099 0.022689 0.030266 0.039314 0.048872 0.058484 0.067269 0.075429 0.080194 0.082274 0.080425 0.075712 0.067941 0.058354 0.048168 0.037713 0.028023 0.019856 0.013195 0.008482 0.005057 0.002785 0.001506 0.000777 0.000372 0.000159 0.000054 0.000028 0.000013 0.000001 0.000001 0.000001 0.000000 0.000000 0.000000 0.000000 0.000000 0.000000 0.000000 
t: 0.001313672922 start: 177 end: 231 0.000001 0.000002 0.000005 0.000010 0.000032 0.000061 0.000106 0.000225 0.000410 0.000705 0.001183 0.002050 0.003458 0.005440 0.008261 0.012580 0.017978 0.024937 0.033153 0.042153 0.052372 0.061896 0.070347 0.078093 0.082157 0.082627 0.079729 0.073281 0.065290 0.054998 0.044447 0.033991 0.024725 0.016946 0.011265 0.006891 0.003941 0.002114 0.001174 0.000564 0.000235 0.000104 0.000034 0.000022 0.000004 0.000002 0.000001 0.000000 0.000000 0.000000 0.000000 0.000000 0.000000 0.000000 0.000000 
t: 0.001282722513 start: 178 end: 232 0.000003 0.000003 0.000006 0.000015 0.000035 0.000067 0.000126 0.000273 0.000490 0.000800 0.001366 0.002414 0.003931 0.006251 0.009534 0.014245 0.020197 0.027485 0.036214 0.045939 0.055899 0.065571 0.074002 0.080037 0.083500 0.082575 0.078252 0.071295 0.061607 0.051429 0.040160 0.029785 0.021395 0.014507 0.009126 0.005358 0.003020 0.001612 0.000829 0.000381 0.000174 0.000049 0.000028 0.000010 0.000003 0.000001 0.000001 0.000000 0.000000 0.000000 0.000000 0.000000 0.000000 0.000000 0.000000 
t: 0.001253196931 start: 178 end: 232 0.000001 0.000005 0.000003 0.000009 0.000019 0.000041 0.000075 0.000166 0.000312 0.000565 0.000926 0.001677 0.002769 0.004682 0.007206 0.011080 0.016280 0.022645 0.030616 0.039828 0.049708 0.059947 0.070068 0.076821 0.082517 0.083954 0.081863 0.076373 0.067660 0.058016 0.046714 0.035638 0.026148 0.018214 0.011772 0.007215 0.004115 0.002233 0.001132 0.000597 0.000232 0.000096 0.000035 0.000020 0.000005 0.000001 0.000001 0.000000 0.000000 0.000000 0.000000 0.000000 0.000000 0.000000 0.000000 
t: 0.001225000000 start: 179 end: 232 0.000004 0.000002 0.000004 0.000012 0.000021 0.000049 0.000099 0.000189 0.000391 0.000666 0.001134 0.002028 0.003407 0.005460 0.008586 0.012784 0.018335 0.025802 0.034082 0.043955 0.054084 0.064415 0.073499 0.080472 0.084007 0.084065 0.080610 0.073162 0.064277 0.053004 0.041928 0.031196 0.022422 0.014924 0.009317 0.005563 0.003016 0.001615 0.000813 0.000354 0.000150 0.000057 0.000024 0.000011 0.000003 0.000001 0.000001 0.000000 0.000000 0.000000 0.000000 0.000000 0.000000 0.000000 
t: 0.001198044010 start: 179 end: 232 0.000001 0.000001 0.000003 0.000008 0.000016 0.000028 0.000058 0.000100 0.000250 0.000441 0.000846 0.001423 0.002458 0.004184 0.006518 0.010059 0.014839 0.021254 0.028984 0.038270 0.048412 0.058816 0.068836 0.077357 0.083332 0.084855 0.083529 0.077693 0.070280 0.059622 0.047874 0.036933 0.026881 0.018478 0.011882 0.007167 0.004130 0.002160 0.001140 0.000516 0.000227 0.000084 0.000034 0.000012 0.000006 0.000002 0.000001 0.000000 0.000000 0.000000 0.000000 0.000000 0.000000 0.000000 
t: 0.001172248804 start: 179 end: 232 0.000001 0.000000 0.000003 0.000003 0.000009 0.000023 0.000031 0.000060 0.000165 0.000306 0.000580 0.001006 0.001791 0.003001 0.005088 0.007840 0.011893 0.017362 0.024464 0.032813 0.042863 0.053328 0.063938 0.073301 0.080945 0.084833 0.085576 0.081817 0.074923 0.065901 0.053986 0.042567 0.031964 0.022524 0.014760 0.009187 0.005356 0.003026 0.001483 0.000746 0.000334 0.000125 0.000045 0.000021 0.000009 0.000002 0.000001 0.000000 0.000000 0.000000 0.000000 0.000000 0.000000 0.000000 
t: 0.001147540984 start: 182 end: 232 0.000003 0.000007 0.000012 0.000022 0.000040 0.000090 0.000223 0.000402 0.000717 0.001313 0.002188 0.003780 0.006154 0.009590 0.013893 0.020487 0.027971 0.037422 0.047825 0.058830 0.069034 0.077533 0.083872 0.086072 0.085006 0.079338 0.071245 0.059967 0.048673 0.037103 0.026970 0.018126 0.011416 0.006888 0.003931 0.002089 0.001014 0.000445 0.000201 0.000061 0.000029 0.000013 0.000004 0.000001 0.000000 0.000000 0.000000 0.000000 0.000000 0.000000 0.000000 
t: 0.001123853211 start: 182 end: 232 0.000001 0.000005 0.000006 0.000016 0.000019 0.000053 0.000149 0.000276 0.000515 0.000911 0.001641 0.002901 0.004572 0.007478 0.011526 0.016970 0.023688 0.032173 0.042455 0.053653 0.063927 0.074176 0.081693 0.085953 0.086586 0.082915 0.076201 0.065854 0.054670 0.042506 0.031594 0.021898 0.014136 0.008671 0.005059 0.002711 0.001391 0.000613 0.000271 0.000096 0.000048 0.000014 0.000007 0.000002 0.000000 0.000000 0.000000 0.000000 0.000000 0.000000 0.000000 
t: 0.001101123596 start: 182 end: 232 0.000001 0.000005 0.000004 0.000007 0.000018 0.000030 0.000095 0.000191 0.000343 0.000677 0.001202 0.002159 0.003480 0.005875 0.009202 0.013887 0.020150 0.027409 0.037182 0.048578 0.058873 0.069937 0.078741 0.085249 0.086753 0.086352 0.079835 0.071351 0.060599 0.048197 0.036297 0.026056 0.017349 0.010763 0.006296 0.003561 0.001843 0.000841 0.000371 0.000146 0.000061 0.000025 0.000005 0.000003 0.000001 0.000000 0.000000 0.000000 0.000000 0.000000 0.000000 
t: 0.001079295154 start: 182 end: 232 0.000001 0.000003 0.000002 0.000006 0.000015 0.000022 0.000049 0.000130 0.000238 0.000478 0.000903 0.001580 0.002670 0.004528 0.007384 0.011288 0.016863 0.023508 0.032366 0.043076 0.054048 0.065243 0.075282 0.082857 0.087219 0.087527 0.084117 0.075924 0.066122 0.053818 0.041478 0.030460 0.020761 0.013304 0.007876 0.004485 0.002386 0.001141 0.000495 0.000223 0.000077 0.000033 0.000010 0.000002 0.000002 0.000000 0.000000 0.000000 0.000000 0.000000 0.000000 
t: 0.001058315335 start: 182 end: 232 0.000001 0.000001 0.000001 0.000005 0.000007 0.000017 0.000037 0.000091 0.000168 0.000336 0.000646 0.001193 0.002030 0.003535 0.005882 0.009165 0.013948 0.019994 0.027921 0.037928 0.049202 0.060447 0.071127 0.080050 0.086342 0.088474 0.087009 0.080277 0.071023 0.059599 0.046828 0.035061 0.024605 0.015997 0.009705 0.005660 0.003038 0.001501 0.000691 0.000282 0.000117 0.000039 0.000016 0.000001 0.000003 0.000000 0.000000 0.000000 0.000000 0.000000 0.000000 
t: 0.001038135593 start: 182 end: 232 0.000001 0.000000 0.000002 0.000002 0.000004 0.000013 0.000034 0.000059 0.000098 0.000237 0.000465 0.000875 0.001550 0.002670 0.004662 0.007492 0.011390 0.016965 0.024169 0.033330 0.044010 0.055519 0.066932 0.076737 0.084662 0.088644 0.089136 0.083753 0.075568 0.065147 0.052248 0.039970 0.028541 0.018929 0.011778 0.007090 0.003842 0.001968 0.000886 0.000387 0.000158 0.000049 0.000022 0.000003 0.000002 0.000001 0.000000 0.000000 0.000000 0.000000 0.000000 
t: 0.001018711019 start: 182 end: 232 0.000001 0.000000 0.000000 0.000002 0.000004 0.000008 0.000018 0.000040 0.000080 0.000151 0.000345 0.000613 0.001184 0.002082 0.003659 0.005979 0.009498 0.014060 0.020805 0.028984 0.039501 0.050509 0.062316 0.073040 0.082342 0.088195 0.090056 0.086785 0.079685 0.070361 0.057353 0.045035 0.032793 0.022441 0.014304 0.008524 0.004763 0.002483 0.001165 0.000532 0.000197 0.000069 0.000029 0.000005 0.000003 0.000001 0.000000 0.000000 0.000000 0.000000 0.000000 
t: 0.001000000000 start: 182 end: 232 0.000001 0.000000 0.000000 0.000002 0.000001 0.000004 0.000016 0.000026 0.000049 0.000126 0.000213 0.000461 0.000871 0.001637 0.002834 0.004834 0.007834 0.011729 0.017651 0.025224 0.034992 0.046120 0.057403 0.069090 0.079244 0.086600 0.090440 0.089402 0.083549 0.074629 0.062627 0.050067 0.037436 0.026017 0.016977 0.010330 0.005898 0.003060 0.001507 0.000679 0.000269 0.000104 0.000034 0.000007 0.000004 0.000002 0.000000 0.000000 0.000000 0.000000 0.000000 
