t: 0.059999999999 start: 15 end: 53 0.000001 0.000006 0.000013 0.000079 0.000275 0.000875 0.002448 0.006088 0.013473 0.025426 0.043690 0.067382 0.092190 0.113653 0.126365 0.125465 0.113589 0.093412 0.069266 0.046813 0.028766 0.016267 0.008115 0.003767 0.001637 0.000624 0.000218 0.000070 0.000021 0.000005 0.000001 0.000000 0.000000 0.000000 0.000000 0.000000 0.000000 0.000000 0.000000 
t: 0.054545454544 start: 17 end: 56 0.000001 0.000003 0.000016 0.000063 0.000238 0.000783 0.002086 0.004908 0.010569 0.020320 0.035656 0.055998 0.078840 0.100703 0.116070 0.122578 0.116703 0.102381 0.081586 0.059664 0.039864 0.024468 0.013723 0.007054 0.003357 0.001473 0.000585 0.000209 0.000074 0.000021 0.000003 0.000003 0.000000 0.000000 0.000000 0.000000 0.000000 0.000000 0.000000 0.000000 
t: 0.049999999999 start: 20 end: 59 0.000005 0.000020 0.000053 0.000221 0.000669 0.001785 0.004095 0.008980 0.017152 0.029580 0.047274 0.068041 0.089497 0.106673 0.116297 0.116909 0.107364 0.089976 0.070043 0.050018 0.033247 0.020173 0.011266 0.005833 0.002783 0.001254 0.000513 0.000187 0.000063 0.000020 0.000008 0.000000 0.000001 0.000000 0.000000 0.000000 0.000000 0.000000 0.000000 0.000000 
t: 0.046153846153 start: 21 end: 63 0.000001 0.000007 0.000014 0.000072 0.000216 0.000596 0.001633 0.003560 0.007753 0.014846 0.025837 0.040930 0.059952 0.079693 0.097755 0.109991 0.113845 0.109043 0.095755 0.078173 0.058919 0.041479 0.026456 0.015905 0.008907 0.004789 0.002189 0.001005 0.000414 0.000174 0.000054 0.000026 0.000008 0.000002 0.000001 0.000000 0.000000 0.000000 0.000000 0.000000 0.000000 0.000000 0.000000 
t: 0.042857142857 start: 23 end: 65 0.000001 0.000007 0.000017 0.000073 0.000227 0.000581 0.001470 0.003377 0.007010 0.013164 0.022932 0.036685 0.053846 0.072018 0.089619 0.103339 0.110613 0.108791 0.098832 0.083888 0.066333 0.047999 0.032787 0.020893 0.012314 0.006733 0.003481 0.001652 0.000767 0.000333 0.000141 0.000055 0.000016 0.000004 0.000002 0.000000 0.000000 0.000000 0.000000 0.000000 0.000000 0.000000 0.000000 
t: 0.040000000000 start: 25 end: 68 0.000003 0.000008 0.000015 0.000076 0.000238 0.000569 0.001426 0.003245 0.006515 0.012132 0.020883 0.033539 0.048729 0.066526 0.083702 0.097498 0.106556 0.106688 0.100137 0.087317 0.071457 0.054095 0.038418 0.025550 0.015795 0.009116 0.004985 0.002601 0.001221 0.000593 0.000233 0.000085 0.000032 0.000013 0.000003 0.000001 0.000000 0.000000 0.000000 0.000000 0.000000 0.000000 0.000000 0.000000 
t: 0.037500000000 start: 28 end: 70 0.000004 0.000035 0.000084 0.000249 0.000606 0.001429 0.003137 0.006253 0.011548 0.019626 0.031023 0.045651 0.061921 0.078246 0.093268 0.102168 0.104826 0.099769 0.089294 0.075176 0.058761 0.043271 0.029389 0.019104 0.011618 0.006694 0.003648 0.001770 0.000836 0.000348 0.000165 0.000057 0.000016 0.000009 0.000001 0.000000 0.000000 0.000000 0.000000 0.000000 0.000000 0.000000 0.000000 
t: 0.035294117647 start: 28 end: 72 0.000002 0.000002 0.000007 0.000033 0.000103 0.000266 0.000628 0.001492 0.003209 0.006231 0.011086 0.018818 0.029278 0.043163 0.058740 0.074987 0.088777 0.098295 0.102289 0.099102 0.090682 0.077207 0.062126 0.046815 0.033226 0.022161 0.013845 0.008423 0.004399 0.002482 0.001195 0.000547 0.000236 0.000095 0.000037 0.000009 0.000007 0.000000 0.000000 0.000000 0.000000 0.000000 0.000000 0.000000 0.000000 
t: 0.033333333333 start: 30 end: 76 0.000001 0.000003 0.000018 0.000031 0.000130 0.000299 0.000689 0.001537 0.003232 0.006256 0.011237 0.018391 0.028633 0.041161 0.056909 0.071641 0.085349 0.095216 0.099391 0.098740 0.090072 0.079170 0.064511 0.049631 0.035998 0.024531 0.015950 0.009666 0.005669 0.003028 0.001565 0.000787 0.000339 0.000128 0.000056 0.000024 0.000008 0.000002 0.000001 0.000000 0.000000 0.000000 0.000000 0.000000 0.000000 0.000000 0.000000 
t: 0.031578947368 start: 32 end: 78 0.000004 0.000005 0.000012 0.000051 0.000133 0.000368 0.000748 0.001598 0.003476 0.006474 0.011260 0.018536 0.027994 0.040604 0.055136 0.069888 0.082962 0.092265 0.097628 0.096521 0.090184 0.079407 0.065619 0.052048 0.038091 0.026642 0.017547 0.010968 0.006493 0.003605 0.001978 0.000947 0.000432 0.000223 0.000101 0.000032 0.000015 0.000003 0.000002 0.000000 0.000000 0.000000 0.000000 0.000000 0.000000 0.000000 0.000000 
t: 0.030000000000 start: 33 end: 80 0.000001 0.000003 0.000008 0.000014 0.000068 0.000192 0.000431 0.000857 0.001819 0.003681 0.006917 0.011502 0.018755 0.028341 0.040286 0.054668 0.068104 0.080764 0.090949 0.095490 0.095502 0.089131 0.078826 0.066363 0.052755 0.039629 0.028043 0.018851 0.011912 0.007384 0.004234 0.002293 0.001167 0.000567 0.000280 0.000126 0.000053 0.000021 0.000011 0.000002 0.000000 0.000000 0.000000 0.000000 0.000000 0.000000 0.000000 0.000000 
t: 0.028571428571 start: 36 end: 83 0.000002 0.000012 0.000033 0.000071 0.000220 0.000450 0.001026 0.002129 0.004001 0.007174 0.012339 0.019407 0.028686 0.041232 0.054113 0.067654 0.079762 0.089097 0.093835 0.093594 0.087585 0.078316 0.066237 0.052991 0.040498 0.029114 0.019826 0.012839 0.007943 0.004578 0.002570 0.001375 0.000686 0.000345 0.000151 0.000056 0.000027 0.000017 0.000007 0.000002 0.000000 0.000000 0.000000 0.000000 0.000000 0.000000 0.000000 0.000000 
t: 0.027272727273 start: 38 end: 84 0.000005 0.000025 0.000034 0.000110 0.000258 0.000608 0.001179 0.002351 0.004379 0.007935 0.013138 0.020146 0.030298 0.041259 0.054688 0.067799 0.078938 0.088069 0.091984 0.091656 0.086707 0.077490 0.065672 0.052777 0.040658 0.029164 0.020207 0.013375 0.008397 0.004864 0.002870 0.001477 0.000761 0.000400 0.000191 0.000076 0.000034 0.000015 0.000006 0.000000 0.000000 0.000000 0.000000 0.000000 0.000000 0.000000 0.000000 
t: 0.026086956522 start: 38 end: 87 0.000001 0.000003 0.000010 0.000021 0.000053 0.000125 0.000351 0.000719 0.001407 0.002824 0.005162 0.008637 0.014052 0.021697 0.031397 0.042766 0.055380 0.067839 0.078658 0.086900 0.091239 0.089966 0.084782 0.076189 0.064344 0.052086 0.039976 0.029616 0.020400 0.013527 0.008516 0.005183 0.002879 0.001677 0.000807 0.000428 0.000216 0.000103 0.000040 0.000012 0.000008 0.000004 0.000000 0.000000 0.000000 0.000000 0.000000 0.000000 0.000000 0.000000 
t: 0.025000000000 start: 40 end: 90 0.000004 0.000005 0.000012 0.000039 0.000068 0.000202 0.000397 0.000840 0.001743 0.003328 0.005682 0.009715 0.015495 0.023368 0.032894 0.044497 0.056673 0.068679 0.078725 0.086591 0.089910 0.088208 0.082950 0.073948 0.062949 0.050690 0.039336 0.028979 0.020268 0.013599 0.008535 0.005181 0.003045 0.001649 0.000915 0.000468 0.000226 0.000123 0.000036 0.000014 0.000008 0.000003 0.000003 0.000000 0.000000 0.000000 0.000000 0.000000 0.000000 0.000000 0.000000 
t: 0.024000000000 start: 40 end: 92 0.000001 0.000001 0.000004 0.000007 0.000024 0.000045 0.000112 0.000232 0.000521 0.001094 0.002192 0.003798 0.006623 0.010912 0.017049 0.024964 0.034889 0.046737 0.058715 0.069601 0.079067 0.085559 0.088735 0.086765 0.081136 0.071891 0.061042 0.049218 0.037983 0.028029 0.019654 0.013111 0.008656 0.005151 0.002947 0.001697 0.000911 0.000498 0.000243 0.000098 0.000051 0.000023 0.000007 0.000005 0.000002 0.000000 0.000000 0.000000 0.000000 0.000000 0.000000 0.000000 0.000000 
t: 0.023076923077 start: 42 end: 94 0.000002 0.000000 0.000008 0.000009 0.000041 0.000063 0.000138 0.000320 0.000665 0.001407 0.002520 0.004470 0.007734 0.012362 0.018990 0.027187 0.037460 0.049022 0.060320 0.071146 0.080040 0.085092 0.087394 0.084841 0.078725 0.069386 0.058735 0.047469 0.036388 0.027005 0.018805 0.012630 0.008193 0.004988 0.003024 0.001631 0.000870 0.000473 0.000253 0.000112 0.000049 0.000022 0.000006 0.000003 0.000001 0.000001 0.000000 0.000000 0.000000 0.000000 0.000000 0.000000 0.000000 
t: 0.022222222222 start: 43 end: 95 0.000002 0.000000 0.000003 0.000012 0.000019 0.000032 0.000113 0.000181 0.000444 0.000915 0.001697 0.003128 0.005553 0.009046 0.013997 0.021132 0.029925 0.039992 0.051398 0.062453 0.072693 0.080640 0.085432 0.086046 0.082112 0.076204 0.067049 0.056109 0.045325 0.034554 0.025294 0.017729 0.012032 0.007737 0.004776 0.002875 0.001622 0.000857 0.000462 0.000205 0.000122 0.000049 0.000018 0.000012 0.000001 0.000000 0.000003 0.000000 0.000000 0.000000 0.000000 0.000000 0.000000 
t: 0.021428571428 start: 45 end: 98 0.000001 0.000002 0.000004 0.000015 0.000031 0.000054 0.000123 0.000311 0.000630 0.001160 0.002187 0.003841 0.006514 0.010794 0.016242 0.023749 0.032405 0.042738 0.054364 0.065276 0.073995 0.081356 0.084591 0.084577 0.080152 0.073739 0.063821 0.053531 0.042442 0.032515 0.023422 0.016647 0.011286 0.007261 0.004460 0.002568 0.001562 0.000807 0.000432 0.000215 0.000112 0.000034 0.000021 0.000010 0.000001 0.000002 0.000000 0.000000 0.000000 0.000000 0.000000 0.000000 0.000000 0.000000 
t: 0.020689655172 start: 47 end: 100 0.000001 0.000004 0.000007 0.000016 0.000041 0.000091 0.000207 0.000400 0.000796 0.001526 0.002700 0.004985 0.007859 0.012561 0.018453 0.026716 0.035860 0.046463 0.057215 0.067321 0.076179 0.081784 0.083684 0.082920 0.078135 0.070319 0.060452 0.050246 0.039354 0.030158 0.021865 0.015373 0.010252 0.006671 0.004041 0.002462 0.001366 0.000735 0.000384 0.000246 0.000092 0.000031 0.000020 0.000004 0.000004 0.000001 0.000000 0.000000 0.000000 0.000000 0.000000 0.000000 0.000000 0.000000 
t: 0.020000000000 start: 49 end: 101 0.000003 0.000005 0.000015 0.000029 0.000059 0.000121 0.000264 0.000602 0.001039 0.002045 0.003648 0.006024 0.009549 0.014486 0.021637 0.029660 0.039384 0.049907 0.060817 0.069833 0.076801 0.082166 0.083321 0.080817 0.075222 0.067189 0.057361 0.046222 0.036839 0.027305 0.019910 0.013919 0.009346 0.006101 0.003623 0.002195 0.001207 0.000640 0.000357 0.000180 0.000098 0.000030 0.000014 0.000008 0.000002 0.000000 0.000000 0.000000 0.000000 0.000000 0.000000 0.000000 0.000000 
t: 0.019354838710 start: 50 end: 102 0.000001 0.000005 0.000008 0.000022 0.000044 0.000096 0.000184 0.000402 0.000786 0.001441 0.002713 0.004621 0.007384 0.011463 0.017410 0.024366 0.033446 0.043145 0.053991 0.063295 0.072203 0.078350 0.082146 0.082181 0.078716 0.072087 0.063102 0.053164 0.043160 0.033770 0.024821 0.017957 0.012469 0.008278 0.005394 0.003290 0.001810 0.001095 0.000576 0.000334 0.000150 0.000073 0.000031 0.000011 0.000009 0.000000 0.000000 0.000000 0.000000 0.000000 0.000000 0.000000 0.000000 
t: 0.018750000000 start: 51 end: 105 0.000001 0.000003 0.000005 0.000019 0.000026 0.000053 0.000128 0.000293 0.000600 0.001075 0.002050 0.003529 0.005754 0.009288 0.013920 0.020312 0.028291 0.037387 0.047123 0.057110 0.067007 0.074123 0.079674 0.081840 0.079851 0.075582 0.068362 0.059352 0.049622 0.039522 0.030465 0.022346 0.015975 0.011125 0.007184 0.004707 0.002747 0.001592 0.000929 0.000513 0.000269 0.000131 0.000058 0.000038 0.000010 0.000006 0.000003 0.000000 0.000000 0.000000 0.000000 0.000000 0.000000 0.000000 0.000000 
t: 0.018181818182 start: 53 end: 107 0.000001 0.000003 0.000008 0.000025 0.000046 0.000100 0.000197 0.000426 0.000840 0.001537 0.002763 0.004615 0.007285 0.011421 0.016814 0.023741 0.032157 0.041591 0.051469 0.060963 0.069576 0.076117 0.080592 0.080213 0.077623 0.072424 0.064476 0.055180 0.045352 0.036208 0.027075 0.019895 0.013968 0.009768 0.006195 0.003951 0.002386 0.001332 0.000816 0.000422 0.000225 0.000114 0.000046 0.000021 0.000018 0.000003 0.000002 0.000000 0.000000 0.000000 0.000000 0.000000 0.000000 0.000000 0.000000 
t: 0.017647058823 start: 54 end: 108 0.000002 0.000001 0.000004 0.000012 0.000034 0.000067 0.000169 0.000319 0.000602 0.001249 0.002111 0.003673 0.005940 0.009346 0.013988 0.020110 0.027629 0.036255 0.045934 0.055700 0.064759 0.072378 0.077950 0.079987 0.078784 0.075009 0.068630 0.060103 0.050739 0.041378 0.031970 0.024143 0.017657 0.012098 0.008287 0.005259 0.003238 0.002020 0.001147 0.000630 0.000346 0.000188 0.000066 0.000048 0.000030 0.000008 0.000003 0.000000 0.000000 0.000000 0.000000 0.000000 0.000000 0.000000 0.000000 
t: 0.017142857143 start: 55 end: 110 0.000001 0.000001 0.000001 0.000014 0.000021 0.000058 0.000124 0.000235 0.000472 0.000966 0.001722 0.002861 0.004843 0.007670 0.011685 0.016931 0.023996 0.031701 0.041103 0.050627 0.060128 0.068377 0.074390 0.078866 0.079064 0.076568 0.071510 0.064335 0.055902 0.046227 0.036848 0.028450 0.021264 0.015100 0.010370 0.006751 0.004571 0.002633 0.001607 0.000958 0.000527 0.000268 0.000127 0.000070 0.000031 0.000016 0.000007 0.000003 0.000000 0.000000 0.000000 0.000000 0.000000 0.000000 0.000000 0.000000 
t: 0.016666666667 start: 58 end: 111 0.000004 0.000008 0.000016 0.000041 0.000095 0.000185 0.000393 0.000747 0.001315 0.002375 0.003975 0.006313 0.009679 0.014519 0.020758 0.028117 0.036429 0.045745 0.055394 0.064044 0.071505 0.076163 0.078439 0.077927 0.073434 0.068056 0.060284 0.050316 0.041836 0.032887 0.024893 0.018316 0.012671 0.008653 0.005712 0.003730 0.002203 0.001293 0.000729 0.000403 0.000200 0.000105 0.000050 0.000026 0.000009 0.000008 0.000000 0.000000 0.000000 0.000000 0.000000 0.000000 0.000000 0.000000 
t: 0.016216216216 start: 59 end: 114 0.000002 0.000002 0.000014 0.000040 0.000073 0.000164 0.000295 0.000577 0.001114 0.001947 0.003213 0.005343 0.008200 0.012370 0.018032 0.024880 0.032337 0.041475 0.050702 0.060079 0.067697 0.073695 0.077740 0.077766 0.075285 0.070616 0.063519 0.055042 0.045733 0.036986 0.028764 0.021303 0.015553 0.010715 0.007119 0.004676 0.002982 0.001739 0.001004 0.000593 0.000317 0.000145 0.000078 0.000038 0.000024 0.000007 0.000004 0.000000 0.000000 0.000001 0.000000 0.000000 0.000000 0.000000 0.000000 0.000000 
t: 0.015789473684 start: 60 end: 117 0.000001 0.000003 0.000007 0.000028 0.000066 0.000133 0.000235 0.000484 0.000890 0.001659 0.002691 0.004395 0.007098 0.010563 0.015652 0.021821 0.029218 0.037722 0.046954 0.055426 0.064185 0.070596 0.076037 0.077608 0.076064 0.072559 0.066519 0.058834 0.050039 0.040519 0.032287 0.024680 0.018396 0.012819 0.008758 0.005900 0.003730 0.002369 0.001430 0.000785 0.000409 0.000207 0.000118 0.000048 0.000032 0.000016 0.000006 0.000002 0.000001 0.000000 0.000001 0.000000 0.000000 0.000000 0.000000 0.000000 0.000000 0.000000 
t: 0.015384615385 start: 61 end: 118 0.000002 0.000002 0.000010 0.000021 0.000043 0.000110 0.000209 0.000390 0.000733 0.001345 0.002259 0.003789 0.006115 0.009342 0.013622 0.019316 0.026252 0.034258 0.042982 0.051889 0.060577 0.067844 0.073256 0.076450 0.076762 0.074131 0.068803 0.062026 0.053446 0.044469 0.035763 0.027951 0.021111 0.015254 0.010580 0.007087 0.004658 0.003023 0.001825 0.001083 0.000564 0.000339 0.000134 0.000099 0.000052 0.000011 0.000005 0.000005 0.000002 0.000000 0.000001 0.000000 0.000000 0.000000 0.000000 0.000000 0.000000 0.000000 
t: 0.015000000000 start: 63 end: 119 0.000005 0.000009 0.000013 0.000045 0.000065 0.000169 0.000343 0.000624 0.001121 0.001900 0.003330 0.005265 0.008187 0.012031 0.017375 0.023618 0.030836 0.039628 0.048415 0.057254 0.064570 0.071020 0.075084 0.076684 0.074688 0.070933 0.064462 0.056561 0.048297 0.039206 0.031258 0.023665 0.017528 0.012508 0.008576 0.005698 0.003704 0.002292 0.001318 0.000814 0.000420 0.000240 0.000131 0.000064 0.000027 0.000012 0.000005 0.000001 0.000000 0.000000 0.000001 0.000000 0.000000 0.000000 0.000000 0.000000 0.000000 
t: 0.014634146341 start: 63 end: 122 0.000001 0.000005 0.000008 0.000014 0.000029 0.000070 0.000129 0.000278 0.000576 0.000954 0.001634 0.002903 0.004544 0.007261 0.010834 0.015418 0.021253 0.028378 0.036662 0.045239 0.053674 0.061750 0.068500 0.073732 0.075618 0.075375 0.071911 0.066168 0.060000 0.051462 0.042496 0.034346 0.026450 0.019627 0.014602 0.009947 0.006923 0.004457 0.002855 0.001690 0.001012 0.000573 0.000293 0.000192 0.000093 0.000031 0.000019 0.000006 0.000005 0.000001 0.000001 0.000001 0.000000 0.000000 0.000000 0.000000 0.000000 0.000000 0.000000 0.000000 
t: 0.014285714286 start: 64 end: 122 0.000002 0.000003 0.000006 0.000011 0.000022 0.000051 0.000126 0.000236 0.000466 0.000802 0.001428 0.002556 0.004079 0.006345 0.009491 0.014070 0.019370 0.025922 0.033908 0.042312 0.050578 0.058898 0.066462 0.071837 0.075142 0.075004 0.072757 0.068461 0.062116 0.053773 0.045362 0.037125 0.029285 0.022281 0.016369 0.011715 0.007902 0.005286 0.003438 0.002162 0.001266 0.000731 0.000408 0.000211 0.000124 0.000055 0.000025 0.000011 0.000006 0.000001 0.000003 0.000000 0.000000 0.000000 0.000000 0.000000 0.000000 0.000000 0.000000 
t: 0.013953488372 start: 65 end: 125 0.000002 0.000002 0.000004 0.000013 0.000020 0.000038 0.000116 0.000228 0.000374 0.000716 0.001289 0.002171 0.003616 0.005745 0.008700 0.012654 0.017513 0.024171 0.031385 0.039581 0.048276 0.055953 0.063640 0.070249 0.073579 0.075001 0.073677 0.069698 0.064011 0.056394 0.047946 0.039811 0.031836 0.024563 0.018221 0.013211 0.009222 0.006169 0.004073 0.002554 0.001563 0.000927 0.000504 0.000287 0.000145 0.000083 0.000043 0.000017 0.000003 0.000002 0.000002 0.000001 0.000001 0.000000 0.000000 0.000000 0.000000 0.000000 0.000000 0.000000 0.000000 
t: 0.013636363636 start: 65 end: 125 0.000001 0.000000 0.000001 0.000002 0.000009 0.000019 0.000053 0.000091 0.000194 0.000358 0.000611 0.001155 0.002003 0.003201 0.005161 0.007938 0.011511 0.016244 0.022175 0.029139 0.037389 0.045562 0.053668 0.061104 0.068067 0.073070 0.074135 0.073798 0.070546 0.065945 0.058419 0.050707 0.042057 0.034136 0.026731 0.020332 0.014822 0.010282 0.007247 0.004741 0.003002 0.001829 0.001137 0.000656 0.000362 0.000199 0.000090 0.000058 0.000024 0.000008 0.000004 0.000005 0.000001 0.000001 0.000000 0.000000 0.000000 0.000000 0.000000 0.000000 0.000000 
t: 0.013333333333 start: 66 end: 125 0.000001 0.000000 0.000000 0.000002 0.000008 0.000015 0.000042 0.000095 0.000161 0.000324 0.000603 0.001023 0.001696 0.002901 0.004675 0.007382 0.010476 0.015219 0.020389 0.027371 0.035150 0.043233 0.051358 0.059266 0.065964 0.071290 0.073595 0.074241 0.071481 0.066626 0.060495 0.052433 0.044768 0.036757 0.028522 0.021996 0.016372 0.011736 0.008116 0.005478 0.003511 0.002156 0.001333 0.000767 0.000452 0.000255 0.000130 0.000076 0.000034 0.000015 0.000007 0.000001 0.000002 0.000000 0.000001 0.000000 0.000000 0.000000 0.000000 0.000000 
t: 0.013043478261 start: 68 end: 127 0.000001 0.000000 0.000002 0.000004 0.000020 0.000040 0.000089 0.000129 0.000283 0.000544 0.000929 0.001612 0.002629 0.004369 0.006543 0.009629 0.014058 0.019558 0.025750 0.033120 0.041147 0.049287 0.057404 0.064326 0.069149 0.072691 0.074235 0.072166 0.067792 0.061928 0.054741 0.046615 0.038558 0.030680 0.023793 0.017756 0.012913 0.009215 0.006071 0.004095 0.002493 0.001538 0.000905 0.000541 0.000293 0.000172 0.000100 0.000050 0.000024 0.000006 0.000005 0.000001 0.000000 0.000000 0.000001 0.000000 0.000000 0.000000 0.000000 0.000000 
t: 0.012765957447 start: 71 end: 129 0.000003 0.000004 0.000019 0.000040 0.000072 0.000133 0.000255 0.000473 0.000855 0.001458 0.002526 0.004057 0.005967 0.009014 0.013193 0.018338 0.024456 0.031416 0.039493 0.047479 0.055190 0.062349 0.068237 0.071975 0.073117 0.072584 0.068749 0.063295 0.056430 0.048458 0.040181 0.032821 0.025396 0.019209 0.014210 0.009973 0.006849 0.004520 0.002900 0.001839 0.001075 0.000633 0.000335 0.000204 0.000114 0.000054 0.000027 0.000018 0.000005 0.000001 0.000000 0.000000 0.000001 0.000000 0.000000 0.000000 0.000000 0.000000 0.000000 
t: 0.012500000000 start: 72 end: 131 0.000001 0.000010 0.000013 0.000041 0.000061 0.000124 0.000231 0.000449 0.000796 0.001379 0.002354 0.003686 0.005688 0.008479 0.012419 0.017260 0.023243 0.029919 0.037879 0.045781 0.053624 0.060786 0.066910 0.070756 0.072614 0.072527 0.069376 0.064783 0.057817 0.050224 0.041752 0.034315 0.027076 0.020601 0.015090 0.011049 0.007523 0.005098 0.003238 0.002125 0.001260 0.000744 0.000390 0.000237 0.000141 0.000068 0.000035 0.000019 0.000004 0.000002 0.000002 0.000001 0.000000 0.000000 0.000000 0.000000 0.000000 0.000000 0.000000 0.000000 
t: 0.012244897959 start: 73 end: 132 0.000002 0.000005 0.000019 0.000030 0.000064 0.000098 0.000236 0.000434 0.000733 0.001287 0.002210 0.003434 0.005369 0.008005 0.011827 0.016626 0.022041 0.028833 0.036397 0.043829 0.052016 0.059440 0.065626 0.069782 0.072266 0.072593 0.069783 0.065580 0.059228 0.051222 0.043575 0.035843 0.028243 0.021989 0.016355 0.011827 0.008195 0.005581 0.003665 0.002342 0.001421 0.000891 0.000461 0.000284 0.000161 0.000064 0.000042 0.000031 0.000008 0.000005 0.000001 0.000001 0.000000 0.000000 0.000000 0.000000 0.000000 0.000000 0.000000 0.000000 
t: 0.012000000000 start: 74 end: 133 0.000001 0.000009 0.000013 0.000028 0.000048 0.000119 0.000194 0.000421 0.000714 0.001213 0.002067 0.003276 0.005136 0.007557 0.011332 0.015816 0.021230 0.027673 0.034996 0.043180 0.050289 0.058245 0.064455 0.069049 0.071582 0.072023 0.070308 0.066076 0.059861 0.052773 0.045091 0.037027 0.029675 0.023226 0.017269 0.012770 0.008764 0.006083 0.004047 0.002586 0.001565 0.000980 0.000547 0.000326 0.000177 0.000090 0.000042 0.000029 0.000013 0.000007 0.000001 0.000001 0.000000 0.000000 0.000000 0.000000 0.000000 0.000000 0.000000 0.000000 
t: 0.011764705882 start: 76 end: 133 0.000008 0.000012 0.000028 0.000054 0.000089 0.000198 0.000377 0.000679 0.001180 0.001917 0.003199 0.004866 0.007345 0.010810 0.015277 0.020505 0.026834 0.034010 0.041734 0.049333 0.056682 0.063339 0.068617 0.070833 0.071534 0.070508 0.066481 0.060894 0.053834 0.046257 0.038403 0.030797 0.023944 0.018366 0.013439 0.009594 0.006579 0.004343 0.002803 0.001809 0.001062 0.000632 0.000382 0.000194 0.000100 0.000067 0.000029 0.000013 0.000006 0.000004 0.000000 0.000000 0.000000 0.000000 0.000000 0.000000 0.000000 0.000000 
t: 0.011538461538 start: 77 end: 135 0.000010 0.000016 0.000032 0.000040 0.000084 0.000213 0.000357 0.000647 0.001140 0.001899 0.002902 0.004797 0.007076 0.010528 0.014709 0.019849 0.026115 0.033256 0.040452 0.048445 0.055452 0.062459 0.067495 0.070434 0.071542 0.070472 0.066897 0.061820 0.054601 0.046893 0.039329 0.031900 0.025183 0.019352 0.013992 0.010134 0.006969 0.004753 0.003002 0.001975 0.001195 0.000712 0.000403 0.000220 0.000118 0.000073 0.000026 0.000018 0.000011 0.000002 0.000001 0.000000 0.000000 0.000000 0.000000 0.000000 0.000000 0.000000 0.000000 
t: 0.011320754717 start: 77 end: 136 0.000001 0.000009 0.000017 0.000024 0.000041 0.000089 0.000187 0.000364 0.000650 0.001089 0.001792 0.002969 0.004455 0.007115 0.010175 0.014193 0.019335 0.025582 0.032265 0.039853 0.047384 0.054948 0.061303 0.066208 0.070408 0.071165 0.070311 0.067601 0.061888 0.055461 0.047734 0.040063 0.032961 0.025938 0.020098 0.014760 0.010805 0.007424 0.004918 0.003196 0.002185 0.001339 0.000744 0.000444 0.000237 0.000135 0.000065 0.000028 0.000028 0.000011 0.000004 0.000000 0.000001 0.000000 0.000000 0.000000 0.000000 0.000000 0.000000 0.000000 
t: 0.011111111111 start: 78 end: 138 0.000007 0.000007 0.000017 0.000025 0.000043 0.000091 0.000191 0.000323 0.000600 0.001134 0.001709 0.002862 0.004451 0.006894 0.009873 0.013874 0.018898 0.025189 0.031842 0.038960 0.046827 0.053953 0.060394 0.065834 0.069628 0.071338 0.070368 0.066955 0.062661 0.055803 0.048774 0.040992 0.033602 0.026604 0.020458 0.015470 0.011187 0.007826 0.005284 0.003445 0.002328 0.001362 0.000851 0.000482 0.000277 0.000149 0.000072 0.000041 0.000027 0.000013 0.000002 0.000002 0.000001 0.000000 0.000000 0.000000 0.000000 0.000000 0.000000 0.000000 0.000000 
t: 0.010909090909 start: 78 end: 139 0.000001 0.000006 0.000011 0.000008 0.000021 0.000050 0.000102 0.000172 0.000364 0.000605 0.001078 0.001693 0.002793 0.004430 0.006809 0.009746 0.013679 0.018662 0.024428 0.031241 0.038670 0.046047 0.052910 0.059936 0.065459 0.069626 0.070908 0.070143 0.067024 0.062938 0.056165 0.048852 0.041800 0.034334 0.027295 0.021218 0.015864 0.011647 0.008185 0.005414 0.003727 0.002347 0.001515 0.000919 0.000542 0.000295 0.000146 0.000089 0.000039 0.000025 0.000011 0.000007 0.000003 0.000001 0.000000 0.000000 0.000000 0.000000 0.000000 0.000000 0.000000 0.000000 
t: 0.010714285714 start: 79 end: 140 0.000003 0.000004 0.000012 0.000010 0.000021 0.000055 0.000084 0.000192 0.000331 0.000619 0.001047 0.001754 0.002738 0.004447 0.006675 0.009742 0.013457 0.018400 0.024057 0.030917 0.038202 0.045476 0.052696 0.059476 0.065150 0.068911 0.070464 0.070048 0.067218 0.062939 0.056180 0.049624 0.042302 0.034665 0.027980 0.021660 0.016271 0.011982 0.008266 0.005769 0.003895 0.002484 0.001575 0.000941 0.000593 0.000312 0.000173 0.000075 0.000054 0.000032 0.000010 0.000009 0.000002 0.000001 0.000000 0.000000 0.000000 0.000000 0.000000 0.000000 0.000000 0.000000 
t: 0.010526315789 start: 79 end: 141 0.000001 0.000003 0.000005 0.000006 0.000011 0.000016 0.000058 0.000102 0.000177 0.000348 0.000639 0.001027 0.001763 0.002800 0.004378 0.006599 0.009600 0.013447 0.018267 0.023888 0.030535 0.038017 0.045116 0.052302 0.059073 0.064672 0.068897 0.069843 0.069768 0.067474 0.062490 0.056949 0.049796 0.042419 0.035163 0.028368 0.021946 0.016824 0.012222 0.008493 0.005903 0.004004 0.002644 0.001639 0.000983 0.000582 0.000379 0.000168 0.000088 0.000058 0.000023 0.000014 0.000009 0.000002 0.000002 0.000000 0.000000 0.000000 0.000000 0.000000 0.000000 0.000000 0.000000 
t: 0.010344827586 start: 80 end: 142 0.000001 0.000005 0.000004 0.000001 0.000011 0.000024 0.000049 0.000105 0.000204 0.000355 0.000599 0.001030 0.001743 0.002849 0.004398 0.006611 0.009532 0.013566 0.018067 0.024024 0.030347 0.037712 0.044969 0.052261 0.058888 0.064194 0.068166 0.069723 0.070046 0.066742 0.062607 0.056862 0.050246 0.042505 0.035579 0.028556 0.022278 0.017000 0.012395 0.008733 0.006086 0.004132 0.002701 0.001656 0.001026 0.000647 0.000359 0.000196 0.000104 0.000054 0.000025 0.000014 0.000005 0.000006 0.000002 0.000000 0.000000 0.000000 0.000000 0.000000 0.000000 0.000000 0.000000 
t: 0.010169491525 start: 82 end: 143 0.000004 0.000007 0.000004 0.000009 0.000027 0.000054 0.000100 0.000220 0.000354 0.000630 0.001082 0.001721 0.002850 0.004487 0.006623 0.009591 0.013453 0.018456 0.023786 0.030506 0.037425 0.044948 0.052202 0.058743 0.064183 0.067517 0.069776 0.069308 0.066900 0.062719 0.056555 0.050050 0.043013 0.035449 0.028775 0.022482 0.017165 0.012541 0.008883 0.006125 0.004372 0.002695 0.001726 0.001064 0.000610 0.000374 0.000206 0.000115 0.000056 0.000033 0.000011 0.000006 0.000007 0.000002 0.000000 0.000000 0.000000 0.000000 0.000000 0.000000 0.000000 0.000000 
t: 0.010000000000 start: 82 end: 145 0.000001 0.000007 0.000002 0.000006 0.000006 0.000032 0.000054 0.000116 0.000204 0.000381 0.000691 0.001078 0.001825 0.002923 0.004480 0.006647 0.009778 0.013562 0.018348 0.024052 0.030424 0.037522 0.044981 0.052009 0.058948 0.063693 0.067655 0.069660 0.068647 0.066728 0.062650 0.056707 0.049890 0.042720 0.035777 0.028852 0.022520 0.017116 0.012559 0.009000 0.006404 0.004280 0.002717 0.001787 0.001106 0.000622 0.000385 0.000221 0.000111 0.000056 0.000027 0.000012 0.000013 0.000005 0.000001 0.000002 0.000000 0.000000 0.000000 0.000000 0.000000 0.000000 0.000000 0.000000 
t: 0.008448275866 start: 93 end: 155 0.000004 0.000002 0.000009 0.000023 0.000033 0.000085 0.000169 0.000235 0.000489 0.000818 0.001371 0.002151 0.003275 0.004971 0.007113 0.010312 0.013950 0.018728 0.024105 0.030574 0.037331 0.044413 0.050606 0.056853 0.062048 0.065627 0.067475 0.067091 0.065450 0.061353 0.056403 0.050139 0.043281 0.036840 0.030232 0.023510 0.018296 0.013706 0.010111 0.007128 0.004947 0.003260 0.002124 0.001346 0.000815 0.000514 0.000287 0.000193 0.000096 0.000049 0.000027 0.000018 0.000008 0.000002 0.000004 0.000000 0.000000 0.000000 0.000000 0.000000 0.000000 0.000000 0.000000 
t: 0.007313432839 start: 101 end: 163 0.000001 0.000003 0.000005 0.000018 0.000037 0.000068 0.000119 0.000229 0.000394 0.000755 0.001077 0.001833 0.002812 0.004238 0.006319 0.008647 0.012007 0.015825 0.021198 0.027190 0.033105 0.040108 0.046339 0.052968 0.058195 0.062589 0.064862 0.066155 0.065422 0.062658 0.058975 0.053401 0.047880 0.041029 0.034378 0.028113 0.022046 0.017201 0.012896 0.009454 0.006611 0.004590 0.003104 0.001968 0.001234 0.000831 0.000474 0.000283 0.000159 0.000087 0.000048 0.000026 0.000022 0.000013 0.000001 0.000000 0.000000 0.000000 0.000000 0.000000 0.000000 0.000000 0.000000 
t: 0.006447368423 start: 108 end: 172 0.000001 0.000002 0.000007 0.000015 0.000031 0.000063 0.000115 0.000180 0.000370 0.000613 0.001023 0.001579 0.002463 0.003690 0.005325 0.007812 0.010667 0.014329 0.019052 0.024250 0.030284 0.036803 0.043140 0.049530 0.054968 0.059965 0.063619 0.065420 0.065098 0.064000 0.060111 0.055467 0.050535 0.044458 0.037441 0.031235 0.025431 0.019822 0.015030 0.011188 0.008113 0.005708 0.004024 0.002633 0.001706 0.001140 0.000658 0.000384 0.000222 0.000123 0.000080 0.000042 0.000019 0.000005 0.000006 0.000004 0.000000 0.000001 0.000000 0.000000 0.000000 0.000000 0.000000 0.000000 0.000000 
t: 0.005764705884 start: 112 end: 177 0.000001 0.000000 0.000001 0.000001 0.000006 0.000015 0.000027 0.000040 0.000092 0.000182 0.000281 0.000489 0.000802 0.001355 0.002031 0.003110 0.004541 0.006458 0.009165 0.012635 0.016590 0.021656 0.026818 0.033114 0.039594 0.046262 0.052133 0.057166 0.060777 0.063637 0.065018 0.064690 0.062085 0.058169 0.053554 0.047644 0.041244 0.034969 0.028327 0.022636 0.017843 0.013470 0.009892 0.007172 0.005068 0.003361 0.002152 0.001489 0.000931 0.000558 0.000333 0.000188 0.000103 0.000049 0.000045 0.000018 0.000008 0.000004 0.000001 0.000000 0.000000 0.000000 0.000000 0.000000 0.000000 0.000000 
t: 0.005212765959 start: 120 end: 184 0.000002 0.000002 0.000009 0.000020 0.000036 0.000068 0.000112 0.000220 0.000334 0.000601 0.000901 0.001507 0.002330 0.003543 0.005149 0.007121 0.009998 0.013472 0.017788 0.022494 0.028342 0.034478 0.040750 0.047377 0.052928 0.057884 0.061972 0.063931 0.065007 0.064309 0.061097 0.057397 0.052048 0.046411 0.039740 0.033084 0.027423 0.021656 0.016840 0.012596 0.009168 0.006802 0.004588 0.003130 0.002023 0.001331 0.000807 0.000491 0.000304 0.000173 0.000090 0.000052 0.000038 0.000016 0.000003 0.000005 0.000002 0.000000 0.000000 0.000000 0.000000 0.000000 0.000000 0.000000 0.000000 
t: 0.004757281555 start: 125 end: 189 0.000004 0.000004 0.000009 0.000015 0.000024 0.000045 0.000125 0.000197 0.000350 0.000572 0.000912 0.001417 0.002222 0.003378 0.004825 0.006922 0.009531 0.013042 0.016965 0.022107 0.027561 0.033726 0.040128 0.046376 0.052081 0.057062 0.061389 0.063543 0.065146 0.064309 0.061918 0.058008 0.052704 0.046862 0.040377 0.034582 0.028157 0.022738 0.017274 0.013109 0.009579 0.006853 0.004925 0.003279 0.002201 0.001393 0.000837 0.000479 0.000338 0.000192 0.000093 0.000052 0.000033 0.000014 0.000009 0.000004 0.000003 0.000000 0.000000 0.000000 0.000000 0.000000 0.000000 0.000000 0.000000 
t: 0.004375000001 start: 129 end: 194 0.000002 0.000001 0.000003 0.000013 0.000022 0.000032 0.000077 0.000142 0.000268 0.000422 0.000608 0.001161 0.001678 0.002566 0.003929 0.005627 0.007744 0.010860 0.014754 0.019082 0.024138 0.029966 0.036199 0.042475 0.048804 0.054287 0.058996 0.063118 0.064481 0.065070 0.063604 0.060341 0.056084 0.050450 0.044873 0.037950 0.031350 0.025801 0.020355 0.015484 0.011579 0.008420 0.006007 0.004000 0.002706 0.001776 0.001111 0.000682 0.000380 0.000254 0.000124 0.000070 0.000043 0.000012 0.000007 0.000006 0.000005 0.000000 0.000000 0.000000 0.000000 0.000001 0.000000 0.000000 0.000000 0.000000 
t: 0.004049586778 start: 132 end: 197 0.000001 0.000000 0.000002 0.000004 0.000008 0.000023 0.000030 0.000080 0.000131 0.000212 0.000362 0.000609 0.001055 0.001618 0.002438 0.003661 0.005265 0.007550 0.010271 0.013897 0.018251 0.023222 0.029287 0.035402 0.041857 0.048142 0.053513 0.058761 0.062731 0.064341 0.065431 0.064050 0.061604 0.056484 0.051451 0.045430 0.038947 0.032184 0.026602 0.020755 0.015948 0.012051 0.008678 0.006060 0.004148 0.002830 0.001842 0.001161 0.000696 0.000418 0.000244 0.000123 0.000071 0.000029 0.000024 0.000008 0.000004 0.000002 0.000001 0.000000 0.000000 0.000000 0.000000 0.000000 0.000000 0.000000 
t: 0.003769230770 start: 137 end: 202 0.000003 0.000004 0.000007 0.000011 0.000024 0.000034 0.000088 0.000142 0.000221 0.000449 0.000728 0.001126 0.001757 0.002629 0.003984 0.005816 0.008069 0.011112 0.014848 0.019401 0.024706 0.030913 0.036848 0.043364 0.049933 0.055330 0.060313 0.063152 0.065347 0.065271 0.063786 0.060328 0.055950 0.049912 0.043939 0.037105 0.030630 0.024706 0.019335 0.014736 0.010781 0.007873 0.005299 0.003682 0.002462 0.001588 0.001011 0.000526 0.000337 0.000201 0.000084 0.000045 0.000029 0.000015 0.000005 0.000003 0.000001 0.000001 0.000000 0.000000 0.000000 0.000000 0.000000 0.000000 0.000000 0.000000 
t: 0.003525179857 start: 140 end: 205 0.000001 0.000001 0.000004 0.000006 0.000016 0.000039 0.000060 0.000101 0.000187 0.000340 0.000565 0.000943 0.001388 0.002217 0.003410 0.004762 0.006834 0.009923 0.013169 0.017331 0.022428 0.028050 0.034506 0.041068 0.047305 0.053427 0.058426 0.062374 0.065280 0.066122 0.064878 0.062139 0.057928 0.052426 0.046471 0.040050 0.033192 0.026621 0.021464 0.016603 0.011808 0.008614 0.006125 0.004233 0.002732 0.001785 0.001166 0.000645 0.000407 0.000199 0.000122 0.000052 0.000029 0.000015 0.000004 0.000007 0.000000 0.000001 0.000000 0.000001 0.000000 0.000000 0.000000 0.000000 0.000000 0.000000 
t: 0.003310810811 start: 143 end: 207 0.000001 0.000001 0.000006 0.000002 0.000015 0.000030 0.000049 0.000104 0.000160 0.000301 0.000517 0.000886 0.001362 0.002118 0.003068 0.004630 0.006585 0.009219 0.012777 0.016621 0.021797 0.027494 0.033849 0.040246 0.046815 0.052398 0.058131 0.062814 0.065343 0.066237 0.065880 0.062788 0.058819 0.053069 0.047137 0.040506 0.034110 0.027453 0.021463 0.016609 0.012413 0.008785 0.006123 0.004157 0.002762 0.001796 0.001091 0.000666 0.000384 0.000197 0.000109 0.000058 0.000024 0.000013 0.000009 0.000002 0.000000 0.000001 0.000000 0.000000 0.000000 0.000000 0.000000 0.000000 0.000000 
t: 0.003121019109 start: 145 end: 209 0.000001 0.000000 0.000001 0.000002 0.000007 0.000019 0.000022 0.000057 0.000105 0.000180 0.000318 0.000532 0.000837 0.001430 0.002115 0.003282 0.004753 0.006909 0.009607 0.013009 0.017232 0.022536 0.028276 0.034781 0.041229 0.047533 0.053900 0.059204 0.063596 0.066293 0.066616 0.065350 0.062760 0.058379 0.052575 0.046574 0.039528 0.033001 0.025952 0.020407 0.015880 0.011458 0.008170 0.005555 0.003828 0.002478 0.001528 0.000961 0.000533 0.000357 0.000185 0.000080 0.000038 0.000022 0.000014 0.000003 0.000001 0.000001 0.000000 0.000000 0.000000 0.000000 0.000000 0.000000 0.000000 
t: 0.002951807229 start: 148 end: 213 0.000001 0.000001 0.000004 0.000005 0.000006 0.000023 0.000032 0.000065 0.000133 0.000199 0.000370 0.000605 0.000938 0.001627 0.002420 0.003769 0.005381 0.007703 0.010840 0.014188 0.019130 0.024386 0.030526 0.037098 0.043761 0.050161 0.056182 0.061312 0.065372 0.066986 0.066900 0.064933 0.061850 0.056312 0.050483 0.044272 0.036700 0.030189 0.023711 0.018205 0.013774 0.009991 0.006844 0.004705 0.003050 0.002057 0.001225 0.000716 0.000380 0.000224 0.000139 0.000063 0.000028 0.000012 0.000008 0.000003 0.000000 0.000001 0.000000 0.000001 0.000000 0.000000 0.000000 0.000000 0.000000 0.000000 
t: 0.002800000000 start: 152 end: 216 0.000002 0.000004 0.000004 0.000011 0.000031 0.000044 0.000090 0.000157 0.000263 0.000473 0.000800 0.001151 0.001973 0.003016 0.004565 0.006559 0.009279 0.012472 0.016809 0.021836 0.027735 0.034370 0.040846 0.047600 0.053915 0.060011 0.064200 0.066599 0.068011 0.066595 0.063380 0.059521 0.053102 0.046930 0.039661 0.032581 0.025970 0.020562 0.015448 0.011250 0.007828 0.005211 0.003635 0.002239 0.001426 0.000801 0.000486 0.000267 0.000145 0.000075 0.000032 0.000019 0.000005 0.000001 0.000002 0.000000 0.000001 0.000001 0.000000 0.000000 0.000000 0.000000 0.000000 0.000000 0.000000 
t: 0.002663043479 start: 155 end: 216 0.000004 0.000004 0.000007 0.000019 0.000043 0.000073 0.000129 0.000228 0.000367 0.000664 0.001061 0.001685 0.002666 0.003977 0.005879 0.008057 0.011724 0.015458 0.020681 0.026265 0.032521 0.038900 0.045740 0.053196 0.058890 0.063819 0.066727 0.068175 0.067601 0.064763 0.061209 0.055007 0.048548 0.041261 0.033637 0.027784 0.021570 0.016155 0.011883 0.008382 0.005707 0.003692 0.002401 0.001502 0.000881 0.000484 0.000288 0.000151 0.000076 0.000031 0.000014 0.000011 0.000001 0.000000 0.000002 0.000000 0.000000 0.000000 0.000000 0.000000 0.000000 0.000000 
t: 0.002538860104 start: 155 end: 218 0.000001 0.000002 0.000001 0.000005 0.000006 0.000015 0.000033 0.000064 0.000119 0.000200 0.000333 0.000579 0.000976 0.001620 0.002480 0.003714 0.005540 0.007904 0.010964 0.014902 0.019880 0.025597 0.031865 0.038587 0.045495 0.052588 0.059321 0.063405 0.067274 0.068689 0.068069 0.065676 0.061699 0.056064 0.048962 0.041711 0.034401 0.027894 0.021621 0.016398 0.011917 0.008419 0.005679 0.003685 0.002322 0.001415 0.000872 0.000501 0.000286 0.000111 0.000072 0.000044 0.000010 0.000008 0.000004 0.000001 0.000000 0.000000 0.000000 0.000000 0.000000 0.000000 0.000000 0.000000 
t: 0.002425742574 start: 157 end: 219 0.000001 0.000001 0.000003 0.000003 0.000012 0.000017 0.000017 0.000067 0.000111 0.000182 0.000367 0.000619 0.000994 0.001469 0.002438 0.003709 0.005638 0.007890 0.010939 0.014934 0.020077 0.025935 0.031986 0.038658 0.046632 0.053400 0.059710 0.063815 0.067906 0.069439 0.068582 0.066199 0.061769 0.055428 0.048612 0.041294 0.033937 0.027367 0.021095 0.015725 0.011409 0.007898 0.005222 0.003452 0.002088 0.001313 0.000743 0.000443 0.000248 0.000112 0.000053 0.000025 0.000010 0.000006 0.000001 0.000000 0.000000 0.000000 0.000000 0.000000 0.000000 0.000000 0.000000 
t: 0.002322274882 start: 157 end: 219 0.000001 0.000000 0.000000 0.000001 0.000002 0.000003 0.000008 0.000019 0.000039 0.000045 0.000120 0.000200 0.000391 0.000652 0.000989 0.001595 0.002516 0.003921 0.005770 0.008272 0.011411 0.015742 0.021020 0.026652 0.033052 0.040674 0.047715 0.054837 0.060920 0.065616 0.069007 0.069795 0.068967 0.065958 0.061004 0.054356 0.047430 0.039537 0.032505 0.026005 0.019585 0.014517 0.010225 0.007098 0.004700 0.002952 0.001800 0.001050 0.000638 0.000344 0.000192 0.000076 0.000045 0.000015 0.000011 0.000004 0.000001 0.000000 0.000000 0.000000 0.000000 0.000000 0.000000 
t: 0.002227272727 start: 160 end: 220 0.000001 0.000000 0.000000 0.000002 0.000008 0.000015 0.000014 0.000036 0.000062 0.000119 0.000233 0.000442 0.000716 0.001066 0.001795 0.002808 0.004169 0.006395 0.008952 0.012511 0.016990 0.022380 0.028774 0.035370 0.042500 0.050075 0.057012 0.062938 0.067601 0.069840 0.070354 0.068874 0.065145 0.059510 0.052299 0.044697 0.037798 0.030052 0.023441 0.017711 0.012681 0.009055 0.006038 0.003828 0.002427 0.001417 0.000858 0.000489 0.000276 0.000117 0.000064 0.000021 0.000014 0.000008 0.000002 0.000000 0.000000 0.000000 0.000000 0.000000 0.000000 
t: 0.002139737991 start: 161 end: 222 0.000001 0.000000 0.000000 0.000002 0.000003 0.000008 0.000010 0.000020 0.000044 0.000086 0.000146 0.000284 0.000488 0.000783 0.001333 0.002004 0.003131 0.004994 0.007153 0.010150 0.014307 0.018992 0.024596 0.031301 0.038106 0.046200 0.053111 0.059855 0.065433 0.068969 0.071075 0.070644 0.068152 0.062843 0.056828 0.049931 0.041921 0.034174 0.026731 0.020652 0.015344 0.010819 0.007398 0.004772 0.002992 0.001860 0.001082 0.000654 0.000321 0.000159 0.000068 0.000040 0.000018 0.000009 0.000002 0.000001 0.000000 0.000000 0.000000 0.000000 0.000000 0.000000 
t: 0.002058823530 start: 163 end: 223 0.000001 0.000000 0.000000 0.000004 0.000004 0.000006 0.000016 0.000021 0.000052 0.000097 0.000220 0.000355 0.000600 0.000962 0.001520 0.002539 0.003859 0.005804 0.008369 0.012069 0.016258 0.021679 0.027738 0.034536 0.042385 0.049433 0.057136 0.063047 0.068410 0.071130 0.071428 0.069697 0.066217 0.060433 0.053880 0.045888 0.037747 0.030046 0.023573 0.017309 0.012426 0.008692 0.005712 0.003600 0.002259 0.001302 0.000737 0.000419 0.000210 0.000101 0.000043 0.000021 0.000006 0.000003 0.000000 0.000001 0.000000 0.000000 0.000000 0.000000 0.000000 
t: 0.001983805668 start: 166 end: 226 0.000001 0.000003 0.000000 0.000009 0.000007 0.000020 0.000036 0.000071 0.000152 0.000267 0.000437 0.000742 0.001297 0.002028 0.003165 0.004702 0.007179 0.010214 0.014205 0.019095 0.024945 0.031736 0.038840 0.046784 0.054408 0.061397 0.066657 0.070571 0.072681 0.071004 0.068901 0.063146 0.056721 0.049356 0.041142 0.032807 0.025617 0.019219 0.014071 0.009827 0.006492 0.004181 0.002560 0.001494 0.000879 0.000465 0.000252 0.000132 0.000054 0.000017 0.000010 0.000002 0.000001 0.000001 0.000000 0.000000 0.000000 0.000000 0.000000 0.000000 0.000000 
t: 0.001914062500 start: 168 end: 227 0.000002 0.000001 0.000003 0.000004 0.000013 0.000033 0.000050 0.000114 0.000208 0.000340 0.000607 0.001052 0.001669 0.002616 0.004090 0.006000 0.008936 0.012581 0.017187 0.022787 0.029065 0.036864 0.044455 0.052372 0.059437 0.065495 0.070014 0.072322 0.072398 0.070319 0.066003 0.059127 0.051638 0.043695 0.035586 0.027534 0.021304 0.015026 0.010703 0.007248 0.004534 0.002852 0.001704 0.000983 0.000512 0.000264 0.000151 0.000068 0.000020 0.000008 0.000004 0.000002 0.000000 0.000000 0.000000 0.000000 0.000000 0.000000 0.000000 0.000000 
t: 0.001849056604 start: 169 end: 228 0.000001 0.000002 0.000002 0.000007 0.000007 0.000030 0.000040 0.000095 0.000161 0.000250 0.000517 0.000888 0.001381 0.002311 0.003582 0.005313 0.007864 0.011388 0.015558 0.021195 0.027502 0.034822 0.042603 0.050296 0.057833 0.064580 0.069453 0.072757 0.073619 0.071502 0.067202 0.061420 0.053871 0.045746 0.037388 0.029601 0.022042 0.016217 0.011289 0.007790 0.004908 0.003052 0.001834 0.000987 0.000545 0.000308 0.000128 0.000070 0.000029 0.000009 0.000003 0.000002 0.000000 0.000000 0.000000 0.000000 0.000000 0.000000 0.000000 0.000000 
t: 0.001788321168 start: 171 end: 230 0.000002 0.000002 0.000003 0.000011 0.000019 0.000034 0.000070 0.000139 0.000218 0.000418 0.000776 0.001207 0.002016 0.003130 0.004888 0.007114 0.010419 0.014719 0.019784 0.026044 0.033632 0.041010 0.048737 0.057065 0.063798 0.069297 0.072524 0.074329 0.072474 0.068997 0.062940 0.055525 0.047201 0.038676 0.030556 0.023017 0.016954 0.011862 0.008034 0.005083 0.003229 0.001844 0.001082 0.000558 0.000316 0.000138 0.000070 0.000022 0.000010 0.000004 0.000002 0.000000 0.000001 0.000000 0.000000 0.000000 0.000000 0.000000 0.000000 0.000000 
t: 0.001731448763 start: 172 end: 231 0.000001 0.000003 0.000003 0.000006 0.000009 0.000031 0.000055 0.000109 0.000209 0.000365 0.000691 0.001100 0.001795 0.002895 0.004413 0.006775 0.009824 0.013789 0.018904 0.025247 0.032150 0.040022 0.048604 0.055618 0.063537 0.069005 0.073379 0.074465 0.073651 0.069930 0.064191 0.056582 0.048715 0.039433 0.030933 0.023613 0.017216 0.012125 0.008167 0.005335 0.003112 0.001869 0.001019 0.000576 0.000287 0.000148 0.000054 0.000019 0.000010 0.000007 0.000003 0.000001 0.000000 0.000000 0.000000 0.000000 0.000000 0.000000 0.000000 0.000000 
t: 0.001678082192 start: 173 end: 232 0.000001 0.000001 0.000004 0.000004 0.000009 0.000022 0.000053 0.000096 0.000183 0.000346 0.000642 0.001015 0.001714 0.002690 0.004152 0.006448 0.009485 0.013174 0.018284 0.024436 0.031697 0.039489 0.047910 0.055835 0.063438 0.069088 0.073590 0.075302 0.074832 0.070375 0.064621 0.057692 0.048781 0.039871 0.031363 0.023647 0.017395 0.012191 0.008000 0.005179 0.003128 0.001789 0.001005 0.000531 0.000272 0.000133 0.000051 0.000016 0.000010 0.000007 0.000002 0.000001 0.000000 0.000000 0.000000 0.000000 0.000000 0.000000 0.000000 0.000000 
t: 0.001627906977 start: 175 end: 232 0.000003 0.000001 0.000003 0.000007 0.000025 0.000044 0.000079 0.000170 0.000331 0.000563 0.000972 0.001670 0.002594 0.004109 0.006145 0.009183 0.013010 0.018078 0.024081 0.031416 0.039569 0.047401 0.056327 0.063624 0.069778 0.074050 0.076232 0.075020 0.070830 0.064988 0.057772 0.049088 0.039796 0.031198 0.023557 0.017154 0.011882 0.007755 0.004959 0.002957 0.001747 0.000898 0.000503 0.000241 0.000109 0.000051 0.000016 0.000009 0.000004 0.000001 0.000000 0.000000 0.000000 0.000000 0.000000 0.000000 0.000000 0.000000 
t: 0.001580645161 start: 176 end: 232 0.000001 0.000002 0.000002 0.000011 0.000023 0.000041 0.000088 0.000146 0.000317 0.000524 0.000967 0.001586 0.002619 0.004042 0.006064 0.009110 0.013065 0.017948 0.024368 0.031548 0.039592 0.048258 0.056532 0.064392 0.070574 0.074633 0.076550 0.075356 0.071236 0.065402 0.057487 0.048679 0.039418 0.030548 0.022822 0.016585 0.011475 0.007373 0.004722 0.002741 0.001524 0.000812 0.000454 0.000200 0.000101 0.000041 0.000010 0.000009 0.000002 0.000000 0.000000 0.000000 0.000000 0.000000 0.000000 0.000000 0.000000 
t: 0.001536050157 start: 177 end: 233 0.000001 0.000000 0.000004 0.000011 0.000022 0.000034 0.000091 0.000169 0.000278 0.000557 0.000932 0.001581 0.002549 0.004101 0.006205 0.009221 0.013068 0.018394 0.024798 0.032130 0.040107 0.048907 0.058032 0.065045 0.071362 0.075557 0.077054 0.075655 0.071566 0.064720 0.057295 0.047690 0.038369 0.029590 0.022104 0.015765 0.010677 0.006777 0.004414 0.002441 0.001312 0.000727 0.000371 0.000187 0.000083 0.000024 0.000015 0.000006 0.000001 0.000001 0.000000 0.000000 0.000000 0.000000 0.000000 0.000000 0.000000 
t: 0.001493902439 start: 179 end: 234 0.000001 0.000006 0.000012 0.000017 0.000041 0.000084 0.000163 0.000309 0.000533 0.001000 0.001648 0.002612 0.004126 0.006433 0.009351 0.013698 0.018891 0.025510 0.032842 0.041203 0.050299 0.059066 0.066069 0.072678 0.076389 0.077800 0.075934 0.070970 0.064575 0.055941 0.046582 0.036935 0.028432 0.020873 0.014629 0.009727 0.006355 0.003782 0.002133 0.001196 0.000585 0.000336 0.000133 0.000064 0.000023 0.000009 0.000004 0.000001 0.000000 0.000000 0.000000 0.000000 0.000000 0.000000 0.000000 0.000000 
t: 0.001454005935 start: 180 end: 234 0.000002 0.000005 0.000007 0.000022 0.000044 0.000089 0.000176 0.000308 0.000590 0.001038 0.001695 0.002735 0.004285 0.006700 0.009738 0.014303 0.019728 0.026502 0.033923 0.042889 0.052015 0.060269 0.067892 0.073937 0.077414 0.078089 0.075966 0.070608 0.063565 0.054446 0.044659 0.035466 0.026703 0.019383 0.013258 0.008917 0.005723 0.003178 0.001838 0.000942 0.000550 0.000224 0.000114 0.000038 0.000017 0.000009 0.000001 0.000000 0.000000 0.000000 0.000000 0.000000 0.000000 0.000000 0.000000 
t: 0.001416184971 start: 180 end: 235 0.000001 0.000002 0.000003 0.000008 0.000025 0.000047 0.000084 0.000177 0.000367 0.000605 0.001066 0.001834 0.002944 0.004624 0.006962 0.010504 0.014764 0.020972 0.027830 0.035619 0.044674 0.053617 0.062388 0.070143 0.075387 0.077985 0.078623 0.075617 0.069641 0.061667 0.052822 0.042638 0.033478 0.024828 0.017608 0.012126 0.007810 0.004835 0.002640 0.001495 0.000833 0.000391 0.000190 0.000071 0.000037 0.000014 0.000002 0.000002 0.000000 0.000000 0.000000 0.000000 0.000000 0.000000 0.000000 0.000000 
t: 0.001380281690 start: 181 end: 236 0.000001 0.000001 0.000003 0.000012 0.000025 0.000050 0.000108 0.000189 0.000390 0.000656 0.001203 0.001912 0.003223 0.004932 0.007712 0.011159 0.015938 0.022186 0.029409 0.037753 0.047006 0.055888 0.064644 0.071790 0.076841 0.079261 0.078558 0.074607 0.068567 0.059983 0.050052 0.040515 0.030760 0.022957 0.015812 0.010529 0.006668 0.004050 0.002263 0.001219 0.000625 0.000306 0.000146 0.000061 0.000021 0.000006 0.000001 0.000002 0.000000 0.000000 0.000000 0.000000 0.000000 0.000000 0.000000 0.000000 
t: 0.001346153846 start: 183 end: 236 0.000001 0.000006 0.000015 0.000019 0.000063 0.000109 0.000215 0.000435 0.000757 0.001314 0.002159 0.003418 0.005595 0.008268 0.012003 0.017476 0.023807 0.031540 0.039931 0.049275 0.058704 0.066953 0.073907 0.078316 0.080203 0.078488 0.073943 0.066192 0.057192 0.047977 0.037371 0.028277 0.020551 0.013880 0.009061 0.005708 0.003263 0.001812 0.000926 0.000474 0.000230 0.000114 0.000034 0.000014 0.000002 0.000002 0.000000 0.000000 0.000000 0.000000 0.000000 0.000000 0.000000 0.000000 
t: 0.001313672922 start: 184 end: 236 0.000005 0.000004 0.000013 0.000029 0.000068 0.000132 0.000250 0.000467 0.000855 0.001491 0.002396 0.003928 0.006098 0.009158 0.013331 0.019049 0.025745 0.033518 0.042962 0.052073 0.061945 0.069425 0.076032 0.079838 0.080144 0.078525 0.072062 0.064056 0.054519 0.043957 0.034819 0.025455 0.017923 0.012059 0.007685 0.004659 0.002656 0.001361 0.000708 0.000334 0.000176 0.000057 0.000022 0.000009 0.000002 0.000000 0.000000 0.000000 0.000000 0.000000 0.000000 0.000000 0.000000 
t: 0.001282722513 start: 184 end: 237 0.000003 0.000004 0.000005 0.000017 0.000040 0.000079 0.000165 0.000281 0.000562 0.000995 0.001617 0.002774 0.004426 0.006815 0.010230 0.014932 0.020753 0.027942 0.036668 0.045788 0.055397 0.064720 0.072622 0.078171 0.081059 0.080487 0.076756 0.070476 0.061172 0.050891 0.040855 0.031070 0.022521 0.015547 0.010267 0.006224 0.003652 0.002092 0.000982 0.000530 0.000256 0.000095 0.000040 0.000017 0.000004 0.000001 0.000000 0.000000 0.000000 0.000000 0.000000 0.000000 0.000000 0.000000 
t: 0.001253196931 start: 184 end: 238 0.000001 0.000003 0.000005 0.000010 0.000020 0.000042 0.000093 0.000203 0.000342 0.000668 0.001132 0.001886 0.003160 0.005090 0.007856 0.011517 0.016518 0.022921 0.030950 0.039792 0.049248 0.058680 0.068168 0.075454 0.080211 0.081746 0.079968 0.075422 0.067624 0.057633 0.047295 0.036838 0.027730 0.019527 0.013150 0.008382 0.004932 0.002929 0.001458 0.000757 0.000378 0.000162 0.000061 0.000023 0.000012 0.000001 0.000002 0.000000 0.000000 0.000000 0.000000 0.000000 0.000000 0.000000 0.000000 
t: 0.001225000000 start: 184 end: 237 0.000001 0.000000 0.000005 0.000005 0.000012 0.000022 0.000063 0.000121 0.000235 0.000427 0.000766 0.001341 0.002244 0.003643 0.005858 0.009014 0.013023 0.018655 0.025642 0.033929 0.043155 0.052970 0.062691 0.071824 0.078208 0.081392 0.082063 0.079266 0.073110 0.064323 0.053673 0.042889 0.033103 0.024241 0.016479 0.010903 0.006635 0.003963 0.002074 0.001051 0.000577 0.000244 0.000102 0.000035 0.000016 0.000004 0.000003 0.000000 0.000000 0.000000 0.000000 0.000000 0.000000 0.000000 
t: 0.001198044010 start: 186 end: 239 0.000002 0.000004 0.000007 0.000019 0.000026 0.000077 0.000165 0.000291 0.000489 0.000937 0.001640 0.002591 0.004407 0.006832 0.010274 0.014853 0.021336 0.028650 0.037451 0.047055 0.056741 0.067349 0.075432 0.080130 0.082290 0.082042 0.077719 0.069980 0.060028 0.049492 0.038828 0.029013 0.020440 0.013656 0.008741 0.005194 0.002891 0.001540 0.000776 0.000356 0.000163 0.000054 0.000029 0.000006 0.000003 0.000000 0.000001 0.000000 0.000000 0.000000 0.000000 0.000000 0.000000 0.000000 
t: 0.001172248804 start: 187 end: 239 0.000004 0.000004 0.000010 0.000022 0.000031 0.000108 0.000190 0.000346 0.000633 0.001098 0.001968 0.003205 0.005148 0.007996 0.012012 0.016970 0.024276 0.032275 0.041182 0.051221 0.062170 0.071086 0.077913 0.082169 0.083491 0.081024 0.075046 0.065918 0.055813 0.044771 0.034261 0.024823 0.016989 0.011080 0.006753 0.003969 0.002090 0.001036 0.000512 0.000231 0.000097 0.000041 0.000014 0.000003 0.000000 0.000001 0.000000 0.000000 0.000000 0.000000 0.000000 0.000000 0.000000 
t: 0.001147540984 start: 187 end: 240 0.000001 0.000003 0.000007 0.000015 0.000024 0.000052 0.000126 0.000235 0.000411 0.000788 0.001425 0.002314 0.003908 0.006163 0.009595 0.013769 0.019829 0.027524 0.035983 0.045750 0.056533 0.066119 0.074586 0.081538 0.083703 0.083255 0.078956 0.071533 0.061771 0.050563 0.039702 0.029688 0.020868 0.013846 0.008675 0.005177 0.002876 0.001422 0.000706 0.000333 0.000139 0.000061 0.000022 0.000003 0.000002 0.000000 0.000001 0.000000 0.000000 0.000000 0.000000 0.000000 0.000000 0.000000 
t: 0.001123853211 start: 188 end: 240 0.000001 0.000005 0.000008 0.000020 0.000035 0.000072 0.000138 0.000284 0.000539 0.000996 0.001722 0.002874 0.004879 0.007527 0.011017 0.016169 0.022997 0.031249 0.040407 0.050986 0.061145 0.070515 0.078820 0.083257 0.084785 0.081974 0.076191 0.067542 0.056742 0.045366 0.034630 0.025114 0.016975 0.010865 0.006677 0.003774 0.001938 0.000972 0.000454 0.000208 0.000085 0.000035 0.000007 0.000002 0.000001 0.000001 0.000000 0.000000 0.000000 0.000000 0.000000 0.000000 0.000000 
t: 0.001101123596 start: 188 end: 240 0.000001 0.000001 0.000008 0.000011 0.000024 0.000046 0.000090 0.000209 0.000336 0.000700 0.001247 0.002156 0.003627 0.005947 0.008954 0.013162 0.019184 0.026623 0.035478 0.045493 0.055879 0.066148 0.075153 0.081945 0.085164 0.084374 0.079962 0.072688 0.062598 0.050930 0.040034 0.029692 0.020288 0.013563 0.008384 0.004822 0.002665 0.001345 0.000607 0.000277 0.000117 0.000049 0.000015 0.000002 0.000001 0.000001 0.000000 0.000000 0.000000 0.000000 0.000000 0.000000 0.000000 
t: 0.001079295154 start: 189 end: 240 0.000001 0.000005 0.000008 0.000017 0.000028 0.000066 0.000132 0.000251 0.000460 0.000947 0.001608 0.002695 0.004548 0.007103 0.010654 0.015824 0.022676 0.030813 0.040392 0.050597 0.061457 0.071286 0.079453 0.084555 0.085698 0.083182 0.077010 0.068122 0.056653 0.045393 0.034361 0.024351 0.016421 0.010407 0.006159 0.003353 0.001819 0.000870 0.000355 0.000174 0.000068 0.000022 0.000004 0.000000 0.000002 0.000000 0.000000 0.000000 0.000000 0.000000 0.000000 0.000000 
t: 0.001058315335 start: 189 end: 240 0.000001 0.000003 0.000005 0.000008 0.000026 0.000042 0.000091 0.000169 0.000330 0.000672 0.001202 0.002065 0.003474 0.005569 0.008690 0.013024 0.018983 0.026658 0.035297 0.046013 0.056160 0.066763 0.076479 0.082958 0.086077 0.085419 0.080989 0.073011 0.062232 0.050736 0.039304 0.028784 0.019697 0.012638 0.007717 0.004341 0.002345 0.001175 0.000496 0.000226 0.000086 0.000036 0.000007 0.000000 0.000001 0.000001 0.000000 0.000000 0.000000 0.000000 0.000000 0.000000 
t: 0.001038135593 start: 189 end: 240 0.000001 0.000000 0.000005 0.000007 0.000009 0.000034 0.000061 0.000116 0.000231 0.000489 0.000853 0.001558 0.002700 0.004287 0.007077 0.010577 0.015935 0.022612 0.031160 0.040830 0.051454 0.062167 0.072611 0.080843 0.085513 0.086840 0.083901 0.077388 0.067567 0.056121 0.044552 0.033394 0.023137 0.015161 0.009571 0.005545 0.002970 0.001554 0.000677 0.000295 0.000129 0.000052 0.000012 0.000002 0.000001 0.000001 0.000000 0.000000 0.000000 0.000000 0.000000 0.000000 
t: 0.001018711019 start: 190 end: 240 0.000001 0.000001 0.000004 0.000008 0.000025 0.000037 0.000095 0.000165 0.000345 0.000609 0.001185 0.002017 0.003406 0.005625 0.008700 0.012987 0.019439 0.026994 0.036152 0.046839 0.057389 0.067984 0.078288 0.083970 0.087627 0.086364 0.080954 0.072542 0.061587 0.049682 0.037909 0.027023 0.018169 0.011563 0.006958 0.003829 0.001921 0.000930 0.000412 0.000168 0.000068 0.000025 0.000002 0.000001 0.000001 0.000000 0.000000 0.000000 0.000000 0.000000 0.000000 
t: 0.001000000000 start: 190 end: 240 0.000001 0.000000 0.000001 0.000005 0.000014 0.000029 0.000069 0.000129 0.000224 0.000448 0.000856 0.001569 0.002680 0.004446 0.006933 0.010998 0.016241 0.023190 0.031933 0.041840 0.053151 0.063682 0.074529 0.082193 0.086809 0.088140 0.084330 0.077043 0.066478 0.054809 0.042820 0.031429 0.021272 0.013880 0.008481 0.004758 0.002510 0.001196 0.000527 0.000231 0.000083 0.000034 0.000007 0.000001 0.000001 0.000000 0.000000 0.000000 0.000000 0.000000 0.000000 
