t: 0.059999999999 start: 16 end: 52 0.000005 0.000018 0.000067 0.000257 0.000843 0.002224 0.005689 0.012427 0.024472 0.042143 0.065140 0.089934 0.112357 0.125033 0.126241 0.115246 0.095013 0.071116 0.048854 0.030249 0.017005 0.008580 0.004197 0.001796 0.000717 0.000263 0.000085 0.000026 0.000003 0.000000 0.000000 0.000000 0.000000 0.000000 0.000000 0.000000 0.000000 
t: 0.054545454544 start: 18 end: 56 0.000004 0.000014 0.000063 0.000230 0.000667 0.001855 0.004571 0.009972 0.019294 0.033825 0.053763 0.076156 0.098507 0.115100 0.122410 0.117967 0.103865 0.083658 0.061746 0.041641 0.025843 0.014683 0.007764 0.003731 0.001651 0.000677 0.000230 0.000075 0.000029 0.000007 0.000002 0.000000 0.000000 0.000000 0.000000 0.000000 0.000000 0.000000 0.000000 
t: 0.049999999999 start: 20 end: 59 0.000003 0.000025 0.000054 0.000195 0.000576 0.001616 0.003857 0.008113 0.016065 0.028003 0.045287 0.065467 0.086399 0.105338 0.115925 0.116611 0.108758 0.091892 0.072750 0.052597 0.034881 0.021540 0.012156 0.006548 0.003033 0.001401 0.000565 0.000232 0.000081 0.000023 0.000008 0.000001 0.000000 0.000000 0.000000 0.000000 0.000000 0.000000 0.000000 0.000000 
t: 0.046153846153 start: 21 end: 63 0.000001 0.000002 0.000021 0.000060 0.000195 0.000521 0.001413 0.003317 0.007102 0.013844 0.024065 0.038877 0.057020 0.076892 0.095744 0.109106 0.113632 0.109388 0.097759 0.080431 0.061851 0.043495 0.028395 0.017577 0.009863 0.005113 0.002413 0.001147 0.000460 0.000195 0.000063 0.000027 0.000006 0.000003 0.000002 0.000000 0.000000 0.000000 0.000000 0.000000 0.000000 0.000000 0.000000 
t: 0.042857142857 start: 23 end: 66 0.000001 0.000004 0.000016 0.000067 0.000191 0.000515 0.001300 0.003129 0.006238 0.012033 0.021471 0.034328 0.051007 0.069244 0.087135 0.102173 0.109543 0.108884 0.100492 0.085912 0.068759 0.051433 0.035039 0.022670 0.013517 0.007511 0.003953 0.001963 0.000847 0.000402 0.000133 0.000061 0.000020 0.000006 0.000002 0.000000 0.000000 0.000001 0.000000 0.000000 0.000000 0.000000 0.000000 0.000000 
t: 0.040000000000 start: 25 end: 70 0.000001 0.000005 0.000010 0.000067 0.000186 0.000510 0.001284 0.002861 0.005844 0.011148 0.019256 0.031035 0.046371 0.063237 0.080689 0.095651 0.104646 0.106969 0.101028 0.090095 0.074204 0.057450 0.041039 0.027888 0.017213 0.010305 0.005518 0.002970 0.001408 0.000681 0.000283 0.000090 0.000036 0.000018 0.000001 0.000001 0.000001 0.000001 0.000000 0.000000 0.000000 0.000000 0.000000 0.000000 0.000000 0.000000 
t: 0.037500000000 start: 26 end: 71 0.000001 0.000000 0.000006 0.000029 0.000084 0.000205 0.000498 0.001212 0.002686 0.005532 0.010487 0.017843 0.028559 0.042899 0.058823 0.075397 0.090070 0.100708 0.104439 0.101417 0.091416 0.078157 0.062079 0.046293 0.031930 0.021041 0.012766 0.007564 0.004068 0.002095 0.000970 0.000439 0.000173 0.000064 0.000033 0.000012 0.000003 0.000001 0.000000 0.000001 0.000000 0.000000 0.000000 0.000000 0.000000 0.000000 
t: 0.035294117647 start: 29 end: 73 0.000001 0.000008 0.000031 0.000088 0.000229 0.000535 0.001275 0.002702 0.005365 0.009876 0.017113 0.027028 0.040075 0.055382 0.071386 0.086112 0.096192 0.101507 0.100303 0.092613 0.080099 0.066260 0.050000 0.036154 0.024301 0.015453 0.009256 0.005309 0.002792 0.001430 0.000642 0.000273 0.000135 0.000048 0.000019 0.000006 0.000002 0.000000 0.000000 0.000000 0.000000 0.000000 0.000000 0.000000 0.000000 
t: 0.033333333333 start: 31 end: 76 0.000004 0.000010 0.000049 0.000092 0.000245 0.000565 0.001307 0.002907 0.005243 0.009761 0.016625 0.026195 0.038685 0.053043 0.068222 0.081995 0.093163 0.098989 0.098847 0.092244 0.081980 0.067887 0.053156 0.039134 0.027296 0.017818 0.011083 0.006364 0.003601 0.001877 0.000904 0.000400 0.000187 0.000076 0.000031 0.000009 0.000002 0.000004 0.000000 0.000000 0.000000 0.000000 0.000000 0.000000 0.000000 0.000000 
t: 0.031578947368 start: 31 end: 80 0.000001 0.000003 0.000002 0.000010 0.000050 0.000109 0.000273 0.000691 0.001408 0.002934 0.005456 0.009826 0.016457 0.025812 0.037580 0.051187 0.066496 0.079503 0.089897 0.096070 0.097572 0.092372 0.082442 0.068976 0.055182 0.041497 0.029360 0.019861 0.012588 0.007643 0.004267 0.002296 0.001170 0.000580 0.000254 0.000094 0.000048 0.000020 0.000007 0.000004 0.000001 0.000001 0.000000 0.000000 0.000000 0.000000 0.000000 0.000000 0.000000 0.000000 
t: 0.030000000000 start: 32 end: 81 0.000001 0.000001 0.000002 0.000005 0.000020 0.000058 0.000127 0.000344 0.000756 0.001543 0.003122 0.005769 0.009923 0.016933 0.025797 0.036980 0.050419 0.064625 0.077428 0.087793 0.094417 0.095604 0.091196 0.082051 0.069751 0.056930 0.042837 0.031264 0.021285 0.013953 0.008576 0.004974 0.002752 0.001447 0.000710 0.000366 0.000143 0.000055 0.000026 0.000012 0.000004 0.000001 0.000000 0.000000 0.000000 0.000000 0.000000 0.000000 0.000000 0.000000 
t: 0.028571428571 start: 34 end: 84 0.000001 0.000001 0.000003 0.000010 0.000026 0.000071 0.000169 0.000392 0.000824 0.001740 0.003352 0.006173 0.010549 0.017194 0.026179 0.037173 0.049921 0.063742 0.076258 0.086536 0.092673 0.093319 0.089986 0.081656 0.069934 0.056950 0.043952 0.032508 0.022349 0.014952 0.009346 0.005568 0.003136 0.001738 0.000858 0.000436 0.000188 0.000079 0.000036 0.000013 0.000006 0.000002 0.000000 0.000001 0.000000 0.000000 0.000000 0.000000 0.000000 0.000000 0.000000 
t: 0.027272727273 start: 36 end: 85 0.000001 0.000002 0.000005 0.000011 0.000027 0.000087 0.000225 0.000446 0.000961 0.001959 0.003740 0.006581 0.011424 0.017880 0.027142 0.037802 0.050313 0.063033 0.075671 0.085389 0.090735 0.092033 0.088812 0.080061 0.069540 0.056935 0.044346 0.032827 0.023340 0.015506 0.009848 0.006062 0.003395 0.001985 0.000973 0.000481 0.000237 0.000111 0.000043 0.000018 0.000008 0.000005 0.000000 0.000000 0.000000 0.000000 0.000000 0.000000 0.000000 0.000000 
t: 0.026086956522 start: 39 end: 88 0.000002 0.000005 0.000021 0.000048 0.000099 0.000248 0.000510 0.001194 0.002212 0.004257 0.007387 0.012254 0.018958 0.027846 0.038749 0.051020 0.064031 0.074991 0.084316 0.089457 0.090540 0.087024 0.078669 0.069024 0.056443 0.043719 0.033020 0.023414 0.016043 0.010284 0.006270 0.003716 0.002070 0.001087 0.000591 0.000266 0.000117 0.000065 0.000013 0.000011 0.000008 0.000001 0.000000 0.000000 0.000000 0.000000 0.000000 0.000000 0.000000 0.000000 
t: 0.025000000000 start: 41 end: 90 0.000004 0.000011 0.000030 0.000050 0.000107 0.000318 0.000704 0.001348 0.002704 0.004858 0.008232 0.013253 0.019955 0.029294 0.040275 0.051961 0.064361 0.075669 0.083385 0.088853 0.089088 0.085375 0.077162 0.066943 0.055465 0.043658 0.032580 0.023371 0.015848 0.010352 0.006483 0.003796 0.002215 0.001121 0.000607 0.000295 0.000155 0.000057 0.000034 0.000012 0.000006 0.000005 0.000000 0.000000 0.000000 0.000000 0.000000 0.000000 0.000000 0.000000 
t: 0.024000000000 start: 42 end: 92 0.000002 0.000006 0.000012 0.000029 0.000073 0.000185 0.000429 0.000871 0.001649 0.003138 0.005487 0.009204 0.014722 0.021754 0.031020 0.041432 0.053852 0.065624 0.075901 0.082852 0.087895 0.087659 0.083537 0.075640 0.064881 0.054381 0.042119 0.031893 0.022810 0.015625 0.010359 0.006359 0.003957 0.002202 0.001175 0.000654 0.000313 0.000154 0.000079 0.000035 0.000018 0.000011 0.000002 0.000000 0.000000 0.000000 0.000000 0.000000 0.000000 0.000000 0.000000 
t: 0.023076923077 start: 43 end: 96 0.000001 0.000002 0.000005 0.000017 0.000051 0.000119 0.000233 0.000562 0.001071 0.002016 0.003746 0.006318 0.010477 0.016133 0.023692 0.033454 0.043506 0.055531 0.066349 0.076562 0.083282 0.087183 0.085985 0.081094 0.072769 0.063534 0.052351 0.041106 0.030679 0.022109 0.015106 0.010042 0.006502 0.003715 0.002193 0.001253 0.000629 0.000314 0.000171 0.000077 0.000034 0.000016 0.000006 0.000003 0.000001 0.000001 0.000000 0.000000 0.000000 0.000000 0.000000 0.000000 0.000000 0.000000 
t: 0.022222222222 start: 44 end: 96 0.000001 0.000001 0.000002 0.000010 0.000027 0.000065 0.000152 0.000340 0.000678 0.001385 0.002583 0.004477 0.007377 0.011944 0.017905 0.025949 0.035350 0.046432 0.057422 0.068100 0.077395 0.083157 0.085668 0.084431 0.078919 0.071300 0.060897 0.050036 0.039052 0.029455 0.021037 0.014610 0.009541 0.006137 0.003710 0.002051 0.001183 0.000583 0.000331 0.000168 0.000079 0.000032 0.000017 0.000006 0.000005 0.000000 0.000000 0.000000 0.000000 0.000000 0.000000 0.000000 0.000000 
t: 0.021428571428 start: 46 end: 97 0.000002 0.000003 0.000005 0.000014 0.000046 0.000087 0.000223 0.000468 0.000903 0.001770 0.003099 0.005292 0.008713 0.013536 0.020311 0.028409 0.038155 0.049161 0.059783 0.069884 0.077861 0.082788 0.085135 0.082360 0.076931 0.068050 0.058451 0.047394 0.037257 0.027777 0.019891 0.013878 0.008986 0.005787 0.003316 0.002022 0.001069 0.000587 0.000309 0.000146 0.000088 0.000026 0.000018 0.000009 0.000000 0.000000 0.000000 0.000000 0.000000 0.000000 0.000000 0.000000 
t: 0.020689655172 start: 47 end: 100 0.000002 0.000002 0.000002 0.000013 0.000023 0.000055 0.000138 0.000308 0.000648 0.001187 0.002232 0.003863 0.006467 0.010220 0.015499 0.022643 0.031453 0.041191 0.051919 0.062255 0.071443 0.078921 0.083343 0.083500 0.079867 0.074242 0.065554 0.055281 0.045098 0.034486 0.026138 0.018648 0.012665 0.008239 0.005226 0.003262 0.001862 0.001028 0.000496 0.000298 0.000164 0.000064 0.000036 0.000013 0.000005 0.000001 0.000000 0.000000 0.000000 0.000000 0.000000 0.000000 0.000000 0.000000 
t: 0.020000000000 start: 49 end: 102 0.000002 0.000003 0.000004 0.000014 0.000036 0.000093 0.000214 0.000401 0.000858 0.001585 0.002811 0.004845 0.007800 0.012091 0.017845 0.025414 0.034629 0.044429 0.054845 0.064792 0.073824 0.079388 0.082749 0.081676 0.078044 0.071330 0.062203 0.052208 0.042035 0.032595 0.023600 0.016968 0.011787 0.007673 0.004703 0.002921 0.001659 0.000923 0.000491 0.000264 0.000139 0.000060 0.000029 0.000012 0.000006 0.000002 0.000000 0.000000 0.000000 0.000000 0.000000 0.000000 0.000000 0.000000 
t: 0.019354838710 start: 50 end: 103 0.000001 0.000000 0.000004 0.000010 0.000026 0.000061 0.000138 0.000313 0.000588 0.001184 0.002052 0.003656 0.005864 0.009573 0.014274 0.020651 0.028679 0.037430 0.047821 0.058116 0.067842 0.075146 0.079793 0.082243 0.080159 0.075459 0.067992 0.058559 0.048897 0.039074 0.029739 0.021816 0.015339 0.010658 0.006869 0.004250 0.002554 0.001435 0.000852 0.000419 0.000248 0.000115 0.000064 0.000024 0.000009 0.000003 0.000001 0.000000 0.000000 0.000000 0.000000 0.000000 0.000000 0.000000 
t: 0.018750000000 start: 52 end: 105 0.000001 0.000003 0.000008 0.000021 0.000040 0.000098 0.000202 0.000425 0.000853 0.001517 0.002740 0.004473 0.007402 0.011341 0.017076 0.023550 0.032053 0.041372 0.051600 0.061506 0.070416 0.076630 0.079987 0.080656 0.078624 0.072426 0.064277 0.054835 0.045366 0.035886 0.026865 0.019646 0.013928 0.009381 0.006055 0.003730 0.002253 0.001268 0.000717 0.000406 0.000193 0.000089 0.000046 0.000027 0.000009 0.000003 0.000000 0.000000 0.000000 0.000000 0.000000 0.000000 0.000000 0.000000 
t: 0.018181818182 start: 54 end: 109 0.000006 0.000004 0.000008 0.000031 0.000063 0.000167 0.000267 0.000592 0.001159 0.002046 0.003516 0.005768 0.009173 0.013716 0.019653 0.027241 0.035874 0.045517 0.055421 0.064879 0.072161 0.077747 0.080180 0.079408 0.075906 0.068945 0.060427 0.051134 0.041748 0.032550 0.024196 0.017313 0.012222 0.008193 0.005250 0.003228 0.001951 0.001127 0.000617 0.000296 0.000141 0.000089 0.000039 0.000018 0.000008 0.000002 0.000002 0.000001 0.000000 0.000000 0.000000 0.000000 0.000000 0.000000 0.000000 0.000000 
t: 0.017647058823 start: 54 end: 110 0.000001 0.000002 0.000004 0.000007 0.000022 0.000056 0.000083 0.000198 0.000438 0.000885 0.001580 0.002742 0.004661 0.007191 0.011206 0.016425 0.023005 0.031066 0.039973 0.049860 0.059273 0.067719 0.074190 0.078641 0.079413 0.077397 0.072575 0.065657 0.056840 0.047043 0.037534 0.028780 0.021541 0.015406 0.010628 0.007138 0.004507 0.002814 0.001600 0.000881 0.000481 0.000273 0.000139 0.000071 0.000026 0.000018 0.000004 0.000005 0.000001 0.000000 0.000000 0.000000 0.000000 0.000000 0.000000 0.000000 0.000000 
t: 0.017142857143 start: 56 end: 110 0.000004 0.000000 0.000007 0.000018 0.000029 0.000070 0.000156 0.000339 0.000646 0.001281 0.002133 0.003626 0.005853 0.009152 0.013751 0.019718 0.026826 0.035086 0.044236 0.054034 0.062841 0.070438 0.075917 0.078771 0.078440 0.075146 0.068870 0.061504 0.052296 0.042912 0.033625 0.025941 0.018684 0.013434 0.009145 0.006109 0.003759 0.002307 0.001327 0.000746 0.000392 0.000224 0.000103 0.000059 0.000022 0.000012 0.000009 0.000000 0.000002 0.000000 0.000000 0.000000 0.000000 0.000000 0.000000 
t: 0.016666666667 start: 57 end: 114 0.000003 0.000002 0.000003 0.000010 0.000026 0.000044 0.000113 0.000278 0.000484 0.000962 0.001691 0.002899 0.004798 0.007543 0.011456 0.016758 0.023239 0.030945 0.039900 0.049016 0.058090 0.066161 0.072827 0.076914 0.078393 0.076397 0.071841 0.065563 0.056870 0.047719 0.038518 0.030170 0.022472 0.016250 0.011551 0.007722 0.005054 0.003120 0.001852 0.001092 0.000612 0.000333 0.000151 0.000086 0.000047 0.000015 0.000004 0.000002 0.000002 0.000000 0.000002 0.000000 0.000000 0.000000 0.000000 0.000000 0.000000 0.000000 
t: 0.016216216216 start: 58 end: 116 0.000001 0.000001 0.000001 0.000008 0.000022 0.000040 0.000083 0.000195 0.000407 0.000735 0.001329 0.002408 0.003870 0.006276 0.009636 0.014324 0.020131 0.027312 0.035452 0.044348 0.053710 0.061971 0.069790 0.074730 0.077282 0.077336 0.074264 0.068103 0.060618 0.052144 0.043142 0.034440 0.026275 0.019671 0.013945 0.009702 0.006310 0.004081 0.002584 0.001465 0.000874 0.000468 0.000266 0.000144 0.000062 0.000025 0.000006 0.000008 0.000002 0.000002 0.000001 0.000000 0.000000 0.000000 0.000000 0.000000 0.000000 0.000000 0.000000 
t: 0.015789473684 start: 58 end: 114 0.000001 0.000000 0.000000 0.000001 0.000010 0.000011 0.000037 0.000069 0.000148 0.000297 0.000584 0.001138 0.001967 0.003257 0.005265 0.008203 0.012223 0.017501 0.023976 0.031571 0.040402 0.049508 0.058136 0.065871 0.072351 0.076150 0.077198 0.074943 0.070725 0.064279 0.055892 0.046990 0.038704 0.030297 0.022933 0.016490 0.011711 0.008021 0.005218 0.003276 0.002041 0.001182 0.000665 0.000398 0.000198 0.000080 0.000042 0.000023 0.000008 0.000008 0.000000 0.000000 0.000000 0.000000 0.000001 0.000000 0.000000 
t: 0.015384615385 start: 61 end: 119 0.000001 0.000002 0.000005 0.000010 0.000025 0.000062 0.000131 0.000229 0.000488 0.000904 0.001701 0.002711 0.004399 0.006985 0.010543 0.015339 0.021046 0.028424 0.036717 0.045697 0.053846 0.062802 0.068956 0.074241 0.076455 0.075783 0.072577 0.066856 0.059176 0.051434 0.042247 0.034175 0.026186 0.019383 0.013910 0.009667 0.006435 0.004152 0.002750 0.001532 0.000927 0.000534 0.000292 0.000140 0.000068 0.000029 0.000016 0.000006 0.000002 0.000003 0.000000 0.000000 0.000000 0.000000 0.000001 0.000000 0.000000 0.000000 0.000000 
t: 0.015000000000 start: 64 end: 121 0.000008 0.000009 0.000021 0.000045 0.000102 0.000203 0.000413 0.000733 0.001388 0.002218 0.003874 0.005913 0.009173 0.013439 0.018841 0.025594 0.033456 0.041797 0.050504 0.058813 0.066310 0.071865 0.075518 0.076090 0.073625 0.069175 0.062507 0.053970 0.045940 0.037397 0.029653 0.022426 0.016259 0.011633 0.007821 0.005221 0.003372 0.001973 0.001231 0.000669 0.000399 0.000209 0.000102 0.000042 0.000031 0.000009 0.000005 0.000001 0.000002 0.000000 0.000000 0.000001 0.000000 0.000000 0.000000 0.000000 0.000000 0.000000 
t: 0.014634146341 start: 64 end: 123 0.000001 0.000007 0.000009 0.000013 0.000036 0.000098 0.000155 0.000334 0.000623 0.001154 0.001828 0.003323 0.005164 0.008167 0.011760 0.016751 0.023111 0.030414 0.038442 0.047317 0.055584 0.063203 0.069771 0.073982 0.075047 0.074874 0.070446 0.064977 0.057081 0.049376 0.040873 0.032538 0.025147 0.019110 0.013330 0.009342 0.006389 0.004160 0.002499 0.001575 0.000909 0.000509 0.000275 0.000162 0.000062 0.000039 0.000019 0.000005 0.000003 0.000002 0.000003 0.000001 0.000000 0.000000 0.000000 0.000000 0.000000 0.000000 0.000000 0.000000 
t: 0.014285714286 start: 65 end: 124 0.000001 0.000004 0.000006 0.000014 0.000037 0.000070 0.000132 0.000293 0.000526 0.000979 0.001631 0.002788 0.004564 0.007185 0.010458 0.015113 0.020826 0.027587 0.035508 0.044031 0.052847 0.060651 0.066984 0.071893 0.074444 0.075062 0.071786 0.066513 0.060467 0.052280 0.043854 0.035525 0.027863 0.021314 0.015651 0.010905 0.007636 0.004794 0.003096 0.001976 0.001249 0.000678 0.000398 0.000181 0.000107 0.000045 0.000025 0.000012 0.000003 0.000004 0.000002 0.000002 0.000000 0.000000 0.000000 0.000000 0.000000 0.000000 0.000000 0.000000 
t: 0.013953488372 start: 66 end: 125 0.000001 0.000001 0.000006 0.000012 0.000028 0.000060 0.000126 0.000226 0.000487 0.000861 0.001459 0.002421 0.003999 0.006261 0.009384 0.013645 0.019022 0.025273 0.032839 0.041083 0.049952 0.057894 0.064478 0.069911 0.073953 0.074459 0.072428 0.068309 0.062468 0.055067 0.047171 0.038308 0.030653 0.023509 0.017552 0.012456 0.008804 0.005848 0.003730 0.002434 0.001502 0.000880 0.000521 0.000258 0.000134 0.000059 0.000040 0.000012 0.000006 0.000003 0.000004 0.000003 0.000000 0.000000 0.000000 0.000000 0.000000 0.000000 0.000000 0.000000 
t: 0.013636363636 start: 68 end: 128 0.000002 0.000006 0.000006 0.000028 0.000054 0.000118 0.000198 0.000402 0.000763 0.001271 0.002186 0.003572 0.005537 0.008410 0.012375 0.017445 0.023272 0.030678 0.038359 0.047291 0.054936 0.062395 0.067932 0.072754 0.073964 0.072747 0.069650 0.064082 0.057485 0.049508 0.041288 0.033543 0.025587 0.019710 0.014018 0.009965 0.006869 0.004449 0.002867 0.001864 0.001054 0.000632 0.000360 0.000177 0.000105 0.000043 0.000019 0.000013 0.000002 0.000003 0.000004 0.000001 0.000001 0.000000 0.000000 0.000000 0.000000 0.000000 0.000000 0.000000 0.000000 
t: 0.013333333333 start: 70 end: 130 0.000006 0.000010 0.000021 0.000040 0.000088 0.000202 0.000356 0.000663 0.001122 0.001936 0.003229 0.005156 0.007423 0.011319 0.015876 0.021858 0.028531 0.036250 0.044241 0.052566 0.060250 0.066391 0.071238 0.073128 0.073278 0.070230 0.065743 0.059264 0.051878 0.043841 0.035518 0.028093 0.021704 0.015766 0.011223 0.007752 0.005165 0.003480 0.002100 0.001346 0.000759 0.000468 0.000253 0.000129 0.000050 0.000032 0.000011 0.000005 0.000007 0.000001 0.000002 0.000001 0.000001 0.000000 0.000000 0.000000 0.000000 0.000000 0.000000 0.000000 0.000000 
t: 0.013043478261 start: 71 end: 131 0.000005 0.000010 0.000018 0.000035 0.000083 0.000152 0.000341 0.000605 0.000990 0.001733 0.002911 0.004529 0.006905 0.010375 0.014766 0.020117 0.026660 0.034467 0.042251 0.050108 0.058202 0.064444 0.069647 0.072492 0.073049 0.070881 0.067176 0.060833 0.053815 0.045836 0.038017 0.030225 0.023302 0.017398 0.012659 0.008849 0.006052 0.003913 0.002499 0.001532 0.000952 0.000546 0.000312 0.000148 0.000087 0.000034 0.000011 0.000011 0.000008 0.000004 0.000001 0.000003 0.000001 0.000000 0.000000 0.000000 0.000000 0.000000 0.000000 0.000000 0.000000 
t: 0.012765957447 start: 72 end: 132 0.000001 0.000014 0.000017 0.000045 0.000052 0.000145 0.000310 0.000499 0.000937 0.001580 0.002642 0.004192 0.006382 0.009479 0.013684 0.018896 0.025267 0.032576 0.039951 0.048476 0.055881 0.062589 0.068378 0.071550 0.073332 0.070702 0.067903 0.062487 0.055948 0.047509 0.039892 0.032341 0.024905 0.019280 0.013756 0.009805 0.006813 0.004503 0.002883 0.001784 0.001168 0.000656 0.000359 0.000208 0.000119 0.000043 0.000032 0.000013 0.000003 0.000007 0.000002 0.000001 0.000003 0.000000 0.000000 0.000000 0.000000 0.000000 0.000000 0.000000 0.000000 
t: 0.012500000000 start: 73 end: 133 0.000005 0.000006 0.000024 0.000030 0.000066 0.000125 0.000266 0.000478 0.000812 0.001525 0.002378 0.003880 0.005940 0.008764 0.012788 0.017674 0.024166 0.030474 0.038442 0.046208 0.054486 0.060929 0.066619 0.070850 0.072142 0.071884 0.068525 0.063993 0.056642 0.049683 0.041638 0.034101 0.026783 0.020575 0.015208 0.010900 0.007523 0.005049 0.003368 0.002016 0.001360 0.000726 0.000407 0.000281 0.000118 0.000068 0.000036 0.000012 0.000013 0.000006 0.000003 0.000003 0.000002 0.000000 0.000000 0.000000 0.000000 0.000000 0.000000 0.000000 0.000000 
t: 0.012244897959 start: 73 end: 135 0.000001 0.000001 0.000010 0.000014 0.000032 0.000056 0.000142 0.000253 0.000425 0.000782 0.001317 0.002277 0.003612 0.005605 0.008158 0.011971 0.016867 0.022594 0.029139 0.036932 0.044781 0.052514 0.059223 0.065689 0.069550 0.071827 0.072106 0.068947 0.064456 0.058255 0.051049 0.043326 0.036080 0.028366 0.021709 0.016434 0.011920 0.008261 0.005698 0.003681 0.002420 0.001498 0.000897 0.000514 0.000297 0.000137 0.000078 0.000047 0.000017 0.000016 0.000008 0.000006 0.000001 0.000003 0.000001 0.000000 0.000000 0.000000 0.000000 0.000000 0.000000 0.000000 0.000000 
t: 0.012000000000 start: 74 end: 136 0.000001 0.000003 0.000003 0.000019 0.000020 0.000062 0.000126 0.000235 0.000378 0.000734 0.001274 0.002142 0.003397 0.005212 0.007811 0.011390 0.015843 0.021286 0.028182 0.035702 0.043066 0.050937 0.057798 0.064376 0.068687 0.071810 0.071508 0.069063 0.065440 0.059323 0.052325 0.045137 0.037281 0.030054 0.022841 0.017509 0.012900 0.009028 0.006252 0.004072 0.002695 0.001705 0.001008 0.000624 0.000356 0.000187 0.000083 0.000044 0.000029 0.000017 0.000010 0.000005 0.000006 0.000002 0.000002 0.000000 0.000000 0.000000 0.000000 0.000000 0.000000 0.000000 0.000000 
t: 0.011764705882 start: 75 end: 137 0.000002 0.000002 0.000006 0.000015 0.000025 0.000056 0.000112 0.000216 0.000380 0.000710 0.001189 0.002008 0.003157 0.005130 0.007398 0.010743 0.014855 0.020596 0.027329 0.034435 0.041727 0.049427 0.056619 0.063022 0.067735 0.070792 0.071350 0.069751 0.065889 0.060349 0.053375 0.046822 0.038728 0.030690 0.024400 0.018623 0.013671 0.009819 0.006793 0.004429 0.002947 0.001883 0.001236 0.000674 0.000402 0.000226 0.000114 0.000057 0.000037 0.000020 0.000014 0.000006 0.000006 0.000002 0.000001 0.000000 0.000000 0.000000 0.000000 0.000000 0.000000 0.000000 0.000000 
t: 0.011538461538 start: 76 end: 138 0.000002 0.000001 0.000006 0.000012 0.000022 0.000057 0.000106 0.000216 0.000345 0.000702 0.001163 0.001883 0.003081 0.004749 0.007191 0.010275 0.014530 0.019942 0.026097 0.033130 0.040532 0.048024 0.055587 0.062018 0.066851 0.070241 0.071200 0.069620 0.066511 0.061166 0.054761 0.047268 0.039828 0.032120 0.025629 0.019537 0.014582 0.010474 0.007316 0.004855 0.003201 0.002029 0.001373 0.000766 0.000452 0.000238 0.000133 0.000083 0.000037 0.000028 0.000016 0.000009 0.000003 0.000001 0.000001 0.000000 0.000000 0.000000 0.000000 0.000000 0.000000 0.000000 0.000000 
t: 0.011320754717 start: 76 end: 139 0.000001 0.000001 0.000002 0.000007 0.000008 0.000027 0.000047 0.000108 0.000206 0.000335 0.000656 0.001070 0.001858 0.002953 0.004648 0.006738 0.010076 0.014137 0.019254 0.025129 0.032199 0.039486 0.046920 0.054635 0.061111 0.065969 0.069745 0.070739 0.069910 0.066390 0.061789 0.055716 0.048293 0.040897 0.033482 0.026354 0.020565 0.015204 0.011163 0.007762 0.005183 0.003535 0.002267 0.001392 0.000869 0.000519 0.000288 0.000161 0.000083 0.000043 0.000029 0.000024 0.000009 0.000003 0.000004 0.000001 0.000000 0.000000 0.000000 0.000000 0.000000 0.000000 0.000000 0.000000 
t: 0.011111111111 start: 77 end: 140 0.000001 0.000000 0.000004 0.000005 0.000012 0.000020 0.000053 0.000095 0.000199 0.000365 0.000598 0.001072 0.001753 0.002918 0.004378 0.006637 0.009727 0.013701 0.018632 0.024722 0.031223 0.038512 0.046302 0.053603 0.060164 0.065369 0.069161 0.070269 0.069629 0.066925 0.062314 0.056405 0.049311 0.041572 0.034146 0.027473 0.021235 0.015979 0.011615 0.008243 0.005643 0.003718 0.002494 0.001545 0.000976 0.000549 0.000344 0.000163 0.000096 0.000050 0.000033 0.000025 0.000014 0.000005 0.000001 0.000001 0.000001 0.000000 0.000000 0.000000 0.000000 0.000000 0.000000 0.000000 
t: 0.010909090909 start: 79 end: 141 0.000002 0.000004 0.000005 0.000011 0.000022 0.000064 0.000091 0.000185 0.000328 0.000608 0.001022 0.001752 0.002801 0.004337 0.006509 0.009372 0.013396 0.018298 0.024026 0.030583 0.037980 0.045367 0.052823 0.059511 0.064677 0.068311 0.070044 0.069497 0.067387 0.062985 0.056857 0.049694 0.042366 0.035021 0.028165 0.021892 0.016497 0.012194 0.008671 0.005889 0.004047 0.002624 0.001679 0.001000 0.000608 0.000356 0.000200 0.000098 0.000065 0.000031 0.000024 0.000015 0.000006 0.000002 0.000000 0.000000 0.000001 0.000000 0.000000 0.000000 0.000000 0.000000 0.000000 
t: 0.010714285714 start: 80 end: 143 0.000002 0.000004 0.000002 0.000011 0.000030 0.000048 0.000103 0.000182 0.000342 0.000610 0.001023 0.001660 0.002740 0.004338 0.006509 0.009230 0.013023 0.017866 0.023577 0.030039 0.037333 0.045105 0.052069 0.058497 0.064217 0.067674 0.069962 0.069620 0.067317 0.063314 0.056882 0.050317 0.043099 0.035667 0.028784 0.022451 0.017199 0.012622 0.008915 0.006218 0.004237 0.002836 0.001713 0.001112 0.000644 0.000396 0.000195 0.000122 0.000058 0.000041 0.000021 0.000013 0.000005 0.000004 0.000001 0.000001 0.000000 0.000000 0.000000 0.000000 0.000000 0.000000 0.000000 0.000000 
t: 0.010526315789 start: 81 end: 144 0.000001 0.000003 0.000003 0.000014 0.000031 0.000051 0.000084 0.000201 0.000323 0.000591 0.001037 0.001662 0.002702 0.004137 0.006439 0.009166 0.013033 0.017512 0.023285 0.029889 0.036993 0.044157 0.051867 0.057697 0.063410 0.067378 0.069515 0.069708 0.067441 0.063224 0.057295 0.050721 0.043353 0.036462 0.029236 0.022927 0.017533 0.013230 0.009223 0.006469 0.004496 0.002861 0.001880 0.001182 0.000649 0.000390 0.000256 0.000123 0.000071 0.000040 0.000024 0.000013 0.000006 0.000004 0.000001 0.000001 0.000000 0.000000 0.000000 0.000000 0.000000 0.000000 0.000000 0.000000 
t: 0.010344827586 start: 82 end: 144 0.000001 0.000003 0.000002 0.000016 0.000020 0.000055 0.000092 0.000187 0.000329 0.000600 0.001023 0.001629 0.002651 0.004258 0.006404 0.009018 0.012871 0.017598 0.022990 0.029547 0.036519 0.043873 0.050888 0.058054 0.063173 0.066589 0.069251 0.069670 0.067251 0.063005 0.057824 0.050667 0.043976 0.037047 0.029620 0.023220 0.017924 0.013385 0.009649 0.006631 0.004564 0.003036 0.001977 0.001195 0.000726 0.000410 0.000268 0.000149 0.000071 0.000047 0.000029 0.000007 0.000003 0.000007 0.000000 0.000001 0.000000 0.000000 0.000000 0.000000 0.000000 0.000000 0.000000 
t: 0.010169491525 start: 83 end: 145 0.000001 0.000003 0.000008 0.000004 0.000027 0.000048 0.000104 0.000190 0.000321 0.000624 0.000961 0.001692 0.002699 0.004237 0.006407 0.008993 0.012849 0.017589 0.022875 0.029265 0.036271 0.043509 0.050729 0.057527 0.062779 0.066856 0.068903 0.069048 0.066743 0.063610 0.057664 0.051058 0.044322 0.036962 0.029776 0.023850 0.018357 0.013575 0.009845 0.006756 0.004764 0.003075 0.002080 0.001241 0.000768 0.000424 0.000265 0.000157 0.000090 0.000053 0.000028 0.000004 0.000010 0.000001 0.000003 0.000000 0.000000 0.000000 0.000000 0.000000 0.000000 0.000000 0.000000 
t: 0.010000000000 start: 84 end: 146 0.000001 0.000003 0.000005 0.000009 0.000032 0.000051 0.000108 0.000200 0.000328 0.000608 0.001002 0.001732 0.002709 0.004285 0.006299 0.009101 0.013049 0.017333 0.022952 0.029255 0.035997 0.043500 0.050312 0.057138 0.062867 0.066454 0.068757 0.068558 0.067022 0.063189 0.058038 0.051029 0.044086 0.037057 0.030488 0.024108 0.018356 0.013796 0.009973 0.006973 0.004807 0.003158 0.002141 0.001264 0.000768 0.000475 0.000274 0.000163 0.000081 0.000061 0.000026 0.000009 0.000009 0.000003 0.000001 0.000000 0.000000 0.000000 0.000000 0.000000 0.000000 0.000000 0.000000 
t: 0.008448275866 start: 93 end: 156 0.000001 0.000001 0.000008 0.000007 0.000013 0.000034 0.000067 0.000147 0.000220 0.000389 0.000641 0.001095 0.001757 0.002769 0.004280 0.006249 0.008950 0.012498 0.016458 0.021992 0.027654 0.034521 0.041123 0.047956 0.053754 0.059752 0.063740 0.066619 0.067019 0.065927 0.062810 0.058256 0.052597 0.046395 0.039665 0.032814 0.026931 0.020805 0.016059 0.011689 0.008698 0.006023 0.004194 0.002813 0.001812 0.001139 0.000716 0.000418 0.000242 0.000143 0.000073 0.000031 0.000019 0.000007 0.000007 0.000003 0.000000 0.000000 0.000000 0.000000 0.000000 0.000000 0.000000 0.000000 
t: 0.007313432839 start: 100 end: 165 0.000001 0.000001 0.000000 0.000001 0.000008 0.000009 0.000038 0.000056 0.000095 0.000195 0.000303 0.000520 0.000842 0.001389 0.002232 0.003264 0.004926 0.007154 0.009928 0.013733 0.018160 0.023015 0.028951 0.035606 0.041826 0.048496 0.054196 0.059256 0.062570 0.065651 0.065212 0.063973 0.061763 0.056854 0.051435 0.045297 0.038935 0.032636 0.026095 0.020368 0.015984 0.011904 0.008731 0.006267 0.004354 0.002872 0.001905 0.001242 0.000721 0.000447 0.000278 0.000157 0.000071 0.000031 0.000026 0.000014 0.000004 0.000001 0.000001 0.000000 0.000000 0.000000 0.000000 0.000000 0.000000 0.000000 
t: 0.006447368423 start: 108 end: 172 0.000002 0.000000 0.000003 0.000004 0.000015 0.000014 0.000046 0.000074 0.000138 0.000219 0.000422 0.000744 0.001065 0.001785 0.002653 0.003990 0.005947 0.008570 0.011327 0.015219 0.019860 0.025208 0.031045 0.037425 0.044109 0.050084 0.055285 0.059857 0.062988 0.064553 0.064417 0.062865 0.059587 0.055207 0.049182 0.043019 0.037090 0.030367 0.024839 0.019370 0.014945 0.011111 0.008180 0.005924 0.004025 0.002708 0.001724 0.001113 0.000688 0.000428 0.000270 0.000119 0.000081 0.000043 0.000026 0.000011 0.000008 0.000002 0.000000 0.000000 0.000000 0.000000 0.000000 0.000000 0.000000 
t: 0.005764705884 start: 115 end: 181 0.000001 0.000003 0.000003 0.000007 0.000013 0.000030 0.000053 0.000110 0.000172 0.000313 0.000481 0.000859 0.001342 0.002004 0.003197 0.004693 0.006664 0.009369 0.012554 0.016662 0.021574 0.026788 0.033178 0.039238 0.045086 0.051434 0.056305 0.060021 0.062965 0.064599 0.063353 0.061930 0.058001 0.053501 0.047644 0.041564 0.035189 0.029089 0.023605 0.018268 0.014377 0.010406 0.007540 0.005348 0.003710 0.002588 0.001651 0.001031 0.000594 0.000403 0.000233 0.000115 0.000072 0.000041 0.000015 0.000002 0.000007 0.000002 0.000003 0.000000 0.000000 0.000000 0.000000 0.000000 0.000000 0.000000 0.000000 
t: 0.005212765959 start: 121 end: 186 0.000001 0.000000 0.000004 0.000010 0.000027 0.000033 0.000052 0.000125 0.000188 0.000354 0.000545 0.000924 0.001425 0.002187 0.003271 0.004761 0.007060 0.009713 0.012906 0.016805 0.021860 0.027153 0.033478 0.039492 0.045729 0.050679 0.056340 0.060092 0.062968 0.064072 0.063484 0.061343 0.058024 0.053013 0.047424 0.041234 0.034843 0.029067 0.023542 0.018116 0.013945 0.010472 0.007531 0.005471 0.003621 0.002508 0.001594 0.001034 0.000647 0.000365 0.000210 0.000124 0.000070 0.000034 0.000011 0.000012 0.000005 0.000001 0.000000 0.000000 0.000001 0.000000 0.000000 0.000000 0.000000 0.000000 
t: 0.004757281555 start: 128 end: 191 0.000003 0.000009 0.000011 0.000031 0.000065 0.000088 0.000169 0.000315 0.000518 0.000816 0.001263 0.001942 0.003045 0.004324 0.006299 0.008668 0.011714 0.016003 0.020427 0.025848 0.031509 0.037126 0.043730 0.049570 0.054789 0.059053 0.062397 0.063737 0.063597 0.062306 0.058852 0.054478 0.049286 0.042989 0.037116 0.030537 0.024877 0.019671 0.015432 0.011500 0.008417 0.005943 0.004149 0.002751 0.001821 0.001083 0.000730 0.000447 0.000262 0.000137 0.000069 0.000040 0.000021 0.000012 0.000006 0.000000 0.000002 0.000000 0.000000 0.000000 0.000000 0.000000 0.000000 0.000000 
t: 0.004375000001 start: 132 end: 196 0.000001 0.000005 0.000006 0.000013 0.000036 0.000057 0.000110 0.000213 0.000363 0.000534 0.000920 0.001515 0.002256 0.003274 0.004577 0.006897 0.009650 0.012788 0.016889 0.021501 0.027111 0.032828 0.039035 0.045439 0.051124 0.056336 0.059914 0.062943 0.064054 0.063582 0.061257 0.058333 0.053010 0.047496 0.041628 0.035048 0.029314 0.023524 0.018608 0.014298 0.010476 0.007564 0.005301 0.003707 0.002410 0.001598 0.000967 0.000643 0.000366 0.000223 0.000120 0.000061 0.000037 0.000025 0.000007 0.000005 0.000003 0.000000 0.000000 0.000000 0.000000 0.000000 0.000000 0.000000 0.000000 
t: 0.004049586778 start: 135 end: 201 0.000001 0.000002 0.000003 0.000005 0.000015 0.000023 0.000063 0.000081 0.000136 0.000303 0.000519 0.000808 0.001279 0.002011 0.002853 0.004294 0.006328 0.008640 0.011863 0.015437 0.020515 0.025309 0.030908 0.037586 0.043683 0.049503 0.054915 0.059172 0.062578 0.064180 0.063748 0.062616 0.058974 0.055035 0.049390 0.043127 0.037017 0.030596 0.024953 0.019883 0.015402 0.011229 0.008112 0.005820 0.003856 0.002743 0.001726 0.001113 0.000645 0.000448 0.000252 0.000148 0.000075 0.000044 0.000017 0.000012 0.000004 0.000001 0.000001 0.000000 0.000000 0.000000 0.000000 0.000000 0.000000 0.000000 0.000000 
t: 0.003769230770 start: 138 end: 202 0.000002 0.000000 0.000000 0.000003 0.000015 0.000010 0.000029 0.000053 0.000095 0.000158 0.000295 0.000562 0.000851 0.001290 0.002026 0.003073 0.004617 0.006407 0.008947 0.012173 0.016022 0.020727 0.026168 0.032166 0.038437 0.044726 0.049735 0.055803 0.059894 0.062952 0.064311 0.064422 0.062129 0.058994 0.054078 0.048520 0.042467 0.036179 0.029828 0.024186 0.019197 0.014572 0.010845 0.007550 0.005288 0.003675 0.002473 0.001632 0.000970 0.000603 0.000376 0.000238 0.000109 0.000071 0.000023 0.000020 0.000004 0.000001 0.000003 0.000000 0.000000 0.000000 0.000000 0.000000 0.000000 
t: 0.003525179857 start: 141 end: 207 0.000001 0.000000 0.000003 0.000003 0.000003 0.000010 0.000024 0.000029 0.000072 0.000129 0.000223 0.000378 0.000616 0.001047 0.001585 0.002540 0.003674 0.005289 0.007403 0.010394 0.013880 0.018104 0.023172 0.028680 0.034514 0.041564 0.047933 0.052943 0.058122 0.061981 0.063793 0.064777 0.064121 0.060889 0.056776 0.052018 0.045809 0.039451 0.033068 0.026817 0.021574 0.016606 0.012444 0.009017 0.006335 0.004383 0.002866 0.001957 0.001209 0.000766 0.000444 0.000265 0.000148 0.000078 0.000039 0.000019 0.000007 0.000005 0.000002 0.000001 0.000000 0.000000 0.000000 0.000000 0.000000 0.000000 0.000000 
t: 0.003310810811 start: 143 end: 210 0.000001 0.000000 0.000001 0.000001 0.000001 0.000003 0.000010 0.000015 0.000031 0.000055 0.000120 0.000183 0.000322 0.000564 0.000921 0.001438 0.002193 0.003306 0.004867 0.006727 0.009516 0.012775 0.017109 0.022015 0.027343 0.033413 0.039903 0.046057 0.052542 0.057792 0.060956 0.063877 0.064928 0.064650 0.062046 0.058577 0.053171 0.047336 0.040930 0.034470 0.028176 0.022197 0.017324 0.013226 0.009272 0.006775 0.004617 0.003104 0.001990 0.001301 0.000818 0.000478 0.000269 0.000144 0.000075 0.000034 0.000023 0.000009 0.000001 0.000001 0.000001 0.000000 0.000000 0.000000 0.000000 0.000000 0.000000 0.000000 
t: 0.003121019109 start: 148 end: 212 0.000001 0.000001 0.000004 0.000006 0.000006 0.000017 0.000034 0.000054 0.000100 0.000210 0.000348 0.000582 0.000889 0.001379 0.002182 0.003231 0.004763 0.006992 0.009581 0.012915 0.017117 0.022003 0.027581 0.033868 0.040531 0.046596 0.052676 0.057475 0.062008 0.064229 0.065386 0.064854 0.062086 0.058574 0.053459 0.047131 0.040794 0.033605 0.027648 0.021941 0.016790 0.012777 0.009260 0.006385 0.004260 0.002915 0.001860 0.001246 0.000731 0.000457 0.000217 0.000126 0.000071 0.000030 0.000010 0.000007 0.000000 0.000001 0.000000 0.000000 0.000000 0.000000 0.000000 0.000000 0.000000 
t: 0.002951807229 start: 150 end: 215 0.000001 0.000001 0.000002 0.000001 0.000005 0.000007 0.000025 0.000033 0.000059 0.000133 0.000218 0.000394 0.000626 0.001006 0.001527 0.002409 0.003572 0.005177 0.007487 0.010233 0.013862 0.018168 0.023168 0.029457 0.035512 0.042165 0.048748 0.054557 0.059553 0.063244 0.064721 0.065844 0.064944 0.061751 0.057116 0.052115 0.045138 0.038504 0.032111 0.025964 0.020230 0.015255 0.011248 0.008042 0.005604 0.003760 0.002474 0.001571 0.001011 0.000568 0.000318 0.000183 0.000103 0.000043 0.000016 0.000011 0.000004 0.000001 0.000000 0.000000 0.000000 0.000000 0.000000 0.000000 0.000000 0.000000 
t: 0.002800000000 start: 151 end: 216 0.000001 0.000000 0.000001 0.000000 0.000002 0.000006 0.000005 0.000017 0.000017 0.000040 0.000081 0.000168 0.000286 0.000467 0.000721 0.001208 0.001879 0.002850 0.004292 0.006087 0.008298 0.011784 0.015856 0.020512 0.025887 0.032432 0.038547 0.045596 0.051646 0.057690 0.061404 0.064308 0.066573 0.065696 0.064046 0.060258 0.055111 0.048809 0.042365 0.035313 0.028850 0.022507 0.017547 0.013057 0.009031 0.006575 0.004564 0.002958 0.001997 0.001122 0.000675 0.000409 0.000218 0.000126 0.000058 0.000028 0.000006 0.000010 0.000002 0.000001 0.000000 0.000000 0.000000 0.000000 0.000000 0.000000 
t: 0.002663043479 start: 154 end: 218 0.000002 0.000000 0.000000 0.000002 0.000003 0.000009 0.000007 0.000015 0.000027 0.000061 0.000142 0.000222 0.000361 0.000609 0.000971 0.001619 0.002411 0.003597 0.005277 0.007502 0.010459 0.014068 0.018868 0.024030 0.029794 0.036767 0.043121 0.050080 0.055980 0.060484 0.064233 0.066558 0.066528 0.065192 0.061882 0.057231 0.051369 0.044648 0.037281 0.030662 0.024623 0.018807 0.013996 0.010085 0.007253 0.004814 0.003354 0.002020 0.001264 0.000745 0.000448 0.000261 0.000145 0.000060 0.000028 0.000013 0.000009 0.000002 0.000001 0.000000 0.000000 0.000000 0.000000 0.000000 0.000000 
t: 0.002538860104 start: 157 end: 222 0.000002 0.000001 0.000001 0.000001 0.000002 0.000008 0.000020 0.000017 0.000063 0.000097 0.000198 0.000322 0.000526 0.000883 0.001453 0.002195 0.003285 0.004739 0.006937 0.009708 0.013525 0.017964 0.022891 0.028810 0.035272 0.042675 0.048647 0.055164 0.060729 0.064021 0.066632 0.067132 0.066368 0.063016 0.058266 0.052416 0.045546 0.038625 0.031635 0.025064 0.019493 0.014699 0.010274 0.007302 0.005061 0.003212 0.002065 0.001305 0.000784 0.000429 0.000280 0.000133 0.000058 0.000025 0.000016 0.000005 0.000002 0.000001 0.000000 0.000000 0.000000 0.000000 0.000000 0.000000 0.000000 0.000000 
t: 0.002425742574 start: 160 end: 223 0.000002 0.000001 0.000000 0.000002 0.000012 0.000015 0.000021 0.000059 0.000083 0.000183 0.000299 0.000534 0.000823 0.001301 0.002122 0.003103 0.004700 0.006798 0.009596 0.013245 0.017475 0.022661 0.028663 0.035522 0.042257 0.048889 0.055526 0.060666 0.064815 0.067290 0.067711 0.066558 0.063395 0.058480 0.052588 0.045783 0.038711 0.031559 0.024953 0.019432 0.014313 0.010184 0.006896 0.004960 0.003080 0.001962 0.001205 0.000717 0.000399 0.000222 0.000134 0.000054 0.000028 0.000006 0.000005 0.000001 0.000001 0.000000 0.000000 0.000000 0.000000 0.000000 0.000000 0.000000 
t: 0.002322274882 start: 161 end: 224 0.000001 0.000000 0.000000 0.000003 0.000003 0.000005 0.000013 0.000023 0.000060 0.000086 0.000169 0.000310 0.000512 0.000851 0.001348 0.002096 0.003181 0.004847 0.006864 0.009920 0.013331 0.017951 0.023311 0.029599 0.035860 0.042856 0.050053 0.056499 0.061699 0.066008 0.067753 0.068616 0.066551 0.063373 0.058139 0.051797 0.045010 0.037504 0.030438 0.024107 0.018385 0.013363 0.009584 0.006644 0.004344 0.002831 0.001749 0.001031 0.000625 0.000331 0.000191 0.000094 0.000046 0.000016 0.000013 0.000004 0.000001 0.000001 0.000000 0.000000 0.000000 0.000000 0.000000 0.000000 
t: 0.002227272727 start: 163 end: 226 0.000001 0.000001 0.000000 0.000002 0.000003 0.000008 0.000013 0.000037 0.000052 0.000107 0.000193 0.000319 0.000538 0.000919 0.001441 0.002242 0.003484 0.005115 0.007369 0.010319 0.014219 0.018794 0.024673 0.030898 0.037781 0.044672 0.051677 0.058049 0.063391 0.067269 0.069080 0.068760 0.066182 0.062379 0.056927 0.050633 0.043117 0.035821 0.028577 0.022354 0.016630 0.012211 0.008438 0.005719 0.003849 0.002410 0.001513 0.000820 0.000468 0.000256 0.000130 0.000077 0.000038 0.000014 0.000005 0.000004 0.000002 0.000000 0.000000 0.000000 0.000000 0.000000 0.000000 0.000000 
t: 0.002139737991 start: 164 end: 228 0.000001 0.000000 0.000001 0.000001 0.000004 0.000003 0.000007 0.000021 0.000034 0.000066 0.000122 0.000195 0.000375 0.000651 0.001020 0.001654 0.002473 0.003929 0.005677 0.008061 0.011511 0.015476 0.020583 0.026455 0.033200 0.039950 0.047577 0.054326 0.060599 0.064822 0.068392 0.070169 0.068497 0.065827 0.061009 0.055110 0.048163 0.040399 0.033037 0.026018 0.019866 0.014773 0.010526 0.007163 0.004844 0.003076 0.001908 0.001100 0.000607 0.000342 0.000174 0.000122 0.000044 0.000020 0.000010 0.000005 0.000004 0.000000 0.000001 0.000000 0.000000 0.000000 0.000000 0.000000 0.000000 
t: 0.002058823530 start: 167 end: 229 0.000002 0.000000 0.000002 0.000005 0.000006 0.000007 0.000018 0.000049 0.000086 0.000131 0.000256 0.000449 0.000774 0.001231 0.001885 0.002953 0.004508 0.006591 0.009293 0.013085 0.017556 0.022847 0.028958 0.036140 0.043368 0.051001 0.057615 0.063097 0.067551 0.069526 0.069924 0.068377 0.064442 0.059103 0.051878 0.044627 0.036991 0.029823 0.022703 0.017012 0.012442 0.008527 0.005944 0.003803 0.002305 0.001415 0.000802 0.000405 0.000241 0.000126 0.000069 0.000030 0.000012 0.000006 0.000002 0.000000 0.000000 0.000001 0.000000 0.000000 0.000000 0.000000 0.000000 
t: 0.001983805668 start: 169 end: 230 0.000002 0.000001 0.000000 0.000005 0.000005 0.000015 0.000030 0.000065 0.000094 0.000195 0.000309 0.000591 0.000924 0.001502 0.002309 0.003725 0.005307 0.007871 0.011019 0.015027 0.020103 0.026149 0.032676 0.039897 0.047626 0.054661 0.061155 0.065891 0.069583 0.070650 0.069901 0.067133 0.062066 0.055470 0.048485 0.040100 0.032765 0.025686 0.019236 0.014084 0.010069 0.006737 0.004333 0.002840 0.001665 0.000948 0.000516 0.000291 0.000157 0.000074 0.000029 0.000019 0.000006 0.000002 0.000000 0.000001 0.000000 0.000000 0.000000 0.000000 0.000000 0.000000 
t: 0.001914062500 start: 172 end: 232 0.000002 0.000003 0.000004 0.000011 0.000022 0.000050 0.000075 0.000117 0.000263 0.000448 0.000723 0.001198 0.001854 0.003015 0.004530 0.006555 0.009569 0.013476 0.017894 0.023402 0.029823 0.037267 0.044708 0.052105 0.059595 0.064415 0.068778 0.071157 0.071258 0.068978 0.064580 0.058195 0.051041 0.043506 0.035422 0.027826 0.021306 0.015624 0.011211 0.007571 0.005012 0.003139 0.001889 0.001115 0.000608 0.000368 0.000152 0.000075 0.000036 0.000019 0.000007 0.000002 0.000000 0.000000 0.000000 0.000000 0.000001 0.000000 0.000000 0.000000 0.000000 
t: 0.001849056604 start: 174 end: 233 0.000004 0.000003 0.000004 0.000018 0.000045 0.000055 0.000110 0.000194 0.000334 0.000601 0.000953 0.001589 0.002485 0.003938 0.005868 0.008353 0.011920 0.016057 0.021684 0.027608 0.034933 0.042251 0.050454 0.057214 0.063491 0.068365 0.071243 0.072259 0.070188 0.066353 0.060633 0.053582 0.045953 0.037547 0.030090 0.022820 0.016832 0.012086 0.008365 0.005290 0.003485 0.002098 0.001255 0.000684 0.000387 0.000174 0.000078 0.000038 0.000017 0.000008 0.000003 0.000000 0.000000 0.000000 0.000001 0.000000 0.000000 0.000000 0.000000 0.000000 
t: 0.001788321168 start: 175 end: 234 0.000002 0.000002 0.000003 0.000014 0.000022 0.000049 0.000104 0.000145 0.000268 0.000510 0.000830 0.001377 0.002142 0.003397 0.005140 0.007563 0.010826 0.014923 0.019971 0.026227 0.032939 0.040814 0.048438 0.055572 0.062828 0.067611 0.071442 0.072996 0.071384 0.067984 0.062658 0.055593 0.047670 0.039193 0.031431 0.024298 0.017760 0.012731 0.008733 0.005779 0.003615 0.002234 0.001311 0.000754 0.000377 0.000197 0.000081 0.000037 0.000014 0.000009 0.000000 0.000001 0.000000 0.000001 0.000000 0.000000 0.000000 0.000000 0.000000 0.000000 
t: 0.001731448763 start: 175 end: 234 0.000002 0.000000 0.000001 0.000005 0.000010 0.000023 0.000029 0.000077 0.000136 0.000226 0.000435 0.000760 0.001170 0.001928 0.003054 0.004687 0.006803 0.010055 0.013941 0.018856 0.024973 0.031781 0.039276 0.047408 0.054902 0.061880 0.067365 0.071503 0.073108 0.072645 0.069181 0.064100 0.056888 0.048937 0.040592 0.032576 0.025084 0.018569 0.013168 0.009061 0.005938 0.003781 0.002230 0.001424 0.000724 0.000390 0.000172 0.000086 0.000042 0.000012 0.000003 0.000002 0.000000 0.000001 0.000000 0.000000 0.000000 0.000000 0.000000 0.000000 
t: 0.001678082192 start: 175 end: 235 0.000001 0.000000 0.000001 0.000001 0.000003 0.000008 0.000019 0.000026 0.000070 0.000125 0.000202 0.000399 0.000673 0.001058 0.001743 0.002886 0.004281 0.006302 0.009488 0.013337 0.018039 0.024030 0.030946 0.038562 0.046459 0.054441 0.061283 0.067464 0.071394 0.073911 0.073446 0.070419 0.064378 0.058232 0.049914 0.041548 0.033229 0.025373 0.018854 0.013432 0.009298 0.005945 0.003770 0.002199 0.001382 0.000738 0.000362 0.000190 0.000090 0.000030 0.000014 0.000002 0.000002 0.000001 0.000000 0.000000 0.000000 0.000000 0.000000 0.000000 0.000000 
t: 0.001627906977 start: 177 end: 236 0.000001 0.000001 0.000002 0.000003 0.000006 0.000009 0.000035 0.000051 0.000103 0.000204 0.000357 0.000595 0.001009 0.001675 0.002688 0.004038 0.006091 0.009107 0.012735 0.017824 0.023539 0.030129 0.038085 0.046085 0.054155 0.061359 0.067603 0.072178 0.074264 0.074300 0.070572 0.065442 0.058628 0.050509 0.041694 0.033517 0.025832 0.018732 0.013319 0.009099 0.005993 0.003623 0.002225 0.001257 0.000685 0.000349 0.000176 0.000071 0.000031 0.000010 0.000004 0.000001 0.000000 0.000000 0.000000 0.000000 0.000000 0.000000 0.000000 0.000000 
t: 0.001580645161 start: 179 end: 237 0.000001 0.000001 0.000005 0.000002 0.000012 0.000029 0.000051 0.000107 0.000190 0.000312 0.000575 0.000951 0.001662 0.002578 0.003888 0.006035 0.008713 0.012783 0.017495 0.023190 0.030465 0.037924 0.045798 0.054433 0.061375 0.068322 0.072991 0.074560 0.074730 0.071078 0.065735 0.058565 0.050826 0.041865 0.033204 0.025456 0.018591 0.013133 0.008768 0.005604 0.003472 0.002139 0.001158 0.000652 0.000306 0.000162 0.000070 0.000026 0.000008 0.000003 0.000001 0.000000 0.000000 0.000000 0.000000 0.000000 0.000000 0.000000 0.000000 
t: 0.001536050157 start: 181 end: 238 0.000001 0.000005 0.000004 0.000011 0.000025 0.000047 0.000100 0.000168 0.000332 0.000565 0.000968 0.001581 0.002463 0.003952 0.006014 0.008704 0.012657 0.017520 0.023504 0.030670 0.037953 0.046548 0.054737 0.062109 0.069214 0.073312 0.075832 0.074762 0.071128 0.065700 0.058831 0.050344 0.041380 0.032535 0.024687 0.018084 0.012589 0.008301 0.005320 0.003292 0.001885 0.001109 0.000553 0.000290 0.000125 0.000064 0.000016 0.000007 0.000001 0.000001 0.000000 0.000000 0.000000 0.000000 0.000000 0.000000 0.000000 0.000000 
t: 0.001493902439 start: 182 end: 239 0.000002 0.000002 0.000006 0.000012 0.000022 0.000056 0.000081 0.000184 0.000308 0.000603 0.000953 0.001517 0.002536 0.003877 0.006107 0.008906 0.012810 0.018004 0.024083 0.030836 0.038956 0.047191 0.055301 0.063880 0.069732 0.074038 0.076217 0.074976 0.071433 0.065614 0.058168 0.049252 0.040682 0.031641 0.023956 0.016841 0.011990 0.007775 0.004948 0.002959 0.001718 0.000938 0.000470 0.000231 0.000134 0.000036 0.000011 0.000004 0.000002 0.000001 0.000000 0.000000 0.000000 0.000000 0.000000 0.000000 0.000000 0.000000 
t: 0.001454005935 start: 183 end: 240 0.000001 0.000003 0.000005 0.000010 0.000028 0.000056 0.000103 0.000179 0.000333 0.000560 0.000997 0.001601 0.002548 0.004031 0.006208 0.009236 0.013384 0.018449 0.024618 0.031748 0.040139 0.048094 0.056938 0.064915 0.070983 0.074995 0.076543 0.075549 0.071314 0.064551 0.057337 0.048341 0.039305 0.030397 0.022245 0.016037 0.010993 0.007162 0.004439 0.002638 0.001463 0.000791 0.000401 0.000190 0.000094 0.000030 0.000012 0.000004 0.000001 0.000000 0.000001 0.000000 0.000000 0.000000 0.000000 0.000000 0.000000 0.000000 
t: 0.001416184971 start: 183 end: 240 0.000001 0.000002 0.000001 0.000004 0.000011 0.000027 0.000055 0.000112 0.000189 0.000339 0.000620 0.001035 0.001635 0.002548 0.004376 0.006474 0.009769 0.013895 0.018966 0.025764 0.032941 0.041493 0.049977 0.058323 0.066503 0.072208 0.076155 0.077216 0.075475 0.070938 0.063454 0.056012 0.046621 0.037583 0.028630 0.021001 0.014553 0.010150 0.006299 0.003913 0.002268 0.001218 0.000662 0.000304 0.000179 0.000064 0.000025 0.000008 0.000003 0.000000 0.000000 0.000001 0.000000 0.000000 0.000000 0.000000 0.000000 0.000000 
t: 0.001380281690 start: 183 end: 241 0.000001 0.000000 0.000002 0.000001 0.000005 0.000011 0.000034 0.000069 0.000100 0.000199 0.000377 0.000661 0.001047 0.001746 0.002875 0.004453 0.006972 0.010269 0.014591 0.020211 0.026839 0.034426 0.043334 0.051828 0.060335 0.068111 0.073664 0.077134 0.077951 0.075325 0.069710 0.062505 0.054227 0.044888 0.035182 0.026598 0.019309 0.013414 0.008838 0.005622 0.003335 0.001783 0.001068 0.000504 0.000248 0.000132 0.000041 0.000017 0.000004 0.000002 0.000001 0.000001 0.000000 0.000000 0.000000 0.000000 0.000000 0.000000 0.000000 
t: 0.001346153846 start: 183 end: 240 0.000001 0.000000 0.000000 0.000001 0.000003 0.000006 0.000018 0.000032 0.000060 0.000139 0.000203 0.000404 0.000670 0.001176 0.002012 0.003051 0.004839 0.007451 0.011029 0.015595 0.021764 0.028050 0.036567 0.045196 0.053978 0.062827 0.070186 0.075178 0.077890 0.077933 0.075149 0.068656 0.060681 0.052316 0.042142 0.032803 0.024398 0.017470 0.011879 0.007705 0.004760 0.002735 0.001539 0.000801 0.000381 0.000208 0.000077 0.000028 0.000007 0.000003 0.000002 0.000001 0.000000 0.000000 0.000000 0.000000 0.000000 0.000000 
t: 0.001313672922 start: 183 end: 238 0.000001 0.000000 0.000000 0.000000 0.000001 0.000000 0.000013 0.000023 0.000045 0.000062 0.000127 0.000239 0.000426 0.000733 0.001315 0.002139 0.003425 0.005352 0.008140 0.011913 0.017003 0.022791 0.030247 0.038835 0.047425 0.056925 0.065534 0.072146 0.076938 0.078507 0.077851 0.073941 0.067175 0.058693 0.049391 0.039466 0.030121 0.022167 0.015439 0.010425 0.006557 0.003931 0.002229 0.001174 0.000612 0.000328 0.000123 0.000044 0.000015 0.000008 0.000002 0.000003 0.000000 0.000000 0.000000 0.000000 
t: 0.001282722513 start: 184 end: 240 0.000001 0.000000 0.000000 0.000001 0.000000 0.000004 0.000009 0.000027 0.000050 0.000074 0.000148 0.000281 0.000436 0.000854 0.001452 0.002431 0.003842 0.005991 0.008866 0.013161 0.018286 0.024638 0.032807 0.041270 0.050501 0.059892 0.067886 0.074561 0.078084 0.079282 0.077708 0.072109 0.065025 0.056190 0.046177 0.036680 0.027321 0.019536 0.013575 0.008833 0.005383 0.003212 0.001721 0.000871 0.000470 0.000219 0.000087 0.000031 0.000009 0.000004 0.000003 0.000001 0.000000 0.000000 0.000000 0.000000 0.000000 
t: 0.001253196931 start: 185 end: 240 0.000001 0.000000 0.000000 0.000001 0.000000 0.000004 0.000017 0.000035 0.000046 0.000079 0.000153 0.000313 0.000553 0.000956 0.001669 0.002702 0.004389 0.006617 0.009946 0.014531 0.019994 0.027054 0.035470 0.044375 0.053688 0.062632 0.071091 0.076598 0.079084 0.079905 0.076506 0.070252 0.062586 0.052945 0.042994 0.033086 0.024302 0.017282 0.011496 0.007272 0.004414 0.002462 0.001279 0.000681 0.000299 0.000153 0.000052 0.000023 0.000009 0.000002 0.000002 0.000000 0.000000 0.000000 0.000000 0.000000 
t: 0.001225000000 start: 187 end: 241 0.000001 0.000000 0.000000 0.000003 0.000004 0.000016 0.000034 0.000040 0.000110 0.000200 0.000349 0.000676 0.001112 0.001914 0.003182 0.004882 0.007502 0.011327 0.016019 0.022234 0.030081 0.038311 0.047623 0.056738 0.066020 0.073788 0.078553 0.080539 0.079409 0.074766 0.068187 0.059343 0.049813 0.039072 0.029592 0.021370 0.014722 0.009471 0.005869 0.003416 0.001888 0.000988 0.000445 0.000244 0.000088 0.000040 0.000012 0.000004 0.000003 0.000000 0.000000 0.000000 0.000000 0.000000 0.000000 
t: 0.001198044010 start: 187 end: 240 0.000001 0.000000 0.000000 0.000000 0.000005 0.000003 0.000019 0.000034 0.000066 0.000118 0.000234 0.000423 0.000794 0.001346 0.002297 0.003596 0.005661 0.008617 0.012868 0.017909 0.025015 0.033000 0.041627 0.050963 0.060907 0.069479 0.076168 0.079974 0.081438 0.078234 0.072960 0.065502 0.055955 0.045324 0.035142 0.026187 0.018368 0.012153 0.007716 0.004603 0.002671 0.001393 0.000669 0.000319 0.000143 0.000073 0.000014 0.000007 0.000005 0.000000 0.000000 0.000000 0.000000 0.000000 
t: 0.001172248804 start: 188 end: 242 0.000001 0.000000 0.000000 0.000001 0.000004 0.000008 0.000019 0.000037 0.000085 0.000141 0.000288 0.000540 0.000925 0.001597 0.002665 0.004247 0.006520 0.010015 0.014480 0.020568 0.027957 0.036397 0.045325 0.054786 0.065011 0.073006 0.078389 0.081454 0.081027 0.076912 0.070387 0.062314 0.051574 0.041208 0.031049 0.022445 0.015287 0.010028 0.006002 0.003554 0.001974 0.000954 0.000466 0.000195 0.000107 0.000035 0.000008 0.000007 0.000001 0.000000 0.000000 0.000000 0.000000 0.000000 0.000000 
t: 0.001147540984 start: 190 end: 243 0.000001 0.000000 0.000003 0.000004 0.000013 0.000025 0.000049 0.000089 0.000193 0.000348 0.000629 0.001133 0.001973 0.003062 0.005033 0.007836 0.011454 0.016437 0.023612 0.031367 0.039697 0.049424 0.059892 0.068513 0.076100 0.080907 0.082201 0.079787 0.075032 0.067511 0.057735 0.047373 0.036574 0.026847 0.018753 0.012732 0.007788 0.004624 0.002709 0.001349 0.000670 0.000290 0.000145 0.000059 0.000018 0.000006 0.000003 0.000000 0.000000 0.000000 0.000000 0.000000 0.000000 0.000000 
t: 0.001123853211 start: 192 end: 245 0.000002 0.000002 0.000012 0.000011 0.000029 0.000061 0.000120 0.000227 0.000454 0.000784 0.001370 0.002263 0.003861 0.006045 0.009116 0.013246 0.019330 0.026747 0.034617 0.044159 0.054133 0.064277 0.072266 0.079294 0.082213 0.081887 0.078637 0.072584 0.063526 0.053349 0.042229 0.031881 0.022498 0.015696 0.010035 0.005947 0.003576 0.001823 0.000924 0.000423 0.000212 0.000095 0.000026 0.000010 0.000002 0.000001 0.000000 0.000000 0.000000 0.000000 0.000000 0.000000 0.000000 0.000000 
t: 0.001101123596 start: 192 end: 245 0.000001 0.000001 0.000003 0.000010 0.000021 0.000041 0.000074 0.000165 0.000300 0.000561 0.000949 0.001631 0.002874 0.004673 0.007099 0.010694 0.015787 0.022466 0.030128 0.038968 0.048826 0.058994 0.068290 0.076449 0.081330 0.083288 0.081474 0.076567 0.068764 0.058743 0.048266 0.037245 0.026803 0.018902 0.012555 0.007598 0.004597 0.002492 0.001310 0.000576 0.000288 0.000132 0.000045 0.000013 0.000006 0.000001 0.000000 0.000000 0.000000 0.000000 0.000000 0.000000 0.000000 0.000000 
t: 0.001079295154 start: 193 end: 244 0.000002 0.000000 0.000007 0.000012 0.000029 0.000054 0.000115 0.000202 0.000388 0.000690 0.001234 0.002056 0.003547 0.005513 0.008766 0.012707 0.018658 0.025741 0.034311 0.043691 0.053490 0.063852 0.072802 0.079958 0.083218 0.083649 0.079775 0.073275 0.064153 0.053959 0.042533 0.031623 0.022836 0.015243 0.009562 0.005866 0.003252 0.001747 0.000809 0.000403 0.000179 0.000064 0.000016 0.000009 0.000004 0.000000 0.000000 0.000000 0.000000 0.000000 0.000000 0.000000 
t: 0.001058315335 start: 194 end: 245 0.000001 0.000003 0.000008 0.000019 0.000034 0.000064 0.000150 0.000294 0.000488 0.000910 0.001492 0.002590 0.004447 0.006809 0.010397 0.015241 0.021849 0.029844 0.038761 0.048644 0.058781 0.068981 0.077388 0.082161 0.084753 0.082513 0.077036 0.069141 0.059416 0.047947 0.036764 0.026965 0.018309 0.011935 0.007329 0.004167 0.002330 0.001102 0.000557 0.000246 0.000086 0.000030 0.000012 0.000006 0.000000 0.000000 0.000000 0.000000 0.000000 0.000000 0.000000 0.000000 
t: 0.001038135593 start: 195 end: 245 0.000002 0.000006 0.000014 0.000021 0.000041 0.000090 0.000205 0.000370 0.000667 0.001085 0.002008 0.003365 0.005328 0.008427 0.012471 0.018393 0.025454 0.034220 0.043659 0.054290 0.064412 0.073844 0.080620 0.084092 0.085087 0.080531 0.073592 0.064823 0.053288 0.041895 0.031326 0.021732 0.014553 0.008985 0.005379 0.002998 0.001466 0.000755 0.000318 0.000127 0.000038 0.000016 0.000007 0.000000 0.000000 0.000000 0.000000 0.000000 0.000000 0.000000 0.000000 
t: 0.001018711019 start: 195 end: 246 0.000001 0.000003 0.000011 0.000015 0.000027 0.000065 0.000131 0.000278 0.000479 0.000815 0.001469 0.002612 0.004233 0.006691 0.010203 0.015194 0.021812 0.029654 0.039185 0.049327 0.059962 0.069798 0.078181 0.083647 0.085448 0.083684 0.077800 0.069112 0.058780 0.047358 0.035932 0.025614 0.017331 0.011081 0.006622 0.003792 0.001934 0.000990 0.000441 0.000187 0.000070 0.000024 0.000006 0.000001 0.000000 0.000000 0.000000 0.000000 0.000000 0.000000 0.000000 0.000000 
t: 0.001000000000 start: 195 end: 246 0.000001 0.000001 0.000005 0.000014 0.000020 0.000040 0.000097 0.000194 0.000348 0.000593 0.001074 0.002008 0.003307 0.005309 0.008397 0.012569 0.018384 0.025804 0.034622 0.044639 0.055400 0.065756 0.074806 0.082075 0.085726 0.085293 0.081300 0.074279 0.063567 0.052313 0.040792 0.029747 0.020549 0.013284 0.008203 0.004710 0.002504 0.001284 0.000585 0.000253 0.000095 0.000041 0.000010 0.000002 0.000000 0.000000 0.000000 0.000000 0.000000 0.000000 0.000000 0.000000 
