t: 0.059999999999 start: 16 end: 54 0.000001 0.000018 0.000071 0.000235 0.000802 0.002181 0.005670 0.012325 0.023849 0.041448 0.064584 0.089713 0.111511 0.124790 0.125886 0.115161 0.096400 0.072031 0.049189 0.030529 0.017167 0.009204 0.004202 0.001886 0.000774 0.000252 0.000079 0.000024 0.000012 0.000005 0.000000 0.000001 0.000000 0.000000 0.000000 0.000000 0.000000 0.000000 0.000000 
t: 0.054545454544 start: 18 end: 57 0.000002 0.000015 0.000070 0.000216 0.000662 0.001842 0.004390 0.009726 0.019168 0.033396 0.052457 0.075760 0.098020 0.114325 0.121761 0.118530 0.104664 0.084245 0.062704 0.042531 0.026053 0.015064 0.007778 0.003864 0.001680 0.000685 0.000253 0.000092 0.000034 0.000011 0.000001 0.000001 0.000000 0.000000 0.000000 0.000000 0.000000 0.000000 0.000000 0.000000 
t: 0.049999999999 start: 19 end: 59 0.000001 0.000005 0.000012 0.000045 0.000193 0.000580 0.001563 0.003749 0.007911 0.015695 0.027392 0.044367 0.065365 0.085284 0.103829 0.115335 0.117555 0.108974 0.093522 0.073507 0.052914 0.035505 0.021936 0.012475 0.006583 0.003231 0.001484 0.000614 0.000243 0.000089 0.000030 0.000011 0.000000 0.000001 0.000000 0.000000 0.000000 0.000000 0.000000 0.000000 0.000000 
t: 0.046153846153 start: 22 end: 62 0.000004 0.000014 0.000061 0.000175 0.000532 0.001389 0.003200 0.006756 0.013150 0.023522 0.038416 0.056372 0.076209 0.094249 0.107640 0.114339 0.110416 0.098867 0.081741 0.062060 0.044180 0.029258 0.017620 0.009893 0.005353 0.002539 0.001214 0.000503 0.000206 0.000083 0.000029 0.000007 0.000003 0.000000 0.000000 0.000000 0.000000 0.000000 0.000000 0.000000 0.000000 
t: 0.042857142857 start: 23 end: 65 0.000004 0.000001 0.000011 0.000071 0.000150 0.000457 0.001257 0.002869 0.006140 0.011548 0.020638 0.033476 0.050045 0.068733 0.086391 0.100931 0.109638 0.109774 0.101122 0.086703 0.069627 0.051928 0.035737 0.023304 0.014011 0.007858 0.004052 0.002000 0.000888 0.000399 0.000141 0.000064 0.000025 0.000006 0.000001 0.000000 0.000000 0.000000 0.000000 0.000000 0.000000 0.000000 0.000000 
t: 0.040000000000 start: 25 end: 69 0.000001 0.000008 0.000017 0.000063 0.000185 0.000507 0.001143 0.002601 0.005589 0.010382 0.018730 0.030166 0.045192 0.062900 0.079710 0.095260 0.104500 0.107388 0.102012 0.090175 0.074916 0.057955 0.041933 0.028330 0.018146 0.010688 0.005917 0.002977 0.001516 0.000661 0.000281 0.000091 0.000041 0.000013 0.000004 0.000001 0.000000 0.000001 0.000000 0.000000 0.000000 0.000000 0.000000 0.000000 0.000000 
t: 0.037500000000 start: 27 end: 72 0.000001 0.000007 0.000019 0.000071 0.000205 0.000475 0.001125 0.002596 0.005203 0.009888 0.017198 0.027747 0.041845 0.057788 0.074559 0.089394 0.100119 0.104144 0.101773 0.093250 0.078401 0.062825 0.047056 0.033022 0.021642 0.013585 0.007810 0.004211 0.002180 0.001048 0.000486 0.000207 0.000076 0.000032 0.000006 0.000004 0.000001 0.000000 0.000000 0.000001 0.000000 0.000000 0.000000 0.000000 0.000000 0.000000 
t: 0.035294117647 start: 29 end: 74 0.000001 0.000006 0.000019 0.000081 0.000201 0.000517 0.001154 0.002606 0.005091 0.009409 0.016403 0.026562 0.039149 0.054256 0.069803 0.085114 0.095944 0.101652 0.100425 0.093680 0.081444 0.066147 0.050938 0.037035 0.025094 0.016276 0.009724 0.005535 0.003014 0.001519 0.000690 0.000304 0.000146 0.000037 0.000014 0.000006 0.000002 0.000000 0.000000 0.000002 0.000000 0.000000 0.000000 0.000000 0.000000 0.000000 
t: 0.033333333333 start: 30 end: 77 0.000001 0.000001 0.000008 0.000033 0.000092 0.000238 0.000535 0.001260 0.002633 0.005158 0.009355 0.015825 0.025405 0.037385 0.051865 0.066971 0.081326 0.092559 0.098593 0.099299 0.093283 0.082650 0.068918 0.053937 0.040006 0.028036 0.018689 0.011525 0.006771 0.003889 0.001951 0.001024 0.000443 0.000210 0.000075 0.000036 0.000010 0.000002 0.000002 0.000000 0.000001 0.000000 0.000000 0.000000 0.000000 0.000000 0.000000 0.000000 
t: 0.031578947368 start: 31 end: 79 0.000001 0.000001 0.000004 0.000015 0.000050 0.000097 0.000251 0.000625 0.001356 0.002726 0.005251 0.009351 0.015824 0.025101 0.036255 0.050505 0.064221 0.078658 0.089645 0.096323 0.097348 0.092776 0.082897 0.070571 0.056252 0.042604 0.030092 0.020611 0.013081 0.008075 0.004575 0.002508 0.001250 0.000613 0.000274 0.000135 0.000046 0.000019 0.000011 0.000000 0.000001 0.000001 0.000000 0.000000 0.000000 0.000000 0.000000 0.000000 0.000000 
t: 0.030000000000 start: 33 end: 80 0.000001 0.000000 0.000000 0.000019 0.000041 0.000123 0.000305 0.000684 0.001464 0.002939 0.005466 0.009769 0.015861 0.024657 0.036012 0.049276 0.063369 0.076795 0.087239 0.094144 0.095447 0.091143 0.083202 0.071256 0.057841 0.043909 0.032331 0.021903 0.014409 0.009043 0.005391 0.002971 0.001597 0.000764 0.000363 0.000153 0.000064 0.000030 0.000012 0.000003 0.000003 0.000001 0.000000 0.000000 0.000000 0.000000 0.000000 0.000000 
t: 0.028571428571 start: 35 end: 82 0.000001 0.000000 0.000006 0.000022 0.000063 0.000138 0.000342 0.000808 0.001653 0.003197 0.005895 0.010112 0.016265 0.024936 0.036379 0.048901 0.062331 0.075621 0.085620 0.092047 0.093493 0.090480 0.082174 0.071438 0.058232 0.045334 0.032967 0.023351 0.015634 0.009778 0.005790 0.003349 0.001867 0.000941 0.000477 0.000217 0.000077 0.000038 0.000013 0.000010 0.000000 0.000003 0.000000 0.000000 0.000000 0.000000 0.000000 0.000000 
t: 0.027272727273 start: 38 end: 85 0.000001 0.000007 0.000032 0.000076 0.000178 0.000407 0.000906 0.001855 0.003628 0.006387 0.010660 0.017088 0.025945 0.036517 0.049062 0.062224 0.074722 0.083821 0.090273 0.092224 0.088980 0.081556 0.070849 0.058361 0.045404 0.033996 0.024047 0.016132 0.010452 0.006398 0.003699 0.002054 0.001062 0.000540 0.000244 0.000120 0.000056 0.000018 0.000015 0.000004 0.000000 0.000000 0.000000 0.000000 0.000000 0.000000 0.000000 0.000000 
t: 0.026086956522 start: 39 end: 87 0.000001 0.000004 0.000008 0.000044 0.000110 0.000205 0.000513 0.001073 0.002144 0.003889 0.006947 0.011676 0.018260 0.027004 0.037220 0.049800 0.062489 0.073623 0.083393 0.089071 0.090725 0.087359 0.080245 0.069758 0.057922 0.045438 0.034079 0.024467 0.016538 0.010583 0.006804 0.004022 0.002233 0.001211 0.000619 0.000276 0.000140 0.000065 0.000024 0.000014 0.000004 0.000000 0.000000 0.000000 0.000000 0.000000 0.000000 0.000000 0.000000 
t: 0.025000000000 start: 41 end: 89 0.000003 0.000008 0.000022 0.000044 0.000109 0.000282 0.000616 0.001305 0.002461 0.004463 0.007690 0.012671 0.019427 0.028314 0.038736 0.050791 0.062645 0.074035 0.083019 0.088072 0.089186 0.086051 0.078645 0.068068 0.056540 0.045000 0.033974 0.024292 0.016608 0.010975 0.006993 0.004052 0.002390 0.001268 0.000652 0.000332 0.000143 0.000073 0.000034 0.000007 0.000004 0.000000 0.000000 0.000000 0.000000 0.000000 0.000000 0.000000 0.000000 
t: 0.024000000000 start: 42 end: 93 0.000002 0.000005 0.000012 0.000027 0.000064 0.000163 0.000366 0.000771 0.001552 0.002896 0.005152 0.008667 0.013847 0.020963 0.030049 0.040274 0.052099 0.064397 0.074251 0.082814 0.086631 0.087976 0.084493 0.076230 0.066715 0.055085 0.044136 0.032736 0.024185 0.016415 0.010953 0.006832 0.004211 0.002420 0.001325 0.000666 0.000316 0.000161 0.000099 0.000032 0.000006 0.000004 0.000001 0.000001 0.000000 0.000000 0.000000 0.000000 0.000000 0.000000 0.000000 0.000000 
t: 0.023076923077 start: 44 end: 94 0.000004 0.000004 0.000010 0.000048 0.000090 0.000222 0.000467 0.000991 0.001889 0.003438 0.005918 0.009797 0.015449 0.022566 0.032204 0.042440 0.053939 0.065445 0.074849 0.082401 0.085999 0.086558 0.082052 0.074553 0.064873 0.053389 0.042667 0.032192 0.023042 0.015978 0.010634 0.006790 0.004092 0.002423 0.001270 0.000654 0.000355 0.000174 0.000084 0.000036 0.000006 0.000007 0.000000 0.000001 0.000000 0.000000 0.000000 0.000000 0.000000 0.000000 0.000000 
t: 0.022222222222 start: 45 end: 96 0.000001 0.000001 0.000008 0.000028 0.000059 0.000134 0.000316 0.000612 0.001221 0.002353 0.004047 0.006936 0.011133 0.017081 0.025122 0.033906 0.044944 0.056024 0.067089 0.076049 0.082482 0.085104 0.084309 0.080249 0.072185 0.062357 0.051799 0.040848 0.030787 0.022113 0.015168 0.010161 0.006608 0.003910 0.002256 0.001258 0.000692 0.000354 0.000160 0.000081 0.000034 0.000016 0.000003 0.000002 0.000000 0.000000 0.000000 0.000000 0.000000 0.000000 0.000000 0.000000 
t: 0.021428571428 start: 47 end: 99 0.000001 0.000006 0.000018 0.000041 0.000090 0.000174 0.000393 0.000823 0.001580 0.002749 0.004953 0.008207 0.012781 0.019140 0.027270 0.036750 0.047266 0.058802 0.068676 0.076770 0.082603 0.084341 0.082772 0.077710 0.069668 0.059770 0.049078 0.038860 0.029056 0.020877 0.014605 0.009626 0.006165 0.003710 0.002173 0.001219 0.000660 0.000330 0.000149 0.000070 0.000042 0.000016 0.000008 0.000001 0.000001 0.000000 0.000000 0.000000 0.000000 0.000000 0.000000 0.000000 0.000000 
t: 0.020689655172 start: 49 end: 102 0.000003 0.000009 0.000018 0.000058 0.000112 0.000282 0.000585 0.001064 0.001952 0.003561 0.005928 0.009705 0.014635 0.021628 0.029987 0.039471 0.050053 0.060847 0.070454 0.078263 0.082219 0.084058 0.081007 0.074732 0.067131 0.056822 0.046485 0.036513 0.026958 0.019517 0.013364 0.009040 0.005729 0.003449 0.002003 0.001134 0.000650 0.000296 0.000135 0.000087 0.000033 0.000013 0.000007 0.000001 0.000001 0.000001 0.000000 0.000000 0.000000 0.000000 0.000000 0.000000 0.000000 0.000000 
t: 0.020000000000 start: 50 end: 103 0.000001 0.000006 0.000017 0.000029 0.000084 0.000166 0.000391 0.000753 0.001381 0.002521 0.004350 0.007188 0.011373 0.017002 0.024348 0.032804 0.042662 0.053114 0.063851 0.071882 0.079349 0.082536 0.082278 0.079140 0.071914 0.063571 0.053947 0.043486 0.033676 0.025126 0.018134 0.012335 0.008269 0.005163 0.003119 0.001862 0.001054 0.000601 0.000280 0.000119 0.000065 0.000025 0.000015 0.000007 0.000005 0.000001 0.000000 0.000000 0.000000 0.000000 0.000000 0.000000 0.000000 0.000000 
t: 0.019354838710 start: 52 end: 105 0.000004 0.000008 0.000022 0.000054 0.000111 0.000243 0.000517 0.001062 0.001853 0.003220 0.005428 0.008666 0.013486 0.019388 0.027269 0.036073 0.046291 0.056427 0.066170 0.074182 0.079883 0.081877 0.080609 0.076309 0.069631 0.060281 0.050258 0.040351 0.031147 0.022974 0.016372 0.011141 0.007522 0.004793 0.002816 0.001642 0.000927 0.000492 0.000286 0.000115 0.000056 0.000018 0.000016 0.000004 0.000004 0.000002 0.000000 0.000000 0.000000 0.000000 0.000000 0.000000 0.000000 0.000000 
t: 0.018750000000 start: 54 end: 106 0.000005 0.000010 0.000037 0.000084 0.000163 0.000355 0.000714 0.001422 0.002404 0.004227 0.006653 0.010593 0.015896 0.022370 0.030289 0.039950 0.049838 0.059978 0.068636 0.075868 0.080147 0.080784 0.078783 0.073713 0.065924 0.056411 0.047062 0.037129 0.028363 0.020855 0.014627 0.010132 0.006760 0.004208 0.002495 0.001437 0.000819 0.000459 0.000214 0.000097 0.000046 0.000023 0.000011 0.000005 0.000004 0.000000 0.000000 0.000000 0.000000 0.000000 0.000000 0.000000 0.000000 
t: 0.018181818182 start: 54 end: 108 0.000001 0.000004 0.000012 0.000015 0.000062 0.000116 0.000245 0.000531 0.001046 0.001825 0.003255 0.005194 0.008388 0.012665 0.018520 0.025578 0.034328 0.044033 0.053772 0.062850 0.070961 0.077438 0.080092 0.079418 0.076435 0.070200 0.062209 0.052710 0.043315 0.034186 0.025580 0.018683 0.013217 0.008913 0.005746 0.003607 0.002193 0.001231 0.000689 0.000375 0.000189 0.000077 0.000055 0.000022 0.000012 0.000006 0.000000 0.000001 0.000000 0.000000 0.000000 0.000000 0.000000 0.000000 0.000000 
t: 0.017647058823 start: 55 end: 110 0.000002 0.000004 0.000003 0.000019 0.000037 0.000081 0.000194 0.000392 0.000766 0.001422 0.002465 0.004163 0.006564 0.010359 0.015340 0.021790 0.029283 0.038308 0.047846 0.057611 0.066124 0.073168 0.078389 0.079432 0.078159 0.073030 0.066865 0.058317 0.048858 0.039193 0.030854 0.022810 0.016742 0.011585 0.007655 0.005052 0.003030 0.001800 0.001119 0.000565 0.000298 0.000153 0.000081 0.000041 0.000020 0.000007 0.000003 0.000001 0.000000 0.000000 0.000000 0.000000 0.000000 0.000000 0.000000 0.000000 
t: 0.017142857143 start: 56 end: 111 0.000001 0.000003 0.000003 0.000012 0.000027 0.000076 0.000133 0.000280 0.000589 0.001096 0.001941 0.003239 0.005391 0.008463 0.012746 0.018307 0.025223 0.033454 0.042318 0.052148 0.061468 0.069235 0.075206 0.078250 0.078657 0.075624 0.070143 0.062671 0.054057 0.044629 0.035672 0.027155 0.020474 0.014570 0.009897 0.006693 0.004220 0.002576 0.001546 0.000847 0.000462 0.000243 0.000134 0.000062 0.000034 0.000016 0.000005 0.000004 0.000000 0.000000 0.000000 0.000000 0.000000 0.000000 0.000000 0.000000 
t: 0.016666666667 start: 57 end: 112 0.000001 0.000001 0.000002 0.000008 0.000021 0.000051 0.000118 0.000222 0.000487 0.000821 0.001459 0.002670 0.004350 0.006895 0.010638 0.015360 0.021651 0.029490 0.037630 0.047028 0.056519 0.064856 0.071970 0.075969 0.078727 0.076713 0.072808 0.066468 0.058611 0.049287 0.040593 0.031915 0.023908 0.017788 0.012423 0.008615 0.005598 0.003532 0.002151 0.001208 0.000673 0.000367 0.000205 0.000106 0.000045 0.000025 0.000012 0.000005 0.000000 0.000000 0.000000 0.000000 0.000000 0.000000 0.000000 0.000000 
t: 0.016216216216 start: 59 end: 115 0.000002 0.000003 0.000006 0.000013 0.000044 0.000091 0.000174 0.000343 0.000667 0.001204 0.002133 0.003563 0.005685 0.008891 0.013014 0.018843 0.025567 0.033686 0.042411 0.052042 0.060430 0.067969 0.073861 0.076898 0.077599 0.074698 0.069443 0.062264 0.053847 0.045070 0.036179 0.028074 0.020949 0.015351 0.010687 0.006945 0.004651 0.002842 0.001727 0.000968 0.000591 0.000292 0.000134 0.000081 0.000031 0.000024 0.000010 0.000002 0.000000 0.000001 0.000000 0.000000 0.000000 0.000000 0.000000 0.000000 0.000000 
t: 0.015789473684 start: 61 end: 116 0.000006 0.000001 0.000010 0.000028 0.000084 0.000133 0.000273 0.000501 0.000992 0.001744 0.002832 0.004822 0.007386 0.011365 0.016190 0.022522 0.029905 0.038525 0.047110 0.056138 0.064470 0.070746 0.075079 0.077893 0.075456 0.071618 0.065553 0.057741 0.049293 0.040619 0.031880 0.024342 0.018134 0.012840 0.008801 0.005938 0.003750 0.002203 0.001379 0.000792 0.000433 0.000245 0.000108 0.000066 0.000030 0.000018 0.000003 0.000003 0.000000 0.000000 0.000000 0.000000 0.000000 0.000000 0.000000 0.000000 
t: 0.015384615385 start: 61 end: 117 0.000002 0.000002 0.000003 0.000008 0.000029 0.000050 0.000100 0.000216 0.000441 0.000817 0.001429 0.002430 0.004015 0.006334 0.009518 0.014081 0.019805 0.026418 0.034591 0.043606 0.052189 0.060906 0.067814 0.073160 0.076080 0.075793 0.073207 0.068190 0.061415 0.053242 0.044432 0.035810 0.027822 0.021040 0.015270 0.010596 0.007285 0.004696 0.002977 0.001826 0.001084 0.000596 0.000332 0.000172 0.000085 0.000045 0.000028 0.000008 0.000005 0.000000 0.000000 0.000000 0.000000 0.000000 0.000000 0.000000 0.000000 
t: 0.015000000000 start: 63 end: 119 0.000001 0.000003 0.000007 0.000021 0.000043 0.000083 0.000190 0.000340 0.000662 0.001188 0.002049 0.003394 0.005452 0.008223 0.012271 0.017587 0.023725 0.031425 0.039454 0.048417 0.057266 0.064807 0.071030 0.074245 0.075979 0.074120 0.070214 0.064368 0.056356 0.048299 0.039352 0.031070 0.024098 0.017773 0.012651 0.008806 0.005787 0.003712 0.002322 0.001434 0.000812 0.000474 0.000256 0.000119 0.000066 0.000030 0.000008 0.000007 0.000004 0.000000 0.000000 0.000000 0.000000 0.000000 0.000000 0.000000 0.000000 
t: 0.014634146341 start: 65 end: 121 0.000001 0.000007 0.000014 0.000032 0.000077 0.000145 0.000313 0.000537 0.000997 0.001786 0.002880 0.004582 0.007232 0.010746 0.015612 0.021290 0.028446 0.036215 0.045149 0.053910 0.061519 0.068251 0.072748 0.075128 0.074200 0.071881 0.066456 0.059719 0.051868 0.042550 0.034712 0.026705 0.020135 0.014911 0.010329 0.007130 0.004673 0.002932 0.001826 0.001021 0.000638 0.000354 0.000183 0.000082 0.000041 0.000021 0.000010 0.000004 0.000002 0.000000 0.000000 0.000000 0.000000 0.000000 0.000000 0.000000 0.000000 
t: 0.014285714286 start: 66 end: 122 0.000002 0.000007 0.000014 0.000028 0.000060 0.000135 0.000254 0.000481 0.000855 0.001459 0.002490 0.004020 0.006321 0.009710 0.013906 0.018926 0.025977 0.033420 0.041708 0.050341 0.058669 0.065502 0.071260 0.073935 0.074555 0.072359 0.068295 0.062517 0.054470 0.046083 0.037685 0.029891 0.022606 0.016979 0.012037 0.008434 0.005706 0.003588 0.002221 0.001348 0.000799 0.000458 0.000241 0.000128 0.000063 0.000031 0.000016 0.000009 0.000001 0.000000 0.000000 0.000000 0.000000 0.000000 0.000000 0.000000 0.000000 
t: 0.013953488372 start: 67 end: 124 0.000001 0.000008 0.000011 0.000021 0.000046 0.000107 0.000222 0.000407 0.000771 0.001224 0.002097 0.003568 0.005716 0.008461 0.012589 0.017357 0.023385 0.030785 0.039020 0.047083 0.055594 0.063275 0.069000 0.073128 0.074406 0.072696 0.069570 0.064385 0.056833 0.049145 0.040963 0.032618 0.025146 0.018884 0.013996 0.009771 0.006720 0.004395 0.002743 0.001605 0.001006 0.000581 0.000331 0.000169 0.000081 0.000048 0.000014 0.000011 0.000006 0.000000 0.000001 0.000000 0.000000 0.000000 0.000000 0.000000 0.000000 0.000000 
t: 0.013636363636 start: 68 end: 125 0.000004 0.000004 0.000006 0.000013 0.000038 0.000099 0.000180 0.000365 0.000646 0.001091 0.001880 0.003243 0.004940 0.007697 0.011220 0.015846 0.021541 0.028391 0.036042 0.045116 0.052715 0.060309 0.067073 0.071591 0.073789 0.073257 0.070633 0.065911 0.059061 0.051696 0.043704 0.035528 0.027383 0.020977 0.015588 0.011312 0.007802 0.005148 0.003336 0.001949 0.001272 0.000733 0.000444 0.000205 0.000103 0.000061 0.000036 0.000016 0.000004 0.000002 0.000000 0.000000 0.000000 0.000000 0.000000 0.000000 0.000000 0.000000 
t: 0.013333333333 start: 69 end: 127 0.000001 0.000002 0.000008 0.000014 0.000039 0.000077 0.000156 0.000305 0.000567 0.000964 0.001680 0.002921 0.004442 0.006943 0.010197 0.014479 0.020022 0.026411 0.033966 0.042217 0.050169 0.057829 0.065168 0.070004 0.072618 0.073368 0.071046 0.067436 0.061366 0.054258 0.045934 0.037558 0.029920 0.023150 0.017327 0.012881 0.008769 0.005842 0.003941 0.002539 0.001458 0.000888 0.000539 0.000291 0.000140 0.000083 0.000034 0.000019 0.000012 0.000000 0.000001 0.000001 0.000000 0.000000 0.000000 0.000000 0.000000 0.000000 0.000000 
t: 0.013043478261 start: 70 end: 128 0.000001 0.000004 0.000002 0.000019 0.000025 0.000063 0.000161 0.000274 0.000465 0.000870 0.001540 0.002517 0.004139 0.006378 0.009293 0.013491 0.018480 0.024582 0.031744 0.040023 0.047683 0.055698 0.063125 0.068080 0.072066 0.072868 0.071595 0.068263 0.063032 0.056446 0.048018 0.040022 0.032308 0.025210 0.019005 0.014121 0.009892 0.006836 0.004504 0.002935 0.001736 0.001109 0.000629 0.000346 0.000206 0.000112 0.000044 0.000025 0.000011 0.000002 0.000002 0.000000 0.000000 0.000000 0.000000 0.000000 0.000000 0.000000 0.000000 
t: 0.012765957447 start: 70 end: 130 0.000001 0.000001 0.000002 0.000005 0.000011 0.000038 0.000054 0.000113 0.000270 0.000419 0.000806 0.001355 0.002265 0.003763 0.005825 0.008586 0.012541 0.017130 0.023069 0.030052 0.037743 0.045830 0.053628 0.061022 0.066482 0.070734 0.072713 0.071719 0.069387 0.064236 0.057633 0.050251 0.042237 0.034381 0.027020 0.020890 0.015373 0.010991 0.007706 0.005312 0.003411 0.002038 0.001342 0.000726 0.000397 0.000238 0.000134 0.000060 0.000030 0.000023 0.000005 0.000001 0.000000 0.000001 0.000000 0.000000 0.000000 0.000000 0.000000 0.000000 0.000000 
t: 0.012500000000 start: 71 end: 132 0.000001 0.000002 0.000002 0.000003 0.000015 0.000027 0.000061 0.000116 0.000207 0.000407 0.000688 0.001270 0.002094 0.003471 0.005302 0.008013 0.011569 0.016158 0.021962 0.028344 0.035816 0.043712 0.051649 0.059084 0.065408 0.069406 0.071922 0.072260 0.069661 0.065245 0.059104 0.052010 0.044262 0.036061 0.029107 0.022440 0.016735 0.012002 0.008763 0.005877 0.003759 0.002481 0.001530 0.000894 0.000484 0.000309 0.000154 0.000074 0.000040 0.000025 0.000010 0.000002 0.000001 0.000001 0.000000 0.000000 0.000000 0.000000 0.000000 0.000000 0.000000 0.000000 
t: 0.012244897959 start: 72 end: 134 0.000001 0.000001 0.000004 0.000005 0.000013 0.000018 0.000045 0.000118 0.000200 0.000359 0.000689 0.001165 0.001991 0.003148 0.004960 0.007568 0.010721 0.015054 0.020636 0.027184 0.034202 0.041946 0.049929 0.057459 0.063696 0.068523 0.071441 0.071423 0.070229 0.066248 0.060598 0.053504 0.045903 0.037923 0.030758 0.023903 0.017869 0.013339 0.009556 0.006382 0.004361 0.002738 0.001810 0.001048 0.000599 0.000346 0.000191 0.000097 0.000050 0.000026 0.000014 0.000005 0.000002 0.000001 0.000000 0.000001 0.000000 0.000000 0.000000 0.000000 0.000000 0.000000 0.000000 
t: 0.012000000000 start: 73 end: 135 0.000001 0.000004 0.000003 0.000004 0.000008 0.000018 0.000051 0.000107 0.000192 0.000349 0.000608 0.001127 0.001855 0.003014 0.004560 0.007056 0.010277 0.014304 0.019549 0.025651 0.033143 0.040257 0.048358 0.055999 0.062614 0.066880 0.070902 0.071239 0.070245 0.067257 0.061730 0.054805 0.047057 0.039408 0.032293 0.025442 0.019241 0.014298 0.010227 0.007183 0.004735 0.003149 0.002051 0.001173 0.000690 0.000413 0.000235 0.000124 0.000058 0.000033 0.000011 0.000005 0.000004 0.000000 0.000002 0.000001 0.000000 0.000000 0.000000 0.000000 0.000000 0.000000 0.000000 
t: 0.011764705882 start: 74 end: 136 0.000002 0.000002 0.000000 0.000007 0.000005 0.000019 0.000048 0.000098 0.000196 0.000306 0.000601 0.001068 0.001806 0.002742 0.004375 0.006618 0.009716 0.013704 0.018473 0.024810 0.031626 0.039225 0.046903 0.054732 0.061002 0.065965 0.069512 0.071156 0.070541 0.067539 0.062776 0.055727 0.048559 0.041021 0.033661 0.026690 0.020309 0.015511 0.011006 0.007669 0.005319 0.003491 0.002206 0.001387 0.000815 0.000481 0.000271 0.000149 0.000084 0.000039 0.000014 0.000013 0.000001 0.000001 0.000002 0.000001 0.000000 0.000000 0.000000 0.000000 0.000000 0.000000 0.000000 
t: 0.011538461538 start: 74 end: 135 0.000002 0.000000 0.000000 0.000004 0.000004 0.000006 0.000024 0.000048 0.000086 0.000183 0.000319 0.000567 0.000993 0.001687 0.002663 0.004120 0.006278 0.009270 0.012981 0.018065 0.023824 0.030709 0.037755 0.046011 0.053176 0.059539 0.065003 0.068622 0.071465 0.070135 0.068081 0.062996 0.056885 0.049902 0.042328 0.034808 0.027807 0.021863 0.015870 0.011865 0.008356 0.005725 0.003839 0.002436 0.001539 0.000961 0.000523 0.000321 0.000177 0.000090 0.000045 0.000021 0.000015 0.000004 0.000003 0.000001 0.000000 0.000000 0.000000 0.000000 0.000000 0.000000 
t: 0.011320754717 start: 76 end: 138 0.000002 0.000001 0.000002 0.000003 0.000010 0.000025 0.000038 0.000094 0.000163 0.000317 0.000558 0.000949 0.001567 0.002538 0.003980 0.006117 0.008689 0.012642 0.017435 0.023149 0.029693 0.036807 0.044748 0.051821 0.058659 0.064084 0.068908 0.070332 0.070043 0.068003 0.063333 0.058014 0.050904 0.043365 0.035923 0.029182 0.022383 0.017019 0.012467 0.009012 0.006102 0.004079 0.002671 0.001725 0.001077 0.000582 0.000363 0.000219 0.000103 0.000050 0.000018 0.000024 0.000003 0.000003 0.000002 0.000000 0.000000 0.000000 0.000000 0.000000 0.000000 0.000000 0.000000 
t: 0.011111111111 start: 77 end: 138 0.000002 0.000000 0.000001 0.000006 0.000009 0.000023 0.000043 0.000079 0.000155 0.000328 0.000580 0.000905 0.001503 0.002435 0.003907 0.005790 0.008488 0.012312 0.016784 0.022518 0.028750 0.036263 0.043353 0.050968 0.057580 0.063827 0.067668 0.070195 0.069868 0.068006 0.064079 0.058301 0.051839 0.044342 0.037118 0.029782 0.023536 0.017757 0.013147 0.009361 0.006509 0.004441 0.002904 0.001815 0.001165 0.000707 0.000367 0.000249 0.000112 0.000053 0.000032 0.000021 0.000010 0.000004 0.000003 0.000000 0.000000 0.000000 0.000000 0.000000 0.000000 0.000000 
t: 0.010909090909 start: 78 end: 140 0.000001 0.000000 0.000004 0.000004 0.000011 0.000016 0.000048 0.000083 0.000153 0.000311 0.000535 0.000926 0.001456 0.002373 0.003779 0.005604 0.008239 0.012026 0.016539 0.021459 0.028454 0.035545 0.042669 0.049569 0.057237 0.063227 0.066900 0.069614 0.069856 0.068059 0.064258 0.059081 0.051987 0.045139 0.038181 0.030854 0.024055 0.018606 0.013568 0.009909 0.006968 0.004694 0.003035 0.002028 0.001221 0.000770 0.000435 0.000252 0.000124 0.000058 0.000042 0.000021 0.000009 0.000006 0.000001 0.000001 0.000000 0.000000 0.000000 0.000000 0.000000 0.000000 0.000000 
t: 0.010714285714 start: 79 end: 142 0.000001 0.000001 0.000001 0.000005 0.000009 0.000023 0.000045 0.000082 0.000165 0.000305 0.000531 0.000866 0.001398 0.002411 0.003660 0.005570 0.008086 0.011738 0.015943 0.021512 0.027701 0.034441 0.041919 0.049237 0.056847 0.062314 0.066535 0.069192 0.069422 0.068019 0.064324 0.059395 0.052908 0.045882 0.038623 0.031382 0.024828 0.019137 0.014420 0.010288 0.007318 0.004901 0.003292 0.002121 0.001362 0.000834 0.000458 0.000255 0.000148 0.000063 0.000042 0.000021 0.000009 0.000008 0.000001 0.000001 0.000000 0.000000 0.000000 0.000000 0.000000 0.000000 0.000000 0.000000 
t: 0.010526315789 start: 80 end: 144 0.000002 0.000001 0.000001 0.000005 0.000008 0.000025 0.000057 0.000084 0.000142 0.000296 0.000525 0.000856 0.001482 0.002265 0.003622 0.005551 0.008022 0.011575 0.015725 0.021052 0.027280 0.034080 0.041436 0.048685 0.055768 0.061994 0.066182 0.068705 0.069389 0.067529 0.064401 0.059814 0.053337 0.046397 0.039256 0.031962 0.025513 0.019501 0.015027 0.010532 0.007560 0.005262 0.003429 0.002263 0.001393 0.000879 0.000523 0.000285 0.000139 0.000095 0.000044 0.000026 0.000007 0.000005 0.000003 0.000002 0.000001 0.000000 0.000000 0.000000 0.000000 0.000000 0.000000 0.000000 0.000000 
t: 0.010344827586 start: 81 end: 142 0.000002 0.000000 0.000002 0.000005 0.000009 0.000029 0.000036 0.000080 0.000164 0.000286 0.000528 0.000881 0.001413 0.002327 0.003612 0.005518 0.007844 0.011426 0.015608 0.020695 0.026985 0.033613 0.041329 0.048226 0.055563 0.061179 0.065350 0.068698 0.069092 0.067507 0.064664 0.059643 0.053883 0.046615 0.039552 0.032657 0.025746 0.020174 0.015269 0.010983 0.007762 0.005506 0.003575 0.002327 0.001504 0.000919 0.000560 0.000288 0.000191 0.000074 0.000057 0.000020 0.000014 0.000007 0.000000 0.000003 0.000000 0.000000 0.000000 0.000000 0.000000 0.000000 
t: 0.010169491525 start: 83 end: 146 0.000001 0.000004 0.000005 0.000008 0.000021 0.000050 0.000082 0.000147 0.000295 0.000521 0.000877 0.001413 0.002365 0.003659 0.005471 0.007771 0.011276 0.015593 0.020752 0.026440 0.033711 0.040748 0.047875 0.055176 0.060828 0.065364 0.068158 0.068790 0.067186 0.064701 0.060062 0.053581 0.047214 0.039856 0.032919 0.026235 0.020454 0.015467 0.011377 0.007914 0.005719 0.003754 0.002337 0.001551 0.001002 0.000555 0.000315 0.000180 0.000105 0.000061 0.000026 0.000018 0.000006 0.000002 0.000001 0.000001 0.000000 0.000000 0.000000 0.000000 0.000000 0.000000 0.000000 0.000000 
t: 0.010000000000 start: 84 end: 147 0.000002 0.000003 0.000004 0.000011 0.000030 0.000053 0.000080 0.000160 0.000290 0.000500 0.000892 0.001467 0.002409 0.003622 0.005387 0.007919 0.011274 0.015721 0.020539 0.026450 0.033315 0.040432 0.047979 0.054918 0.060525 0.064886 0.067322 0.068686 0.067687 0.064262 0.060082 0.054082 0.046919 0.040036 0.033590 0.026544 0.020607 0.015735 0.011498 0.008052 0.005751 0.003779 0.002513 0.001585 0.000975 0.000656 0.000343 0.000198 0.000102 0.000071 0.000031 0.000014 0.000008 0.000001 0.000002 0.000000 0.000001 0.000000 0.000000 0.000000 0.000000 0.000000 0.000000 0.000000 
t: 0.008448275866 start: 93 end: 158 0.000001 0.000001 0.000004 0.000007 0.000012 0.000023 0.000045 0.000099 0.000176 0.000329 0.000543 0.000927 0.001480 0.002388 0.003512 0.005371 0.007593 0.010677 0.014562 0.019265 0.025089 0.031165 0.037922 0.044911 0.051335 0.056879 0.061489 0.065145 0.066674 0.065886 0.063914 0.060690 0.055579 0.049602 0.042817 0.036267 0.029821 0.023896 0.018198 0.013852 0.010148 0.007284 0.005066 0.003430 0.002337 0.001441 0.000846 0.000573 0.000310 0.000178 0.000113 0.000067 0.000024 0.000017 0.000012 0.000003 0.000003 0.000002 0.000000 0.000000 0.000000 0.000000 0.000000 0.000000 0.000000 0.000000 
t: 0.007313432839 start: 102 end: 166 0.000001 0.000002 0.000004 0.000012 0.000027 0.000037 0.000053 0.000135 0.000237 0.000409 0.000700 0.001043 0.001772 0.002732 0.003990 0.006018 0.008412 0.011613 0.015292 0.020134 0.026001 0.032026 0.038088 0.045125 0.050958 0.056659 0.060421 0.064001 0.065742 0.065013 0.062924 0.059664 0.054175 0.048459 0.042153 0.035944 0.029786 0.023889 0.018667 0.014089 0.010643 0.007573 0.005325 0.003614 0.002390 0.001633 0.000977 0.000586 0.000344 0.000245 0.000128 0.000061 0.000042 0.000015 0.000006 0.000005 0.000006 0.000000 0.000000 0.000000 0.000000 0.000000 0.000000 0.000000 0.000000 
t: 0.006447368423 start: 110 end: 173 0.000001 0.000005 0.000008 0.000009 0.000031 0.000050 0.000095 0.000147 0.000333 0.000565 0.000861 0.001345 0.002113 0.003279 0.004649 0.006778 0.009584 0.012820 0.017052 0.021909 0.027314 0.033295 0.039628 0.045924 0.052145 0.057230 0.061539 0.063676 0.064380 0.063780 0.061538 0.057856 0.052500 0.047303 0.040828 0.034615 0.028420 0.022917 0.017873 0.013436 0.010246 0.007160 0.005102 0.003445 0.002353 0.001529 0.000974 0.000555 0.000355 0.000209 0.000106 0.000066 0.000039 0.000009 0.000012 0.000009 0.000000 0.000000 0.000000 0.000000 0.000000 0.000000 0.000000 0.000000 
t: 0.005764705884 start: 116 end: 181 0.000001 0.000003 0.000002 0.000011 0.000022 0.000049 0.000061 0.000120 0.000221 0.000344 0.000654 0.001004 0.001560 0.002346 0.003807 0.005256 0.007601 0.010377 0.013915 0.018065 0.022938 0.028619 0.034784 0.040967 0.047030 0.052953 0.057786 0.061381 0.063027 0.064246 0.063339 0.060510 0.056362 0.051425 0.046045 0.039789 0.033303 0.027418 0.022117 0.016939 0.012922 0.009804 0.007066 0.004726 0.003206 0.002262 0.001456 0.000859 0.000546 0.000310 0.000215 0.000115 0.000053 0.000032 0.000022 0.000007 0.000001 0.000001 0.000000 0.000000 0.000000 0.000000 0.000000 0.000000 0.000000 0.000000 
t: 0.005212765959 start: 122 end: 187 0.000001 0.000003 0.000004 0.000016 0.000019 0.000036 0.000074 0.000152 0.000219 0.000402 0.000647 0.001104 0.001549 0.002542 0.003689 0.005347 0.007695 0.010557 0.014027 0.018260 0.023123 0.028711 0.034518 0.040906 0.047075 0.052781 0.057285 0.060832 0.063057 0.063839 0.063147 0.060165 0.056418 0.051423 0.046089 0.039838 0.033270 0.027779 0.022127 0.017094 0.013096 0.009726 0.007084 0.004899 0.003408 0.002216 0.001491 0.000898 0.000554 0.000339 0.000225 0.000123 0.000058 0.000036 0.000012 0.000012 0.000001 0.000002 0.000000 0.000000 0.000000 0.000000 0.000000 0.000000 0.000000 0.000000 
t: 0.004757281555 start: 128 end: 193 0.000002 0.000008 0.000011 0.000030 0.000039 0.000070 0.000123 0.000169 0.000329 0.000614 0.000892 0.001462 0.002181 0.003274 0.004801 0.006766 0.009344 0.012782 0.016735 0.021498 0.026828 0.032817 0.038722 0.044777 0.050496 0.055491 0.059735 0.062558 0.063909 0.063050 0.061624 0.057887 0.053416 0.048138 0.042039 0.035396 0.029423 0.024059 0.018805 0.014477 0.010994 0.007757 0.005562 0.003890 0.002547 0.001761 0.001112 0.000709 0.000378 0.000226 0.000140 0.000064 0.000048 0.000020 0.000007 0.000003 0.000002 0.000003 0.000000 0.000000 0.000000 0.000000 0.000000 0.000000 0.000000 0.000000 
t: 0.004375000001 start: 132 end: 197 0.000001 0.000004 0.000007 0.000016 0.000024 0.000035 0.000083 0.000116 0.000236 0.000389 0.000636 0.000978 0.001585 0.002376 0.003614 0.005195 0.007333 0.010086 0.013508 0.017576 0.022469 0.028110 0.034143 0.039673 0.046262 0.051603 0.056655 0.060563 0.063090 0.063364 0.063483 0.060609 0.057460 0.052218 0.046420 0.040705 0.034424 0.028369 0.022621 0.017967 0.013728 0.010090 0.007390 0.005010 0.003482 0.002331 0.001563 0.001023 0.000587 0.000359 0.000203 0.000092 0.000063 0.000037 0.000025 0.000006 0.000003 0.000002 0.000000 0.000000 0.000000 0.000000 0.000000 0.000000 0.000000 0.000000 
t: 0.004049586778 start: 136 end: 203 0.000002 0.000002 0.000002 0.000011 0.000020 0.000030 0.000063 0.000119 0.000179 0.000351 0.000532 0.000890 0.001389 0.002019 0.003201 0.004541 0.006536 0.009114 0.012534 0.016142 0.020856 0.026138 0.031808 0.038024 0.044216 0.049916 0.055025 0.059764 0.062802 0.063426 0.063792 0.061589 0.058565 0.054169 0.048306 0.042899 0.036447 0.030386 0.024637 0.019274 0.014684 0.011090 0.008096 0.005617 0.003822 0.002629 0.001667 0.001102 0.000698 0.000380 0.000237 0.000126 0.000069 0.000037 0.000011 0.000011 0.000003 0.000003 0.000000 0.000001 0.000000 0.000000 0.000001 0.000000 0.000000 0.000000 0.000000 0.000000 
t: 0.003769230770 start: 140 end: 207 0.000002 0.000004 0.000005 0.000006 0.000014 0.000034 0.000065 0.000109 0.000189 0.000352 0.000579 0.000870 0.001380 0.002166 0.003214 0.004650 0.006737 0.009295 0.012507 0.016467 0.021276 0.026684 0.032334 0.038571 0.045033 0.050772 0.055398 0.060236 0.062732 0.064050 0.063996 0.061754 0.058335 0.053693 0.048143 0.042125 0.035881 0.029888 0.023962 0.018470 0.014338 0.010520 0.007754 0.005397 0.003674 0.002390 0.001557 0.000997 0.000601 0.000408 0.000191 0.000096 0.000054 0.000018 0.000013 0.000008 0.000001 0.000001 0.000003 0.000001 0.000000 0.000000 0.000000 0.000000 0.000000 0.000000 0.000000 0.000000 
t: 0.003525179857 start: 143 end: 209 0.000003 0.000002 0.000003 0.000007 0.000014 0.000019 0.000035 0.000075 0.000142 0.000242 0.000451 0.000669 0.001072 0.001636 0.002472 0.003823 0.005427 0.007780 0.010574 0.014207 0.018460 0.023167 0.028895 0.035151 0.041624 0.047330 0.053115 0.058131 0.061612 0.063967 0.064361 0.063457 0.060874 0.056651 0.051541 0.045849 0.039301 0.032849 0.027107 0.021352 0.016415 0.012487 0.009016 0.006279 0.004408 0.003054 0.001895 0.001239 0.000735 0.000451 0.000311 0.000119 0.000081 0.000031 0.000015 0.000009 0.000001 0.000005 0.000002 0.000000 0.000000 0.000000 0.000000 0.000000 0.000000 0.000000 0.000000 
t: 0.003310810811 start: 145 end: 211 0.000001 0.000000 0.000003 0.000005 0.000005 0.000007 0.000018 0.000034 0.000054 0.000130 0.000184 0.000344 0.000637 0.000928 0.001433 0.002231 0.003358 0.004978 0.006936 0.009667 0.012850 0.017137 0.021792 0.027691 0.033508 0.040153 0.045979 0.051833 0.057084 0.060917 0.063527 0.064774 0.064591 0.061926 0.058090 0.053244 0.047523 0.041000 0.034408 0.028174 0.022420 0.017671 0.013106 0.009583 0.006840 0.004871 0.003112 0.002052 0.001341 0.000818 0.000464 0.000264 0.000145 0.000082 0.000032 0.000022 0.000009 0.000009 0.000003 0.000002 0.000000 0.000000 0.000000 0.000000 0.000000 0.000000 0.000000 
t: 0.003121019109 start: 149 end: 215 0.000001 0.000004 0.000001 0.000004 0.000009 0.000019 0.000029 0.000066 0.000109 0.000205 0.000311 0.000566 0.000935 0.001394 0.002204 0.003307 0.004856 0.006926 0.009530 0.012926 0.017106 0.021775 0.027314 0.033680 0.039844 0.046275 0.052300 0.057331 0.060958 0.064628 0.065258 0.064727 0.062166 0.058261 0.053375 0.047837 0.040800 0.034216 0.028113 0.022213 0.017217 0.012821 0.009416 0.006523 0.004509 0.003077 0.001897 0.001245 0.000748 0.000455 0.000247 0.000128 0.000075 0.000029 0.000015 0.000008 0.000009 0.000001 0.000001 0.000000 0.000000 0.000000 0.000000 0.000000 0.000000 0.000000 0.000000 
t: 0.002951807229 start: 150 end: 215 0.000001 0.000000 0.000001 0.000000 0.000004 0.000001 0.000005 0.000018 0.000042 0.000070 0.000123 0.000215 0.000329 0.000621 0.000931 0.001546 0.002332 0.003684 0.005173 0.007398 0.010232 0.013663 0.018191 0.023367 0.028419 0.035075 0.041685 0.047816 0.053929 0.058427 0.062380 0.065046 0.066153 0.064738 0.061851 0.057108 0.052396 0.045838 0.039313 0.032565 0.026450 0.020872 0.015570 0.011655 0.008392 0.005787 0.003892 0.002693 0.001631 0.001026 0.000596 0.000350 0.000199 0.000101 0.000053 0.000027 0.000011 0.000005 0.000002 0.000002 0.000000 0.000000 0.000000 0.000000 0.000000 0.000000 
t: 0.002800000000 start: 151 end: 216 0.000001 0.000000 0.000000 0.000000 0.000000 0.000002 0.000004 0.000005 0.000010 0.000023 0.000054 0.000091 0.000154 0.000245 0.000467 0.000735 0.001147 0.001833 0.002858 0.004157 0.006073 0.008252 0.011681 0.015452 0.020040 0.025419 0.031744 0.038147 0.044334 0.050866 0.056585 0.061103 0.064158 0.065795 0.065871 0.064125 0.060206 0.055583 0.049904 0.042789 0.036076 0.029458 0.023603 0.018053 0.013428 0.009847 0.006840 0.004646 0.003135 0.001996 0.001264 0.000769 0.000469 0.000252 0.000123 0.000060 0.000040 0.000015 0.000007 0.000004 0.000001 0.000000 0.000001 0.000000 0.000000 0.000000 
t: 0.002663043479 start: 155 end: 220 0.000001 0.000000 0.000000 0.000001 0.000004 0.000002 0.000007 0.000019 0.000027 0.000067 0.000117 0.000215 0.000354 0.000587 0.000942 0.001539 0.002430 0.003531 0.005136 0.007327 0.010235 0.013954 0.018160 0.023485 0.029196 0.035769 0.042214 0.048770 0.054941 0.059840 0.063242 0.066201 0.066912 0.065284 0.062535 0.057559 0.051733 0.045274 0.038575 0.031516 0.025363 0.019428 0.014810 0.010839 0.007632 0.005201 0.003435 0.002248 0.001428 0.000841 0.000487 0.000287 0.000155 0.000071 0.000045 0.000015 0.000005 0.000005 0.000002 0.000002 0.000000 0.000000 0.000000 0.000000 0.000000 0.000000 
t: 0.002538860104 start: 158 end: 222 0.000001 0.000000 0.000000 0.000001 0.000003 0.000006 0.000019 0.000021 0.000048 0.000097 0.000189 0.000287 0.000496 0.000874 0.001360 0.002115 0.003200 0.004701 0.006737 0.009527 0.013018 0.017348 0.022114 0.027970 0.034307 0.041164 0.047653 0.053950 0.059222 0.063497 0.066548 0.067330 0.065729 0.063331 0.058944 0.053478 0.046962 0.039191 0.032936 0.026153 0.020319 0.015354 0.011264 0.007836 0.005328 0.003600 0.002329 0.001488 0.000859 0.000488 0.000296 0.000157 0.000089 0.000041 0.000014 0.000006 0.000002 0.000002 0.000000 0.000001 0.000000 0.000000 0.000000 0.000000 0.000000 
t: 0.002425742574 start: 163 end: 225 0.000002 0.000002 0.000009 0.000009 0.000023 0.000053 0.000079 0.000152 0.000277 0.000491 0.000780 0.001321 0.002075 0.003097 0.004367 0.006522 0.009129 0.012741 0.017058 0.021938 0.027459 0.034058 0.041011 0.047705 0.053739 0.059249 0.064355 0.066363 0.067700 0.066377 0.063874 0.059364 0.054145 0.047000 0.039786 0.032918 0.026266 0.020194 0.015241 0.011174 0.007675 0.005317 0.003456 0.002248 0.001344 0.000830 0.000468 0.000278 0.000144 0.000078 0.000030 0.000019 0.000005 0.000004 0.000000 0.000001 0.000000 0.000000 0.000000 0.000000 0.000000 0.000000 0.000000 
t: 0.002322274882 start: 164 end: 226 0.000002 0.000000 0.000004 0.000006 0.000016 0.000023 0.000044 0.000080 0.000140 0.000296 0.000469 0.000816 0.001256 0.001986 0.003124 0.004630 0.006506 0.009362 0.012723 0.017153 0.022158 0.028317 0.034942 0.041286 0.048060 0.055039 0.060472 0.065144 0.067294 0.067932 0.066677 0.063777 0.059674 0.053497 0.046171 0.038797 0.032034 0.025307 0.019849 0.014445 0.010355 0.007234 0.004897 0.003158 0.001977 0.001239 0.000758 0.000432 0.000210 0.000114 0.000064 0.000035 0.000008 0.000007 0.000001 0.000003 0.000000 0.000000 0.000000 0.000000 0.000000 0.000000 0.000000 
t: 0.002227272727 start: 164 end: 226 0.000001 0.000000 0.000000 0.000001 0.000004 0.000008 0.000014 0.000019 0.000057 0.000086 0.000161 0.000266 0.000514 0.000846 0.001254 0.002125 0.003266 0.004921 0.007107 0.009736 0.013510 0.017903 0.023545 0.029679 0.036008 0.042856 0.050192 0.056303 0.061912 0.065695 0.068336 0.068314 0.067216 0.063538 0.058424 0.051803 0.044670 0.037364 0.030627 0.023699 0.018027 0.013239 0.009327 0.006520 0.004272 0.002647 0.001645 0.001057 0.000622 0.000323 0.000167 0.000094 0.000042 0.000026 0.000007 0.000002 0.000003 0.000000 0.000000 0.000000 0.000000 0.000000 0.000000 
t: 0.002139737991 start: 165 end: 227 0.000001 0.000000 0.000000 0.000001 0.000000 0.000006 0.000007 0.000010 0.000029 0.000063 0.000105 0.000163 0.000334 0.000570 0.000933 0.001474 0.002362 0.003666 0.005253 0.007818 0.010883 0.014656 0.019400 0.025208 0.031535 0.038555 0.045401 0.052118 0.058814 0.063481 0.067574 0.069009 0.068863 0.066767 0.062328 0.056502 0.049508 0.042369 0.035202 0.027558 0.021677 0.016019 0.011455 0.008229 0.005446 0.003372 0.002167 0.001334 0.000837 0.000462 0.000233 0.000122 0.000078 0.000020 0.000012 0.000007 0.000002 0.000002 0.000000 0.000000 0.000000 0.000000 0.000000 
t: 0.002058823530 start: 168 end: 230 0.000001 0.000001 0.000000 0.000001 0.000003 0.000012 0.000012 0.000038 0.000073 0.000120 0.000216 0.000394 0.000666 0.001025 0.001771 0.002780 0.004167 0.006194 0.008761 0.012249 0.016334 0.021668 0.027687 0.034603 0.041370 0.048547 0.055171 0.061068 0.066165 0.069190 0.069792 0.068572 0.065535 0.060169 0.053838 0.046745 0.039174 0.031746 0.024461 0.018843 0.013716 0.009668 0.006519 0.004374 0.002670 0.001660 0.001036 0.000570 0.000305 0.000170 0.000085 0.000037 0.000018 0.000005 0.000003 0.000002 0.000000 0.000000 0.000000 0.000000 0.000000 0.000000 0.000000 
t: 0.001983805668 start: 170 end: 231 0.000001 0.000000 0.000001 0.000002 0.000005 0.000010 0.000031 0.000046 0.000088 0.000141 0.000268 0.000497 0.000832 0.001324 0.002112 0.003356 0.004975 0.007334 0.010234 0.014163 0.018795 0.024510 0.031082 0.037919 0.045176 0.052195 0.058945 0.063874 0.068962 0.070285 0.070269 0.067559 0.063358 0.057304 0.050232 0.042513 0.034996 0.027883 0.021187 0.015623 0.011196 0.007689 0.005142 0.003214 0.001986 0.001192 0.000722 0.000365 0.000233 0.000097 0.000035 0.000031 0.000005 0.000004 0.000002 0.000000 0.000000 0.000000 0.000000 0.000000 0.000000 0.000000 
t: 0.001914062500 start: 172 end: 234 0.000001 0.000001 0.000003 0.000004 0.000006 0.000013 0.000033 0.000055 0.000118 0.000221 0.000373 0.000614 0.001044 0.001688 0.002738 0.004118 0.006140 0.008811 0.012291 0.016729 0.022067 0.028124 0.035186 0.042361 0.049440 0.056813 0.062668 0.067440 0.070345 0.071465 0.069285 0.065631 0.059948 0.053065 0.046060 0.037744 0.030355 0.023404 0.017410 0.012533 0.008844 0.005782 0.003684 0.002244 0.001407 0.000798 0.000449 0.000232 0.000121 0.000049 0.000029 0.000010 0.000002 0.000002 0.000002 0.000000 0.000000 0.000000 0.000000 0.000000 0.000000 0.000000 0.000000 
t: 0.001849056604 start: 172 end: 235 0.000001 0.000000 0.000001 0.000002 0.000004 0.000008 0.000006 0.000019 0.000051 0.000096 0.000171 0.000306 0.000472 0.000852 0.001365 0.002290 0.003476 0.005290 0.007663 0.010957 0.015047 0.019865 0.026007 0.032753 0.039987 0.047694 0.054327 0.061258 0.066652 0.070190 0.072205 0.070494 0.067517 0.062304 0.055516 0.048376 0.040514 0.032559 0.024936 0.019066 0.013723 0.009630 0.006294 0.004176 0.002517 0.001527 0.000854 0.000481 0.000256 0.000136 0.000064 0.000025 0.000009 0.000007 0.000002 0.000001 0.000001 0.000000 0.000000 0.000000 0.000000 0.000000 0.000000 0.000000 
t: 0.001788321168 start: 173 end: 234 0.000001 0.000000 0.000001 0.000000 0.000004 0.000004 0.000007 0.000016 0.000044 0.000064 0.000143 0.000219 0.000436 0.000691 0.001216 0.001915 0.003110 0.004528 0.006896 0.009815 0.013651 0.018471 0.024308 0.030815 0.038231 0.045365 0.053003 0.060134 0.065690 0.070167 0.072327 0.072068 0.068808 0.064110 0.057792 0.050342 0.042179 0.034248 0.026761 0.020151 0.014647 0.010081 0.006869 0.004431 0.002662 0.001618 0.000928 0.000498 0.000285 0.000137 0.000064 0.000022 0.000016 0.000006 0.000002 0.000003 0.000000 0.000000 0.000000 0.000000 0.000000 0.000000 
t: 0.001731448763 start: 175 end: 235 0.000001 0.000000 0.000001 0.000003 0.000003 0.000005 0.000020 0.000028 0.000057 0.000128 0.000190 0.000338 0.000582 0.001038 0.001692 0.002829 0.004012 0.006247 0.009231 0.012613 0.017452 0.022933 0.029745 0.036321 0.044060 0.051949 0.059250 0.065300 0.069716 0.072668 0.072627 0.070202 0.066070 0.058887 0.051738 0.043673 0.035569 0.027849 0.020939 0.015138 0.010714 0.007172 0.004559 0.002801 0.001638 0.000911 0.000579 0.000281 0.000129 0.000054 0.000035 0.000010 0.000008 0.000005 0.000000 0.000000 0.000000 0.000000 0.000000 0.000000 0.000000 
t: 0.001678082192 start: 175 end: 235 0.000001 0.000000 0.000000 0.000001 0.000000 0.000004 0.000003 0.000015 0.000026 0.000043 0.000112 0.000175 0.000304 0.000534 0.000909 0.001566 0.002376 0.003916 0.005793 0.008508 0.011928 0.016860 0.021831 0.028343 0.035749 0.043076 0.051135 0.058581 0.065233 0.070189 0.072856 0.073305 0.071142 0.066805 0.060295 0.052745 0.044772 0.036105 0.028344 0.021639 0.015694 0.010739 0.007199 0.004671 0.002855 0.001617 0.000950 0.000552 0.000267 0.000117 0.000070 0.000020 0.000016 0.000011 0.000002 0.000001 0.000000 0.000000 0.000000 0.000000 0.000000 
t: 0.001627906977 start: 179 end: 239 0.000002 0.000001 0.000004 0.000005 0.000009 0.000020 0.000054 0.000080 0.000143 0.000280 0.000500 0.000855 0.001384 0.002296 0.003617 0.005615 0.008081 0.011514 0.016058 0.021412 0.027806 0.034798 0.042563 0.050884 0.058375 0.065563 0.070451 0.073190 0.074006 0.071788 0.067319 0.061213 0.053765 0.044915 0.036432 0.028638 0.021774 0.015680 0.010902 0.007198 0.004580 0.002692 0.001665 0.000913 0.000488 0.000250 0.000119 0.000047 0.000030 0.000018 0.000006 0.000001 0.000001 0.000000 0.000000 0.000000 0.000000 0.000000 0.000000 0.000000 0.000000 
t: 0.001580645161 start: 180 end: 240 0.000001 0.000003 0.000004 0.000003 0.000012 0.000023 0.000038 0.000082 0.000143 0.000274 0.000436 0.000810 0.001319 0.002203 0.003488 0.005353 0.007874 0.011370 0.015796 0.021047 0.027559 0.034646 0.042456 0.050681 0.058708 0.065562 0.070838 0.074173 0.074502 0.072228 0.068031 0.061532 0.053937 0.045120 0.036510 0.028620 0.021451 0.015208 0.010755 0.006929 0.004373 0.002644 0.001564 0.000806 0.000466 0.000234 0.000096 0.000044 0.000028 0.000016 0.000002 0.000001 0.000001 0.000000 0.000000 0.000000 0.000000 0.000000 0.000000 0.000000 0.000000 
t: 0.001536050157 start: 181 end: 240 0.000001 0.000001 0.000003 0.000009 0.000010 0.000022 0.000036 0.000072 0.000152 0.000209 0.000458 0.000813 0.001251 0.002187 0.003430 0.005311 0.007781 0.011199 0.015855 0.021145 0.027591 0.034820 0.042711 0.051185 0.059054 0.066220 0.071602 0.074565 0.074968 0.072958 0.067902 0.061971 0.053232 0.044699 0.036432 0.028114 0.020878 0.014891 0.010088 0.006618 0.004140 0.002485 0.001452 0.000713 0.000412 0.000171 0.000101 0.000047 0.000023 0.000009 0.000001 0.000002 0.000000 0.000000 0.000000 0.000000 0.000000 0.000000 0.000000 0.000000 
t: 0.001493902439 start: 182 end: 241 0.000001 0.000001 0.000004 0.000006 0.000015 0.000018 0.000032 0.000080 0.000131 0.000229 0.000435 0.000738 0.001342 0.002155 0.003526 0.005291 0.007930 0.011414 0.015797 0.021358 0.028021 0.035247 0.043630 0.051805 0.060149 0.066878 0.072146 0.075514 0.075204 0.073534 0.068170 0.061236 0.052814 0.044050 0.035283 0.027299 0.020077 0.014188 0.009533 0.006040 0.003865 0.002330 0.001189 0.000660 0.000317 0.000162 0.000095 0.000036 0.000018 0.000005 0.000001 0.000001 0.000000 0.000000 0.000000 0.000000 0.000000 0.000000 0.000000 0.000000 
t: 0.001454005935 start: 183 end: 241 0.000001 0.000002 0.000003 0.000010 0.000007 0.000020 0.000031 0.000073 0.000138 0.000231 0.000471 0.000772 0.001333 0.002259 0.003484 0.005458 0.008138 0.011697 0.016101 0.022018 0.028532 0.036355 0.044774 0.052866 0.061493 0.068349 0.072766 0.075848 0.076172 0.073056 0.067708 0.060668 0.051865 0.042875 0.034119 0.026186 0.018946 0.013136 0.008805 0.005682 0.003487 0.001893 0.001050 0.000557 0.000301 0.000145 0.000071 0.000032 0.000011 0.000004 0.000001 0.000000 0.000000 0.000000 0.000000 0.000000 0.000000 0.000000 0.000000 
t: 0.001416184971 start: 183 end: 241 0.000001 0.000001 0.000001 0.000003 0.000009 0.000009 0.000014 0.000035 0.000085 0.000135 0.000249 0.000475 0.000851 0.001416 0.002201 0.003651 0.005634 0.008383 0.012338 0.016889 0.022560 0.029644 0.037282 0.046162 0.054520 0.063173 0.069286 0.074468 0.076978 0.075651 0.072997 0.066901 0.059747 0.050269 0.041266 0.032879 0.024673 0.017731 0.012063 0.007823 0.005093 0.002992 0.001656 0.000910 0.000472 0.000213 0.000132 0.000051 0.000017 0.000008 0.000003 0.000000 0.000000 0.000000 0.000000 0.000000 0.000000 0.000000 0.000000 
t: 0.001380281690 start: 183 end: 240 0.000001 0.000000 0.000001 0.000001 0.000001 0.000007 0.000009 0.000018 0.000044 0.000077 0.000131 0.000310 0.000492 0.000861 0.001485 0.002367 0.003897 0.005954 0.008910 0.013034 0.017573 0.023644 0.030931 0.039297 0.047232 0.056918 0.064449 0.071402 0.075499 0.077102 0.076473 0.072396 0.065829 0.057674 0.048897 0.039668 0.030727 0.022820 0.016248 0.010832 0.007066 0.004334 0.002548 0.001396 0.000756 0.000347 0.000185 0.000098 0.000038 0.000014 0.000007 0.000000 0.000000 0.000000 0.000000 0.000000 0.000000 0.000000 
t: 0.001346153846 start: 183 end: 241 0.000001 0.000000 0.000000 0.000001 0.000001 0.000007 0.000002 0.000009 0.000022 0.000051 0.000071 0.000167 0.000294 0.000526 0.000966 0.001581 0.002629 0.004127 0.006421 0.009572 0.013586 0.018687 0.025016 0.033073 0.040546 0.049893 0.058916 0.066143 0.073002 0.076974 0.077954 0.076093 0.071598 0.064350 0.055739 0.046827 0.037470 0.028472 0.020967 0.014494 0.009549 0.006158 0.003654 0.002116 0.001155 0.000589 0.000283 0.000143 0.000066 0.000023 0.000012 0.000003 0.000001 0.000000 0.000000 0.000000 0.000000 0.000000 0.000000 
t: 0.001313672922 start: 183 end: 240 0.000001 0.000000 0.000000 0.000000 0.000002 0.000001 0.000003 0.000007 0.000009 0.000030 0.000047 0.000092 0.000197 0.000322 0.000561 0.001069 0.001746 0.002849 0.004644 0.006932 0.010280 0.014596 0.019978 0.027081 0.034566 0.043220 0.052218 0.061007 0.068817 0.074722 0.078177 0.077926 0.075737 0.070181 0.062663 0.053745 0.044300 0.034436 0.026243 0.018669 0.012836 0.008428 0.005156 0.003004 0.001774 0.000887 0.000453 0.000219 0.000098 0.000043 0.000022 0.000004 0.000002 0.000000 0.000000 0.000000 0.000000 0.000000 
t: 0.001282722513 start: 184 end: 240 0.000001 0.000000 0.000000 0.000000 0.000002 0.000003 0.000001 0.000008 0.000016 0.000018 0.000061 0.000103 0.000198 0.000362 0.000677 0.001194 0.001998 0.003137 0.005127 0.007626 0.011266 0.015801 0.021824 0.028692 0.036927 0.046021 0.054809 0.063974 0.070862 0.076747 0.078785 0.078605 0.074440 0.068869 0.060251 0.050936 0.041139 0.031797 0.023638 0.016540 0.011111 0.007072 0.004207 0.002527 0.001354 0.000674 0.000327 0.000155 0.000071 0.000033 0.000010 0.000004 0.000000 0.000000 0.000000 0.000000 0.000000 
t: 0.001253196931 start: 187 end: 242 0.000001 0.000000 0.000000 0.000004 0.000003 0.000008 0.000014 0.000030 0.000062 0.000124 0.000241 0.000415 0.000800 0.001323 0.002193 0.003650 0.005629 0.008573 0.012294 0.017478 0.023658 0.031225 0.039643 0.049002 0.057831 0.066723 0.073375 0.078179 0.079843 0.078069 0.073598 0.066276 0.057553 0.047689 0.037949 0.028756 0.020856 0.014466 0.009379 0.005785 0.003445 0.001894 0.001057 0.000486 0.000234 0.000109 0.000051 0.000019 0.000007 0.000000 0.000001 0.000000 0.000000 0.000000 0.000000 0.000000 
t: 0.001225000000 start: 187 end: 243 0.000001 0.000000 0.000000 0.000001 0.000003 0.000003 0.000008 0.000021 0.000036 0.000066 0.000162 0.000272 0.000528 0.000885 0.001534 0.002530 0.004099 0.006478 0.009470 0.013775 0.019050 0.026111 0.033900 0.043087 0.051988 0.061271 0.069675 0.076041 0.079394 0.079790 0.077757 0.071452 0.064094 0.054055 0.044303 0.034178 0.025642 0.018356 0.012085 0.007636 0.004690 0.002718 0.001475 0.000730 0.000362 0.000167 0.000081 0.000026 0.000010 0.000003 0.000001 0.000000 0.000000 0.000000 0.000000 0.000000 0.000000 
t: 0.001198044010 start: 188 end: 243 0.000001 0.000000 0.000000 0.000001 0.000003 0.000006 0.000009 0.000027 0.000033 0.000109 0.000160 0.000340 0.000600 0.001039 0.001822 0.002993 0.004713 0.007160 0.010945 0.015361 0.021381 0.028782 0.037112 0.046436 0.055547 0.064589 0.072923 0.077777 0.080503 0.080055 0.076018 0.069491 0.060439 0.050722 0.040222 0.030736 0.022449 0.015467 0.010065 0.006174 0.003781 0.002012 0.001024 0.000539 0.000242 0.000123 0.000043 0.000021 0.000003 0.000002 0.000000 0.000000 0.000000 0.000000 0.000000 0.000000 
t: 0.001172248804 start: 191 end: 245 0.000001 0.000001 0.000004 0.000004 0.000019 0.000023 0.000064 0.000113 0.000214 0.000395 0.000744 0.001256 0.002115 0.003448 0.005497 0.008439 0.012290 0.017446 0.023857 0.031686 0.040631 0.050186 0.059346 0.068380 0.075637 0.080106 0.081300 0.079050 0.074056 0.066188 0.056880 0.046500 0.036363 0.026921 0.019332 0.012850 0.008042 0.004949 0.002785 0.001467 0.000772 0.000366 0.000166 0.000073 0.000026 0.000009 0.000003 0.000000 0.000000 0.000000 0.000000 0.000000 0.000000 0.000000 0.000000 
t: 0.001147540984 start: 192 end: 245 0.000001 0.000002 0.000005 0.000011 0.000017 0.000035 0.000083 0.000139 0.000269 0.000475 0.000884 0.001501 0.002496 0.004090 0.006564 0.009741 0.014066 0.019754 0.026665 0.035207 0.044374 0.054288 0.063883 0.072160 0.077779 0.081745 0.081348 0.077843 0.071213 0.062537 0.052587 0.042334 0.031814 0.023502 0.015939 0.010426 0.006423 0.003743 0.002045 0.001072 0.000534 0.000234 0.000111 0.000045 0.000009 0.000007 0.000000 0.000000 0.000000 0.000000 0.000000 0.000000 0.000000 0.000000 
t: 0.001123853211 start: 192 end: 246 0.000001 0.000001 0.000001 0.000005 0.000012 0.000021 0.000046 0.000098 0.000177 0.000345 0.000600 0.001079 0.001822 0.003005 0.005025 0.007471 0.011407 0.016301 0.022425 0.029982 0.039165 0.048596 0.058375 0.068329 0.075664 0.080610 0.082028 0.080710 0.075682 0.067984 0.058447 0.048101 0.037359 0.027724 0.019619 0.013014 0.008313 0.004872 0.002803 0.001457 0.000714 0.000349 0.000170 0.000060 0.000022 0.000008 0.000001 0.000000 0.000000 0.000000 0.000000 0.000000 0.000000 0.000000 0.000000 
t: 0.001101123596 start: 195 end: 246 0.000004 0.000008 0.000013 0.000024 0.000070 0.000128 0.000222 0.000427 0.000752 0.001327 0.002221 0.003733 0.005734 0.009122 0.013210 0.018708 0.025756 0.033826 0.043312 0.053288 0.063447 0.072114 0.079042 0.081754 0.082435 0.079478 0.072711 0.063924 0.053743 0.042946 0.032697 0.023504 0.016050 0.010381 0.006436 0.003682 0.001930 0.000997 0.000489 0.000207 0.000094 0.000041 0.000011 0.000002 0.000000 0.000000 0.000000 0.000000 0.000000 0.000000 0.000000 0.000000 
t: 0.001079295154 start: 195 end: 247 0.000001 0.000006 0.000007 0.000014 0.000048 0.000088 0.000158 0.000293 0.000511 0.000950 0.001642 0.002780 0.004517 0.007036 0.010704 0.015544 0.021530 0.029456 0.038221 0.047828 0.058505 0.068007 0.076015 0.081261 0.083221 0.081926 0.076831 0.069193 0.059473 0.048480 0.037553 0.028017 0.019287 0.013001 0.008010 0.004765 0.002615 0.001339 0.000672 0.000286 0.000127 0.000061 0.000018 0.000002 0.000001 0.000000 0.000000 0.000000 0.000000 0.000000 0.000000 0.000000 0.000000 
t: 0.001058315335 start: 196 end: 247 0.000003 0.000006 0.000006 0.000027 0.000045 0.000127 0.000224 0.000341 0.000689 0.001155 0.002153 0.003372 0.005597 0.008425 0.012889 0.018038 0.025099 0.033467 0.042905 0.053364 0.063297 0.072454 0.079567 0.083121 0.083724 0.080418 0.073705 0.064589 0.054149 0.042819 0.032513 0.023077 0.015783 0.010035 0.006010 0.003384 0.001803 0.000928 0.000409 0.000159 0.000090 0.000026 0.000007 0.000001 0.000000 0.000000 0.000000 0.000000 0.000000 0.000000 0.000000 0.000000 
t: 0.001038135593 start: 196 end: 247 0.000003 0.000003 0.000006 0.000012 0.000039 0.000063 0.000168 0.000265 0.000485 0.000831 0.001530 0.002691 0.004306 0.006769 0.010402 0.015099 0.021268 0.029144 0.038198 0.048194 0.058398 0.068208 0.077243 0.082186 0.084325 0.083301 0.077743 0.069309 0.059565 0.048194 0.037269 0.027035 0.018987 0.012371 0.007532 0.004303 0.002353 0.001226 0.000591 0.000213 0.000111 0.000047 0.000013 0.000001 0.000000 0.000000 0.000000 0.000000 0.000000 0.000000 0.000000 0.000000 
t: 0.001018711019 start: 196 end: 247 0.000001 0.000001 0.000006 0.000008 0.000017 0.000050 0.000104 0.000197 0.000332 0.000643 0.001134 0.002036 0.003334 0.005298 0.008360 0.012559 0.018077 0.024969 0.033740 0.043193 0.053642 0.063983 0.073701 0.080534 0.084624 0.084617 0.080932 0.074138 0.064649 0.053220 0.042533 0.031294 0.022404 0.014967 0.009286 0.005492 0.002970 0.001641 0.000758 0.000336 0.000141 0.000053 0.000022 0.000004 0.000000 0.000000 0.000000 0.000000 0.000000 0.000000 0.000000 0.000000 
t: 0.001000000000 start: 197 end: 248 0.000002 0.000004 0.000003 0.000013 0.000030 0.000064 0.000146 0.000240 0.000463 0.000866 0.001493 0.002579 0.004155 0.006745 0.010295 0.015071 0.021496 0.029463 0.038730 0.048958 0.059272 0.069830 0.078191 0.083772 0.085356 0.083805 0.077781 0.069625 0.058173 0.047794 0.035946 0.026093 0.017768 0.011375 0.006786 0.003792 0.002056 0.000998 0.000478 0.000177 0.000077 0.000030 0.000007 0.000002 0.000000 0.000000 0.000000 0.000000 0.000000 0.000000 0.000000 0.000000 
