t: 0.059999999999 start: 5 end: 24 0.000001 0.000016 0.000158 0.001005 0.005279 0.018905 0.051488 0.106584 0.168682 0.204181 0.190152 0.136215 0.074402 0.030781 0.009577 0.002200 0.000339 0.000033 0.000002 0.000000 
t: 0.054545454544 start: 6 end: 24 0.000006 0.000059 0.000416 0.002397 0.010161 0.031667 0.073984 0.134965 0.189265 0.203318 0.169234 0.107707 0.051942 0.018802 0.005044 0.000908 0.000116 0.000009 0.000000 
t: 0.049999999999 start: 6 end: 24 0.000002 0.000020 0.000182 0.001121 0.005374 0.019108 0.050456 0.103950 0.165277 0.202230 0.191969 0.139036 0.077041 0.032065 0.009647 0.002187 0.000304 0.000031 0.000000 
t: 0.046153846153 start: 6 end: 24 0.000002 0.000006 0.000084 0.000524 0.002934 0.011531 0.033854 0.077548 0.139368 0.190907 0.202995 0.166389 0.103746 0.048425 0.016755 0.004181 0.000681 0.000067 0.000003 
t: 0.042857142857 start: 6 end: 24 0.000001 0.000004 0.000039 0.000260 0.001603 0.006920 0.022759 0.057114 0.113929 0.173157 0.204719 0.187021 0.129633 0.067944 0.026147 0.007266 0.001333 0.000144 0.000007 
t: 0.040000000000 start: 6 end: 24 0.000001 0.000002 0.000018 0.000137 0.000900 0.004254 0.015254 0.041750 0.091081 0.153177 0.198755 0.200371 0.153323 0.088776 0.037981 0.011534 0.002395 0.000274 0.000017 
t: 0.037500000000 start: 7 end: 24 0.000001 0.000005 0.000085 0.000518 0.002592 0.010183 0.030355 0.072220 0.132401 0.187734 0.206854 0.173748 0.110013 0.051401 0.017473 0.003872 0.000514 0.000031 
t: 0.035294117647 start: 7 end: 24 0.000001 0.000003 0.000039 0.000320 0.001550 0.006930 0.022103 0.056613 0.112697 0.173922 0.207287 0.189654 0.130899 0.066648 0.024431 0.005984 0.000853 0.000066 
t: 0.033333333333 start: 7 end: 24 0.000001 0.000002 0.000025 0.000202 0.000985 0.004625 0.016241 0.044057 0.095046 0.158055 0.203584 0.201219 0.150092 0.082828 0.032881 0.008721 0.001326 0.000110 
t: 0.031578947368 start: 8 end: 24 0.000001 0.000014 0.000121 0.000635 0.003167 0.011812 0.034450 0.079393 0.141915 0.196449 0.208334 0.167595 0.099291 0.042423 0.012190 0.002036 0.000174 
t: 0.030000000000 start: 9 end: 24 0.000009 0.000054 0.000431 0.002169 0.008628 0.026791 0.066111 0.126010 0.186701 0.212289 0.182218 0.116114 0.052814 0.016453 0.002953 0.000255 
t: 0.028571428571 start: 9 end: 24 0.000006 0.000027 0.000299 0.001480 0.006348 0.020865 0.054938 0.111421 0.175307 0.212422 0.194261 0.132422 0.064394 0.021274 0.004136 0.000400 
t: 0.027272727273 start: 9 end: 24 0.000004 0.000013 0.000191 0.001071 0.004665 0.016262 0.045486 0.097635 0.163363 0.210001 0.204175 0.147727 0.076484 0.026748 0.005635 0.000540 
t: 0.026086956522 start: 9 end: 24 0.000003 0.000009 0.000132 0.000722 0.003543 0.012747 0.037469 0.085379 0.151135 0.205141 0.211725 0.162116 0.088758 0.033046 0.007342 0.000733 
t: 0.025000000000 start: 9 end: 24 0.000002 0.000005 0.000086 0.000520 0.002613 0.010105 0.030925 0.074269 0.138839 0.199052 0.216732 0.175429 0.101101 0.039893 0.009456 0.000973 
t: 0.024000000000 start: 9 end: 24 0.000001 0.000004 0.000061 0.000374 0.001927 0.007973 0.025643 0.064512 0.127233 0.190893 0.220150 0.187305 0.113640 0.047154 0.011842 0.001288 
t: 0.023076923077 start: 9 end: 24 0.000001 0.000002 0.000046 0.000271 0.001460 0.006310 0.021167 0.056127 0.115941 0.182791 0.220952 0.197712 0.126014 0.055041 0.014486 0.001679 
t: 0.022222222222 start: 9 end: 24 0.000001 0.000001 0.000038 0.000203 0.001062 0.004964 0.017541 0.048768 0.105399 0.173715 0.220249 0.206954 0.138353 0.063099 0.017524 0.002129 
t: 0.021428571428 start: 9 end: 24 0.000001 0.000001 0.000024 0.000151 0.000838 0.003898 0.014649 0.042234 0.095566 0.164672 0.218029 0.214819 0.150023 0.071577 0.020818 0.002700 
t: 0.020689655172 start: 10 end: 24 0.000002 0.000017 0.000113 0.000624 0.003096 0.012248 0.036666 0.086365 0.155614 0.214905 0.220689 0.161730 0.080139 0.024463 0.003329 
t: 0.020000000000 start: 11 end: 24 0.000012 0.000084 0.000512 0.002411 0.010234 0.031770 0.078050 0.146882 0.210529 0.225699 0.172257 0.089294 0.028223 0.004043 
t: 0.019354838710 start: 11 end: 24 0.000006 0.000068 0.000395 0.001973 0.008536 0.027625 0.070444 0.137897 0.205689 0.229470 0.182275 0.098383 0.032402 0.004837 
t: 0.018750000000 start: 11 end: 24 0.000006 0.000052 0.000298 0.001619 0.007085 0.024003 0.063613 0.129201 0.200566 0.231706 0.191699 0.107557 0.036886 0.005709 
t: 0.018181818182 start: 11 end: 24 0.000003 0.000042 0.000237 0.001319 0.005970 0.020863 0.057409 0.121019 0.194385 0.233578 0.200540 0.116452 0.041462 0.006721 
t: 0.017647058823 start: 11 end: 24 0.000002 0.000035 0.000181 0.001067 0.005021 0.018238 0.051723 0.112929 0.188351 0.234186 0.208663 0.125492 0.046304 0.007808 
t: 0.017142857143 start: 11 end: 24 0.000002 0.000025 0.000142 0.000874 0.004200 0.015886 0.046683 0.105495 0.181874 0.233896 0.216054 0.134576 0.051303 0.008990 
t: 0.016666666667 start: 11 end: 24 0.000002 0.000017 0.000106 0.000738 0.003536 0.013862 0.042069 0.098455 0.175176 0.233127 0.222784 0.143555 0.056358 0.010215 
t: 0.016216216216 start: 11 end: 24 0.000002 0.000011 0.000084 0.000605 0.002976 0.012035 0.038101 0.091599 0.168731 0.231984 0.228477 0.152038 0.061798 0.011559 
t: 0.015789473684 start: 11 end: 24 0.000001 0.000011 0.000060 0.000487 0.002559 0.010550 0.034407 0.085376 0.162074 0.229759 0.233787 0.160736 0.067171 0.013022 
t: 0.015384615385 start: 11 end: 24 0.000001 0.000008 0.000048 0.000406 0.002170 0.009244 0.031072 0.079503 0.155386 0.227260 0.238273 0.169202 0.072918 0.014509 
t: 0.015000000000 start: 11 end: 24 0.000001 0.000006 0.000032 0.000337 0.001857 0.008146 0.028126 0.074011 0.148775 0.224392 0.242202 0.177368 0.078582 0.016165 
t: 0.014634146341 start: 12 end: 24 0.000006 0.000030 0.000278 0.001581 0.007108 0.025545 0.068928 0.142451 0.221058 0.245641 0.185060 0.084404 0.017910 
t: 0.014285714286 start: 12 end: 24 0.000005 0.000024 0.000233 0.001333 0.006311 0.022975 0.064358 0.136211 0.217634 0.248327 0.192444 0.090404 0.019741 
t: 0.013953488372 start: 12 end: 24 0.000005 0.000020 0.000206 0.001122 0.005558 0.020835 0.059784 0.130368 0.213738 0.250729 0.199704 0.096322 0.021609 
t: 0.013636363636 start: 12 end: 24 0.000005 0.000016 0.000178 0.000979 0.004893 0.018825 0.055720 0.124702 0.209520 0.252812 0.206501 0.102244 0.023605 
t: 0.013333333333 start: 12 end: 24 0.000004 0.000014 0.000147 0.000844 0.004316 0.017185 0.051853 0.118987 0.205400 0.254238 0.213098 0.108290 0.025624 
t: 0.013043478261 start: 12 end: 24 0.000003 0.000014 0.000126 0.000722 0.003865 0.015610 0.048277 0.113428 0.201145 0.255321 0.219317 0.114406 0.027766 
t: 0.012765957447 start: 12 end: 24 0.000003 0.000011 0.000105 0.000626 0.003429 0.014185 0.045004 0.108314 0.196550 0.255982 0.225487 0.120352 0.029952 
t: 0.012500000000 start: 12 end: 24 0.000003 0.000007 0.000099 0.000539 0.003030 0.012962 0.041874 0.103526 0.192073 0.255902 0.231294 0.126437 0.032254 
t: 0.012244897959 start: 12 end: 24 0.000002 0.000006 0.000082 0.000474 0.002716 0.011724 0.039130 0.098906 0.187349 0.255830 0.236725 0.132573 0.034483 
t: 0.012000000000 start: 12 end: 24 0.000002 0.000006 0.000071 0.000424 0.002420 0.010682 0.036454 0.094463 0.182807 0.255363 0.241863 0.138541 0.036904 
t: 0.011764705882 start: 12 end: 24 0.000002 0.000005 0.000062 0.000355 0.002189 0.009712 0.034046 0.090282 0.177945 0.254462 0.247005 0.144566 0.039369 
t: 0.011538461538 start: 12 end: 24 0.000001 0.000006 0.000056 0.000305 0.001949 0.008853 0.031727 0.086229 0.173448 0.253544 0.251496 0.150491 0.041895 
t: 0.011320754717 start: 13 end: 24 0.000007 0.000047 0.000268 0.001749 0.008123 0.029605 0.082151 0.169243 0.252382 0.255489 0.156461 0.044475 
t: 0.011111111111 start: 13 end: 24 0.000005 0.000044 0.000238 0.001550 0.007442 0.027603 0.078240 0.164993 0.250909 0.259560 0.162403 0.047013 
t: 0.010909090909 start: 13 end: 24 0.000004 0.000040 0.000215 0.001379 0.006851 0.025786 0.074594 0.160601 0.249329 0.263402 0.168219 0.049580 
t: 0.010714285714 start: 13 end: 24 0.000003 0.000036 0.000187 0.001221 0.006333 0.024191 0.071115 0.156298 0.247519 0.266860 0.173926 0.052311 
t: 0.010526315789 start: 13 end: 24 0.000002 0.000029 0.000168 0.001106 0.005837 0.022619 0.067727 0.152185 0.245547 0.270055 0.179662 0.055063 
t: 0.010344827586 start: 13 end: 24 0.000002 0.000024 0.000146 0.001009 0.005345 0.021151 0.064664 0.148075 0.243347 0.273301 0.185089 0.057847 
t: 0.010169491525 start: 13 end: 24 0.000001 0.000023 0.000120 0.000915 0.004904 0.019844 0.061643 0.144058 0.241046 0.276193 0.190546 0.060707 
t: 0.010000000000 start: 13 end: 24 0.000001 0.000020 0.000108 0.000823 0.004525 0.018580 0.058846 0.140026 0.238792 0.278616 0.196059 0.063604 
t: 0.008448275866 start: 14 end: 24 0.000006 0.000032 0.000291 0.001894 0.009262 0.035752 0.101866 0.209782 0.294291 0.249154 0.097670 
t: 0.007313432839 start: 14 end: 24 0.000002 0.000014 0.000110 0.000834 0.004985 0.022212 0.074453 0.179634 0.293388 0.291120 0.133248 
t: 0.006447368423 start: 14 end: 24 0.000001 0.000007 0.000047 0.000410 0.002830 0.014115 0.055015 0.151656 0.284189 0.322998 0.168732 
t: 0.005764705884 start: 14 end: 24 0.000001 0.000001 0.000023 0.000204 0.001653 0.009494 0.041020 0.128091 0.269624 0.345985 0.203904 
t: 0.005212765959 start: 14 end: 24 0.000001 0.000000 0.000014 0.000110 0.000997 0.006492 0.031177 0.108287 0.253111 0.362368 0.237443 
t: 0.004757281555 start: 14 end: 24 0.000001 0.000000 0.000007 0.000062 0.000603 0.004550 0.024049 0.091882 0.236555 0.373326 0.268965 
t: 0.004375000001 start: 14 end: 24 0.000001 0.000000 0.000005 0.000044 0.000374 0.003230 0.018740 0.078362 0.220397 0.379639 0.299208 
t: 0.004049586778 start: 14 end: 24 0.000001 0.000000 0.000004 0.000035 0.000227 0.002344 0.014863 0.067313 0.205372 0.382739 0.327102 
t: 0.003769230770 start: 15 end: 24 0.000001 0.000002 0.000022 0.000155 0.001714 0.012038 0.057982 0.190821 0.383983 0.353282 
t: 0.003525179857 start: 16 end: 24 0.000002 0.000013 0.000115 0.001247 0.009703 0.050421 0.177306 0.383381 0.377812 
t: 0.003310810811 start: 16 end: 24 0.000001 0.000005 0.000096 0.000926 0.007911 0.043991 0.165259 0.380829 0.400982 
t: 0.003121019109 start: 16 end: 24 0.000001 0.000003 0.000077 0.000710 0.006503 0.038568 0.154035 0.377510 0.422593 
t: 0.002951807229 start: 16 end: 24 0.000001 0.000001 0.000052 0.000560 0.005369 0.033969 0.143825 0.373376 0.442847 
t: 0.002800000000 start: 17 end: 24 0.000002 0.000037 0.000435 0.004528 0.029991 0.134465 0.368832 0.461710 
t: 0.002663043479 start: 17 end: 24 0.000002 0.000025 0.000348 0.003782 0.026636 0.125924 0.363706 0.479577 
t: 0.002538860104 start: 17 end: 24 0.000002 0.000017 0.000274 0.003205 0.023798 0.118019 0.358405 0.496280 
t: 0.002425742574 start: 17 end: 24 0.000002 0.000016 0.000226 0.002688 0.021372 0.110930 0.352753 0.512013 
t: 0.002322274882 start: 17 end: 24 0.000002 0.000010 0.000195 0.002302 0.019297 0.104311 0.347064 0.526819 
t: 0.002227272727 start: 17 end: 24 0.000002 0.000008 0.000155 0.002011 0.017407 0.098219 0.341505 0.540693 
t: 0.002139737991 start: 17 end: 24 0.000001 0.000009 0.000136 0.001757 0.015755 0.092797 0.335717 0.553828 
t: 0.002058823530 start: 17 end: 24 0.000001 0.000007 0.000115 0.001552 0.014314 0.087592 0.329808 0.566611 
t: 0.001983805668 start: 17 end: 24 0.000001 0.000005 0.000099 0.001362 0.013052 0.082782 0.324353 0.578346 
t: 0.001914062500 start: 18 end: 24 0.000006 0.000083 0.001199 0.011914 0.078451 0.318764 0.589583 
t: 0.001849056604 start: 18 end: 24 0.000004 0.000076 0.001047 0.010907 0.074501 0.313215 0.600250 
t: 0.001788321168 start: 18 end: 24 0.000002 0.000071 0.000922 0.009930 0.070779 0.307853 0.610443 
t: 0.001731448763 start: 18 end: 24 0.000001 0.000056 0.000826 0.009129 0.067322 0.302397 0.620269 
t: 0.001678082192 start: 18 end: 24 0.000001 0.000052 0.000739 0.008427 0.064087 0.297026 0.629668 
t: 0.001627906977 start: 18 end: 24 0.000001 0.000047 0.000656 0.007810 0.061197 0.291871 0.638418 
t: 0.001580645161 start: 19 end: 24 0.000042 0.000574 0.007286 0.058411 0.287022 0.646665 
t: 0.001536050157 start: 19 end: 24 0.000040 0.000504 0.006829 0.055707 0.282316 0.654604 
t: 0.001493902439 start: 19 end: 24 0.000033 0.000453 0.006330 0.053313 0.277586 0.662285 
t: 0.001454005935 start: 19 end: 24 0.000031 0.000406 0.005889 0.051046 0.273168 0.669460 
t: 0.001416184971 start: 19 end: 24 0.000025 0.000368 0.005485 0.048900 0.268713 0.676509 
t: 0.001380281690 start: 19 end: 24 0.000024 0.000338 0.005064 0.046979 0.264330 0.683265 
t: 0.001346153846 start: 19 end: 24 0.000020 0.000313 0.004715 0.045089 0.260028 0.689835 
t: 0.001313672922 start: 19 end: 24 0.000018 0.000295 0.004408 0.043282 0.255928 0.696069 
t: 0.001282722513 start: 19 end: 24 0.000015 0.000274 0.004155 0.041504 0.252038 0.702014 
t: 0.001253196931 start: 19 end: 24 0.000015 0.000253 0.003882 0.039842 0.248365 0.707643 
t: 0.001225000000 start: 19 end: 24 0.000013 0.000233 0.003646 0.038362 0.244605 0.713141 
t: 0.001198044010 start: 19 end: 24 0.000012 0.000213 0.003458 0.036923 0.240998 0.718396 
t: 0.001172248804 start: 19 end: 24 0.000012 0.000199 0.003256 0.035529 0.237508 0.723496 
t: 0.001147540984 start: 19 end: 24 0.000009 0.000185 0.003065 0.034318 0.233957 0.728466 
t: 0.001123853211 start: 19 end: 24 0.000007 0.000166 0.002902 0.033069 0.230555 0.733301 
t: 0.001101123596 start: 19 end: 24 0.000004 0.000154 0.002751 0.031914 0.227323 0.737854 
t: 0.001079295154 start: 19 end: 24 0.000003 0.000138 0.002621 0.030818 0.224182 0.742238 
t: 0.001058315335 start: 19 end: 24 0.000003 0.000122 0.002484 0.029772 0.221116 0.746503 
t: 0.001038135593 start: 19 end: 24 0.000003 0.000110 0.002350 0.028789 0.218004 0.750744 
t: 0.001018711019 start: 19 end: 24 0.000002 0.000107 0.002256 0.027825 0.215043 0.754767 
t: 0.001000000000 start: 19 end: 24 0.000002 0.000096 0.002169 0.026895 0.212143 0.758695 
