t: 0.059999999999 start: 16 end: 54 0.000003 0.000011 0.000086 0.000221 0.000741 0.002094 0.005299 0.011779 0.023009 0.040183 0.062228 0.086923 0.109715 0.124230 0.126400 0.117067 0.097059 0.074075 0.051216 0.031679 0.018490 0.009704 0.004567 0.001978 0.000808 0.000290 0.000106 0.000030 0.000006 0.000002 0.000000 0.000001 0.000000 0.000000 0.000000 0.000000 0.000000 0.000000 0.000000 
t: 0.054545454544 start: 18 end: 56 0.000002 0.000011 0.000059 0.000214 0.000595 0.001662 0.004243 0.009065 0.018034 0.031830 0.050967 0.073153 0.095247 0.112933 0.121740 0.119028 0.106375 0.086307 0.064705 0.044254 0.027641 0.016191 0.008605 0.004143 0.001814 0.000718 0.000300 0.000114 0.000032 0.000017 0.000001 0.000000 0.000000 0.000000 0.000000 0.000000 0.000000 0.000000 0.000000 
t: 0.049999999999 start: 19 end: 61 0.000002 0.000001 0.000009 0.000050 0.000170 0.000494 0.001427 0.003452 0.007463 0.014663 0.026010 0.042199 0.062291 0.083427 0.102442 0.113602 0.117104 0.110685 0.095109 0.075649 0.055872 0.037636 0.023332 0.013520 0.007077 0.003595 0.001631 0.000712 0.000236 0.000092 0.000030 0.000010 0.000005 0.000002 0.000001 0.000000 0.000000 0.000000 0.000000 0.000000 0.000000 0.000000 0.000000 
t: 0.046153846153 start: 22 end: 63 0.000002 0.000012 0.000049 0.000144 0.000505 0.001211 0.002937 0.006310 0.012349 0.021999 0.036069 0.054280 0.073285 0.092033 0.106663 0.113089 0.110456 0.100680 0.083908 0.065184 0.046832 0.030943 0.019033 0.011002 0.005809 0.002881 0.001428 0.000574 0.000202 0.000095 0.000023 0.000010 0.000002 0.000001 0.000000 0.000000 0.000000 0.000000 0.000000 0.000000 0.000000 0.000000 
t: 0.042857142857 start: 24 end: 65 0.000002 0.000016 0.000047 0.000158 0.000425 0.001101 0.002566 0.005543 0.010814 0.019309 0.031426 0.047136 0.065367 0.084367 0.098820 0.108533 0.108781 0.103148 0.089691 0.072588 0.054572 0.038227 0.024899 0.015091 0.008667 0.004554 0.002282 0.001106 0.000470 0.000192 0.000069 0.000022 0.000009 0.000002 0.000000 0.000000 0.000000 0.000000 0.000000 0.000000 0.000000 0.000000 
t: 0.040000000000 start: 25 end: 68 0.000002 0.000004 0.000016 0.000049 0.000151 0.000428 0.001043 0.002399 0.005090 0.009567 0.017143 0.027848 0.042714 0.059408 0.076794 0.092767 0.103279 0.106551 0.103438 0.092888 0.077770 0.061012 0.044713 0.030377 0.019538 0.011914 0.006635 0.003366 0.001709 0.000787 0.000370 0.000161 0.000042 0.000019 0.000005 0.000003 0.000000 0.000000 0.000000 0.000000 0.000000 0.000000 0.000000 0.000000 
t: 0.037500000000 start: 27 end: 72 0.000001 0.000007 0.000016 0.000048 0.000159 0.000412 0.001019 0.002388 0.004650 0.008935 0.015676 0.025752 0.038937 0.054653 0.071409 0.086635 0.098302 0.104179 0.102483 0.094280 0.081809 0.065735 0.049960 0.035792 0.023780 0.014767 0.008671 0.004794 0.002491 0.001245 0.000626 0.000234 0.000100 0.000032 0.000016 0.000004 0.000002 0.000001 0.000000 0.000000 0.000000 0.000000 0.000000 0.000000 0.000000 0.000000 
t: 0.035294117647 start: 29 end: 74 0.000002 0.000004 0.000020 0.000061 0.000159 0.000445 0.001078 0.002218 0.004466 0.008517 0.014956 0.023876 0.036519 0.050781 0.066940 0.082617 0.093533 0.100876 0.101142 0.095030 0.084090 0.069305 0.054133 0.040117 0.027389 0.017985 0.010739 0.006227 0.003505 0.001730 0.000865 0.000420 0.000146 0.000071 0.000027 0.000007 0.000003 0.000000 0.000001 0.000000 0.000000 0.000000 0.000000 0.000000 0.000000 0.000000 
t: 0.033333333333 start: 32 end: 77 0.000007 0.000017 0.000065 0.000185 0.000455 0.001041 0.002234 0.004497 0.008211 0.014327 0.022977 0.034426 0.048564 0.063783 0.078542 0.090285 0.097548 0.099230 0.094373 0.085005 0.072365 0.057640 0.043381 0.030593 0.020733 0.013095 0.007584 0.004388 0.002281 0.001177 0.000544 0.000251 0.000118 0.000049 0.000015 0.000011 0.000002 0.000001 0.000000 0.000000 0.000000 0.000000 0.000000 0.000000 0.000000 0.000000 
t: 0.031578947368 start: 32 end: 79 0.000001 0.000002 0.000009 0.000024 0.000068 0.000198 0.000471 0.001130 0.002365 0.004496 0.008240 0.013926 0.022564 0.033090 0.046666 0.061572 0.075821 0.086994 0.094625 0.097418 0.093841 0.085867 0.073908 0.059764 0.045783 0.033248 0.022891 0.014880 0.009033 0.005292 0.002907 0.001468 0.000765 0.000371 0.000164 0.000086 0.000041 0.000007 0.000003 0.000001 0.000000 0.000000 0.000000 0.000000 0.000000 0.000000 0.000000 0.000000 
t: 0.030000000000 start: 33 end: 80 0.000001 0.000000 0.000006 0.000008 0.000026 0.000073 0.000257 0.000553 0.001209 0.002429 0.004715 0.008281 0.014120 0.022339 0.033101 0.045589 0.059223 0.073375 0.084918 0.091969 0.095237 0.092634 0.085907 0.074715 0.061415 0.047611 0.035333 0.024703 0.016442 0.010416 0.006220 0.003460 0.001863 0.000972 0.000491 0.000221 0.000102 0.000044 0.000016 0.000004 0.000000 0.000002 0.000000 0.000000 0.000000 0.000000 0.000000 0.000000 
t: 0.028571428571 start: 36 end: 83 0.000004 0.000003 0.000014 0.000035 0.000108 0.000288 0.000607 0.001346 0.002633 0.005053 0.008721 0.014444 0.022561 0.032671 0.045107 0.058759 0.071305 0.083289 0.090114 0.093687 0.091607 0.084074 0.074984 0.062022 0.049288 0.036806 0.025937 0.017733 0.011422 0.006884 0.004017 0.002260 0.001128 0.000580 0.000276 0.000139 0.000063 0.000022 0.000008 0.000000 0.000001 0.000000 0.000000 0.000000 0.000000 0.000000 0.000000 0.000000 
t: 0.027272727273 start: 37 end: 86 0.000001 0.000000 0.000003 0.000015 0.000054 0.000127 0.000336 0.000706 0.001523 0.002949 0.005325 0.009244 0.015080 0.023041 0.033382 0.044930 0.058285 0.070221 0.080949 0.088944 0.092109 0.090281 0.083943 0.074041 0.062349 0.049620 0.037564 0.027110 0.018518 0.012136 0.007737 0.004287 0.002539 0.001379 0.000653 0.000332 0.000154 0.000075 0.000038 0.000015 0.000002 0.000002 0.000001 0.000000 0.000000 0.000000 0.000000 0.000000 0.000000 0.000000 
t: 0.026086956522 start: 40 end: 90 0.000001 0.000009 0.000025 0.000057 0.000153 0.000397 0.000839 0.001774 0.003283 0.005854 0.009937 0.015685 0.023875 0.033990 0.045861 0.057665 0.069625 0.081139 0.087824 0.090252 0.087984 0.083223 0.073308 0.061810 0.049522 0.037938 0.027756 0.019125 0.012631 0.007963 0.004847 0.002664 0.001506 0.000748 0.000364 0.000209 0.000093 0.000030 0.000022 0.000008 0.000001 0.000002 0.000001 0.000000 0.000000 0.000000 0.000000 0.000000 0.000000 0.000000 0.000000 
t: 0.025000000000 start: 41 end: 90 0.000001 0.000000 0.000014 0.000031 0.000094 0.000210 0.000468 0.001042 0.002010 0.003793 0.006422 0.010741 0.016810 0.025130 0.034994 0.046267 0.058245 0.070525 0.080362 0.086215 0.088954 0.087345 0.081494 0.071968 0.060708 0.048989 0.038004 0.027394 0.019475 0.012857 0.008264 0.004968 0.002885 0.001669 0.000839 0.000433 0.000211 0.000104 0.000037 0.000018 0.000007 0.000000 0.000002 0.000001 0.000000 0.000000 0.000000 0.000000 0.000000 0.000000 
t: 0.024000000000 start: 41 end: 91 0.000001 0.000000 0.000001 0.000008 0.000011 0.000049 0.000127 0.000280 0.000624 0.001251 0.002337 0.004268 0.007143 0.011725 0.018146 0.026250 0.036345 0.047761 0.059878 0.070436 0.079863 0.085727 0.088076 0.085345 0.079598 0.070340 0.059680 0.048307 0.037017 0.027657 0.018991 0.012868 0.008241 0.005201 0.002983 0.001663 0.000925 0.000460 0.000239 0.000098 0.000053 0.000019 0.000004 0.000004 0.000000 0.000000 0.000000 0.000000 0.000000 0.000000 0.000000 
t: 0.023076923077 start: 44 end: 95 0.000002 0.000001 0.000007 0.000025 0.000076 0.000189 0.000379 0.000748 0.001516 0.002757 0.004920 0.008216 0.012806 0.019706 0.028208 0.038016 0.049159 0.060830 0.071410 0.079695 0.085277 0.086354 0.083696 0.078049 0.068801 0.058023 0.046711 0.036324 0.026665 0.018733 0.012699 0.008276 0.005219 0.003000 0.001711 0.000870 0.000492 0.000233 0.000116 0.000052 0.000018 0.000012 0.000001 0.000002 0.000000 0.000000 0.000000 0.000000 0.000000 0.000000 0.000000 0.000000 
t: 0.022222222222 start: 46 end: 97 0.000002 0.000005 0.000010 0.000047 0.000108 0.000208 0.000495 0.000953 0.001861 0.003269 0.005692 0.009353 0.014621 0.021380 0.029932 0.040166 0.051310 0.062185 0.072344 0.079799 0.084599 0.085091 0.082375 0.075741 0.066648 0.056188 0.045133 0.034595 0.025819 0.018317 0.012435 0.007902 0.004960 0.002957 0.001663 0.000946 0.000462 0.000238 0.000098 0.000057 0.000023 0.000007 0.000004 0.000002 0.000000 0.000000 0.000000 0.000000 0.000000 0.000000 0.000000 0.000000 
t: 0.021428571428 start: 47 end: 99 0.000004 0.000000 0.000006 0.000021 0.000071 0.000138 0.000297 0.000600 0.001194 0.002287 0.004042 0.006715 0.010476 0.016398 0.023378 0.032267 0.042731 0.053387 0.063920 0.073332 0.080159 0.084261 0.084279 0.080113 0.073730 0.063801 0.053970 0.043070 0.033150 0.024508 0.017304 0.011791 0.007561 0.004779 0.002848 0.001624 0.000893 0.000478 0.000209 0.000114 0.000051 0.000024 0.000011 0.000004 0.000003 0.000001 0.000000 0.000000 0.000000 0.000000 0.000000 0.000000 0.000000 
t: 0.020689655172 start: 47 end: 100 0.000002 0.000000 0.000002 0.000002 0.000011 0.000041 0.000089 0.000198 0.000423 0.000759 0.001529 0.002906 0.004772 0.007761 0.012314 0.018266 0.025774 0.035118 0.044769 0.055832 0.065977 0.074564 0.080680 0.083400 0.082744 0.077978 0.070925 0.061229 0.051266 0.041142 0.031418 0.023279 0.016229 0.010997 0.007232 0.004397 0.002729 0.001582 0.000815 0.000429 0.000219 0.000100 0.000058 0.000026 0.000011 0.000003 0.000003 0.000000 0.000000 0.000000 0.000000 0.000000 0.000000 0.000000 
t: 0.020000000000 start: 49 end: 103 0.000001 0.000002 0.000003 0.000005 0.000029 0.000059 0.000134 0.000260 0.000541 0.001050 0.001948 0.003498 0.005829 0.009320 0.014145 0.020440 0.028494 0.037745 0.048119 0.058193 0.067995 0.075682 0.080828 0.082670 0.080827 0.075645 0.067840 0.058728 0.048710 0.038471 0.029584 0.021519 0.015158 0.010255 0.006651 0.004149 0.002481 0.001436 0.000773 0.000382 0.000212 0.000094 0.000048 0.000033 0.000008 0.000004 0.000002 0.000000 0.000000 0.000000 0.000000 0.000000 0.000000 0.000000 0.000000 
t: 0.019354838710 start: 50 end: 103 0.000001 0.000003 0.000000 0.000008 0.000018 0.000039 0.000085 0.000190 0.000381 0.000743 0.001413 0.002507 0.004262 0.007081 0.010900 0.016382 0.023204 0.031393 0.040815 0.051100 0.061158 0.069795 0.077313 0.080723 0.081730 0.078123 0.073193 0.065133 0.055672 0.045554 0.035826 0.027214 0.019735 0.014079 0.009430 0.006088 0.003722 0.002242 0.001330 0.000680 0.000377 0.000174 0.000101 0.000044 0.000022 0.000010 0.000007 0.000000 0.000000 0.000000 0.000000 0.000000 0.000000 0.000000 
t: 0.018750000000 start: 51 end: 107 0.000001 0.000002 0.000002 0.000005 0.000005 0.000031 0.000073 0.000125 0.000255 0.000527 0.000963 0.001820 0.003243 0.005348 0.008523 0.012973 0.018841 0.025964 0.034996 0.044386 0.054369 0.063489 0.071957 0.078110 0.080387 0.080114 0.076285 0.070243 0.061579 0.052705 0.042318 0.033288 0.024934 0.017951 0.012581 0.008489 0.005384 0.003292 0.001987 0.001140 0.000643 0.000345 0.000175 0.000077 0.000043 0.000018 0.000010 0.000003 0.000000 0.000001 0.000000 0.000000 0.000000 0.000000 0.000000 0.000000 0.000000 
t: 0.018181818182 start: 54 end: 109 0.000005 0.000002 0.000006 0.000016 0.000039 0.000101 0.000205 0.000358 0.000697 0.001355 0.002481 0.004118 0.006617 0.010326 0.015232 0.021578 0.029388 0.038518 0.048106 0.057609 0.066736 0.073464 0.078488 0.080235 0.078422 0.073558 0.066551 0.058251 0.048897 0.039339 0.030230 0.022546 0.016298 0.011298 0.007466 0.004726 0.002866 0.001724 0.001020 0.000564 0.000268 0.000158 0.000071 0.000036 0.000024 0.000004 0.000002 0.000000 0.000001 0.000000 0.000000 0.000000 0.000000 0.000000 0.000000 0.000000 
t: 0.017647058823 start: 55 end: 111 0.000001 0.000003 0.000005 0.000014 0.000032 0.000057 0.000142 0.000258 0.000556 0.001037 0.001813 0.003120 0.005276 0.008278 0.012575 0.017753 0.024905 0.033047 0.042257 0.051644 0.060940 0.069035 0.075215 0.078792 0.078914 0.076311 0.071011 0.063089 0.054470 0.045005 0.035717 0.027743 0.020343 0.014246 0.009889 0.006621 0.004070 0.002454 0.001571 0.000811 0.000496 0.000245 0.000130 0.000062 0.000027 0.000015 0.000003 0.000001 0.000001 0.000000 0.000000 0.000000 0.000000 0.000000 0.000000 0.000000 0.000000 
t: 0.017142857143 start: 57 end: 112 0.000001 0.000007 0.000013 0.000018 0.000047 0.000077 0.000191 0.000410 0.000774 0.001409 0.002389 0.004154 0.006682 0.010175 0.014805 0.021094 0.028583 0.036947 0.046150 0.055639 0.064413 0.071076 0.076368 0.078443 0.077724 0.073607 0.067119 0.059196 0.050919 0.041430 0.032702 0.024189 0.018013 0.012675 0.008440 0.005691 0.003519 0.002163 0.001232 0.000688 0.000412 0.000209 0.000112 0.000054 0.000025 0.000012 0.000002 0.000002 0.000000 0.000000 0.000000 0.000000 0.000000 0.000000 0.000000 0.000000 
t: 0.016666666667 start: 58 end: 113 0.000001 0.000003 0.000012 0.000015 0.000027 0.000064 0.000160 0.000317 0.000574 0.001061 0.001917 0.003321 0.005359 0.008338 0.012302 0.017870 0.024680 0.032428 0.040941 0.050594 0.059228 0.067151 0.073284 0.077217 0.077435 0.075647 0.070495 0.063586 0.055619 0.046467 0.037376 0.028966 0.021772 0.015642 0.011045 0.007274 0.004710 0.002980 0.001873 0.000985 0.000610 0.000322 0.000186 0.000082 0.000041 0.000014 0.000008 0.000001 0.000000 0.000000 0.000000 0.000000 0.000000 0.000000 0.000000 0.000000 
t: 0.016216216216 start: 59 end: 115 0.000001 0.000000 0.000003 0.000012 0.000032 0.000058 0.000098 0.000255 0.000454 0.000866 0.001444 0.002617 0.004499 0.006818 0.010261 0.015153 0.021449 0.028384 0.036410 0.045633 0.054590 0.063220 0.070014 0.074512 0.076939 0.076263 0.072976 0.066917 0.059666 0.051461 0.042131 0.033171 0.025918 0.018894 0.013550 0.009334 0.006239 0.003943 0.002462 0.001488 0.000880 0.000474 0.000268 0.000134 0.000055 0.000033 0.000016 0.000003 0.000001 0.000001 0.000000 0.000000 0.000000 0.000000 0.000000 0.000000 0.000000 
t: 0.015789473684 start: 60 end: 117 0.000001 0.000001 0.000005 0.000008 0.000022 0.000032 0.000079 0.000191 0.000367 0.000713 0.001178 0.002194 0.003579 0.005587 0.008719 0.012872 0.018311 0.024934 0.032645 0.041470 0.050154 0.058416 0.066235 0.071890 0.075687 0.076717 0.074546 0.069603 0.063419 0.054966 0.046672 0.037641 0.029735 0.022412 0.016377 0.011653 0.007841 0.005127 0.003294 0.002020 0.001221 0.000660 0.000394 0.000220 0.000119 0.000036 0.000027 0.000007 0.000002 0.000000 0.000001 0.000000 0.000000 0.000000 0.000000 0.000000 0.000000 0.000000 
t: 0.015384615385 start: 63 end: 119 0.000003 0.000006 0.000008 0.000036 0.000071 0.000132 0.000316 0.000553 0.001014 0.001762 0.002894 0.004758 0.007486 0.010781 0.015973 0.021908 0.029131 0.037086 0.046292 0.054668 0.062333 0.068854 0.074234 0.075835 0.075034 0.071887 0.066064 0.058537 0.050678 0.041907 0.033583 0.025674 0.019703 0.013909 0.009812 0.006404 0.004232 0.002719 0.001615 0.000978 0.000540 0.000297 0.000155 0.000086 0.000030 0.000014 0.000006 0.000001 0.000001 0.000000 0.000000 0.000000 0.000000 0.000000 0.000000 0.000000 0.000000 
t: 0.015000000000 start: 64 end: 120 0.000001 0.000004 0.000009 0.000028 0.000045 0.000125 0.000221 0.000471 0.000850 0.001443 0.002419 0.004002 0.006233 0.009481 0.013796 0.019555 0.025677 0.033686 0.042216 0.050930 0.058842 0.066145 0.071570 0.074538 0.075446 0.073033 0.068526 0.061738 0.053985 0.045528 0.037637 0.029522 0.022411 0.016400 0.011760 0.007928 0.005357 0.003396 0.002143 0.001261 0.000771 0.000437 0.000218 0.000118 0.000060 0.000022 0.000013 0.000002 0.000001 0.000000 0.000000 0.000000 0.000000 0.000000 0.000000 0.000000 0.000000 
t: 0.014634146341 start: 65 end: 123 0.000002 0.000002 0.000007 0.000017 0.000050 0.000096 0.000187 0.000388 0.000666 0.001177 0.002038 0.003365 0.005451 0.008157 0.012345 0.017132 0.022896 0.030626 0.038674 0.047040 0.055524 0.063108 0.069082 0.073084 0.075010 0.073792 0.070152 0.064413 0.057393 0.048919 0.041062 0.032903 0.025553 0.018982 0.013626 0.009595 0.006572 0.004329 0.002691 0.001719 0.000988 0.000574 0.000302 0.000161 0.000076 0.000040 0.000023 0.000008 0.000001 0.000001 0.000001 0.000000 0.000000 0.000000 0.000000 0.000000 0.000000 0.000000 0.000000 
t: 0.014285714286 start: 67 end: 124 0.000001 0.000008 0.000015 0.000039 0.000072 0.000158 0.000295 0.000608 0.000970 0.001703 0.002957 0.004579 0.007202 0.010827 0.015345 0.020635 0.027646 0.035697 0.043805 0.052052 0.059979 0.066302 0.071566 0.073905 0.074063 0.071258 0.066902 0.060130 0.052270 0.044000 0.036284 0.028323 0.021673 0.015997 0.011270 0.007818 0.005289 0.003319 0.002107 0.001329 0.000736 0.000416 0.000227 0.000113 0.000057 0.000038 0.000007 0.000004 0.000003 0.000001 0.000000 0.000000 0.000000 0.000000 0.000000 0.000000 0.000000 0.000000 
t: 0.013953488372 start: 68 end: 127 0.000003 0.000003 0.000014 0.000031 0.000044 0.000137 0.000273 0.000497 0.000897 0.001410 0.002486 0.004046 0.006326 0.009441 0.013751 0.018897 0.025118 0.032588 0.040771 0.049121 0.056637 0.064090 0.069767 0.072459 0.073736 0.072419 0.068220 0.062544 0.055199 0.047258 0.038830 0.031637 0.024069 0.018209 0.013202 0.009154 0.006279 0.004001 0.002601 0.001673 0.000978 0.000562 0.000327 0.000141 0.000088 0.000033 0.000015 0.000010 0.000005 0.000001 0.000001 0.000001 0.000000 0.000000 0.000000 0.000000 0.000000 0.000000 0.000000 0.000000 
t: 0.013636363636 start: 69 end: 128 0.000003 0.000006 0.000014 0.000019 0.000047 0.000114 0.000241 0.000437 0.000711 0.001323 0.002177 0.003577 0.005444 0.008487 0.012342 0.017115 0.022923 0.029975 0.037903 0.046253 0.054159 0.061779 0.067103 0.071629 0.072990 0.072656 0.069350 0.064807 0.057702 0.049735 0.042117 0.034145 0.026660 0.020317 0.014958 0.010602 0.007282 0.004867 0.003234 0.002030 0.001205 0.000743 0.000391 0.000216 0.000113 0.000045 0.000026 0.000015 0.000006 0.000004 0.000002 0.000000 0.000001 0.000000 0.000000 0.000000 0.000000 0.000000 0.000000 0.000000 
t: 0.013333333333 start: 70 end: 129 0.000003 0.000004 0.000009 0.000023 0.000045 0.000094 0.000203 0.000372 0.000631 0.001133 0.001960 0.003173 0.004916 0.007607 0.010995 0.015643 0.021157 0.027605 0.035625 0.043156 0.051735 0.059007 0.065400 0.069808 0.072564 0.072459 0.070478 0.066093 0.059916 0.052446 0.044670 0.036805 0.028968 0.022610 0.016596 0.012256 0.008413 0.005798 0.003732 0.002412 0.001529 0.000876 0.000511 0.000271 0.000150 0.000069 0.000034 0.000022 0.000008 0.000007 0.000002 0.000000 0.000000 0.000000 0.000001 0.000000 0.000000 0.000000 0.000000 0.000000 
t: 0.013043478261 start: 71 end: 131 0.000002 0.000000 0.000011 0.000019 0.000041 0.000085 0.000186 0.000312 0.000549 0.001035 0.001723 0.002814 0.004481 0.006861 0.010181 0.014341 0.019181 0.025903 0.033057 0.040805 0.049281 0.056879 0.062788 0.068273 0.072061 0.072538 0.071001 0.067099 0.061371 0.054856 0.047181 0.039086 0.031290 0.024593 0.018665 0.013509 0.009709 0.006738 0.004419 0.002851 0.001775 0.001108 0.000588 0.000351 0.000191 0.000105 0.000060 0.000022 0.000013 0.000006 0.000003 0.000001 0.000001 0.000000 0.000000 0.000001 0.000000 0.000000 0.000000 0.000000 0.000000 
t: 0.012765957447 start: 73 end: 133 0.000003 0.000009 0.000022 0.000032 0.000081 0.000159 0.000286 0.000497 0.000926 0.001528 0.002587 0.004028 0.006241 0.009228 0.013052 0.018076 0.023816 0.031174 0.038958 0.046603 0.054324 0.061273 0.066567 0.070783 0.072512 0.071395 0.067690 0.062970 0.056957 0.049123 0.041243 0.033816 0.026602 0.020536 0.014846 0.010944 0.007660 0.005008 0.003376 0.002093 0.001306 0.000732 0.000441 0.000235 0.000128 0.000060 0.000044 0.000017 0.000006 0.000003 0.000001 0.000002 0.000000 0.000000 0.000000 0.000000 0.000000 0.000001 0.000000 0.000000 0.000000 
t: 0.012500000000 start: 73 end: 133 0.000001 0.000001 0.000008 0.000017 0.000035 0.000063 0.000148 0.000236 0.000470 0.000836 0.001422 0.002316 0.003754 0.005748 0.008514 0.012044 0.016619 0.022539 0.029436 0.036699 0.044629 0.052053 0.059701 0.065195 0.069341 0.071789 0.071657 0.068567 0.064359 0.058518 0.050821 0.043118 0.035898 0.028535 0.022268 0.016488 0.011918 0.008522 0.005822 0.003798 0.002495 0.001551 0.000911 0.000532 0.000298 0.000143 0.000073 0.000058 0.000020 0.000009 0.000004 0.000000 0.000002 0.000000 0.000000 0.000000 0.000000 0.000001 0.000000 0.000000 0.000000 
t: 0.012244897959 start: 74 end: 135 0.000001 0.000003 0.000006 0.000017 0.000032 0.000050 0.000138 0.000231 0.000424 0.000756 0.001295 0.002201 0.003400 0.005259 0.007954 0.011220 0.015612 0.021083 0.027951 0.035116 0.042534 0.050457 0.057772 0.063599 0.068068 0.071278 0.071091 0.069376 0.065198 0.059480 0.052789 0.045197 0.037811 0.030382 0.023653 0.018092 0.013166 0.009410 0.006456 0.004313 0.002874 0.001779 0.001069 0.000675 0.000328 0.000189 0.000098 0.000070 0.000026 0.000009 0.000008 0.000002 0.000001 0.000000 0.000000 0.000000 0.000001 0.000000 0.000000 0.000000 0.000000 0.000000 
t: 0.012000000000 start: 75 end: 135 0.000001 0.000000 0.000006 0.000011 0.000029 0.000057 0.000111 0.000218 0.000403 0.000718 0.001216 0.001972 0.003172 0.004987 0.007225 0.010643 0.014662 0.019912 0.026357 0.033825 0.041085 0.048596 0.055735 0.061991 0.066953 0.070431 0.071029 0.069472 0.066051 0.060727 0.054362 0.046891 0.039734 0.032136 0.025179 0.019218 0.014353 0.010389 0.007123 0.004759 0.003281 0.002081 0.001217 0.000787 0.000399 0.000229 0.000140 0.000061 0.000034 0.000018 0.000008 0.000002 0.000003 0.000000 0.000000 0.000000 0.000000 0.000001 0.000000 0.000000 0.000000 
t: 0.011764705882 start: 77 end: 138 0.000001 0.000005 0.000011 0.000029 0.000056 0.000100 0.000198 0.000384 0.000628 0.001142 0.001871 0.002995 0.004531 0.006948 0.009999 0.013869 0.019090 0.024980 0.032050 0.039612 0.047014 0.054435 0.060720 0.066095 0.069294 0.070796 0.069531 0.066555 0.061915 0.055768 0.048246 0.040998 0.033706 0.026551 0.020699 0.015448 0.011135 0.007856 0.005446 0.003531 0.002352 0.001418 0.000855 0.000524 0.000298 0.000157 0.000073 0.000039 0.000029 0.000009 0.000005 0.000001 0.000001 0.000000 0.000000 0.000001 0.000000 0.000000 0.000000 0.000000 0.000000 0.000000 
t: 0.011538461538 start: 78 end: 139 0.000001 0.000004 0.000014 0.000029 0.000046 0.000094 0.000195 0.000319 0.000609 0.001047 0.001812 0.002793 0.004342 0.006470 0.009446 0.013249 0.018195 0.024017 0.030875 0.038041 0.045489 0.053015 0.059715 0.064663 0.068785 0.070122 0.069932 0.067067 0.062529 0.056705 0.049743 0.042348 0.035055 0.027949 0.021936 0.016455 0.011978 0.008616 0.005799 0.004039 0.002586 0.001597 0.001008 0.000545 0.000349 0.000168 0.000100 0.000058 0.000032 0.000012 0.000002 0.000003 0.000001 0.000000 0.000000 0.000001 0.000000 0.000000 0.000000 0.000000 0.000000 0.000000 
t: 0.011320754717 start: 79 end: 140 0.000002 0.000005 0.000007 0.000030 0.000050 0.000086 0.000176 0.000310 0.000578 0.000964 0.001694 0.002651 0.004157 0.006253 0.009047 0.012633 0.017408 0.023224 0.029577 0.036781 0.044192 0.051517 0.058617 0.064013 0.067721 0.070165 0.069579 0.067512 0.063069 0.057519 0.051038 0.043538 0.036451 0.029189 0.023023 0.017299 0.012874 0.009083 0.006414 0.004264 0.002872 0.001812 0.001105 0.000677 0.000381 0.000201 0.000117 0.000070 0.000032 0.000013 0.000006 0.000001 0.000002 0.000000 0.000000 0.000001 0.000000 0.000000 0.000000 0.000000 0.000000 0.000000 
t: 0.011111111111 start: 80 end: 142 0.000004 0.000007 0.000009 0.000016 0.000059 0.000076 0.000175 0.000296 0.000549 0.000993 0.001566 0.002465 0.004064 0.005861 0.008627 0.012282 0.016952 0.022439 0.028787 0.035455 0.043015 0.050590 0.057463 0.062917 0.066934 0.069444 0.069480 0.067692 0.063672 0.058569 0.051835 0.045036 0.037301 0.030229 0.024007 0.018296 0.013581 0.009756 0.006734 0.004666 0.003085 0.002087 0.001218 0.000730 0.000457 0.000246 0.000138 0.000071 0.000040 0.000014 0.000008 0.000004 0.000001 0.000001 0.000000 0.000001 0.000000 0.000000 0.000000 0.000000 0.000000 0.000000 0.000000 
t: 0.010909090909 start: 80 end: 142 0.000002 0.000003 0.000006 0.000011 0.000020 0.000041 0.000091 0.000153 0.000316 0.000542 0.000891 0.001515 0.002428 0.003894 0.005689 0.008392 0.011770 0.016391 0.021857 0.027965 0.034884 0.041893 0.049392 0.056541 0.061777 0.066427 0.068701 0.069642 0.067972 0.064229 0.058459 0.052897 0.045820 0.038227 0.031471 0.024797 0.019177 0.014281 0.010345 0.007156 0.005052 0.003416 0.002278 0.001299 0.000811 0.000471 0.000284 0.000158 0.000089 0.000036 0.000022 0.000014 0.000002 0.000001 0.000000 0.000002 0.000000 0.000000 0.000000 0.000000 0.000000 0.000000 0.000000 
t: 0.010714285714 start: 80 end: 143 0.000001 0.000000 0.000005 0.000006 0.000012 0.000017 0.000033 0.000081 0.000161 0.000300 0.000524 0.000862 0.001480 0.002393 0.003714 0.005629 0.008074 0.011686 0.015708 0.021187 0.027184 0.034285 0.041223 0.048739 0.055275 0.060936 0.065891 0.068401 0.069342 0.067827 0.064390 0.059252 0.053781 0.046502 0.038826 0.032311 0.025712 0.019824 0.015023 0.010863 0.007592 0.005453 0.003630 0.002326 0.001478 0.000887 0.000499 0.000314 0.000177 0.000082 0.000051 0.000031 0.000010 0.000004 0.000003 0.000001 0.000002 0.000000 0.000000 0.000000 0.000000 0.000000 0.000000 0.000000 
t: 0.010526315789 start: 80 end: 144 0.000001 0.000000 0.000001 0.000001 0.000008 0.000009 0.000023 0.000032 0.000085 0.000146 0.000267 0.000536 0.000841 0.001506 0.002285 0.003647 0.005414 0.008086 0.011401 0.015371 0.020584 0.026786 0.033432 0.040703 0.048356 0.054123 0.060201 0.065440 0.068237 0.068952 0.067750 0.063853 0.060348 0.054080 0.047084 0.040030 0.032951 0.026194 0.020528 0.015515 0.011202 0.008210 0.005621 0.003788 0.002488 0.001584 0.000964 0.000592 0.000346 0.000190 0.000094 0.000065 0.000028 0.000011 0.000004 0.000003 0.000002 0.000001 0.000000 0.000000 0.000000 0.000000 0.000000 0.000000 0.000000 
t: 0.010344827586 start: 81 end: 145 0.000001 0.000000 0.000002 0.000002 0.000004 0.000010 0.000020 0.000035 0.000066 0.000159 0.000264 0.000536 0.000826 0.001493 0.002242 0.003635 0.005287 0.007932 0.011103 0.015178 0.020373 0.026309 0.033015 0.040098 0.047490 0.053504 0.059953 0.064951 0.067825 0.068393 0.067440 0.064437 0.060243 0.054455 0.047735 0.040627 0.033624 0.027080 0.020947 0.015904 0.011743 0.008373 0.005945 0.003998 0.002603 0.001694 0.001042 0.000626 0.000337 0.000204 0.000120 0.000053 0.000029 0.000017 0.000012 0.000003 0.000001 0.000002 0.000000 0.000000 0.000000 0.000000 0.000000 0.000000 0.000000 
t: 0.010169491525 start: 82 end: 146 0.000001 0.000001 0.000000 0.000002 0.000004 0.000010 0.000022 0.000031 0.000080 0.000142 0.000284 0.000511 0.000853 0.001454 0.002294 0.003513 0.005385 0.007742 0.010835 0.015071 0.020016 0.026411 0.032683 0.039539 0.046516 0.053094 0.059484 0.064350 0.067258 0.068313 0.067394 0.064890 0.060366 0.054608 0.048127 0.041229 0.034092 0.027384 0.021496 0.016305 0.012099 0.008743 0.006094 0.004158 0.002733 0.001791 0.001090 0.000657 0.000385 0.000199 0.000132 0.000056 0.000031 0.000024 0.000009 0.000003 0.000005 0.000001 0.000000 0.000000 0.000000 0.000000 0.000000 0.000000 0.000000 
t: 0.010000000000 start: 83 end: 146 0.000001 0.000001 0.000000 0.000001 0.000005 0.000013 0.000022 0.000034 0.000085 0.000141 0.000299 0.000530 0.000860 0.001458 0.002198 0.003575 0.005337 0.007588 0.010778 0.014980 0.020000 0.025920 0.032434 0.039199 0.046210 0.053204 0.058958 0.063505 0.067066 0.068159 0.067329 0.064381 0.060619 0.055199 0.048444 0.041197 0.034562 0.027842 0.021898 0.016469 0.012444 0.008936 0.006401 0.004212 0.002939 0.001831 0.001146 0.000722 0.000370 0.000222 0.000134 0.000066 0.000040 0.000018 0.000007 0.000006 0.000005 0.000000 0.000000 0.000000 0.000000 0.000000 0.000000 0.000000 
t: 0.008448275866 start: 94 end: 157 0.000002 0.000000 0.000003 0.000004 0.000007 0.000032 0.000042 0.000084 0.000174 0.000294 0.000487 0.000782 0.001315 0.002104 0.003114 0.004689 0.006796 0.009602 0.013210 0.017691 0.022670 0.028680 0.035313 0.041743 0.048181 0.054474 0.059272 0.063160 0.065743 0.066264 0.064487 0.061838 0.057792 0.051871 0.045688 0.038934 0.032110 0.026325 0.020773 0.015711 0.011954 0.008706 0.006128 0.004230 0.002856 0.001831 0.001132 0.000716 0.000445 0.000244 0.000133 0.000084 0.000039 0.000016 0.000015 0.000007 0.000003 0.000000 0.000000 0.000000 0.000000 0.000000 0.000000 0.000000 
t: 0.007313432839 start: 102 end: 167 0.000001 0.000001 0.000000 0.000009 0.000005 0.000016 0.000026 0.000065 0.000107 0.000204 0.000295 0.000555 0.000888 0.001385 0.002202 0.003279 0.004783 0.006928 0.009748 0.013223 0.017600 0.022365 0.028098 0.034378 0.040814 0.046985 0.052684 0.058042 0.061738 0.064132 0.064855 0.063425 0.061297 0.057354 0.052303 0.046246 0.039854 0.033617 0.027531 0.022236 0.017178 0.013017 0.009644 0.006980 0.004863 0.003257 0.002213 0.001409 0.000876 0.000527 0.000324 0.000195 0.000109 0.000062 0.000034 0.000021 0.000011 0.000003 0.000003 0.000000 0.000000 0.000000 0.000000 0.000000 0.000000 0.000000 
t: 0.006447368423 start: 112 end: 177 0.000003 0.000008 0.000014 0.000018 0.000040 0.000064 0.000131 0.000246 0.000368 0.000616 0.000945 0.001668 0.002430 0.003611 0.005190 0.007482 0.010187 0.013633 0.018319 0.023217 0.028738 0.034624 0.040582 0.046931 0.052997 0.056691 0.061160 0.063611 0.063513 0.062857 0.060428 0.056449 0.051592 0.046321 0.039472 0.033483 0.027739 0.022297 0.017527 0.013287 0.009951 0.007044 0.005060 0.003278 0.002302 0.001505 0.000946 0.000602 0.000373 0.000191 0.000115 0.000060 0.000040 0.000020 0.000010 0.000007 0.000004 0.000003 0.000000 0.000000 0.000000 0.000000 0.000000 0.000000 0.000000 0.000000 
t: 0.005764705884 start: 118 end: 185 0.000001 0.000005 0.000006 0.000013 0.000033 0.000039 0.000083 0.000138 0.000259 0.000422 0.000715 0.001072 0.001714 0.002598 0.003821 0.005417 0.007785 0.010561 0.014270 0.018254 0.023201 0.028790 0.034896 0.040888 0.046994 0.052366 0.056792 0.060555 0.062668 0.063420 0.061976 0.059800 0.056212 0.051664 0.045856 0.039643 0.033667 0.027800 0.022303 0.017373 0.013622 0.009928 0.007250 0.005124 0.003572 0.002397 0.001511 0.000992 0.000608 0.000378 0.000270 0.000119 0.000079 0.000042 0.000016 0.000009 0.000005 0.000005 0.000002 0.000000 0.000000 0.000001 0.000000 0.000000 0.000000 0.000000 0.000000 0.000000 
t: 0.005212765959 start: 123 end: 191 0.000001 0.000001 0.000004 0.000007 0.000010 0.000027 0.000048 0.000075 0.000131 0.000251 0.000400 0.000677 0.001033 0.001636 0.002537 0.003708 0.005303 0.007544 0.009992 0.013616 0.017483 0.022321 0.028064 0.033732 0.039895 0.045404 0.051272 0.055898 0.060018 0.062302 0.062854 0.062077 0.060215 0.056771 0.052308 0.046998 0.040664 0.034996 0.028888 0.023313 0.018284 0.014079 0.010742 0.007903 0.005595 0.003798 0.002612 0.001690 0.001125 0.000721 0.000399 0.000230 0.000151 0.000112 0.000040 0.000015 0.000017 0.000006 0.000004 0.000002 0.000000 0.000001 0.000000 0.000000 0.000000 0.000000 0.000000 0.000000 0.000000 
t: 0.004757281555 start: 129 end: 196 0.000001 0.000006 0.000007 0.000013 0.000015 0.000034 0.000063 0.000103 0.000188 0.000299 0.000520 0.000877 0.001398 0.002043 0.003130 0.004469 0.006323 0.008810 0.011717 0.015534 0.019978 0.025062 0.030951 0.036324 0.042477 0.048658 0.053705 0.057665 0.060983 0.062664 0.062921 0.061485 0.058759 0.054412 0.049721 0.043795 0.038010 0.031591 0.025965 0.020929 0.016365 0.012473 0.009220 0.006619 0.004665 0.003303 0.002210 0.001368 0.000840 0.000569 0.000346 0.000177 0.000105 0.000064 0.000039 0.000011 0.000010 0.000005 0.000004 0.000002 0.000000 0.000000 0.000000 0.000000 0.000000 0.000000 0.000000 0.000000 
t: 0.004375000001 start: 133 end: 201 0.000001 0.000004 0.000004 0.000006 0.000009 0.000022 0.000034 0.000062 0.000116 0.000204 0.000346 0.000558 0.000861 0.001413 0.002141 0.003233 0.004595 0.006535 0.008849 0.012033 0.015774 0.020117 0.025278 0.031100 0.036871 0.042856 0.048772 0.053626 0.058307 0.061159 0.063251 0.062546 0.061182 0.058610 0.054593 0.049453 0.043305 0.037336 0.031723 0.025628 0.020535 0.016096 0.012268 0.008832 0.006489 0.004659 0.003081 0.002063 0.001380 0.000827 0.000546 0.000299 0.000172 0.000123 0.000049 0.000034 0.000015 0.000009 0.000006 0.000003 0.000001 0.000000 0.000000 0.000000 0.000000 0.000000 0.000000 0.000000 0.000000 
t: 0.004049586778 start: 137 end: 206 0.000001 0.000001 0.000001 0.000005 0.000009 0.000006 0.000032 0.000055 0.000090 0.000172 0.000265 0.000449 0.000700 0.001129 0.001734 0.002709 0.003893 0.005458 0.007861 0.010468 0.014083 0.018123 0.023002 0.028111 0.034215 0.040095 0.046220 0.051763 0.056242 0.060123 0.062130 0.062999 0.062517 0.060400 0.056241 0.051759 0.046687 0.039971 0.034264 0.028352 0.022839 0.017774 0.013870 0.010256 0.007477 0.005193 0.003689 0.002451 0.001573 0.001012 0.000643 0.000374 0.000227 0.000126 0.000083 0.000035 0.000022 0.000012 0.000006 0.000001 0.000001 0.000000 0.000001 0.000000 0.000000 0.000000 0.000000 0.000000 0.000000 0.000000 
t: 0.003769230770 start: 141 end: 209 0.000001 0.000001 0.000003 0.000006 0.000005 0.000014 0.000029 0.000048 0.000092 0.000136 0.000291 0.000427 0.000660 0.001101 0.001616 0.002671 0.003777 0.005512 0.007541 0.010408 0.013693 0.017859 0.022700 0.027839 0.034175 0.040102 0.046177 0.051301 0.056211 0.060119 0.062653 0.063096 0.062811 0.060455 0.056419 0.052238 0.046728 0.040484 0.034465 0.028480 0.022931 0.018174 0.013648 0.010194 0.007374 0.005317 0.003653 0.002382 0.001548 0.000967 0.000616 0.000358 0.000218 0.000128 0.000083 0.000033 0.000012 0.000010 0.000006 0.000003 0.000000 0.000001 0.000000 0.000000 0.000000 0.000000 0.000000 0.000000 0.000000 
t: 0.003525179857 start: 146 end: 212 0.000005 0.000004 0.000002 0.000006 0.000018 0.000035 0.000058 0.000098 0.000182 0.000302 0.000474 0.000797 0.001246 0.001906 0.002948 0.004236 0.005976 0.008436 0.011389 0.014998 0.019422 0.023941 0.030119 0.035750 0.041734 0.047856 0.053141 0.057417 0.061251 0.063705 0.063716 0.062152 0.059896 0.055592 0.050723 0.044870 0.038339 0.032247 0.026545 0.021207 0.016361 0.012351 0.009147 0.006552 0.004607 0.003047 0.001981 0.001260 0.000810 0.000473 0.000282 0.000178 0.000103 0.000054 0.000021 0.000019 0.000008 0.000006 0.000001 0.000000 0.000000 0.000000 0.000000 0.000000 0.000000 0.000000 0.000000 
t: 0.003310810811 start: 148 end: 214 0.000001 0.000000 0.000001 0.000004 0.000008 0.000014 0.000028 0.000039 0.000073 0.000120 0.000255 0.000373 0.000644 0.001039 0.001630 0.002497 0.003658 0.005154 0.007366 0.010068 0.013500 0.017578 0.022467 0.027531 0.033951 0.039572 0.045551 0.051642 0.056215 0.060421 0.063148 0.064171 0.063530 0.060999 0.057312 0.052575 0.047037 0.041072 0.034608 0.028336 0.022717 0.017791 0.013592 0.010053 0.007319 0.004878 0.003416 0.002389 0.001496 0.000880 0.000540 0.000330 0.000192 0.000099 0.000059 0.000029 0.000020 0.000007 0.000002 0.000003 0.000000 0.000000 0.000000 0.000000 0.000000 0.000000 0.000000 
t: 0.003121019109 start: 150 end: 216 0.000001 0.000001 0.000000 0.000002 0.000001 0.000008 0.000012 0.000024 0.000039 0.000060 0.000127 0.000213 0.000347 0.000555 0.001012 0.001520 0.002341 0.003480 0.004876 0.007090 0.009799 0.012903 0.017151 0.021662 0.027308 0.032944 0.039367 0.045694 0.051029 0.056483 0.059896 0.063318 0.064505 0.063920 0.061352 0.058183 0.053213 0.047396 0.041668 0.034874 0.028930 0.023197 0.018096 0.013631 0.010199 0.007241 0.005043 0.003451 0.002266 0.001410 0.000909 0.000554 0.000311 0.000167 0.000106 0.000065 0.000028 0.000010 0.000010 0.000002 0.000000 0.000000 0.000000 0.000000 0.000000 0.000000 0.000000 
t: 0.002951807229 start: 154 end: 221 0.000001 0.000001 0.000001 0.000002 0.000008 0.000021 0.000025 0.000030 0.000080 0.000109 0.000206 0.000359 0.000663 0.001039 0.001594 0.002427 0.003650 0.005086 0.007304 0.009955 0.013388 0.017538 0.022563 0.028067 0.033933 0.040528 0.046379 0.052054 0.057333 0.061182 0.063630 0.064902 0.064158 0.061427 0.057848 0.052715 0.046575 0.040243 0.034021 0.028020 0.021720 0.017388 0.012857 0.009442 0.006706 0.004631 0.003085 0.001995 0.001278 0.000757 0.000491 0.000271 0.000136 0.000101 0.000044 0.000017 0.000007 0.000005 0.000002 0.000002 0.000000 0.000000 0.000000 0.000000 0.000000 0.000000 0.000000 0.000000 
t: 0.002800000000 start: 156 end: 222 0.000001 0.000000 0.000002 0.000001 0.000004 0.000011 0.000014 0.000016 0.000047 0.000083 0.000153 0.000244 0.000420 0.000719 0.001222 0.001815 0.002778 0.004103 0.005702 0.008192 0.011001 0.014774 0.018897 0.024392 0.030476 0.036172 0.042314 0.048682 0.054349 0.059389 0.062991 0.064397 0.064913 0.063744 0.061135 0.055917 0.050703 0.044445 0.038151 0.031609 0.025483 0.019900 0.015235 0.011424 0.008013 0.005707 0.003860 0.002461 0.001585 0.001006 0.000591 0.000347 0.000200 0.000102 0.000048 0.000034 0.000017 0.000003 0.000003 0.000003 0.000000 0.000000 0.000000 0.000000 0.000000 0.000000 0.000000 
t: 0.002663043479 start: 158 end: 223 0.000001 0.000000 0.000000 0.000003 0.000000 0.000005 0.000013 0.000019 0.000024 0.000061 0.000129 0.000180 0.000334 0.000563 0.000895 0.001404 0.002223 0.003315 0.004842 0.006962 0.009511 0.012691 0.016904 0.021843 0.027446 0.033502 0.039586 0.046300 0.052396 0.057346 0.061946 0.064422 0.065810 0.065015 0.062166 0.058537 0.053666 0.047629 0.040904 0.034465 0.027859 0.021917 0.017073 0.012713 0.009166 0.006460 0.004321 0.002855 0.001822 0.001139 0.000719 0.000429 0.000226 0.000115 0.000064 0.000037 0.000011 0.000010 0.000003 0.000001 0.000002 0.000000 0.000000 0.000000 0.000000 0.000000 
t: 0.002538860104 start: 161 end: 227 0.000001 0.000000 0.000000 0.000006 0.000003 0.000006 0.000013 0.000033 0.000043 0.000098 0.000176 0.000277 0.000480 0.000732 0.001210 0.001910 0.002826 0.004298 0.006108 0.008561 0.011723 0.015642 0.020272 0.025531 0.031811 0.037928 0.044712 0.051054 0.056810 0.060737 0.064588 0.066147 0.065249 0.064111 0.060139 0.055121 0.049079 0.042936 0.035936 0.029522 0.023200 0.018125 0.013527 0.009843 0.006856 0.004740 0.002997 0.001945 0.001235 0.000759 0.000432 0.000254 0.000128 0.000065 0.000030 0.000016 0.000014 0.000002 0.000001 0.000001 0.000001 0.000000 0.000000 0.000000 0.000000 0.000000 0.000000 
t: 0.002425742574 start: 166 end: 230 0.000004 0.000005 0.000008 0.000015 0.000018 0.000047 0.000080 0.000161 0.000257 0.000408 0.000665 0.001121 0.001672 0.002640 0.004007 0.005736 0.008070 0.011156 0.014984 0.019509 0.024698 0.031133 0.037430 0.044033 0.050463 0.056539 0.060769 0.064365 0.066315 0.066589 0.064409 0.060534 0.056131 0.050303 0.043688 0.036618 0.029910 0.023834 0.018362 0.013830 0.010026 0.006918 0.004667 0.003020 0.001967 0.001214 0.000717 0.000441 0.000252 0.000127 0.000074 0.000029 0.000018 0.000007 0.000004 0.000002 0.000001 0.000000 0.000000 0.000000 0.000000 0.000000 0.000000 0.000000 0.000000 
t: 0.002322274882 start: 167 end: 231 0.000001 0.000003 0.000004 0.000011 0.000008 0.000023 0.000044 0.000086 0.000142 0.000246 0.000399 0.000661 0.001058 0.001729 0.002590 0.003774 0.005744 0.008019 0.010928 0.014846 0.019332 0.025291 0.030917 0.037500 0.044194 0.050986 0.056498 0.061195 0.065312 0.067224 0.066692 0.064976 0.061034 0.056277 0.050117 0.042987 0.036370 0.029516 0.023701 0.018103 0.013473 0.009622 0.006548 0.004384 0.002885 0.001857 0.001161 0.000685 0.000388 0.000207 0.000138 0.000065 0.000024 0.000010 0.000009 0.000005 0.000001 0.000000 0.000000 0.000000 0.000000 0.000000 0.000000 0.000000 0.000000 
t: 0.002227272727 start: 168 end: 231 0.000002 0.000000 0.000000 0.000004 0.000010 0.000013 0.000023 0.000035 0.000086 0.000148 0.000247 0.000379 0.000707 0.001099 0.001781 0.002645 0.003864 0.005701 0.008350 0.011348 0.015352 0.020078 0.025592 0.031897 0.038225 0.045515 0.052029 0.057820 0.062980 0.065900 0.067628 0.066951 0.064996 0.061101 0.055642 0.049136 0.041811 0.035332 0.028371 0.022504 0.016970 0.012428 0.008767 0.005991 0.004085 0.002535 0.001639 0.001034 0.000542 0.000311 0.000210 0.000086 0.000057 0.000021 0.000013 0.000007 0.000001 0.000001 0.000000 0.000000 0.000000 0.000000 0.000000 0.000000 
t: 0.002139737991 start: 170 end: 233 0.000001 0.000000 0.000004 0.000005 0.000004 0.000015 0.000016 0.000039 0.000093 0.000144 0.000265 0.000454 0.000761 0.001204 0.001876 0.002895 0.004289 0.006127 0.008701 0.012293 0.016548 0.021019 0.026945 0.033700 0.040111 0.047285 0.053675 0.059803 0.064321 0.067482 0.068067 0.066970 0.064853 0.059679 0.054225 0.047322 0.040362 0.033093 0.026679 0.020531 0.015378 0.011097 0.007629 0.005264 0.003471 0.002221 0.001318 0.000779 0.000451 0.000252 0.000139 0.000082 0.000037 0.000016 0.000006 0.000003 0.000001 0.000000 0.000000 0.000000 0.000000 0.000000 0.000000 0.000000 
t: 0.002058823530 start: 172 end: 235 0.000001 0.000001 0.000004 0.000003 0.000012 0.000010 0.000028 0.000046 0.000091 0.000181 0.000292 0.000495 0.000830 0.001369 0.002107 0.003239 0.004832 0.006896 0.009878 0.013314 0.017785 0.023211 0.029266 0.036219 0.042560 0.050098 0.056084 0.062113 0.066091 0.068268 0.068472 0.066920 0.063472 0.058092 0.052102 0.044494 0.037730 0.030632 0.024260 0.018100 0.013241 0.009500 0.006472 0.004373 0.002733 0.001760 0.001019 0.000594 0.000335 0.000188 0.000107 0.000047 0.000021 0.000008 0.000002 0.000002 0.000000 0.000000 0.000000 0.000000 0.000000 0.000000 0.000000 0.000000 
t: 0.001983805668 start: 175 end: 237 0.000002 0.000005 0.000004 0.000014 0.000020 0.000039 0.000055 0.000138 0.000200 0.000313 0.000571 0.001040 0.001554 0.002581 0.003754 0.005619 0.008067 0.011081 0.015050 0.019986 0.026175 0.032023 0.039454 0.045758 0.053181 0.059206 0.064910 0.067865 0.069178 0.068239 0.065982 0.061562 0.055735 0.048537 0.041614 0.034260 0.027430 0.020858 0.015536 0.011077 0.007771 0.005167 0.003386 0.002096 0.001292 0.000764 0.000382 0.000226 0.000130 0.000068 0.000025 0.000010 0.000008 0.000001 0.000001 0.000000 0.000000 0.000000 0.000000 0.000000 0.000000 0.000000 0.000000 
t: 0.001914062500 start: 175 end: 237 0.000001 0.000002 0.000001 0.000004 0.000004 0.000020 0.000021 0.000049 0.000086 0.000160 0.000257 0.000421 0.000752 0.001283 0.001942 0.002996 0.004667 0.006715 0.009332 0.012951 0.017590 0.023112 0.029473 0.035972 0.043127 0.049861 0.056482 0.062740 0.067268 0.069740 0.069476 0.067770 0.063940 0.058820 0.052140 0.044892 0.037288 0.030324 0.023376 0.017531 0.012645 0.008959 0.006044 0.003865 0.002482 0.001509 0.000852 0.000495 0.000298 0.000143 0.000060 0.000037 0.000017 0.000004 0.000004 0.000000 0.000000 0.000000 0.000000 0.000000 0.000000 0.000000 0.000000 
t: 0.001849056604 start: 178 end: 239 0.000003 0.000003 0.000006 0.000011 0.000016 0.000031 0.000064 0.000110 0.000227 0.000327 0.000582 0.000957 0.001619 0.002509 0.003908 0.005592 0.008120 0.011405 0.015650 0.020455 0.027059 0.033358 0.040405 0.047473 0.054906 0.060663 0.066142 0.069377 0.070225 0.069213 0.066502 0.061419 0.054301 0.048109 0.039936 0.032585 0.025558 0.019323 0.014030 0.009976 0.006682 0.004477 0.002796 0.001731 0.000959 0.000560 0.000337 0.000163 0.000076 0.000033 0.000019 0.000009 0.000002 0.000001 0.000000 0.000000 0.000000 0.000000 0.000000 0.000000 0.000000 0.000000 
t: 0.001788321168 start: 179 end: 239 0.000001 0.000001 0.000007 0.000009 0.000013 0.000029 0.000037 0.000088 0.000168 0.000278 0.000481 0.000807 0.001342 0.002148 0.003393 0.004829 0.007230 0.010300 0.013955 0.018713 0.024691 0.031532 0.037975 0.045671 0.052722 0.059490 0.065034 0.068724 0.070845 0.070739 0.067913 0.063286 0.057058 0.050263 0.042134 0.034609 0.027015 0.020851 0.015377 0.010673 0.007371 0.004868 0.003105 0.001839 0.001094 0.000627 0.000330 0.000170 0.000086 0.000050 0.000021 0.000002 0.000006 0.000000 0.000000 0.000000 0.000000 0.000000 0.000000 0.000000 0.000000 
t: 0.001731448763 start: 179 end: 239 0.000001 0.000000 0.000000 0.000007 0.000007 0.000010 0.000018 0.000038 0.000066 0.000139 0.000258 0.000392 0.000688 0.001198 0.001808 0.002840 0.004340 0.006489 0.009307 0.012854 0.017532 0.023241 0.029577 0.036479 0.043692 0.051256 0.058539 0.063817 0.068886 0.071199 0.071192 0.069394 0.065133 0.058975 0.051649 0.043996 0.036251 0.028731 0.021641 0.016077 0.011510 0.007789 0.005227 0.003336 0.001967 0.001117 0.000650 0.000344 0.000184 0.000084 0.000044 0.000018 0.000009 0.000001 0.000003 0.000000 0.000000 0.000000 0.000000 0.000000 0.000000 
t: 0.001678082192 start: 182 end: 243 0.000003 0.000003 0.000006 0.000009 0.000016 0.000030 0.000061 0.000119 0.000207 0.000360 0.000586 0.001034 0.001646 0.002515 0.004013 0.005838 0.008503 0.012154 0.016536 0.022041 0.028241 0.035023 0.042720 0.050067 0.057599 0.063577 0.068843 0.071523 0.071715 0.070268 0.066415 0.060147 0.053326 0.045177 0.037521 0.029647 0.022548 0.016669 0.011711 0.008302 0.005333 0.003395 0.002036 0.001212 0.000618 0.000337 0.000181 0.000094 0.000046 0.000019 0.000006 0.000002 0.000001 0.000001 0.000000 0.000000 0.000000 0.000000 0.000000 0.000000 0.000000 0.000000 
t: 0.001627906977 start: 182 end: 243 0.000001 0.000002 0.000001 0.000008 0.000006 0.000016 0.000024 0.000055 0.000096 0.000180 0.000332 0.000531 0.000942 0.001517 0.002331 0.003686 0.005448 0.008003 0.011461 0.015991 0.020882 0.027174 0.034454 0.041781 0.049330 0.057169 0.063885 0.068386 0.071665 0.072564 0.071241 0.067275 0.061187 0.054070 0.046274 0.038165 0.030209 0.023113 0.016910 0.012063 0.008248 0.005387 0.003402 0.002085 0.001210 0.000588 0.000335 0.000156 0.000102 0.000030 0.000017 0.000009 0.000002 0.000000 0.000000 0.000001 0.000000 0.000000 0.000000 0.000000 0.000000 0.000000 
t: 0.001580645161 start: 183 end: 244 0.000001 0.000001 0.000003 0.000003 0.000005 0.000014 0.000022 0.000042 0.000089 0.000175 0.000271 0.000507 0.000888 0.001342 0.002230 0.003544 0.005256 0.007636 0.011127 0.015257 0.020502 0.026762 0.033897 0.041179 0.049234 0.056757 0.063564 0.069141 0.072186 0.072753 0.072322 0.067708 0.061926 0.054737 0.047013 0.038186 0.030410 0.023002 0.017095 0.012151 0.008078 0.005240 0.003367 0.002063 0.001137 0.000561 0.000313 0.000161 0.000090 0.000033 0.000014 0.000002 0.000002 0.000000 0.000001 0.000000 0.000000 0.000000 0.000000 0.000000 0.000000 0.000000 
t: 0.001536050157 start: 185 end: 244 0.000001 0.000002 0.000003 0.000007 0.000010 0.000023 0.000047 0.000086 0.000148 0.000244 0.000517 0.000809 0.001340 0.002175 0.003480 0.005020 0.007553 0.010699 0.015031 0.020343 0.026500 0.033731 0.041357 0.049446 0.057252 0.063668 0.069110 0.072436 0.073958 0.072188 0.068647 0.062551 0.054793 0.046630 0.038126 0.030234 0.023025 0.016918 0.011684 0.007859 0.005077 0.003154 0.001993 0.001028 0.000548 0.000268 0.000154 0.000070 0.000035 0.000014 0.000007 0.000000 0.000001 0.000000 0.000000 0.000000 0.000000 0.000000 0.000000 0.000000 
t: 0.001493902439 start: 186 end: 245 0.000001 0.000002 0.000002 0.000007 0.000011 0.000019 0.000046 0.000071 0.000147 0.000261 0.000473 0.000799 0.001332 0.002098 0.003454 0.005073 0.007335 0.010709 0.015080 0.020211 0.026666 0.033881 0.041791 0.050186 0.057568 0.064292 0.069530 0.073574 0.074479 0.072285 0.068564 0.062878 0.054598 0.046339 0.037788 0.029505 0.022345 0.016326 0.011352 0.007470 0.004719 0.003097 0.001742 0.000902 0.000499 0.000263 0.000122 0.000061 0.000033 0.000010 0.000003 0.000000 0.000000 0.000001 0.000000 0.000000 0.000000 0.000000 0.000000 0.000000 
t: 0.001454005935 start: 187 end: 247 0.000001 0.000002 0.000002 0.000005 0.000009 0.000019 0.000044 0.000079 0.000147 0.000264 0.000458 0.000779 0.001327 0.002160 0.003347 0.005105 0.007515 0.010801 0.015356 0.020598 0.026867 0.034464 0.042499 0.050938 0.058633 0.064961 0.070669 0.074134 0.074403 0.072947 0.068903 0.061933 0.054272 0.045756 0.036769 0.028577 0.021637 0.015587 0.010580 0.006973 0.004573 0.002740 0.001511 0.000822 0.000436 0.000216 0.000098 0.000051 0.000020 0.000008 0.000003 0.000001 0.000001 0.000000 0.000000 0.000000 0.000000 0.000000 0.000000 0.000000 0.000000 
t: 0.001416184971 start: 189 end: 247 0.000003 0.000002 0.000004 0.000009 0.000024 0.000033 0.000077 0.000153 0.000248 0.000490 0.000814 0.001335 0.002156 0.003329 0.005293 0.007699 0.011388 0.015606 0.021164 0.027337 0.035203 0.043881 0.051923 0.059502 0.066609 0.071749 0.074420 0.075198 0.073020 0.068246 0.061283 0.053604 0.044617 0.035532 0.027554 0.020497 0.014355 0.009889 0.006548 0.004100 0.002452 0.001289 0.000685 0.000348 0.000179 0.000089 0.000041 0.000014 0.000007 0.000001 0.000001 0.000000 0.000000 0.000000 0.000000 0.000000 0.000000 0.000000 0.000000 
t: 0.001380281690 start: 190 end: 247 0.000002 0.000003 0.000004 0.000014 0.000015 0.000042 0.000081 0.000132 0.000293 0.000472 0.000842 0.001386 0.002173 0.003610 0.005455 0.008181 0.011839 0.016370 0.021732 0.028408 0.036602 0.044812 0.053252 0.061191 0.068291 0.072715 0.075387 0.075527 0.072648 0.067693 0.060451 0.052106 0.042891 0.034073 0.026065 0.018875 0.013617 0.008968 0.005849 0.003651 0.002045 0.001117 0.000556 0.000315 0.000144 0.000064 0.000027 0.000010 0.000003 0.000000 0.000001 0.000000 0.000000 0.000000 0.000000 0.000000 0.000000 0.000000 
t: 0.001346153846 start: 190 end: 248 0.000001 0.000002 0.000002 0.000006 0.000014 0.000018 0.000043 0.000094 0.000157 0.000262 0.000518 0.000842 0.001443 0.002488 0.003749 0.005731 0.008662 0.012370 0.017253 0.022789 0.029920 0.038034 0.046282 0.054956 0.063238 0.069833 0.073578 0.076269 0.076083 0.072206 0.066660 0.059056 0.050271 0.041082 0.032447 0.024114 0.017526 0.012206 0.008034 0.005172 0.003056 0.001740 0.000885 0.000485 0.000248 0.000101 0.000045 0.000021 0.000006 0.000001 0.000000 0.000001 0.000000 0.000000 0.000000 0.000000 0.000000 0.000000 0.000000 
t: 0.001313672922 start: 191 end: 248 0.000001 0.000002 0.000001 0.000015 0.000011 0.000022 0.000040 0.000103 0.000159 0.000296 0.000535 0.000931 0.001584 0.002555 0.004145 0.006107 0.009336 0.013203 0.018217 0.024263 0.031724 0.039614 0.048248 0.057160 0.065360 0.070951 0.075635 0.076808 0.075422 0.071680 0.065795 0.057085 0.048014 0.038992 0.030331 0.022215 0.015862 0.010815 0.007024 0.004290 0.002640 0.001377 0.000731 0.000397 0.000173 0.000076 0.000041 0.000007 0.000006 0.000000 0.000001 0.000000 0.000000 0.000000 0.000000 0.000000 0.000000 0.000000 
t: 0.001282722513 start: 191 end: 248 0.000001 0.000000 0.000000 0.000002 0.000012 0.000017 0.000021 0.000054 0.000092 0.000205 0.000303 0.000615 0.001029 0.001683 0.002837 0.004465 0.006752 0.010108 0.014075 0.019628 0.025912 0.033489 0.041844 0.050737 0.059861 0.067007 0.072874 0.076396 0.077252 0.075666 0.070709 0.063709 0.054934 0.045707 0.036587 0.027730 0.020243 0.014152 0.009366 0.005959 0.003687 0.002109 0.001075 0.000581 0.000299 0.000119 0.000074 0.000009 0.000009 0.000003 0.000001 0.000001 0.000000 0.000000 0.000000 0.000000 0.000000 0.000000 
t: 0.001253196931 start: 193 end: 250 0.000001 0.000001 0.000004 0.000007 0.000017 0.000028 0.000061 0.000113 0.000210 0.000369 0.000635 0.001154 0.001925 0.003159 0.004937 0.007469 0.010956 0.015378 0.021111 0.027917 0.035617 0.044478 0.053542 0.062364 0.069490 0.074620 0.077197 0.077809 0.074879 0.069419 0.061364 0.052407 0.043026 0.033490 0.025113 0.018089 0.012303 0.008054 0.005085 0.002944 0.001618 0.000831 0.000458 0.000200 0.000101 0.000029 0.000009 0.000007 0.000003 0.000002 0.000000 0.000000 0.000000 0.000000 0.000000 0.000000 0.000000 0.000000 
t: 0.001225000000 start: 193 end: 250 0.000001 0.000000 0.000002 0.000001 0.000010 0.000022 0.000025 0.000090 0.000129 0.000218 0.000408 0.000777 0.001301 0.002158 0.003585 0.005448 0.008337 0.011985 0.016863 0.023128 0.030162 0.038430 0.047133 0.056354 0.064842 0.071919 0.076224 0.078655 0.077784 0.073778 0.067256 0.059080 0.049262 0.039781 0.030322 0.022569 0.015690 0.010668 0.006730 0.004088 0.002350 0.001232 0.000660 0.000296 0.000162 0.000045 0.000024 0.000010 0.000002 0.000003 0.000000 0.000001 0.000000 0.000000 0.000000 0.000000 0.000000 0.000000 
t: 0.001198044010 start: 193 end: 250 0.000001 0.000000 0.000001 0.000000 0.000004 0.000008 0.000022 0.000042 0.000092 0.000148 0.000259 0.000510 0.000895 0.001464 0.002578 0.004023 0.006257 0.009219 0.013284 0.018437 0.025519 0.032969 0.041217 0.050835 0.059331 0.067679 0.073878 0.078018 0.079244 0.077179 0.072383 0.064743 0.056179 0.045890 0.036030 0.027405 0.019591 0.013536 0.008825 0.005559 0.003210 0.001781 0.000935 0.000442 0.000222 0.000100 0.000028 0.000018 0.000006 0.000002 0.000001 0.000000 0.000000 0.000001 0.000000 0.000000 0.000000 0.000000 
t: 0.001172248804 start: 194 end: 250 0.000001 0.000000 0.000000 0.000003 0.000003 0.000012 0.000026 0.000044 0.000104 0.000168 0.000321 0.000581 0.001040 0.001823 0.002906 0.004646 0.007141 0.010428 0.014632 0.021030 0.027817 0.035603 0.045160 0.054035 0.062740 0.070724 0.076325 0.078984 0.079207 0.076285 0.070310 0.062115 0.052095 0.042151 0.032638 0.023886 0.016975 0.011416 0.007222 0.004393 0.002461 0.001320 0.000678 0.000307 0.000140 0.000060 0.000030 0.000009 0.000003 0.000000 0.000001 0.000000 0.000001 0.000000 0.000000 0.000000 0.000000 
t: 0.001147540984 start: 194 end: 250 0.000001 0.000000 0.000000 0.000002 0.000001 0.000009 0.000014 0.000034 0.000057 0.000122 0.000210 0.000381 0.000700 0.001244 0.002142 0.003475 0.005332 0.008072 0.011813 0.016908 0.023264 0.030698 0.039197 0.048578 0.057755 0.066336 0.073759 0.078389 0.079497 0.078965 0.074428 0.067799 0.058352 0.048391 0.038052 0.028708 0.020826 0.014339 0.009440 0.005749 0.003336 0.001857 0.000955 0.000445 0.000206 0.000090 0.000052 0.000011 0.000007 0.000000 0.000001 0.000000 0.000001 0.000000 0.000000 0.000000 0.000000 
t: 0.001123853211 start: 194 end: 250 0.000001 0.000000 0.000000 0.000002 0.000000 0.000002 0.000016 0.000014 0.000037 0.000083 0.000133 0.000252 0.000478 0.000861 0.001526 0.002528 0.004008 0.006258 0.009249 0.013602 0.019089 0.026211 0.033771 0.043344 0.052054 0.061831 0.070101 0.076462 0.080152 0.079926 0.077322 0.072786 0.064159 0.054476 0.043820 0.033933 0.025046 0.017739 0.011853 0.007446 0.004407 0.002513 0.001331 0.000645 0.000294 0.000137 0.000067 0.000023 0.000008 0.000002 0.000000 0.000001 0.000001 0.000000 0.000000 0.000000 0.000000 
t: 0.001101123596 start: 195 end: 251 0.000001 0.000000 0.000000 0.000002 0.000001 0.000008 0.000011 0.000022 0.000061 0.000078 0.000164 0.000331 0.000603 0.001045 0.001832 0.002980 0.004919 0.007163 0.010856 0.015553 0.022008 0.029038 0.037949 0.047095 0.056628 0.065805 0.073451 0.078721 0.080736 0.080097 0.076282 0.069240 0.060161 0.050011 0.039200 0.029755 0.021327 0.014798 0.009443 0.005759 0.003439 0.001760 0.000893 0.000442 0.000183 0.000093 0.000037 0.000013 0.000004 0.000000 0.000001 0.000000 0.000001 0.000000 0.000000 0.000000 0.000000 
t: 0.001079295154 start: 197 end: 254 0.000001 0.000001 0.000001 0.000002 0.000011 0.000009 0.000036 0.000060 0.000104 0.000225 0.000403 0.000765 0.001279 0.002259 0.003702 0.005664 0.008566 0.012538 0.017957 0.024964 0.032715 0.042158 0.051534 0.061278 0.070316 0.076186 0.080235 0.081689 0.079234 0.073558 0.065442 0.055951 0.044519 0.034877 0.025518 0.017777 0.012003 0.007312 0.004368 0.002472 0.001236 0.000606 0.000267 0.000111 0.000060 0.000019 0.000009 0.000001 0.000001 0.000000 0.000001 0.000000 0.000000 0.000000 0.000000 0.000000 0.000000 0.000000 
t: 0.001058315335 start: 198 end: 254 0.000001 0.000001 0.000002 0.000004 0.000008 0.000021 0.000042 0.000069 0.000154 0.000259 0.000558 0.000939 0.001633 0.002809 0.004336 0.006736 0.010176 0.014648 0.021134 0.028505 0.036666 0.046566 0.056362 0.066075 0.073490 0.079136 0.081727 0.081404 0.077426 0.070249 0.061444 0.050448 0.039730 0.030174 0.021173 0.014567 0.009232 0.005732 0.003211 0.001652 0.000836 0.000390 0.000163 0.000065 0.000030 0.000012 0.000003 0.000001 0.000000 0.000001 0.000000 0.000000 0.000000 0.000000 0.000000 0.000000 0.000000 
t: 0.001038135593 start: 199 end: 254 0.000001 0.000001 0.000004 0.000007 0.000012 0.000030 0.000048 0.000091 0.000190 0.000375 0.000679 0.001191 0.002112 0.003316 0.005346 0.008171 0.011996 0.017504 0.024206 0.032305 0.041589 0.051341 0.061543 0.069840 0.077066 0.081264 0.082552 0.080542 0.074836 0.066385 0.056025 0.044891 0.034841 0.025274 0.017467 0.011313 0.007289 0.004080 0.002188 0.001143 0.000552 0.000233 0.000100 0.000038 0.000016 0.000004 0.000001 0.000001 0.000001 0.000000 0.000000 0.000000 0.000000 0.000000 0.000000 0.000000 
t: 0.001018711019 start: 200 end: 254 0.000002 0.000001 0.000005 0.000008 0.000020 0.000036 0.000056 0.000137 0.000277 0.000453 0.000842 0.001568 0.002541 0.004176 0.006602 0.009738 0.014317 0.020630 0.028164 0.036820 0.046311 0.056797 0.066108 0.074189 0.079991 0.082793 0.082819 0.078225 0.071113 0.061279 0.050450 0.039678 0.029416 0.020809 0.013707 0.008991 0.005329 0.002781 0.001506 0.000766 0.000325 0.000147 0.000046 0.000022 0.000005 0.000002 0.000001 0.000001 0.000000 0.000000 0.000000 0.000000 0.000000 0.000000 0.000000 
t: 0.001000000000 start: 200 end: 254 0.000001 0.000001 0.000001 0.000009 0.000013 0.000025 0.000045 0.000093 0.000176 0.000338 0.000589 0.001160 0.002027 0.003152 0.005199 0.007961 0.011958 0.017199 0.024059 0.032316 0.041826 0.052007 0.061679 0.070744 0.078051 0.082615 0.083890 0.081263 0.074962 0.066353 0.055918 0.044706 0.033843 0.024329 0.016519 0.010951 0.006681 0.003598 0.002001 0.001010 0.000420 0.000205 0.000064 0.000030 0.000009 0.000001 0.000001 0.000002 0.000000 0.000000 0.000000 0.000000 0.000000 0.000000 0.000000 
