t: 0.059999999999 start: 16 end: 55 0.000001 0.000013 0.000061 0.000209 0.000700 0.001968 0.005031 0.011628 0.022511 0.039795 0.061658 0.086648 0.108695 0.123776 0.126573 0.117311 0.098104 0.074573 0.051745 0.032558 0.018672 0.009753 0.004676 0.002102 0.000797 0.000298 0.000096 0.000029 0.000011 0.000006 0.000001 0.000001 0.000000 0.000000 0.000000 0.000000 0.000000 0.000000 0.000000 0.000000 
t: 0.054545454544 start: 18 end: 57 0.000002 0.000005 0.000045 0.000188 0.000531 0.001568 0.004157 0.009047 0.017689 0.031448 0.050324 0.072111 0.094459 0.112844 0.121908 0.118987 0.107093 0.086855 0.065394 0.045184 0.028045 0.016089 0.008622 0.004211 0.001943 0.000763 0.000323 0.000106 0.000042 0.000014 0.000000 0.000002 0.000001 0.000000 0.000000 0.000000 0.000000 0.000000 0.000000 0.000000 
t: 0.049999999999 start: 19 end: 59 0.000001 0.000003 0.000013 0.000037 0.000145 0.000509 0.001325 0.003328 0.007326 0.014386 0.025751 0.041467 0.061713 0.082290 0.101252 0.114049 0.117603 0.110811 0.096353 0.076558 0.055938 0.037784 0.023672 0.013758 0.007511 0.003675 0.001612 0.000703 0.000281 0.000094 0.000037 0.000012 0.000003 0.000000 0.000000 0.000000 0.000000 0.000000 0.000000 0.000000 0.000000 
t: 0.046153846153 start: 22 end: 63 0.000001 0.000011 0.000037 0.000156 0.000442 0.001132 0.002864 0.006224 0.012126 0.021572 0.035747 0.052812 0.072770 0.090898 0.106569 0.112731 0.111287 0.101032 0.085064 0.065716 0.047122 0.031448 0.019566 0.011176 0.006023 0.003084 0.001409 0.000622 0.000227 0.000086 0.000028 0.000014 0.000003 0.000000 0.000001 0.000000 0.000000 0.000000 0.000000 0.000000 0.000000 0.000000 
t: 0.042857142857 start: 24 end: 66 0.000002 0.000010 0.000044 0.000130 0.000422 0.001068 0.002535 0.005402 0.010520 0.018798 0.030792 0.046432 0.064375 0.083684 0.098572 0.107643 0.110041 0.102976 0.090330 0.073273 0.055278 0.038912 0.025313 0.015600 0.008939 0.004691 0.002364 0.001082 0.000451 0.000196 0.000081 0.000026 0.000012 0.000005 0.000000 0.000000 0.000000 0.000001 0.000000 0.000000 0.000000 0.000000 0.000000 
t: 0.040000000000 start: 25 end: 71 0.000001 0.000004 0.000014 0.000052 0.000141 0.000389 0.000989 0.002329 0.004946 0.009389 0.016556 0.027737 0.041530 0.058590 0.076180 0.091576 0.103087 0.106590 0.103841 0.093071 0.079133 0.061734 0.045517 0.030899 0.020067 0.011958 0.006984 0.003574 0.001699 0.000783 0.000398 0.000160 0.000054 0.000018 0.000003 0.000004 0.000001 0.000001 0.000001 0.000000 0.000000 0.000000 0.000000 0.000000 0.000000 0.000000 0.000000 
t: 0.037500000000 start: 27 end: 72 0.000002 0.000004 0.000020 0.000044 0.000138 0.000415 0.000991 0.002179 0.004484 0.008766 0.015325 0.025333 0.038173 0.053785 0.070211 0.085500 0.097929 0.104122 0.102698 0.095080 0.081670 0.067288 0.051049 0.036029 0.024381 0.015438 0.009036 0.005026 0.002607 0.001281 0.000572 0.000253 0.000114 0.000029 0.000022 0.000004 0.000001 0.000000 0.000001 0.000000 0.000000 0.000000 0.000000 0.000000 0.000000 0.000000 
t: 0.035294117647 start: 30 end: 74 0.000011 0.000017 0.000066 0.000167 0.000395 0.001033 0.002070 0.004324 0.008309 0.014408 0.023831 0.035470 0.050117 0.065690 0.081159 0.093416 0.100402 0.100397 0.095604 0.084968 0.070797 0.054991 0.040643 0.028230 0.018611 0.011254 0.006624 0.003606 0.001776 0.000927 0.000407 0.000181 0.000064 0.000022 0.000011 0.000001 0.000000 0.000001 0.000000 0.000000 0.000000 0.000000 0.000000 0.000000 0.000000 
t: 0.033333333333 start: 32 end: 77 0.000012 0.000021 0.000069 0.000194 0.000426 0.001037 0.002120 0.004283 0.008026 0.014057 0.022282 0.033524 0.047568 0.062468 0.077496 0.089572 0.097105 0.098909 0.095588 0.085746 0.073042 0.058297 0.044440 0.031558 0.020995 0.013628 0.008150 0.004636 0.002438 0.001262 0.000586 0.000286 0.000104 0.000053 0.000011 0.000009 0.000001 0.000001 0.000000 0.000000 0.000000 0.000000 0.000000 0.000000 0.000000 0.000000 
t: 0.031578947368 start: 32 end: 78 0.000001 0.000004 0.000010 0.000028 0.000083 0.000220 0.000482 0.001044 0.002262 0.004351 0.008033 0.013581 0.021698 0.032784 0.045515 0.060040 0.073923 0.086484 0.094171 0.097322 0.094527 0.086353 0.074580 0.060901 0.046606 0.034348 0.023819 0.015359 0.009617 0.005667 0.003074 0.001701 0.000797 0.000350 0.000152 0.000063 0.000033 0.000014 0.000003 0.000000 0.000000 0.000000 0.000000 0.000000 0.000000 0.000000 0.000000 
t: 0.030000000000 start: 34 end: 81 0.000001 0.000004 0.000011 0.000032 0.000092 0.000246 0.000535 0.001188 0.002336 0.004587 0.008209 0.013590 0.021605 0.031723 0.044547 0.058651 0.072073 0.083422 0.091697 0.094935 0.093584 0.085913 0.075498 0.062631 0.049141 0.036265 0.025489 0.017052 0.010700 0.006532 0.003782 0.002137 0.000951 0.000492 0.000209 0.000076 0.000029 0.000023 0.000009 0.000003 0.000000 0.000000 0.000000 0.000000 0.000000 0.000000 0.000000 0.000000 
t: 0.028571428571 start: 36 end: 83 0.000004 0.000008 0.000016 0.000044 0.000135 0.000256 0.000590 0.001240 0.002501 0.004861 0.008490 0.013847 0.021693 0.031669 0.044123 0.057357 0.070587 0.081435 0.090079 0.092893 0.092165 0.085248 0.075712 0.063489 0.050116 0.037726 0.027177 0.018378 0.011723 0.007418 0.004291 0.002337 0.001241 0.000650 0.000282 0.000133 0.000052 0.000023 0.000008 0.000000 0.000003 0.000000 0.000000 0.000000 0.000000 0.000000 0.000000 0.000000 
t: 0.027272727273 start: 37 end: 87 0.000001 0.000003 0.000007 0.000027 0.000073 0.000127 0.000335 0.000654 0.001431 0.002818 0.005082 0.008763 0.014330 0.022237 0.031931 0.044460 0.056828 0.069525 0.080378 0.087961 0.091575 0.090518 0.084508 0.075203 0.063448 0.050859 0.038840 0.027961 0.019160 0.012975 0.007893 0.004601 0.002614 0.001417 0.000760 0.000393 0.000172 0.000078 0.000034 0.000011 0.000003 0.000005 0.000000 0.000001 0.000000 0.000000 0.000000 0.000000 0.000000 0.000000 0.000000 
t: 0.026086956522 start: 39 end: 89 0.000001 0.000002 0.000011 0.000038 0.000088 0.000162 0.000362 0.000803 0.001667 0.003119 0.005473 0.009398 0.015089 0.023132 0.033045 0.044390 0.056887 0.068952 0.079758 0.086143 0.090353 0.088936 0.083441 0.074825 0.063004 0.050761 0.038905 0.028585 0.019781 0.013354 0.008366 0.005064 0.002902 0.001526 0.000864 0.000428 0.000206 0.000112 0.000043 0.000012 0.000007 0.000004 0.000001 0.000000 0.000000 0.000000 0.000000 0.000000 0.000000 0.000000 0.000000 
t: 0.025000000000 start: 40 end: 90 0.000001 0.000000 0.000004 0.000022 0.000047 0.000092 0.000217 0.000452 0.000957 0.001827 0.003489 0.006191 0.010081 0.016182 0.024000 0.033952 0.045166 0.057224 0.069173 0.079208 0.085671 0.088698 0.087463 0.082078 0.073395 0.062479 0.050177 0.038727 0.028705 0.020126 0.013571 0.008622 0.005316 0.003176 0.001703 0.000929 0.000455 0.000213 0.000119 0.000060 0.000018 0.000009 0.000004 0.000001 0.000000 0.000000 0.000000 0.000000 0.000000 0.000000 0.000000 
t: 0.024000000000 start: 43 end: 92 0.000004 0.000004 0.000022 0.000054 0.000109 0.000251 0.000573 0.001139 0.002197 0.003966 0.006765 0.011366 0.017310 0.025377 0.034937 0.046110 0.058673 0.069501 0.078933 0.085294 0.087682 0.085230 0.080329 0.071913 0.060991 0.049617 0.038525 0.028258 0.020145 0.013376 0.008810 0.005476 0.003281 0.001851 0.000981 0.000498 0.000240 0.000108 0.000061 0.000027 0.000012 0.000004 0.000000 0.000000 0.000000 0.000000 0.000000 0.000000 0.000000 0.000000 
t: 0.023076923077 start: 44 end: 95 0.000002 0.000002 0.000006 0.000028 0.000069 0.000157 0.000330 0.000735 0.001371 0.002529 0.004616 0.007678 0.012411 0.018630 0.027115 0.036759 0.047794 0.059760 0.070586 0.078900 0.084511 0.086293 0.083932 0.078618 0.069682 0.059677 0.048292 0.037615 0.027790 0.019570 0.013278 0.008728 0.005459 0.003224 0.001829 0.001011 0.000523 0.000251 0.000126 0.000067 0.000026 0.000015 0.000004 0.000001 0.000000 0.000000 0.000000 0.000000 0.000000 0.000000 0.000000 0.000000 
t: 0.022222222222 start: 45 end: 97 0.000001 0.000003 0.000004 0.000016 0.000047 0.000091 0.000207 0.000424 0.000879 0.001711 0.003142 0.005230 0.008778 0.013730 0.020525 0.028951 0.038719 0.050088 0.061073 0.071380 0.079588 0.083677 0.084916 0.082028 0.076718 0.067986 0.057666 0.046604 0.036254 0.026737 0.019001 0.012961 0.008533 0.005300 0.003183 0.001895 0.000956 0.000514 0.000235 0.000127 0.000067 0.000039 0.000010 0.000004 0.000002 0.000000 0.000000 0.000000 0.000000 0.000000 0.000000 0.000000 0.000000 
t: 0.021428571428 start: 47 end: 100 0.000001 0.000005 0.000012 0.000026 0.000069 0.000116 0.000269 0.000577 0.001185 0.002080 0.003632 0.006263 0.009965 0.015542 0.022236 0.030956 0.041108 0.052121 0.063217 0.072526 0.079529 0.083288 0.083801 0.080314 0.074502 0.065921 0.055138 0.044808 0.034226 0.025734 0.018297 0.012392 0.008155 0.005149 0.003108 0.001781 0.000965 0.000504 0.000234 0.000127 0.000066 0.000038 0.000011 0.000004 0.000001 0.000000 0.000001 0.000000 0.000000 0.000000 0.000000 0.000000 0.000000 0.000000 
t: 0.020689655172 start: 48 end: 103 0.000001 0.000003 0.000009 0.000020 0.000033 0.000081 0.000154 0.000399 0.000762 0.001381 0.002602 0.004459 0.007285 0.011576 0.017402 0.024437 0.033651 0.043840 0.054490 0.064707 0.073663 0.079630 0.083154 0.082249 0.078947 0.071863 0.062845 0.052788 0.042419 0.032676 0.024179 0.017367 0.011688 0.007772 0.004916 0.002952 0.001755 0.000869 0.000494 0.000258 0.000116 0.000060 0.000026 0.000011 0.000007 0.000002 0.000001 0.000000 0.000001 0.000000 0.000000 0.000000 0.000000 0.000000 0.000000 0.000000 
t: 0.020000000000 start: 50 end: 105 0.000002 0.000001 0.000012 0.000020 0.000058 0.000105 0.000255 0.000521 0.000975 0.001866 0.003154 0.005314 0.008720 0.013205 0.019469 0.027279 0.036369 0.047045 0.057152 0.066559 0.074472 0.080296 0.081976 0.081371 0.076089 0.069340 0.059941 0.050148 0.040024 0.030709 0.022807 0.016106 0.010952 0.007146 0.004483 0.002701 0.001574 0.000854 0.000474 0.000257 0.000110 0.000044 0.000028 0.000009 0.000005 0.000001 0.000000 0.000000 0.000001 0.000001 0.000000 0.000000 0.000000 0.000000 0.000000 0.000000 
t: 0.019354838710 start: 50 end: 106 0.000001 0.000000 0.000003 0.000008 0.000009 0.000046 0.000060 0.000164 0.000337 0.000700 0.001302 0.002241 0.004021 0.006553 0.010138 0.015367 0.021965 0.030329 0.040027 0.049741 0.059144 0.068594 0.076505 0.079974 0.081643 0.078750 0.073833 0.066166 0.057101 0.047109 0.037499 0.028683 0.021059 0.014612 0.010134 0.006615 0.004020 0.002542 0.001370 0.000834 0.000414 0.000192 0.000103 0.000050 0.000029 0.000007 0.000001 0.000001 0.000002 0.000002 0.000000 0.000000 0.000000 0.000000 0.000000 0.000000 0.000000 
t: 0.018750000000 start: 51 end: 109 0.000001 0.000001 0.000002 0.000001 0.000015 0.000019 0.000054 0.000111 0.000242 0.000468 0.000906 0.001651 0.002952 0.004944 0.007940 0.012142 0.017555 0.025024 0.033678 0.043093 0.052646 0.062532 0.070709 0.076405 0.080701 0.080222 0.076894 0.070994 0.062959 0.053700 0.043822 0.035191 0.026286 0.019144 0.013408 0.009190 0.005899 0.003620 0.002201 0.001254 0.000713 0.000373 0.000173 0.000084 0.000043 0.000023 0.000008 0.000003 0.000002 0.000001 0.000001 0.000000 0.000000 0.000000 0.000000 0.000000 0.000000 0.000000 0.000000 
t: 0.018181818182 start: 53 end: 110 0.000001 0.000002 0.000002 0.000002 0.000019 0.000037 0.000080 0.000172 0.000347 0.000651 0.001205 0.002230 0.003745 0.006154 0.009516 0.014269 0.020468 0.028262 0.037226 0.046565 0.055895 0.064850 0.072530 0.077511 0.080173 0.078748 0.074753 0.068082 0.059163 0.050404 0.040810 0.032083 0.023867 0.017212 0.012102 0.008246 0.005151 0.003247 0.001847 0.001123 0.000615 0.000318 0.000171 0.000085 0.000029 0.000019 0.000004 0.000004 0.000004 0.000001 0.000000 0.000000 0.000000 0.000000 0.000000 0.000000 0.000000 0.000000 
t: 0.017647058823 start: 54 end: 112 0.000001 0.000001 0.000002 0.000001 0.000009 0.000032 0.000049 0.000136 0.000248 0.000480 0.000900 0.001663 0.002844 0.004757 0.007666 0.011520 0.016736 0.023643 0.031864 0.040905 0.050147 0.059429 0.067332 0.074092 0.078259 0.079460 0.076642 0.071745 0.064676 0.055688 0.046424 0.037803 0.028921 0.021441 0.015690 0.010685 0.007120 0.004578 0.002746 0.001652 0.000957 0.000493 0.000293 0.000146 0.000070 0.000030 0.000014 0.000006 0.000002 0.000001 0.000001 0.000000 0.000000 0.000000 0.000000 0.000000 0.000000 0.000000 0.000000 
t: 0.017142857143 start: 56 end: 112 0.000001 0.000003 0.000000 0.000009 0.000011 0.000044 0.000098 0.000180 0.000370 0.000698 0.001304 0.002145 0.003734 0.006068 0.009253 0.013835 0.019798 0.027350 0.035672 0.044548 0.053886 0.062370 0.070391 0.075782 0.078146 0.077982 0.074470 0.068318 0.060523 0.052210 0.042929 0.034044 0.026059 0.018996 0.013685 0.009375 0.006209 0.003940 0.002484 0.001410 0.000771 0.000442 0.000228 0.000123 0.000059 0.000026 0.000009 0.000008 0.000003 0.000001 0.000000 0.000000 0.000000 0.000000 0.000000 0.000000 0.000000 
t: 0.016666666667 start: 57 end: 116 0.000001 0.000001 0.000002 0.000002 0.000014 0.000029 0.000070 0.000151 0.000274 0.000510 0.000975 0.001671 0.003050 0.004786 0.007634 0.011434 0.016600 0.023318 0.031203 0.039324 0.048535 0.057655 0.066154 0.072446 0.076476 0.077616 0.076064 0.071442 0.065234 0.056630 0.047831 0.038916 0.030632 0.023205 0.016806 0.011901 0.008063 0.005319 0.003352 0.002101 0.001175 0.000660 0.000357 0.000196 0.000102 0.000047 0.000019 0.000009 0.000005 0.000001 0.000001 0.000001 0.000000 0.000000 0.000000 0.000000 0.000000 0.000000 0.000000 0.000000 
t: 0.016216216216 start: 58 end: 115 0.000001 0.000000 0.000001 0.000002 0.000013 0.000024 0.000049 0.000100 0.000217 0.000426 0.000736 0.001370 0.002481 0.003832 0.006198 0.009488 0.014229 0.019895 0.026925 0.034873 0.043916 0.052846 0.061660 0.068512 0.074257 0.076632 0.076691 0.073759 0.067913 0.061230 0.052587 0.043760 0.035056 0.027205 0.020293 0.014735 0.010221 0.006802 0.004397 0.002793 0.001767 0.000982 0.000531 0.000292 0.000154 0.000092 0.000030 0.000014 0.000007 0.000005 0.000000 0.000000 0.000000 0.000001 0.000000 0.000000 0.000000 0.000000 
t: 0.015789473684 start: 61 end: 118 0.000001 0.000004 0.000005 0.000021 0.000041 0.000074 0.000157 0.000337 0.000573 0.001173 0.001925 0.003147 0.005073 0.008097 0.011820 0.016949 0.023516 0.031113 0.039762 0.048147 0.056928 0.065174 0.071054 0.075050 0.076336 0.075014 0.070545 0.064396 0.057119 0.048235 0.039605 0.031370 0.023886 0.017431 0.012550 0.008583 0.005710 0.003718 0.002311 0.001323 0.000835 0.000434 0.000225 0.000130 0.000054 0.000032 0.000011 0.000003 0.000002 0.000000 0.000000 0.000001 0.000000 0.000000 0.000000 0.000000 0.000000 0.000000 
t: 0.015384615385 start: 62 end: 120 0.000001 0.000003 0.000007 0.000012 0.000031 0.000074 0.000118 0.000271 0.000477 0.000898 0.001575 0.002596 0.004254 0.006649 0.010205 0.014626 0.020461 0.027498 0.035221 0.044407 0.052875 0.061091 0.068077 0.073060 0.075135 0.075525 0.072359 0.067185 0.060802 0.052484 0.044038 0.035392 0.027389 0.020479 0.015102 0.010464 0.007140 0.004760 0.002940 0.001892 0.001143 0.000614 0.000316 0.000164 0.000104 0.000049 0.000018 0.000011 0.000005 0.000002 0.000000 0.000000 0.000001 0.000000 0.000000 0.000000 0.000000 0.000000 0.000000 
t: 0.015000000000 start: 63 end: 122 0.000001 0.000002 0.000004 0.000009 0.000026 0.000055 0.000108 0.000200 0.000366 0.000697 0.001338 0.002169 0.003565 0.005705 0.008693 0.012802 0.017774 0.024419 0.032000 0.039959 0.049114 0.057301 0.064801 0.070427 0.074032 0.075114 0.073556 0.069543 0.063718 0.056383 0.047582 0.039098 0.030957 0.023938 0.017759 0.012564 0.008783 0.005841 0.003813 0.002435 0.001447 0.000906 0.000460 0.000253 0.000149 0.000066 0.000030 0.000026 0.000006 0.000003 0.000002 0.000001 0.000000 0.000000 0.000000 0.000000 0.000000 0.000000 0.000000 0.000000 
t: 0.014634146341 start: 64 end: 123 0.000001 0.000003 0.000004 0.000007 0.000023 0.000037 0.000100 0.000145 0.000306 0.000560 0.001079 0.001939 0.003018 0.004951 0.007401 0.011109 0.015771 0.021627 0.028726 0.036972 0.044899 0.053575 0.060984 0.068098 0.072620 0.074437 0.074080 0.071560 0.065961 0.059298 0.050982 0.042791 0.034666 0.027058 0.020256 0.015003 0.010480 0.007223 0.004718 0.003052 0.001949 0.001138 0.000644 0.000362 0.000188 0.000100 0.000049 0.000030 0.000013 0.000004 0.000002 0.000000 0.000001 0.000000 0.000000 0.000000 0.000000 0.000000 0.000000 0.000000 
t: 0.014285714286 start: 66 end: 124 0.000002 0.000004 0.000007 0.000020 0.000031 0.000066 0.000136 0.000254 0.000483 0.000916 0.001536 0.002561 0.004273 0.006616 0.009599 0.013931 0.019803 0.026001 0.033404 0.041606 0.050098 0.058042 0.064905 0.070597 0.073172 0.074329 0.072039 0.068223 0.061593 0.054575 0.046340 0.037922 0.030099 0.023215 0.017236 0.012287 0.008603 0.005817 0.003833 0.002480 0.001478 0.000838 0.000472 0.000278 0.000141 0.000073 0.000035 0.000016 0.000011 0.000002 0.000002 0.000000 0.000000 0.000000 0.000000 0.000000 0.000000 0.000000 0.000000 
t: 0.013953488372 start: 67 end: 125 0.000001 0.000003 0.000010 0.000018 0.000028 0.000048 0.000110 0.000225 0.000420 0.000734 0.001296 0.002223 0.003701 0.005734 0.008413 0.012382 0.017456 0.023856 0.030750 0.038589 0.046769 0.055227 0.062376 0.068298 0.071646 0.073858 0.073197 0.069434 0.063585 0.056820 0.049462 0.041366 0.033206 0.026023 0.019615 0.014190 0.010044 0.006894 0.004605 0.003058 0.001833 0.001122 0.000619 0.000347 0.000206 0.000108 0.000045 0.000029 0.000014 0.000005 0.000002 0.000000 0.000000 0.000000 0.000000 0.000000 0.000000 0.000000 0.000000 
t: 0.013636363636 start: 67 end: 128 0.000001 0.000001 0.000005 0.000010 0.000009 0.000024 0.000047 0.000113 0.000182 0.000335 0.000653 0.001081 0.001982 0.003212 0.004908 0.007424 0.011196 0.015917 0.021244 0.028731 0.035929 0.043761 0.052088 0.059679 0.065882 0.070539 0.073047 0.072970 0.070337 0.065777 0.059491 0.051797 0.044278 0.036236 0.028541 0.021853 0.016346 0.011541 0.008103 0.005640 0.003623 0.002254 0.001389 0.000780 0.000480 0.000282 0.000138 0.000068 0.000041 0.000021 0.000009 0.000003 0.000001 0.000001 0.000000 0.000000 0.000000 0.000000 0.000000 0.000000 0.000000 0.000000 
t: 0.013333333333 start: 69 end: 128 0.000002 0.000002 0.000008 0.000013 0.000021 0.000043 0.000087 0.000154 0.000312 0.000515 0.000999 0.001690 0.002857 0.004324 0.006716 0.010088 0.014144 0.019816 0.026202 0.033525 0.041165 0.049100 0.057017 0.063588 0.069033 0.071814 0.072612 0.071344 0.067405 0.061542 0.054519 0.046632 0.039218 0.030903 0.024214 0.018173 0.013202 0.009381 0.006415 0.004371 0.002809 0.001663 0.001024 0.000596 0.000349 0.000184 0.000108 0.000051 0.000032 0.000009 0.000006 0.000003 0.000000 0.000000 0.000000 0.000000 0.000000 0.000000 0.000000 0.000000 
t: 0.013043478261 start: 70 end: 129 0.000001 0.000002 0.000003 0.000013 0.000018 0.000047 0.000079 0.000131 0.000253 0.000502 0.000871 0.001498 0.002467 0.003961 0.006014 0.008987 0.013067 0.018164 0.024043 0.031323 0.038665 0.046559 0.054709 0.061554 0.067036 0.070754 0.072471 0.071493 0.068083 0.063563 0.056462 0.049387 0.041499 0.033439 0.026426 0.020223 0.014836 0.010642 0.007400 0.005059 0.003309 0.002063 0.001237 0.000739 0.000451 0.000246 0.000122 0.000062 0.000039 0.000017 0.000010 0.000001 0.000000 0.000000 0.000000 0.000000 0.000000 0.000000 0.000000 0.000000 
t: 0.012765957447 start: 71 end: 131 0.000001 0.000002 0.000002 0.000012 0.000019 0.000034 0.000075 0.000123 0.000222 0.000442 0.000788 0.001361 0.002167 0.003642 0.005393 0.008193 0.011938 0.016807 0.022391 0.029181 0.036770 0.044400 0.052054 0.059109 0.065130 0.069994 0.071925 0.071131 0.069453 0.064562 0.058562 0.051556 0.043499 0.035730 0.028783 0.022003 0.016630 0.011927 0.008243 0.005881 0.003809 0.002465 0.001479 0.000920 0.000534 0.000311 0.000181 0.000067 0.000058 0.000026 0.000009 0.000005 0.000001 0.000000 0.000000 0.000000 0.000000 0.000000 0.000000 0.000000 0.000000 
t: 0.012500000000 start: 73 end: 132 0.000001 0.000004 0.000010 0.000017 0.000037 0.000067 0.000103 0.000216 0.000394 0.000713 0.001215 0.001988 0.003251 0.005044 0.007605 0.010975 0.015277 0.020959 0.027414 0.034926 0.042246 0.049576 0.057283 0.063679 0.068597 0.070933 0.071641 0.069587 0.065708 0.060159 0.053324 0.045788 0.037744 0.030539 0.024207 0.018198 0.013188 0.009229 0.006691 0.004323 0.002813 0.001735 0.001113 0.000667 0.000389 0.000203 0.000109 0.000065 0.000026 0.000013 0.000008 0.000003 0.000000 0.000000 0.000000 0.000000 0.000000 0.000000 0.000000 0.000000 
t: 0.012244897959 start: 73 end: 134 0.000001 0.000001 0.000004 0.000009 0.000012 0.000025 0.000055 0.000100 0.000190 0.000384 0.000668 0.001079 0.001847 0.002922 0.004674 0.007006 0.010252 0.014369 0.019499 0.025931 0.032755 0.040496 0.048300 0.055161 0.061665 0.066908 0.070181 0.071462 0.069941 0.066558 0.061596 0.054962 0.047614 0.039779 0.032776 0.025780 0.019516 0.014490 0.010484 0.007277 0.004909 0.003279 0.002068 0.001251 0.000782 0.000424 0.000267 0.000148 0.000072 0.000037 0.000021 0.000009 0.000003 0.000001 0.000000 0.000000 0.000000 0.000000 0.000000 0.000000 0.000000 0.000000 
t: 0.012000000000 start: 75 end: 135 0.000001 0.000005 0.000007 0.000013 0.000018 0.000055 0.000089 0.000197 0.000347 0.000561 0.001015 0.001634 0.002800 0.004245 0.006543 0.009571 0.013464 0.018454 0.024425 0.031329 0.038504 0.046166 0.053697 0.060339 0.065645 0.069191 0.070842 0.070083 0.067240 0.062773 0.056432 0.049239 0.042031 0.034342 0.027242 0.020949 0.015783 0.011603 0.008046 0.005497 0.003594 0.002432 0.001463 0.000876 0.000548 0.000326 0.000161 0.000093 0.000043 0.000033 0.000007 0.000006 0.000001 0.000000 0.000000 0.000000 0.000000 0.000000 0.000000 0.000000 0.000000 
t: 0.011764705882 start: 76 end: 136 0.000001 0.000002 0.000005 0.000012 0.000023 0.000046 0.000099 0.000167 0.000296 0.000537 0.000932 0.001620 0.002490 0.004012 0.006172 0.008912 0.012807 0.017287 0.023222 0.029920 0.036969 0.044553 0.052359 0.058795 0.064227 0.068167 0.070355 0.070175 0.067700 0.063683 0.057497 0.050762 0.043622 0.036145 0.028624 0.022493 0.016970 0.012531 0.008868 0.006002 0.004127 0.002651 0.001682 0.001032 0.000657 0.000370 0.000198 0.000120 0.000052 0.000027 0.000016 0.000004 0.000005 0.000000 0.000000 0.000000 0.000000 0.000000 0.000000 0.000000 0.000000 
t: 0.011538461538 start: 77 end: 139 0.000001 0.000002 0.000004 0.000016 0.000019 0.000043 0.000088 0.000166 0.000277 0.000512 0.000871 0.001454 0.002444 0.003785 0.005763 0.008363 0.011919 0.016517 0.022308 0.028730 0.035558 0.043270 0.050754 0.057246 0.063269 0.067932 0.069401 0.069905 0.067979 0.064085 0.058570 0.052320 0.044780 0.037625 0.030069 0.023838 0.018270 0.013284 0.009710 0.006632 0.004455 0.002988 0.001948 0.001184 0.000732 0.000406 0.000236 0.000141 0.000075 0.000026 0.000016 0.000007 0.000004 0.000001 0.000002 0.000000 0.000000 0.000000 0.000000 0.000000 0.000000 0.000000 0.000000 
t: 0.011320754717 start: 78 end: 139 0.000001 0.000002 0.000004 0.000011 0.000022 0.000045 0.000064 0.000171 0.000284 0.000449 0.000816 0.001326 0.002390 0.003655 0.005367 0.007925 0.011473 0.015932 0.021201 0.027556 0.034433 0.041892 0.049078 0.056160 0.062479 0.066919 0.069412 0.069227 0.067733 0.064928 0.059554 0.053440 0.046443 0.038714 0.031106 0.025167 0.019269 0.014347 0.010259 0.007201 0.004871 0.003289 0.002119 0.001378 0.000824 0.000491 0.000248 0.000156 0.000087 0.000051 0.000017 0.000005 0.000005 0.000004 0.000000 0.000000 0.000000 0.000000 0.000000 0.000000 0.000000 0.000000 
t: 0.011111111111 start: 79 end: 141 0.000001 0.000001 0.000003 0.000007 0.000027 0.000036 0.000077 0.000158 0.000244 0.000455 0.000767 0.001356 0.002196 0.003466 0.005092 0.007653 0.011186 0.015225 0.020351 0.026507 0.033313 0.040921 0.047536 0.055209 0.061251 0.066640 0.068411 0.069208 0.067945 0.065319 0.060124 0.054539 0.047360 0.039981 0.032249 0.026247 0.020254 0.015152 0.010981 0.007672 0.005331 0.003573 0.002355 0.001492 0.000896 0.000572 0.000294 0.000176 0.000103 0.000050 0.000017 0.000008 0.000008 0.000003 0.000002 0.000000 0.000000 0.000000 0.000000 0.000000 0.000000 0.000000 0.000000 
t: 0.010909090909 start: 81 end: 142 0.000004 0.000004 0.000011 0.000011 0.000041 0.000073 0.000145 0.000247 0.000431 0.000764 0.001263 0.002109 0.003286 0.004983 0.007434 0.010721 0.014667 0.019719 0.025743 0.032350 0.039577 0.046675 0.054307 0.060574 0.065343 0.068056 0.068982 0.068136 0.065069 0.061192 0.054999 0.048534 0.040785 0.033539 0.026966 0.021187 0.015928 0.011826 0.008227 0.005755 0.003783 0.002552 0.001649 0.000979 0.000630 0.000329 0.000203 0.000105 0.000051 0.000029 0.000015 0.000008 0.000002 0.000002 0.000000 0.000000 0.000000 0.000000 0.000000 0.000000 0.000000 0.000000 
t: 0.010714285714 start: 81 end: 145 0.000001 0.000001 0.000003 0.000009 0.000017 0.000040 0.000067 0.000146 0.000225 0.000430 0.000710 0.001300 0.001996 0.003226 0.004747 0.007315 0.010310 0.014333 0.019192 0.024738 0.031907 0.038651 0.045867 0.053091 0.059890 0.064054 0.067966 0.068889 0.068049 0.065441 0.061542 0.055758 0.048943 0.041555 0.034678 0.027843 0.021874 0.016720 0.012384 0.008756 0.006090 0.004168 0.002738 0.001792 0.001018 0.000691 0.000395 0.000209 0.000112 0.000059 0.000034 0.000019 0.000006 0.000002 0.000001 0.000001 0.000001 0.000000 0.000000 0.000000 0.000000 0.000000 0.000000 0.000000 0.000000 
t: 0.010526315789 start: 83 end: 145 0.000002 0.000004 0.000009 0.000015 0.000035 0.000071 0.000138 0.000219 0.000414 0.000733 0.001265 0.001967 0.002957 0.004688 0.007118 0.010090 0.013981 0.018811 0.024151 0.031132 0.038096 0.044950 0.052542 0.058747 0.063586 0.066959 0.068806 0.068278 0.065939 0.061607 0.055898 0.049648 0.042628 0.035325 0.028790 0.022505 0.017290 0.012854 0.009236 0.006426 0.004501 0.002927 0.001879 0.001147 0.000725 0.000398 0.000234 0.000130 0.000077 0.000032 0.000021 0.000012 0.000002 0.000003 0.000002 0.000000 0.000000 0.000000 0.000000 0.000000 0.000000 0.000000 0.000000 
t: 0.010344827586 start: 83 end: 145 0.000001 0.000002 0.000004 0.000008 0.000017 0.000034 0.000075 0.000119 0.000214 0.000419 0.000744 0.001234 0.001871 0.002964 0.004752 0.006787 0.009961 0.013739 0.018351 0.023876 0.030314 0.037463 0.044553 0.052031 0.057743 0.062994 0.066553 0.068354 0.068141 0.065985 0.061820 0.056498 0.050243 0.042892 0.036447 0.029321 0.022991 0.017995 0.013389 0.009454 0.006791 0.004730 0.003155 0.001940 0.001264 0.000777 0.000419 0.000269 0.000138 0.000076 0.000042 0.000027 0.000012 0.000004 0.000003 0.000000 0.000000 0.000000 0.000000 0.000000 0.000000 0.000000 0.000000 
t: 0.010169491525 start: 84 end: 146 0.000002 0.000001 0.000002 0.000006 0.000024 0.000032 0.000065 0.000125 0.000228 0.000401 0.000741 0.001231 0.001858 0.003016 0.004530 0.006861 0.009768 0.013536 0.018224 0.023540 0.029755 0.037054 0.043961 0.051213 0.057309 0.062316 0.066124 0.068461 0.068022 0.066027 0.061666 0.056861 0.050465 0.043654 0.036714 0.029941 0.023627 0.018539 0.013597 0.009954 0.007113 0.004853 0.003247 0.002085 0.001356 0.000808 0.000460 0.000286 0.000158 0.000078 0.000053 0.000036 0.000010 0.000004 0.000002 0.000000 0.000000 0.000000 0.000000 0.000000 0.000000 0.000000 0.000000 
t: 0.010000000000 start: 84 end: 148 0.000001 0.000001 0.000002 0.000001 0.000008 0.000020 0.000034 0.000062 0.000126 0.000225 0.000444 0.000716 0.001157 0.001898 0.003059 0.004489 0.006709 0.009664 0.013381 0.017982 0.023478 0.029711 0.036502 0.043399 0.050888 0.056615 0.061886 0.065758 0.068177 0.067908 0.065757 0.061955 0.057167 0.050607 0.043901 0.037089 0.030502 0.024415 0.018682 0.013992 0.010187 0.007456 0.005005 0.003308 0.002220 0.001389 0.000859 0.000505 0.000347 0.000157 0.000102 0.000040 0.000027 0.000022 0.000004 0.000003 0.000001 0.000000 0.000000 0.000000 0.000000 0.000000 0.000000 0.000000 0.000000 
t: 0.008448275866 start: 95 end: 158 0.000001 0.000003 0.000002 0.000003 0.000016 0.000026 0.000064 0.000126 0.000208 0.000391 0.000670 0.001099 0.001646 0.002548 0.004027 0.005894 0.008218 0.011485 0.015641 0.020253 0.026069 0.032054 0.038874 0.045274 0.051573 0.057276 0.061529 0.064363 0.065672 0.065370 0.063113 0.059621 0.054153 0.048892 0.042198 0.035402 0.029174 0.023109 0.018260 0.013803 0.010093 0.007247 0.005155 0.003419 0.002227 0.001522 0.000907 0.000578 0.000318 0.000183 0.000123 0.000067 0.000036 0.000020 0.000003 0.000002 0.000000 0.000000 0.000000 0.000000 0.000000 0.000000 0.000000 0.000000 
t: 0.007313432839 start: 104 end: 170 0.000001 0.000003 0.000002 0.000015 0.000019 0.000047 0.000054 0.000121 0.000265 0.000409 0.000685 0.001127 0.001740 0.002684 0.004079 0.005817 0.008160 0.011431 0.015122 0.019843 0.025309 0.030891 0.037326 0.043549 0.049760 0.055362 0.059212 0.062815 0.064271 0.064478 0.062587 0.059317 0.054983 0.049547 0.043517 0.037195 0.031034 0.025019 0.019580 0.015290 0.011284 0.008463 0.005859 0.004226 0.002751 0.001827 0.001171 0.000753 0.000431 0.000251 0.000145 0.000081 0.000049 0.000028 0.000005 0.000006 0.000002 0.000001 0.000000 0.000000 0.000000 0.000001 0.000000 0.000000 0.000000 0.000000 0.000000 
t: 0.006447368423 start: 111 end: 178 0.000001 0.000000 0.000005 0.000008 0.000014 0.000023 0.000053 0.000091 0.000141 0.000318 0.000442 0.000799 0.001263 0.001849 0.002830 0.004288 0.006265 0.008562 0.011628 0.015382 0.020106 0.025133 0.030644 0.037130 0.043441 0.049193 0.054132 0.058936 0.062142 0.063556 0.063731 0.061647 0.058638 0.054471 0.049300 0.043672 0.037485 0.031533 0.025627 0.020230 0.015694 0.011854 0.008710 0.006383 0.004420 0.002984 0.001982 0.001313 0.000772 0.000494 0.000288 0.000180 0.000093 0.000058 0.000033 0.000019 0.000005 0.000005 0.000002 0.000001 0.000001 0.000000 0.000000 0.000000 0.000000 0.000000 0.000000 0.000000 
t: 0.005764705884 start: 116 end: 184 0.000001 0.000000 0.000001 0.000003 0.000001 0.000010 0.000017 0.000028 0.000060 0.000110 0.000180 0.000310 0.000553 0.000835 0.001252 0.001999 0.003046 0.004336 0.006344 0.008532 0.011753 0.015457 0.019815 0.025046 0.030787 0.036740 0.043046 0.048776 0.053863 0.058062 0.060983 0.063251 0.063110 0.061630 0.058243 0.054740 0.049535 0.044094 0.037694 0.031646 0.025938 0.020768 0.016003 0.012168 0.009299 0.006490 0.004736 0.003189 0.002072 0.001336 0.000873 0.000506 0.000306 0.000182 0.000114 0.000062 0.000033 0.000017 0.000011 0.000003 0.000004 0.000001 0.000000 0.000000 0.000000 0.000000 0.000000 0.000000 0.000000 
t: 0.005212765959 start: 124 end: 192 0.000002 0.000006 0.000004 0.000007 0.000015 0.000024 0.000060 0.000093 0.000182 0.000286 0.000506 0.000798 0.001219 0.001878 0.002758 0.004118 0.005779 0.008156 0.011190 0.014847 0.018862 0.023980 0.029262 0.035163 0.041532 0.047127 0.052718 0.056743 0.060812 0.062225 0.062766 0.061676 0.059459 0.055431 0.050698 0.045611 0.038890 0.033030 0.027266 0.022090 0.017321 0.013243 0.009775 0.007275 0.005257 0.003463 0.002378 0.001550 0.000963 0.000639 0.000338 0.000237 0.000141 0.000055 0.000043 0.000028 0.000012 0.000009 0.000002 0.000001 0.000000 0.000001 0.000000 0.000000 0.000000 0.000000 0.000000 0.000000 0.000000 
t: 0.004757281555 start: 128 end: 197 0.000001 0.000001 0.000004 0.000002 0.000008 0.000011 0.000025 0.000055 0.000077 0.000148 0.000210 0.000363 0.000588 0.001053 0.001530 0.002256 0.003366 0.004933 0.006877 0.009393 0.012650 0.016827 0.021149 0.026091 0.032013 0.037931 0.043560 0.049562 0.054672 0.058449 0.061289 0.063058 0.062146 0.060964 0.057788 0.053408 0.048563 0.042349 0.036450 0.030592 0.024796 0.019913 0.015765 0.011699 0.008677 0.006271 0.004346 0.002926 0.001931 0.001272 0.000774 0.000518 0.000304 0.000162 0.000100 0.000063 0.000036 0.000018 0.000007 0.000007 0.000002 0.000001 0.000000 0.000000 0.000000 0.000000 0.000000 0.000000 0.000000 0.000000 
t: 0.004375000001 start: 133 end: 202 0.000001 0.000002 0.000003 0.000004 0.000004 0.000009 0.000025 0.000041 0.000082 0.000138 0.000243 0.000333 0.000626 0.001044 0.001559 0.002345 0.003375 0.005038 0.006874 0.009408 0.012703 0.016732 0.021216 0.026304 0.031886 0.037904 0.043948 0.049782 0.054786 0.058347 0.061508 0.062822 0.062675 0.060772 0.057327 0.053646 0.048268 0.042494 0.036058 0.030469 0.025235 0.019978 0.015448 0.011621 0.008468 0.006188 0.004218 0.002890 0.001935 0.001284 0.000773 0.000498 0.000282 0.000162 0.000092 0.000067 0.000023 0.000022 0.000008 0.000005 0.000001 0.000001 0.000000 0.000000 0.000000 0.000000 0.000000 0.000000 0.000000 0.000000 
t: 0.004049586778 start: 135 end: 205 0.000001 0.000000 0.000001 0.000001 0.000001 0.000002 0.000005 0.000010 0.000019 0.000028 0.000066 0.000103 0.000166 0.000299 0.000515 0.000770 0.001245 0.001913 0.002778 0.004083 0.005918 0.008120 0.010922 0.014652 0.019008 0.023488 0.029086 0.035016 0.041160 0.046833 0.051876 0.056822 0.060204 0.062281 0.063073 0.062165 0.059516 0.055694 0.050996 0.045331 0.039739 0.033345 0.027745 0.022313 0.017535 0.013254 0.009993 0.007065 0.005117 0.003418 0.002331 0.001471 0.001050 0.000613 0.000366 0.000205 0.000111 0.000081 0.000047 0.000017 0.000010 0.000003 0.000001 0.000003 0.000000 0.000000 0.000000 0.000000 0.000000 0.000000 0.000000 
t: 0.003769230770 start: 139 end: 205 0.000001 0.000000 0.000000 0.000000 0.000000 0.000001 0.000004 0.000007 0.000022 0.000033 0.000051 0.000093 0.000172 0.000327 0.000429 0.000732 0.001191 0.001830 0.002672 0.003952 0.005775 0.007706 0.010836 0.014119 0.018378 0.023328 0.028588 0.034563 0.040680 0.046235 0.051585 0.056454 0.060013 0.062932 0.062952 0.062174 0.059764 0.056408 0.051996 0.045882 0.040160 0.033630 0.028187 0.022589 0.017668 0.013620 0.010111 0.007208 0.005016 0.003550 0.002421 0.001529 0.000989 0.000579 0.000372 0.000214 0.000132 0.000068 0.000032 0.000024 0.000009 0.000006 0.000000 0.000001 0.000000 0.000000 0.000000 
t: 0.003525179857 start: 143 end: 210 0.000001 0.000000 0.000000 0.000000 0.000003 0.000002 0.000002 0.000005 0.000018 0.000029 0.000075 0.000120 0.000173 0.000321 0.000545 0.000837 0.001340 0.002057 0.002934 0.004292 0.006121 0.008543 0.011654 0.015267 0.019733 0.024554 0.029967 0.036075 0.042199 0.048058 0.053254 0.057585 0.061509 0.063084 0.063365 0.061955 0.059547 0.055168 0.050388 0.044270 0.038567 0.032115 0.026259 0.021070 0.016274 0.012292 0.009083 0.006501 0.004463 0.003124 0.001921 0.001293 0.000754 0.000551 0.000299 0.000182 0.000096 0.000053 0.000023 0.000019 0.000006 0.000004 0.000001 0.000000 0.000000 0.000000 0.000000 0.000000 
t: 0.003310810811 start: 149 end: 215 0.000001 0.000000 0.000002 0.000004 0.000009 0.000012 0.000023 0.000035 0.000098 0.000139 0.000302 0.000397 0.000684 0.001066 0.001661 0.002504 0.003696 0.005321 0.007350 0.010208 0.013723 0.017812 0.022403 0.027669 0.033800 0.039444 0.045775 0.051397 0.056644 0.060228 0.062710 0.063258 0.063283 0.060800 0.057509 0.052730 0.046984 0.040927 0.034437 0.028304 0.023173 0.017858 0.013616 0.010136 0.007377 0.005005 0.003437 0.002301 0.001455 0.000949 0.000553 0.000346 0.000215 0.000103 0.000065 0.000027 0.000022 0.000007 0.000005 0.000000 0.000001 0.000000 0.000000 0.000000 0.000000 0.000000 0.000000 
t: 0.003121019109 start: 150 end: 216 0.000001 0.000000 0.000000 0.000000 0.000002 0.000001 0.000005 0.000009 0.000028 0.000031 0.000068 0.000127 0.000231 0.000412 0.000632 0.000948 0.001596 0.002365 0.003349 0.004990 0.006991 0.009719 0.013176 0.017010 0.021761 0.027135 0.033065 0.038744 0.044738 0.050899 0.055959 0.060247 0.063211 0.064365 0.063436 0.061588 0.058207 0.053077 0.047454 0.041730 0.035319 0.029339 0.023434 0.018174 0.013842 0.010370 0.007432 0.005202 0.003501 0.002309 0.001527 0.000909 0.000581 0.000327 0.000182 0.000123 0.000068 0.000027 0.000013 0.000005 0.000008 0.000001 0.000000 0.000000 0.000000 0.000000 0.000000 
t: 0.002951807229 start: 153 end: 218 0.000001 0.000000 0.000000 0.000000 0.000000 0.000004 0.000005 0.000012 0.000030 0.000053 0.000071 0.000121 0.000232 0.000388 0.000669 0.001019 0.001626 0.002300 0.003560 0.005109 0.007241 0.009908 0.013357 0.017487 0.022147 0.027750 0.033600 0.039914 0.045728 0.051638 0.057070 0.061059 0.063556 0.064473 0.063737 0.061564 0.057314 0.053007 0.047251 0.040868 0.034513 0.028312 0.022402 0.017365 0.013323 0.009901 0.006921 0.004749 0.003243 0.002091 0.001364 0.000829 0.000479 0.000277 0.000166 0.000108 0.000040 0.000027 0.000011 0.000005 0.000004 0.000001 0.000000 0.000000 0.000000 0.000000 
t: 0.002800000000 start: 158 end: 222 0.000001 0.000000 0.000000 0.000000 0.000009 0.000017 0.000029 0.000046 0.000090 0.000148 0.000293 0.000455 0.000709 0.001108 0.001793 0.002591 0.003977 0.005703 0.007994 0.010691 0.014385 0.019073 0.023855 0.029466 0.035621 0.041944 0.048476 0.053819 0.058450 0.062814 0.064337 0.064639 0.062986 0.060706 0.056531 0.051655 0.045245 0.038509 0.032130 0.026385 0.020563 0.015562 0.011658 0.008457 0.006060 0.004103 0.002628 0.001712 0.001064 0.000699 0.000335 0.000224 0.000121 0.000069 0.000031 0.000023 0.000004 0.000004 0.000002 0.000001 0.000000 0.000000 0.000000 0.000000 0.000000 
t: 0.002663043479 start: 160 end: 224 0.000001 0.000000 0.000000 0.000000 0.000004 0.000014 0.000026 0.000029 0.000069 0.000125 0.000177 0.000320 0.000537 0.000925 0.001386 0.002136 0.003166 0.004763 0.006650 0.009154 0.012527 0.016543 0.021368 0.026848 0.032462 0.038895 0.045924 0.051414 0.056737 0.061155 0.064169 0.065182 0.064794 0.062256 0.059257 0.054227 0.048360 0.041358 0.035009 0.028798 0.022870 0.017645 0.013219 0.009646 0.007017 0.004710 0.003076 0.002042 0.001257 0.000741 0.000455 0.000244 0.000161 0.000083 0.000036 0.000014 0.000011 0.000004 0.000003 0.000000 0.000001 0.000000 0.000000 0.000000 0.000000 
t: 0.002538860104 start: 160 end: 225 0.000001 0.000000 0.000000 0.000000 0.000000 0.000002 0.000002 0.000008 0.000022 0.000027 0.000056 0.000078 0.000156 0.000266 0.000430 0.000756 0.001193 0.001862 0.002731 0.003972 0.005926 0.008343 0.011242 0.015223 0.019439 0.024997 0.030680 0.037093 0.043907 0.050093 0.055997 0.060363 0.063387 0.066230 0.065306 0.063773 0.060618 0.055921 0.049760 0.043769 0.036752 0.030119 0.024370 0.019068 0.014330 0.010392 0.007379 0.005164 0.003362 0.002141 0.001396 0.000833 0.000488 0.000266 0.000150 0.000089 0.000043 0.000015 0.000008 0.000001 0.000004 0.000001 0.000000 0.000000 0.000000 0.000000 
t: 0.002425742574 start: 165 end: 230 0.000001 0.000001 0.000000 0.000002 0.000007 0.000017 0.000024 0.000040 0.000072 0.000149 0.000224 0.000403 0.000645 0.001034 0.001685 0.002485 0.003733 0.005454 0.007784 0.010560 0.014412 0.018937 0.023862 0.029799 0.036748 0.042756 0.049313 0.055405 0.060114 0.063730 0.065695 0.066330 0.064740 0.061516 0.056570 0.051141 0.044393 0.037884 0.031003 0.025210 0.019384 0.014556 0.010692 0.007455 0.005113 0.003492 0.002181 0.001379 0.000807 0.000485 0.000276 0.000150 0.000075 0.000040 0.000021 0.000012 0.000001 0.000001 0.000002 0.000000 0.000000 0.000000 0.000000 0.000000 0.000000 0.000000 
t: 0.002322274882 start: 168 end: 232 0.000002 0.000001 0.000002 0.000005 0.000012 0.000016 0.000047 0.000075 0.000135 0.000225 0.000365 0.000597 0.001023 0.001630 0.002407 0.003667 0.005244 0.007600 0.010492 0.014149 0.018871 0.023687 0.029994 0.036272 0.043215 0.049341 0.055068 0.060720 0.064305 0.066621 0.066405 0.065221 0.061643 0.057433 0.051191 0.044731 0.037403 0.030903 0.024847 0.019154 0.014383 0.010265 0.007277 0.005108 0.003187 0.001998 0.001336 0.000765 0.000445 0.000276 0.000122 0.000061 0.000035 0.000015 0.000005 0.000002 0.000001 0.000000 0.000000 0.000000 0.000000 0.000000 0.000000 0.000000 0.000000 
t: 0.002227272727 start: 168 end: 232 0.000001 0.000000 0.000000 0.000002 0.000003 0.000005 0.000011 0.000019 0.000042 0.000062 0.000133 0.000225 0.000400 0.000643 0.001082 0.001585 0.002468 0.003657 0.005501 0.007676 0.010674 0.014511 0.019150 0.024769 0.030563 0.036906 0.044079 0.050553 0.056285 0.061217 0.064770 0.066860 0.067589 0.065455 0.062039 0.056493 0.050440 0.043813 0.036489 0.030208 0.023666 0.018037 0.013581 0.009715 0.006715 0.004530 0.002952 0.001845 0.001094 0.000702 0.000391 0.000214 0.000100 0.000046 0.000018 0.000008 0.000006 0.000001 0.000001 0.000000 0.000000 0.000000 0.000000 0.000000 0.000000 
t: 0.002139737991 start: 168 end: 231 0.000001 0.000000 0.000000 0.000000 0.000000 0.000002 0.000004 0.000005 0.000008 0.000030 0.000038 0.000074 0.000142 0.000253 0.000416 0.000712 0.001103 0.001774 0.002645 0.003927 0.005739 0.008304 0.011469 0.015283 0.020145 0.025895 0.032107 0.038803 0.045672 0.051983 0.057912 0.062436 0.066004 0.068000 0.067552 0.065248 0.061153 0.055420 0.048963 0.042065 0.034890 0.028394 0.021954 0.016838 0.012076 0.008553 0.005987 0.003905 0.002498 0.001569 0.000907 0.000527 0.000332 0.000150 0.000069 0.000037 0.000018 0.000006 0.000001 0.000002 0.000000 0.000000 0.000000 0.000000 
t: 0.002058823530 start: 170 end: 232 0.000001 0.000000 0.000000 0.000000 0.000000 0.000000 0.000003 0.000006 0.000013 0.000026 0.000044 0.000092 0.000173 0.000256 0.000491 0.000818 0.001215 0.001932 0.002948 0.004441 0.006478 0.008993 0.012532 0.016989 0.021945 0.027418 0.034228 0.041400 0.048126 0.054451 0.060136 0.064213 0.067248 0.068175 0.067493 0.064536 0.059748 0.053605 0.046883 0.039483 0.032489 0.025623 0.019702 0.014917 0.010468 0.007301 0.004920 0.003298 0.002000 0.001212 0.000695 0.000416 0.000230 0.000091 0.000054 0.000028 0.000006 0.000009 0.000001 0.000001 0.000000 0.000000 0.000000 
t: 0.001983805668 start: 172 end: 234 0.000001 0.000000 0.000000 0.000000 0.000000 0.000001 0.000004 0.000006 0.000016 0.000024 0.000064 0.000111 0.000200 0.000326 0.000569 0.000879 0.001441 0.002271 0.003513 0.005100 0.007345 0.010417 0.014143 0.018615 0.024119 0.030701 0.037306 0.044328 0.051664 0.057245 0.062191 0.066223 0.068470 0.068529 0.067180 0.062689 0.057698 0.050648 0.043636 0.036321 0.029145 0.022664 0.017237 0.012476 0.008745 0.005887 0.003844 0.002551 0.001520 0.000907 0.000515 0.000256 0.000134 0.000064 0.000037 0.000011 0.000009 0.000002 0.000000 0.000002 0.000000 0.000000 0.000000 
t: 0.001914062500 start: 177 end: 238 0.000002 0.000000 0.000000 0.000004 0.000008 0.000024 0.000040 0.000084 0.000137 0.000273 0.000403 0.000681 0.001081 0.001773 0.002822 0.004053 0.006114 0.008692 0.012078 0.016315 0.021552 0.027600 0.033827 0.040913 0.048415 0.054647 0.060366 0.065104 0.068152 0.069194 0.068419 0.065413 0.060818 0.054583 0.046865 0.039469 0.032181 0.025420 0.019698 0.014271 0.009911 0.006913 0.004587 0.002907 0.001879 0.001070 0.000587 0.000329 0.000170 0.000079 0.000044 0.000019 0.000007 0.000004 0.000001 0.000002 0.000000 0.000000 0.000000 0.000000 0.000000 0.000000 
t: 0.001849056604 start: 180 end: 241 0.000002 0.000006 0.000006 0.000009 0.000027 0.000065 0.000101 0.000186 0.000345 0.000512 0.000891 0.001394 0.002302 0.003398 0.005209 0.007338 0.010442 0.014182 0.019470 0.024965 0.031161 0.038393 0.045428 0.052430 0.058356 0.064133 0.067606 0.069698 0.069299 0.067504 0.063143 0.057061 0.050408 0.042276 0.034988 0.027598 0.021638 0.015740 0.011384 0.007663 0.005196 0.003265 0.002068 0.001268 0.000704 0.000369 0.000185 0.000108 0.000041 0.000021 0.000011 0.000004 0.000001 0.000002 0.000000 0.000000 0.000000 0.000000 0.000000 0.000000 0.000000 0.000000 
t: 0.001788321168 start: 181 end: 242 0.000003 0.000004 0.000002 0.000008 0.000022 0.000043 0.000072 0.000145 0.000256 0.000412 0.000732 0.001167 0.001910 0.002857 0.004366 0.006614 0.009162 0.012986 0.017393 0.022649 0.029100 0.036149 0.043088 0.050527 0.056720 0.063022 0.067557 0.069735 0.070235 0.068725 0.064636 0.059822 0.052581 0.044825 0.037204 0.029786 0.022946 0.017283 0.012225 0.008558 0.005548 0.003680 0.002317 0.001334 0.000743 0.000421 0.000230 0.000117 0.000043 0.000018 0.000012 0.000004 0.000005 0.000001 0.000000 0.000000 0.000000 0.000000 0.000000 0.000000 0.000000 0.000000 
t: 0.001731448763 start: 181 end: 243 0.000001 0.000001 0.000003 0.000002 0.000008 0.000018 0.000032 0.000058 0.000120 0.000190 0.000330 0.000668 0.001045 0.001575 0.002486 0.003899 0.005695 0.008401 0.011666 0.015996 0.021142 0.027359 0.034113 0.041531 0.048909 0.055565 0.061796 0.067178 0.069877 0.071058 0.069652 0.066319 0.061285 0.054333 0.047195 0.038914 0.031356 0.024200 0.018290 0.013173 0.009040 0.006008 0.003957 0.002415 0.001430 0.000778 0.000469 0.000266 0.000108 0.000052 0.000021 0.000009 0.000005 0.000002 0.000001 0.000000 0.000000 0.000000 0.000000 0.000000 0.000000 0.000000 0.000000 
t: 0.001678082192 start: 181 end: 242 0.000001 0.000000 0.000001 0.000000 0.000003 0.000009 0.000010 0.000024 0.000054 0.000088 0.000151 0.000313 0.000566 0.000877 0.001413 0.002226 0.003401 0.005388 0.007551 0.011039 0.014773 0.019860 0.025952 0.032727 0.040007 0.047671 0.054948 0.060935 0.066774 0.070086 0.071396 0.070812 0.067612 0.062519 0.055689 0.048817 0.040385 0.032265 0.025413 0.019003 0.013643 0.009509 0.006342 0.003999 0.002516 0.001478 0.000817 0.000469 0.000267 0.000104 0.000056 0.000022 0.000014 0.000002 0.000002 0.000001 0.000000 0.000000 0.000000 0.000000 0.000000 0.000000 
t: 0.001627906977 start: 182 end: 241 0.000001 0.000000 0.000000 0.000000 0.000001 0.000009 0.000012 0.000016 0.000045 0.000069 0.000127 0.000281 0.000487 0.000772 0.001332 0.001988 0.003176 0.004928 0.007275 0.010040 0.014119 0.019082 0.025239 0.031251 0.039471 0.046543 0.054232 0.060837 0.066378 0.070213 0.072247 0.071498 0.068531 0.063460 0.057094 0.049360 0.041455 0.033237 0.026002 0.019413 0.013905 0.009559 0.006471 0.004074 0.002556 0.001472 0.000846 0.000436 0.000255 0.000115 0.000047 0.000030 0.000007 0.000004 0.000002 0.000000 0.000000 0.000000 0.000000 0.000000 
t: 0.001580645161 start: 185 end: 244 0.000001 0.000000 0.000001 0.000006 0.000012 0.000012 0.000034 0.000072 0.000135 0.000247 0.000416 0.000771 0.001152 0.001928 0.003032 0.004622 0.006730 0.009738 0.013601 0.018647 0.024337 0.031060 0.038308 0.046241 0.053832 0.061175 0.065905 0.070761 0.073170 0.072147 0.068901 0.064375 0.057711 0.050177 0.041574 0.033772 0.026238 0.019514 0.014045 0.009630 0.006358 0.003982 0.002567 0.001416 0.000783 0.000440 0.000239 0.000094 0.000053 0.000026 0.000009 0.000002 0.000000 0.000001 0.000000 0.000000 0.000000 0.000000 0.000000 0.000000 
t: 0.001536050157 start: 185 end: 244 0.000001 0.000000 0.000000 0.000001 0.000003 0.000008 0.000012 0.000035 0.000066 0.000131 0.000232 0.000389 0.000687 0.001129 0.001864 0.002879 0.004443 0.006604 0.009466 0.013378 0.018223 0.024026 0.031042 0.037914 0.046185 0.054020 0.061128 0.066334 0.071262 0.073466 0.072683 0.069702 0.064418 0.058376 0.050291 0.041995 0.033612 0.026085 0.019267 0.013896 0.009461 0.006098 0.003906 0.002360 0.001363 0.000755 0.000433 0.000205 0.000087 0.000042 0.000023 0.000008 0.000005 0.000001 0.000000 0.000000 0.000000 0.000000 0.000000 0.000000 
t: 0.001493902439 start: 188 end: 246 0.000001 0.000001 0.000003 0.000006 0.000013 0.000034 0.000071 0.000098 0.000220 0.000376 0.000684 0.001115 0.001821 0.002833 0.004323 0.006643 0.009365 0.013155 0.018214 0.024066 0.030816 0.038507 0.046305 0.054177 0.061704 0.067277 0.071651 0.073869 0.073105 0.069875 0.064928 0.058314 0.050003 0.041873 0.033464 0.025499 0.018682 0.013417 0.009079 0.005883 0.003688 0.002185 0.001277 0.000679 0.000378 0.000191 0.000070 0.000033 0.000019 0.000009 0.000001 0.000000 0.000000 0.000000 0.000000 0.000000 0.000000 0.000000 0.000000 
t: 0.001454005935 start: 188 end: 246 0.000001 0.000000 0.000002 0.000001 0.000005 0.000014 0.000028 0.000076 0.000111 0.000214 0.000389 0.000665 0.001083 0.001808 0.002841 0.004434 0.006502 0.009609 0.013354 0.018441 0.024122 0.031217 0.038961 0.046843 0.055119 0.062333 0.067992 0.072414 0.074570 0.073641 0.069848 0.064820 0.057811 0.049795 0.041235 0.032666 0.024592 0.018079 0.012575 0.008552 0.005471 0.003377 0.002076 0.001073 0.000644 0.000321 0.000155 0.000073 0.000028 0.000016 0.000002 0.000001 0.000000 0.000000 0.000000 0.000000 0.000000 0.000000 0.000000 
t: 0.001416184971 start: 188 end: 245 0.000001 0.000000 0.000000 0.000001 0.000001 0.000009 0.000016 0.000028 0.000072 0.000116 0.000214 0.000399 0.000621 0.001175 0.001739 0.002975 0.004517 0.006756 0.009666 0.013808 0.018699 0.024724 0.031864 0.039606 0.048047 0.055726 0.063715 0.069428 0.073492 0.074776 0.073764 0.070142 0.064445 0.057011 0.048621 0.040224 0.031231 0.023695 0.016987 0.011824 0.007966 0.005022 0.003100 0.001758 0.000983 0.000537 0.000278 0.000137 0.000047 0.000027 0.000008 0.000002 0.000000 0.000000 0.000000 0.000000 0.000000 0.000000 
t: 0.001380281690 start: 188 end: 245 0.000001 0.000000 0.000000 0.000001 0.000000 0.000000 0.000009 0.000016 0.000033 0.000085 0.000113 0.000202 0.000387 0.000689 0.001134 0.001938 0.003077 0.004578 0.006874 0.010141 0.014291 0.019248 0.025589 0.033030 0.041029 0.049082 0.057291 0.064988 0.070540 0.074250 0.075733 0.073854 0.069582 0.063798 0.055977 0.047406 0.038460 0.029669 0.022377 0.015990 0.010976 0.007203 0.004435 0.002695 0.001528 0.000880 0.000421 0.000234 0.000093 0.000046 0.000019 0.000004 0.000003 0.000001 0.000000 0.000000 0.000000 0.000000 
t: 0.001346153846 start: 189 end: 246 0.000001 0.000000 0.000001 0.000000 0.000000 0.000004 0.000005 0.000014 0.000040 0.000078 0.000131 0.000208 0.000438 0.000692 0.001224 0.001981 0.003212 0.004875 0.007293 0.010711 0.014670 0.020424 0.026916 0.034111 0.042409 0.051077 0.059130 0.066144 0.072078 0.075463 0.076012 0.073384 0.069305 0.062318 0.054776 0.045687 0.036494 0.028025 0.020862 0.014576 0.009892 0.006418 0.003945 0.002328 0.001301 0.000702 0.000337 0.000186 0.000071 0.000033 0.000009 0.000005 0.000004 0.000000 0.000000 0.000000 0.000000 0.000000 
t: 0.001313672922 start: 190 end: 248 0.000001 0.000000 0.000001 0.000000 0.000001 0.000006 0.000003 0.000020 0.000043 0.000077 0.000132 0.000255 0.000443 0.000759 0.001320 0.002162 0.003368 0.005258 0.007850 0.011278 0.015684 0.021417 0.028239 0.035762 0.044488 0.053043 0.060740 0.068157 0.073406 0.076565 0.075699 0.073681 0.068356 0.060734 0.052892 0.043734 0.034370 0.026213 0.018794 0.013314 0.008855 0.005461 0.003344 0.001991 0.001050 0.000528 0.000286 0.000132 0.000055 0.000020 0.000008 0.000004 0.000000 0.000001 0.000000 0.000000 0.000000 0.000000 0.000000 
t: 0.001282722513 start: 190 end: 248 0.000001 0.000000 0.000000 0.000001 0.000001 0.000002 0.000003 0.000012 0.000019 0.000050 0.000083 0.000141 0.000273 0.000482 0.000863 0.001407 0.002373 0.003634 0.005750 0.008402 0.012165 0.016745 0.023012 0.029852 0.038006 0.046467 0.055037 0.063305 0.070144 0.074734 0.077057 0.076701 0.072682 0.066683 0.058817 0.050588 0.041421 0.032007 0.024009 0.017073 0.011700 0.007568 0.004723 0.002763 0.001607 0.000846 0.000430 0.000221 0.000081 0.000036 0.000015 0.000007 0.000000 0.000000 0.000000 0.000001 0.000000 0.000000 0.000000 
t: 0.001253196931 start: 191 end: 248 0.000001 0.000000 0.000000 0.000000 0.000002 0.000004 0.000004 0.000010 0.000026 0.000060 0.000073 0.000170 0.000297 0.000524 0.000949 0.001615 0.002558 0.004114 0.006201 0.009267 0.013090 0.018298 0.024602 0.031929 0.040283 0.048603 0.058076 0.065487 0.072215 0.076285 0.077691 0.076108 0.071822 0.064934 0.056885 0.047959 0.038211 0.029599 0.021585 0.015241 0.010038 0.006557 0.003850 0.002329 0.001243 0.000621 0.000327 0.000147 0.000067 0.000030 0.000010 0.000002 0.000000 0.000000 0.000001 0.000000 0.000000 0.000000 
t: 0.001225000000 start: 195 end: 252 0.000001 0.000002 0.000003 0.000004 0.000015 0.000029 0.000056 0.000092 0.000194 0.000363 0.000592 0.001067 0.001804 0.002848 0.004638 0.006897 0.010145 0.014448 0.019894 0.026491 0.034343 0.042592 0.052150 0.060462 0.068252 0.073983 0.077691 0.077734 0.075601 0.070314 0.063204 0.054085 0.044885 0.035284 0.026678 0.019153 0.013149 0.008668 0.005343 0.003229 0.001784 0.000949 0.000491 0.000210 0.000110 0.000053 0.000013 0.000005 0.000001 0.000000 0.000001 0.000000 0.000000 0.000000 0.000000 0.000000 0.000000 0.000000 
t: 0.001198044010 start: 196 end: 252 0.000001 0.000002 0.000003 0.000013 0.000013 0.000030 0.000058 0.000142 0.000223 0.000376 0.000707 0.001223 0.002026 0.003337 0.005135 0.007679 0.011237 0.015963 0.021691 0.028993 0.037099 0.046183 0.054797 0.063511 0.070475 0.076101 0.078729 0.077720 0.074670 0.068559 0.060279 0.051018 0.041630 0.032017 0.023684 0.016647 0.011232 0.007188 0.004402 0.002526 0.001327 0.000755 0.000314 0.000166 0.000078 0.000028 0.000010 0.000002 0.000000 0.000001 0.000000 0.000000 0.000000 0.000000 0.000000 0.000000 0.000000 
t: 0.001172248804 start: 196 end: 252 0.000001 0.000001 0.000000 0.000010 0.000005 0.000018 0.000039 0.000078 0.000153 0.000270 0.000449 0.000804 0.001415 0.002332 0.003859 0.005825 0.008696 0.012442 0.017763 0.024165 0.031484 0.040440 0.049219 0.058339 0.066208 0.073169 0.077962 0.079320 0.077603 0.073339 0.066016 0.056943 0.047660 0.037754 0.028681 0.020714 0.014431 0.009198 0.005877 0.003499 0.001914 0.000996 0.000499 0.000234 0.000104 0.000049 0.000016 0.000004 0.000002 0.000001 0.000000 0.000000 0.000000 0.000000 0.000000 0.000000 0.000000 
t: 0.001147540984 start: 199 end: 254 0.000006 0.000008 0.000010 0.000023 0.000048 0.000089 0.000173 0.000302 0.000533 0.000983 0.001694 0.002718 0.004383 0.006694 0.009792 0.014258 0.019802 0.026594 0.034825 0.043574 0.053002 0.061620 0.069579 0.075588 0.079310 0.079792 0.076774 0.070929 0.063113 0.053477 0.043564 0.034289 0.025055 0.017793 0.011978 0.007594 0.004649 0.002657 0.001404 0.000743 0.000301 0.000172 0.000067 0.000030 0.000005 0.000004 0.000001 0.000001 0.000000 0.000000 0.000000 0.000000 0.000000 0.000000 0.000000 0.000000 
t: 0.001123853211 start: 199 end: 254 0.000002 0.000005 0.000008 0.000010 0.000026 0.000057 0.000119 0.000210 0.000339 0.000672 0.001208 0.001985 0.003336 0.004942 0.007650 0.011438 0.016024 0.022400 0.029536 0.038320 0.047309 0.056669 0.065169 0.073061 0.077983 0.080181 0.079446 0.075050 0.068579 0.059454 0.049289 0.039647 0.029946 0.021691 0.015061 0.009675 0.006171 0.003471 0.001983 0.000988 0.000489 0.000227 0.000108 0.000044 0.000014 0.000004 0.000003 0.000000 0.000001 0.000000 0.000000 0.000000 0.000000 0.000000 0.000000 0.000000 
t: 0.001101123596 start: 199 end: 254 0.000001 0.000002 0.000006 0.000009 0.000014 0.000039 0.000075 0.000133 0.000249 0.000444 0.000822 0.001449 0.002443 0.003861 0.005886 0.008968 0.013068 0.018305 0.025175 0.032987 0.042100 0.051242 0.060298 0.069359 0.076086 0.079883 0.080717 0.078605 0.072811 0.064943 0.055501 0.045248 0.034871 0.026028 0.018452 0.012066 0.007877 0.004731 0.002631 0.001366 0.000672 0.000314 0.000161 0.000066 0.000024 0.000008 0.000003 0.000000 0.000001 0.000000 0.000000 0.000000 0.000000 0.000000 0.000000 0.000000 
t: 0.001079295154 start: 200 end: 254 0.000001 0.000003 0.000005 0.000008 0.000022 0.000043 0.000093 0.000165 0.000309 0.000573 0.001023 0.001848 0.002878 0.004591 0.006933 0.010563 0.015019 0.020892 0.028380 0.037026 0.046038 0.055665 0.064787 0.072680 0.078637 0.081117 0.080941 0.076763 0.069787 0.061142 0.050738 0.040421 0.030606 0.022097 0.015093 0.009840 0.006112 0.003525 0.001871 0.000945 0.000454 0.000210 0.000096 0.000044 0.000011 0.000004 0.000000 0.000001 0.000000 0.000000 0.000000 0.000000 0.000000 0.000000 0.000000 
t: 0.001058315335 start: 200 end: 255 0.000001 0.000002 0.000005 0.000004 0.000014 0.000029 0.000057 0.000099 0.000212 0.000422 0.000690 0.001331 0.002202 0.003465 0.005481 0.008393 0.012272 0.017315 0.024022 0.032425 0.041130 0.050593 0.060137 0.069003 0.075947 0.080591 0.082107 0.080031 0.073994 0.066039 0.056571 0.046005 0.035425 0.026356 0.018305 0.012097 0.007699 0.004569 0.002492 0.001305 0.000657 0.000289 0.000127 0.000062 0.000022 0.000004 0.000001 0.000000 0.000001 0.000000 0.000000 0.000000 0.000000 0.000000 0.000000 0.000000 
t: 0.001038135593 start: 200 end: 254 0.000001 0.000002 0.000005 0.000000 0.000006 0.000020 0.000035 0.000060 0.000149 0.000292 0.000498 0.000939 0.001629 0.002671 0.004219 0.006630 0.009894 0.014314 0.020287 0.027843 0.036418 0.045683 0.055315 0.064673 0.073051 0.079214 0.082262 0.082044 0.077711 0.070911 0.061923 0.051432 0.040390 0.030927 0.021763 0.014808 0.009562 0.005787 0.003298 0.001704 0.000906 0.000406 0.000184 0.000087 0.000037 0.000008 0.000001 0.000000 0.000001 0.000000 0.000000 0.000000 0.000000 0.000000 0.000000 
t: 0.001018711019 start: 200 end: 254 0.000001 0.000000 0.000001 0.000006 0.000000 0.000014 0.000024 0.000045 0.000097 0.000207 0.000350 0.000701 0.001138 0.002061 0.003288 0.005251 0.007911 0.011702 0.017122 0.023727 0.031713 0.041093 0.050378 0.060176 0.069466 0.077156 0.081424 0.083215 0.080637 0.075108 0.066742 0.057137 0.045329 0.035602 0.025754 0.017716 0.011826 0.007214 0.004169 0.002338 0.001141 0.000547 0.000282 0.000118 0.000055 0.000015 0.000001 0.000001 0.000001 0.000000 0.000000 0.000000 0.000000 0.000000 0.000000 
t: 0.001000000000 start: 200 end: 255 0.000001 0.000000 0.000001 0.000002 0.000002 0.000009 0.000013 0.000034 0.000056 0.000134 0.000260 0.000471 0.000869 0.001534 0.002504 0.004160 0.006294 0.009605 0.014133 0.020293 0.027578 0.036144 0.045875 0.055813 0.065386 0.074175 0.080036 0.083183 0.082731 0.078554 0.071292 0.062083 0.050962 0.040410 0.029988 0.021040 0.014181 0.009091 0.005253 0.002915 0.001569 0.000749 0.000351 0.000164 0.000073 0.000022 0.000005 0.000001 0.000000 0.000001 0.000000 0.000000 0.000000 0.000000 0.000000 0.000000 
