t: 0.059999999999 start: 16 end: 52 0.000001 0.000013 0.000061 0.000222 0.000687 0.001881 0.004873 0.011138 0.021946 0.038373 0.060430 0.085529 0.108018 0.122661 0.126601 0.117712 0.099215 0.076409 0.052988 0.033527 0.019086 0.010175 0.004973 0.002153 0.000818 0.000328 0.000129 0.000043 0.000010 0.000000 0.000000 0.000000 0.000000 0.000000 0.000000 0.000000 0.000000 
t: 0.054545454544 start: 17 end: 56 0.000001 0.000004 0.000010 0.000047 0.000185 0.000555 0.001522 0.003882 0.008608 0.016874 0.030251 0.049015 0.071135 0.093061 0.111118 0.121281 0.119523 0.107931 0.088796 0.067052 0.046438 0.029086 0.016742 0.009157 0.004393 0.002013 0.000827 0.000328 0.000111 0.000043 0.000008 0.000003 0.000000 0.000000 0.000000 0.000000 0.000000 0.000000 0.000000 0.000000 
t: 0.049999999999 start: 20 end: 60 0.000003 0.000007 0.000046 0.000167 0.000423 0.001236 0.003127 0.006879 0.013828 0.024804 0.040329 0.059879 0.080876 0.100008 0.113351 0.117183 0.111670 0.097398 0.077864 0.057921 0.039632 0.024467 0.014330 0.007723 0.003840 0.001746 0.000782 0.000311 0.000128 0.000028 0.000011 0.000002 0.000000 0.000001 0.000000 0.000000 0.000000 0.000000 0.000000 0.000000 0.000000 
t: 0.046153846153 start: 22 end: 63 0.000001 0.000015 0.000031 0.000131 0.000429 0.001081 0.002702 0.005888 0.011714 0.020313 0.034253 0.051922 0.070642 0.090012 0.104647 0.113182 0.111186 0.101631 0.086765 0.067418 0.048910 0.033005 0.020359 0.011679 0.006349 0.003184 0.001467 0.000665 0.000271 0.000101 0.000036 0.000006 0.000004 0.000000 0.000000 0.000001 0.000000 0.000000 0.000000 0.000000 0.000000 0.000000 
t: 0.042857142857 start: 24 end: 66 0.000002 0.000003 0.000047 0.000144 0.000380 0.001004 0.002306 0.005193 0.009953 0.017987 0.029470 0.045362 0.062759 0.081394 0.096899 0.107346 0.109847 0.103582 0.091704 0.074986 0.057114 0.040413 0.026893 0.016167 0.009421 0.004996 0.002543 0.001195 0.000535 0.000238 0.000075 0.000024 0.000012 0.000005 0.000001 0.000000 0.000000 0.000000 0.000000 0.000000 0.000000 0.000000 0.000000 
t: 0.040000000000 start: 26 end: 70 0.000002 0.000009 0.000042 0.000153 0.000388 0.000932 0.002119 0.004545 0.008871 0.015988 0.026313 0.040194 0.056875 0.073795 0.089844 0.102194 0.106827 0.103914 0.094638 0.080171 0.063481 0.047276 0.032850 0.021123 0.012700 0.007331 0.003840 0.001964 0.000944 0.000423 0.000152 0.000068 0.000021 0.000010 0.000001 0.000001 0.000001 0.000000 0.000000 0.000000 0.000000 0.000000 0.000000 0.000000 0.000000 
t: 0.037500000000 start: 27 end: 72 0.000001 0.000005 0.000014 0.000049 0.000146 0.000363 0.000941 0.002027 0.004316 0.008106 0.014459 0.024065 0.036520 0.051441 0.068484 0.084478 0.096419 0.103271 0.103140 0.095813 0.084045 0.068561 0.052815 0.038070 0.025668 0.016153 0.009674 0.005419 0.002909 0.001436 0.000689 0.000307 0.000126 0.000041 0.000021 0.000004 0.000003 0.000001 0.000000 0.000000 0.000000 0.000000 0.000000 0.000000 0.000000 0.000000 
t: 0.035294117647 start: 29 end: 74 0.000001 0.000006 0.000018 0.000054 0.000174 0.000373 0.000901 0.002057 0.004096 0.007610 0.013676 0.022127 0.033766 0.047864 0.063897 0.079569 0.091684 0.099476 0.101715 0.096153 0.086127 0.072383 0.057202 0.042621 0.029705 0.019606 0.012138 0.007079 0.004005 0.002023 0.001060 0.000482 0.000215 0.000077 0.000039 0.000016 0.000003 0.000002 0.000000 0.000000 0.000000 0.000000 0.000000 0.000000 0.000000 0.000000 
t: 0.033333333333 start: 31 end: 76 0.000001 0.000009 0.000020 0.000068 0.000164 0.000428 0.000948 0.002026 0.003918 0.007466 0.012905 0.021112 0.031946 0.045363 0.060389 0.075205 0.087616 0.096384 0.099147 0.096089 0.087046 0.075286 0.060300 0.046963 0.033035 0.022369 0.014391 0.008877 0.005096 0.002725 0.001448 0.000739 0.000309 0.000128 0.000055 0.000020 0.000006 0.000003 0.000000 0.000000 0.000000 0.000000 0.000000 0.000000 0.000000 0.000000 
t: 0.031578947368 start: 33 end: 79 0.000004 0.000011 0.000037 0.000075 0.000175 0.000456 0.000986 0.002076 0.004000 0.007426 0.012761 0.020252 0.030427 0.043511 0.057890 0.071986 0.084533 0.093470 0.097238 0.094784 0.087789 0.076543 0.063143 0.049203 0.036087 0.025020 0.016380 0.010492 0.006139 0.003532 0.001826 0.000966 0.000463 0.000178 0.000092 0.000034 0.000012 0.000002 0.000001 0.000000 0.000000 0.000000 0.000000 0.000000 0.000000 0.000000 0.000000 
t: 0.030000000000 start: 35 end: 82 0.000004 0.000017 0.000035 0.000081 0.000218 0.000485 0.001074 0.002137 0.004235 0.007537 0.012617 0.020258 0.029907 0.042238 0.055664 0.069713 0.081931 0.090649 0.095270 0.093381 0.087480 0.077260 0.064921 0.051458 0.038278 0.027318 0.018080 0.011819 0.007253 0.004111 0.002335 0.001214 0.000550 0.000259 0.000129 0.000050 0.000023 0.000008 0.000002 0.000001 0.000000 0.000000 0.000000 0.000000 0.000000 0.000000 0.000000 0.000000 
t: 0.028571428571 start: 37 end: 86 0.000009 0.000015 0.000051 0.000092 0.000255 0.000514 0.001180 0.002434 0.004322 0.007642 0.012907 0.020336 0.029533 0.041667 0.054977 0.067572 0.079899 0.088937 0.092583 0.092031 0.086620 0.077676 0.066334 0.052541 0.039785 0.028992 0.019705 0.012965 0.008127 0.004873 0.002706 0.001417 0.000691 0.000342 0.000156 0.000076 0.000019 0.000012 0.000004 0.000001 0.000001 0.000000 0.000001 0.000000 0.000000 0.000000 0.000000 0.000000 0.000000 0.000000 
t: 0.027272727273 start: 37 end: 88 0.000001 0.000002 0.000006 0.000023 0.000052 0.000112 0.000271 0.000659 0.001333 0.002535 0.004624 0.008148 0.013340 0.020398 0.030009 0.041421 0.054121 0.067024 0.078390 0.086727 0.091011 0.090928 0.086096 0.077115 0.065710 0.053503 0.041139 0.030113 0.020746 0.013816 0.008869 0.005446 0.003009 0.001633 0.000857 0.000437 0.000217 0.000099 0.000034 0.000015 0.000005 0.000004 0.000000 0.000001 0.000000 0.000000 0.000001 0.000000 0.000000 0.000000 0.000000 0.000000 
t: 0.026086956522 start: 40 end: 90 0.000005 0.000015 0.000019 0.000056 0.000173 0.000342 0.000714 0.001483 0.002834 0.004994 0.008580 0.013990 0.021294 0.030285 0.042365 0.053872 0.066303 0.077259 0.085364 0.089642 0.089658 0.085085 0.076142 0.065585 0.053179 0.041755 0.030412 0.021784 0.014619 0.009321 0.005702 0.003346 0.001826 0.001026 0.000534 0.000255 0.000100 0.000048 0.000018 0.000009 0.000003 0.000003 0.000000 0.000000 0.000001 0.000000 0.000000 0.000000 0.000000 0.000000 0.000000 
t: 0.025000000000 start: 42 end: 93 0.000004 0.000014 0.000037 0.000089 0.000197 0.000410 0.000861 0.001678 0.003074 0.005586 0.009255 0.014826 0.021964 0.031497 0.042560 0.054357 0.066445 0.076738 0.084432 0.088598 0.088141 0.083100 0.075059 0.065228 0.052984 0.041747 0.030896 0.021671 0.014963 0.009854 0.005905 0.003565 0.002045 0.001100 0.000602 0.000280 0.000142 0.000058 0.000018 0.000010 0.000005 0.000003 0.000001 0.000001 0.000000 0.000000 0.000000 0.000000 0.000000 0.000000 0.000000 0.000000 
t: 0.024000000000 start: 44 end: 94 0.000011 0.000021 0.000029 0.000101 0.000260 0.000476 0.001036 0.001921 0.003502 0.006141 0.010070 0.015826 0.023204 0.032635 0.043733 0.055412 0.066634 0.076638 0.083994 0.087425 0.086590 0.082040 0.073678 0.063319 0.052280 0.040790 0.031029 0.021931 0.015016 0.009871 0.006244 0.003623 0.002159 0.001165 0.000608 0.000338 0.000143 0.000059 0.000025 0.000014 0.000005 0.000001 0.000000 0.000003 0.000000 0.000000 0.000000 0.000000 0.000000 0.000000 0.000000 
t: 0.023076923077 start: 45 end: 98 0.000005 0.000009 0.000022 0.000059 0.000141 0.000311 0.000579 0.001162 0.002285 0.004108 0.006981 0.010955 0.017090 0.024779 0.034204 0.045039 0.057125 0.067607 0.076375 0.083199 0.085727 0.085271 0.080658 0.071622 0.062267 0.051384 0.039749 0.030188 0.021616 0.015057 0.009879 0.006241 0.003620 0.002182 0.001241 0.000649 0.000332 0.000167 0.000065 0.000031 0.000010 0.000003 0.000003 0.000001 0.000001 0.000001 0.000000 0.000000 0.000000 0.000000 0.000000 0.000000 0.000000 0.000000 
t: 0.022222222222 start: 45 end: 100 0.000001 0.000001 0.000001 0.000021 0.000032 0.000089 0.000179 0.000356 0.000758 0.001447 0.002693 0.004764 0.007824 0.012342 0.018592 0.026551 0.035967 0.046903 0.058533 0.068394 0.076955 0.082562 0.084941 0.083567 0.078684 0.069934 0.060712 0.049355 0.038821 0.029239 0.021142 0.014659 0.009517 0.006066 0.003710 0.002139 0.001251 0.000671 0.000326 0.000180 0.000063 0.000036 0.000007 0.000008 0.000004 0.000001 0.000001 0.000000 0.000001 0.000000 0.000000 0.000000 0.000000 0.000000 0.000000 0.000000 
t: 0.021428571428 start: 48 end: 102 0.000002 0.000009 0.000021 0.000042 0.000110 0.000240 0.000460 0.000991 0.001779 0.003199 0.005463 0.008993 0.013999 0.020314 0.028320 0.038342 0.049287 0.059778 0.069463 0.077443 0.082402 0.084176 0.081600 0.076434 0.068709 0.057990 0.047566 0.037302 0.028085 0.020145 0.013985 0.009334 0.005805 0.003537 0.002112 0.001278 0.000639 0.000339 0.000182 0.000072 0.000035 0.000008 0.000004 0.000003 0.000001 0.000001 0.000001 0.000000 0.000000 0.000000 0.000000 0.000000 0.000000 0.000000 0.000000 
t: 0.020689655172 start: 49 end: 103 0.000003 0.000002 0.000007 0.000020 0.000086 0.000135 0.000331 0.000644 0.001185 0.002243 0.003809 0.006628 0.010156 0.015418 0.022351 0.030913 0.040723 0.051449 0.061270 0.070807 0.078153 0.082267 0.082896 0.080063 0.074627 0.065636 0.055424 0.046013 0.035539 0.026549 0.018999 0.013320 0.008905 0.005545 0.003412 0.002031 0.001154 0.000651 0.000345 0.000157 0.000079 0.000035 0.000014 0.000003 0.000001 0.000001 0.000001 0.000000 0.000000 0.000000 0.000000 0.000000 0.000000 0.000000 0.000000 
t: 0.020000000000 start: 50 end: 104 0.000001 0.000003 0.000006 0.000015 0.000042 0.000094 0.000191 0.000397 0.000835 0.001520 0.002711 0.004744 0.007771 0.011776 0.017016 0.024961 0.033558 0.043292 0.053705 0.063630 0.072466 0.078711 0.081724 0.081286 0.078493 0.071449 0.063409 0.053157 0.043295 0.033555 0.024966 0.017707 0.012645 0.008205 0.005179 0.003264 0.001880 0.001098 0.000606 0.000319 0.000174 0.000081 0.000043 0.000014 0.000003 0.000002 0.000000 0.000000 0.000001 0.000000 0.000000 0.000000 0.000000 0.000000 0.000000 
t: 0.019354838710 start: 50 end: 104 0.000001 0.000000 0.000000 0.000004 0.000011 0.000021 0.000059 0.000136 0.000267 0.000537 0.001095 0.002002 0.003378 0.005743 0.008868 0.013527 0.019797 0.027357 0.036466 0.046377 0.056322 0.065930 0.073611 0.078970 0.081422 0.079864 0.075923 0.068777 0.060342 0.050683 0.040830 0.031221 0.023248 0.016512 0.011407 0.007688 0.004756 0.002947 0.001760 0.000994 0.000556 0.000301 0.000162 0.000070 0.000037 0.000016 0.000003 0.000001 0.000000 0.000000 0.000000 0.000001 0.000000 0.000000 0.000000 
t: 0.018750000000 start: 53 end: 109 0.000003 0.000003 0.000008 0.000020 0.000034 0.000087 0.000180 0.000376 0.000747 0.001422 0.002549 0.004203 0.006898 0.010552 0.015741 0.022240 0.030418 0.039498 0.049729 0.059387 0.068017 0.074793 0.079006 0.080327 0.078542 0.073468 0.065805 0.056893 0.047412 0.038028 0.029033 0.021316 0.015238 0.010597 0.006932 0.004389 0.002616 0.001578 0.000906 0.000489 0.000272 0.000140 0.000065 0.000025 0.000012 0.000003 0.000001 0.000000 0.000001 0.000001 0.000000 0.000000 0.000000 0.000000 0.000000 0.000000 0.000000 
t: 0.018181818182 start: 53 end: 112 0.000001 0.000002 0.000003 0.000005 0.000011 0.000023 0.000066 0.000139 0.000237 0.000552 0.001007 0.001789 0.003248 0.005233 0.008324 0.012479 0.018355 0.025109 0.033448 0.043305 0.053077 0.062247 0.069943 0.075870 0.078952 0.079089 0.076230 0.070758 0.062435 0.053509 0.044187 0.035249 0.026612 0.019659 0.013865 0.009471 0.006076 0.003968 0.002388 0.001399 0.000771 0.000465 0.000237 0.000109 0.000052 0.000030 0.000009 0.000003 0.000001 0.000001 0.000001 0.000001 0.000000 0.000000 0.000000 0.000000 0.000000 0.000000 0.000000 0.000000 
t: 0.017647058823 start: 54 end: 113 0.000001 0.000000 0.000001 0.000006 0.000006 0.000014 0.000046 0.000100 0.000175 0.000379 0.000704 0.001376 0.002446 0.004059 0.006504 0.009921 0.014791 0.021018 0.028541 0.037494 0.046909 0.056070 0.064849 0.072071 0.076927 0.078600 0.077183 0.073844 0.067374 0.059161 0.049991 0.040957 0.032009 0.024349 0.017714 0.012350 0.008380 0.005478 0.003381 0.002103 0.001271 0.000704 0.000376 0.000183 0.000104 0.000035 0.000026 0.000010 0.000004 0.000001 0.000002 0.000001 0.000001 0.000000 0.000000 0.000000 0.000000 0.000000 0.000000 0.000000 
t: 0.017142857143 start: 57 end: 114 0.000004 0.000002 0.000003 0.000012 0.000024 0.000073 0.000129 0.000269 0.000536 0.000989 0.001873 0.003109 0.005114 0.008019 0.011973 0.017599 0.024288 0.032169 0.041060 0.050589 0.059500 0.067725 0.073827 0.076819 0.077730 0.075578 0.071078 0.063779 0.055440 0.046267 0.037528 0.029305 0.021761 0.015797 0.010805 0.007287 0.004789 0.003043 0.001840 0.001092 0.000579 0.000292 0.000144 0.000084 0.000038 0.000024 0.000007 0.000004 0.000003 0.000000 0.000000 0.000000 0.000001 0.000000 0.000000 0.000000 0.000000 0.000000 
t: 0.016666666667 start: 57 end: 116 0.000001 0.000001 0.000000 0.000005 0.000009 0.000021 0.000047 0.000098 0.000222 0.000378 0.000744 0.001413 0.002419 0.004088 0.006372 0.009912 0.014461 0.020576 0.027872 0.036093 0.045199 0.054457 0.062800 0.069998 0.074555 0.076849 0.076853 0.072865 0.067953 0.060186 0.051968 0.042583 0.033660 0.026359 0.019403 0.013715 0.009447 0.006383 0.004023 0.002598 0.001550 0.000857 0.000467 0.000273 0.000132 0.000066 0.000041 0.000016 0.000007 0.000002 0.000001 0.000001 0.000000 0.000001 0.000000 0.000000 0.000000 0.000000 0.000000 0.000000 
t: 0.016216216216 start: 59 end: 116 0.000001 0.000000 0.000002 0.000008 0.000017 0.000031 0.000077 0.000168 0.000310 0.000591 0.001050 0.001939 0.003224 0.005284 0.007985 0.012274 0.017261 0.023796 0.031698 0.040644 0.049380 0.058084 0.065651 0.071608 0.075224 0.076684 0.075220 0.070527 0.064425 0.056001 0.047517 0.038884 0.030461 0.023163 0.016906 0.011910 0.008182 0.005374 0.003520 0.002096 0.001259 0.000759 0.000377 0.000209 0.000116 0.000043 0.000041 0.000013 0.000003 0.000000 0.000002 0.000000 0.000001 0.000000 0.000000 0.000000 0.000000 0.000000 
t: 0.015789473684 start: 61 end: 119 0.000001 0.000003 0.000003 0.000010 0.000025 0.000059 0.000123 0.000231 0.000447 0.000825 0.001542 0.002657 0.004227 0.006592 0.010145 0.014657 0.020583 0.028043 0.035948 0.044699 0.053447 0.061815 0.068278 0.073360 0.075569 0.076217 0.072548 0.066802 0.060317 0.052004 0.043490 0.034960 0.026922 0.020087 0.014680 0.010233 0.007025 0.004598 0.002862 0.001708 0.001026 0.000585 0.000305 0.000166 0.000093 0.000048 0.000022 0.000006 0.000005 0.000001 0.000000 0.000000 0.000000 0.000001 0.000000 0.000000 0.000000 0.000000 0.000000 
t: 0.015384615385 start: 63 end: 121 0.000003 0.000003 0.000007 0.000029 0.000047 0.000088 0.000181 0.000347 0.000702 0.001251 0.002156 0.003441 0.005470 0.008682 0.012464 0.017632 0.024489 0.032002 0.040515 0.049247 0.057562 0.064962 0.070337 0.074747 0.075501 0.073727 0.069817 0.063293 0.055903 0.047650 0.039541 0.030905 0.023498 0.017484 0.012494 0.008776 0.005828 0.003756 0.002259 0.001373 0.000861 0.000451 0.000238 0.000129 0.000086 0.000037 0.000020 0.000006 0.000001 0.000001 0.000000 0.000001 0.000000 0.000000 0.000000 0.000000 0.000000 0.000000 0.000000 
t: 0.015000000000 start: 63 end: 121 0.000002 0.000000 0.000006 0.000006 0.000012 0.000042 0.000071 0.000157 0.000242 0.000575 0.001045 0.001720 0.002881 0.004673 0.007134 0.010674 0.015437 0.021399 0.028511 0.036557 0.045291 0.053416 0.061312 0.067888 0.072625 0.074949 0.074180 0.072054 0.065965 0.059137 0.051404 0.043035 0.035320 0.027057 0.020368 0.014836 0.010653 0.007101 0.004791 0.003090 0.001838 0.001108 0.000641 0.000382 0.000211 0.000091 0.000056 0.000037 0.000012 0.000006 0.000001 0.000001 0.000000 0.000000 0.000000 0.000000 0.000000 0.000000 0.000000 
t: 0.014634146341 start: 64 end: 123 0.000002 0.000000 0.000002 0.000006 0.000017 0.000024 0.000064 0.000110 0.000212 0.000465 0.000875 0.001446 0.002406 0.004033 0.006083 0.009102 0.013498 0.019035 0.025446 0.032905 0.041122 0.049853 0.058187 0.064807 0.070341 0.073540 0.074235 0.072746 0.068467 0.062082 0.055111 0.046799 0.038358 0.030603 0.023407 0.017658 0.012477 0.008854 0.005932 0.003844 0.002454 0.001472 0.000811 0.000536 0.000254 0.000156 0.000083 0.000046 0.000019 0.000008 0.000005 0.000001 0.000001 0.000000 0.000000 0.000000 0.000000 0.000000 0.000000 0.000000 
t: 0.014285714286 start: 67 end: 124 0.000007 0.000002 0.000010 0.000024 0.000057 0.000099 0.000178 0.000352 0.000695 0.001231 0.002026 0.003368 0.005308 0.008037 0.011869 0.016659 0.022972 0.029557 0.037883 0.046214 0.054411 0.061876 0.068107 0.072137 0.073818 0.073245 0.070137 0.064386 0.057795 0.050222 0.042124 0.033762 0.026494 0.019986 0.014773 0.010551 0.007233 0.004717 0.003076 0.001928 0.001175 0.000694 0.000367 0.000213 0.000110 0.000063 0.000025 0.000011 0.000010 0.000006 0.000000 0.000000 0.000000 0.000000 0.000000 0.000000 0.000000 0.000000 
t: 0.013953488372 start: 67 end: 126 0.000002 0.000002 0.000004 0.000007 0.000018 0.000046 0.000068 0.000170 0.000301 0.000579 0.001059 0.001730 0.002842 0.004600 0.007134 0.010255 0.014846 0.020423 0.027096 0.035088 0.042698 0.051442 0.058706 0.065163 0.070280 0.072974 0.073180 0.071260 0.066625 0.060550 0.053244 0.045042 0.037203 0.029254 0.022823 0.017090 0.012128 0.008614 0.005709 0.003800 0.002386 0.001522 0.000897 0.000528 0.000279 0.000149 0.000092 0.000050 0.000018 0.000016 0.000005 0.000003 0.000000 0.000000 0.000000 0.000000 0.000000 0.000000 0.000000 0.000000 
t: 0.013636363636 start: 67 end: 125 0.000001 0.000000 0.000000 0.000005 0.000007 0.000014 0.000028 0.000058 0.000140 0.000257 0.000487 0.000902 0.001472 0.002473 0.004011 0.006125 0.009337 0.013179 0.018456 0.024762 0.032018 0.040189 0.047727 0.055773 0.063127 0.067931 0.072255 0.072765 0.071554 0.068487 0.062507 0.056058 0.047927 0.040264 0.032420 0.025170 0.019062 0.014099 0.009936 0.006974 0.004631 0.002905 0.001871 0.001133 0.000715 0.000336 0.000197 0.000137 0.000061 0.000032 0.000017 0.000005 0.000003 0.000000 0.000000 0.000000 0.000000 0.000000 0.000000 
t: 0.013333333333 start: 68 end: 128 0.000001 0.000000 0.000001 0.000001 0.000008 0.000008 0.000027 0.000056 0.000104 0.000217 0.000414 0.000766 0.001300 0.002185 0.003566 0.005507 0.008099 0.011875 0.016735 0.022767 0.029707 0.036692 0.045354 0.052826 0.060424 0.066368 0.070151 0.072635 0.072205 0.069029 0.064633 0.058290 0.051057 0.043095 0.035029 0.027410 0.021329 0.015984 0.011489 0.008026 0.005530 0.003549 0.002264 0.001419 0.000820 0.000466 0.000255 0.000157 0.000090 0.000038 0.000023 0.000015 0.000003 0.000001 0.000000 0.000000 0.000000 0.000000 0.000000 0.000000 0.000000 
t: 0.013043478261 start: 71 end: 131 0.000001 0.000002 0.000002 0.000011 0.000018 0.000053 0.000097 0.000179 0.000344 0.000672 0.001146 0.001974 0.003157 0.004850 0.007309 0.010766 0.015330 0.020822 0.027470 0.034351 0.042264 0.050273 0.058357 0.064289 0.068908 0.071284 0.072009 0.069968 0.065993 0.060464 0.053528 0.045647 0.037229 0.030222 0.023468 0.018009 0.012924 0.009148 0.006214 0.004339 0.002821 0.001637 0.001066 0.000612 0.000350 0.000195 0.000112 0.000060 0.000025 0.000021 0.000005 0.000004 0.000000 0.000001 0.000000 0.000000 0.000000 0.000000 0.000000 0.000000 0.000000 
t: 0.012765957447 start: 74 end: 133 0.000004 0.000008 0.000011 0.000048 0.000089 0.000148 0.000323 0.000589 0.001066 0.001702 0.002868 0.004441 0.006644 0.009885 0.013896 0.019177 0.025199 0.032389 0.039861 0.047795 0.055594 0.062190 0.067730 0.070252 0.071818 0.070449 0.067223 0.061878 0.055478 0.048050 0.039990 0.032693 0.025537 0.019510 0.014475 0.010555 0.007140 0.004977 0.003245 0.002095 0.001244 0.000757 0.000448 0.000245 0.000126 0.000077 0.000039 0.000023 0.000009 0.000005 0.000002 0.000003 0.000000 0.000000 0.000000 0.000000 0.000000 0.000000 0.000000 0.000000 
t: 0.012500000000 start: 74 end: 136 0.000001 0.000004 0.000004 0.000012 0.000035 0.000085 0.000156 0.000263 0.000552 0.000904 0.001542 0.002606 0.004003 0.006109 0.008956 0.012807 0.017823 0.023344 0.030388 0.037941 0.045541 0.053075 0.060421 0.065613 0.069635 0.071115 0.070791 0.067946 0.063247 0.057470 0.049851 0.042440 0.034789 0.027599 0.021523 0.016100 0.011642 0.008252 0.005611 0.003688 0.002466 0.001502 0.000947 0.000532 0.000291 0.000173 0.000099 0.000053 0.000025 0.000015 0.000005 0.000005 0.000001 0.000001 0.000001 0.000000 0.000000 0.000000 0.000000 0.000000 0.000000 0.000000 0.000000 
t: 0.012244897959 start: 74 end: 137 0.000001 0.000001 0.000002 0.000004 0.000013 0.000034 0.000062 0.000145 0.000264 0.000492 0.000820 0.001416 0.002353 0.003714 0.005636 0.008336 0.011787 0.016367 0.021919 0.028629 0.035976 0.043467 0.051250 0.058122 0.063952 0.068484 0.070623 0.070580 0.068388 0.064691 0.058744 0.051836 0.044786 0.036901 0.029690 0.023097 0.017386 0.013006 0.009188 0.006341 0.004328 0.002884 0.001750 0.001084 0.000599 0.000384 0.000210 0.000134 0.000056 0.000034 0.000018 0.000007 0.000006 0.000001 0.000001 0.000001 0.000000 0.000000 0.000000 0.000000 0.000000 0.000000 0.000000 0.000000 
t: 0.012000000000 start: 74 end: 137 0.000001 0.000000 0.000002 0.000002 0.000003 0.000012 0.000026 0.000054 0.000121 0.000259 0.000452 0.000781 0.001234 0.002149 0.003489 0.005161 0.007673 0.011005 0.015208 0.020633 0.027369 0.034092 0.041574 0.049219 0.056550 0.062309 0.067308 0.069758 0.070446 0.068852 0.065566 0.059774 0.053852 0.046354 0.038827 0.031428 0.024895 0.019011 0.014064 0.010275 0.007105 0.004881 0.003230 0.002018 0.001193 0.000757 0.000469 0.000249 0.000158 0.000063 0.000046 0.000026 0.000007 0.000004 0.000004 0.000001 0.000001 0.000000 0.000000 0.000000 0.000000 0.000000 0.000000 0.000000 
t: 0.011764705882 start: 75 end: 137 0.000001 0.000000 0.000000 0.000002 0.000004 0.000014 0.000025 0.000049 0.000103 0.000241 0.000437 0.000673 0.001182 0.002001 0.003165 0.004752 0.007295 0.010210 0.014290 0.019596 0.025713 0.032415 0.040175 0.047536 0.054997 0.061191 0.065351 0.068939 0.070324 0.068990 0.066157 0.060783 0.055517 0.047998 0.040627 0.032963 0.026649 0.020578 0.015193 0.011111 0.007834 0.005481 0.003610 0.002331 0.001435 0.000878 0.000505 0.000310 0.000174 0.000096 0.000039 0.000035 0.000017 0.000004 0.000002 0.000001 0.000000 0.000001 0.000000 0.000000 0.000000 0.000000 0.000000 
t: 0.011538461538 start: 76 end: 139 0.000001 0.000000 0.000000 0.000003 0.000004 0.000012 0.000029 0.000048 0.000101 0.000204 0.000359 0.000648 0.001125 0.001826 0.002913 0.004516 0.006742 0.009825 0.013351 0.018659 0.024347 0.031413 0.038359 0.046137 0.053477 0.059290 0.064767 0.067973 0.069711 0.069063 0.066443 0.062095 0.056320 0.050062 0.041864 0.034617 0.028023 0.021735 0.016554 0.012052 0.008732 0.005831 0.004130 0.002570 0.001708 0.000980 0.000594 0.000358 0.000203 0.000095 0.000058 0.000037 0.000022 0.000008 0.000003 0.000001 0.000001 0.000001 0.000000 0.000000 0.000000 0.000000 0.000000 0.000000 
t: 0.011320754717 start: 77 end: 140 0.000001 0.000000 0.000001 0.000004 0.000000 0.000015 0.000022 0.000046 0.000080 0.000195 0.000330 0.000639 0.001050 0.001668 0.002846 0.004234 0.006280 0.009351 0.012806 0.017755 0.023367 0.029721 0.037466 0.044658 0.051691 0.058192 0.063771 0.067076 0.068986 0.069159 0.066579 0.063150 0.057821 0.050791 0.043363 0.036077 0.029573 0.022935 0.017430 0.013102 0.009233 0.006466 0.004525 0.003000 0.001844 0.001126 0.000666 0.000414 0.000227 0.000126 0.000066 0.000034 0.000017 0.000017 0.000002 0.000003 0.000001 0.000002 0.000000 0.000000 0.000000 0.000000 0.000000 0.000000 
t: 0.011111111111 start: 79 end: 143 0.000001 0.000000 0.000002 0.000008 0.000007 0.000021 0.000039 0.000089 0.000164 0.000328 0.000569 0.000956 0.001745 0.002593 0.003933 0.006131 0.008849 0.012203 0.016720 0.022672 0.028834 0.035970 0.043268 0.050196 0.057353 0.062433 0.066678 0.068610 0.068918 0.066858 0.063577 0.058799 0.052081 0.044438 0.037547 0.030678 0.024165 0.018429 0.013863 0.009981 0.007116 0.004865 0.003209 0.002037 0.001249 0.000801 0.000455 0.000257 0.000143 0.000072 0.000035 0.000024 0.000012 0.000008 0.000008 0.000001 0.000001 0.000001 0.000000 0.000000 0.000000 0.000000 0.000000 0.000000 0.000000 
t: 0.010909090909 start: 81 end: 145 0.000001 0.000004 0.000005 0.000007 0.000019 0.000046 0.000073 0.000165 0.000309 0.000524 0.000986 0.001527 0.002543 0.003819 0.005780 0.008344 0.011962 0.016258 0.021686 0.028059 0.034770 0.042182 0.049251 0.055904 0.061631 0.065623 0.068369 0.068715 0.067064 0.064111 0.059161 0.052683 0.045852 0.038893 0.031535 0.025254 0.019580 0.014436 0.010791 0.007576 0.005290 0.003497 0.002290 0.001394 0.000875 0.000511 0.000304 0.000162 0.000058 0.000050 0.000033 0.000012 0.000013 0.000005 0.000004 0.000003 0.000001 0.000000 0.000000 0.000000 0.000000 0.000000 0.000000 0.000000 0.000000 
t: 0.010714285714 start: 82 end: 146 0.000001 0.000003 0.000005 0.000009 0.000022 0.000041 0.000073 0.000149 0.000306 0.000540 0.000896 0.001494 0.002406 0.003724 0.005644 0.008037 0.011509 0.015562 0.021191 0.027059 0.033839 0.041161 0.048407 0.054795 0.060774 0.064837 0.067940 0.068334 0.067474 0.064316 0.059560 0.053605 0.046766 0.039618 0.032935 0.026262 0.020237 0.015363 0.011314 0.008037 0.005663 0.003858 0.002440 0.001564 0.000931 0.000573 0.000333 0.000161 0.000106 0.000061 0.000025 0.000015 0.000013 0.000005 0.000002 0.000004 0.000000 0.000000 0.000001 0.000000 0.000000 0.000000 0.000000 0.000000 0.000000 
t: 0.010526315789 start: 84 end: 148 0.000002 0.000003 0.000010 0.000021 0.000038 0.000087 0.000157 0.000293 0.000489 0.000865 0.001503 0.002307 0.003585 0.005509 0.007821 0.011121 0.015420 0.020409 0.026270 0.033123 0.040111 0.047276 0.054445 0.059521 0.064640 0.067137 0.068174 0.067528 0.064559 0.059945 0.054354 0.047613 0.040560 0.033640 0.027020 0.021165 0.016041 0.011676 0.008656 0.006074 0.004047 0.002702 0.001652 0.000991 0.000619 0.000371 0.000189 0.000128 0.000054 0.000037 0.000014 0.000013 0.000007 0.000004 0.000001 0.000001 0.000002 0.000000 0.000000 0.000000 0.000000 0.000000 0.000000 0.000000 0.000000 
t: 0.010344827586 start: 84 end: 148 0.000002 0.000000 0.000003 0.000012 0.000016 0.000041 0.000094 0.000160 0.000262 0.000503 0.000886 0.001469 0.002206 0.003595 0.005138 0.007646 0.011026 0.014980 0.019962 0.025757 0.032378 0.039507 0.046517 0.053453 0.059167 0.063714 0.066681 0.068318 0.067053 0.064632 0.060191 0.055082 0.048391 0.041277 0.034188 0.027889 0.021981 0.016591 0.012233 0.009021 0.006377 0.004357 0.002811 0.001753 0.001102 0.000668 0.000401 0.000231 0.000132 0.000071 0.000030 0.000019 0.000013 0.000005 0.000004 0.000001 0.000000 0.000002 0.000001 0.000000 0.000000 0.000000 0.000000 0.000000 0.000000 
t: 0.010169491525 start: 86 end: 149 0.000001 0.000002 0.000008 0.000022 0.000041 0.000102 0.000139 0.000292 0.000470 0.000863 0.001425 0.002253 0.003393 0.005131 0.007457 0.010703 0.014816 0.019520 0.025395 0.032099 0.038459 0.045969 0.052775 0.058401 0.063353 0.066306 0.067998 0.067217 0.064744 0.060637 0.055296 0.048501 0.042139 0.034878 0.028515 0.022238 0.017361 0.012796 0.009315 0.006580 0.004621 0.002986 0.001895 0.001196 0.000717 0.000413 0.000256 0.000147 0.000077 0.000035 0.000018 0.000016 0.000007 0.000002 0.000000 0.000003 0.000000 0.000001 0.000000 0.000000 0.000000 0.000000 0.000000 0.000000 
t: 0.010000000000 start: 87 end: 150 0.000001 0.000002 0.000013 0.000017 0.000050 0.000081 0.000149 0.000283 0.000468 0.000890 0.001412 0.002193 0.003428 0.005014 0.007468 0.010611 0.014376 0.019106 0.024988 0.031671 0.038376 0.044984 0.052148 0.058037 0.062731 0.065830 0.067922 0.067446 0.064739 0.060886 0.055184 0.049398 0.042414 0.035388 0.028900 0.022917 0.017788 0.013214 0.009532 0.006980 0.004716 0.003170 0.002047 0.001231 0.000743 0.000445 0.000293 0.000149 0.000073 0.000046 0.000029 0.000009 0.000007 0.000003 0.000003 0.000000 0.000001 0.000000 0.000000 0.000000 0.000000 0.000000 0.000000 0.000000 
t: 0.008448275866 start: 96 end: 161 0.000001 0.000001 0.000007 0.000017 0.000020 0.000038 0.000076 0.000150 0.000234 0.000455 0.000741 0.001144 0.001813 0.002759 0.004222 0.006138 0.008802 0.012107 0.016138 0.020892 0.026360 0.032861 0.039120 0.045574 0.051928 0.057092 0.061975 0.064044 0.065891 0.064793 0.062548 0.059348 0.054128 0.047961 0.041404 0.034642 0.028589 0.022831 0.017761 0.013829 0.010061 0.007211 0.004967 0.003289 0.002355 0.001424 0.000918 0.000570 0.000328 0.000195 0.000117 0.000065 0.000032 0.000016 0.000010 0.000005 0.000002 0.000001 0.000000 0.000000 0.000000 0.000000 0.000000 0.000000 0.000000 0.000000 
t: 0.007313432839 start: 105 end: 171 0.000001 0.000003 0.000008 0.000015 0.000023 0.000041 0.000086 0.000147 0.000253 0.000425 0.000725 0.001133 0.001779 0.002745 0.004101 0.005840 0.008343 0.011341 0.015170 0.019898 0.024696 0.030937 0.036929 0.043033 0.049032 0.054690 0.059007 0.062376 0.064171 0.064317 0.062158 0.059542 0.054753 0.049780 0.043588 0.037305 0.031559 0.025411 0.019988 0.015772 0.011709 0.008650 0.006293 0.004262 0.002893 0.001931 0.001238 0.000773 0.000463 0.000293 0.000175 0.000082 0.000055 0.000033 0.000018 0.000006 0.000003 0.000000 0.000001 0.000000 0.000000 0.000001 0.000000 0.000000 0.000000 0.000000 0.000000 
t: 0.006447368423 start: 113 end: 179 0.000002 0.000006 0.000008 0.000003 0.000028 0.000053 0.000090 0.000159 0.000287 0.000517 0.000728 0.001159 0.001803 0.002803 0.004100 0.005941 0.008309 0.011392 0.014808 0.019350 0.024314 0.030451 0.036045 0.042044 0.047613 0.052999 0.057836 0.061339 0.063012 0.062965 0.062107 0.059204 0.054915 0.050496 0.044369 0.038232 0.032616 0.026493 0.021517 0.016736 0.012700 0.009425 0.006969 0.004769 0.003326 0.002202 0.001465 0.000936 0.000554 0.000356 0.000177 0.000119 0.000072 0.000042 0.000016 0.000013 0.000007 0.000002 0.000000 0.000001 0.000000 0.000000 0.000000 0.000000 0.000000 0.000000 0.000000 
t: 0.005764705884 start: 119 end: 187 0.000001 0.000003 0.000006 0.000007 0.000012 0.000032 0.000054 0.000092 0.000176 0.000290 0.000468 0.000737 0.001260 0.001825 0.002729 0.003947 0.005838 0.008052 0.010909 0.014547 0.018914 0.023483 0.029342 0.035045 0.040930 0.046579 0.052184 0.056548 0.059875 0.062429 0.062436 0.061608 0.059816 0.055467 0.051263 0.045448 0.039450 0.033538 0.027795 0.022349 0.017617 0.013372 0.010245 0.007465 0.005293 0.003725 0.002478 0.001658 0.001003 0.000687 0.000387 0.000254 0.000131 0.000089 0.000058 0.000023 0.000017 0.000006 0.000006 0.000001 0.000000 0.000001 0.000000 0.000000 0.000000 0.000000 0.000000 0.000000 0.000000 
t: 0.005212765959 start: 126 end: 193 0.000003 0.000006 0.000008 0.000019 0.000032 0.000047 0.000088 0.000157 0.000249 0.000398 0.000675 0.001065 0.001662 0.002586 0.003614 0.005207 0.007165 0.010061 0.013205 0.017497 0.022329 0.027190 0.032819 0.038740 0.044521 0.049964 0.054755 0.058835 0.061466 0.062463 0.061931 0.059724 0.057038 0.052790 0.047333 0.041645 0.035598 0.029932 0.024392 0.019375 0.015128 0.011311 0.008556 0.006079 0.004273 0.002944 0.001898 0.001253 0.000819 0.000470 0.000291 0.000175 0.000094 0.000058 0.000032 0.000018 0.000012 0.000003 0.000001 0.000000 0.000000 0.000001 0.000000 0.000000 0.000000 0.000000 0.000000 0.000000 
t: 0.004757281555 start: 132 end: 199 0.000005 0.000009 0.000007 0.000034 0.000031 0.000064 0.000100 0.000198 0.000298 0.000516 0.000759 0.001286 0.001953 0.002883 0.004143 0.006063 0.008361 0.010940 0.014625 0.018886 0.023755 0.029116 0.034518 0.040760 0.046460 0.051984 0.056371 0.059618 0.061622 0.061908 0.061350 0.058722 0.055621 0.051538 0.045469 0.039893 0.033658 0.027907 0.022475 0.017955 0.013751 0.010335 0.007686 0.005496 0.003863 0.002590 0.001659 0.001118 0.000670 0.000426 0.000213 0.000155 0.000087 0.000037 0.000024 0.000015 0.000006 0.000005 0.000001 0.000002 0.000000 0.000000 0.000000 0.000000 0.000000 0.000000 0.000000 0.000000 
t: 0.004375000001 start: 137 end: 205 0.000001 0.000006 0.000014 0.000018 0.000040 0.000053 0.000108 0.000160 0.000303 0.000478 0.000791 0.001237 0.001943 0.002759 0.004214 0.005768 0.007981 0.010810 0.014293 0.018437 0.023111 0.028668 0.034388 0.040080 0.045773 0.051502 0.055584 0.059471 0.061439 0.062204 0.061721 0.059356 0.055952 0.051537 0.046128 0.040208 0.034207 0.028452 0.023087 0.018369 0.014010 0.010686 0.007801 0.005631 0.003937 0.002663 0.001741 0.001180 0.000670 0.000436 0.000255 0.000156 0.000078 0.000053 0.000025 0.000014 0.000005 0.000005 0.000001 0.000001 0.000000 0.000000 0.000001 0.000000 0.000000 0.000000 0.000000 0.000000 0.000000 
t: 0.004049586778 start: 141 end: 208 0.000002 0.000005 0.000006 0.000012 0.000027 0.000031 0.000082 0.000119 0.000192 0.000352 0.000636 0.000966 0.001449 0.002271 0.003284 0.004689 0.006722 0.008953 0.012189 0.016163 0.020522 0.025549 0.030842 0.036607 0.042016 0.047950 0.053160 0.057557 0.060666 0.062306 0.062396 0.060772 0.058324 0.054399 0.049359 0.043606 0.037685 0.031673 0.026075 0.021062 0.016339 0.012809 0.009415 0.006758 0.004827 0.003253 0.002187 0.001431 0.000943 0.000597 0.000320 0.000194 0.000105 0.000074 0.000036 0.000020 0.000009 0.000002 0.000004 0.000001 0.000000 0.000000 0.000000 0.000000 0.000000 0.000000 0.000000 0.000000 
t: 0.003769230770 start: 144 end: 212 0.000002 0.000002 0.000003 0.000006 0.000015 0.000019 0.000031 0.000060 0.000117 0.000201 0.000303 0.000542 0.000848 0.001353 0.002077 0.003049 0.004380 0.006247 0.008699 0.011640 0.015277 0.019592 0.024716 0.029674 0.035798 0.041339 0.047154 0.052265 0.057387 0.060235 0.061586 0.062810 0.061471 0.058889 0.054809 0.050407 0.045078 0.038678 0.032760 0.027103 0.021820 0.017100 0.013004 0.009821 0.007146 0.004957 0.003368 0.002320 0.001500 0.000954 0.000593 0.000338 0.000196 0.000120 0.000063 0.000039 0.000023 0.000008 0.000006 0.000000 0.000001 0.000001 0.000000 0.000000 0.000000 0.000000 0.000000 0.000000 0.000000 
t: 0.003525179857 start: 149 end: 215 0.000001 0.000003 0.000009 0.000019 0.000016 0.000034 0.000064 0.000126 0.000230 0.000332 0.000540 0.000942 0.001492 0.002230 0.003193 0.004798 0.006530 0.009125 0.012392 0.015686 0.020470 0.025586 0.031052 0.037064 0.042739 0.048659 0.053416 0.057769 0.060950 0.062865 0.062507 0.060652 0.058895 0.054203 0.049219 0.043407 0.037762 0.031415 0.025882 0.020891 0.016199 0.012201 0.009026 0.006403 0.004624 0.003028 0.002042 0.001349 0.000802 0.000474 0.000294 0.000190 0.000089 0.000054 0.000037 0.000009 0.000008 0.000005 0.000000 0.000001 0.000000 0.000000 0.000000 0.000000 0.000000 0.000000 0.000000 
t: 0.003310810811 start: 153 end: 218 0.000004 0.000004 0.000008 0.000013 0.000028 0.000054 0.000102 0.000160 0.000263 0.000453 0.000733 0.001159 0.001742 0.002773 0.003945 0.005466 0.007899 0.010446 0.013939 0.018279 0.022818 0.028036 0.033997 0.040080 0.046237 0.051453 0.056312 0.060134 0.062240 0.063088 0.062158 0.059927 0.056402 0.052122 0.046512 0.040558 0.034203 0.028326 0.022968 0.018133 0.013741 0.010350 0.007489 0.005395 0.003457 0.002434 0.001591 0.000970 0.000570 0.000376 0.000195 0.000126 0.000058 0.000035 0.000022 0.000009 0.000005 0.000003 0.000000 0.000000 0.000000 0.000000 0.000000 0.000000 0.000000 0.000000 
t: 0.003121019109 start: 156 end: 222 0.000001 0.000002 0.000010 0.000013 0.000029 0.000034 0.000085 0.000139 0.000240 0.000418 0.000655 0.001055 0.001561 0.002424 0.003578 0.005226 0.007178 0.009873 0.013027 0.017047 0.021797 0.027425 0.032852 0.039135 0.044917 0.050288 0.055379 0.059586 0.062319 0.063795 0.063262 0.060850 0.057738 0.052621 0.047388 0.041935 0.035374 0.029317 0.023870 0.018803 0.014428 0.010736 0.007714 0.005506 0.003748 0.002455 0.001673 0.001008 0.000595 0.000412 0.000229 0.000140 0.000051 0.000028 0.000018 0.000006 0.000003 0.000003 0.000000 0.000001 0.000000 0.000000 0.000000 0.000000 0.000000 0.000000 0.000000 
t: 0.002951807229 start: 158 end: 223 0.000001 0.000002 0.000002 0.000005 0.000006 0.000031 0.000052 0.000085 0.000139 0.000260 0.000397 0.000597 0.001031 0.001557 0.002420 0.003564 0.005095 0.007203 0.009838 0.013276 0.017296 0.022119 0.027397 0.033041 0.038939 0.045602 0.051164 0.056106 0.060072 0.063218 0.063843 0.063406 0.061084 0.057467 0.052648 0.047381 0.041126 0.035331 0.028909 0.023347 0.018363 0.013851 0.010469 0.007340 0.005189 0.003567 0.002366 0.001532 0.000930 0.000585 0.000333 0.000222 0.000091 0.000061 0.000026 0.000012 0.000005 0.000000 0.000000 0.000001 0.000000 0.000000 0.000000 0.000000 0.000000 0.000000 
t: 0.002800000000 start: 159 end: 226 0.000001 0.000001 0.000000 0.000001 0.000001 0.000005 0.000015 0.000037 0.000050 0.000097 0.000154 0.000265 0.000424 0.000692 0.001109 0.001716 0.002631 0.003817 0.005583 0.007745 0.010430 0.014377 0.018555 0.023238 0.028950 0.034729 0.040788 0.046950 0.052640 0.057906 0.061640 0.063333 0.064211 0.063354 0.060828 0.056691 0.051653 0.045693 0.039338 0.033483 0.027384 0.021559 0.017021 0.012572 0.009176 0.006607 0.004454 0.002975 0.002008 0.001264 0.000807 0.000499 0.000246 0.000136 0.000098 0.000042 0.000010 0.000007 0.000002 0.000001 0.000001 0.000000 0.000000 0.000000 0.000000 0.000000 0.000000 0.000000 
t: 0.002663043479 start: 163 end: 228 0.000001 0.000000 0.000002 0.000002 0.000013 0.000024 0.000032 0.000065 0.000117 0.000192 0.000326 0.000507 0.000833 0.001357 0.002109 0.003058 0.004455 0.006248 0.008838 0.012256 0.015727 0.020679 0.025793 0.031673 0.037737 0.043691 0.050133 0.055438 0.059804 0.063010 0.064416 0.064753 0.062547 0.059093 0.054919 0.049069 0.043148 0.036612 0.030188 0.024121 0.019077 0.014600 0.010668 0.007632 0.005212 0.003609 0.002457 0.001540 0.000950 0.000557 0.000350 0.000177 0.000090 0.000057 0.000023 0.000011 0.000002 0.000001 0.000001 0.000000 0.000000 0.000000 0.000000 0.000000 0.000000 0.000000 
t: 0.002538860104 start: 166 end: 230 0.000001 0.000001 0.000003 0.000008 0.000017 0.000020 0.000050 0.000108 0.000141 0.000265 0.000398 0.000693 0.001117 0.001799 0.002639 0.003781 0.005389 0.007738 0.010656 0.014275 0.018791 0.023841 0.029370 0.035433 0.041877 0.048233 0.054016 0.058804 0.062533 0.064779 0.065052 0.063449 0.060793 0.056846 0.051471 0.045314 0.038848 0.032098 0.026280 0.020607 0.015857 0.011499 0.008464 0.005781 0.004015 0.002625 0.001704 0.001062 0.000654 0.000387 0.000205 0.000109 0.000052 0.000020 0.000019 0.000012 0.000001 0.000000 0.000000 0.000000 0.000000 0.000000 0.000000 0.000000 0.000000 
t: 0.002425742574 start: 168 end: 232 0.000001 0.000001 0.000004 0.000005 0.000012 0.000020 0.000047 0.000074 0.000131 0.000213 0.000362 0.000650 0.000973 0.001523 0.002395 0.003375 0.004972 0.007102 0.009998 0.013285 0.017710 0.022595 0.028236 0.034247 0.040568 0.046988 0.053532 0.058268 0.062523 0.064611 0.065099 0.064974 0.061935 0.058125 0.052758 0.046714 0.039942 0.033370 0.026959 0.021542 0.016185 0.012058 0.008703 0.005965 0.004205 0.002734 0.001747 0.001119 0.000628 0.000382 0.000211 0.000113 0.000062 0.000026 0.000016 0.000006 0.000000 0.000000 0.000000 0.000001 0.000000 0.000000 0.000000 0.000000 0.000000 
t: 0.002322274882 start: 170 end: 235 0.000001 0.000002 0.000002 0.000004 0.000014 0.000023 0.000032 0.000071 0.000111 0.000188 0.000367 0.000578 0.000943 0.001428 0.002167 0.003236 0.004850 0.006935 0.009536 0.012984 0.017146 0.022389 0.027738 0.034000 0.040573 0.046996 0.052875 0.058431 0.062493 0.065079 0.066400 0.064900 0.062617 0.058697 0.053305 0.047325 0.039858 0.033594 0.027033 0.021362 0.016303 0.012036 0.008612 0.005962 0.004023 0.002633 0.001701 0.001033 0.000643 0.000372 0.000178 0.000120 0.000047 0.000034 0.000015 0.000003 0.000000 0.000001 0.000001 0.000000 0.000000 0.000000 0.000000 0.000000 0.000000 0.000000 
t: 0.002227272727 start: 171 end: 236 0.000001 0.000000 0.000001 0.000001 0.000005 0.000011 0.000020 0.000039 0.000062 0.000116 0.000237 0.000330 0.000568 0.000942 0.001427 0.002197 0.003255 0.004793 0.006915 0.009791 0.013197 0.017312 0.022503 0.028304 0.034306 0.041029 0.047592 0.053460 0.059255 0.063579 0.065827 0.066621 0.065578 0.062800 0.058643 0.052690 0.046617 0.039356 0.032767 0.026542 0.020622 0.015649 0.011488 0.008211 0.005545 0.003757 0.002361 0.001557 0.000911 0.000546 0.000315 0.000189 0.000071 0.000053 0.000023 0.000008 0.000003 0.000001 0.000000 0.000001 0.000000 0.000000 0.000000 0.000000 0.000000 0.000000 
t: 0.002139737991 start: 173 end: 236 0.000001 0.000000 0.000002 0.000000 0.000010 0.000016 0.000013 0.000045 0.000079 0.000136 0.000203 0.000356 0.000611 0.000953 0.001520 0.002348 0.003450 0.005063 0.007258 0.010042 0.013820 0.018365 0.023163 0.029273 0.035724 0.042572 0.048904 0.055177 0.060244 0.064659 0.066619 0.067024 0.065526 0.062733 0.057865 0.051432 0.045153 0.038236 0.031426 0.024882 0.019444 0.014661 0.010411 0.007293 0.004927 0.003242 0.002091 0.001296 0.000804 0.000429 0.000252 0.000125 0.000066 0.000032 0.000009 0.000012 0.000002 0.000000 0.000000 0.000000 0.000001 0.000000 0.000000 0.000000 
t: 0.002058823530 start: 176 end: 240 0.000001 0.000000 0.000006 0.000007 0.000020 0.000018 0.000048 0.000073 0.000157 0.000237 0.000408 0.000664 0.001086 0.001677 0.002576 0.003676 0.005536 0.008053 0.011042 0.014815 0.019489 0.025079 0.031001 0.037653 0.044627 0.051162 0.057291 0.062235 0.065415 0.067624 0.067639 0.065036 0.061443 0.056381 0.049589 0.043193 0.035890 0.029223 0.022942 0.017568 0.013048 0.009222 0.006254 0.004151 0.002651 0.001757 0.001054 0.000586 0.000333 0.000186 0.000090 0.000046 0.000024 0.000010 0.000005 0.000001 0.000001 0.000000 0.000001 0.000000 0.000000 0.000000 0.000000 0.000000 0.000000 
t: 0.001983805668 start: 178 end: 242 0.000002 0.000003 0.000006 0.000008 0.000019 0.000026 0.000056 0.000102 0.000173 0.000305 0.000478 0.000754 0.001208 0.001884 0.002921 0.004443 0.006229 0.008833 0.012320 0.016592 0.021535 0.027346 0.033464 0.040430 0.047284 0.054203 0.059444 0.064401 0.067078 0.068282 0.067496 0.064130 0.059650 0.053868 0.047317 0.040225 0.033202 0.026313 0.020450 0.015213 0.011126 0.007651 0.005000 0.003364 0.002150 0.001353 0.000767 0.000412 0.000225 0.000137 0.000072 0.000027 0.000010 0.000009 0.000002 0.000000 0.000001 0.000000 0.000001 0.000000 0.000000 0.000000 0.000000 0.000000 0.000000 
t: 0.001914062500 start: 180 end: 243 0.000001 0.000004 0.000005 0.000010 0.000021 0.000034 0.000055 0.000133 0.000228 0.000329 0.000565 0.000928 0.001420 0.002300 0.003452 0.005109 0.007320 0.010372 0.014204 0.018833 0.024093 0.030081 0.037000 0.044076 0.050770 0.057134 0.062747 0.065971 0.068450 0.068742 0.066225 0.062339 0.057439 0.051098 0.043798 0.036689 0.029634 0.022802 0.017470 0.012873 0.008981 0.005883 0.004124 0.002619 0.001550 0.000948 0.000532 0.000302 0.000160 0.000076 0.000038 0.000018 0.000008 0.000004 0.000002 0.000000 0.000001 0.000000 0.000000 0.000000 0.000000 0.000000 0.000000 0.000000 
t: 0.001849056604 start: 181 end: 244 0.000002 0.000001 0.000007 0.000009 0.000013 0.000024 0.000048 0.000096 0.000158 0.000254 0.000477 0.000665 0.001149 0.001897 0.002788 0.004227 0.006272 0.008672 0.012300 0.016474 0.021801 0.027209 0.034266 0.041041 0.047900 0.054964 0.060806 0.064934 0.068281 0.069320 0.067943 0.064610 0.060032 0.053914 0.047230 0.039972 0.032301 0.025320 0.019341 0.014340 0.010077 0.006911 0.004707 0.002909 0.001896 0.001074 0.000640 0.000353 0.000197 0.000090 0.000044 0.000024 0.000011 0.000005 0.000003 0.000000 0.000001 0.000000 0.000000 0.000000 0.000000 0.000000 0.000000 0.000000 
t: 0.001788321168 start: 183 end: 244 0.000003 0.000002 0.000002 0.000014 0.000017 0.000031 0.000071 0.000128 0.000218 0.000349 0.000578 0.000858 0.001532 0.002406 0.003533 0.005347 0.007717 0.010756 0.014601 0.019550 0.025204 0.031725 0.038654 0.045775 0.052738 0.059026 0.064345 0.067759 0.069476 0.069067 0.066288 0.062578 0.056655 0.049581 0.042419 0.034661 0.027122 0.021357 0.015657 0.011147 0.007765 0.005112 0.003352 0.002068 0.001232 0.000735 0.000384 0.000223 0.000093 0.000049 0.000015 0.000016 0.000008 0.000000 0.000001 0.000000 0.000000 0.000000 0.000000 0.000000 0.000000 0.000000 
t: 0.001731448763 start: 185 end: 246 0.000002 0.000006 0.000001 0.000015 0.000027 0.000060 0.000121 0.000158 0.000274 0.000441 0.000814 0.001218 0.002004 0.003169 0.004588 0.006897 0.009644 0.013142 0.018080 0.023612 0.029662 0.036463 0.043767 0.051051 0.057808 0.063814 0.066839 0.069878 0.070064 0.067862 0.064086 0.058416 0.051932 0.044281 0.036607 0.029004 0.022480 0.016999 0.011975 0.008322 0.005584 0.003690 0.002151 0.001323 0.000838 0.000422 0.000202 0.000114 0.000048 0.000024 0.000012 0.000006 0.000002 0.000001 0.000000 0.000000 0.000000 0.000000 0.000000 0.000000 0.000000 0.000000 
t: 0.001678082192 start: 186 end: 246 0.000002 0.000002 0.000002 0.000013 0.000023 0.000057 0.000079 0.000140 0.000243 0.000388 0.000645 0.001108 0.001769 0.002892 0.004098 0.006111 0.008599 0.012329 0.016806 0.022104 0.028067 0.035242 0.041899 0.049455 0.056939 0.062749 0.067293 0.069900 0.070607 0.068960 0.065515 0.060353 0.053463 0.045708 0.038056 0.030429 0.023834 0.017586 0.012739 0.008717 0.005899 0.003677 0.002353 0.001436 0.000807 0.000472 0.000237 0.000112 0.000049 0.000018 0.000013 0.000004 0.000000 0.000002 0.000000 0.000000 0.000000 0.000000 0.000000 0.000000 0.000000 
t: 0.001627906977 start: 188 end: 248 0.000002 0.000006 0.000004 0.000021 0.000046 0.000065 0.000130 0.000207 0.000344 0.000568 0.000958 0.001676 0.002548 0.003763 0.005543 0.008186 0.011491 0.015783 0.021110 0.027098 0.033655 0.040947 0.048401 0.055939 0.062245 0.067316 0.070318 0.071139 0.070340 0.066331 0.061411 0.054627 0.047246 0.038836 0.031568 0.024149 0.018250 0.013287 0.009042 0.005987 0.003844 0.002450 0.001407 0.000818 0.000458 0.000237 0.000110 0.000053 0.000025 0.000012 0.000001 0.000001 0.000001 0.000000 0.000000 0.000000 0.000000 0.000000 0.000000 0.000000 0.000000 
t: 0.001580645161 start: 188 end: 249 0.000001 0.000003 0.000003 0.000007 0.000014 0.000038 0.000057 0.000121 0.000185 0.000301 0.000528 0.000864 0.001479 0.002329 0.003484 0.005312 0.007776 0.010989 0.015018 0.020310 0.026160 0.032970 0.040247 0.047904 0.055509 0.062050 0.067247 0.070790 0.071960 0.070532 0.067465 0.062169 0.055367 0.047842 0.040081 0.031844 0.024540 0.018508 0.013345 0.009141 0.006152 0.003873 0.002390 0.001445 0.000793 0.000447 0.000215 0.000109 0.000054 0.000023 0.000004 0.000003 0.000001 0.000000 0.000001 0.000000 0.000000 0.000000 0.000000 0.000000 0.000000 0.000000 
t: 0.001536050157 start: 189 end: 251 0.000002 0.000001 0.000004 0.000007 0.000011 0.000028 0.000051 0.000107 0.000175 0.000302 0.000511 0.000787 0.001336 0.002136 0.003448 0.005026 0.007548 0.010649 0.014579 0.019961 0.025482 0.032572 0.040151 0.047371 0.055554 0.061781 0.067875 0.071105 0.072348 0.071316 0.068141 0.062668 0.056246 0.048163 0.039967 0.032154 0.024761 0.018196 0.013277 0.009072 0.006058 0.003807 0.002308 0.001402 0.000766 0.000396 0.000211 0.000114 0.000040 0.000017 0.000007 0.000002 0.000001 0.000001 0.000001 0.000000 0.000000 0.000000 0.000000 0.000000 0.000000 0.000000 0.000000 
t: 0.001493902439 start: 190 end: 250 0.000002 0.000000 0.000001 0.000009 0.000010 0.000019 0.000052 0.000091 0.000157 0.000297 0.000469 0.000763 0.001320 0.002049 0.003290 0.004915 0.007468 0.010415 0.014416 0.019659 0.025650 0.032471 0.039610 0.047937 0.055475 0.062420 0.068164 0.071665 0.072850 0.071875 0.068379 0.062913 0.056573 0.048356 0.039937 0.031693 0.024520 0.017915 0.013027 0.008936 0.005740 0.003659 0.002119 0.001319 0.000700 0.000361 0.000193 0.000079 0.000043 0.000010 0.000003 0.000002 0.000002 0.000002 0.000000 0.000000 0.000000 0.000000 0.000000 0.000000 0.000000 
t: 0.001454005935 start: 191 end: 250 0.000002 0.000000 0.000004 0.000004 0.000006 0.000028 0.000045 0.000093 0.000156 0.000276 0.000424 0.000816 0.001300 0.002026 0.003219 0.004965 0.007233 0.010420 0.014591 0.019673 0.025679 0.032696 0.039877 0.048339 0.056342 0.063284 0.068691 0.072185 0.073378 0.072138 0.068680 0.062843 0.056371 0.048004 0.039318 0.031326 0.023962 0.017571 0.012411 0.008351 0.005497 0.003349 0.002056 0.001126 0.000641 0.000316 0.000167 0.000071 0.000035 0.000008 0.000003 0.000000 0.000002 0.000002 0.000000 0.000000 0.000000 0.000000 0.000000 0.000000 
t: 0.001416184971 start: 192 end: 251 0.000001 0.000000 0.000008 0.000001 0.000012 0.000019 0.000040 0.000090 0.000164 0.000273 0.000451 0.000800 0.001229 0.002056 0.003294 0.005008 0.007424 0.010647 0.014624 0.019956 0.026120 0.033053 0.040907 0.049122 0.057097 0.063858 0.069683 0.073070 0.074051 0.072140 0.068332 0.063184 0.055639 0.047288 0.038528 0.030637 0.022875 0.016742 0.011728 0.007856 0.005011 0.003118 0.001810 0.001038 0.000534 0.000266 0.000127 0.000059 0.000018 0.000006 0.000002 0.000001 0.000003 0.000000 0.000000 0.000000 0.000000 0.000000 0.000000 0.000000 
t: 0.001380281690 start: 194 end: 253 0.000001 0.000003 0.000007 0.000008 0.000026 0.000038 0.000098 0.000137 0.000289 0.000454 0.000801 0.001285 0.002087 0.003377 0.005071 0.007717 0.010830 0.015220 0.020448 0.026580 0.034000 0.042205 0.050530 0.058123 0.065490 0.070141 0.074103 0.074232 0.072229 0.068244 0.062541 0.054870 0.045818 0.037692 0.029165 0.021691 0.015721 0.010869 0.007157 0.004580 0.002796 0.001632 0.000856 0.000470 0.000200 0.000105 0.000039 0.000015 0.000004 0.000002 0.000002 0.000001 0.000000 0.000000 0.000000 0.000000 0.000000 0.000000 0.000000 0.000000 
t: 0.001346153846 start: 194 end: 253 0.000001 0.000001 0.000002 0.000003 0.000020 0.000018 0.000041 0.000090 0.000183 0.000265 0.000481 0.000850 0.001338 0.002203 0.003531 0.005316 0.007884 0.011342 0.015916 0.021113 0.027782 0.035285 0.043385 0.052003 0.059799 0.066625 0.071560 0.074590 0.074605 0.072425 0.067787 0.061349 0.053312 0.044630 0.036038 0.027745 0.020311 0.014467 0.009953 0.006525 0.004048 0.002396 0.001387 0.000780 0.000325 0.000163 0.000080 0.000027 0.000011 0.000004 0.000003 0.000002 0.000000 0.000000 0.000000 0.000000 0.000000 0.000000 0.000000 0.000000 
t: 0.001313672922 start: 195 end: 253 0.000001 0.000003 0.000002 0.000006 0.000015 0.000019 0.000056 0.000092 0.000167 0.000269 0.000544 0.000872 0.001496 0.002285 0.003659 0.005648 0.008363 0.012032 0.016488 0.022095 0.029376 0.036903 0.045206 0.053845 0.061272 0.068220 0.072808 0.075064 0.074783 0.072422 0.066885 0.060131 0.051528 0.042900 0.034244 0.025715 0.018862 0.013217 0.008914 0.005766 0.003485 0.002069 0.001183 0.000592 0.000283 0.000129 0.000048 0.000024 0.000007 0.000005 0.000000 0.000002 0.000000 0.000000 0.000000 0.000000 0.000000 0.000000 0.000000 
t: 0.001282722513 start: 196 end: 254 0.000002 0.000001 0.000003 0.000007 0.000015 0.000029 0.000049 0.000093 0.000180 0.000332 0.000551 0.000985 0.001543 0.002557 0.003894 0.006058 0.008980 0.012621 0.017476 0.023760 0.030762 0.038538 0.047409 0.055642 0.063516 0.069894 0.074135 0.075571 0.075270 0.071480 0.066017 0.058389 0.049608 0.040898 0.031804 0.023749 0.016897 0.011919 0.007998 0.004913 0.002965 0.001722 0.000928 0.000483 0.000198 0.000094 0.000042 0.000013 0.000006 0.000002 0.000002 0.000000 0.000000 0.000000 0.000000 0.000000 0.000000 0.000000 0.000000 
t: 0.001253196931 start: 197 end: 254 0.000002 0.000001 0.000004 0.000006 0.000019 0.000026 0.000055 0.000103 0.000184 0.000374 0.000610 0.001079 0.001758 0.002722 0.004354 0.006538 0.009603 0.013479 0.019060 0.025068 0.032863 0.041063 0.049442 0.057972 0.065615 0.071697 0.075211 0.076059 0.075029 0.070845 0.064481 0.056112 0.047511 0.038222 0.029287 0.021571 0.015317 0.010488 0.006835 0.004131 0.002449 0.001415 0.000722 0.000354 0.000150 0.000067 0.000026 0.000016 0.000003 0.000002 0.000000 0.000000 0.000000 0.000000 0.000000 0.000000 0.000000 0.000000 
t: 0.001225000000 start: 199 end: 253 0.000004 0.000000 0.000005 0.000021 0.000031 0.000066 0.000111 0.000232 0.000404 0.000701 0.001194 0.001928 0.003127 0.004711 0.007237 0.010289 0.014989 0.020449 0.027015 0.034787 0.043587 0.052518 0.060334 0.068101 0.073160 0.076349 0.076792 0.074267 0.069824 0.062225 0.053610 0.044644 0.035277 0.026691 0.019466 0.013649 0.009112 0.005601 0.003409 0.002025 0.001086 0.000524 0.000276 0.000097 0.000042 0.000021 0.000006 0.000006 0.000000 0.000000 0.000000 0.000000 0.000000 0.000000 0.000000 
t: 0.001198044010 start: 199 end: 255 0.000002 0.000001 0.000003 0.000008 0.000017 0.000037 0.000080 0.000136 0.000267 0.000448 0.000830 0.001305 0.002139 0.003531 0.005309 0.007910 0.011466 0.016342 0.022259 0.029235 0.037577 0.046687 0.054778 0.063127 0.070522 0.074947 0.077457 0.076534 0.073697 0.067627 0.059909 0.050937 0.041506 0.032216 0.024130 0.017253 0.011732 0.007552 0.004675 0.002761 0.001498 0.000855 0.000406 0.000161 0.000084 0.000032 0.000007 0.000007 0.000001 0.000000 0.000000 0.000000 0.000000 0.000000 0.000000 0.000000 0.000000 
t: 0.001172248804 start: 200 end: 256 0.000001 0.000003 0.000005 0.000008 0.000022 0.000046 0.000092 0.000157 0.000301 0.000549 0.000917 0.001498 0.002418 0.003984 0.005975 0.008864 0.012917 0.017974 0.024422 0.031776 0.040636 0.049238 0.058251 0.065951 0.072545 0.076941 0.077911 0.076506 0.072477 0.065308 0.056987 0.047689 0.038135 0.029108 0.021268 0.014851 0.009977 0.006125 0.003807 0.002103 0.001174 0.000614 0.000264 0.000119 0.000054 0.000022 0.000005 0.000004 0.000001 0.000000 0.000000 0.000000 0.000000 0.000000 0.000000 0.000000 0.000000 
t: 0.001147540984 start: 202 end: 256 0.000007 0.000001 0.000011 0.000025 0.000066 0.000102 0.000173 0.000363 0.000634 0.001053 0.001753 0.002843 0.004443 0.006884 0.010014 0.014282 0.020205 0.026819 0.034804 0.043713 0.052713 0.061497 0.068801 0.074888 0.078504 0.078177 0.075847 0.069989 0.062725 0.054118 0.043980 0.034293 0.025791 0.018402 0.012722 0.008130 0.005144 0.002911 0.001585 0.000869 0.000401 0.000185 0.000075 0.000042 0.000009 0.000006 0.000001 0.000000 0.000000 0.000000 0.000000 0.000000 0.000000 0.000000 0.000000 
t: 0.001123853211 start: 202 end: 256 0.000001 0.000003 0.000009 0.000012 0.000041 0.000054 0.000124 0.000219 0.000429 0.000742 0.001267 0.002062 0.003290 0.005171 0.007724 0.011365 0.016427 0.022434 0.029495 0.038044 0.047512 0.056292 0.064408 0.072326 0.077111 0.079162 0.078453 0.073759 0.067500 0.060011 0.049855 0.039975 0.030788 0.022521 0.015708 0.010628 0.006697 0.003903 0.002226 0.001189 0.000574 0.000300 0.000102 0.000052 0.000021 0.000011 0.000003 0.000000 0.000000 0.000000 0.000000 0.000000 0.000000 0.000000 0.000000 
t: 0.001101123596 start: 202 end: 256 0.000001 0.000000 0.000003 0.000008 0.000022 0.000036 0.000085 0.000138 0.000285 0.000500 0.000869 0.001504 0.002448 0.003834 0.005964 0.008981 0.013067 0.018482 0.025146 0.032813 0.041740 0.051360 0.059860 0.068406 0.074812 0.078803 0.079661 0.077523 0.071917 0.065018 0.055492 0.045652 0.036174 0.027036 0.019304 0.013022 0.008675 0.005241 0.002931 0.001635 0.000840 0.000418 0.000178 0.000061 0.000038 0.000013 0.000003 0.000001 0.000000 0.000000 0.000000 0.000000 0.000000 0.000000 0.000000 
t: 0.001079295154 start: 202 end: 257 0.000001 0.000000 0.000001 0.000001 0.000009 0.000028 0.000056 0.000093 0.000177 0.000364 0.000601 0.001045 0.001830 0.002820 0.004553 0.006921 0.010542 0.015085 0.020914 0.028378 0.036398 0.045825 0.055067 0.063925 0.071791 0.077452 0.079849 0.079898 0.075775 0.069872 0.060959 0.051364 0.041607 0.031652 0.023280 0.015983 0.010861 0.006725 0.003941 0.002154 0.001177 0.000593 0.000238 0.000123 0.000040 0.000023 0.000006 0.000002 0.000001 0.000000 0.000000 0.000000 0.000000 0.000000 0.000000 0.000000 
t: 0.001058315335 start: 202 end: 256 0.000001 0.000000 0.000000 0.000001 0.000004 0.000014 0.000027 0.000073 0.000122 0.000224 0.000450 0.000712 0.001359 0.002062 0.003447 0.005447 0.008311 0.012047 0.017538 0.023968 0.031675 0.040473 0.050129 0.059121 0.068249 0.075126 0.079192 0.080797 0.078623 0.074279 0.066269 0.056736 0.046810 0.036931 0.027405 0.019415 0.013367 0.008592 0.005087 0.002880 0.001580 0.000819 0.000361 0.000172 0.000056 0.000035 0.000009 0.000003 0.000002 0.000000 0.000000 0.000000 0.000000 0.000000 0.000000 
t: 0.001038135593 start: 203 end: 257 0.000001 0.000000 0.000001 0.000002 0.000006 0.000020 0.000047 0.000068 0.000159 0.000326 0.000481 0.000956 0.001570 0.002594 0.004222 0.006436 0.009753 0.014230 0.020201 0.027407 0.035581 0.044835 0.054607 0.063917 0.072217 0.077165 0.081028 0.080634 0.077466 0.071263 0.061952 0.052319 0.042044 0.032024 0.023238 0.016106 0.010577 0.006728 0.003745 0.002082 0.001072 0.000509 0.000254 0.000091 0.000044 0.000014 0.000005 0.000003 0.000000 0.000000 0.000000 0.000000 0.000000 0.000000 0.000000 
t: 0.001018711019 start: 204 end: 257 0.000001 0.000001 0.000000 0.000003 0.000011 0.000027 0.000046 0.000109 0.000224 0.000358 0.000643 0.001138 0.001992 0.003226 0.005010 0.007843 0.011667 0.016939 0.023205 0.031117 0.039711 0.049888 0.059274 0.068613 0.074870 0.080098 0.081737 0.080222 0.075117 0.067118 0.057475 0.047428 0.036650 0.027508 0.019285 0.012827 0.008306 0.004902 0.002685 0.001442 0.000685 0.000370 0.000133 0.000057 0.000025 0.000010 0.000004 0.000000 0.000000 0.000000 0.000000 0.000000 0.000000 0.000000 
t: 0.001000000000 start: 205 end: 258 0.000001 0.000001 0.000001 0.000003 0.000021 0.000034 0.000064 0.000143 0.000277 0.000468 0.000796 0.001429 0.002483 0.003997 0.006175 0.009503 0.013970 0.019638 0.027073 0.035051 0.044858 0.054686 0.064263 0.072536 0.078520 0.081561 0.081973 0.078473 0.071677 0.062688 0.052291 0.041786 0.031818 0.022735 0.015608 0.010142 0.006105 0.003577 0.001844 0.000927 0.000475 0.000187 0.000090 0.000036 0.000009 0.000007 0.000000 0.000000 0.000000 0.000000 0.000000 0.000000 0.000000 0.000000 
