t: 0.059999999999 start: 15 end: 55 0.000001 0.000001 0.000013 0.000048 0.000192 0.000608 0.001760 0.004604 0.010335 0.020751 0.036537 0.058312 0.083015 0.105742 0.121982 0.126777 0.118343 0.101523 0.078512 0.055164 0.035046 0.020390 0.011065 0.005397 0.002390 0.000969 0.000348 0.000126 0.000031 0.000011 0.000004 0.000002 0.000001 0.000000 0.000000 0.000000 0.000000 0.000000 0.000000 0.000000 0.000000 
t: 0.054545454544 start: 17 end: 57 0.000001 0.000002 0.000015 0.000040 0.000134 0.000501 0.001376 0.003559 0.007920 0.015886 0.028746 0.046606 0.068679 0.091354 0.109160 0.120505 0.120096 0.108942 0.091275 0.068666 0.048363 0.031348 0.018321 0.009808 0.004924 0.002270 0.000955 0.000371 0.000122 0.000039 0.000010 0.000004 0.000002 0.000000 0.000000 0.000000 0.000000 0.000000 0.000000 0.000000 0.000000 
t: 0.049999999999 start: 18 end: 60 0.000001 0.000000 0.000001 0.000016 0.000045 0.000102 0.000427 0.001121 0.002744 0.006414 0.012680 0.023102 0.038102 0.057574 0.078302 0.097483 0.112177 0.116677 0.112536 0.098980 0.080377 0.060489 0.041747 0.026740 0.015726 0.008624 0.004441 0.002007 0.000852 0.000335 0.000128 0.000033 0.000008 0.000006 0.000002 0.000001 0.000000 0.000000 0.000000 0.000000 0.000000 0.000000 0.000000 
t: 0.046153846153 start: 21 end: 63 0.000001 0.000003 0.000008 0.000038 0.000134 0.000369 0.000969 0.002369 0.005315 0.010490 0.019327 0.031593 0.048783 0.067986 0.087302 0.102922 0.111427 0.112171 0.103807 0.088412 0.070316 0.051662 0.035338 0.022339 0.013168 0.007257 0.003493 0.001790 0.000785 0.000244 0.000122 0.000044 0.000013 0.000002 0.000001 0.000000 0.000000 0.000000 0.000000 0.000000 0.000000 0.000000 0.000000 
t: 0.042857142857 start: 24 end: 66 0.000002 0.000012 0.000042 0.000109 0.000347 0.000875 0.002099 0.004602 0.008938 0.016347 0.027451 0.041807 0.059580 0.078223 0.094978 0.105449 0.109397 0.105319 0.094103 0.077878 0.060211 0.043202 0.029226 0.018084 0.010590 0.005774 0.002986 0.001369 0.000602 0.000270 0.000088 0.000028 0.000009 0.000002 0.000001 0.000000 0.000000 0.000000 0.000000 0.000000 0.000000 0.000000 0.000000 
t: 0.040000000000 start: 26 end: 69 0.000002 0.000009 0.000039 0.000125 0.000345 0.000772 0.001896 0.004005 0.007984 0.014483 0.024040 0.037398 0.053038 0.070300 0.087437 0.099517 0.105893 0.105121 0.096525 0.083510 0.066995 0.050217 0.035619 0.023329 0.014467 0.008296 0.004546 0.002216 0.001101 0.000467 0.000204 0.000068 0.000023 0.000011 0.000001 0.000001 0.000000 0.000000 0.000000 0.000000 0.000000 0.000000 0.000000 0.000000 
t: 0.037500000000 start: 27 end: 71 0.000001 0.000004 0.000011 0.000041 0.000130 0.000283 0.000796 0.001706 0.003764 0.007184 0.012977 0.021728 0.033547 0.048361 0.064762 0.080417 0.094385 0.101704 0.103122 0.098086 0.086561 0.072610 0.056500 0.040736 0.028491 0.018424 0.011034 0.006239 0.003264 0.001715 0.000801 0.000367 0.000158 0.000062 0.000021 0.000006 0.000002 0.000000 0.000000 0.000000 0.000000 0.000000 0.000000 0.000000 0.000000 
t: 0.035294117647 start: 28 end: 73 0.000002 0.000000 0.000005 0.000017 0.000043 0.000125 0.000313 0.000739 0.001664 0.003488 0.006736 0.011970 0.019999 0.030901 0.044647 0.059729 0.075393 0.089055 0.097957 0.101115 0.097549 0.089065 0.076094 0.061238 0.045799 0.032837 0.022071 0.013895 0.008200 0.004635 0.002477 0.001199 0.000597 0.000273 0.000120 0.000040 0.000010 0.000002 0.000001 0.000000 0.000000 0.000000 0.000000 0.000000 0.000000 0.000000 
t: 0.033333333333 start: 31 end: 76 0.000001 0.000006 0.000017 0.000051 0.000156 0.000367 0.000732 0.001694 0.003257 0.006615 0.011297 0.018596 0.029152 0.041831 0.056086 0.071092 0.084790 0.094129 0.098704 0.096728 0.090065 0.078561 0.064570 0.050030 0.037031 0.025264 0.016511 0.010192 0.005926 0.003248 0.001714 0.000849 0.000428 0.000187 0.000089 0.000024 0.000007 0.000003 0.000000 0.000000 0.000000 0.000000 0.000000 0.000000 0.000000 0.000000 
t: 0.031578947368 start: 33 end: 80 0.000002 0.000005 0.000021 0.000053 0.000155 0.000359 0.000814 0.001690 0.003431 0.006365 0.010758 0.018146 0.027611 0.039592 0.053536 0.067881 0.080952 0.091282 0.095842 0.095374 0.090380 0.080073 0.067091 0.053456 0.040015 0.028381 0.018919 0.012052 0.007274 0.004002 0.002289 0.001186 0.000573 0.000254 0.000108 0.000046 0.000023 0.000007 0.000001 0.000001 0.000000 0.000000 0.000000 0.000000 0.000000 0.000000 0.000000 0.000000 
t: 0.030000000000 start: 35 end: 82 0.000003 0.000008 0.000027 0.000062 0.000151 0.000417 0.000885 0.001768 0.003458 0.006394 0.010954 0.017477 0.026637 0.038076 0.051582 0.065754 0.078132 0.087804 0.093205 0.094349 0.089735 0.080432 0.068997 0.056197 0.042585 0.030912 0.021042 0.013826 0.008534 0.004972 0.002741 0.001550 0.000725 0.000343 0.000150 0.000070 0.000027 0.000016 0.000002 0.000000 0.000001 0.000000 0.000000 0.000000 0.000000 0.000000 0.000000 0.000000 
t: 0.028571428571 start: 37 end: 85 0.000003 0.000009 0.000032 0.000069 0.000192 0.000441 0.000928 0.001881 0.003702 0.006523 0.010726 0.017433 0.026508 0.037735 0.050218 0.063242 0.075719 0.085772 0.091292 0.092535 0.089056 0.081112 0.069724 0.057335 0.044556 0.032657 0.022819 0.015513 0.009491 0.005841 0.003319 0.001851 0.000916 0.000468 0.000210 0.000099 0.000051 0.000011 0.000008 0.000002 0.000001 0.000000 0.000000 0.000000 0.000000 0.000000 0.000000 0.000000 0.000000 
t: 0.027272727273 start: 39 end: 87 0.000006 0.000009 0.000031 0.000101 0.000223 0.000492 0.001017 0.002079 0.003891 0.006570 0.011206 0.017886 0.026206 0.037053 0.049574 0.062086 0.074057 0.084062 0.089563 0.091342 0.088076 0.080400 0.070220 0.058171 0.045504 0.034158 0.024350 0.016396 0.010668 0.006510 0.003803 0.002107 0.001128 0.000572 0.000253 0.000134 0.000051 0.000033 0.000006 0.000005 0.000001 0.000000 0.000000 0.000000 0.000000 0.000000 0.000000 0.000000 0.000000 
t: 0.026086956522 start: 39 end: 89 0.000001 0.000001 0.000007 0.000016 0.000052 0.000106 0.000236 0.000575 0.001145 0.002174 0.004126 0.007081 0.011804 0.018211 0.026676 0.037179 0.049200 0.061256 0.072991 0.082775 0.087905 0.090043 0.086424 0.080269 0.069916 0.058214 0.046541 0.035005 0.025173 0.017301 0.011358 0.007013 0.004273 0.002378 0.001261 0.000692 0.000351 0.000153 0.000061 0.000037 0.000016 0.000003 0.000001 0.000000 0.000000 0.000000 0.000000 0.000000 0.000000 0.000000 0.000000 
t: 0.025000000000 start: 40 end: 90 0.000001 0.000000 0.000002 0.000008 0.000027 0.000055 0.000142 0.000291 0.000618 0.001296 0.002438 0.004514 0.007587 0.012497 0.018841 0.027358 0.037538 0.049526 0.061630 0.072141 0.081354 0.086941 0.088140 0.085568 0.078616 0.069748 0.058175 0.046558 0.035545 0.025546 0.017850 0.011751 0.007492 0.004619 0.002679 0.001435 0.000777 0.000375 0.000166 0.000090 0.000036 0.000019 0.000009 0.000001 0.000000 0.000000 0.000000 0.000000 0.000000 0.000000 0.000000 
t: 0.024000000000 start: 41 end: 93 0.000001 0.000000 0.000001 0.000005 0.000011 0.000029 0.000080 0.000174 0.000370 0.000767 0.001398 0.002752 0.004978 0.008265 0.013315 0.019637 0.028418 0.038814 0.049593 0.061250 0.072122 0.081060 0.085936 0.086680 0.083906 0.077992 0.068627 0.057786 0.046149 0.035234 0.025790 0.018096 0.012154 0.007666 0.004913 0.002786 0.001600 0.000831 0.000403 0.000230 0.000110 0.000044 0.000017 0.000007 0.000002 0.000001 0.000000 0.000000 0.000000 0.000000 0.000000 0.000000 0.000000 
t: 0.023076923077 start: 44 end: 96 0.000001 0.000003 0.000008 0.000014 0.000038 0.000100 0.000221 0.000454 0.000850 0.001730 0.003193 0.005470 0.009100 0.014212 0.020939 0.029553 0.039836 0.050954 0.061953 0.071983 0.080377 0.085160 0.085536 0.082360 0.075991 0.067660 0.056726 0.045597 0.034981 0.025635 0.018046 0.012084 0.007963 0.004978 0.002844 0.001619 0.000904 0.000480 0.000239 0.000115 0.000051 0.000024 0.000015 0.000002 0.000001 0.000000 0.000000 0.000000 0.000000 0.000000 0.000000 0.000000 0.000000 
t: 0.022222222222 start: 46 end: 98 0.000001 0.000002 0.000009 0.000021 0.000071 0.000124 0.000263 0.000564 0.001077 0.002024 0.003599 0.006309 0.010063 0.015271 0.022433 0.031227 0.040949 0.052109 0.063207 0.072916 0.080144 0.083913 0.084799 0.080686 0.074521 0.065510 0.055137 0.044291 0.034333 0.025125 0.018029 0.012081 0.007896 0.004844 0.002849 0.001722 0.000962 0.000460 0.000228 0.000123 0.000063 0.000026 0.000014 0.000004 0.000001 0.000000 0.000000 0.000000 0.000000 0.000000 0.000000 0.000000 0.000000 
t: 0.021428571428 start: 48 end: 100 0.000002 0.000005 0.000009 0.000029 0.000089 0.000145 0.000335 0.000710 0.001371 0.002424 0.004213 0.007146 0.011174 0.016928 0.024119 0.032571 0.043123 0.053636 0.064504 0.073248 0.079653 0.083774 0.083074 0.079591 0.072391 0.063514 0.053308 0.042875 0.033366 0.024486 0.017232 0.011987 0.007706 0.004763 0.002932 0.001678 0.000910 0.000482 0.000252 0.000139 0.000059 0.000032 0.000011 0.000001 0.000003 0.000000 0.000000 0.000000 0.000000 0.000000 0.000000 0.000000 0.000000 
t: 0.020689655172 start: 50 end: 103 0.000004 0.000007 0.000020 0.000043 0.000089 0.000210 0.000449 0.000855 0.001621 0.002903 0.005069 0.007977 0.012610 0.018398 0.025863 0.035374 0.045019 0.055572 0.065299 0.074370 0.079929 0.082872 0.081966 0.077405 0.069860 0.061659 0.051541 0.041095 0.032117 0.023361 0.016671 0.011548 0.007191 0.004638 0.002843 0.001674 0.000889 0.000495 0.000254 0.000139 0.000057 0.000027 0.000008 0.000006 0.000001 0.000002 0.000000 0.000000 0.000000 0.000000 0.000000 0.000000 0.000000 0.000000 
t: 0.020000000000 start: 52 end: 105 0.000007 0.000008 0.000023 0.000069 0.000131 0.000261 0.000557 0.001088 0.001998 0.003459 0.005997 0.009107 0.014227 0.020459 0.028227 0.037627 0.047173 0.057346 0.067159 0.075110 0.080324 0.081804 0.080460 0.075117 0.068146 0.058900 0.049155 0.039335 0.030336 0.022250 0.015823 0.010767 0.007018 0.004410 0.002697 0.001597 0.000918 0.000450 0.000256 0.000109 0.000057 0.000022 0.000007 0.000003 0.000005 0.000001 0.000000 0.000000 0.000000 0.000000 0.000000 0.000000 0.000000 0.000000 
t: 0.019354838710 start: 53 end: 107 0.000003 0.000009 0.000007 0.000048 0.000080 0.000173 0.000396 0.000746 0.001354 0.002506 0.004173 0.006919 0.010733 0.015745 0.022616 0.030749 0.040299 0.049672 0.060485 0.068576 0.074963 0.080623 0.081222 0.078550 0.072804 0.065379 0.056526 0.046768 0.037020 0.028604 0.020986 0.014724 0.010218 0.006393 0.004125 0.002610 0.001507 0.000826 0.000429 0.000212 0.000130 0.000053 0.000019 0.000012 0.000004 0.000003 0.000001 0.000000 0.000000 0.000000 0.000000 0.000000 0.000000 0.000000 0.000000 
t: 0.018750000000 start: 54 end: 108 0.000002 0.000002 0.000016 0.000023 0.000060 0.000107 0.000254 0.000510 0.000959 0.001830 0.003042 0.005039 0.008122 0.012424 0.018071 0.024997 0.033660 0.042901 0.052940 0.062083 0.070345 0.076469 0.079574 0.080216 0.076349 0.070723 0.062542 0.053829 0.043951 0.034828 0.026434 0.019593 0.013708 0.009253 0.006071 0.003851 0.002285 0.001343 0.000764 0.000410 0.000227 0.000100 0.000048 0.000032 0.000007 0.000004 0.000002 0.000000 0.000000 0.000000 0.000000 0.000000 0.000000 0.000000 0.000000 
t: 0.018181818182 start: 56 end: 111 0.000001 0.000005 0.000022 0.000039 0.000086 0.000166 0.000364 0.000700 0.001377 0.002191 0.003761 0.006191 0.009697 0.014169 0.020424 0.028048 0.036993 0.045629 0.055520 0.064890 0.071994 0.076940 0.079102 0.078424 0.074223 0.068114 0.059658 0.051016 0.041027 0.032251 0.024375 0.018048 0.012439 0.008414 0.005604 0.003389 0.002113 0.001165 0.000681 0.000380 0.000179 0.000113 0.000047 0.000014 0.000012 0.000002 0.000002 0.000001 0.000000 0.000000 0.000000 0.000000 0.000000 0.000000 0.000000 0.000000 
t: 0.017647058823 start: 57 end: 113 0.000001 0.000003 0.000011 0.000031 0.000067 0.000107 0.000242 0.000510 0.000931 0.001663 0.002910 0.004799 0.007597 0.011190 0.016651 0.023364 0.030942 0.039378 0.049561 0.058965 0.066618 0.073483 0.077114 0.078484 0.076503 0.072271 0.064708 0.056604 0.047690 0.038094 0.029857 0.022443 0.016208 0.011303 0.007570 0.004826 0.003049 0.001938 0.001079 0.000592 0.000300 0.000175 0.000092 0.000044 0.000021 0.000004 0.000003 0.000001 0.000003 0.000000 0.000000 0.000000 0.000000 0.000000 0.000000 0.000000 0.000000 
t: 0.017142857143 start: 58 end: 115 0.000001 0.000001 0.000005 0.000019 0.000048 0.000075 0.000171 0.000355 0.000690 0.001229 0.002236 0.003717 0.005871 0.009016 0.013536 0.019226 0.026023 0.034349 0.043494 0.052871 0.061334 0.068966 0.074127 0.077417 0.077774 0.074438 0.068912 0.061988 0.053200 0.044274 0.035332 0.027026 0.020227 0.014604 0.010056 0.006639 0.004426 0.002700 0.001588 0.000942 0.000540 0.000264 0.000144 0.000077 0.000038 0.000019 0.000010 0.000002 0.000002 0.000001 0.000000 0.000000 0.000000 0.000000 0.000000 0.000000 0.000000 0.000000 
t: 0.016666666667 start: 59 end: 116 0.000001 0.000002 0.000003 0.000011 0.000036 0.000049 0.000142 0.000237 0.000512 0.000910 0.001698 0.002877 0.004678 0.007228 0.011051 0.015935 0.021960 0.029401 0.037944 0.047230 0.056464 0.064100 0.070702 0.075176 0.077290 0.076139 0.072385 0.065670 0.058040 0.049487 0.040850 0.032341 0.024637 0.018050 0.012868 0.008797 0.005882 0.003763 0.002363 0.001415 0.000780 0.000441 0.000214 0.000127 0.000061 0.000029 0.000012 0.000004 0.000007 0.000000 0.000001 0.000000 0.000000 0.000000 0.000000 0.000000 0.000000 0.000000 
t: 0.016216216216 start: 61 end: 118 0.000002 0.000005 0.000011 0.000016 0.000050 0.000084 0.000198 0.000359 0.000724 0.001276 0.002237 0.003602 0.005898 0.009044 0.013238 0.018673 0.025178 0.032957 0.042123 0.051042 0.059643 0.066851 0.072265 0.075549 0.076485 0.074454 0.069326 0.062335 0.054187 0.045830 0.037414 0.029277 0.022021 0.015807 0.011252 0.007660 0.004984 0.003321 0.001982 0.001224 0.000653 0.000371 0.000192 0.000101 0.000046 0.000031 0.000012 0.000006 0.000003 0.000000 0.000001 0.000000 0.000000 0.000000 0.000000 0.000000 0.000000 0.000000 
t: 0.015789473684 start: 62 end: 119 0.000001 0.000004 0.000004 0.000022 0.000026 0.000083 0.000149 0.000286 0.000551 0.000982 0.001793 0.002887 0.004686 0.007330 0.011042 0.015769 0.021972 0.028930 0.037186 0.045996 0.054841 0.062271 0.069300 0.074078 0.075660 0.075061 0.071627 0.065961 0.058603 0.050458 0.041840 0.033866 0.026113 0.019428 0.013943 0.009735 0.006688 0.004288 0.002673 0.001737 0.000945 0.000586 0.000302 0.000138 0.000077 0.000040 0.000025 0.000011 0.000005 0.000000 0.000001 0.000000 0.000000 0.000000 0.000000 0.000000 0.000000 0.000000 
t: 0.015384615385 start: 64 end: 121 0.000004 0.000007 0.000011 0.000025 0.000050 0.000121 0.000208 0.000424 0.000837 0.001382 0.002385 0.003814 0.005997 0.009219 0.013308 0.018787 0.025374 0.033021 0.041512 0.049769 0.058706 0.065584 0.071252 0.074562 0.075063 0.072772 0.068783 0.062538 0.054661 0.046443 0.038030 0.030253 0.023155 0.016858 0.011984 0.008427 0.005653 0.003621 0.002259 0.001408 0.000806 0.000434 0.000237 0.000121 0.000068 0.000038 0.000021 0.000005 0.000002 0.000001 0.000000 0.000000 0.000000 0.000000 0.000000 0.000000 0.000000 0.000000 
t: 0.015000000000 start: 65 end: 123 0.000003 0.000006 0.000010 0.000019 0.000049 0.000086 0.000154 0.000330 0.000660 0.001157 0.001852 0.003152 0.005026 0.007892 0.011289 0.016192 0.022388 0.028952 0.037260 0.046054 0.053891 0.061975 0.068199 0.072669 0.074355 0.073679 0.071115 0.065156 0.058416 0.050671 0.042291 0.034289 0.026562 0.020072 0.014668 0.010424 0.007052 0.004657 0.002950 0.001902 0.001109 0.000626 0.000353 0.000187 0.000099 0.000059 0.000026 0.000013 0.000002 0.000001 0.000001 0.000000 0.000000 0.000000 0.000000 0.000000 0.000000 0.000000 0.000000 
t: 0.014634146341 start: 66 end: 123 0.000003 0.000004 0.000006 0.000023 0.000046 0.000072 0.000108 0.000281 0.000521 0.000908 0.001545 0.002547 0.004204 0.006607 0.009878 0.013918 0.019423 0.025989 0.033666 0.041541 0.050534 0.058225 0.064847 0.070296 0.073275 0.073791 0.072262 0.067658 0.061611 0.054323 0.046174 0.037942 0.030284 0.023226 0.017334 0.012515 0.008670 0.005946 0.003905 0.002450 0.001493 0.000885 0.000491 0.000275 0.000133 0.000089 0.000036 0.000027 0.000008 0.000005 0.000000 0.000000 0.000000 0.000000 0.000000 0.000000 0.000000 0.000000 
t: 0.014285714286 start: 67 end: 125 0.000001 0.000003 0.000009 0.000012 0.000034 0.000047 0.000121 0.000235 0.000434 0.000730 0.001284 0.002088 0.003528 0.005563 0.008397 0.012092 0.017223 0.023218 0.030300 0.037798 0.046797 0.054650 0.062022 0.067374 0.071762 0.073749 0.072756 0.069650 0.064001 0.057094 0.050005 0.041649 0.033638 0.026459 0.020228 0.014618 0.010515 0.007264 0.004870 0.003146 0.001944 0.001180 0.000676 0.000387 0.000226 0.000123 0.000049 0.000030 0.000019 0.000001 0.000001 0.000000 0.000000 0.000000 0.000000 0.000000 0.000000 0.000000 0.000000 
t: 0.013953488372 start: 67 end: 126 0.000001 0.000000 0.000001 0.000006 0.000014 0.000026 0.000051 0.000085 0.000194 0.000317 0.000641 0.001076 0.001756 0.002972 0.004764 0.007158 0.010686 0.015321 0.020529 0.027159 0.034683 0.042985 0.051245 0.058702 0.065061 0.070003 0.072505 0.073268 0.070574 0.066366 0.060331 0.052627 0.045010 0.037228 0.029507 0.022808 0.017249 0.012337 0.008716 0.006126 0.003843 0.002438 0.001545 0.000951 0.000547 0.000263 0.000166 0.000074 0.000054 0.000022 0.000007 0.000001 0.000001 0.000000 0.000000 0.000000 0.000000 0.000000 0.000000 0.000000 
t: 0.013636363636 start: 69 end: 129 0.000001 0.000002 0.000003 0.000008 0.000021 0.000038 0.000076 0.000153 0.000282 0.000505 0.000929 0.001441 0.002593 0.004063 0.006338 0.009465 0.013232 0.018524 0.024849 0.031742 0.039455 0.047820 0.055346 0.062514 0.067752 0.071272 0.072978 0.071388 0.067771 0.062942 0.055986 0.048143 0.040248 0.032609 0.025550 0.019371 0.014442 0.010308 0.007237 0.004834 0.003074 0.001917 0.001216 0.000715 0.000386 0.000219 0.000121 0.000060 0.000035 0.000017 0.000007 0.000001 0.000001 0.000000 0.000000 0.000000 0.000000 0.000000 0.000000 0.000000 0.000000 
t: 0.013333333333 start: 71 end: 130 0.000002 0.000003 0.000009 0.000010 0.000031 0.000064 0.000125 0.000237 0.000432 0.000789 0.001320 0.002225 0.003496 0.005528 0.008402 0.011729 0.016655 0.022445 0.029229 0.036618 0.044453 0.052471 0.060136 0.065455 0.069950 0.071934 0.071709 0.069064 0.064207 0.058936 0.051109 0.043117 0.035643 0.028256 0.021850 0.016467 0.011990 0.008471 0.005706 0.003770 0.002372 0.001559 0.000885 0.000533 0.000294 0.000136 0.000094 0.000051 0.000018 0.000007 0.000005 0.000003 0.000000 0.000000 0.000000 0.000000 0.000000 0.000000 0.000000 0.000000 
t: 0.013043478261 start: 72 end: 132 0.000002 0.000003 0.000006 0.000009 0.000022 0.000057 0.000115 0.000216 0.000349 0.000666 0.001148 0.001924 0.003123 0.004927 0.007265 0.010627 0.015107 0.020430 0.027045 0.033491 0.041986 0.049650 0.057170 0.063423 0.068114 0.071454 0.070911 0.070056 0.066190 0.060671 0.053754 0.046087 0.038210 0.031012 0.024208 0.018447 0.013659 0.009744 0.006749 0.004474 0.002992 0.001902 0.001131 0.000622 0.000420 0.000227 0.000097 0.000062 0.000027 0.000009 0.000003 0.000006 0.000001 0.000000 0.000000 0.000000 0.000000 0.000000 0.000000 0.000000 0.000000 
t: 0.012765957447 start: 73 end: 133 0.000002 0.000001 0.000005 0.000008 0.000016 0.000044 0.000108 0.000173 0.000320 0.000585 0.000991 0.001677 0.002814 0.004413 0.006536 0.009458 0.013799 0.018709 0.024590 0.031645 0.039230 0.046800 0.054691 0.061308 0.066368 0.069650 0.071108 0.070275 0.067360 0.062608 0.056030 0.048465 0.041016 0.033388 0.026647 0.020510 0.015357 0.011127 0.007863 0.005202 0.003537 0.002221 0.001374 0.000900 0.000490 0.000283 0.000142 0.000087 0.000035 0.000020 0.000009 0.000003 0.000002 0.000000 0.000000 0.000000 0.000000 0.000000 0.000000 0.000000 0.000000 
t: 0.012500000000 start: 75 end: 136 0.000002 0.000005 0.000005 0.000014 0.000053 0.000088 0.000150 0.000277 0.000530 0.000888 0.001511 0.002456 0.003954 0.005809 0.008727 0.012457 0.017187 0.022804 0.029456 0.036835 0.044209 0.052481 0.058909 0.064505 0.068734 0.070542 0.070554 0.068301 0.063505 0.058268 0.050459 0.043548 0.035853 0.028796 0.022616 0.017054 0.012403 0.008996 0.006260 0.004050 0.002636 0.001705 0.001050 0.000603 0.000370 0.000188 0.000097 0.000059 0.000023 0.000010 0.000003 0.000003 0.000001 0.000001 0.000000 0.000000 0.000000 0.000000 0.000000 0.000000 0.000000 0.000000 
t: 0.012244897959 start: 75 end: 137 0.000001 0.000000 0.000001 0.000005 0.000018 0.000046 0.000059 0.000131 0.000273 0.000449 0.000834 0.001322 0.002244 0.003475 0.005328 0.008042 0.011359 0.015729 0.021088 0.027673 0.034704 0.042279 0.050179 0.056813 0.062580 0.067126 0.069861 0.070468 0.068812 0.064712 0.059546 0.052846 0.045769 0.038250 0.030721 0.024497 0.018783 0.014137 0.009964 0.006961 0.004793 0.003245 0.001940 0.001223 0.000751 0.000456 0.000232 0.000147 0.000061 0.000039 0.000015 0.000008 0.000002 0.000001 0.000001 0.000001 0.000000 0.000000 0.000000 0.000000 0.000000 0.000000 0.000000 
t: 0.012000000000 start: 77 end: 138 0.000001 0.000001 0.000006 0.000015 0.000027 0.000056 0.000145 0.000218 0.000425 0.000717 0.001171 0.002036 0.003198 0.004811 0.007333 0.010669 0.014465 0.019777 0.025879 0.032562 0.040350 0.048136 0.054636 0.060768 0.065776 0.068889 0.070423 0.068955 0.065826 0.060932 0.054655 0.047746 0.040434 0.032642 0.026333 0.020570 0.015267 0.011282 0.007902 0.005424 0.003641 0.002338 0.001433 0.000930 0.000534 0.000321 0.000174 0.000088 0.000043 0.000019 0.000013 0.000006 0.000000 0.000001 0.000001 0.000000 0.000000 0.000000 0.000000 0.000000 0.000000 0.000000 
t: 0.011764705882 start: 79 end: 140 0.000002 0.000006 0.000015 0.000028 0.000058 0.000103 0.000215 0.000376 0.000648 0.001095 0.001823 0.002943 0.004437 0.006667 0.009791 0.013576 0.018590 0.024423 0.030983 0.038379 0.045915 0.053034 0.059097 0.063912 0.068379 0.069673 0.069241 0.066738 0.062110 0.056248 0.049319 0.042048 0.034861 0.028382 0.021839 0.016814 0.012416 0.008648 0.006119 0.004098 0.002732 0.001718 0.001072 0.000618 0.000375 0.000212 0.000105 0.000062 0.000035 0.000015 0.000004 0.000001 0.000001 0.000001 0.000000 0.000000 0.000000 0.000000 0.000000 0.000000 0.000000 0.000000 
t: 0.011538461538 start: 79 end: 141 0.000001 0.000004 0.000004 0.000016 0.000025 0.000055 0.000089 0.000171 0.000360 0.000582 0.001018 0.001661 0.002673 0.004135 0.006232 0.009232 0.012739 0.017304 0.023099 0.029545 0.036693 0.043769 0.051191 0.057395 0.063176 0.067170 0.069155 0.068869 0.067255 0.063274 0.057720 0.051277 0.043716 0.036543 0.029761 0.023486 0.017943 0.013410 0.009776 0.006849 0.004594 0.003086 0.002010 0.001163 0.000826 0.000429 0.000230 0.000133 0.000085 0.000042 0.000015 0.000004 0.000007 0.000001 0.000002 0.000000 0.000000 0.000000 0.000000 0.000000 0.000000 0.000000 0.000000 
t: 0.011320754717 start: 80 end: 143 0.000001 0.000002 0.000010 0.000012 0.000024 0.000058 0.000082 0.000152 0.000297 0.000556 0.000969 0.001571 0.002389 0.003875 0.005863 0.008446 0.011963 0.016586 0.021645 0.028495 0.035120 0.042245 0.049344 0.056033 0.061967 0.066336 0.068229 0.068548 0.067617 0.064289 0.059009 0.052434 0.045403 0.038248 0.031124 0.024845 0.019339 0.014603 0.010502 0.007481 0.005093 0.003515 0.002234 0.001464 0.000867 0.000504 0.000265 0.000153 0.000104 0.000040 0.000024 0.000014 0.000006 0.000002 0.000002 0.000000 0.000001 0.000000 0.000000 0.000000 0.000000 0.000000 0.000000 0.000000 
t: 0.011111111111 start: 80 end: 144 0.000001 0.000000 0.000004 0.000006 0.000013 0.000022 0.000048 0.000094 0.000140 0.000286 0.000482 0.000891 0.001425 0.002372 0.003619 0.005473 0.007995 0.011361 0.015738 0.020669 0.026732 0.033856 0.040974 0.048051 0.054694 0.060610 0.065162 0.067764 0.068545 0.067668 0.064729 0.060160 0.053667 0.046639 0.039770 0.032627 0.026140 0.020459 0.015587 0.011529 0.008146 0.005651 0.003755 0.002544 0.001581 0.000995 0.000571 0.000343 0.000205 0.000085 0.000064 0.000028 0.000016 0.000006 0.000004 0.000001 0.000002 0.000000 0.000000 0.000001 0.000000 0.000000 0.000000 0.000000 0.000000 
t: 0.010909090909 start: 82 end: 146 0.000002 0.000002 0.000008 0.000009 0.000021 0.000042 0.000074 0.000162 0.000248 0.000479 0.000853 0.001357 0.002202 0.003402 0.005121 0.007537 0.010853 0.014912 0.019957 0.025652 0.032628 0.039888 0.046381 0.053356 0.059575 0.063875 0.067417 0.068680 0.067692 0.065121 0.060534 0.054790 0.048101 0.040835 0.033954 0.027471 0.021557 0.016541 0.012430 0.008826 0.006033 0.004152 0.002864 0.001798 0.001055 0.000648 0.000417 0.000241 0.000107 0.000068 0.000033 0.000021 0.000007 0.000007 0.000002 0.000001 0.000000 0.000001 0.000000 0.000000 0.000000 0.000000 0.000000 0.000000 0.000000 
t: 0.010714285714 start: 82 end: 148 0.000001 0.000002 0.000002 0.000006 0.000008 0.000016 0.000038 0.000079 0.000169 0.000229 0.000465 0.000794 0.001262 0.002100 0.003257 0.004933 0.007195 0.010356 0.014234 0.019133 0.025110 0.031381 0.038440 0.045580 0.052218 0.057956 0.063050 0.066674 0.068552 0.067835 0.065569 0.061136 0.055554 0.049087 0.041944 0.035346 0.028396 0.022784 0.017374 0.013067 0.009530 0.006622 0.004510 0.003030 0.001971 0.001229 0.000766 0.000479 0.000240 0.000133 0.000077 0.000039 0.000020 0.000012 0.000006 0.000001 0.000001 0.000001 0.000001 0.000000 0.000000 0.000000 0.000000 0.000000 0.000000 0.000000 0.000000 
t: 0.010526315789 start: 83 end: 146 0.000002 0.000000 0.000003 0.000006 0.000008 0.000016 0.000026 0.000079 0.000141 0.000252 0.000405 0.000764 0.001239 0.002031 0.003125 0.004672 0.006982 0.009914 0.013791 0.018402 0.024105 0.030241 0.037733 0.044340 0.051126 0.057486 0.062155 0.065875 0.067904 0.068101 0.065347 0.061630 0.056259 0.050117 0.043139 0.036085 0.029898 0.023651 0.018310 0.013795 0.010090 0.007092 0.004915 0.003266 0.002155 0.001340 0.000844 0.000527 0.000285 0.000147 0.000081 0.000056 0.000025 0.000012 0.000005 0.000000 0.000003 0.000000 0.000002 0.000000 0.000000 0.000000 0.000000 0.000000 
t: 0.010344827586 start: 85 end: 149 0.000001 0.000005 0.000006 0.000005 0.000017 0.000036 0.000052 0.000123 0.000257 0.000429 0.000723 0.001165 0.001943 0.003019 0.004640 0.006764 0.009456 0.013266 0.017947 0.023340 0.029651 0.036670 0.043325 0.050183 0.056530 0.061181 0.065257 0.067914 0.067675 0.065528 0.062078 0.057237 0.050725 0.043939 0.037208 0.030812 0.024529 0.018984 0.014377 0.010612 0.007663 0.005192 0.003498 0.002340 0.001469 0.000962 0.000586 0.000306 0.000174 0.000098 0.000057 0.000023 0.000011 0.000007 0.000001 0.000000 0.000003 0.000001 0.000000 0.000000 0.000000 0.000000 0.000000 0.000000 0.000000 
t: 0.010169491525 start: 86 end: 151 0.000001 0.000005 0.000007 0.000006 0.000012 0.000029 0.000055 0.000130 0.000225 0.000419 0.000712 0.001147 0.001865 0.003012 0.004473 0.006560 0.009317 0.012829 0.017355 0.022850 0.028949 0.035743 0.042589 0.049308 0.055565 0.060712 0.064948 0.067438 0.067230 0.065846 0.062192 0.057641 0.051443 0.044946 0.038081 0.031355 0.025198 0.019900 0.014994 0.011051 0.008037 0.005641 0.003730 0.002439 0.001577 0.001033 0.000651 0.000341 0.000186 0.000119 0.000051 0.000027 0.000017 0.000004 0.000003 0.000004 0.000001 0.000000 0.000001 0.000000 0.000000 0.000000 0.000000 0.000000 0.000000 0.000000 
t: 0.010000000000 start: 87 end: 152 0.000002 0.000003 0.000003 0.000009 0.000016 0.000026 0.000061 0.000132 0.000217 0.000420 0.000653 0.001122 0.001843 0.002852 0.004368 0.006515 0.008965 0.012696 0.017171 0.022381 0.028157 0.035119 0.041913 0.048597 0.055071 0.060132 0.063998 0.066969 0.066941 0.065904 0.062605 0.057914 0.052180 0.045508 0.038753 0.031960 0.026040 0.020382 0.015526 0.011718 0.008259 0.005968 0.003936 0.002622 0.001685 0.001126 0.000703 0.000403 0.000213 0.000118 0.000061 0.000031 0.000018 0.000007 0.000003 0.000003 0.000001 0.000000 0.000001 0.000000 0.000000 0.000000 0.000000 0.000000 0.000000 0.000000 
t: 0.008448275866 start: 99 end: 163 0.000003 0.000010 0.000013 0.000025 0.000048 0.000095 0.000185 0.000275 0.000456 0.000818 0.001378 0.002064 0.003214 0.004695 0.006855 0.009500 0.013021 0.017351 0.022223 0.027985 0.034237 0.040883 0.046799 0.052619 0.057912 0.062046 0.063925 0.065126 0.063778 0.061770 0.057252 0.052318 0.046323 0.040188 0.033696 0.027848 0.022006 0.017305 0.013078 0.009697 0.006958 0.004789 0.003339 0.002239 0.001470 0.000897 0.000531 0.000315 0.000188 0.000122 0.000060 0.000036 0.000022 0.000007 0.000004 0.000002 0.000001 0.000000 0.000000 0.000000 0.000000 0.000000 0.000000 0.000000 0.000000 
t: 0.007313432839 start: 105 end: 172 0.000001 0.000000 0.000002 0.000003 0.000005 0.000012 0.000023 0.000043 0.000082 0.000155 0.000276 0.000416 0.000777 0.001187 0.001795 0.002711 0.004239 0.005982 0.008231 0.011279 0.014932 0.019629 0.024769 0.030459 0.036454 0.042478 0.048442 0.053599 0.058824 0.061328 0.063100 0.063616 0.062324 0.058945 0.055295 0.049884 0.043769 0.037938 0.031835 0.025980 0.020883 0.016421 0.012335 0.009086 0.006590 0.004712 0.003249 0.002281 0.001390 0.000912 0.000530 0.000340 0.000212 0.000116 0.000058 0.000030 0.000012 0.000015 0.000006 0.000002 0.000000 0.000000 0.000000 0.000001 0.000000 0.000000 0.000000 0.000000 
t: 0.006447368423 start: 114 end: 180 0.000001 0.000002 0.000002 0.000004 0.000016 0.000022 0.000044 0.000077 0.000142 0.000243 0.000411 0.000736 0.001097 0.001759 0.002585 0.003789 0.005445 0.007555 0.010319 0.013645 0.018084 0.022829 0.028243 0.033877 0.039851 0.045778 0.051040 0.055798 0.060017 0.061791 0.062279 0.062059 0.059549 0.056455 0.051664 0.046230 0.040623 0.034611 0.028859 0.023209 0.018512 0.014296 0.010858 0.007903 0.005914 0.004069 0.002767 0.001865 0.001168 0.000802 0.000457 0.000277 0.000179 0.000086 0.000050 0.000027 0.000015 0.000007 0.000008 0.000000 0.000000 0.000000 0.000000 0.000000 0.000000 0.000000 0.000000 
t: 0.005764705884 start: 123 end: 188 0.000002 0.000005 0.000013 0.000030 0.000034 0.000068 0.000139 0.000232 0.000375 0.000632 0.001017 0.001545 0.002403 0.003423 0.004850 0.006911 0.009416 0.012485 0.016462 0.021206 0.025731 0.031782 0.037502 0.043048 0.048827 0.053603 0.057634 0.060431 0.061760 0.061722 0.059905 0.057475 0.053418 0.048948 0.042601 0.037260 0.031342 0.025501 0.020642 0.016244 0.012497 0.009443 0.006886 0.004892 0.003362 0.002295 0.001485 0.001003 0.000578 0.000387 0.000229 0.000138 0.000089 0.000041 0.000025 0.000013 0.000011 0.000002 0.000000 0.000000 0.000000 0.000000 0.000000 0.000000 0.000000 0.000000 
t: 0.005212765959 start: 128 end: 196 0.000001 0.000004 0.000003 0.000016 0.000020 0.000034 0.000058 0.000098 0.000158 0.000337 0.000541 0.000843 0.001237 0.001921 0.002836 0.004146 0.005908 0.007968 0.010888 0.014486 0.018451 0.023268 0.028570 0.033632 0.039883 0.045122 0.050710 0.055350 0.058736 0.060456 0.061212 0.061204 0.059116 0.055634 0.051331 0.046073 0.040166 0.034722 0.029117 0.023863 0.018743 0.014762 0.011318 0.008466 0.006025 0.004235 0.002959 0.002008 0.001308 0.000822 0.000496 0.000301 0.000173 0.000108 0.000074 0.000040 0.000022 0.000009 0.000006 0.000002 0.000004 0.000000 0.000000 0.000000 0.000000 0.000000 0.000000 0.000000 0.000000 
t: 0.004757281555 start: 132 end: 200 0.000002 0.000000 0.000000 0.000004 0.000007 0.000011 0.000019 0.000041 0.000073 0.000117 0.000199 0.000297 0.000601 0.000918 0.001424 0.002036 0.003085 0.004396 0.006153 0.008642 0.011360 0.014886 0.019253 0.023743 0.028782 0.034781 0.040160 0.046265 0.051259 0.055423 0.058693 0.060888 0.061228 0.060693 0.058394 0.054924 0.050382 0.045419 0.040080 0.034209 0.028444 0.023109 0.018294 0.014157 0.011161 0.008053 0.005751 0.004228 0.002817 0.001902 0.001252 0.000709 0.000533 0.000336 0.000172 0.000104 0.000069 0.000029 0.000015 0.000008 0.000006 0.000001 0.000003 0.000000 0.000000 0.000000 0.000000 0.000000 0.000000 
t: 0.004375000001 start: 137 end: 208 0.000001 0.000002 0.000001 0.000001 0.000001 0.000010 0.000018 0.000028 0.000063 0.000106 0.000202 0.000299 0.000530 0.000864 0.001220 0.001935 0.002724 0.004041 0.005657 0.007895 0.010622 0.013871 0.017962 0.022343 0.027531 0.033108 0.038730 0.044270 0.050095 0.054087 0.057818 0.060430 0.061522 0.061022 0.058668 0.055748 0.051513 0.047312 0.041427 0.035935 0.030009 0.024812 0.019695 0.015328 0.011580 0.008891 0.006454 0.004629 0.003146 0.002084 0.001494 0.000914 0.000533 0.000341 0.000200 0.000119 0.000081 0.000038 0.000022 0.000011 0.000004 0.000001 0.000001 0.000001 0.000000 0.000000 0.000000 0.000000 0.000000 0.000000 0.000000 0.000000 
t: 0.004049586778 start: 141 end: 211 0.000001 0.000000 0.000001 0.000000 0.000006 0.000008 0.000010 0.000022 0.000035 0.000073 0.000143 0.000228 0.000379 0.000550 0.000887 0.001342 0.002080 0.003070 0.004287 0.006145 0.008383 0.011332 0.014810 0.018751 0.023575 0.028596 0.034426 0.040049 0.046142 0.050858 0.054958 0.058200 0.060513 0.061621 0.060391 0.058738 0.055420 0.051098 0.045514 0.040207 0.034379 0.028929 0.023572 0.018470 0.014588 0.011006 0.008119 0.005900 0.004156 0.002887 0.001845 0.001289 0.000779 0.000514 0.000292 0.000187 0.000111 0.000059 0.000030 0.000020 0.000011 0.000004 0.000002 0.000001 0.000000 0.000001 0.000000 0.000000 0.000000 0.000000 0.000000 
t: 0.003769230770 start: 147 end: 218 0.000003 0.000001 0.000003 0.000010 0.000007 0.000015 0.000027 0.000082 0.000102 0.000199 0.000311 0.000497 0.000714 0.001188 0.001810 0.002646 0.003835 0.005372 0.007396 0.010342 0.013510 0.017521 0.021855 0.026763 0.032439 0.038014 0.043627 0.049168 0.053924 0.057699 0.060110 0.061463 0.061556 0.059561 0.056653 0.052860 0.047678 0.041801 0.036507 0.030472 0.025295 0.020173 0.015697 0.012072 0.008941 0.006413 0.004607 0.003222 0.002193 0.001406 0.000890 0.000547 0.000365 0.000196 0.000103 0.000065 0.000033 0.000020 0.000009 0.000007 0.000002 0.000001 0.000001 0.000000 0.000000 0.000000 0.000001 0.000000 0.000000 0.000000 0.000000 0.000000 
t: 0.003525179857 start: 151 end: 220 0.000001 0.000001 0.000002 0.000002 0.000014 0.000017 0.000036 0.000059 0.000108 0.000179 0.000308 0.000475 0.000763 0.001205 0.001813 0.002642 0.003868 0.005359 0.007631 0.010332 0.013694 0.017528 0.022108 0.027035 0.032416 0.038758 0.043679 0.049383 0.054235 0.058036 0.060299 0.061821 0.061341 0.059831 0.056737 0.052893 0.047592 0.041475 0.036181 0.030387 0.024637 0.019811 0.015520 0.011831 0.008691 0.006235 0.004447 0.003121 0.002050 0.001328 0.000845 0.000509 0.000313 0.000201 0.000090 0.000062 0.000025 0.000023 0.000010 0.000004 0.000002 0.000000 0.000000 0.000000 0.000000 0.000000 0.000001 0.000000 0.000000 0.000000 
t: 0.003310810811 start: 154 end: 223 0.000001 0.000000 0.000003 0.000001 0.000003 0.000011 0.000022 0.000041 0.000076 0.000138 0.000197 0.000353 0.000575 0.000866 0.001306 0.002113 0.003031 0.004399 0.006152 0.008396 0.011328 0.015135 0.019044 0.023864 0.028999 0.034879 0.040690 0.046004 0.051322 0.055648 0.059380 0.061273 0.062146 0.061322 0.059256 0.055478 0.050634 0.045592 0.040025 0.033960 0.027800 0.022604 0.018155 0.013755 0.010261 0.007588 0.005498 0.003713 0.002602 0.001661 0.001066 0.000656 0.000434 0.000245 0.000133 0.000076 0.000048 0.000021 0.000011 0.000005 0.000003 0.000001 0.000000 0.000000 0.000000 0.000001 0.000000 0.000000 0.000000 0.000000 
t: 0.003121019109 start: 159 end: 227 0.000001 0.000003 0.000004 0.000010 0.000022 0.000039 0.000063 0.000110 0.000178 0.000283 0.000474 0.000722 0.001148 0.001714 0.002581 0.003843 0.005561 0.007501 0.010302 0.013537 0.017624 0.021855 0.027509 0.032872 0.038805 0.043942 0.049595 0.054569 0.058563 0.061533 0.062713 0.062235 0.059855 0.057233 0.052484 0.047470 0.041652 0.035778 0.029831 0.024332 0.019374 0.014852 0.011114 0.008350 0.006000 0.004174 0.002759 0.001931 0.001134 0.000718 0.000461 0.000252 0.000132 0.000098 0.000051 0.000026 0.000021 0.000002 0.000003 0.000001 0.000000 0.000000 0.000001 0.000000 0.000000 0.000000 0.000000 0.000000 0.000000 
t: 0.002951807229 start: 163 end: 230 0.000002 0.000003 0.000009 0.000016 0.000031 0.000052 0.000096 0.000187 0.000267 0.000454 0.000679 0.001064 0.001597 0.002465 0.003677 0.005289 0.007306 0.009915 0.013060 0.017290 0.021632 0.026687 0.032661 0.038336 0.043761 0.049237 0.054462 0.058760 0.061689 0.063135 0.062235 0.060448 0.057522 0.053549 0.047795 0.042319 0.035917 0.030192 0.024440 0.019295 0.015131 0.011559 0.008215 0.005980 0.004111 0.002772 0.001825 0.001094 0.000752 0.000445 0.000262 0.000140 0.000099 0.000053 0.000020 0.000006 0.000001 0.000002 0.000001 0.000000 0.000001 0.000000 0.000000 0.000000 0.000000 0.000000 0.000000 0.000000 
t: 0.002800000000 start: 165 end: 232 0.000001 0.000001 0.000006 0.000006 0.000020 0.000036 0.000057 0.000107 0.000175 0.000281 0.000424 0.000743 0.001060 0.001684 0.002634 0.003824 0.005407 0.007557 0.010189 0.013660 0.017554 0.022529 0.027695 0.033256 0.039246 0.045029 0.050292 0.055753 0.059069 0.062504 0.063149 0.062348 0.060558 0.057937 0.052640 0.047096 0.040947 0.034991 0.029015 0.023515 0.018550 0.014309 0.010545 0.007851 0.005354 0.003680 0.002553 0.001666 0.001030 0.000625 0.000390 0.000198 0.000120 0.000061 0.000039 0.000021 0.000009 0.000002 0.000001 0.000000 0.000001 0.000000 0.000000 0.000000 0.000000 0.000000 0.000000 0.000000 
t: 0.002663043479 start: 169 end: 233 0.000004 0.000005 0.000007 0.000022 0.000042 0.000067 0.000117 0.000191 0.000320 0.000488 0.000830 0.001303 0.001860 0.002872 0.004306 0.005934 0.008300 0.011353 0.014821 0.019269 0.024009 0.029319 0.035532 0.041549 0.046914 0.053063 0.057516 0.061160 0.062555 0.063425 0.062551 0.059907 0.056454 0.050963 0.044514 0.038847 0.032963 0.026712 0.021639 0.016765 0.012673 0.009255 0.006525 0.004545 0.003241 0.002087 0.001277 0.000805 0.000520 0.000269 0.000141 0.000103 0.000049 0.000024 0.000006 0.000006 0.000006 0.000000 0.000000 0.000000 0.000000 0.000000 0.000000 0.000000 0.000000 
t: 0.002538860104 start: 170 end: 234 0.000001 0.000000 0.000005 0.000005 0.000013 0.000031 0.000045 0.000078 0.000141 0.000219 0.000427 0.000633 0.000982 0.001575 0.002360 0.003397 0.005084 0.006971 0.009820 0.012937 0.017048 0.021634 0.026913 0.032622 0.038525 0.044683 0.050593 0.055456 0.059787 0.062636 0.063978 0.063579 0.062068 0.058234 0.053492 0.048298 0.041413 0.035326 0.029457 0.023771 0.018531 0.014227 0.010405 0.007407 0.005282 0.003743 0.002322 0.001549 0.000965 0.000589 0.000334 0.000191 0.000103 0.000055 0.000030 0.000017 0.000011 0.000002 0.000000 0.000000 0.000000 0.000000 0.000000 0.000000 0.000000 
t: 0.002425742574 start: 173 end: 238 0.000002 0.000001 0.000002 0.000011 0.000024 0.000028 0.000077 0.000094 0.000205 0.000351 0.000500 0.000850 0.001298 0.001993 0.003058 0.004514 0.006137 0.008864 0.011686 0.015789 0.020089 0.024992 0.030947 0.036719 0.043264 0.049128 0.054361 0.058911 0.062644 0.063942 0.064398 0.062816 0.059897 0.055425 0.049399 0.043556 0.037063 0.031126 0.025291 0.019888 0.015186 0.011091 0.008084 0.005638 0.003915 0.002602 0.001680 0.001028 0.000629 0.000370 0.000199 0.000110 0.000066 0.000036 0.000017 0.000005 0.000003 0.000000 0.000000 0.000001 0.000000 0.000000 0.000000 0.000000 0.000000 0.000000 
t: 0.002322274882 start: 174 end: 237 0.000001 0.000000 0.000000 0.000003 0.000012 0.000020 0.000032 0.000054 0.000092 0.000150 0.000300 0.000453 0.000759 0.001227 0.001847 0.002851 0.004100 0.005726 0.008177 0.011065 0.014913 0.019400 0.024282 0.029936 0.035751 0.042300 0.048590 0.054213 0.058692 0.062544 0.064196 0.064853 0.063667 0.060887 0.055800 0.050963 0.044108 0.038372 0.031561 0.025784 0.020343 0.015613 0.011570 0.008271 0.005721 0.004040 0.002564 0.001677 0.001031 0.000661 0.000380 0.000210 0.000114 0.000068 0.000032 0.000016 0.000007 0.000000 0.000000 0.000000 0.000001 0.000000 0.000000 0.000000 
t: 0.002227272727 start: 178 end: 242 0.000001 0.000007 0.000009 0.000018 0.000027 0.000049 0.000078 0.000178 0.000250 0.000457 0.000763 0.001090 0.001804 0.002752 0.003910 0.005792 0.007894 0.011018 0.014779 0.019097 0.023942 0.029867 0.036246 0.041763 0.048700 0.054369 0.059288 0.062440 0.065248 0.065149 0.063902 0.061267 0.056662 0.050734 0.044189 0.038096 0.031952 0.025610 0.020120 0.015132 0.011432 0.008059 0.005642 0.003758 0.002514 0.001559 0.001072 0.000577 0.000329 0.000197 0.000109 0.000050 0.000032 0.000015 0.000003 0.000002 0.000001 0.000000 0.000000 0.000000 0.000000 0.000000 0.000000 0.000000 0.000000 
t: 0.002139737991 start: 180 end: 244 0.000002 0.000005 0.000003 0.000018 0.000026 0.000053 0.000100 0.000159 0.000255 0.000447 0.000748 0.001138 0.001860 0.002763 0.004057 0.005699 0.008072 0.011400 0.014856 0.019354 0.024786 0.030406 0.036600 0.042779 0.049667 0.055196 0.059783 0.063480 0.065952 0.066226 0.063580 0.060978 0.056177 0.050224 0.043711 0.037427 0.030659 0.024880 0.019251 0.014610 0.010680 0.007456 0.005173 0.003589 0.002260 0.001423 0.000884 0.000520 0.000310 0.000159 0.000068 0.000051 0.000021 0.000010 0.000006 0.000002 0.000001 0.000000 0.000000 0.000000 0.000000 0.000000 0.000000 0.000000 0.000000 
t: 0.002058823530 start: 181 end: 246 0.000001 0.000001 0.000004 0.000007 0.000011 0.000029 0.000057 0.000097 0.000167 0.000289 0.000485 0.000781 0.001211 0.001958 0.002918 0.004169 0.006219 0.008616 0.011784 0.015643 0.020369 0.025876 0.031631 0.037961 0.044988 0.051027 0.056462 0.061109 0.064652 0.066437 0.066137 0.064169 0.060428 0.054887 0.049018 0.042232 0.035627 0.029348 0.023187 0.017825 0.013289 0.009568 0.006794 0.004648 0.003070 0.001957 0.001259 0.000711 0.000432 0.000193 0.000129 0.000071 0.000033 0.000010 0.000012 0.000005 0.000001 0.000001 0.000000 0.000000 0.000000 0.000000 0.000000 0.000000 0.000000 0.000000 
t: 0.001983805668 start: 184 end: 247 0.000001 0.000003 0.000006 0.000015 0.000038 0.000065 0.000091 0.000204 0.000314 0.000537 0.000907 0.001431 0.002072 0.003231 0.004674 0.006739 0.009417 0.012834 0.016985 0.021917 0.027534 0.033662 0.040427 0.047053 0.052865 0.058859 0.062302 0.066068 0.066976 0.066431 0.063375 0.058903 0.053602 0.046758 0.039795 0.033648 0.027113 0.021047 0.016003 0.011734 0.008386 0.005890 0.003896 0.002442 0.001572 0.000998 0.000522 0.000292 0.000175 0.000091 0.000051 0.000030 0.000008 0.000006 0.000003 0.000002 0.000000 0.000000 0.000000 0.000000 0.000000 0.000000 0.000000 0.000000 
t: 0.001914062500 start: 186 end: 248 0.000001 0.000005 0.000009 0.000019 0.000046 0.000066 0.000137 0.000222 0.000400 0.000630 0.001004 0.001589 0.002502 0.003652 0.005386 0.007616 0.010651 0.014297 0.018915 0.023955 0.029938 0.036407 0.043023 0.049582 0.055893 0.061327 0.064684 0.067450 0.066932 0.065670 0.061857 0.057138 0.050817 0.044250 0.037210 0.030267 0.024249 0.018654 0.013900 0.010123 0.006972 0.004772 0.003062 0.001969 0.001179 0.000752 0.000362 0.000228 0.000109 0.000065 0.000035 0.000009 0.000009 0.000003 0.000000 0.000000 0.000001 0.000000 0.000000 0.000000 0.000000 0.000000 0.000000 
t: 0.001849056604 start: 187 end: 250 0.000001 0.000004 0.000005 0.000011 0.000028 0.000048 0.000088 0.000164 0.000279 0.000477 0.000769 0.001296 0.001881 0.002939 0.004294 0.006323 0.008923 0.012279 0.016443 0.021141 0.026663 0.033129 0.039723 0.046701 0.053020 0.059362 0.063432 0.066406 0.068076 0.066893 0.064169 0.060198 0.054247 0.047850 0.040567 0.033555 0.027038 0.021014 0.016007 0.011486 0.008197 0.005494 0.003753 0.002306 0.001405 0.000857 0.000495 0.000264 0.000153 0.000078 0.000036 0.000019 0.000010 0.000002 0.000001 0.000001 0.000000 0.000000 0.000000 0.000000 0.000000 0.000000 0.000000 0.000000 
t: 0.001788321168 start: 190 end: 250 0.000003 0.000012 0.000017 0.000047 0.000052 0.000108 0.000217 0.000383 0.000634 0.001018 0.001486 0.002334 0.003652 0.005230 0.007543 0.010581 0.014339 0.019200 0.024202 0.030208 0.037256 0.043554 0.050849 0.057074 0.061997 0.066205 0.067794 0.068107 0.066204 0.062236 0.057241 0.050777 0.043667 0.036371 0.029404 0.023025 0.017687 0.013177 0.009192 0.006180 0.004145 0.002717 0.001643 0.001018 0.000542 0.000334 0.000171 0.000082 0.000050 0.000024 0.000007 0.000003 0.000001 0.000000 0.000000 0.000000 0.000000 0.000000 0.000000 0.000000 0.000000 
t: 0.001731448763 start: 191 end: 250 0.000001 0.000004 0.000015 0.000025 0.000050 0.000103 0.000136 0.000294 0.000528 0.000829 0.001299 0.001931 0.003008 0.004553 0.006624 0.009308 0.012921 0.017129 0.022190 0.028037 0.034512 0.041675 0.048727 0.055087 0.060515 0.065364 0.067963 0.068854 0.067804 0.064229 0.059133 0.053455 0.045915 0.038951 0.031413 0.024991 0.019119 0.014368 0.010093 0.006817 0.004748 0.002993 0.001817 0.001065 0.000639 0.000363 0.000223 0.000097 0.000050 0.000018 0.000011 0.000006 0.000000 0.000000 0.000000 0.000000 0.000000 0.000000 0.000000 0.000000 
t: 0.001678082192 start: 193 end: 253 0.000003 0.000013 0.000015 0.000034 0.000087 0.000127 0.000222 0.000436 0.000678 0.001084 0.001676 0.002582 0.004006 0.005863 0.008317 0.011698 0.015686 0.020467 0.026346 0.032674 0.039789 0.046723 0.053270 0.059707 0.064882 0.067682 0.069080 0.068749 0.065941 0.061100 0.055255 0.048093 0.040930 0.033305 0.026645 0.020500 0.015216 0.010624 0.007532 0.005056 0.003292 0.001935 0.001188 0.000681 0.000401 0.000212 0.000102 0.000051 0.000029 0.000009 0.000005 0.000001 0.000001 0.000000 0.000000 0.000000 0.000000 0.000000 0.000000 0.000000 0.000000 
t: 0.001627906977 start: 193 end: 253 0.000001 0.000003 0.000008 0.000012 0.000023 0.000061 0.000107 0.000203 0.000346 0.000594 0.000911 0.001519 0.002372 0.003439 0.005253 0.007521 0.010819 0.014434 0.019564 0.024788 0.031103 0.038220 0.045167 0.052752 0.058505 0.063764 0.067948 0.069713 0.069135 0.067261 0.062430 0.056890 0.050081 0.042447 0.034739 0.027948 0.021175 0.015783 0.011452 0.008001 0.005289 0.003308 0.002130 0.001223 0.000738 0.000409 0.000212 0.000117 0.000043 0.000020 0.000013 0.000004 0.000002 0.000000 0.000000 0.000000 0.000000 0.000000 0.000000 0.000000 0.000000 
t: 0.001580645161 start: 195 end: 254 0.000004 0.000006 0.000013 0.000021 0.000045 0.000095 0.000160 0.000308 0.000526 0.000821 0.001378 0.002088 0.003214 0.004831 0.006998 0.009999 0.013811 0.018052 0.023828 0.030393 0.037082 0.044302 0.051452 0.057789 0.063951 0.067728 0.069786 0.070040 0.068371 0.063564 0.058128 0.051171 0.043512 0.035814 0.028843 0.021736 0.016344 0.011734 0.008193 0.005338 0.003573 0.002106 0.001287 0.000741 0.000397 0.000229 0.000111 0.000055 0.000020 0.000009 0.000001 0.000002 0.000000 0.000000 0.000000 0.000000 0.000000 0.000000 0.000000 0.000000 
t: 0.001536050157 start: 195 end: 256 0.000001 0.000003 0.000006 0.000015 0.000017 0.000043 0.000076 0.000131 0.000285 0.000437 0.000802 0.001217 0.001925 0.002950 0.004513 0.006653 0.009461 0.013245 0.017550 0.023279 0.029192 0.036159 0.043898 0.050557 0.058063 0.063257 0.068271 0.070314 0.070632 0.068309 0.065159 0.058744 0.051998 0.044481 0.036543 0.028988 0.022359 0.016390 0.011771 0.008439 0.005469 0.003534 0.002105 0.001280 0.000663 0.000416 0.000205 0.000119 0.000045 0.000021 0.000005 0.000003 0.000001 0.000000 0.000001 0.000000 0.000000 0.000000 0.000000 0.000000 0.000000 0.000000 
t: 0.001493902439 start: 196 end: 257 0.000002 0.000003 0.000003 0.000014 0.000015 0.000035 0.000060 0.000143 0.000231 0.000441 0.000735 0.001158 0.001810 0.002870 0.004377 0.006317 0.009102 0.012677 0.017236 0.022640 0.029152 0.035687 0.043158 0.051067 0.057767 0.063441 0.068576 0.070716 0.070941 0.069133 0.064882 0.059736 0.052524 0.044714 0.036787 0.029497 0.022166 0.016553 0.011966 0.008063 0.005445 0.003449 0.002123 0.001193 0.000675 0.000341 0.000196 0.000115 0.000039 0.000019 0.000006 0.000001 0.000002 0.000001 0.000000 0.000000 0.000000 0.000000 0.000000 0.000000 0.000000 0.000000 
t: 0.001454005935 start: 197 end: 257 0.000002 0.000002 0.000009 0.000009 0.000009 0.000034 0.000060 0.000110 0.000237 0.000429 0.000687 0.001126 0.001737 0.002744 0.004250 0.006245 0.009028 0.012222 0.017112 0.022766 0.028701 0.036021 0.043112 0.051098 0.057392 0.064360 0.068618 0.071612 0.071566 0.069120 0.065317 0.060065 0.053080 0.044392 0.036849 0.029057 0.022084 0.016453 0.011513 0.007853 0.005235 0.003344 0.001939 0.001136 0.000599 0.000327 0.000184 0.000097 0.000036 0.000014 0.000004 0.000002 0.000002 0.000000 0.000000 0.000000 0.000000 0.000000 0.000000 0.000000 0.000000 
t: 0.001416184971 start: 197 end: 257 0.000001 0.000000 0.000005 0.000009 0.000008 0.000008 0.000030 0.000050 0.000113 0.000218 0.000404 0.000687 0.001066 0.001724 0.002764 0.004293 0.006176 0.008782 0.012442 0.017217 0.022636 0.029003 0.036011 0.043637 0.051362 0.058178 0.064820 0.069133 0.071913 0.071946 0.069629 0.066011 0.060194 0.052301 0.044270 0.036347 0.028409 0.021677 0.015919 0.011082 0.007435 0.004993 0.003173 0.001719 0.001075 0.000546 0.000308 0.000157 0.000076 0.000026 0.000011 0.000002 0.000003 0.000000 0.000001 0.000000 0.000000 0.000000 0.000000 0.000000 0.000000 
t: 0.001380281690 start: 197 end: 257 0.000001 0.000000 0.000000 0.000006 0.000005 0.000007 0.000011 0.000024 0.000055 0.000107 0.000214 0.000383 0.000671 0.001069 0.001753 0.002829 0.004178 0.006283 0.009012 0.012550 0.017387 0.023019 0.029427 0.036496 0.044320 0.052372 0.058789 0.065641 0.070010 0.072378 0.071929 0.070275 0.065740 0.059733 0.052258 0.043363 0.035198 0.027898 0.020881 0.015279 0.010381 0.007034 0.004680 0.002797 0.001705 0.000874 0.000462 0.000283 0.000146 0.000056 0.000016 0.000006 0.000007 0.000001 0.000000 0.000001 0.000000 0.000000 0.000000 0.000000 0.000000 
t: 0.001346153846 start: 200 end: 259 0.000003 0.000004 0.000003 0.000008 0.000011 0.000027 0.000047 0.000115 0.000215 0.000384 0.000639 0.001083 0.001814 0.002931 0.004327 0.006288 0.009295 0.012971 0.017716 0.023476 0.030099 0.037759 0.045315 0.053258 0.060070 0.066532 0.071141 0.072677 0.072821 0.069897 0.065103 0.059196 0.050983 0.042714 0.034346 0.026512 0.020008 0.014270 0.009610 0.006579 0.004176 0.002532 0.001440 0.000790 0.000417 0.000217 0.000117 0.000038 0.000015 0.000007 0.000003 0.000000 0.000001 0.000000 0.000000 0.000000 0.000000 0.000000 0.000000 0.000000 
t: 0.001313672922 start: 200 end: 258 0.000001 0.000001 0.000006 0.000000 0.000007 0.000009 0.000034 0.000050 0.000115 0.000246 0.000359 0.000662 0.001159 0.001888 0.002945 0.004515 0.006622 0.009585 0.013462 0.018261 0.024365 0.031309 0.038720 0.046678 0.054193 0.062183 0.067485 0.071933 0.073803 0.072637 0.069541 0.064811 0.057729 0.049847 0.041509 0.032884 0.025166 0.018806 0.013208 0.008909 0.005891 0.003709 0.002183 0.001225 0.000693 0.000340 0.000189 0.000078 0.000034 0.000011 0.000003 0.000000 0.000001 0.000000 0.000000 0.000000 0.000000 0.000000 0.000000 
t: 0.001282722513 start: 200 end: 259 0.000001 0.000000 0.000003 0.000002 0.000005 0.000003 0.000014 0.000029 0.000067 0.000131 0.000218 0.000421 0.000709 0.001214 0.001947 0.003104 0.004777 0.006955 0.010229 0.014050 0.019080 0.025254 0.032846 0.040204 0.048029 0.056333 0.063386 0.069343 0.073029 0.073699 0.072712 0.069528 0.063866 0.056497 0.047932 0.039922 0.031022 0.023882 0.017099 0.012013 0.008039 0.005301 0.003162 0.001823 0.001063 0.000549 0.000270 0.000139 0.000061 0.000024 0.000011 0.000002 0.000001 0.000000 0.000000 0.000000 0.000000 0.000000 0.000000 0.000000 
t: 0.001253196931 start: 201 end: 261 0.000001 0.000001 0.000002 0.000001 0.000005 0.000005 0.000013 0.000048 0.000072 0.000115 0.000232 0.000451 0.000760 0.001314 0.002089 0.003355 0.005061 0.007607 0.010695 0.014977 0.020120 0.026836 0.034285 0.041497 0.050537 0.058431 0.064817 0.070718 0.073813 0.074003 0.072883 0.068911 0.062544 0.054478 0.046593 0.037393 0.029541 0.021821 0.015644 0.010816 0.007070 0.004558 0.002669 0.001536 0.000856 0.000433 0.000214 0.000108 0.000044 0.000019 0.000004 0.000003 0.000001 0.000000 0.000000 0.000000 0.000000 0.000000 0.000000 0.000000 0.000000 
t: 0.001225000000 start: 201 end: 259 0.000001 0.000000 0.000001 0.000000 0.000003 0.000005 0.000007 0.000018 0.000043 0.000068 0.000135 0.000277 0.000510 0.000841 0.001382 0.002307 0.003583 0.005481 0.008197 0.011686 0.016008 0.021229 0.028756 0.035522 0.044231 0.052750 0.060394 0.067053 0.071981 0.073973 0.074852 0.072310 0.068543 0.060506 0.052765 0.043751 0.035275 0.027344 0.019876 0.013984 0.009543 0.006204 0.003788 0.002298 0.001202 0.000697 0.000327 0.000177 0.000067 0.000034 0.000009 0.000005 0.000001 0.000000 0.000000 0.000000 0.000000 0.000000 0.000000 
t: 0.001198044010 start: 201 end: 258 0.000001 0.000000 0.000000 0.000001 0.000000 0.000001 0.000007 0.000008 0.000021 0.000046 0.000089 0.000165 0.000286 0.000564 0.000955 0.001529 0.002486 0.003941 0.006051 0.008951 0.012489 0.017217 0.023423 0.030193 0.037864 0.046461 0.054789 0.063296 0.069098 0.072864 0.075370 0.074965 0.071798 0.066462 0.058833 0.050102 0.041413 0.033102 0.024503 0.017856 0.012351 0.008238 0.005309 0.003187 0.001751 0.000975 0.000525 0.000277 0.000102 0.000057 0.000022 0.000004 0.000002 0.000000 0.000000 0.000000 0.000000 0.000000 
t: 0.001172248804 start: 203 end: 260 0.000001 0.000000 0.000001 0.000000 0.000002 0.000007 0.000006 0.000025 0.000051 0.000102 0.000189 0.000348 0.000639 0.001019 0.001754 0.002763 0.004472 0.006642 0.009880 0.013635 0.018815 0.025168 0.032397 0.040426 0.049147 0.057761 0.065378 0.070556 0.074413 0.076115 0.075133 0.070590 0.064853 0.056178 0.047471 0.038627 0.029892 0.022298 0.015678 0.010733 0.006999 0.004416 0.002582 0.001401 0.000720 0.000413 0.000163 0.000085 0.000038 0.000014 0.000003 0.000001 0.000000 0.000000 0.000000 0.000000 0.000000 0.000000 
t: 0.001147540984 start: 204 end: 262 0.000001 0.000000 0.000001 0.000001 0.000004 0.000003 0.000010 0.000027 0.000063 0.000119 0.000219 0.000395 0.000735 0.001231 0.001957 0.003181 0.004992 0.007562 0.010605 0.015244 0.020646 0.027445 0.034869 0.043264 0.052172 0.060274 0.067555 0.072301 0.076325 0.076703 0.074213 0.069425 0.062147 0.053410 0.044706 0.035304 0.027101 0.019570 0.013700 0.009127 0.005701 0.003635 0.001956 0.001035 0.000585 0.000269 0.000113 0.000062 0.000028 0.000006 0.000002 0.000001 0.000000 0.000000 0.000000 0.000000 0.000000 0.000000 0.000000 
t: 0.001123853211 start: 207 end: 263 0.000002 0.000003 0.000003 0.000004 0.000014 0.000040 0.000065 0.000145 0.000242 0.000493 0.000869 0.001318 0.002255 0.003690 0.005745 0.008293 0.012053 0.016897 0.022622 0.029791 0.037980 0.046315 0.055140 0.063411 0.069814 0.074903 0.076896 0.076925 0.072998 0.067625 0.058900 0.050525 0.041183 0.032044 0.023913 0.017130 0.011637 0.007525 0.004792 0.002801 0.001457 0.000826 0.000387 0.000187 0.000077 0.000044 0.000012 0.000008 0.000001 0.000000 0.000000 0.000000 0.000000 0.000000 0.000000 0.000000 0.000000 
t: 0.001101123596 start: 208 end: 264 0.000003 0.000002 0.000005 0.000007 0.000019 0.000039 0.000082 0.000151 0.000323 0.000592 0.000938 0.001564 0.002687 0.004382 0.006383 0.009431 0.013534 0.018842 0.024968 0.032549 0.041080 0.049938 0.058705 0.066127 0.072477 0.076302 0.078033 0.075798 0.071951 0.064495 0.055872 0.047050 0.037563 0.028710 0.020927 0.014570 0.009612 0.006244 0.003776 0.002082 0.001110 0.000602 0.000263 0.000119 0.000057 0.000023 0.000009 0.000003 0.000001 0.000000 0.000000 0.000000 0.000000 0.000000 0.000000 0.000000 0.000000 
t: 0.001079295154 start: 208 end: 264 0.000001 0.000004 0.000001 0.000007 0.000008 0.000023 0.000060 0.000098 0.000210 0.000379 0.000668 0.001111 0.001885 0.003274 0.004841 0.007461 0.010763 0.015357 0.020762 0.027726 0.035904 0.044752 0.053665 0.062004 0.069379 0.074586 0.078007 0.077841 0.075057 0.069648 0.061041 0.052677 0.043039 0.033586 0.025367 0.017872 0.012212 0.007884 0.004901 0.002797 0.001568 0.000848 0.000408 0.000185 0.000077 0.000038 0.000010 0.000004 0.000004 0.000000 0.000000 0.000000 0.000000 0.000000 0.000000 0.000000 0.000000 
t: 0.001058315335 start: 209 end: 264 0.000002 0.000004 0.000003 0.000006 0.000010 0.000033 0.000064 0.000124 0.000254 0.000471 0.000804 0.001345 0.002328 0.003742 0.005758 0.008608 0.012315 0.017267 0.023278 0.031077 0.039430 0.048548 0.057479 0.065565 0.072500 0.076519 0.078827 0.077774 0.073409 0.066154 0.057858 0.048660 0.038844 0.029818 0.021760 0.015038 0.010064 0.006225 0.003682 0.002177 0.001143 0.000561 0.000267 0.000125 0.000050 0.000020 0.000005 0.000005 0.000000 0.000000 0.000000 0.000000 0.000000 0.000000 0.000000 0.000000 
t: 0.001038135593 start: 210 end: 265 0.000003 0.000002 0.000005 0.000008 0.000020 0.000034 0.000089 0.000159 0.000322 0.000569 0.000961 0.001681 0.002777 0.004383 0.006794 0.010020 0.014065 0.019588 0.026581 0.034485 0.043334 0.052681 0.061264 0.068996 0.075180 0.078656 0.079078 0.076608 0.070663 0.062873 0.054074 0.044420 0.034402 0.025840 0.018259 0.012512 0.007929 0.004784 0.002828 0.001591 0.000799 0.000390 0.000173 0.000075 0.000034 0.000004 0.000006 0.000001 0.000000 0.000000 0.000000 0.000000 0.000000 0.000000 0.000000 0.000000 
t: 0.001018711019 start: 210 end: 265 0.000001 0.000001 0.000005 0.000006 0.000011 0.000027 0.000053 0.000099 0.000197 0.000440 0.000710 0.001260 0.002052 0.003290 0.005292 0.008005 0.011497 0.016363 0.022494 0.029852 0.038474 0.047691 0.056912 0.065216 0.072294 0.077522 0.079586 0.078959 0.074370 0.067741 0.059350 0.049728 0.039307 0.030203 0.021926 0.015198 0.009900 0.006140 0.003736 0.002060 0.001048 0.000565 0.000247 0.000102 0.000053 0.000010 0.000005 0.000002 0.000000 0.000000 0.000000 0.000000 0.000000 0.000000 0.000000 0.000000 
t: 0.001000000000 start: 211 end: 265 0.000001 0.000001 0.000007 0.000008 0.000009 0.000043 0.000072 0.000122 0.000287 0.000508 0.000902 0.001487 0.002509 0.004165 0.006348 0.009337 0.013705 0.018791 0.025697 0.033762 0.042773 0.052313 0.060916 0.069064 0.075621 0.079317 0.080244 0.077592 0.071665 0.064261 0.054827 0.044745 0.034671 0.025914 0.018213 0.012135 0.007714 0.004770 0.002685 0.001487 0.000702 0.000350 0.000164 0.000069 0.000016 0.000008 0.000003 0.000000 0.000000 0.000000 0.000000 0.000000 0.000000 0.000000 0.000000 
