t: 0.059999999999 start: 16 end: 55 0.000003 0.000010 0.000041 0.000174 0.000592 0.001713 0.004237 0.009913 0.019706 0.035376 0.056599 0.081131 0.104597 0.120653 0.126537 0.119785 0.102652 0.079998 0.056871 0.036580 0.021566 0.011363 0.005713 0.002533 0.001042 0.000412 0.000135 0.000044 0.000016 0.000006 0.000001 0.000001 0.000000 0.000000 0.000000 0.000000 0.000000 0.000000 0.000000 0.000000 
t: 0.054545454544 start: 18 end: 58 0.000001 0.000007 0.000043 0.000136 0.000467 0.001303 0.003325 0.007456 0.014910 0.027411 0.044918 0.066579 0.088774 0.108429 0.119782 0.120546 0.109737 0.092832 0.071754 0.050165 0.032617 0.019029 0.010424 0.005220 0.002460 0.001040 0.000412 0.000142 0.000058 0.000015 0.000006 0.000001 0.000001 0.000000 0.000000 0.000000 0.000000 0.000000 0.000000 0.000000 0.000000 
t: 0.049999999999 start: 20 end: 61 0.000002 0.000007 0.000035 0.000121 0.000357 0.001067 0.002647 0.006005 0.012053 0.021701 0.036220 0.055197 0.075640 0.096547 0.110896 0.116777 0.112825 0.100746 0.082792 0.062779 0.043500 0.027916 0.016752 0.009131 0.004545 0.002160 0.000951 0.000396 0.000155 0.000047 0.000027 0.000004 0.000001 0.000000 0.000000 0.000001 0.000000 0.000000 0.000000 0.000000 0.000000 0.000000 
t: 0.046153846153 start: 22 end: 64 0.000002 0.000010 0.000022 0.000098 0.000353 0.000863 0.002287 0.004886 0.009658 0.018089 0.030228 0.046296 0.065452 0.085295 0.100985 0.111178 0.112882 0.104771 0.090827 0.072523 0.053698 0.037188 0.023746 0.013968 0.007516 0.003889 0.001910 0.000837 0.000324 0.000146 0.000047 0.000016 0.000008 0.000001 0.000000 0.000001 0.000000 0.000000 0.000000 0.000000 0.000000 0.000000 0.000000 
t: 0.042857142857 start: 23 end: 66 0.000002 0.000003 0.000006 0.000036 0.000092 0.000297 0.000782 0.001837 0.004229 0.008338 0.015160 0.025730 0.040319 0.056973 0.075587 0.092480 0.104192 0.109714 0.105979 0.096172 0.080080 0.063109 0.045735 0.030511 0.019367 0.011190 0.006204 0.003218 0.001517 0.000681 0.000291 0.000104 0.000042 0.000021 0.000001 0.000000 0.000000 0.000001 0.000000 0.000000 0.000000 0.000000 0.000000 0.000000 
t: 0.040000000000 start: 25 end: 70 0.000001 0.000003 0.000010 0.000030 0.000105 0.000270 0.000734 0.001646 0.003789 0.007128 0.013373 0.022275 0.035377 0.050459 0.067914 0.084681 0.098098 0.105681 0.105271 0.098264 0.085856 0.069674 0.052971 0.037632 0.024918 0.015406 0.008903 0.004839 0.002556 0.001197 0.000566 0.000229 0.000084 0.000042 0.000013 0.000003 0.000001 0.000001 0.000000 0.000000 0.000000 0.000000 0.000000 0.000000 0.000000 0.000000 
t: 0.037500000000 start: 28 end: 71 0.000001 0.000010 0.000035 0.000096 0.000263 0.000691 0.001526 0.003310 0.006626 0.011769 0.020053 0.031363 0.045793 0.062091 0.077905 0.091618 0.100962 0.103661 0.099156 0.089129 0.074958 0.059453 0.043445 0.030129 0.019783 0.012002 0.006876 0.003795 0.001890 0.000928 0.000406 0.000161 0.000084 0.000023 0.000007 0.000002 0.000000 0.000000 0.000000 0.000000 0.000000 0.000000 0.000000 0.000000 
t: 0.035294117647 start: 29 end: 73 0.000001 0.000007 0.000016 0.000024 0.000114 0.000260 0.000658 0.001446 0.003111 0.006005 0.010952 0.018424 0.028607 0.041544 0.057407 0.073097 0.086228 0.096132 0.100988 0.099290 0.090697 0.078455 0.064409 0.048425 0.035256 0.023740 0.015259 0.009027 0.005071 0.002820 0.001353 0.000695 0.000283 0.000136 0.000035 0.000017 0.000011 0.000000 0.000000 0.000000 0.000000 0.000000 0.000000 0.000000 0.000000 
t: 0.033333333333 start: 31 end: 77 0.000002 0.000006 0.000019 0.000041 0.000103 0.000252 0.000626 0.001463 0.003039 0.005677 0.010438 0.017025 0.026715 0.039074 0.053718 0.067943 0.081914 0.092453 0.098040 0.097556 0.091833 0.080706 0.067590 0.053251 0.039703 0.027511 0.017957 0.011240 0.006652 0.003683 0.001992 0.000982 0.000462 0.000206 0.000075 0.000035 0.000014 0.000003 0.000001 0.000000 0.000000 0.000000 0.000000 0.000000 0.000000 0.000000 0.000000 
t: 0.031578947368 start: 33 end: 79 0.000004 0.000009 0.000020 0.000050 0.000132 0.000282 0.000615 0.001464 0.002966 0.005652 0.009879 0.016418 0.025279 0.036947 0.050937 0.064656 0.077843 0.088468 0.095277 0.096142 0.091706 0.082790 0.070049 0.056419 0.042828 0.030711 0.020928 0.013613 0.008111 0.004843 0.002475 0.001301 0.000632 0.000334 0.000137 0.000053 0.000020 0.000008 0.000002 0.000000 0.000000 0.000000 0.000000 0.000000 0.000000 0.000000 0.000000 
t: 0.030000000000 start: 34 end: 82 0.000001 0.000002 0.000015 0.000023 0.000062 0.000121 0.000300 0.000691 0.001491 0.002989 0.005503 0.009976 0.016004 0.024339 0.035565 0.048330 0.062065 0.075056 0.085592 0.092751 0.094655 0.091001 0.083251 0.071330 0.059083 0.045609 0.033563 0.023145 0.015593 0.009604 0.005707 0.003278 0.001693 0.000878 0.000411 0.000192 0.000083 0.000031 0.000011 0.000005 0.000001 0.000000 0.000000 0.000000 0.000000 0.000000 0.000000 0.000000 0.000000 
t: 0.028571428571 start: 36 end: 84 0.000001 0.000005 0.000008 0.000027 0.000076 0.000154 0.000346 0.000744 0.001560 0.003030 0.005735 0.009812 0.015734 0.024107 0.034706 0.046765 0.059690 0.072845 0.083814 0.090017 0.092442 0.090660 0.083127 0.072549 0.060520 0.047665 0.035378 0.025460 0.017183 0.010910 0.006742 0.003932 0.002170 0.001075 0.000559 0.000257 0.000108 0.000047 0.000027 0.000010 0.000003 0.000000 0.000000 0.000000 0.000000 0.000000 0.000000 0.000000 0.000000 
t: 0.027272727273 start: 38 end: 86 0.000001 0.000001 0.000012 0.000030 0.000082 0.000190 0.000365 0.000837 0.001680 0.003209 0.005740 0.010008 0.016197 0.023877 0.033897 0.046174 0.058928 0.071182 0.080931 0.088402 0.090881 0.089241 0.082677 0.073056 0.061302 0.049051 0.037315 0.026766 0.018586 0.012051 0.007661 0.004452 0.002513 0.001360 0.000713 0.000365 0.000139 0.000071 0.000038 0.000012 0.000007 0.000000 0.000000 0.000000 0.000000 0.000000 0.000000 0.000000 0.000000 
t: 0.026086956522 start: 40 end: 89 0.000003 0.000001 0.000016 0.000034 0.000095 0.000189 0.000457 0.000946 0.001796 0.003374 0.006198 0.010244 0.016338 0.024182 0.034197 0.045484 0.057944 0.069683 0.080040 0.086508 0.089821 0.087456 0.082215 0.073195 0.061748 0.049840 0.038258 0.027799 0.019686 0.013050 0.008159 0.004893 0.002933 0.001610 0.000836 0.000425 0.000189 0.000085 0.000048 0.000019 0.000005 0.000001 0.000000 0.000000 0.000000 0.000000 0.000000 0.000000 0.000000 0.000000 
t: 0.025000000000 start: 42 end: 93 0.000004 0.000005 0.000016 0.000041 0.000113 0.000253 0.000493 0.001074 0.002010 0.003694 0.006650 0.010882 0.016709 0.024589 0.034689 0.045665 0.057101 0.069305 0.078597 0.085135 0.088374 0.086970 0.081037 0.072554 0.061504 0.050031 0.038624 0.028805 0.020389 0.013694 0.008802 0.005298 0.003223 0.001775 0.000979 0.000485 0.000232 0.000123 0.000036 0.000028 0.000006 0.000003 0.000002 0.000001 0.000000 0.000000 0.000000 0.000000 0.000000 0.000000 0.000000 0.000000 
t: 0.024000000000 start: 43 end: 94 0.000003 0.000003 0.000007 0.000017 0.000057 0.000119 0.000307 0.000609 0.001228 0.002225 0.004172 0.007064 0.011392 0.017761 0.025326 0.035242 0.045965 0.057519 0.068682 0.078231 0.084354 0.086995 0.085104 0.080083 0.071760 0.060765 0.049932 0.038860 0.028980 0.020639 0.014201 0.009179 0.005784 0.003398 0.001974 0.001032 0.000535 0.000281 0.000111 0.000054 0.000029 0.000018 0.000001 0.000000 0.000002 0.000000 0.000000 0.000000 0.000000 0.000000 0.000000 0.000000 
t: 0.023076923077 start: 44 end: 98 0.000001 0.000002 0.000001 0.000010 0.000032 0.000064 0.000158 0.000340 0.000712 0.001411 0.002558 0.004618 0.007788 0.012306 0.018749 0.026392 0.036279 0.046652 0.058200 0.068708 0.077737 0.083300 0.084988 0.084066 0.079328 0.070223 0.060314 0.049083 0.038635 0.029124 0.020738 0.014184 0.009518 0.005906 0.003559 0.002003 0.001162 0.000591 0.000301 0.000127 0.000071 0.000038 0.000014 0.000005 0.000002 0.000000 0.000001 0.000001 0.000000 0.000000 0.000000 0.000000 0.000000 0.000000 0.000000 
t: 0.022222222222 start: 44 end: 99 0.000001 0.000000 0.000001 0.000002 0.000005 0.000018 0.000033 0.000093 0.000196 0.000431 0.000857 0.001641 0.003036 0.005204 0.008472 0.013372 0.019840 0.027885 0.037390 0.048104 0.058975 0.069153 0.077486 0.082053 0.084939 0.082644 0.077551 0.068264 0.059118 0.048275 0.037991 0.028258 0.020630 0.014189 0.009697 0.005998 0.003605 0.002126 0.001248 0.000635 0.000302 0.000153 0.000072 0.000030 0.000015 0.000006 0.000004 0.000001 0.000000 0.000000 0.000001 0.000000 0.000000 0.000000 0.000000 0.000000 
t: 0.021428571428 start: 46 end: 101 0.000001 0.000000 0.000003 0.000002 0.000007 0.000019 0.000053 0.000112 0.000243 0.000548 0.001021 0.001923 0.003584 0.005883 0.009466 0.014447 0.021321 0.029368 0.039302 0.049863 0.059865 0.069375 0.077226 0.082236 0.083364 0.081229 0.075404 0.067159 0.057219 0.047231 0.036824 0.027729 0.020109 0.014064 0.009454 0.006012 0.003575 0.002226 0.001263 0.000625 0.000342 0.000161 0.000088 0.000027 0.000013 0.000007 0.000004 0.000002 0.000001 0.000000 0.000000 0.000000 0.000000 0.000000 0.000000 0.000000 
t: 0.020689655172 start: 47 end: 102 0.000001 0.000000 0.000001 0.000003 0.000004 0.000017 0.000029 0.000069 0.000162 0.000306 0.000651 0.001263 0.002403 0.004036 0.006756 0.010700 0.015872 0.022765 0.031315 0.040931 0.051249 0.061672 0.070416 0.077556 0.081742 0.082101 0.079379 0.073964 0.064848 0.055520 0.045259 0.035462 0.027073 0.019399 0.013890 0.009000 0.005899 0.003650 0.002100 0.001233 0.000653 0.000342 0.000174 0.000072 0.000031 0.000015 0.000009 0.000006 0.000002 0.000000 0.000000 0.000000 0.000000 0.000000 0.000000 0.000000 
t: 0.020000000000 start: 50 end: 105 0.000001 0.000000 0.000005 0.000005 0.000025 0.000043 0.000079 0.000180 0.000403 0.000853 0.001628 0.002781 0.004763 0.007715 0.012005 0.017492 0.024866 0.033255 0.043383 0.053137 0.063090 0.071777 0.077286 0.081367 0.081237 0.077521 0.071720 0.063158 0.053002 0.043246 0.033990 0.025809 0.018709 0.013007 0.008745 0.005752 0.003449 0.002060 0.001182 0.000627 0.000350 0.000143 0.000076 0.000049 0.000016 0.000005 0.000005 0.000002 0.000001 0.000000 0.000000 0.000000 0.000000 0.000000 0.000000 0.000000 
t: 0.019354838710 start: 52 end: 107 0.000001 0.000003 0.000003 0.000012 0.000027 0.000065 0.000113 0.000272 0.000534 0.001090 0.001961 0.003446 0.005560 0.008992 0.013558 0.019521 0.026918 0.035762 0.045582 0.055183 0.064745 0.072700 0.078061 0.080193 0.079833 0.075981 0.068775 0.060368 0.051084 0.041887 0.032302 0.024574 0.017390 0.012419 0.008291 0.005183 0.003293 0.001970 0.001121 0.000606 0.000310 0.000147 0.000091 0.000040 0.000018 0.000011 0.000003 0.000001 0.000000 0.000000 0.000000 0.000000 0.000000 0.000000 0.000000 0.000000 
t: 0.018750000000 start: 53 end: 107 0.000001 0.000002 0.000000 0.000011 0.000013 0.000043 0.000088 0.000179 0.000387 0.000676 0.001358 0.002442 0.004087 0.006708 0.010362 0.015439 0.021913 0.029349 0.037937 0.048237 0.057948 0.066198 0.073641 0.078330 0.079495 0.078435 0.073201 0.066798 0.057861 0.048785 0.038999 0.030642 0.022677 0.016514 0.011627 0.007669 0.004968 0.002976 0.001764 0.001056 0.000579 0.000307 0.000149 0.000079 0.000038 0.000021 0.000007 0.000004 0.000000 0.000000 0.000000 0.000000 0.000000 0.000000 0.000000 
t: 0.018181818182 start: 54 end: 111 0.000001 0.000000 0.000001 0.000005 0.000010 0.000025 0.000055 0.000126 0.000253 0.000517 0.000955 0.001741 0.003023 0.005025 0.007842 0.012000 0.017656 0.024060 0.032155 0.041358 0.050936 0.060078 0.068068 0.074212 0.078535 0.078306 0.076309 0.071092 0.064089 0.055487 0.046061 0.036713 0.028319 0.021299 0.015230 0.010569 0.006956 0.004447 0.002839 0.001607 0.000985 0.000506 0.000279 0.000148 0.000060 0.000042 0.000011 0.000003 0.000002 0.000003 0.000001 0.000000 0.000000 0.000000 0.000000 0.000000 0.000000 0.000000 
t: 0.017647058823 start: 58 end: 113 0.000003 0.000010 0.000012 0.000039 0.000084 0.000159 0.000353 0.000685 0.001228 0.002214 0.003822 0.006148 0.009317 0.013948 0.019677 0.026889 0.035439 0.044425 0.053995 0.062201 0.070105 0.075350 0.077267 0.077625 0.074333 0.068462 0.060912 0.052728 0.043082 0.034343 0.026265 0.019306 0.013775 0.009623 0.006399 0.004005 0.002460 0.001501 0.000812 0.000488 0.000267 0.000139 0.000059 0.000028 0.000009 0.000006 0.000000 0.000002 0.000000 0.000001 0.000000 0.000000 0.000000 0.000000 0.000000 0.000000 
t: 0.017142857143 start: 60 end: 116 0.000006 0.000010 0.000027 0.000064 0.000130 0.000252 0.000483 0.000921 0.001653 0.002814 0.004709 0.007330 0.011199 0.015836 0.022272 0.030306 0.038475 0.047824 0.056389 0.065388 0.071367 0.075298 0.077538 0.076287 0.071544 0.065719 0.057933 0.049075 0.040198 0.031874 0.023939 0.017515 0.012617 0.008852 0.005478 0.003508 0.002281 0.001289 0.000749 0.000420 0.000231 0.000104 0.000054 0.000023 0.000012 0.000003 0.000002 0.000000 0.000001 0.000001 0.000000 0.000000 0.000000 0.000000 0.000000 0.000000 0.000000 
t: 0.016666666667 start: 60 end: 118 0.000002 0.000002 0.000005 0.000020 0.000041 0.000092 0.000174 0.000334 0.000660 0.001259 0.002238 0.003586 0.005904 0.008792 0.013070 0.018656 0.025050 0.033499 0.042049 0.051059 0.059645 0.067141 0.072874 0.076127 0.076287 0.073976 0.069738 0.062296 0.054585 0.045775 0.036965 0.028982 0.021697 0.016088 0.011224 0.007584 0.004972 0.003131 0.001927 0.001124 0.000618 0.000399 0.000189 0.000088 0.000042 0.000017 0.000010 0.000003 0.000002 0.000001 0.000000 0.000001 0.000000 0.000000 0.000000 0.000000 0.000000 0.000000 0.000000 
t: 0.016216216216 start: 60 end: 119 0.000001 0.000001 0.000002 0.000000 0.000017 0.000042 0.000062 0.000129 0.000253 0.000516 0.000894 0.001741 0.002917 0.004475 0.006988 0.010795 0.015551 0.021365 0.028825 0.036859 0.045680 0.054448 0.062637 0.069156 0.073492 0.075825 0.075132 0.071938 0.066747 0.059261 0.051148 0.041931 0.033658 0.026375 0.019496 0.014188 0.009958 0.006669 0.004306 0.002775 0.001645 0.000974 0.000537 0.000301 0.000143 0.000079 0.000036 0.000016 0.000009 0.000003 0.000002 0.000001 0.000000 0.000000 0.000001 0.000000 0.000000 0.000000 0.000000 0.000000 
t: 0.015789473684 start: 62 end: 121 0.000001 0.000002 0.000001 0.000008 0.000024 0.000056 0.000093 0.000196 0.000370 0.000702 0.001392 0.002152 0.003655 0.005756 0.008817 0.012880 0.018038 0.024812 0.032271 0.040952 0.049256 0.057808 0.065326 0.070692 0.074120 0.075336 0.073339 0.069624 0.063450 0.055550 0.046901 0.038860 0.030436 0.023709 0.017309 0.012570 0.008597 0.005715 0.003758 0.002311 0.001416 0.000770 0.000466 0.000248 0.000134 0.000059 0.000038 0.000010 0.000004 0.000007 0.000002 0.000000 0.000001 0.000000 0.000000 0.000000 0.000000 0.000000 0.000000 0.000000 
t: 0.015384615385 start: 63 end: 123 0.000001 0.000001 0.000004 0.000002 0.000014 0.000042 0.000063 0.000153 0.000262 0.000583 0.000998 0.001747 0.002961 0.004622 0.007187 0.010769 0.015468 0.021179 0.028179 0.036656 0.044667 0.052904 0.061357 0.067449 0.071963 0.074642 0.074298 0.071487 0.066449 0.059452 0.051857 0.043168 0.034754 0.027551 0.021123 0.015158 0.010754 0.007436 0.004989 0.003120 0.001910 0.001180 0.000648 0.000393 0.000182 0.000108 0.000063 0.000020 0.000013 0.000009 0.000003 0.000001 0.000001 0.000000 0.000000 0.000000 0.000000 0.000000 0.000000 0.000000 0.000000 
t: 0.015000000000 start: 64 end: 124 0.000001 0.000001 0.000001 0.000003 0.000016 0.000019 0.000045 0.000104 0.000220 0.000426 0.000754 0.001380 0.002422 0.003913 0.005835 0.009047 0.013218 0.018182 0.024852 0.032342 0.040058 0.049003 0.057007 0.063590 0.069162 0.073459 0.074639 0.072589 0.068454 0.062957 0.056021 0.047894 0.038995 0.031229 0.024605 0.018368 0.013264 0.009220 0.006282 0.004104 0.002628 0.001508 0.000990 0.000555 0.000295 0.000185 0.000075 0.000038 0.000026 0.000011 0.000005 0.000002 0.000001 0.000000 0.000000 0.000000 0.000000 0.000000 0.000000 0.000000 0.000000 
t: 0.014634146341 start: 66 end: 125 0.000002 0.000001 0.000002 0.000009 0.000021 0.000031 0.000077 0.000191 0.000338 0.000605 0.001105 0.001932 0.003185 0.005012 0.007498 0.011189 0.015821 0.021642 0.028714 0.036341 0.044673 0.052402 0.060157 0.066803 0.071594 0.073550 0.073195 0.070301 0.065629 0.059571 0.051536 0.043292 0.035467 0.027951 0.021316 0.015919 0.011410 0.007740 0.005143 0.003513 0.002138 0.001228 0.000818 0.000452 0.000223 0.000127 0.000069 0.000036 0.000016 0.000006 0.000008 0.000001 0.000000 0.000000 0.000000 0.000000 0.000000 0.000000 0.000000 0.000000 
t: 0.014285714286 start: 67 end: 126 0.000002 0.000000 0.000001 0.000010 0.000008 0.000038 0.000062 0.000134 0.000278 0.000503 0.000897 0.001651 0.002584 0.004177 0.006354 0.009638 0.013658 0.018683 0.025729 0.032842 0.040866 0.048680 0.056942 0.063080 0.068991 0.072103 0.073565 0.071198 0.067659 0.062413 0.054989 0.047404 0.039533 0.031283 0.024585 0.018644 0.013537 0.009494 0.006517 0.004374 0.002793 0.001714 0.001052 0.000596 0.000346 0.000196 0.000093 0.000045 0.000030 0.000017 0.000010 0.000000 0.000001 0.000001 0.000000 0.000000 0.000000 0.000000 0.000000 0.000000 
t: 0.013953488372 start: 68 end: 128 0.000001 0.000001 0.000000 0.000004 0.000011 0.000029 0.000059 0.000107 0.000225 0.000353 0.000784 0.001341 0.002205 0.003575 0.005388 0.008158 0.011945 0.016687 0.022624 0.029499 0.037370 0.045191 0.053209 0.060293 0.066233 0.070280 0.072947 0.072333 0.068741 0.064557 0.058329 0.050911 0.042711 0.035165 0.027860 0.021363 0.015872 0.011478 0.007861 0.005332 0.003550 0.002196 0.001385 0.000798 0.000470 0.000289 0.000131 0.000073 0.000029 0.000028 0.000008 0.000009 0.000001 0.000001 0.000000 0.000000 0.000000 0.000000 0.000000 0.000000 0.000000 
t: 0.013636363636 start: 69 end: 129 0.000001 0.000000 0.000001 0.000002 0.000004 0.000023 0.000052 0.000093 0.000178 0.000335 0.000598 0.001133 0.001859 0.002997 0.004714 0.007018 0.010421 0.014882 0.020242 0.026717 0.033860 0.042059 0.049707 0.057108 0.063528 0.068683 0.071689 0.072074 0.070070 0.066433 0.060743 0.054175 0.045911 0.038564 0.030935 0.024011 0.018240 0.013483 0.009451 0.006542 0.004407 0.002798 0.001787 0.001091 0.000625 0.000344 0.000197 0.000102 0.000061 0.000026 0.000014 0.000007 0.000004 0.000001 0.000000 0.000000 0.000000 0.000000 0.000000 0.000000 0.000000 
t: 0.013333333333 start: 73 end: 131 0.000001 0.000008 0.000013 0.000042 0.000086 0.000153 0.000264 0.000501 0.000901 0.001549 0.002616 0.004095 0.006155 0.009258 0.013213 0.018070 0.023983 0.031083 0.038785 0.046606 0.054313 0.060933 0.066227 0.070006 0.072056 0.070662 0.067528 0.062846 0.057085 0.049272 0.041478 0.033755 0.027333 0.020595 0.015263 0.011051 0.007894 0.005310 0.003595 0.002121 0.001438 0.000816 0.000452 0.000280 0.000142 0.000080 0.000039 0.000024 0.000013 0.000007 0.000004 0.000000 0.000000 0.000000 0.000000 0.000000 0.000000 0.000000 0.000000 
t: 0.013043478261 start: 74 end: 134 0.000002 0.000006 0.000007 0.000036 0.000067 0.000128 0.000241 0.000423 0.000777 0.001382 0.002197 0.003596 0.005385 0.008069 0.011750 0.016404 0.021739 0.028518 0.035816 0.043488 0.051469 0.058181 0.064310 0.068589 0.070851 0.070839 0.068670 0.064571 0.059130 0.052240 0.044567 0.036898 0.029911 0.022916 0.017378 0.012657 0.009228 0.006445 0.004321 0.002654 0.001731 0.001046 0.000632 0.000312 0.000190 0.000122 0.000058 0.000024 0.000012 0.000010 0.000005 0.000001 0.000001 0.000000 0.000000 0.000000 0.000000 0.000000 0.000000 0.000000 0.000000 
t: 0.012765957447 start: 74 end: 135 0.000002 0.000002 0.000002 0.000011 0.000027 0.000041 0.000104 0.000202 0.000376 0.000668 0.001129 0.001988 0.003095 0.004810 0.007133 0.010517 0.014692 0.020022 0.026126 0.033351 0.040713 0.048623 0.055598 0.062051 0.066900 0.069863 0.070712 0.068899 0.066346 0.060953 0.054651 0.047159 0.039763 0.032491 0.025602 0.019239 0.014451 0.010749 0.007392 0.005135 0.003248 0.002142 0.001269 0.000772 0.000429 0.000249 0.000144 0.000083 0.000036 0.000023 0.000007 0.000007 0.000000 0.000002 0.000001 0.000000 0.000000 0.000000 0.000000 0.000000 0.000000 0.000000 
t: 0.012500000000 start: 76 end: 136 0.000002 0.000002 0.000005 0.000018 0.000047 0.000089 0.000166 0.000323 0.000564 0.001028 0.001697 0.002742 0.004262 0.006490 0.009346 0.013438 0.018334 0.024103 0.030788 0.038385 0.045871 0.053161 0.059773 0.065072 0.069149 0.069800 0.069767 0.067091 0.062540 0.056603 0.049769 0.042233 0.034836 0.028029 0.021481 0.016359 0.011846 0.008696 0.005898 0.003847 0.002549 0.001580 0.000955 0.000553 0.000327 0.000181 0.000099 0.000047 0.000029 0.000016 0.000006 0.000006 0.000002 0.000000 0.000000 0.000000 0.000000 0.000000 0.000000 0.000000 0.000000 
t: 0.012244897959 start: 78 end: 138 0.000001 0.000008 0.000011 0.000042 0.000075 0.000157 0.000279 0.000492 0.000904 0.001509 0.002469 0.003838 0.005762 0.008563 0.012121 0.016868 0.022232 0.028887 0.036027 0.043233 0.050731 0.057716 0.063228 0.067324 0.069828 0.069948 0.067581 0.064087 0.058413 0.051775 0.044789 0.036867 0.030232 0.023865 0.018111 0.013318 0.009680 0.006768 0.004616 0.003004 0.001900 0.001187 0.000642 0.000405 0.000244 0.000117 0.000071 0.000046 0.000014 0.000007 0.000004 0.000003 0.000001 0.000000 0.000000 0.000000 0.000000 0.000000 0.000000 0.000000 0.000000 
t: 0.012000000000 start: 79 end: 139 0.000002 0.000002 0.000017 0.000037 0.000074 0.000146 0.000242 0.000424 0.000784 0.001382 0.002178 0.003457 0.005260 0.007671 0.011213 0.015551 0.020890 0.027072 0.033516 0.041233 0.048424 0.055395 0.061277 0.066392 0.069026 0.069464 0.068168 0.065185 0.060180 0.053676 0.046826 0.039327 0.032276 0.025774 0.019729 0.014686 0.010953 0.007611 0.005327 0.003551 0.002231 0.001366 0.000845 0.000513 0.000301 0.000162 0.000090 0.000052 0.000023 0.000012 0.000003 0.000003 0.000000 0.000000 0.000001 0.000000 0.000000 0.000000 0.000000 0.000000 0.000000 
t: 0.011764705882 start: 80 end: 141 0.000003 0.000005 0.000016 0.000022 0.000060 0.000138 0.000225 0.000395 0.000668 0.001231 0.001974 0.003169 0.004750 0.007112 0.010141 0.014512 0.019317 0.025657 0.031547 0.039152 0.046598 0.053658 0.059516 0.065068 0.067729 0.069048 0.068616 0.065442 0.061431 0.055626 0.048518 0.041599 0.034677 0.027316 0.021466 0.016313 0.012061 0.008442 0.006038 0.004063 0.002545 0.001699 0.001019 0.000618 0.000351 0.000225 0.000097 0.000065 0.000037 0.000014 0.000006 0.000003 0.000001 0.000000 0.000000 0.000001 0.000000 0.000000 0.000000 0.000000 0.000000 0.000000 
t: 0.011538461538 start: 80 end: 143 0.000001 0.000005 0.000001 0.000012 0.000025 0.000052 0.000121 0.000228 0.000346 0.000659 0.001112 0.001774 0.002790 0.004369 0.006516 0.009660 0.013454 0.017840 0.024061 0.030103 0.037284 0.044939 0.051704 0.057695 0.063290 0.066552 0.068854 0.068749 0.066534 0.062321 0.056896 0.050234 0.043547 0.036462 0.029293 0.023250 0.017580 0.013133 0.009541 0.006618 0.004507 0.003032 0.001977 0.001152 0.000769 0.000413 0.000255 0.000133 0.000083 0.000035 0.000024 0.000007 0.000003 0.000002 0.000002 0.000000 0.000001 0.000000 0.000000 0.000000 0.000000 0.000000 0.000000 0.000000 
t: 0.011320754717 start: 81 end: 144 0.000001 0.000001 0.000004 0.000010 0.000023 0.000058 0.000105 0.000199 0.000342 0.000602 0.001010 0.001685 0.002584 0.003919 0.006224 0.008824 0.012518 0.016974 0.022404 0.028662 0.035962 0.042944 0.049820 0.056290 0.061858 0.065743 0.067931 0.068802 0.067105 0.063429 0.057841 0.051864 0.045148 0.037895 0.031232 0.024971 0.018854 0.014122 0.010434 0.007333 0.005075 0.003467 0.002337 0.001358 0.000871 0.000526 0.000276 0.000167 0.000093 0.000055 0.000029 0.000008 0.000005 0.000000 0.000004 0.000001 0.000001 0.000000 0.000000 0.000000 0.000000 0.000000 0.000000 0.000000 
t: 0.011111111111 start: 83 end: 146 0.000001 0.000007 0.000010 0.000018 0.000037 0.000106 0.000169 0.000304 0.000581 0.000965 0.001542 0.002336 0.003698 0.005761 0.008361 0.011787 0.016040 0.021333 0.027208 0.034124 0.041584 0.048212 0.054808 0.060320 0.064906 0.067560 0.068201 0.067457 0.063780 0.059395 0.053144 0.046794 0.039476 0.032882 0.026128 0.020209 0.015222 0.011402 0.008018 0.005789 0.003786 0.002533 0.001626 0.000985 0.000606 0.000357 0.000182 0.000121 0.000069 0.000032 0.000015 0.000005 0.000002 0.000002 0.000003 0.000001 0.000000 0.000000 0.000000 0.000000 0.000000 0.000000 0.000000 0.000000 
t: 0.010909090909 start: 83 end: 147 0.000001 0.000002 0.000005 0.000009 0.000015 0.000044 0.000088 0.000162 0.000268 0.000551 0.000889 0.001391 0.002281 0.003567 0.005257 0.007965 0.011101 0.015211 0.020089 0.026076 0.033011 0.039751 0.047141 0.053247 0.058853 0.064299 0.066938 0.067901 0.067309 0.064599 0.059912 0.054418 0.048129 0.040946 0.034347 0.027433 0.021470 0.016568 0.012162 0.008739 0.006182 0.004197 0.002929 0.001779 0.001137 0.000712 0.000391 0.000242 0.000132 0.000073 0.000046 0.000016 0.000005 0.000008 0.000002 0.000003 0.000001 0.000000 0.000000 0.000000 0.000000 0.000000 0.000000 0.000000 0.000000 
t: 0.010714285714 start: 84 end: 147 0.000002 0.000000 0.000004 0.000007 0.000020 0.000039 0.000090 0.000123 0.000273 0.000541 0.000869 0.001283 0.002152 0.003348 0.004978 0.007463 0.010533 0.014495 0.019213 0.025391 0.031668 0.038405 0.045582 0.051954 0.057735 0.062971 0.066481 0.068025 0.067006 0.064553 0.060954 0.055603 0.049457 0.042438 0.035055 0.028644 0.022916 0.017494 0.013155 0.009512 0.006572 0.004619 0.003207 0.002068 0.001269 0.000759 0.000461 0.000266 0.000169 0.000089 0.000047 0.000021 0.000006 0.000007 0.000004 0.000003 0.000001 0.000000 0.000000 0.000000 0.000000 0.000000 0.000000 0.000000 
t: 0.010526315789 start: 85 end: 149 0.000002 0.000001 0.000004 0.000004 0.000018 0.000043 0.000062 0.000132 0.000267 0.000514 0.000769 0.001273 0.002035 0.003259 0.004728 0.006956 0.010179 0.013739 0.018717 0.024294 0.030397 0.037480 0.044316 0.050689 0.056865 0.061649 0.065730 0.067755 0.066946 0.065276 0.061672 0.056232 0.050318 0.043475 0.036388 0.029973 0.023734 0.018574 0.013953 0.010135 0.007254 0.004970 0.003467 0.002209 0.001394 0.000934 0.000511 0.000308 0.000191 0.000101 0.000060 0.000025 0.000006 0.000008 0.000005 0.000003 0.000000 0.000001 0.000000 0.000000 0.000000 0.000000 0.000000 0.000000 0.000000 
t: 0.010344827586 start: 85 end: 149 0.000001 0.000000 0.000001 0.000004 0.000009 0.000020 0.000030 0.000066 0.000124 0.000269 0.000431 0.000766 0.001242 0.001959 0.003000 0.004603 0.006818 0.009584 0.013481 0.017919 0.023211 0.029710 0.036203 0.043312 0.049834 0.055911 0.060665 0.065145 0.066778 0.067238 0.065747 0.061971 0.056742 0.050978 0.044562 0.038066 0.030586 0.024797 0.019519 0.014679 0.010687 0.007776 0.005477 0.003633 0.002453 0.001625 0.000977 0.000585 0.000366 0.000194 0.000123 0.000060 0.000031 0.000016 0.000005 0.000008 0.000002 0.000000 0.000001 0.000000 0.000000 0.000000 0.000000 0.000000 0.000000 
t: 0.010169491525 start: 85 end: 150 0.000001 0.000000 0.000000 0.000001 0.000004 0.000010 0.000016 0.000033 0.000072 0.000140 0.000244 0.000423 0.000696 0.001163 0.001882 0.002916 0.004448 0.006571 0.009323 0.012868 0.017294 0.022680 0.028993 0.035326 0.042191 0.048894 0.054747 0.059878 0.064309 0.066957 0.067075 0.065778 0.062335 0.057534 0.051467 0.045288 0.038759 0.032043 0.025766 0.020236 0.015182 0.011439 0.008252 0.005767 0.003942 0.002691 0.001708 0.001067 0.000687 0.000424 0.000215 0.000120 0.000073 0.000038 0.000018 0.000006 0.000007 0.000001 0.000001 0.000001 0.000000 0.000000 0.000000 0.000000 0.000000 0.000000 
t: 0.010000000000 start: 86 end: 149 0.000001 0.000000 0.000000 0.000000 0.000003 0.000009 0.000012 0.000028 0.000072 0.000131 0.000243 0.000395 0.000723 0.001116 0.001753 0.002877 0.004322 0.006372 0.009102 0.012706 0.016591 0.022110 0.028235 0.034655 0.041070 0.048202 0.053874 0.059333 0.063332 0.066461 0.067028 0.065790 0.062562 0.058049 0.052384 0.046209 0.039646 0.032538 0.026545 0.021036 0.015925 0.011972 0.008644 0.006106 0.004255 0.002750 0.001856 0.001198 0.000805 0.000428 0.000246 0.000133 0.000083 0.000047 0.000019 0.000008 0.000005 0.000003 0.000002 0.000000 0.000000 0.000000 0.000000 0.000000 
t: 0.008448275866 start: 98 end: 163 0.000001 0.000001 0.000003 0.000002 0.000010 0.000026 0.000047 0.000085 0.000140 0.000255 0.000433 0.000752 0.001296 0.001881 0.003005 0.004317 0.006311 0.008880 0.012098 0.016141 0.020896 0.026390 0.032299 0.038632 0.044711 0.050932 0.055926 0.060841 0.063566 0.064259 0.064388 0.062332 0.058279 0.053904 0.048113 0.041619 0.035752 0.029280 0.024022 0.018713 0.014415 0.010709 0.007742 0.005595 0.003892 0.002568 0.001708 0.001098 0.000702 0.000429 0.000255 0.000170 0.000080 0.000050 0.000025 0.000015 0.000008 0.000000 0.000001 0.000000 0.000000 0.000000 0.000000 0.000000 0.000000 0.000000 
t: 0.007313432839 start: 108 end: 175 0.000001 0.000002 0.000007 0.000005 0.000025 0.000034 0.000073 0.000134 0.000238 0.000384 0.000592 0.000996 0.001504 0.002312 0.003617 0.004928 0.007258 0.010020 0.013331 0.017439 0.022381 0.027442 0.033262 0.039355 0.045925 0.050945 0.055470 0.059887 0.062571 0.063027 0.062435 0.060552 0.056741 0.052241 0.046875 0.040805 0.034922 0.028882 0.023590 0.018624 0.014544 0.010960 0.008079 0.005747 0.004056 0.002729 0.001932 0.001216 0.000793 0.000471 0.000253 0.000175 0.000093 0.000059 0.000039 0.000014 0.000003 0.000002 0.000002 0.000001 0.000000 0.000000 0.000000 0.000000 0.000000 0.000000 0.000000 0.000000 
t: 0.006447368423 start: 117 end: 184 0.000002 0.000003 0.000007 0.000017 0.000039 0.000057 0.000114 0.000204 0.000327 0.000493 0.000946 0.001335 0.002005 0.002975 0.004391 0.006173 0.008592 0.011507 0.015260 0.019436 0.024615 0.029892 0.035721 0.041316 0.047115 0.052500 0.056789 0.060101 0.061550 0.062209 0.060948 0.058812 0.054674 0.049666 0.044475 0.038582 0.032966 0.027117 0.022007 0.017573 0.013626 0.010136 0.007490 0.005179 0.003743 0.002625 0.001798 0.001175 0.000697 0.000403 0.000264 0.000155 0.000094 0.000042 0.000025 0.000018 0.000013 0.000003 0.000002 0.000000 0.000000 0.000000 0.000000 0.000000 0.000001 0.000000 0.000000 0.000000 
t: 0.005764705884 start: 123 end: 194 0.000002 0.000002 0.000005 0.000007 0.000017 0.000032 0.000045 0.000093 0.000160 0.000267 0.000441 0.000656 0.001127 0.001707 0.002628 0.003664 0.005308 0.007438 0.010032 0.013120 0.017185 0.021353 0.026988 0.032155 0.037858 0.043837 0.048972 0.053921 0.057528 0.060236 0.061800 0.060954 0.059640 0.056792 0.052461 0.047637 0.042257 0.036345 0.030564 0.025240 0.020350 0.015843 0.012520 0.009241 0.006844 0.004896 0.003369 0.002315 0.001585 0.001005 0.000630 0.000389 0.000232 0.000140 0.000068 0.000047 0.000024 0.000014 0.000008 0.000002 0.000001 0.000001 0.000001 0.000000 0.000001 0.000000 0.000000 0.000000 0.000000 0.000000 0.000000 0.000000 
t: 0.005212765959 start: 130 end: 200 0.000001 0.000001 0.000010 0.000008 0.000021 0.000054 0.000049 0.000106 0.000179 0.000361 0.000534 0.000857 0.001325 0.001998 0.002947 0.004188 0.005952 0.007996 0.011043 0.014518 0.018188 0.023168 0.028299 0.033680 0.039249 0.044896 0.050354 0.054426 0.057965 0.060247 0.060976 0.060484 0.058685 0.055419 0.051001 0.046493 0.040814 0.034961 0.029413 0.024201 0.019198 0.015192 0.011675 0.008642 0.006443 0.004658 0.003180 0.002153 0.001437 0.000935 0.000548 0.000381 0.000207 0.000106 0.000090 0.000038 0.000029 0.000008 0.000007 0.000002 0.000001 0.000002 0.000001 0.000000 0.000000 0.000000 0.000000 0.000000 0.000000 0.000000 0.000000 
t: 0.004757281555 start: 136 end: 206 0.000002 0.000004 0.000011 0.000011 0.000024 0.000039 0.000077 0.000111 0.000200 0.000332 0.000545 0.000852 0.001286 0.002100 0.002952 0.004190 0.005975 0.008264 0.010864 0.014315 0.018517 0.022954 0.027944 0.033784 0.039024 0.044712 0.049846 0.054216 0.057574 0.060254 0.060959 0.059938 0.058331 0.055287 0.051263 0.046504 0.040893 0.035526 0.029554 0.024252 0.019584 0.015376 0.011750 0.009024 0.006634 0.004622 0.003283 0.002287 0.001490 0.000932 0.000638 0.000370 0.000224 0.000136 0.000077 0.000043 0.000019 0.000011 0.000002 0.000006 0.000002 0.000003 0.000001 0.000000 0.000000 0.000000 0.000000 0.000000 0.000000 0.000000 0.000000 
t: 0.004375000001 start: 140 end: 211 0.000001 0.000000 0.000006 0.000005 0.000009 0.000018 0.000032 0.000055 0.000105 0.000151 0.000284 0.000452 0.000718 0.001162 0.001694 0.002581 0.003705 0.005199 0.007069 0.009729 0.012890 0.016745 0.021043 0.025975 0.031175 0.036704 0.042289 0.047811 0.052449 0.055785 0.059204 0.060324 0.060613 0.059567 0.057062 0.053337 0.048312 0.043114 0.037564 0.031868 0.026536 0.021964 0.016915 0.013272 0.010186 0.007586 0.005439 0.003888 0.002604 0.001789 0.001147 0.000726 0.000446 0.000284 0.000162 0.000115 0.000065 0.000031 0.000015 0.000010 0.000007 0.000002 0.000002 0.000002 0.000001 0.000000 0.000000 0.000000 0.000000 0.000000 0.000000 0.000000 
t: 0.004049586778 start: 143 end: 214 0.000001 0.000000 0.000001 0.000002 0.000005 0.000007 0.000006 0.000019 0.000031 0.000065 0.000104 0.000157 0.000297 0.000499 0.000798 0.001160 0.001877 0.002593 0.003734 0.005401 0.007415 0.009977 0.013220 0.017097 0.021468 0.026311 0.032092 0.036828 0.042704 0.048128 0.052659 0.056804 0.058947 0.060721 0.060294 0.059500 0.056421 0.052857 0.047983 0.042607 0.037322 0.031288 0.026237 0.021341 0.016752 0.013037 0.009957 0.007247 0.005425 0.003635 0.002466 0.001694 0.001101 0.000680 0.000395 0.000244 0.000168 0.000100 0.000058 0.000032 0.000014 0.000007 0.000006 0.000001 0.000000 0.000003 0.000000 0.000000 0.000000 0.000000 0.000000 0.000000 
t: 0.003769230770 start: 144 end: 216 0.000001 0.000000 0.000000 0.000000 0.000000 0.000002 0.000001 0.000002 0.000004 0.000009 0.000011 0.000025 0.000046 0.000080 0.000153 0.000217 0.000402 0.000648 0.000991 0.001482 0.002116 0.003166 0.004612 0.006408 0.008793 0.011609 0.015398 0.019172 0.024140 0.029428 0.034596 0.040372 0.045584 0.050529 0.054853 0.057814 0.060057 0.061047 0.059884 0.058055 0.054823 0.050404 0.045350 0.039818 0.034251 0.028343 0.023448 0.018718 0.014842 0.011167 0.008435 0.006038 0.004285 0.002972 0.002004 0.001269 0.000811 0.000539 0.000336 0.000195 0.000120 0.000059 0.000030 0.000018 0.000008 0.000004 0.000001 0.000002 0.000003 0.000000 0.000000 0.000000 0.000000 
t: 0.003525179857 start: 149 end: 219 0.000001 0.000000 0.000001 0.000000 0.000000 0.000001 0.000001 0.000009 0.000005 0.000013 0.000019 0.000045 0.000065 0.000139 0.000245 0.000375 0.000603 0.000900 0.001408 0.002146 0.003114 0.004462 0.006159 0.008456 0.011416 0.014742 0.018947 0.023848 0.028597 0.034172 0.040175 0.045894 0.050079 0.054665 0.057802 0.060077 0.061011 0.060185 0.058260 0.055440 0.050956 0.045866 0.040142 0.034511 0.029027 0.023757 0.018908 0.014869 0.011192 0.008474 0.006070 0.004307 0.002979 0.002018 0.001358 0.000817 0.000545 0.000311 0.000191 0.000095 0.000070 0.000027 0.000018 0.000007 0.000003 0.000005 0.000000 0.000000 0.000000 0.000000 0.000000 
t: 0.003310810811 start: 155 end: 225 0.000001 0.000000 0.000000 0.000001 0.000002 0.000003 0.000009 0.000021 0.000031 0.000044 0.000085 0.000137 0.000247 0.000438 0.000684 0.001018 0.001577 0.002354 0.003361 0.004776 0.006675 0.009153 0.012235 0.015682 0.020003 0.024959 0.029994 0.035567 0.041974 0.046796 0.051901 0.055726 0.058948 0.060791 0.061096 0.060234 0.057583 0.054168 0.049064 0.044648 0.038860 0.033156 0.027815 0.022403 0.017673 0.013619 0.010389 0.007578 0.005463 0.003775 0.002640 0.001788 0.001126 0.000678 0.000443 0.000266 0.000154 0.000093 0.000036 0.000029 0.000009 0.000016 0.000003 0.000001 0.000001 0.000000 0.000000 0.000000 0.000000 0.000000 0.000000 
t: 0.003121019109 start: 160 end: 228 0.000001 0.000000 0.000001 0.000002 0.000006 0.000011 0.000029 0.000037 0.000064 0.000114 0.000184 0.000348 0.000554 0.000795 0.001280 0.001848 0.002858 0.004079 0.005802 0.008083 0.010694 0.013963 0.017958 0.022747 0.027865 0.033023 0.039212 0.044641 0.049239 0.054376 0.058263 0.060215 0.061743 0.060986 0.059141 0.055518 0.051905 0.047388 0.041276 0.035627 0.029843 0.024511 0.019426 0.015187 0.011482 0.008669 0.006202 0.004359 0.003062 0.002087 0.001275 0.000820 0.000505 0.000298 0.000201 0.000076 0.000053 0.000032 0.000018 0.000013 0.000004 0.000000 0.000000 0.000001 0.000000 0.000000 0.000000 0.000000 0.000000 
t: 0.002951807229 start: 164 end: 232 0.000001 0.000001 0.000001 0.000008 0.000011 0.000013 0.000033 0.000068 0.000107 0.000160 0.000291 0.000471 0.000781 0.001154 0.001696 0.002605 0.003821 0.005401 0.007404 0.010209 0.013381 0.017210 0.021794 0.026741 0.032195 0.037917 0.043577 0.048953 0.053526 0.058003 0.060328 0.061615 0.061344 0.059889 0.057217 0.052810 0.047896 0.042551 0.036488 0.030845 0.025286 0.020183 0.015664 0.011924 0.008885 0.006378 0.004460 0.003145 0.002117 0.001367 0.000873 0.000511 0.000302 0.000176 0.000099 0.000056 0.000025 0.000017 0.000012 0.000002 0.000002 0.000000 0.000000 0.000000 0.000000 0.000000 0.000000 0.000000 0.000000 
t: 0.002800000000 start: 165 end: 233 0.000001 0.000000 0.000000 0.000001 0.000002 0.000003 0.000009 0.000017 0.000037 0.000061 0.000094 0.000180 0.000284 0.000481 0.000796 0.001188 0.001730 0.002624 0.003855 0.005464 0.007387 0.010207 0.013527 0.017364 0.021491 0.027136 0.032804 0.038239 0.043835 0.049634 0.054549 0.058277 0.060610 0.061938 0.061486 0.060338 0.057143 0.053074 0.047615 0.042096 0.036189 0.030132 0.024713 0.019841 0.015109 0.011533 0.008374 0.006126 0.004342 0.002934 0.001961 0.001246 0.000817 0.000486 0.000305 0.000140 0.000075 0.000047 0.000034 0.000008 0.000007 0.000002 0.000002 0.000000 0.000000 0.000000 0.000000 0.000000 0.000000 
t: 0.002663043479 start: 168 end: 234 0.000001 0.000000 0.000000 0.000002 0.000000 0.000003 0.000008 0.000025 0.000032 0.000060 0.000131 0.000201 0.000311 0.000520 0.000769 0.001294 0.001965 0.002848 0.004239 0.005927 0.008004 0.010924 0.014120 0.018311 0.023259 0.028624 0.034059 0.039896 0.045258 0.051320 0.055734 0.059112 0.061677 0.062932 0.061666 0.060023 0.056134 0.051696 0.046054 0.040696 0.034440 0.028484 0.023156 0.018022 0.013983 0.010543 0.007568 0.005433 0.003754 0.002491 0.001715 0.001056 0.000637 0.000399 0.000231 0.000115 0.000068 0.000037 0.000016 0.000010 0.000006 0.000001 0.000000 0.000000 0.000000 0.000000 0.000000 
t: 0.002538860104 start: 173 end: 239 0.000002 0.000002 0.000001 0.000006 0.000014 0.000028 0.000035 0.000091 0.000158 0.000215 0.000356 0.000603 0.001003 0.001518 0.002308 0.003295 0.004874 0.006687 0.009128 0.012128 0.016004 0.020337 0.025304 0.030927 0.036976 0.043000 0.048413 0.053633 0.057406 0.061318 0.062609 0.062673 0.062053 0.058342 0.054010 0.049303 0.043765 0.037707 0.031583 0.025760 0.020485 0.016173 0.012097 0.008839 0.006237 0.004352 0.003117 0.001990 0.001292 0.000759 0.000460 0.000272 0.000165 0.000092 0.000045 0.000024 0.000017 0.000007 0.000002 0.000000 0.000000 0.000000 0.000000 0.000000 0.000000 0.000000 0.000000 
t: 0.002425742574 start: 175 end: 241 0.000001 0.000000 0.000002 0.000004 0.000006 0.000021 0.000041 0.000072 0.000112 0.000177 0.000311 0.000504 0.000762 0.001265 0.001939 0.002734 0.004104 0.005972 0.008006 0.010887 0.014411 0.018323 0.023510 0.028628 0.034717 0.040554 0.046421 0.052016 0.056852 0.060155 0.062718 0.063665 0.062509 0.059983 0.056293 0.051466 0.045758 0.040124 0.033850 0.027500 0.022302 0.017438 0.013149 0.009748 0.006940 0.004965 0.003306 0.002190 0.001425 0.000875 0.000571 0.000331 0.000185 0.000089 0.000057 0.000028 0.000010 0.000010 0.000005 0.000003 0.000000 0.000000 0.000000 0.000000 0.000000 0.000000 0.000000 
t: 0.002322274882 start: 175 end: 241 0.000001 0.000000 0.000000 0.000000 0.000000 0.000004 0.000005 0.000015 0.000033 0.000051 0.000100 0.000156 0.000287 0.000413 0.000677 0.001117 0.001687 0.002456 0.003835 0.005174 0.007449 0.010071 0.013387 0.017384 0.022165 0.027340 0.033290 0.039240 0.045362 0.051282 0.056063 0.060201 0.062767 0.063474 0.063264 0.061076 0.057420 0.052940 0.047209 0.041396 0.034856 0.028932 0.023399 0.018087 0.013776 0.010132 0.007439 0.005080 0.003522 0.002261 0.001422 0.001012 0.000567 0.000342 0.000174 0.000095 0.000058 0.000030 0.000011 0.000005 0.000006 0.000002 0.000001 0.000000 0.000000 0.000000 0.000000 
t: 0.002227272727 start: 181 end: 246 0.000001 0.000004 0.000007 0.000010 0.000019 0.000050 0.000090 0.000155 0.000226 0.000385 0.000657 0.001021 0.001564 0.002385 0.003550 0.004966 0.006861 0.009680 0.013045 0.017090 0.021724 0.026916 0.032730 0.038561 0.045245 0.050929 0.055990 0.060212 0.062944 0.064136 0.063580 0.061579 0.058442 0.053389 0.047945 0.041545 0.035645 0.029160 0.023505 0.018218 0.013919 0.010217 0.007298 0.004968 0.003503 0.002334 0.001479 0.000866 0.000555 0.000331 0.000191 0.000084 0.000052 0.000016 0.000013 0.000008 0.000004 0.000001 0.000000 0.000000 0.000000 0.000000 0.000000 0.000000 0.000000 0.000000 
t: 0.002139737991 start: 183 end: 247 0.000001 0.000007 0.000004 0.000009 0.000026 0.000059 0.000079 0.000146 0.000213 0.000380 0.000653 0.001001 0.001544 0.002371 0.003461 0.005018 0.006899 0.009646 0.013036 0.017030 0.021614 0.027241 0.033107 0.039125 0.045702 0.051548 0.056579 0.060575 0.063022 0.064453 0.064297 0.061931 0.058515 0.053609 0.047589 0.041391 0.035009 0.028461 0.023040 0.017983 0.013378 0.009848 0.006991 0.004825 0.003233 0.002131 0.001287 0.000840 0.000484 0.000286 0.000163 0.000082 0.000033 0.000024 0.000015 0.000004 0.000002 0.000000 0.000000 0.000000 0.000000 0.000000 0.000000 0.000000 0.000000 
t: 0.002058823530 start: 183 end: 248 0.000001 0.000000 0.000000 0.000005 0.000006 0.000015 0.000031 0.000053 0.000089 0.000156 0.000213 0.000366 0.000652 0.001033 0.001608 0.002471 0.003718 0.005091 0.007211 0.009952 0.013384 0.017426 0.022507 0.027853 0.033989 0.040510 0.046723 0.052555 0.057543 0.061471 0.064352 0.065282 0.064061 0.061773 0.057869 0.052745 0.046967 0.040154 0.033917 0.027627 0.022196 0.016581 0.012485 0.009086 0.006536 0.004276 0.002867 0.001851 0.001137 0.000702 0.000429 0.000233 0.000113 0.000071 0.000032 0.000012 0.000008 0.000004 0.000000 0.000001 0.000001 0.000000 0.000000 0.000000 0.000000 0.000000 
t: 0.001983805668 start: 183 end: 248 0.000001 0.000000 0.000000 0.000000 0.000001 0.000006 0.000006 0.000018 0.000019 0.000061 0.000104 0.000158 0.000247 0.000410 0.000718 0.001122 0.001783 0.002624 0.003899 0.005526 0.007654 0.010665 0.014098 0.018757 0.023768 0.029369 0.035741 0.042120 0.048703 0.054133 0.058703 0.063202 0.065420 0.065284 0.064043 0.061328 0.056806 0.051394 0.045224 0.038663 0.032228 0.025730 0.020227 0.015211 0.011223 0.008128 0.005606 0.003775 0.002365 0.001563 0.000916 0.000556 0.000325 0.000179 0.000092 0.000054 0.000028 0.000009 0.000005 0.000000 0.000001 0.000000 0.000001 0.000000 0.000000 0.000000 
t: 0.001914062500 start: 186 end: 251 0.000001 0.000000 0.000000 0.000002 0.000004 0.000005 0.000015 0.000043 0.000065 0.000109 0.000181 0.000289 0.000489 0.000800 0.001255 0.001968 0.002961 0.004309 0.006201 0.008573 0.011588 0.015426 0.020221 0.025699 0.031553 0.038183 0.044825 0.050633 0.056323 0.061250 0.064300 0.065473 0.065892 0.063833 0.060193 0.055143 0.049175 0.043258 0.036262 0.029442 0.023503 0.017773 0.013449 0.009873 0.006957 0.004597 0.003059 0.001966 0.001250 0.000717 0.000439 0.000241 0.000108 0.000072 0.000033 0.000013 0.000005 0.000001 0.000001 0.000001 0.000000 0.000000 0.000000 0.000000 0.000000 0.000000 
t: 0.001849056604 start: 187 end: 251 0.000001 0.000000 0.000000 0.000001 0.000002 0.000002 0.000005 0.000031 0.000042 0.000080 0.000140 0.000205 0.000345 0.000553 0.000939 0.001482 0.002308 0.003402 0.004920 0.007112 0.009833 0.013053 0.017393 0.022496 0.028340 0.034642 0.040680 0.047835 0.053576 0.058612 0.063288 0.065719 0.066233 0.065819 0.062661 0.058319 0.052862 0.046725 0.039818 0.032958 0.026513 0.020538 0.015673 0.011454 0.008203 0.005526 0.003701 0.002396 0.001490 0.000906 0.000570 0.000289 0.000153 0.000090 0.000032 0.000017 0.000010 0.000002 0.000005 0.000000 0.000000 0.000000 0.000000 0.000000 0.000000 
t: 0.001788321168 start: 190 end: 254 0.000001 0.000000 0.000001 0.000002 0.000009 0.000008 0.000023 0.000068 0.000117 0.000150 0.000261 0.000436 0.000701 0.001133 0.001828 0.002709 0.004068 0.005757 0.008377 0.011419 0.015108 0.019984 0.025542 0.031274 0.038141 0.044516 0.051241 0.056979 0.061369 0.064547 0.066761 0.067081 0.064750 0.060710 0.056127 0.049851 0.043185 0.036176 0.029086 0.022779 0.017370 0.013093 0.009327 0.006572 0.004347 0.002781 0.001768 0.001088 0.000632 0.000354 0.000190 0.000116 0.000047 0.000024 0.000006 0.000006 0.000003 0.000000 0.000001 0.000000 0.000000 0.000000 0.000000 0.000000 0.000000 
t: 0.001731448763 start: 193 end: 256 0.000002 0.000002 0.000002 0.000009 0.000018 0.000038 0.000076 0.000119 0.000238 0.000333 0.000582 0.000876 0.001507 0.002230 0.003366 0.004881 0.007139 0.009927 0.013364 0.017945 0.023136 0.028573 0.035487 0.042323 0.049010 0.054582 0.060455 0.063745 0.067041 0.067154 0.066091 0.063235 0.058378 0.052590 0.045796 0.039019 0.031565 0.024915 0.019139 0.014389 0.010385 0.007361 0.004961 0.003192 0.002040 0.001209 0.000744 0.000392 0.000216 0.000123 0.000056 0.000023 0.000009 0.000008 0.000003 0.000001 0.000000 0.000000 0.000000 0.000000 0.000000 0.000000 0.000000 0.000000 
t: 0.001678082192 start: 194 end: 257 0.000001 0.000001 0.000004 0.000003 0.000012 0.000038 0.000050 0.000091 0.000184 0.000298 0.000465 0.000722 0.001229 0.001871 0.002871 0.004241 0.006179 0.008837 0.012078 0.016244 0.021201 0.026700 0.033184 0.039926 0.046686 0.053255 0.059353 0.063239 0.066835 0.067927 0.066920 0.064605 0.060345 0.054734 0.048324 0.040939 0.033769 0.026869 0.020783 0.015374 0.011276 0.007967 0.005508 0.003554 0.002209 0.001376 0.000752 0.000475 0.000251 0.000130 0.000066 0.000031 0.000005 0.000009 0.000003 0.000001 0.000000 0.000000 0.000000 0.000000 0.000000 0.000000 0.000000 0.000000 
t: 0.001627906977 start: 195 end: 257 0.000002 0.000000 0.000001 0.000002 0.000012 0.000020 0.000047 0.000083 0.000150 0.000230 0.000388 0.000630 0.001008 0.001629 0.002536 0.003754 0.005623 0.007733 0.011012 0.014936 0.019652 0.025143 0.031593 0.038141 0.044861 0.051558 0.057955 0.063371 0.066445 0.068428 0.067963 0.065749 0.061814 0.056663 0.049903 0.043222 0.035192 0.028186 0.022095 0.016379 0.012073 0.008407 0.005843 0.003856 0.002412 0.001420 0.000860 0.000504 0.000251 0.000139 0.000077 0.000032 0.000006 0.000008 0.000002 0.000001 0.000000 0.000000 0.000000 0.000000 0.000000 0.000000 0.000000 
t: 0.001580645161 start: 196 end: 258 0.000001 0.000001 0.000001 0.000000 0.000005 0.000017 0.000046 0.000061 0.000123 0.000189 0.000341 0.000516 0.000902 0.001449 0.002215 0.003505 0.004861 0.007284 0.010141 0.013883 0.018531 0.024094 0.030228 0.036401 0.043590 0.050457 0.057071 0.062825 0.066480 0.068671 0.068690 0.066558 0.063284 0.057707 0.051613 0.044313 0.036784 0.029702 0.022673 0.017396 0.012434 0.008920 0.006083 0.003971 0.002536 0.001538 0.000886 0.000479 0.000268 0.000147 0.000079 0.000029 0.000013 0.000006 0.000001 0.000001 0.000000 0.000000 0.000000 0.000000 0.000000 0.000000 0.000000 
t: 0.001536050157 start: 199 end: 258 0.000003 0.000000 0.000005 0.000018 0.000032 0.000056 0.000084 0.000180 0.000294 0.000502 0.000797 0.001238 0.002098 0.003129 0.004596 0.006626 0.009600 0.013162 0.017643 0.023105 0.029266 0.035407 0.042554 0.049798 0.056361 0.062424 0.066781 0.068612 0.069291 0.067658 0.063819 0.059299 0.052550 0.045337 0.037725 0.030429 0.023530 0.017549 0.012962 0.009161 0.006272 0.003945 0.002610 0.001535 0.000910 0.000504 0.000275 0.000148 0.000062 0.000037 0.000014 0.000003 0.000004 0.000000 0.000000 0.000000 0.000000 0.000000 0.000000 0.000000 
t: 0.001493902439 start: 200 end: 259 0.000002 0.000002 0.000004 0.000013 0.000019 0.000049 0.000084 0.000146 0.000277 0.000459 0.000723 0.001164 0.001906 0.002942 0.004386 0.006278 0.009063 0.012698 0.017028 0.022413 0.028227 0.034985 0.042213 0.049314 0.055788 0.062287 0.066738 0.069051 0.070332 0.068049 0.064817 0.059793 0.053189 0.046034 0.038588 0.030765 0.023767 0.018022 0.012915 0.009304 0.006149 0.004057 0.002563 0.001490 0.000879 0.000505 0.000279 0.000135 0.000058 0.000031 0.000010 0.000010 0.000000 0.000000 0.000000 0.000000 0.000000 0.000000 0.000000 0.000000 
t: 0.001454005935 start: 201 end: 262 0.000002 0.000004 0.000007 0.000006 0.000023 0.000041 0.000069 0.000137 0.000256 0.000414 0.000667 0.001086 0.001839 0.002820 0.004189 0.006072 0.008898 0.012241 0.016552 0.022062 0.027865 0.034552 0.041886 0.049052 0.056199 0.062165 0.066840 0.070042 0.070013 0.069119 0.065398 0.060310 0.053782 0.046292 0.038656 0.030699 0.023967 0.017833 0.013115 0.009081 0.006036 0.003999 0.002498 0.001413 0.000870 0.000447 0.000249 0.000125 0.000067 0.000026 0.000011 0.000006 0.000001 0.000001 0.000000 0.000000 0.000000 0.000000 0.000000 0.000000 0.000000 0.000000 
t: 0.001416184971 start: 201 end: 261 0.000001 0.000000 0.000005 0.000002 0.000009 0.000020 0.000034 0.000075 0.000120 0.000238 0.000396 0.000616 0.001092 0.001753 0.002764 0.004069 0.006006 0.008662 0.012177 0.016468 0.021885 0.027712 0.034548 0.041819 0.049418 0.056285 0.062431 0.067383 0.070161 0.071121 0.069413 0.066115 0.060267 0.053786 0.046309 0.038466 0.030569 0.023561 0.017619 0.012805 0.008781 0.005819 0.003887 0.002299 0.001416 0.000766 0.000437 0.000192 0.000142 0.000042 0.000024 0.000009 0.000005 0.000001 0.000000 0.000000 0.000000 0.000000 0.000000 0.000000 0.000000 
t: 0.001380281690 start: 201 end: 260 0.000001 0.000000 0.000000 0.000001 0.000007 0.000008 0.000017 0.000036 0.000065 0.000136 0.000210 0.000372 0.000626 0.001022 0.001739 0.002748 0.004075 0.005984 0.008762 0.011961 0.016701 0.021760 0.027825 0.034880 0.042128 0.050089 0.056697 0.063297 0.067882 0.070900 0.071393 0.070104 0.065808 0.060416 0.053502 0.046004 0.037709 0.030185 0.023078 0.016950 0.012414 0.008413 0.005583 0.003597 0.002209 0.001270 0.000717 0.000351 0.000217 0.000080 0.000047 0.000015 0.000006 0.000003 0.000000 0.000000 0.000000 0.000000 0.000000 0.000000 
t: 0.001346153846 start: 204 end: 264 0.000001 0.000002 0.000002 0.000009 0.000022 0.000042 0.000059 0.000123 0.000230 0.000364 0.000607 0.001041 0.001781 0.002746 0.004177 0.005963 0.008747 0.012354 0.016776 0.022153 0.028588 0.035249 0.043084 0.050294 0.057924 0.063998 0.068584 0.071600 0.071859 0.070329 0.065932 0.059817 0.053064 0.045066 0.037193 0.029085 0.022160 0.016639 0.011662 0.007808 0.005228 0.003272 0.002011 0.001152 0.000580 0.000322 0.000165 0.000083 0.000033 0.000013 0.000004 0.000002 0.000001 0.000000 0.000000 0.000000 0.000000 0.000000 0.000000 0.000000 0.000000 
t: 0.001313672922 start: 204 end: 263 0.000001 0.000000 0.000001 0.000003 0.000011 0.000018 0.000035 0.000070 0.000118 0.000239 0.000373 0.000652 0.001052 0.001788 0.002821 0.004187 0.006226 0.008954 0.012631 0.017086 0.022968 0.029039 0.036508 0.043674 0.051604 0.058974 0.065093 0.069628 0.071960 0.072703 0.069863 0.065629 0.059446 0.052612 0.043998 0.035461 0.028061 0.021404 0.015474 0.010883 0.007257 0.004734 0.002966 0.001789 0.000956 0.000526 0.000276 0.000148 0.000054 0.000033 0.000005 0.000007 0.000001 0.000000 0.000000 0.000000 0.000000 0.000000 0.000000 0.000000 
t: 0.001282722513 start: 207 end: 265 0.000001 0.000004 0.000008 0.000021 0.000044 0.000062 0.000115 0.000240 0.000396 0.000628 0.001152 0.001825 0.002957 0.004370 0.006463 0.009329 0.012872 0.018054 0.023589 0.030102 0.037580 0.045084 0.053338 0.059942 0.066296 0.070743 0.073210 0.072197 0.069904 0.064879 0.058527 0.051338 0.042724 0.034322 0.026710 0.019921 0.014332 0.010013 0.006637 0.004263 0.002563 0.001520 0.000878 0.000433 0.000232 0.000098 0.000055 0.000017 0.000008 0.000003 0.000001 0.000000 0.000000 0.000000 0.000000 0.000000 0.000000 0.000000 0.000000 
t: 0.001253196931 start: 208 end: 266 0.000001 0.000004 0.000009 0.000027 0.000033 0.000077 0.000125 0.000263 0.000399 0.000672 0.001226 0.001952 0.003052 0.004590 0.006909 0.009751 0.013681 0.018617 0.024575 0.031427 0.039069 0.046877 0.054846 0.061531 0.067805 0.071971 0.073406 0.072118 0.069498 0.064121 0.057748 0.049685 0.040810 0.033049 0.024890 0.018521 0.013056 0.009136 0.005855 0.003746 0.002211 0.001314 0.000675 0.000361 0.000159 0.000100 0.000035 0.000009 0.000006 0.000001 0.000000 0.000001 0.000000 0.000000 0.000000 0.000000 0.000000 0.000000 0.000000 
t: 0.001225000000 start: 209 end: 266 0.000003 0.000003 0.000014 0.000022 0.000042 0.000078 0.000140 0.000254 0.000434 0.000797 0.001275 0.002069 0.003220 0.004903 0.007389 0.010430 0.014472 0.019647 0.025929 0.033174 0.040732 0.048845 0.056349 0.063730 0.068995 0.072664 0.073845 0.072520 0.068952 0.063200 0.056139 0.047591 0.038772 0.030883 0.023337 0.016937 0.011921 0.007980 0.005201 0.003115 0.001892 0.000983 0.000600 0.000272 0.000142 0.000064 0.000028 0.000008 0.000007 0.000000 0.000001 0.000000 0.000000 0.000000 0.000000 0.000000 0.000000 0.000000 
t: 0.001198044010 start: 209 end: 267 0.000001 0.000004 0.000003 0.000013 0.000029 0.000051 0.000080 0.000162 0.000261 0.000495 0.000865 0.001391 0.002227 0.003472 0.005328 0.007907 0.011384 0.015612 0.020938 0.027416 0.034716 0.042990 0.050642 0.058635 0.065487 0.070791 0.073674 0.074327 0.072328 0.068006 0.061545 0.054226 0.045079 0.037046 0.028594 0.021105 0.015485 0.010460 0.007010 0.004345 0.002741 0.001435 0.000847 0.000461 0.000205 0.000108 0.000046 0.000018 0.000007 0.000001 0.000001 0.000000 0.000000 0.000000 0.000000 0.000000 0.000000 0.000000 0.000000 
t: 0.001172248804 start: 210 end: 268 0.000003 0.000001 0.000008 0.000012 0.000034 0.000059 0.000102 0.000152 0.000325 0.000555 0.000942 0.001534 0.002450 0.003819 0.005859 0.008639 0.012236 0.016924 0.022535 0.029029 0.037207 0.044875 0.053339 0.060899 0.067414 0.072176 0.074742 0.074583 0.071801 0.066605 0.059640 0.051611 0.042909 0.034587 0.025890 0.019347 0.013811 0.009155 0.005797 0.003755 0.002144 0.001206 0.000657 0.000344 0.000174 0.000059 0.000040 0.000008 0.000004 0.000002 0.000001 0.000000 0.000000 0.000000 0.000000 0.000000 0.000000 0.000000 0.000000 
t: 0.001147540984 start: 210 end: 268 0.000002 0.000001 0.000004 0.000007 0.000019 0.000031 0.000059 0.000117 0.000188 0.000369 0.000633 0.001058 0.001706 0.002757 0.004298 0.006422 0.009424 0.013539 0.018413 0.024277 0.031296 0.039450 0.047477 0.055830 0.063537 0.069224 0.074067 0.075142 0.074229 0.071202 0.065075 0.057322 0.048956 0.040195 0.031442 0.023781 0.017130 0.011916 0.007795 0.004927 0.003097 0.001736 0.000903 0.000480 0.000269 0.000111 0.000057 0.000016 0.000011 0.000002 0.000001 0.000000 0.000000 0.000000 0.000000 0.000000 0.000000 0.000000 0.000000 
t: 0.001123853211 start: 210 end: 268 0.000001 0.000002 0.000001 0.000004 0.000013 0.000017 0.000045 0.000067 0.000121 0.000230 0.000421 0.000705 0.001179 0.001979 0.003176 0.004818 0.007200 0.010515 0.014744 0.019816 0.026481 0.033895 0.042162 0.050366 0.058881 0.065762 0.071714 0.074722 0.075582 0.074313 0.069630 0.062965 0.054504 0.046021 0.037324 0.028471 0.021218 0.014933 0.010225 0.006489 0.004139 0.002423 0.001370 0.000684 0.000356 0.000180 0.000082 0.000034 0.000013 0.000004 0.000003 0.000000 0.000000 0.000000 0.000000 0.000000 0.000000 0.000000 0.000000 
t: 0.001101123596 start: 211 end: 268 0.000002 0.000001 0.000000 0.000006 0.000017 0.000023 0.000043 0.000071 0.000157 0.000273 0.000461 0.000846 0.001402 0.002321 0.003538 0.005374 0.008112 0.011777 0.016404 0.021744 0.028929 0.036823 0.044652 0.053849 0.061673 0.068405 0.073708 0.075577 0.076095 0.073117 0.067990 0.060160 0.051726 0.042757 0.033815 0.025592 0.018564 0.012802 0.008599 0.005449 0.003304 0.001838 0.001031 0.000514 0.000254 0.000119 0.000056 0.000020 0.000006 0.000003 0.000001 0.000000 0.000000 0.000000 0.000000 0.000000 0.000000 0.000000 
t: 0.001079295154 start: 214 end: 269 0.000003 0.000010 0.000015 0.000027 0.000053 0.000101 0.000172 0.000333 0.000572 0.000946 0.001635 0.002643 0.004125 0.006162 0.009289 0.013256 0.017867 0.024310 0.031587 0.039593 0.048463 0.056872 0.064688 0.071098 0.074782 0.076954 0.075518 0.071930 0.065688 0.057704 0.048073 0.038901 0.030289 0.022790 0.016041 0.010685 0.007154 0.004380 0.002412 0.001405 0.000802 0.000354 0.000184 0.000080 0.000038 0.000009 0.000002 0.000005 0.000000 0.000000 0.000000 0.000000 0.000000 0.000000 0.000000 0.000000 
t: 0.001058315335 start: 215 end: 270 0.000007 0.000009 0.000018 0.000038 0.000058 0.000129 0.000232 0.000385 0.000641 0.001156 0.001916 0.003084 0.004710 0.007215 0.010538 0.014728 0.020145 0.026999 0.034553 0.043344 0.051528 0.060562 0.067939 0.072935 0.076774 0.076945 0.075068 0.069792 0.062703 0.053707 0.044725 0.035287 0.027012 0.019721 0.013416 0.009088 0.005601 0.003340 0.001899 0.001074 0.000520 0.000255 0.000127 0.000047 0.000019 0.000006 0.000003 0.000002 0.000000 0.000000 0.000000 0.000000 0.000000 0.000000 0.000000 0.000000 
t: 0.001038135593 start: 215 end: 270 0.000003 0.000006 0.000013 0.000017 0.000033 0.000087 0.000171 0.000252 0.000469 0.000827 0.001388 0.002257 0.003674 0.005510 0.008322 0.011846 0.016786 0.022641 0.029906 0.038109 0.046487 0.055930 0.064035 0.070490 0.075640 0.077612 0.076942 0.073586 0.066973 0.059280 0.050145 0.040563 0.031571 0.023579 0.016601 0.011269 0.007183 0.004438 0.002582 0.001405 0.000710 0.000348 0.000197 0.000068 0.000028 0.000015 0.000003 0.000003 0.000000 0.000000 0.000000 0.000000 0.000000 0.000000 0.000000 0.000000 
t: 0.001018711019 start: 215 end: 271 0.000002 0.000002 0.000011 0.000018 0.000013 0.000058 0.000109 0.000176 0.000321 0.000614 0.000984 0.001679 0.002727 0.004244 0.006512 0.009599 0.013757 0.018888 0.025641 0.033365 0.041557 0.050729 0.059879 0.067172 0.073464 0.077283 0.078322 0.075983 0.071528 0.063927 0.055729 0.045824 0.036269 0.027652 0.020132 0.013795 0.009207 0.005650 0.003387 0.001905 0.000955 0.000500 0.000250 0.000114 0.000038 0.000018 0.000008 0.000001 0.000002 0.000000 0.000000 0.000000 0.000000 0.000000 0.000000 0.000000 0.000000 
t: 0.001000000000 start: 215 end: 272 0.000001 0.000001 0.000002 0.000015 0.000019 0.000022 0.000076 0.000112 0.000211 0.000431 0.000721 0.001206 0.002079 0.003232 0.005090 0.007688 0.011134 0.015856 0.021742 0.028798 0.036829 0.045769 0.055141 0.063464 0.070709 0.075929 0.079071 0.077467 0.074923 0.068217 0.060678 0.051396 0.041250 0.032037 0.023949 0.016791 0.011306 0.007172 0.004373 0.002525 0.001299 0.000671 0.000336 0.000160 0.000059 0.000026 0.000011 0.000003 0.000002 0.000001 0.000000 0.000000 0.000000 0.000000 0.000000 0.000000 0.000000 0.000000 
