t: 0.059999999999 start: 15 end: 54 0.000001 0.000006 0.000010 0.000040 0.000195 0.000595 0.001614 0.004332 0.009714 0.019360 0.034972 0.055929 0.080262 0.103087 0.120860 0.126309 0.119650 0.104036 0.080624 0.057070 0.037450 0.021888 0.011852 0.005878 0.002635 0.001043 0.000366 0.000147 0.000048 0.000018 0.000006 0.000003 0.000000 0.000000 0.000000 0.000000 0.000000 0.000000 0.000000 0.000000 
t: 0.054545454544 start: 18 end: 56 0.000001 0.000012 0.000048 0.000139 0.000447 0.001237 0.003174 0.007415 0.014760 0.026998 0.044530 0.065862 0.088117 0.107272 0.119051 0.120390 0.110937 0.093732 0.072233 0.050584 0.032943 0.019593 0.010777 0.005449 0.002618 0.001033 0.000417 0.000152 0.000054 0.000018 0.000007 0.000000 0.000000 0.000000 0.000000 0.000000 0.000000 0.000000 0.000000 
t: 0.049999999999 start: 19 end: 60 0.000001 0.000005 0.000011 0.000040 0.000121 0.000376 0.001030 0.002491 0.005715 0.011623 0.021603 0.035730 0.055026 0.075219 0.095085 0.109646 0.116924 0.113321 0.101352 0.083475 0.063355 0.043900 0.028712 0.016996 0.009490 0.004829 0.002295 0.001021 0.000390 0.000150 0.000045 0.000016 0.000005 0.000000 0.000002 0.000000 0.000000 0.000000 0.000000 0.000000 0.000000 0.000000 
t: 0.046153846153 start: 22 end: 64 0.000001 0.000008 0.000042 0.000117 0.000333 0.000878 0.002114 0.004687 0.009507 0.017572 0.029988 0.045882 0.064644 0.083633 0.100967 0.110570 0.112043 0.105876 0.091328 0.073484 0.054481 0.037647 0.024129 0.014526 0.007985 0.004063 0.002030 0.000894 0.000373 0.000135 0.000044 0.000013 0.000003 0.000002 0.000000 0.000001 0.000000 0.000000 0.000000 0.000000 0.000000 0.000000 0.000000 
t: 0.042857142857 start: 24 end: 67 0.000001 0.000008 0.000038 0.000112 0.000303 0.000740 0.001819 0.004082 0.007959 0.014915 0.025234 0.039541 0.056256 0.075250 0.091191 0.104336 0.108783 0.106667 0.096419 0.080757 0.063048 0.046449 0.031584 0.019925 0.011743 0.006577 0.003325 0.001688 0.000765 0.000294 0.000126 0.000041 0.000019 0.000003 0.000001 0.000000 0.000001 0.000000 0.000000 0.000000 0.000000 0.000000 0.000000 0.000000 
t: 0.040000000000 start: 26 end: 69 0.000004 0.000008 0.000031 0.000081 0.000294 0.000666 0.001676 0.003632 0.006965 0.012946 0.021853 0.034413 0.049967 0.067040 0.083735 0.097362 0.104963 0.105606 0.098960 0.086434 0.070453 0.053625 0.038125 0.025638 0.015980 0.009428 0.005115 0.002733 0.001282 0.000585 0.000260 0.000090 0.000034 0.000013 0.000002 0.000001 0.000000 0.000000 0.000000 0.000000 0.000000 0.000000 0.000000 0.000000 
t: 0.037500000000 start: 27 end: 72 0.000001 0.000004 0.000009 0.000032 0.000092 0.000272 0.000638 0.001544 0.003272 0.006245 0.011559 0.019497 0.030729 0.044952 0.060822 0.077259 0.091499 0.100116 0.103118 0.099272 0.089722 0.075888 0.060210 0.044389 0.031220 0.020204 0.012429 0.007345 0.004005 0.002018 0.000937 0.000402 0.000190 0.000073 0.000028 0.000006 0.000001 0.000000 0.000001 0.000000 0.000000 0.000000 0.000000 0.000000 0.000000 0.000000 
t: 0.035294117647 start: 29 end: 76 0.000002 0.000004 0.000012 0.000027 0.000101 0.000261 0.000642 0.001408 0.002982 0.005873 0.010520 0.017796 0.028158 0.041189 0.055923 0.071668 0.085679 0.096565 0.100227 0.098584 0.091424 0.079330 0.064796 0.049941 0.036150 0.024589 0.015593 0.009530 0.005416 0.002938 0.001463 0.000686 0.000304 0.000131 0.000060 0.000017 0.000005 0.000002 0.000002 0.000002 0.000000 0.000000 0.000000 0.000000 0.000000 0.000000 0.000000 0.000000 
t: 0.033333333333 start: 31 end: 77 0.000001 0.000004 0.000010 0.000036 0.000113 0.000250 0.000601 0.001395 0.002872 0.005573 0.009865 0.016822 0.026154 0.037939 0.052700 0.067195 0.080957 0.091653 0.097708 0.097349 0.092103 0.081885 0.068596 0.053968 0.040320 0.028604 0.018626 0.011805 0.007040 0.003853 0.002110 0.001046 0.000501 0.000203 0.000081 0.000040 0.000011 0.000008 0.000003 0.000000 0.000000 0.000000 0.000000 0.000000 0.000000 0.000000 0.000000 
t: 0.031578947368 start: 33 end: 80 0.000001 0.000007 0.000016 0.000041 0.000097 0.000287 0.000643 0.001391 0.002854 0.005339 0.009556 0.015723 0.024550 0.036219 0.049597 0.063390 0.077230 0.087964 0.094755 0.096087 0.091945 0.083524 0.071287 0.057547 0.043703 0.031697 0.021548 0.014026 0.008569 0.004965 0.002784 0.001390 0.000713 0.000315 0.000137 0.000060 0.000030 0.000008 0.000003 0.000002 0.000000 0.000000 0.000000 0.000000 0.000000 0.000000 0.000000 0.000000 
t: 0.030000000000 start: 36 end: 83 0.000007 0.000021 0.000044 0.000131 0.000299 0.000675 0.001419 0.002886 0.005321 0.009237 0.015195 0.023795 0.034770 0.047458 0.060540 0.074445 0.085013 0.091934 0.094383 0.091688 0.083429 0.072846 0.059971 0.046468 0.034473 0.024223 0.016162 0.010196 0.005992 0.003415 0.001823 0.000921 0.000430 0.000228 0.000098 0.000037 0.000016 0.000006 0.000004 0.000000 0.000000 0.000001 0.000000 0.000000 0.000000 0.000000 0.000000 0.000000 
t: 0.028571428571 start: 37 end: 86 0.000001 0.000008 0.000027 0.000056 0.000147 0.000318 0.000732 0.001528 0.002966 0.005242 0.009336 0.015022 0.023514 0.033664 0.045452 0.059091 0.071158 0.083042 0.089849 0.092568 0.090523 0.083974 0.073616 0.061634 0.048703 0.036580 0.026229 0.017807 0.011464 0.007029 0.004128 0.002296 0.001156 0.000620 0.000311 0.000122 0.000045 0.000026 0.000009 0.000003 0.000003 0.000000 0.000001 0.000000 0.000000 0.000000 0.000000 0.000000 0.000000 0.000000 
t: 0.027272727273 start: 39 end: 88 0.000002 0.000012 0.000027 0.000078 0.000161 0.000385 0.000777 0.001683 0.003006 0.005424 0.009301 0.015318 0.023062 0.032997 0.044806 0.057716 0.070091 0.080506 0.087570 0.091376 0.089367 0.082989 0.074266 0.062858 0.049928 0.038499 0.027508 0.019480 0.012516 0.008064 0.004721 0.002634 0.001480 0.000733 0.000375 0.000148 0.000066 0.000043 0.000012 0.000011 0.000002 0.000002 0.000000 0.000000 0.000000 0.000000 0.000000 0.000000 0.000000 0.000000 
t: 0.026086956522 start: 41 end: 90 0.000006 0.000012 0.000029 0.000087 0.000199 0.000406 0.000871 0.001785 0.003264 0.005773 0.009628 0.015455 0.023253 0.033366 0.044228 0.056781 0.068613 0.078922 0.086327 0.089569 0.087834 0.082542 0.073886 0.063399 0.050983 0.039583 0.028891 0.020208 0.013674 0.008644 0.005283 0.003114 0.001712 0.000869 0.000427 0.000219 0.000081 0.000047 0.000019 0.000004 0.000005 0.000002 0.000000 0.000000 0.000000 0.000000 0.000000 0.000000 0.000000 0.000000 
t: 0.025000000000 start: 43 end: 93 0.000006 0.000015 0.000035 0.000095 0.000244 0.000499 0.000964 0.002001 0.003601 0.006090 0.010160 0.016053 0.023348 0.033532 0.044536 0.056150 0.068086 0.077734 0.084804 0.088071 0.086821 0.081495 0.073714 0.063054 0.051442 0.040072 0.029564 0.021093 0.014479 0.009215 0.005787 0.003363 0.001905 0.000965 0.000559 0.000237 0.000112 0.000057 0.000026 0.000008 0.000003 0.000002 0.000003 0.000000 0.000000 0.000000 0.000000 0.000000 0.000000 0.000000 0.000000 
t: 0.024000000000 start: 44 end: 95 0.000003 0.000008 0.000014 0.000061 0.000116 0.000251 0.000572 0.001152 0.002194 0.003941 0.006747 0.010829 0.016597 0.024276 0.033645 0.045094 0.056740 0.067717 0.076949 0.083772 0.086164 0.085586 0.080613 0.072978 0.062400 0.051244 0.040031 0.030142 0.021728 0.014840 0.009621 0.005973 0.003635 0.002068 0.001152 0.000585 0.000298 0.000144 0.000066 0.000030 0.000014 0.000007 0.000002 0.000001 0.000000 0.000000 0.000000 0.000000 0.000000 0.000000 0.000000 0.000000 
t: 0.023076923077 start: 45 end: 96 0.000001 0.000003 0.000012 0.000033 0.000060 0.000157 0.000324 0.000708 0.001385 0.002439 0.004412 0.007271 0.011660 0.017579 0.025157 0.035169 0.045518 0.057082 0.067551 0.076902 0.082481 0.085013 0.084057 0.079710 0.072048 0.061600 0.049975 0.040265 0.029994 0.021792 0.015032 0.009926 0.006369 0.003674 0.002127 0.001184 0.000651 0.000352 0.000178 0.000087 0.000036 0.000017 0.000006 0.000003 0.000000 0.000000 0.000000 0.000000 0.000000 0.000000 0.000000 0.000000 
t: 0.022222222222 start: 46 end: 98 0.000001 0.000002 0.000008 0.000014 0.000044 0.000084 0.000177 0.000405 0.000815 0.001653 0.002919 0.004887 0.008016 0.012526 0.018738 0.026603 0.036070 0.046999 0.057556 0.067971 0.076420 0.081952 0.084065 0.083149 0.077955 0.070280 0.060182 0.049762 0.039379 0.029609 0.021750 0.015058 0.009762 0.006439 0.003789 0.002264 0.001283 0.000692 0.000374 0.000180 0.000096 0.000046 0.000022 0.000002 0.000002 0.000000 0.000000 0.000000 0.000000 0.000000 0.000000 0.000000 0.000000 
t: 0.021428571428 start: 48 end: 100 0.000003 0.000004 0.000009 0.000020 0.000056 0.000123 0.000234 0.000511 0.000985 0.001897 0.003320 0.005448 0.008906 0.013704 0.020099 0.028456 0.037473 0.048596 0.058589 0.068486 0.076411 0.081853 0.083212 0.081038 0.076727 0.068205 0.058997 0.048325 0.038291 0.029134 0.021080 0.014750 0.009880 0.006375 0.003798 0.002190 0.001347 0.000728 0.000366 0.000193 0.000099 0.000051 0.000023 0.000006 0.000002 0.000000 0.000000 0.000000 0.000000 0.000000 0.000000 0.000000 0.000000 
t: 0.020689655172 start: 50 end: 102 0.000001 0.000008 0.000015 0.000028 0.000076 0.000132 0.000285 0.000665 0.001281 0.002201 0.003829 0.006238 0.009906 0.015007 0.021993 0.030000 0.039529 0.050031 0.059981 0.069380 0.076530 0.080782 0.082400 0.080036 0.074584 0.066645 0.057148 0.046773 0.037006 0.028352 0.020335 0.014385 0.009473 0.006098 0.003810 0.002265 0.001289 0.000741 0.000381 0.000197 0.000091 0.000058 0.000025 0.000008 0.000002 0.000000 0.000000 0.000000 0.000000 0.000000 0.000000 0.000000 0.000000 
t: 0.020000000000 start: 52 end: 105 0.000003 0.000009 0.000021 0.000044 0.000075 0.000174 0.000427 0.000842 0.001574 0.002600 0.004395 0.007211 0.011325 0.016774 0.023409 0.032125 0.041537 0.051824 0.061616 0.070402 0.076892 0.080568 0.080837 0.078253 0.073081 0.064315 0.054911 0.045475 0.035417 0.026775 0.019690 0.013745 0.009111 0.005991 0.003641 0.002205 0.001254 0.000676 0.000411 0.000175 0.000114 0.000039 0.000022 0.000009 0.000005 0.000000 0.000001 0.000000 0.000000 0.000000 0.000000 0.000000 0.000000 0.000000 
t: 0.019354838710 start: 53 end: 107 0.000002 0.000006 0.000008 0.000032 0.000056 0.000129 0.000251 0.000550 0.001034 0.001894 0.003079 0.005226 0.008502 0.012680 0.018432 0.025665 0.034382 0.043858 0.054134 0.063006 0.071373 0.077029 0.080180 0.079812 0.076834 0.070227 0.062084 0.053081 0.043162 0.033656 0.025579 0.018606 0.012900 0.008747 0.005609 0.003478 0.002114 0.001154 0.000714 0.000362 0.000189 0.000100 0.000053 0.000016 0.000011 0.000003 0.000001 0.000000 0.000000 0.000000 0.000000 0.000000 0.000000 0.000000 0.000000 
t: 0.018750000000 start: 53 end: 108 0.000001 0.000000 0.000003 0.000011 0.000015 0.000046 0.000078 0.000191 0.000370 0.000680 0.001340 0.002170 0.003831 0.006169 0.009627 0.014399 0.020771 0.027951 0.036667 0.046800 0.055931 0.065138 0.072380 0.077764 0.079375 0.078210 0.074451 0.068022 0.060029 0.050270 0.041027 0.031812 0.024005 0.017129 0.012211 0.008211 0.005283 0.003259 0.001901 0.001122 0.000648 0.000337 0.000169 0.000103 0.000060 0.000025 0.000004 0.000003 0.000000 0.000001 0.000000 0.000000 0.000000 0.000000 0.000000 0.000000 
t: 0.018181818182 start: 54 end: 109 0.000001 0.000000 0.000004 0.000006 0.000007 0.000025 0.000051 0.000133 0.000233 0.000500 0.000901 0.001665 0.002732 0.004642 0.007234 0.011357 0.016260 0.022909 0.030727 0.039988 0.048967 0.058938 0.066694 0.073385 0.077437 0.078764 0.076755 0.072715 0.065273 0.057028 0.047503 0.038480 0.029776 0.022174 0.016081 0.011317 0.007573 0.004748 0.002951 0.001795 0.001044 0.000576 0.000323 0.000170 0.000089 0.000042 0.000015 0.000005 0.000007 0.000000 0.000000 0.000000 0.000000 0.000000 0.000000 0.000000 
t: 0.017647058823 start: 57 end: 113 0.000004 0.000003 0.000009 0.000014 0.000036 0.000071 0.000174 0.000350 0.000682 0.001152 0.002051 0.003396 0.005734 0.008671 0.012982 0.018518 0.025863 0.033329 0.042764 0.051863 0.061410 0.068856 0.074198 0.077212 0.077710 0.075162 0.070015 0.062654 0.054029 0.044691 0.035827 0.027335 0.020577 0.014704 0.010341 0.006707 0.004436 0.002726 0.001693 0.000927 0.000545 0.000297 0.000155 0.000072 0.000020 0.000021 0.000008 0.000005 0.000001 0.000000 0.000000 0.000000 0.000000 0.000000 0.000000 0.000000 0.000000 
t: 0.017142857143 start: 57 end: 114 0.000001 0.000001 0.000002 0.000006 0.000012 0.000027 0.000039 0.000108 0.000266 0.000480 0.000834 0.001578 0.002597 0.004268 0.006861 0.010352 0.014873 0.021389 0.028515 0.036594 0.045806 0.055244 0.063674 0.069919 0.074993 0.077381 0.076461 0.073206 0.067410 0.059301 0.050762 0.041873 0.033198 0.025009 0.018668 0.013299 0.009208 0.006030 0.003952 0.002534 0.001402 0.000892 0.000495 0.000243 0.000124 0.000057 0.000032 0.000012 0.000009 0.000003 0.000000 0.000000 0.000000 0.000000 0.000000 0.000000 0.000000 0.000000 
t: 0.016666666667 start: 60 end: 116 0.000003 0.000003 0.000010 0.000016 0.000039 0.000071 0.000178 0.000374 0.000604 0.001156 0.001951 0.003311 0.005331 0.008167 0.012490 0.017354 0.024067 0.031660 0.040360 0.049194 0.057981 0.065560 0.071739 0.075789 0.076242 0.074604 0.070832 0.064421 0.056276 0.047410 0.038890 0.030145 0.022885 0.016786 0.011942 0.008215 0.005396 0.003433 0.002214 0.001300 0.000738 0.000409 0.000241 0.000120 0.000054 0.000017 0.000013 0.000007 0.000002 0.000000 0.000000 0.000000 0.000000 0.000000 0.000000 0.000000 0.000000 
t: 0.016216216216 start: 61 end: 119 0.000002 0.000001 0.000004 0.000013 0.000025 0.000058 0.000131 0.000241 0.000511 0.000840 0.001442 0.002618 0.004185 0.006567 0.010050 0.014458 0.020127 0.027279 0.035526 0.043597 0.052565 0.061125 0.068036 0.072663 0.075405 0.075279 0.072941 0.068223 0.060943 0.052577 0.044111 0.035388 0.027522 0.020556 0.015009 0.010539 0.007267 0.004764 0.003037 0.001905 0.001098 0.000658 0.000360 0.000184 0.000101 0.000041 0.000013 0.000008 0.000003 0.000002 0.000002 0.000000 0.000000 0.000000 0.000000 0.000000 0.000000 0.000000 0.000000 
t: 0.015789473684 start: 62 end: 121 0.000001 0.000001 0.000003 0.000005 0.000022 0.000043 0.000088 0.000192 0.000372 0.000631 0.001145 0.001987 0.003419 0.005198 0.008139 0.011963 0.017158 0.023398 0.030601 0.039228 0.046975 0.056355 0.063583 0.069706 0.073621 0.075608 0.074163 0.070695 0.064383 0.057251 0.048890 0.040792 0.031868 0.024830 0.018609 0.013154 0.009213 0.006168 0.004243 0.002605 0.001603 0.000959 0.000547 0.000290 0.000144 0.000077 0.000042 0.000019 0.000007 0.000002 0.000003 0.000001 0.000000 0.000000 0.000000 0.000000 0.000000 0.000000 0.000000 0.000000 
t: 0.015384615385 start: 64 end: 122 0.000002 0.000001 0.000005 0.000016 0.000025 0.000062 0.000147 0.000276 0.000507 0.000864 0.001594 0.002659 0.004339 0.006675 0.009939 0.014403 0.020124 0.026576 0.034491 0.042597 0.051558 0.059499 0.065899 0.071483 0.074311 0.074866 0.072080 0.067223 0.061417 0.053356 0.045101 0.036961 0.028860 0.022123 0.016362 0.011408 0.008052 0.005408 0.003491 0.002153 0.001357 0.000811 0.000427 0.000251 0.000117 0.000076 0.000026 0.000009 0.000008 0.000004 0.000000 0.000001 0.000000 0.000000 0.000000 0.000000 0.000000 0.000000 0.000000 
t: 0.015000000000 start: 65 end: 125 0.000001 0.000001 0.000004 0.000010 0.000018 0.000048 0.000109 0.000193 0.000341 0.000740 0.001266 0.002127 0.003501 0.005557 0.008432 0.012192 0.016979 0.023254 0.030569 0.038558 0.046822 0.054852 0.062480 0.068367 0.072656 0.074044 0.073432 0.069822 0.064557 0.057418 0.049273 0.041093 0.033224 0.025851 0.019616 0.013959 0.010018 0.006911 0.004482 0.002932 0.001779 0.001135 0.000615 0.000367 0.000196 0.000099 0.000054 0.000027 0.000010 0.000005 0.000002 0.000001 0.000001 0.000000 0.000000 0.000000 0.000000 0.000000 0.000000 0.000000 0.000000 
t: 0.014634146341 start: 66 end: 125 0.000001 0.000002 0.000001 0.000006 0.000022 0.000038 0.000070 0.000139 0.000303 0.000569 0.001050 0.001678 0.002788 0.004629 0.007110 0.010323 0.014662 0.020302 0.027059 0.034565 0.042432 0.050714 0.058661 0.065262 0.070299 0.072992 0.073654 0.071006 0.067253 0.060748 0.053695 0.045296 0.037151 0.029868 0.022590 0.016949 0.012225 0.008499 0.005736 0.003800 0.002407 0.001424 0.000887 0.000528 0.000277 0.000167 0.000080 0.000046 0.000017 0.000011 0.000006 0.000003 0.000000 0.000000 0.000000 0.000000 0.000000 0.000000 0.000000 0.000000 
t: 0.014285714286 start: 67 end: 126 0.000001 0.000000 0.000003 0.000008 0.000010 0.000032 0.000059 0.000113 0.000232 0.000451 0.000842 0.001426 0.002330 0.003770 0.005952 0.008868 0.012673 0.017725 0.023927 0.030941 0.038639 0.047089 0.054645 0.062150 0.067387 0.071475 0.073090 0.071885 0.068790 0.064052 0.057100 0.049265 0.041174 0.033230 0.026247 0.019917 0.014325 0.010439 0.007158 0.004774 0.003121 0.001914 0.001222 0.000680 0.000399 0.000226 0.000120 0.000057 0.000033 0.000019 0.000011 0.000002 0.000002 0.000000 0.000000 0.000000 0.000000 0.000000 0.000000 0.000000 
t: 0.013953488372 start: 70 end: 129 0.000002 0.000004 0.000013 0.000022 0.000037 0.000096 0.000202 0.000353 0.000668 0.001175 0.001948 0.003093 0.005063 0.007475 0.011119 0.015572 0.021234 0.027946 0.034858 0.043495 0.051357 0.058514 0.064813 0.069309 0.072273 0.072233 0.070234 0.065691 0.060437 0.052490 0.045004 0.036762 0.029534 0.022787 0.017005 0.012442 0.008594 0.005982 0.003875 0.002535 0.001580 0.000936 0.000574 0.000310 0.000171 0.000090 0.000046 0.000018 0.000019 0.000004 0.000004 0.000002 0.000000 0.000000 0.000000 0.000000 0.000000 0.000000 0.000000 0.000000 
t: 0.013636363636 start: 71 end: 131 0.000001 0.000003 0.000009 0.000019 0.000041 0.000078 0.000151 0.000294 0.000549 0.000935 0.001682 0.002681 0.004155 0.006589 0.009737 0.013689 0.018745 0.024753 0.032100 0.040146 0.047715 0.055406 0.061915 0.066992 0.071186 0.072260 0.070764 0.067924 0.062327 0.055429 0.048308 0.040245 0.032968 0.025769 0.019569 0.014244 0.010452 0.007258 0.004762 0.003245 0.001978 0.001305 0.000706 0.000413 0.000256 0.000118 0.000058 0.000032 0.000020 0.000011 0.000005 0.000002 0.000001 0.000000 0.000000 0.000000 0.000000 0.000000 0.000000 0.000000 0.000000 
t: 0.013333333333 start: 72 end: 132 0.000001 0.000001 0.000008 0.000017 0.000026 0.000064 0.000126 0.000239 0.000478 0.000795 0.001425 0.002207 0.003632 0.005650 0.008509 0.012236 0.016569 0.022495 0.029198 0.036972 0.044171 0.052215 0.059272 0.064988 0.069106 0.071760 0.071264 0.069025 0.064161 0.058323 0.051305 0.043519 0.036055 0.028645 0.022096 0.016619 0.012159 0.008712 0.005807 0.003900 0.002478 0.001552 0.000977 0.000544 0.000327 0.000176 0.000097 0.000044 0.000028 0.000011 0.000008 0.000004 0.000004 0.000000 0.000000 0.000000 0.000000 0.000000 0.000000 0.000000 0.000000 
t: 0.013043478261 start: 72 end: 133 0.000001 0.000000 0.000002 0.000005 0.000004 0.000025 0.000062 0.000109 0.000200 0.000376 0.000739 0.001159 0.001933 0.003035 0.005025 0.007410 0.010868 0.014924 0.020400 0.026700 0.033686 0.041511 0.049290 0.056341 0.062572 0.067935 0.070025 0.071421 0.069774 0.066114 0.060483 0.053632 0.046907 0.038838 0.031439 0.024779 0.018851 0.013670 0.010062 0.007166 0.004675 0.003090 0.001930 0.001193 0.000710 0.000429 0.000239 0.000115 0.000071 0.000041 0.000014 0.000009 0.000008 0.000002 0.000001 0.000000 0.000000 0.000000 0.000000 0.000000 0.000000 0.000000 
t: 0.012765957447 start: 73 end: 134 0.000001 0.000000 0.000002 0.000001 0.000003 0.000031 0.000039 0.000095 0.000187 0.000319 0.000579 0.001066 0.001609 0.002767 0.004246 0.006634 0.009548 0.013796 0.018225 0.024589 0.031457 0.038574 0.046329 0.053494 0.060387 0.065598 0.069001 0.071152 0.070365 0.066986 0.062486 0.056211 0.049360 0.041300 0.034396 0.027326 0.021097 0.015496 0.011697 0.008232 0.005642 0.003682 0.002368 0.001463 0.000914 0.000571 0.000301 0.000167 0.000110 0.000047 0.000034 0.000008 0.000005 0.000005 0.000002 0.000000 0.000000 0.000000 0.000000 0.000000 0.000000 0.000000 
t: 0.012500000000 start: 76 end: 136 0.000002 0.000001 0.000012 0.000017 0.000032 0.000094 0.000159 0.000291 0.000511 0.000838 0.001475 0.002348 0.003712 0.006012 0.008567 0.012365 0.016993 0.022316 0.028837 0.036312 0.043851 0.051132 0.057632 0.063748 0.068257 0.069960 0.070607 0.067944 0.063714 0.058430 0.051322 0.044441 0.036795 0.029665 0.023237 0.017556 0.013125 0.009391 0.006556 0.004359 0.002801 0.001868 0.001125 0.000689 0.000423 0.000226 0.000126 0.000063 0.000032 0.000013 0.000009 0.000005 0.000004 0.000000 0.000000 0.000000 0.000000 0.000000 0.000000 0.000000 0.000000 
t: 0.012244897959 start: 76 end: 137 0.000001 0.000001 0.000003 0.000008 0.000008 0.000034 0.000084 0.000138 0.000235 0.000448 0.000755 0.001275 0.002058 0.003451 0.005123 0.007772 0.011363 0.015578 0.020618 0.026704 0.033962 0.041337 0.048805 0.055206 0.062097 0.066226 0.069728 0.069634 0.068447 0.065410 0.059953 0.054034 0.046380 0.039502 0.031839 0.025353 0.019380 0.014862 0.010743 0.007431 0.005099 0.003457 0.002152 0.001333 0.000851 0.000524 0.000279 0.000154 0.000067 0.000052 0.000029 0.000010 0.000005 0.000002 0.000000 0.000000 0.000000 0.000000 0.000000 0.000000 0.000000 0.000000 
t: 0.012000000000 start: 77 end: 138 0.000001 0.000001 0.000004 0.000007 0.000008 0.000037 0.000057 0.000103 0.000239 0.000416 0.000668 0.001086 0.001893 0.002992 0.004779 0.006934 0.010261 0.014235 0.019342 0.024971 0.031484 0.039252 0.046855 0.053251 0.059798 0.064904 0.068531 0.068949 0.068906 0.066331 0.061750 0.055397 0.048586 0.041758 0.034145 0.027258 0.021398 0.016509 0.011889 0.008501 0.005872 0.004003 0.002542 0.001666 0.001054 0.000590 0.000376 0.000184 0.000104 0.000061 0.000038 0.000016 0.000007 0.000001 0.000000 0.000000 0.000000 0.000000 0.000000 0.000000 0.000000 0.000000 
t: 0.011764705882 start: 79 end: 140 0.000003 0.000001 0.000005 0.000014 0.000034 0.000044 0.000096 0.000211 0.000351 0.000596 0.001017 0.001701 0.002727 0.004182 0.006375 0.009392 0.013333 0.017795 0.023373 0.029881 0.037317 0.044182 0.051470 0.057828 0.063295 0.067425 0.068543 0.068941 0.066797 0.062680 0.057460 0.050782 0.043245 0.036454 0.029274 0.023415 0.017745 0.013449 0.009538 0.006615 0.004486 0.002991 0.002040 0.001221 0.000731 0.000417 0.000245 0.000140 0.000066 0.000037 0.000021 0.000015 0.000002 0.000002 0.000000 0.000000 0.000000 0.000000 0.000000 0.000000 0.000000 0.000000 
t: 0.011538461538 start: 79 end: 141 0.000001 0.000000 0.000003 0.000006 0.000010 0.000026 0.000043 0.000096 0.000186 0.000328 0.000511 0.000952 0.001570 0.002360 0.003897 0.005932 0.008707 0.012198 0.016559 0.022012 0.028242 0.035286 0.042525 0.049317 0.056205 0.061663 0.066223 0.068016 0.068380 0.067266 0.064019 0.058873 0.052133 0.045743 0.038176 0.031254 0.024904 0.019314 0.014602 0.010551 0.007495 0.005264 0.003412 0.002239 0.001442 0.000872 0.000539 0.000293 0.000167 0.000089 0.000049 0.000024 0.000019 0.000005 0.000001 0.000000 0.000001 0.000000 0.000000 0.000000 0.000000 0.000000 0.000000 
t: 0.011320754717 start: 82 end: 143 0.000002 0.000004 0.000007 0.000029 0.000044 0.000081 0.000158 0.000289 0.000478 0.000889 0.001397 0.002292 0.003620 0.005512 0.007955 0.011294 0.015463 0.020744 0.026885 0.033711 0.040347 0.047423 0.054845 0.060412 0.064715 0.067159 0.068688 0.067473 0.064567 0.059830 0.053960 0.047035 0.040076 0.033111 0.026455 0.020785 0.015861 0.011649 0.008372 0.005716 0.003880 0.002622 0.001727 0.001020 0.000595 0.000389 0.000203 0.000115 0.000050 0.000032 0.000020 0.000006 0.000005 0.000003 0.000000 0.000000 0.000000 0.000000 0.000000 0.000000 0.000000 0.000000 
t: 0.011111111111 start: 83 end: 145 0.000002 0.000003 0.000008 0.000023 0.000044 0.000082 0.000130 0.000286 0.000477 0.000758 0.001337 0.002090 0.003297 0.005184 0.007460 0.010687 0.014639 0.019547 0.025454 0.031915 0.038982 0.045796 0.053022 0.058729 0.063715 0.066615 0.068125 0.067757 0.065159 0.060761 0.055126 0.049011 0.041541 0.034493 0.028237 0.022127 0.016869 0.012728 0.009182 0.006459 0.004357 0.002957 0.001952 0.001173 0.000695 0.000471 0.000257 0.000128 0.000067 0.000036 0.000030 0.000008 0.000008 0.000003 0.000001 0.000000 0.000000 0.000000 0.000000 0.000000 0.000000 0.000000 0.000000 
t: 0.010909090909 start: 85 end: 146 0.000003 0.000009 0.000026 0.000035 0.000066 0.000125 0.000257 0.000442 0.000696 0.001238 0.002016 0.003067 0.004821 0.006963 0.010130 0.013690 0.018837 0.024252 0.030411 0.037479 0.044504 0.050894 0.057674 0.062935 0.065885 0.067763 0.067673 0.065565 0.061785 0.056425 0.050078 0.042809 0.036077 0.029501 0.023379 0.018105 0.013727 0.009975 0.007059 0.004851 0.003220 0.002148 0.001371 0.000848 0.000547 0.000298 0.000151 0.000083 0.000047 0.000028 0.000017 0.000010 0.000003 0.000002 0.000000 0.000000 0.000000 0.000000 0.000000 0.000000 0.000000 0.000000 
t: 0.010714285714 start: 85 end: 147 0.000001 0.000003 0.000009 0.000020 0.000030 0.000070 0.000118 0.000223 0.000413 0.000708 0.001164 0.001810 0.003053 0.004452 0.006656 0.009441 0.013109 0.017947 0.023107 0.029377 0.036021 0.042960 0.049876 0.056447 0.061293 0.065081 0.067633 0.067659 0.066101 0.062175 0.057445 0.051087 0.044737 0.037236 0.030721 0.024419 0.019218 0.014623 0.010705 0.007721 0.005351 0.003617 0.002304 0.001536 0.000999 0.000582 0.000308 0.000191 0.000111 0.000067 0.000028 0.000018 0.000012 0.000006 0.000001 0.000000 0.000000 0.000000 0.000000 0.000000 0.000000 0.000000 0.000000 
t: 0.010526315789 start: 87 end: 148 0.000003 0.000006 0.000016 0.000029 0.000068 0.000101 0.000225 0.000396 0.000656 0.001107 0.001800 0.002806 0.004314 0.006208 0.009018 0.012682 0.016964 0.022329 0.028212 0.034969 0.041934 0.048535 0.054817 0.060490 0.064527 0.066713 0.067380 0.066474 0.062854 0.058354 0.052106 0.045611 0.038808 0.031655 0.025780 0.020104 0.015663 0.011381 0.008317 0.005764 0.003919 0.002622 0.001678 0.001058 0.000681 0.000387 0.000207 0.000126 0.000070 0.000043 0.000020 0.000007 0.000003 0.000003 0.000000 0.000000 0.000000 0.000000 0.000000 0.000000 0.000000 0.000000 
t: 0.010344827586 start: 88 end: 149 0.000001 0.000006 0.000011 0.000040 0.000056 0.000116 0.000198 0.000390 0.000645 0.001042 0.001708 0.002662 0.004099 0.006019 0.008590 0.012174 0.016454 0.021418 0.027243 0.033712 0.041071 0.047348 0.053899 0.059454 0.063706 0.066202 0.067238 0.066103 0.063429 0.058901 0.053133 0.046797 0.039884 0.032725 0.026697 0.021351 0.016559 0.012098 0.008709 0.006205 0.004289 0.002810 0.001927 0.001155 0.000751 0.000415 0.000244 0.000148 0.000085 0.000047 0.000020 0.000010 0.000004 0.000002 0.000000 0.000000 0.000000 0.000000 0.000000 0.000000 0.000000 0.000000 
t: 0.010169491525 start: 88 end: 150 0.000001 0.000001 0.000006 0.000017 0.000031 0.000051 0.000104 0.000209 0.000329 0.000630 0.001026 0.001693 0.002505 0.003960 0.005780 0.008485 0.011722 0.015595 0.020890 0.026475 0.032917 0.039667 0.046552 0.052871 0.058872 0.062855 0.065849 0.066719 0.066222 0.063136 0.059853 0.053910 0.047314 0.041158 0.034045 0.027638 0.022011 0.017116 0.012782 0.009284 0.006838 0.004569 0.003038 0.002010 0.001380 0.000771 0.000474 0.000282 0.000172 0.000096 0.000036 0.000030 0.000013 0.000009 0.000001 0.000000 0.000000 0.000000 0.000000 0.000000 0.000000 0.000000 0.000000 
t: 0.010000000000 start: 89 end: 151 0.000001 0.000002 0.000005 0.000016 0.000032 0.000048 0.000096 0.000196 0.000355 0.000608 0.000985 0.001564 0.002465 0.003828 0.005645 0.008212 0.011449 0.015186 0.020158 0.025567 0.032001 0.039125 0.045625 0.052372 0.057757 0.062135 0.065336 0.066728 0.065686 0.063640 0.059879 0.054491 0.048488 0.041746 0.035001 0.028789 0.022666 0.017751 0.013437 0.009897 0.007150 0.004997 0.003163 0.002173 0.001422 0.000907 0.000489 0.000329 0.000198 0.000103 0.000047 0.000028 0.000013 0.000010 0.000003 0.000000 0.000000 0.000000 0.000000 0.000000 0.000000 0.000000 0.000000 
t: 0.008448275866 start: 98 end: 165 0.000001 0.000001 0.000007 0.000004 0.000008 0.000007 0.000040 0.000076 0.000136 0.000223 0.000400 0.000606 0.001058 0.001607 0.002525 0.003633 0.005516 0.007679 0.010846 0.014479 0.018573 0.024108 0.029753 0.035909 0.042532 0.048621 0.053786 0.059081 0.061999 0.063792 0.064444 0.063308 0.059607 0.055627 0.050809 0.044518 0.038395 0.032006 0.026091 0.020576 0.016329 0.012223 0.009146 0.006609 0.004541 0.003259 0.002068 0.001373 0.000844 0.000521 0.000294 0.000199 0.000105 0.000052 0.000029 0.000013 0.000005 0.000001 0.000000 0.000000 0.000001 0.000001 0.000000 0.000000 0.000000 0.000000 0.000000 0.000000 
t: 0.007313432839 start: 107 end: 175 0.000001 0.000000 0.000004 0.000005 0.000006 0.000012 0.000036 0.000048 0.000093 0.000184 0.000262 0.000481 0.000814 0.001242 0.001954 0.002873 0.004294 0.006168 0.008653 0.011609 0.015437 0.019914 0.024905 0.030649 0.036595 0.042337 0.048746 0.053773 0.057708 0.061064 0.062693 0.062720 0.060997 0.058644 0.053898 0.049493 0.044259 0.038058 0.031837 0.026350 0.021155 0.016527 0.012560 0.009265 0.006921 0.004897 0.003455 0.002393 0.001549 0.000978 0.000609 0.000387 0.000199 0.000128 0.000082 0.000035 0.000024 0.000010 0.000002 0.000004 0.000003 0.000000 0.000001 0.000000 0.000000 0.000000 0.000000 0.000000 0.000000 
t: 0.006447368423 start: 113 end: 182 0.000001 0.000000 0.000001 0.000000 0.000001 0.000002 0.000008 0.000013 0.000022 0.000048 0.000085 0.000155 0.000237 0.000402 0.000685 0.001061 0.001537 0.002451 0.003731 0.005131 0.007228 0.009900 0.013449 0.017259 0.021801 0.026935 0.032352 0.038360 0.044225 0.050232 0.054389 0.058334 0.060648 0.061494 0.061694 0.059345 0.056090 0.052533 0.047502 0.041910 0.035996 0.030200 0.025161 0.019997 0.015697 0.012051 0.009079 0.006509 0.004817 0.003170 0.002216 0.001439 0.000949 0.000604 0.000360 0.000209 0.000133 0.000070 0.000047 0.000024 0.000011 0.000004 0.000004 0.000002 0.000000 0.000000 0.000000 0.000000 0.000000 0.000000 
t: 0.005764705884 start: 121 end: 189 0.000002 0.000000 0.000000 0.000000 0.000002 0.000003 0.000011 0.000018 0.000032 0.000067 0.000131 0.000195 0.000345 0.000525 0.000850 0.001327 0.002038 0.003039 0.004340 0.005989 0.008318 0.011370 0.014693 0.019088 0.023986 0.029264 0.034647 0.040475 0.045886 0.050936 0.055164 0.058330 0.060437 0.061156 0.060514 0.058009 0.054594 0.050462 0.045207 0.039833 0.034251 0.028631 0.023615 0.019008 0.014609 0.011343 0.008204 0.006151 0.004345 0.003022 0.002030 0.001345 0.000854 0.000519 0.000342 0.000182 0.000125 0.000074 0.000026 0.000019 0.000014 0.000004 0.000002 0.000002 0.000000 0.000000 0.000000 0.000000 0.000000 
t: 0.005212765959 start: 131 end: 198 0.000001 0.000003 0.000013 0.000012 0.000029 0.000035 0.000079 0.000137 0.000211 0.000379 0.000666 0.001007 0.001570 0.002331 0.003296 0.004828 0.006775 0.009004 0.012259 0.015788 0.020154 0.024943 0.030299 0.035892 0.041289 0.047003 0.051383 0.055555 0.058397 0.060184 0.060658 0.059602 0.057323 0.053941 0.049336 0.044366 0.038587 0.033150 0.027711 0.022620 0.018289 0.014176 0.010741 0.008055 0.005780 0.004085 0.002789 0.001922 0.001245 0.000806 0.000538 0.000322 0.000190 0.000102 0.000059 0.000037 0.000026 0.000008 0.000011 0.000003 0.000000 0.000000 0.000000 0.000000 0.000000 0.000000 0.000000 0.000000 
t: 0.004757281555 start: 135 end: 206 0.000001 0.000003 0.000002 0.000003 0.000007 0.000014 0.000030 0.000051 0.000088 0.000137 0.000243 0.000391 0.000646 0.000990 0.001625 0.002164 0.003248 0.004821 0.006730 0.009053 0.011938 0.015854 0.019713 0.024605 0.029791 0.035344 0.040431 0.046258 0.051044 0.054723 0.058535 0.059924 0.060227 0.059489 0.057444 0.053837 0.049868 0.044727 0.039498 0.033720 0.028318 0.023018 0.018364 0.014685 0.011178 0.008197 0.005968 0.004372 0.003012 0.002089 0.001330 0.000858 0.000565 0.000332 0.000218 0.000114 0.000083 0.000035 0.000023 0.000009 0.000011 0.000002 0.000001 0.000000 0.000001 0.000000 0.000000 0.000000 0.000000 0.000000 0.000000 0.000000 
t: 0.004375000001 start: 140 end: 211 0.000001 0.000000 0.000001 0.000005 0.000008 0.000016 0.000026 0.000033 0.000063 0.000130 0.000200 0.000304 0.000537 0.000812 0.001263 0.001934 0.002801 0.004095 0.005705 0.007940 0.010567 0.013967 0.017642 0.022568 0.027194 0.032641 0.037704 0.043650 0.048911 0.053268 0.056531 0.059271 0.060428 0.059672 0.058862 0.055511 0.051955 0.047188 0.041757 0.036515 0.030976 0.025571 0.020686 0.016303 0.012470 0.009684 0.007090 0.005021 0.003628 0.002470 0.001565 0.001084 0.000704 0.000456 0.000268 0.000160 0.000098 0.000039 0.000029 0.000009 0.000006 0.000001 0.000003 0.000002 0.000001 0.000000 0.000000 0.000000 0.000000 0.000000 0.000000 0.000000 
t: 0.004049586778 start: 145 end: 215 0.000001 0.000000 0.000001 0.000002 0.000012 0.000021 0.000016 0.000045 0.000074 0.000122 0.000204 0.000317 0.000545 0.000872 0.001297 0.001986 0.002830 0.004206 0.005834 0.007951 0.010897 0.013985 0.018020 0.022470 0.027459 0.032796 0.038422 0.043654 0.048748 0.053395 0.057212 0.059604 0.059806 0.059780 0.058377 0.055486 0.051826 0.047214 0.041869 0.036092 0.030748 0.025542 0.020472 0.015975 0.012373 0.009397 0.006907 0.005004 0.003471 0.002382 0.001567 0.001042 0.000655 0.000424 0.000259 0.000156 0.000091 0.000040 0.000023 0.000014 0.000005 0.000002 0.000000 0.000002 0.000001 0.000000 0.000000 0.000000 0.000000 0.000000 0.000000 
t: 0.003769230770 start: 150 end: 220 0.000001 0.000001 0.000002 0.000009 0.000014 0.000018 0.000029 0.000059 0.000099 0.000165 0.000268 0.000399 0.000677 0.001087 0.001583 0.002406 0.003534 0.004922 0.006876 0.009269 0.012234 0.015980 0.020115 0.024861 0.029891 0.035290 0.041102 0.046235 0.051602 0.055505 0.057910 0.060279 0.060672 0.059312 0.057091 0.053896 0.049579 0.044678 0.039080 0.033328 0.027912 0.022918 0.018012 0.014302 0.010701 0.008039 0.005927 0.004028 0.002793 0.001986 0.001250 0.000786 0.000558 0.000308 0.000187 0.000104 0.000056 0.000035 0.000024 0.000006 0.000007 0.000002 0.000000 0.000000 0.000001 0.000000 0.000000 0.000000 0.000000 0.000000 0.000000 
t: 0.003525179857 start: 154 end: 223 0.000001 0.000000 0.000005 0.000006 0.000010 0.000018 0.000028 0.000047 0.000105 0.000146 0.000239 0.000380 0.000632 0.000993 0.001557 0.002266 0.003290 0.004734 0.006590 0.008963 0.011967 0.015329 0.019546 0.024036 0.029171 0.035080 0.040372 0.045419 0.050589 0.055063 0.058075 0.060272 0.060835 0.060175 0.057839 0.054381 0.050243 0.045417 0.039688 0.034161 0.028225 0.023300 0.018507 0.014716 0.011142 0.008179 0.005839 0.004145 0.002931 0.001990 0.001239 0.000823 0.000532 0.000327 0.000182 0.000100 0.000081 0.000036 0.000023 0.000006 0.000003 0.000004 0.000002 0.000000 0.000000 0.000000 0.000000 0.000000 0.000000 0.000000 
t: 0.003310810811 start: 157 end: 229 0.000001 0.000002 0.000002 0.000002 0.000005 0.000011 0.000018 0.000022 0.000050 0.000092 0.000171 0.000282 0.000415 0.000694 0.001078 0.001701 0.002516 0.003580 0.005033 0.007010 0.009403 0.012661 0.016162 0.020343 0.025207 0.030531 0.036036 0.041733 0.046618 0.051686 0.056172 0.058944 0.061051 0.061036 0.059957 0.057239 0.054140 0.049165 0.044158 0.038171 0.032316 0.027244 0.022242 0.017535 0.013593 0.010272 0.007481 0.005327 0.003687 0.002644 0.001731 0.001083 0.000684 0.000437 0.000272 0.000155 0.000092 0.000046 0.000033 0.000011 0.000012 0.000002 0.000001 0.000001 0.000001 0.000000 0.000000 0.000000 0.000000 0.000000 0.000000 0.000000 0.000000 
t: 0.003121019109 start: 160 end: 230 0.000001 0.000000 0.000001 0.000000 0.000005 0.000004 0.000008 0.000023 0.000044 0.000068 0.000133 0.000192 0.000344 0.000547 0.000875 0.001358 0.002066 0.002985 0.004236 0.005880 0.008128 0.011060 0.014296 0.018385 0.022599 0.027667 0.033269 0.039350 0.044730 0.049826 0.054241 0.057708 0.060477 0.061420 0.060984 0.059094 0.055838 0.051580 0.046552 0.041241 0.034853 0.029453 0.024466 0.019506 0.015370 0.011680 0.008579 0.006137 0.004377 0.002980 0.001938 0.001334 0.000835 0.000516 0.000300 0.000216 0.000111 0.000066 0.000030 0.000020 0.000010 0.000004 0.000001 0.000001 0.000002 0.000000 0.000000 0.000000 0.000000 0.000000 0.000000 
t: 0.002951807229 start: 165 end: 235 0.000001 0.000002 0.000002 0.000005 0.000007 0.000015 0.000034 0.000065 0.000101 0.000171 0.000323 0.000479 0.000775 0.001243 0.001740 0.002712 0.003888 0.005463 0.007629 0.010375 0.013307 0.017171 0.021726 0.027080 0.032158 0.037756 0.043891 0.048996 0.053079 0.057787 0.060305 0.061591 0.061496 0.059672 0.056966 0.052802 0.047449 0.041785 0.036649 0.030816 0.025351 0.020570 0.015810 0.012082 0.008860 0.006406 0.004660 0.003069 0.002156 0.001400 0.000823 0.000531 0.000331 0.000196 0.000108 0.000070 0.000035 0.000016 0.000005 0.000003 0.000004 0.000001 0.000000 0.000000 0.000001 0.000000 0.000000 0.000000 0.000000 0.000000 0.000000 
t: 0.002800000000 start: 168 end: 236 0.000001 0.000000 0.000004 0.000005 0.000008 0.000017 0.000028 0.000061 0.000109 0.000177 0.000278 0.000478 0.000825 0.001191 0.001796 0.002617 0.003938 0.005483 0.007574 0.010153 0.013449 0.017060 0.021920 0.027147 0.032182 0.038240 0.043751 0.049045 0.054045 0.058158 0.060411 0.062294 0.061327 0.059951 0.057188 0.052942 0.047584 0.041626 0.036628 0.030306 0.025192 0.019937 0.015513 0.011881 0.008654 0.006232 0.004264 0.003009 0.002039 0.001312 0.000796 0.000480 0.000287 0.000170 0.000111 0.000065 0.000033 0.000014 0.000007 0.000004 0.000002 0.000000 0.000001 0.000000 0.000000 0.000000 0.000000 0.000000 0.000000 
t: 0.002663043479 start: 170 end: 237 0.000001 0.000000 0.000002 0.000002 0.000007 0.000007 0.000012 0.000036 0.000059 0.000105 0.000187 0.000359 0.000542 0.000820 0.001267 0.001944 0.002889 0.004093 0.005919 0.008091 0.010558 0.014208 0.018133 0.022865 0.028401 0.033865 0.039466 0.045335 0.050500 0.055260 0.058832 0.061460 0.062857 0.061430 0.059588 0.056523 0.051961 0.046070 0.040588 0.035009 0.029147 0.023736 0.018269 0.014432 0.010770 0.007922 0.005447 0.003898 0.002671 0.001777 0.001071 0.000631 0.000422 0.000233 0.000162 0.000078 0.000040 0.000021 0.000009 0.000008 0.000005 0.000000 0.000000 0.000000 0.000000 0.000000 0.000000 0.000000 
t: 0.002538860104 start: 173 end: 242 0.000001 0.000001 0.000002 0.000003 0.000006 0.000009 0.000017 0.000040 0.000094 0.000136 0.000226 0.000426 0.000615 0.000942 0.001468 0.002262 0.003344 0.004776 0.006602 0.008974 0.011988 0.015608 0.020327 0.025182 0.030361 0.036407 0.042103 0.047947 0.052642 0.057077 0.060712 0.062515 0.062482 0.061345 0.058416 0.054781 0.050208 0.044307 0.037968 0.032048 0.026593 0.021067 0.016474 0.012538 0.009254 0.006488 0.004610 0.003131 0.002105 0.001366 0.000799 0.000495 0.000343 0.000177 0.000088 0.000048 0.000029 0.000015 0.000005 0.000002 0.000003 0.000002 0.000000 0.000000 0.000000 0.000000 0.000000 0.000000 0.000000 0.000000 
t: 0.002425742574 start: 175 end: 241 0.000002 0.000000 0.000000 0.000004 0.000002 0.000011 0.000012 0.000033 0.000060 0.000104 0.000187 0.000313 0.000511 0.000811 0.001208 0.001867 0.002767 0.004031 0.005689 0.007834 0.010784 0.013902 0.018277 0.022873 0.028096 0.034323 0.039950 0.045472 0.050757 0.056158 0.059607 0.062567 0.063016 0.062140 0.060302 0.056680 0.052227 0.046677 0.040612 0.034352 0.028566 0.023072 0.017937 0.013806 0.010115 0.007351 0.005311 0.003497 0.002324 0.001501 0.000940 0.000571 0.000365 0.000191 0.000117 0.000056 0.000032 0.000012 0.000009 0.000004 0.000005 0.000000 0.000000 0.000000 0.000000 0.000000 0.000000 
t: 0.002322274882 start: 176 end: 241 0.000002 0.000000 0.000000 0.000000 0.000001 0.000000 0.000007 0.000017 0.000026 0.000033 0.000090 0.000157 0.000271 0.000413 0.000684 0.001084 0.001689 0.002468 0.003488 0.005113 0.007121 0.009753 0.013138 0.016852 0.021967 0.026679 0.032527 0.038379 0.044609 0.049831 0.055126 0.059176 0.062301 0.063644 0.062984 0.061154 0.057852 0.053635 0.048450 0.042126 0.035879 0.029598 0.024280 0.018880 0.014267 0.010690 0.007846 0.005386 0.003778 0.002498 0.001628 0.000992 0.000610 0.000371 0.000224 0.000114 0.000057 0.000029 0.000012 0.000007 0.000003 0.000004 0.000000 0.000000 0.000000 0.000000 
t: 0.002227272727 start: 178 end: 243 0.000001 0.000000 0.000000 0.000001 0.000001 0.000002 0.000000 0.000011 0.000020 0.000040 0.000069 0.000148 0.000226 0.000405 0.000646 0.001018 0.001532 0.002237 0.003397 0.004663 0.006897 0.009384 0.012639 0.016408 0.021021 0.026067 0.031897 0.037515 0.043984 0.049970 0.054803 0.058992 0.062427 0.063967 0.063485 0.061978 0.058712 0.054147 0.048967 0.042666 0.036785 0.030375 0.024510 0.019032 0.014595 0.010753 0.007790 0.005641 0.003685 0.002597 0.001560 0.000941 0.000610 0.000346 0.000234 0.000095 0.000053 0.000034 0.000012 0.000005 0.000004 0.000000 0.000000 0.000000 0.000000 0.000000 
t: 0.002139737991 start: 180 end: 245 0.000001 0.000000 0.000000 0.000000 0.000002 0.000001 0.000005 0.000007 0.000018 0.000049 0.000073 0.000129 0.000204 0.000409 0.000636 0.000964 0.001439 0.002267 0.003284 0.004743 0.006868 0.009188 0.012427 0.016335 0.020784 0.026206 0.032083 0.038201 0.044165 0.049925 0.055156 0.059728 0.062239 0.064515 0.064225 0.062505 0.059246 0.054073 0.048566 0.042964 0.036266 0.030181 0.023953 0.018877 0.014247 0.010493 0.007536 0.005241 0.003541 0.002385 0.001452 0.000916 0.000593 0.000337 0.000168 0.000091 0.000058 0.000019 0.000009 0.000004 0.000003 0.000000 0.000000 0.000000 0.000000 0.000000 
t: 0.002058823530 start: 183 end: 248 0.000001 0.000000 0.000001 0.000000 0.000001 0.000003 0.000013 0.000020 0.000056 0.000067 0.000131 0.000238 0.000399 0.000602 0.000966 0.001523 0.002295 0.003374 0.004950 0.006928 0.009576 0.012740 0.016731 0.021545 0.026802 0.032692 0.039425 0.044745 0.050784 0.056263 0.060676 0.063414 0.064671 0.064561 0.062775 0.058561 0.053923 0.047919 0.042093 0.035031 0.028997 0.022939 0.017883 0.013615 0.009785 0.006946 0.004788 0.003284 0.002136 0.001266 0.000838 0.000477 0.000263 0.000138 0.000081 0.000040 0.000011 0.000014 0.000002 0.000002 0.000000 0.000000 0.000000 0.000000 0.000000 0.000000 
t: 0.001983805668 start: 186 end: 251 0.000001 0.000000 0.000001 0.000004 0.000005 0.000008 0.000027 0.000043 0.000081 0.000150 0.000251 0.000425 0.000670 0.001042 0.001642 0.002450 0.003580 0.005333 0.007535 0.010036 0.013547 0.017624 0.022560 0.028435 0.034285 0.040338 0.046807 0.052489 0.057720 0.061894 0.064497 0.065314 0.064429 0.062132 0.058032 0.052720 0.046473 0.040046 0.033362 0.027163 0.021557 0.016697 0.012334 0.008711 0.006155 0.004237 0.002852 0.001741 0.001108 0.000645 0.000393 0.000198 0.000121 0.000050 0.000031 0.000014 0.000001 0.000003 0.000001 0.000000 0.000000 0.000000 0.000000 0.000000 0.000000 0.000000 
t: 0.001914062500 start: 189 end: 253 0.000001 0.000002 0.000004 0.000008 0.000011 0.000030 0.000043 0.000099 0.000178 0.000267 0.000488 0.000799 0.001120 0.001765 0.002792 0.004028 0.005768 0.008159 0.011111 0.014763 0.019051 0.024460 0.030220 0.036314 0.042741 0.048894 0.054483 0.060093 0.063276 0.065419 0.065757 0.064622 0.061137 0.055763 0.051192 0.044406 0.037848 0.030915 0.025003 0.019335 0.014963 0.010606 0.007538 0.005381 0.003513 0.002254 0.001455 0.000860 0.000505 0.000266 0.000150 0.000073 0.000042 0.000019 0.000006 0.000002 0.000002 0.000000 0.000000 0.000000 0.000000 0.000000 0.000000 0.000000 0.000000 
t: 0.001849056604 start: 189 end: 252 0.000001 0.000000 0.000000 0.000001 0.000007 0.000005 0.000021 0.000041 0.000071 0.000101 0.000209 0.000362 0.000532 0.000831 0.001365 0.002165 0.003194 0.004581 0.006664 0.009012 0.012391 0.016475 0.021417 0.026619 0.032651 0.039035 0.045577 0.051686 0.057365 0.061796 0.065324 0.066287 0.065962 0.063172 0.059711 0.053872 0.048303 0.041568 0.034745 0.028230 0.022459 0.016931 0.012532 0.009008 0.006398 0.004220 0.002824 0.001834 0.001093 0.000637 0.000337 0.000197 0.000097 0.000048 0.000022 0.000008 0.000002 0.000004 0.000000 0.000000 0.000000 0.000000 0.000000 0.000000 
t: 0.001788321168 start: 190 end: 253 0.000001 0.000000 0.000000 0.000001 0.000002 0.000005 0.000012 0.000027 0.000043 0.000078 0.000149 0.000249 0.000433 0.000675 0.001068 0.001664 0.002559 0.003806 0.005437 0.007652 0.010486 0.014128 0.018848 0.023969 0.029621 0.035824 0.042524 0.048660 0.055212 0.060064 0.064099 0.066535 0.067099 0.065296 0.061537 0.056930 0.051491 0.045017 0.038102 0.031128 0.024930 0.019153 0.014440 0.010284 0.007395 0.004971 0.003323 0.002158 0.001278 0.000733 0.000418 0.000262 0.000124 0.000054 0.000025 0.000011 0.000006 0.000004 0.000000 0.000000 0.000000 0.000000 0.000000 0.000000 
t: 0.001731448763 start: 192 end: 254 0.000001 0.000000 0.000000 0.000004 0.000001 0.000009 0.000014 0.000030 0.000065 0.000126 0.000161 0.000295 0.000588 0.000806 0.001348 0.002091 0.003097 0.004576 0.006506 0.009193 0.012403 0.016837 0.021451 0.027165 0.032934 0.040084 0.046453 0.052883 0.058581 0.063171 0.066215 0.067458 0.066545 0.062999 0.059286 0.054488 0.048004 0.040603 0.033943 0.027378 0.021243 0.015845 0.011511 0.008276 0.005664 0.003849 0.002371 0.001495 0.000912 0.000475 0.000288 0.000156 0.000066 0.000031 0.000017 0.000006 0.000003 0.000000 0.000000 0.000000 0.000000 0.000000 0.000000 
t: 0.001678082192 start: 193 end: 256 0.000001 0.000000 0.000001 0.000001 0.000001 0.000002 0.000007 0.000023 0.000044 0.000081 0.000152 0.000249 0.000418 0.000737 0.001094 0.001704 0.002655 0.003942 0.005769 0.008011 0.011201 0.014905 0.019500 0.024955 0.031024 0.037783 0.044174 0.051022 0.057379 0.062051 0.065958 0.067273 0.067537 0.064901 0.061224 0.056501 0.050169 0.043359 0.036069 0.029372 0.022801 0.017267 0.012711 0.008919 0.006307 0.004201 0.002678 0.001713 0.000952 0.000543 0.000328 0.000174 0.000091 0.000031 0.000020 0.000012 0.000003 0.000000 0.000000 0.000000 0.000000 0.000000 0.000000 0.000000 
t: 0.001627906977 start: 196 end: 258 0.000001 0.000001 0.000000 0.000004 0.000007 0.000022 0.000032 0.000051 0.000110 0.000214 0.000356 0.000621 0.000930 0.001458 0.002261 0.003422 0.004969 0.007149 0.010224 0.013784 0.018045 0.023186 0.029217 0.035794 0.042513 0.049602 0.055908 0.061045 0.065289 0.067842 0.067890 0.066412 0.063444 0.057983 0.052083 0.045248 0.037842 0.030847 0.024277 0.018269 0.013622 0.009689 0.006740 0.004551 0.002774 0.001867 0.001099 0.000609 0.000364 0.000172 0.000081 0.000040 0.000023 0.000013 0.000003 0.000000 0.000001 0.000000 0.000000 0.000000 0.000000 0.000000 0.000000 
t: 0.001580645161 start: 197 end: 261 0.000001 0.000001 0.000001 0.000002 0.000005 0.000014 0.000028 0.000046 0.000096 0.000192 0.000303 0.000497 0.000798 0.001281 0.002036 0.003047 0.004529 0.006564 0.009286 0.012712 0.016804 0.022011 0.027812 0.034176 0.041189 0.048715 0.054349 0.060586 0.065314 0.067480 0.068267 0.067873 0.064251 0.059797 0.053434 0.046767 0.039228 0.032152 0.025398 0.019167 0.014347 0.010255 0.007006 0.004743 0.002970 0.001972 0.001171 0.000629 0.000346 0.000187 0.000089 0.000039 0.000020 0.000012 0.000003 0.000001 0.000001 0.000000 0.000000 0.000000 0.000000 0.000000 0.000000 0.000000 0.000000 
t: 0.001536050157 start: 198 end: 261 0.000001 0.000000 0.000001 0.000003 0.000005 0.000010 0.000023 0.000042 0.000084 0.000163 0.000245 0.000437 0.000756 0.001119 0.001810 0.002734 0.004139 0.006145 0.008565 0.011867 0.016187 0.020828 0.026870 0.033277 0.040395 0.047222 0.053596 0.060285 0.064714 0.068128 0.068881 0.068255 0.065298 0.060862 0.054657 0.047894 0.040442 0.033205 0.025812 0.019973 0.014767 0.010586 0.007136 0.004901 0.003180 0.001972 0.001177 0.000651 0.000349 0.000192 0.000088 0.000038 0.000019 0.000008 0.000003 0.000002 0.000001 0.000000 0.000000 0.000000 0.000000 0.000000 0.000000 0.000000 
t: 0.001493902439 start: 199 end: 261 0.000001 0.000001 0.000000 0.000004 0.000005 0.000009 0.000019 0.000028 0.000077 0.000144 0.000228 0.000406 0.000658 0.001030 0.001644 0.002558 0.003877 0.005672 0.008232 0.011384 0.015287 0.020341 0.026133 0.032556 0.039699 0.046417 0.053313 0.059648 0.064773 0.068041 0.070105 0.068822 0.066423 0.061153 0.055744 0.048694 0.041164 0.033399 0.026672 0.020144 0.015053 0.010612 0.007273 0.004950 0.003118 0.002020 0.001143 0.000646 0.000358 0.000167 0.000091 0.000034 0.000015 0.000008 0.000003 0.000004 0.000000 0.000000 0.000000 0.000000 0.000000 0.000000 0.000000 
t: 0.001454005935 start: 200 end: 262 0.000001 0.000001 0.000000 0.000002 0.000007 0.000006 0.000015 0.000033 0.000060 0.000129 0.000201 0.000367 0.000624 0.000943 0.001591 0.002438 0.003610 0.005455 0.007889 0.011032 0.015037 0.019777 0.025754 0.032100 0.039203 0.046329 0.053273 0.059558 0.064846 0.068475 0.070416 0.069776 0.066457 0.061992 0.056081 0.049082 0.041613 0.033816 0.026721 0.020397 0.014838 0.010483 0.007280 0.004897 0.003093 0.001908 0.001097 0.000671 0.000333 0.000142 0.000086 0.000038 0.000009 0.000011 0.000005 0.000002 0.000000 0.000000 0.000000 0.000000 0.000000 0.000000 0.000000 
t: 0.001416184971 start: 202 end: 263 0.000002 0.000000 0.000002 0.000007 0.000007 0.000013 0.000030 0.000069 0.000097 0.000188 0.000341 0.000615 0.000894 0.001521 0.002410 0.003499 0.005299 0.007730 0.010793 0.014702 0.019583 0.025709 0.031738 0.039115 0.046547 0.053421 0.059902 0.065418 0.068736 0.070349 0.070170 0.067496 0.062509 0.056438 0.049272 0.041327 0.033730 0.026460 0.020204 0.014708 0.010280 0.007063 0.004584 0.003035 0.001749 0.001072 0.000609 0.000275 0.000146 0.000076 0.000032 0.000017 0.000006 0.000004 0.000000 0.000001 0.000000 0.000000 0.000000 0.000000 0.000000 0.000000 
t: 0.001380281690 start: 204 end: 264 0.000002 0.000005 0.000000 0.000006 0.000015 0.000030 0.000065 0.000106 0.000159 0.000358 0.000566 0.000903 0.001515 0.002309 0.003636 0.005182 0.007590 0.010767 0.014762 0.019651 0.025568 0.032075 0.039507 0.046561 0.053930 0.060348 0.066196 0.068883 0.071177 0.070413 0.067654 0.062964 0.056394 0.048618 0.041045 0.033363 0.026243 0.019655 0.014282 0.009895 0.006688 0.004466 0.002803 0.001622 0.000993 0.000516 0.000289 0.000118 0.000057 0.000029 0.000013 0.000005 0.000002 0.000001 0.000000 0.000000 0.000000 0.000000 0.000000 0.000000 0.000000 
t: 0.001346153846 start: 205 end: 265 0.000004 0.000001 0.000002 0.000008 0.000012 0.000029 0.000072 0.000098 0.000173 0.000325 0.000559 0.000930 0.001503 0.002311 0.003538 0.005189 0.007673 0.010816 0.015068 0.019944 0.025792 0.032923 0.039541 0.047523 0.054615 0.060921 0.066665 0.070476 0.071320 0.070465 0.067574 0.062908 0.055911 0.048347 0.040438 0.032613 0.025606 0.018886 0.013538 0.009469 0.006382 0.003998 0.002551 0.001525 0.000853 0.000481 0.000212 0.000125 0.000045 0.000024 0.000012 0.000005 0.000000 0.000001 0.000000 0.000000 0.000000 0.000000 0.000000 0.000000 0.000000 
t: 0.001313672922 start: 205 end: 267 0.000001 0.000001 0.000002 0.000004 0.000007 0.000014 0.000030 0.000071 0.000107 0.000169 0.000328 0.000531 0.000934 0.001555 0.002385 0.003519 0.005382 0.007800 0.011156 0.015420 0.020462 0.026367 0.033495 0.040800 0.048480 0.055326 0.061927 0.067546 0.070923 0.071777 0.070774 0.068016 0.062003 0.055302 0.047432 0.039496 0.031753 0.024286 0.018064 0.012923 0.008882 0.005663 0.003754 0.002306 0.001336 0.000753 0.000380 0.000192 0.000091 0.000040 0.000025 0.000007 0.000001 0.000001 0.000001 0.000000 0.000000 0.000000 0.000000 0.000000 0.000000 0.000000 0.000000 
t: 0.001282722513 start: 206 end: 266 0.000002 0.000000 0.000003 0.000003 0.000006 0.000013 0.000030 0.000076 0.000103 0.000176 0.000312 0.000568 0.001013 0.001512 0.002417 0.003804 0.005551 0.008083 0.011556 0.016074 0.020893 0.027463 0.034471 0.041840 0.049581 0.056789 0.063253 0.068371 0.071626 0.072355 0.071164 0.066959 0.061859 0.054049 0.046273 0.038356 0.030393 0.022989 0.016969 0.012048 0.008007 0.005185 0.003430 0.001960 0.001177 0.000636 0.000308 0.000157 0.000071 0.000038 0.000016 0.000009 0.000002 0.000001 0.000000 0.000000 0.000000 0.000000 0.000000 0.000000 0.000000 
t: 0.001253196931 start: 207 end: 267 0.000001 0.000001 0.000001 0.000004 0.000010 0.000015 0.000039 0.000055 0.000115 0.000181 0.000331 0.000614 0.000989 0.001672 0.002551 0.003888 0.005835 0.008583 0.012092 0.016511 0.022019 0.028511 0.035638 0.043436 0.051133 0.058295 0.064681 0.069641 0.072195 0.072991 0.070706 0.066948 0.060111 0.053093 0.044854 0.036624 0.028624 0.021516 0.015973 0.010975 0.007165 0.004707 0.002965 0.001750 0.000948 0.000539 0.000246 0.000116 0.000062 0.000029 0.000014 0.000004 0.000003 0.000000 0.000000 0.000000 0.000000 0.000000 0.000000 0.000000 0.000000 
t: 0.001225000000 start: 207 end: 268 0.000001 0.000001 0.000001 0.000002 0.000003 0.000006 0.000017 0.000038 0.000068 0.000128 0.000198 0.000364 0.000656 0.001056 0.001731 0.002774 0.004143 0.006214 0.009066 0.012647 0.017622 0.023335 0.029538 0.037183 0.045230 0.052936 0.060047 0.066240 0.070772 0.072899 0.073273 0.070811 0.065659 0.059189 0.051482 0.042968 0.034594 0.026640 0.020261 0.014297 0.009784 0.006460 0.004109 0.002501 0.001465 0.000800 0.000425 0.000184 0.000095 0.000053 0.000023 0.000006 0.000004 0.000001 0.000000 0.000000 0.000000 0.000000 0.000000 0.000000 0.000000 0.000000 
t: 0.001198044010 start: 208 end: 267 0.000002 0.000001 0.000002 0.000000 0.000003 0.000008 0.000021 0.000043 0.000080 0.000136 0.000225 0.000393 0.000690 0.001115 0.001934 0.002924 0.004480 0.006648 0.009712 0.013738 0.018522 0.024740 0.031526 0.038961 0.046895 0.054863 0.062181 0.067558 0.072102 0.074047 0.072868 0.070357 0.064716 0.057493 0.049396 0.040893 0.032200 0.025114 0.018223 0.012712 0.008760 0.005654 0.003522 0.002124 0.001188 0.000637 0.000311 0.000149 0.000072 0.000041 0.000011 0.000003 0.000006 0.000000 0.000000 0.000000 0.000000 0.000000 0.000000 0.000000 
t: 0.001172248804 start: 208 end: 268 0.000001 0.000000 0.000002 0.000002 0.000001 0.000003 0.000008 0.000026 0.000046 0.000081 0.000142 0.000268 0.000410 0.000788 0.001264 0.002033 0.003281 0.004824 0.007257 0.010560 0.014753 0.020067 0.026201 0.033221 0.041327 0.049122 0.057240 0.064202 0.069414 0.073028 0.074280 0.073076 0.069329 0.063281 0.055372 0.047127 0.038326 0.030302 0.022676 0.016317 0.011304 0.007650 0.004799 0.003032 0.001682 0.000944 0.000500 0.000220 0.000113 0.000064 0.000023 0.000003 0.000006 0.000000 0.000002 0.000000 0.000000 0.000000 0.000000 0.000000 0.000000 
t: 0.001147540984 start: 208 end: 268 0.000001 0.000000 0.000000 0.000001 0.000001 0.000001 0.000006 0.000015 0.000034 0.000043 0.000087 0.000158 0.000290 0.000478 0.000871 0.001409 0.002343 0.003582 0.005341 0.007974 0.011544 0.016168 0.021487 0.028043 0.035696 0.043541 0.051577 0.059664 0.066213 0.071423 0.074115 0.074284 0.072554 0.068161 0.061156 0.053486 0.044331 0.035779 0.027582 0.020532 0.014329 0.009977 0.006490 0.004079 0.002413 0.001331 0.000735 0.000353 0.000170 0.000089 0.000038 0.000012 0.000008 0.000002 0.000003 0.000000 0.000000 0.000000 0.000000 0.000000 0.000000 
t: 0.001123853211 start: 209 end: 268 0.000001 0.000000 0.000000 0.000000 0.000002 0.000003 0.000005 0.000020 0.000029 0.000058 0.000112 0.000199 0.000299 0.000540 0.000973 0.001622 0.002601 0.003977 0.005902 0.008981 0.012763 0.017571 0.023145 0.030597 0.038244 0.046037 0.054450 0.061924 0.068412 0.072729 0.075336 0.074654 0.071856 0.065873 0.059076 0.050770 0.041510 0.032897 0.024995 0.017914 0.012792 0.008536 0.005324 0.003298 0.001949 0.001019 0.000506 0.000271 0.000138 0.000052 0.000022 0.000007 0.000006 0.000002 0.000000 0.000001 0.000000 0.000000 0.000000 0.000000 
t: 0.001101123596 start: 211 end: 270 0.000001 0.000000 0.000002 0.000000 0.000005 0.000013 0.000015 0.000038 0.000066 0.000145 0.000212 0.000368 0.000645 0.001086 0.001877 0.002960 0.004422 0.006773 0.010003 0.014028 0.019409 0.025514 0.032883 0.040835 0.049310 0.057184 0.064431 0.070777 0.074243 0.075987 0.074614 0.069932 0.064024 0.056754 0.047351 0.038402 0.029929 0.022159 0.015851 0.010760 0.007021 0.004400 0.002637 0.001441 0.000753 0.000387 0.000208 0.000081 0.000036 0.000016 0.000007 0.000002 0.000002 0.000001 0.000000 0.000000 0.000000 0.000000 0.000000 0.000000 
t: 0.001079295154 start: 212 end: 270 0.000001 0.000000 0.000000 0.000001 0.000010 0.000007 0.000027 0.000040 0.000079 0.000156 0.000254 0.000414 0.000809 0.001268 0.002184 0.003271 0.005178 0.007760 0.011016 0.015953 0.021130 0.028080 0.035816 0.043595 0.052590 0.060200 0.067455 0.072718 0.075677 0.076261 0.073717 0.068213 0.061700 0.053214 0.044018 0.035116 0.026677 0.019326 0.013628 0.009011 0.005795 0.003516 0.001984 0.001061 0.000540 0.000311 0.000125 0.000053 0.000023 0.000016 0.000003 0.000002 0.000001 0.000000 0.000000 0.000000 0.000000 0.000000 0.000000 
t: 0.001058315335 start: 212 end: 269 0.000001 0.000000 0.000000 0.000000 0.000005 0.000005 0.000019 0.000024 0.000058 0.000096 0.000175 0.000290 0.000548 0.000903 0.001509 0.002484 0.003791 0.006060 0.008732 0.012664 0.017689 0.023380 0.030895 0.038483 0.047355 0.055971 0.063437 0.070030 0.074808 0.077084 0.075535 0.072045 0.066411 0.058702 0.049684 0.040407 0.031482 0.023426 0.016732 0.011274 0.007479 0.004631 0.002651 0.001555 0.000749 0.000405 0.000197 0.000076 0.000032 0.000022 0.000004 0.000004 0.000001 0.000000 0.000000 0.000000 0.000000 0.000000 
t: 0.001038135593 start: 214 end: 271 0.000001 0.000000 0.000001 0.000006 0.000008 0.000018 0.000035 0.000064 0.000116 0.000210 0.000336 0.000663 0.001111 0.001772 0.002895 0.004498 0.006883 0.010121 0.014465 0.019508 0.026213 0.034008 0.042079 0.051040 0.059347 0.066587 0.072736 0.076341 0.077101 0.074883 0.070669 0.063682 0.055183 0.045708 0.036436 0.027851 0.020301 0.013968 0.009510 0.006009 0.003467 0.002021 0.001083 0.000598 0.000275 0.000109 0.000045 0.000022 0.000011 0.000005 0.000001 0.000000 0.000000 0.000000 0.000000 0.000000 0.000000 0.000000 
t: 0.001018711019 start: 217 end: 272 0.000003 0.000005 0.000012 0.000020 0.000049 0.000075 0.000142 0.000241 0.000452 0.000775 0.001336 0.002169 0.003389 0.005354 0.007926 0.011781 0.016284 0.022105 0.029282 0.037328 0.045889 0.054647 0.063096 0.069628 0.075059 0.077385 0.077371 0.073661 0.067919 0.060516 0.051293 0.041286 0.032729 0.024104 0.017118 0.011798 0.007570 0.004579 0.002619 0.001514 0.000808 0.000386 0.000182 0.000066 0.000025 0.000012 0.000010 0.000002 0.000000 0.000000 0.000000 0.000000 0.000000 0.000000 0.000000 0.000000 
t: 0.001000000000 start: 217 end: 272 0.000002 0.000002 0.000007 0.000014 0.000026 0.000056 0.000103 0.000148 0.000311 0.000558 0.000982 0.001603 0.002575 0.004089 0.006241 0.009392 0.013420 0.018865 0.024933 0.032498 0.041259 0.049801 0.058581 0.066499 0.073210 0.076761 0.078059 0.076369 0.071797 0.065270 0.056717 0.046611 0.037068 0.028408 0.020581 0.014325 0.009574 0.005800 0.003477 0.001948 0.001071 0.000543 0.000267 0.000111 0.000035 0.000018 0.000009 0.000006 0.000000 0.000000 0.000000 0.000000 0.000000 0.000000 0.000000 0.000000 
