t: 0.059999999999 start: 16 end: 54 0.000002 0.000005 0.000040 0.000146 0.000538 0.001517 0.004136 0.009078 0.018541 0.033471 0.054686 0.079096 0.102885 0.119418 0.125825 0.121058 0.104361 0.082026 0.059173 0.038150 0.022772 0.012370 0.006139 0.002765 0.001124 0.000451 0.000151 0.000057 0.000017 0.000001 0.000001 0.000000 0.000000 0.000000 0.000000 0.000000 0.000000 0.000000 0.000000 
t: 0.054545454544 start: 17 end: 57 0.000001 0.000002 0.000008 0.000039 0.000111 0.000425 0.001188 0.003034 0.006768 0.014083 0.025794 0.043066 0.064024 0.086783 0.106338 0.118731 0.120696 0.111180 0.095104 0.073902 0.052298 0.034417 0.020440 0.011367 0.005697 0.002652 0.001161 0.000437 0.000192 0.000040 0.000017 0.000003 0.000002 0.000000 0.000000 0.000000 0.000000 0.000000 0.000000 0.000000 0.000000 
t: 0.049999999999 start: 20 end: 61 0.000002 0.000013 0.000030 0.000100 0.000338 0.000943 0.002357 0.005375 0.010950 0.020460 0.034830 0.052649 0.073014 0.093953 0.108833 0.115901 0.114368 0.102486 0.085032 0.064893 0.046103 0.029981 0.017955 0.010106 0.005211 0.002298 0.001110 0.000459 0.000159 0.000060 0.000025 0.000003 0.000002 0.000001 0.000000 0.000000 0.000000 0.000000 0.000000 0.000000 0.000000 0.000000 
t: 0.046153846153 start: 22 end: 64 0.000002 0.000012 0.000026 0.000101 0.000272 0.000760 0.001903 0.004344 0.008807 0.016641 0.028567 0.044277 0.062549 0.082171 0.098818 0.109711 0.113017 0.106541 0.092822 0.075457 0.056435 0.039294 0.025422 0.015380 0.008442 0.004490 0.002118 0.000970 0.000421 0.000140 0.000066 0.000015 0.000005 0.000002 0.000002 0.000000 0.000000 0.000000 0.000000 0.000000 0.000000 0.000000 0.000000 
t: 0.042857142857 start: 24 end: 65 0.000002 0.000008 0.000019 0.000090 0.000219 0.000670 0.001540 0.003627 0.007535 0.014058 0.024039 0.037254 0.054621 0.072363 0.090012 0.102574 0.109033 0.107410 0.097363 0.083385 0.065362 0.048170 0.032967 0.021110 0.012602 0.007075 0.003690 0.001786 0.000846 0.000341 0.000145 0.000052 0.000023 0.000009 0.000000 0.000000 0.000000 0.000000 0.000000 0.000000 0.000000 0.000000 
t: 0.040000000000 start: 27 end: 70 0.000009 0.000029 0.000080 0.000230 0.000595 0.001402 0.003152 0.006595 0.011868 0.020647 0.032471 0.047769 0.064963 0.081891 0.095694 0.104333 0.105727 0.099830 0.088247 0.072452 0.056142 0.040349 0.026954 0.017243 0.010073 0.005654 0.002981 0.001485 0.000675 0.000299 0.000104 0.000035 0.000011 0.000006 0.000003 0.000002 0.000000 0.000000 0.000000 0.000000 0.000000 0.000000 0.000000 0.000000 
t: 0.037500000000 start: 29 end: 73 0.000010 0.000034 0.000081 0.000210 0.000558 0.001304 0.002882 0.005761 0.010626 0.018087 0.028772 0.042643 0.058676 0.075004 0.089166 0.099739 0.103504 0.100357 0.091169 0.077954 0.061998 0.046418 0.032890 0.021734 0.013671 0.008021 0.004469 0.002278 0.001101 0.000502 0.000233 0.000093 0.000035 0.000007 0.000009 0.000003 0.000000 0.000001 0.000000 0.000000 0.000000 0.000000 0.000000 0.000000 0.000000 
t: 0.035294117647 start: 30 end: 75 0.000004 0.000007 0.000038 0.000085 0.000227 0.000512 0.001259 0.002671 0.005200 0.009775 0.016338 0.026188 0.038937 0.053622 0.069181 0.083146 0.094580 0.100212 0.099862 0.092802 0.081305 0.067383 0.052148 0.038247 0.026048 0.017110 0.010537 0.006056 0.003301 0.001781 0.000799 0.000363 0.000180 0.000050 0.000025 0.000013 0.000004 0.000004 0.000000 0.000000 0.000000 0.000000 0.000000 0.000000 0.000000 0.000000 
t: 0.033333333333 start: 31 end: 78 0.000001 0.000005 0.000010 0.000022 0.000089 0.000224 0.000535 0.001198 0.002617 0.004927 0.008985 0.015206 0.024077 0.035890 0.049787 0.064333 0.078034 0.090119 0.097219 0.098180 0.093283 0.084109 0.071090 0.056770 0.042732 0.030270 0.020275 0.013020 0.007877 0.004516 0.002335 0.001235 0.000589 0.000244 0.000110 0.000043 0.000030 0.000011 0.000001 0.000002 0.000000 0.000000 0.000000 0.000000 0.000000 0.000000 0.000000 0.000000 
t: 0.031578947368 start: 32 end: 80 0.000001 0.000000 0.000005 0.000012 0.000043 0.000101 0.000236 0.000487 0.001252 0.002610 0.004774 0.008555 0.014423 0.022608 0.033076 0.046580 0.060871 0.074714 0.086388 0.093523 0.096159 0.093345 0.085380 0.073755 0.059736 0.046660 0.034044 0.023522 0.015489 0.009591 0.005736 0.003178 0.001672 0.000798 0.000382 0.000159 0.000081 0.000034 0.000014 0.000003 0.000002 0.000001 0.000000 0.000000 0.000000 0.000000 0.000000 0.000000 0.000000 
t: 0.030000000000 start: 33 end: 81 0.000001 0.000000 0.000002 0.000005 0.000009 0.000040 0.000127 0.000247 0.000559 0.001268 0.002514 0.004846 0.008338 0.013767 0.021700 0.031865 0.044280 0.058038 0.071485 0.082644 0.090858 0.094452 0.092594 0.085322 0.075312 0.062873 0.049138 0.036917 0.026514 0.017686 0.011377 0.006983 0.003993 0.002152 0.001143 0.000517 0.000244 0.000108 0.000043 0.000027 0.000008 0.000004 0.000000 0.000000 0.000000 0.000000 0.000000 0.000000 0.000000 
t: 0.028571428571 start: 35 end: 84 0.000001 0.000001 0.000001 0.000005 0.000015 0.000062 0.000107 0.000264 0.000629 0.001290 0.002510 0.004881 0.008360 0.013608 0.021185 0.031019 0.042558 0.055696 0.068585 0.080025 0.088532 0.092131 0.091405 0.086172 0.076188 0.064237 0.051439 0.039363 0.028638 0.019598 0.013043 0.008065 0.004844 0.002734 0.001430 0.000745 0.000356 0.000158 0.000078 0.000019 0.000018 0.000005 0.000000 0.000000 0.000000 0.000000 0.000000 0.000000 0.000000 0.000000 
t: 0.027272727273 start: 35 end: 85 0.000001 0.000000 0.000000 0.000000 0.000003 0.000007 0.000021 0.000047 0.000135 0.000295 0.000675 0.001388 0.002711 0.004898 0.008410 0.013698 0.020889 0.030299 0.041655 0.053906 0.066902 0.078306 0.086131 0.089767 0.090348 0.085315 0.076737 0.065394 0.053551 0.041216 0.030186 0.021256 0.014397 0.009149 0.005544 0.003234 0.001726 0.000930 0.000445 0.000243 0.000103 0.000053 0.000020 0.000007 0.000001 0.000001 0.000000 0.000000 0.000000 0.000000 0.000000 
t: 0.026086956522 start: 38 end: 88 0.000001 0.000000 0.000001 0.000004 0.000009 0.000022 0.000069 0.000151 0.000325 0.000695 0.001547 0.002836 0.005087 0.008780 0.013769 0.021038 0.029942 0.041267 0.053347 0.065173 0.075878 0.084402 0.088579 0.089458 0.084454 0.076876 0.065627 0.054333 0.042414 0.031389 0.022854 0.015612 0.009958 0.006229 0.003551 0.002131 0.001101 0.000569 0.000286 0.000137 0.000052 0.000027 0.000012 0.000008 0.000000 0.000000 0.000000 0.000000 0.000000 0.000000 0.000000 
t: 0.025000000000 start: 38 end: 90 0.000001 0.000000 0.000000 0.000001 0.000001 0.000004 0.000010 0.000027 0.000077 0.000167 0.000405 0.000826 0.001665 0.003063 0.005315 0.009066 0.014024 0.021286 0.030543 0.041101 0.052613 0.064541 0.074826 0.082774 0.087512 0.087852 0.083273 0.075957 0.066257 0.054456 0.043137 0.032715 0.023627 0.016391 0.010782 0.006794 0.004062 0.002259 0.001287 0.000650 0.000334 0.000175 0.000087 0.000032 0.000020 0.000002 0.000003 0.000000 0.000000 0.000000 0.000000 0.000000 0.000000 
t: 0.024000000000 start: 41 end: 94 0.000001 0.000001 0.000001 0.000002 0.000005 0.000008 0.000043 0.000103 0.000222 0.000446 0.000961 0.001769 0.003338 0.005805 0.009597 0.014817 0.021502 0.030790 0.041513 0.052928 0.064117 0.074217 0.081445 0.085726 0.086672 0.082321 0.074748 0.065864 0.054727 0.043589 0.033148 0.024197 0.017245 0.011064 0.007208 0.004371 0.002546 0.001410 0.000792 0.000383 0.000197 0.000091 0.000038 0.000024 0.000005 0.000003 0.000000 0.000000 0.000000 0.000000 0.000000 0.000000 0.000000 0.000000 
t: 0.023076923077 start: 42 end: 94 0.000001 0.000000 0.000001 0.000000 0.000001 0.000004 0.000027 0.000066 0.000108 0.000245 0.000536 0.001071 0.002008 0.003693 0.006354 0.010160 0.015281 0.022760 0.031581 0.041857 0.053490 0.063965 0.074107 0.080304 0.085171 0.084935 0.080645 0.074348 0.064811 0.054364 0.043186 0.033338 0.024683 0.017113 0.011674 0.007417 0.004719 0.002789 0.001544 0.000826 0.000388 0.000253 0.000092 0.000050 0.000025 0.000004 0.000005 0.000000 0.000000 0.000000 0.000000 0.000000 0.000000 
t: 0.022222222222 start: 46 end: 99 0.000001 0.000001 0.000003 0.000008 0.000026 0.000066 0.000150 0.000322 0.000663 0.001238 0.002374 0.004125 0.006832 0.010812 0.016647 0.023788 0.032687 0.043262 0.053802 0.064433 0.073136 0.080324 0.083521 0.083481 0.079885 0.073107 0.063806 0.053206 0.042733 0.033105 0.024546 0.017460 0.011685 0.007647 0.004757 0.002902 0.001613 0.000910 0.000482 0.000243 0.000109 0.000056 0.000031 0.000012 0.000002 0.000001 0.000000 0.000000 0.000000 0.000000 0.000000 0.000000 0.000000 0.000000 
t: 0.021428571428 start: 49 end: 102 0.000001 0.000006 0.000010 0.000034 0.000086 0.000196 0.000418 0.000747 0.001491 0.002724 0.004651 0.007580 0.011963 0.017557 0.025139 0.034314 0.044163 0.054708 0.065463 0.073597 0.079465 0.082380 0.082242 0.078273 0.071567 0.061986 0.052286 0.042253 0.032564 0.024076 0.017257 0.011643 0.007669 0.004764 0.003029 0.001743 0.000951 0.000503 0.000252 0.000123 0.000069 0.000038 0.000011 0.000006 0.000001 0.000001 0.000000 0.000000 0.000000 0.000000 0.000000 0.000000 0.000000 0.000000 
t: 0.020689655172 start: 50 end: 104 0.000001 0.000003 0.000006 0.000021 0.000060 0.000121 0.000253 0.000474 0.000972 0.001759 0.003142 0.005206 0.008544 0.012893 0.019090 0.027037 0.035447 0.045946 0.056059 0.065679 0.073664 0.079545 0.082008 0.080599 0.076659 0.069917 0.060744 0.050840 0.041030 0.031494 0.023444 0.016854 0.011402 0.007646 0.004755 0.002992 0.001726 0.000943 0.000508 0.000272 0.000119 0.000062 0.000035 0.000022 0.000004 0.000002 0.000001 0.000000 0.000000 0.000000 0.000000 0.000000 0.000000 0.000000 0.000000 
t: 0.020000000000 start: 51 end: 107 0.000002 0.000001 0.000004 0.000020 0.000031 0.000078 0.000151 0.000305 0.000645 0.001157 0.002110 0.003664 0.006050 0.009378 0.014404 0.020737 0.028541 0.037404 0.047743 0.057753 0.066432 0.074040 0.079311 0.081292 0.079463 0.074988 0.067716 0.058863 0.049229 0.039818 0.030238 0.022561 0.016252 0.011060 0.007254 0.004809 0.002880 0.001682 0.000909 0.000499 0.000258 0.000117 0.000083 0.000039 0.000016 0.000008 0.000003 0.000001 0.000001 0.000000 0.000000 0.000000 0.000000 0.000000 0.000000 0.000000 0.000000 
t: 0.019354838710 start: 52 end: 108 0.000002 0.000001 0.000003 0.000011 0.000017 0.000049 0.000099 0.000205 0.000395 0.000743 0.001467 0.002514 0.004312 0.007049 0.010646 0.015999 0.022324 0.030636 0.039905 0.049640 0.059573 0.067604 0.074704 0.078919 0.080358 0.077743 0.073063 0.065512 0.056916 0.047369 0.037833 0.028790 0.021435 0.015551 0.010620 0.007168 0.004488 0.002793 0.001613 0.000900 0.000517 0.000244 0.000145 0.000059 0.000039 0.000014 0.000006 0.000003 0.000004 0.000000 0.000000 0.000000 0.000000 0.000000 0.000000 0.000000 0.000000 
t: 0.018750000000 start: 53 end: 110 0.000001 0.000001 0.000003 0.000008 0.000010 0.000027 0.000068 0.000122 0.000275 0.000529 0.001029 0.001779 0.003001 0.005149 0.007954 0.012072 0.017892 0.024392 0.032879 0.042513 0.052155 0.060889 0.068993 0.075499 0.078385 0.078942 0.076512 0.070571 0.063504 0.054557 0.045179 0.035586 0.027572 0.020361 0.014416 0.010054 0.006802 0.004341 0.002665 0.001531 0.000808 0.000464 0.000261 0.000121 0.000073 0.000033 0.000009 0.000007 0.000004 0.000002 0.000000 0.000000 0.000000 0.000000 0.000000 0.000000 0.000000 0.000000 
t: 0.018181818182 start: 55 end: 112 0.000001 0.000002 0.000005 0.000005 0.000022 0.000042 0.000101 0.000165 0.000363 0.000684 0.001312 0.002181 0.003779 0.006027 0.009304 0.013872 0.019456 0.026939 0.035677 0.044730 0.054168 0.062730 0.071111 0.075426 0.077768 0.077740 0.074800 0.068561 0.060687 0.052326 0.042400 0.033917 0.025654 0.018984 0.013788 0.009310 0.006320 0.004047 0.002473 0.001439 0.000806 0.000402 0.000236 0.000117 0.000069 0.000036 0.000012 0.000002 0.000003 0.000001 0.000000 0.000000 0.000000 0.000000 0.000000 0.000000 0.000000 0.000000 
t: 0.017647058823 start: 57 end: 113 0.000003 0.000000 0.000005 0.000012 0.000038 0.000071 0.000125 0.000240 0.000491 0.000882 0.001555 0.002763 0.004549 0.007116 0.010882 0.015789 0.021958 0.029707 0.038196 0.047556 0.056299 0.064760 0.071852 0.076002 0.077701 0.076386 0.072468 0.065699 0.058430 0.049247 0.040140 0.031579 0.023953 0.017769 0.012667 0.008595 0.005695 0.003664 0.002273 0.001285 0.000759 0.000407 0.000208 0.000110 0.000056 0.000036 0.000013 0.000007 0.000001 0.000001 0.000000 0.000000 0.000000 0.000000 0.000000 0.000000 0.000000 
t: 0.017142857143 start: 59 end: 116 0.000001 0.000002 0.000012 0.000021 0.000046 0.000078 0.000172 0.000350 0.000627 0.001198 0.002095 0.003479 0.005463 0.008423 0.012578 0.017787 0.024761 0.032403 0.041091 0.050114 0.059499 0.066642 0.072702 0.076146 0.076665 0.074927 0.069982 0.063243 0.054921 0.046577 0.037892 0.029377 0.022260 0.016229 0.011369 0.007774 0.005151 0.003260 0.002062 0.001151 0.000696 0.000375 0.000215 0.000093 0.000042 0.000029 0.000014 0.000003 0.000002 0.000000 0.000000 0.000001 0.000000 0.000000 0.000000 0.000000 0.000000 0.000000 
t: 0.016666666667 start: 60 end: 118 0.000001 0.000001 0.000007 0.000012 0.000026 0.000066 0.000119 0.000242 0.000477 0.000862 0.001524 0.002583 0.004328 0.006593 0.009984 0.014545 0.020481 0.027424 0.035504 0.044413 0.053562 0.061379 0.068436 0.073825 0.075624 0.076379 0.072716 0.067098 0.060463 0.051761 0.043751 0.034990 0.026934 0.020232 0.014557 0.010362 0.007120 0.004509 0.002974 0.001782 0.001082 0.000599 0.000334 0.000167 0.000097 0.000042 0.000017 0.000009 0.000005 0.000001 0.000000 0.000000 0.000000 0.000001 0.000000 0.000000 0.000000 0.000000 0.000000 
t: 0.016216216216 start: 62 end: 120 0.000002 0.000003 0.000011 0.000016 0.000041 0.000092 0.000153 0.000341 0.000683 0.001129 0.001999 0.003272 0.005290 0.007945 0.011812 0.016971 0.023120 0.030470 0.039015 0.047561 0.056489 0.064342 0.070209 0.073674 0.075441 0.074612 0.070498 0.064741 0.057214 0.048706 0.040310 0.032134 0.024507 0.018386 0.013132 0.009206 0.006296 0.004122 0.002483 0.001543 0.000928 0.000555 0.000265 0.000140 0.000074 0.000037 0.000020 0.000005 0.000002 0.000002 0.000000 0.000000 0.000001 0.000000 0.000000 0.000000 0.000000 0.000000 0.000000 
t: 0.015789473684 start: 63 end: 121 0.000001 0.000002 0.000009 0.000013 0.000028 0.000070 0.000106 0.000262 0.000480 0.000894 0.001563 0.002565 0.004186 0.006461 0.009550 0.013962 0.019518 0.026403 0.033873 0.042498 0.051269 0.059091 0.066168 0.071792 0.074455 0.074637 0.072425 0.068179 0.061380 0.053962 0.045628 0.036812 0.029061 0.022385 0.016424 0.011722 0.008089 0.005452 0.003398 0.002197 0.001327 0.000794 0.000419 0.000251 0.000140 0.000047 0.000030 0.000014 0.000004 0.000003 0.000000 0.000000 0.000000 0.000001 0.000000 0.000000 0.000000 0.000000 0.000000 
t: 0.015384615385 start: 64 end: 123 0.000001 0.000002 0.000003 0.000007 0.000025 0.000040 0.000085 0.000177 0.000389 0.000687 0.001206 0.002039 0.003378 0.005225 0.007881 0.011490 0.016493 0.022342 0.029834 0.037978 0.046043 0.054361 0.062170 0.068753 0.072155 0.074385 0.073162 0.069997 0.065169 0.058391 0.050227 0.042085 0.033550 0.026316 0.019875 0.014529 0.010370 0.007101 0.004664 0.002980 0.001883 0.001144 0.000663 0.000350 0.000183 0.000119 0.000053 0.000020 0.000012 0.000003 0.000004 0.000000 0.000000 0.000001 0.000000 0.000000 0.000000 0.000000 0.000000 0.000000 
t: 0.015000000000 start: 65 end: 125 0.000001 0.000001 0.000002 0.000008 0.000017 0.000025 0.000054 0.000142 0.000270 0.000521 0.000921 0.001685 0.002664 0.004244 0.006512 0.009737 0.013758 0.019141 0.025853 0.033391 0.041375 0.049959 0.058288 0.064575 0.070628 0.072617 0.073193 0.071864 0.068001 0.062278 0.053903 0.046359 0.038401 0.030590 0.023507 0.017525 0.012790 0.008953 0.006073 0.003970 0.002497 0.001589 0.000933 0.000569 0.000273 0.000172 0.000096 0.000040 0.000015 0.000012 0.000004 0.000002 0.000000 0.000002 0.000000 0.000000 0.000000 0.000000 0.000000 0.000000 0.000000 
t: 0.014634146341 start: 65 end: 125 0.000001 0.000000 0.000000 0.000002 0.000008 0.000011 0.000019 0.000053 0.000105 0.000208 0.000396 0.000728 0.001323 0.002165 0.003523 0.005387 0.008094 0.011672 0.016471 0.022413 0.029506 0.037080 0.045630 0.053948 0.061257 0.066798 0.071588 0.072879 0.072485 0.069835 0.064833 0.058216 0.050494 0.042546 0.034673 0.027360 0.020482 0.015307 0.011255 0.007712 0.005015 0.003358 0.002159 0.001310 0.000741 0.000450 0.000249 0.000126 0.000067 0.000039 0.000010 0.000007 0.000003 0.000002 0.000000 0.000000 0.000001 0.000000 0.000000 0.000000 0.000000 
t: 0.014285714286 start: 67 end: 127 0.000001 0.000000 0.000002 0.000004 0.000005 0.000024 0.000039 0.000091 0.000157 0.000322 0.000593 0.001027 0.001725 0.002903 0.004479 0.006940 0.010044 0.014160 0.019606 0.025999 0.033326 0.041140 0.049528 0.057706 0.064249 0.068671 0.071775 0.073083 0.070883 0.067127 0.061033 0.054714 0.046593 0.038558 0.030771 0.024067 0.018180 0.013279 0.009501 0.006424 0.004347 0.002745 0.001729 0.001045 0.000669 0.000352 0.000173 0.000104 0.000056 0.000030 0.000011 0.000006 0.000003 0.000000 0.000000 0.000000 0.000001 0.000000 0.000000 0.000000 0.000000 
t: 0.013953488372 start: 70 end: 131 0.000002 0.000004 0.000002 0.000019 0.000031 0.000063 0.000127 0.000253 0.000461 0.000835 0.001418 0.002356 0.003808 0.005883 0.008462 0.012347 0.017185 0.022996 0.029777 0.037550 0.045848 0.053581 0.060903 0.066165 0.070290 0.072362 0.071773 0.068856 0.063815 0.057612 0.050506 0.042163 0.034460 0.027600 0.021085 0.015579 0.011315 0.008040 0.005403 0.003464 0.002332 0.001417 0.000847 0.000440 0.000252 0.000153 0.000081 0.000045 0.000020 0.000004 0.000007 0.000001 0.000001 0.000000 0.000000 0.000000 0.000000 0.000001 0.000000 0.000000 0.000000 0.000000 
t: 0.013636363636 start: 71 end: 132 0.000001 0.000001 0.000007 0.000010 0.000031 0.000046 0.000102 0.000195 0.000400 0.000689 0.001208 0.001945 0.003205 0.004974 0.007371 0.010619 0.015215 0.020398 0.026657 0.034160 0.042246 0.050247 0.057351 0.063515 0.068546 0.070763 0.071537 0.069858 0.066512 0.060379 0.053573 0.045970 0.038130 0.030588 0.023910 0.018116 0.013646 0.009557 0.006511 0.004547 0.002859 0.001836 0.001119 0.000645 0.000361 0.000204 0.000138 0.000056 0.000024 0.000010 0.000007 0.000002 0.000000 0.000002 0.000000 0.000000 0.000001 0.000000 0.000000 0.000000 0.000000 0.000000 
t: 0.013333333333 start: 73 end: 134 0.000001 0.000001 0.000014 0.000018 0.000046 0.000073 0.000157 0.000314 0.000620 0.001007 0.001558 0.002754 0.004260 0.006476 0.009343 0.013244 0.018169 0.024133 0.031007 0.038516 0.046703 0.054196 0.060719 0.066261 0.069721 0.071467 0.070492 0.067889 0.062368 0.056589 0.049194 0.041545 0.033876 0.027084 0.020704 0.015520 0.011222 0.007870 0.005571 0.003640 0.002262 0.001426 0.000849 0.000506 0.000289 0.000155 0.000094 0.000041 0.000021 0.000008 0.000004 0.000001 0.000001 0.000000 0.000000 0.000000 0.000001 0.000000 0.000000 0.000000 0.000000 0.000000 
t: 0.013043478261 start: 75 end: 136 0.000003 0.000008 0.000016 0.000028 0.000065 0.000129 0.000273 0.000479 0.000826 0.001433 0.002311 0.003671 0.005714 0.008117 0.011683 0.016213 0.021842 0.028227 0.035778 0.043027 0.050631 0.058125 0.064093 0.068417 0.070351 0.070913 0.068263 0.065004 0.058832 0.052328 0.044474 0.036979 0.029948 0.023402 0.017697 0.013053 0.009358 0.006655 0.004374 0.002831 0.001743 0.001180 0.000684 0.000368 0.000206 0.000118 0.000080 0.000030 0.000010 0.000003 0.000002 0.000002 0.000002 0.000000 0.000001 0.000000 0.000000 0.000000 0.000000 0.000000 0.000000 0.000000 
t: 0.012765957447 start: 76 end: 137 0.000001 0.000004 0.000014 0.000023 0.000052 0.000135 0.000219 0.000384 0.000721 0.001184 0.001950 0.003260 0.004792 0.007274 0.010499 0.014724 0.019706 0.025751 0.032863 0.040244 0.047807 0.054853 0.061521 0.066785 0.069402 0.070363 0.069239 0.066135 0.061073 0.054823 0.047618 0.039869 0.032977 0.025865 0.019817 0.014998 0.010895 0.007799 0.005299 0.003438 0.002240 0.001390 0.000861 0.000506 0.000280 0.000175 0.000087 0.000042 0.000021 0.000014 0.000002 0.000004 0.000001 0.000000 0.000001 0.000000 0.000000 0.000000 0.000000 0.000000 0.000000 0.000000 
t: 0.012500000000 start: 77 end: 138 0.000001 0.000004 0.000013 0.000017 0.000059 0.000096 0.000171 0.000350 0.000610 0.001066 0.001687 0.002700 0.004351 0.006390 0.009519 0.013171 0.017872 0.023706 0.030412 0.037262 0.044999 0.052428 0.059011 0.064370 0.068227 0.070022 0.069839 0.067533 0.062625 0.056915 0.049867 0.043043 0.035512 0.028551 0.021973 0.016717 0.012626 0.008869 0.006330 0.004077 0.002765 0.001709 0.001083 0.000647 0.000371 0.000205 0.000114 0.000058 0.000025 0.000018 0.000008 0.000003 0.000000 0.000000 0.000002 0.000001 0.000000 0.000000 0.000000 0.000000 0.000000 0.000000 
t: 0.012244897959 start: 79 end: 140 0.000005 0.000008 0.000021 0.000034 0.000082 0.000143 0.000293 0.000505 0.000990 0.001452 0.002371 0.003784 0.005808 0.008506 0.011704 0.016688 0.021676 0.027961 0.035113 0.042408 0.049785 0.056313 0.062778 0.066501 0.069227 0.069834 0.068172 0.064408 0.058924 0.052379 0.045492 0.038043 0.030872 0.024150 0.018645 0.014072 0.010258 0.007267 0.004898 0.003171 0.002118 0.001339 0.000777 0.000443 0.000251 0.000171 0.000079 0.000033 0.000025 0.000014 0.000003 0.000003 0.000000 0.000001 0.000002 0.000000 0.000000 0.000000 0.000000 0.000000 0.000000 0.000000 
t: 0.012000000000 start: 79 end: 143 0.000002 0.000005 0.000007 0.000014 0.000032 0.000056 0.000138 0.000256 0.000494 0.000742 0.001350 0.002159 0.003447 0.005133 0.007512 0.010743 0.015063 0.020179 0.025903 0.032909 0.040124 0.047241 0.054121 0.060470 0.065335 0.068224 0.069484 0.068616 0.065575 0.060756 0.054373 0.047578 0.040544 0.033196 0.026415 0.020527 0.015713 0.011588 0.008216 0.005688 0.003671 0.002495 0.001658 0.000937 0.000553 0.000348 0.000188 0.000099 0.000064 0.000030 0.000014 0.000005 0.000004 0.000003 0.000001 0.000001 0.000001 0.000000 0.000000 0.000000 0.000000 0.000000 0.000000 0.000000 0.000000 
t: 0.011764705882 start: 80 end: 144 0.000002 0.000006 0.000003 0.000012 0.000033 0.000051 0.000098 0.000252 0.000414 0.000685 0.001173 0.001966 0.003051 0.004728 0.006859 0.009799 0.013806 0.018536 0.024261 0.030702 0.038167 0.044938 0.052104 0.058246 0.063943 0.067481 0.068510 0.068583 0.066408 0.061981 0.056634 0.049660 0.042472 0.035633 0.028444 0.022458 0.017313 0.012772 0.009401 0.006477 0.004332 0.002933 0.001907 0.001156 0.000679 0.000391 0.000262 0.000121 0.000076 0.000039 0.000025 0.000008 0.000002 0.000002 0.000002 0.000002 0.000000 0.000001 0.000000 0.000000 0.000000 0.000000 0.000000 0.000000 0.000000 
t: 0.011538461538 start: 80 end: 145 0.000001 0.000002 0.000004 0.000004 0.000010 0.000023 0.000042 0.000105 0.000203 0.000370 0.000622 0.001052 0.001769 0.002802 0.004118 0.006388 0.008980 0.012903 0.017258 0.022573 0.029104 0.035795 0.042902 0.049861 0.056627 0.062472 0.065854 0.068334 0.068531 0.067045 0.062785 0.058123 0.051503 0.044825 0.037501 0.030527 0.024293 0.018940 0.014281 0.010227 0.007232 0.005034 0.003368 0.002246 0.001346 0.000839 0.000521 0.000298 0.000168 0.000084 0.000055 0.000022 0.000013 0.000010 0.000001 0.000002 0.000001 0.000001 0.000000 0.000000 0.000000 0.000000 0.000000 0.000000 0.000000 0.000000 
t: 0.011320754717 start: 81 end: 145 0.000001 0.000002 0.000001 0.000006 0.000009 0.000018 0.000038 0.000084 0.000182 0.000324 0.000578 0.000957 0.001620 0.002471 0.003950 0.005760 0.008531 0.011789 0.016036 0.021482 0.027140 0.033870 0.041082 0.047814 0.055002 0.060550 0.065173 0.067553 0.068299 0.067020 0.063945 0.059368 0.053305 0.046403 0.039590 0.032523 0.025857 0.020496 0.015605 0.011343 0.008177 0.005592 0.003982 0.002510 0.001549 0.000995 0.000605 0.000372 0.000194 0.000107 0.000077 0.000035 0.000015 0.000005 0.000005 0.000002 0.000001 0.000000 0.000000 0.000000 0.000000 0.000000 0.000000 0.000000 0.000000 
t: 0.011111111111 start: 82 end: 145 0.000001 0.000001 0.000005 0.000004 0.000007 0.000011 0.000037 0.000068 0.000188 0.000311 0.000496 0.000837 0.001480 0.002282 0.003587 0.005405 0.007929 0.011085 0.015075 0.019883 0.026050 0.032307 0.039087 0.046164 0.053231 0.058833 0.063946 0.066835 0.068105 0.067156 0.064526 0.060365 0.054998 0.048052 0.041298 0.034148 0.027860 0.021723 0.016765 0.012557 0.009055 0.006296 0.004345 0.002894 0.001817 0.001221 0.000700 0.000445 0.000227 0.000142 0.000075 0.000050 0.000021 0.000006 0.000004 0.000004 0.000000 0.000000 0.000000 0.000000 0.000000 0.000000 0.000000 0.000000 
t: 0.010909090909 start: 84 end: 147 0.000001 0.000002 0.000006 0.000002 0.000015 0.000031 0.000073 0.000156 0.000280 0.000451 0.000838 0.001345 0.002152 0.003340 0.005009 0.007415 0.010244 0.014256 0.019101 0.024319 0.030739 0.037762 0.044711 0.051219 0.057352 0.062854 0.065874 0.067891 0.067238 0.064864 0.061335 0.056072 0.049753 0.042854 0.036009 0.029275 0.023056 0.017948 0.013710 0.009945 0.006915 0.004934 0.003254 0.002097 0.001330 0.000810 0.000508 0.000305 0.000169 0.000074 0.000052 0.000026 0.000013 0.000008 0.000007 0.000001 0.000000 0.000000 0.000000 0.000000 0.000000 0.000000 0.000000 0.000000 
t: 0.010714285714 start: 85 end: 149 0.000002 0.000001 0.000004 0.000005 0.000013 0.000041 0.000056 0.000141 0.000247 0.000450 0.000760 0.001202 0.002022 0.003130 0.004714 0.006799 0.009850 0.013497 0.018042 0.023302 0.029473 0.036441 0.042865 0.049721 0.056373 0.061556 0.064729 0.067296 0.067304 0.064876 0.062439 0.056856 0.051340 0.044167 0.037516 0.030939 0.024608 0.019116 0.014544 0.010689 0.007667 0.005331 0.003697 0.002333 0.001566 0.000932 0.000555 0.000350 0.000192 0.000121 0.000059 0.000034 0.000018 0.000014 0.000002 0.000002 0.000001 0.000000 0.000000 0.000000 0.000000 0.000000 0.000000 0.000000 0.000000 
t: 0.010526315789 start: 86 end: 149 0.000001 0.000001 0.000005 0.000005 0.000009 0.000028 0.000058 0.000132 0.000229 0.000423 0.000681 0.001136 0.001921 0.002940 0.004443 0.006421 0.009378 0.012837 0.017041 0.022317 0.028347 0.034911 0.041739 0.048647 0.055031 0.059947 0.063984 0.066852 0.066892 0.065563 0.062570 0.058433 0.052278 0.045511 0.038501 0.032183 0.025956 0.020398 0.015437 0.011630 0.008411 0.005807 0.003986 0.002656 0.001696 0.001068 0.000628 0.000399 0.000252 0.000128 0.000072 0.000042 0.000016 0.000017 0.000003 0.000003 0.000000 0.000000 0.000000 0.000000 0.000000 0.000000 0.000000 0.000000 
t: 0.010344827586 start: 87 end: 151 0.000001 0.000001 0.000002 0.000005 0.000018 0.000028 0.000041 0.000124 0.000207 0.000370 0.000671 0.001125 0.001780 0.002759 0.004129 0.006288 0.008886 0.012091 0.016544 0.021309 0.027386 0.033761 0.040578 0.047420 0.053587 0.058913 0.063554 0.065627 0.066980 0.065576 0.062841 0.059010 0.053188 0.047173 0.039725 0.033283 0.027253 0.021400 0.016606 0.012223 0.009137 0.006312 0.004296 0.002932 0.001878 0.001195 0.000731 0.000434 0.000267 0.000169 0.000092 0.000048 0.000028 0.000009 0.000007 0.000001 0.000001 0.000000 0.000000 0.000000 0.000000 0.000000 0.000000 0.000000 0.000000 
t: 0.010169491525 start: 88 end: 151 0.000001 0.000000 0.000001 0.000010 0.000013 0.000023 0.000063 0.000099 0.000200 0.000362 0.000611 0.001087 0.001671 0.002644 0.004041 0.005791 0.008573 0.011630 0.015856 0.020785 0.026372 0.032707 0.039301 0.046381 0.052301 0.058402 0.062464 0.065412 0.066246 0.065699 0.063345 0.059344 0.054202 0.047997 0.041096 0.034171 0.028353 0.022481 0.017370 0.013174 0.009585 0.006896 0.004627 0.003164 0.002091 0.001327 0.000837 0.000505 0.000295 0.000180 0.000089 0.000063 0.000035 0.000014 0.000010 0.000002 0.000001 0.000000 0.000000 0.000000 0.000000 0.000000 0.000000 0.000000 
t: 0.010000000000 start: 91 end: 152 0.000002 0.000009 0.000015 0.000026 0.000058 0.000097 0.000187 0.000313 0.000623 0.000998 0.001637 0.002582 0.003774 0.005704 0.008021 0.011340 0.015372 0.019994 0.025574 0.032006 0.038489 0.044752 0.051529 0.057528 0.061528 0.064850 0.066075 0.065417 0.063784 0.060069 0.054893 0.048798 0.042179 0.035278 0.029210 0.023259 0.018195 0.013879 0.010322 0.007199 0.005039 0.003440 0.002225 0.001430 0.000967 0.000569 0.000310 0.000201 0.000113 0.000072 0.000035 0.000019 0.000013 0.000000 0.000002 0.000000 0.000000 0.000000 0.000000 0.000000 0.000000 0.000000 
t: 0.008448275866 start: 100 end: 166 0.000003 0.000002 0.000004 0.000006 0.000022 0.000042 0.000073 0.000099 0.000200 0.000376 0.000542 0.000961 0.001499 0.002322 0.003534 0.005003 0.007088 0.010031 0.013733 0.017956 0.022670 0.028207 0.034172 0.040272 0.046425 0.052224 0.057483 0.061058 0.063493 0.063491 0.062906 0.060694 0.056594 0.051996 0.046332 0.040346 0.034022 0.027854 0.022455 0.017608 0.013510 0.010009 0.007313 0.005173 0.003567 0.002453 0.001635 0.001000 0.000646 0.000382 0.000211 0.000143 0.000068 0.000045 0.000020 0.000015 0.000006 0.000005 0.000001 0.000000 0.000000 0.000000 0.000000 0.000000 0.000000 0.000000 0.000000 
t: 0.007313432839 start: 107 end: 175 0.000001 0.000000 0.000000 0.000001 0.000000 0.000011 0.000017 0.000032 0.000041 0.000077 0.000165 0.000252 0.000419 0.000678 0.001096 0.001597 0.002485 0.003788 0.005393 0.007648 0.010423 0.013615 0.017573 0.022757 0.027784 0.033591 0.039888 0.045592 0.050848 0.055304 0.058988 0.061914 0.062487 0.061585 0.059747 0.056523 0.051787 0.046474 0.040667 0.035076 0.029229 0.023501 0.018734 0.014592 0.011240 0.008240 0.005898 0.004187 0.002757 0.001936 0.001340 0.000838 0.000492 0.000272 0.000173 0.000096 0.000068 0.000043 0.000016 0.000014 0.000007 0.000001 0.000000 0.000000 0.000001 0.000001 0.000000 0.000000 0.000000 
t: 0.006447368423 start: 118 end: 188 0.000001 0.000004 0.000002 0.000011 0.000015 0.000032 0.000064 0.000091 0.000186 0.000334 0.000532 0.000818 0.001269 0.001980 0.002858 0.004230 0.006034 0.008407 0.011057 0.014711 0.018775 0.023678 0.028932 0.034457 0.040393 0.045494 0.051154 0.055432 0.058533 0.060595 0.061510 0.060724 0.058538 0.054636 0.050870 0.045442 0.040357 0.034202 0.028364 0.023381 0.019000 0.014741 0.011144 0.008165 0.006107 0.004288 0.002921 0.002015 0.001312 0.000859 0.000563 0.000326 0.000194 0.000131 0.000053 0.000036 0.000019 0.000009 0.000009 0.000001 0.000002 0.000001 0.000000 0.000001 0.000000 0.000000 0.000000 0.000000 0.000000 0.000000 0.000000 
t: 0.005764705884 start: 126 end: 196 0.000001 0.000004 0.000001 0.000014 0.000027 0.000033 0.000092 0.000134 0.000243 0.000399 0.000603 0.000990 0.001512 0.002224 0.003360 0.004656 0.006502 0.009016 0.012138 0.015502 0.019772 0.024793 0.029824 0.035288 0.041214 0.046571 0.051427 0.055039 0.058464 0.060229 0.060874 0.059646 0.057485 0.054080 0.049629 0.044172 0.039039 0.033354 0.028321 0.022975 0.018328 0.014138 0.011083 0.008129 0.005945 0.004216 0.002929 0.002024 0.001362 0.000860 0.000543 0.000323 0.000216 0.000107 0.000066 0.000040 0.000015 0.000018 0.000005 0.000003 0.000001 0.000001 0.000001 0.000000 0.000000 0.000000 0.000000 0.000000 0.000000 0.000000 0.000000 
t: 0.005212765959 start: 134 end: 202 0.000003 0.000009 0.000008 0.000027 0.000059 0.000095 0.000148 0.000245 0.000457 0.000689 0.001097 0.001634 0.002314 0.003486 0.004934 0.006839 0.009404 0.012358 0.015712 0.020131 0.024827 0.030145 0.035711 0.041403 0.046247 0.050678 0.055349 0.058198 0.059517 0.060135 0.059505 0.057340 0.053682 0.049121 0.044448 0.039004 0.033145 0.027672 0.023039 0.018558 0.014337 0.011048 0.008282 0.006000 0.004239 0.003028 0.001960 0.001377 0.000878 0.000588 0.000372 0.000223 0.000130 0.000088 0.000041 0.000023 0.000005 0.000003 0.000000 0.000001 0.000003 0.000001 0.000000 0.000000 0.000000 0.000000 0.000000 0.000000 0.000000 
t: 0.004757281555 start: 138 end: 207 0.000001 0.000003 0.000004 0.000011 0.000014 0.000019 0.000047 0.000076 0.000153 0.000255 0.000424 0.000640 0.000971 0.001548 0.002209 0.003294 0.004681 0.006413 0.008597 0.011862 0.015225 0.019419 0.023915 0.028726 0.034284 0.039721 0.044796 0.049560 0.054030 0.056944 0.059480 0.059665 0.059537 0.057439 0.054879 0.050591 0.045502 0.040125 0.034567 0.029262 0.024251 0.019600 0.015252 0.011831 0.009094 0.006513 0.004690 0.003398 0.002272 0.001529 0.001025 0.000677 0.000376 0.000245 0.000158 0.000086 0.000054 0.000029 0.000015 0.000010 0.000003 0.000000 0.000000 0.000003 0.000000 0.000000 0.000000 0.000000 0.000000 0.000000 
t: 0.004375000001 start: 143 end: 212 0.000002 0.000001 0.000004 0.000010 0.000010 0.000018 0.000041 0.000059 0.000094 0.000198 0.000316 0.000483 0.000757 0.001234 0.001868 0.002716 0.003740 0.005315 0.007233 0.009950 0.012929 0.016666 0.020968 0.025681 0.031075 0.036199 0.041505 0.046805 0.051555 0.055121 0.058068 0.059373 0.059960 0.058564 0.056233 0.053090 0.048491 0.043829 0.038304 0.032525 0.027319 0.022461 0.017914 0.014044 0.010733 0.008068 0.005838 0.004215 0.002873 0.002040 0.001308 0.000858 0.000549 0.000334 0.000198 0.000106 0.000064 0.000046 0.000017 0.000015 0.000007 0.000003 0.000000 0.000000 0.000000 0.000000 0.000000 0.000000 0.000000 0.000000 
t: 0.004049586778 start: 148 end: 218 0.000004 0.000001 0.000005 0.000006 0.000008 0.000017 0.000037 0.000047 0.000109 0.000181 0.000334 0.000515 0.000737 0.001185 0.001737 0.002603 0.003672 0.005124 0.007235 0.009798 0.012725 0.016341 0.020229 0.025282 0.030717 0.035790 0.040926 0.046416 0.050869 0.055105 0.057486 0.059537 0.059702 0.059057 0.056627 0.052974 0.048969 0.044116 0.038872 0.033137 0.028095 0.022826 0.018253 0.014422 0.010777 0.008391 0.005930 0.004345 0.003030 0.002081 0.001320 0.000901 0.000581 0.000309 0.000218 0.000124 0.000071 0.000038 0.000032 0.000012 0.000007 0.000003 0.000002 0.000000 0.000000 0.000000 0.000000 0.000000 0.000000 0.000000 0.000000 
t: 0.003769230770 start: 151 end: 221 0.000001 0.000001 0.000001 0.000002 0.000004 0.000005 0.000011 0.000025 0.000046 0.000074 0.000145 0.000233 0.000361 0.000596 0.000901 0.001335 0.001966 0.002916 0.004268 0.005924 0.008042 0.010779 0.013953 0.017877 0.022366 0.026867 0.032512 0.037663 0.043070 0.047974 0.052726 0.056290 0.058115 0.059519 0.059732 0.058381 0.055652 0.052272 0.047086 0.042056 0.036751 0.031261 0.025899 0.020906 0.017035 0.012880 0.009830 0.007303 0.005338 0.003758 0.002549 0.001733 0.001154 0.000729 0.000464 0.000288 0.000155 0.000092 0.000051 0.000043 0.000016 0.000010 0.000008 0.000000 0.000000 0.000000 0.000000 0.000000 0.000000 0.000000 0.000000 
t: 0.003525179857 start: 155 end: 225 0.000001 0.000000 0.000000 0.000001 0.000002 0.000004 0.000011 0.000025 0.000042 0.000056 0.000123 0.000183 0.000337 0.000526 0.000834 0.001221 0.001790 0.002667 0.003860 0.005393 0.007445 0.009890 0.013329 0.016894 0.021312 0.025998 0.031150 0.036512 0.041799 0.046986 0.051821 0.055028 0.058175 0.059609 0.060004 0.058877 0.056708 0.052786 0.048501 0.042981 0.038046 0.032763 0.026951 0.022188 0.017777 0.013882 0.010246 0.007722 0.005630 0.003949 0.002841 0.001887 0.001209 0.000808 0.000509 0.000302 0.000177 0.000107 0.000053 0.000036 0.000021 0.000005 0.000008 0.000001 0.000001 0.000000 0.000000 0.000000 0.000000 0.000000 0.000000 
t: 0.003310810811 start: 162 end: 229 0.000002 0.000002 0.000005 0.000013 0.000024 0.000043 0.000060 0.000129 0.000198 0.000339 0.000539 0.000840 0.001281 0.001896 0.002843 0.004021 0.005566 0.007674 0.010243 0.013595 0.017580 0.021294 0.026543 0.031757 0.037022 0.042347 0.047817 0.052316 0.055903 0.058763 0.059936 0.060174 0.058969 0.056080 0.052611 0.047726 0.043043 0.036920 0.031828 0.026484 0.021424 0.017072 0.013309 0.009943 0.007475 0.005391 0.003766 0.002469 0.001755 0.001141 0.000719 0.000465 0.000271 0.000173 0.000086 0.000051 0.000033 0.000021 0.000008 0.000000 0.000002 0.000000 0.000000 0.000000 0.000000 0.000000 0.000000 0.000000 
t: 0.003121019109 start: 165 end: 232 0.000001 0.000000 0.000005 0.000007 0.000015 0.000032 0.000047 0.000094 0.000148 0.000238 0.000375 0.000641 0.001034 0.001531 0.002207 0.003193 0.004522 0.006437 0.008580 0.011390 0.015030 0.019087 0.023536 0.028821 0.034130 0.039188 0.045096 0.049989 0.053951 0.057542 0.059392 0.060679 0.059965 0.058078 0.054699 0.050700 0.046209 0.040451 0.034558 0.029677 0.024238 0.019231 0.015141 0.011662 0.008635 0.006365 0.004521 0.003117 0.002148 0.001423 0.000839 0.000550 0.000353 0.000229 0.000122 0.000069 0.000039 0.000021 0.000014 0.000007 0.000000 0.000001 0.000000 0.000000 0.000000 0.000000 0.000000 0.000000 
t: 0.002951807229 start: 169 end: 238 0.000002 0.000000 0.000004 0.000013 0.000027 0.000030 0.000081 0.000136 0.000204 0.000344 0.000538 0.000846 0.001293 0.001908 0.002776 0.004066 0.005723 0.007779 0.010594 0.013723 0.017660 0.021947 0.027243 0.032273 0.037971 0.043469 0.048854 0.052877 0.056755 0.059321 0.060536 0.060415 0.059086 0.056039 0.052334 0.047806 0.042321 0.036401 0.030947 0.025540 0.020681 0.016225 0.012402 0.009370 0.006867 0.004849 0.003413 0.002311 0.001509 0.000950 0.000633 0.000365 0.000223 0.000133 0.000077 0.000048 0.000034 0.000013 0.000007 0.000004 0.000002 0.000001 0.000001 0.000000 0.000000 0.000000 0.000000 0.000000 0.000000 0.000000 
t: 0.002800000000 start: 171 end: 240 0.000001 0.000001 0.000003 0.000007 0.000011 0.000019 0.000028 0.000072 0.000115 0.000189 0.000326 0.000479 0.000824 0.001277 0.001789 0.002662 0.003911 0.005601 0.007643 0.010221 0.013140 0.017205 0.021972 0.026323 0.032190 0.037835 0.043003 0.048342 0.052914 0.057070 0.059712 0.061258 0.060431 0.059541 0.056584 0.052859 0.047868 0.042423 0.036870 0.031197 0.025797 0.021222 0.016274 0.012407 0.009247 0.006711 0.004885 0.003316 0.002244 0.001534 0.000988 0.000607 0.000355 0.000216 0.000119 0.000066 0.000040 0.000029 0.000012 0.000010 0.000003 0.000000 0.000002 0.000000 0.000000 0.000000 0.000000 0.000000 0.000000 0.000000 
t: 0.002663043479 start: 175 end: 243 0.000004 0.000002 0.000003 0.000009 0.000015 0.000046 0.000070 0.000137 0.000188 0.000327 0.000541 0.000804 0.001297 0.001875 0.002833 0.004086 0.005700 0.007736 0.010527 0.013922 0.017653 0.022256 0.027679 0.032798 0.038424 0.043840 0.049507 0.054092 0.057866 0.060038 0.061538 0.060945 0.059334 0.056362 0.052461 0.047530 0.041441 0.036150 0.030312 0.024839 0.019889 0.015308 0.011604 0.008643 0.006346 0.004535 0.003017 0.002035 0.001344 0.000874 0.000505 0.000293 0.000176 0.000117 0.000054 0.000036 0.000019 0.000011 0.000003 0.000003 0.000001 0.000000 0.000000 0.000000 0.000000 0.000000 0.000000 0.000000 0.000000 
t: 0.002538860104 start: 176 end: 246 0.000002 0.000001 0.000002 0.000003 0.000002 0.000014 0.000026 0.000040 0.000080 0.000151 0.000208 0.000385 0.000589 0.000983 0.001429 0.002105 0.003149 0.004545 0.006287 0.008626 0.011512 0.015215 0.019273 0.023778 0.029054 0.034714 0.040551 0.046021 0.051359 0.055873 0.058917 0.061232 0.061894 0.060960 0.058607 0.055401 0.050810 0.045612 0.040076 0.033980 0.027992 0.022901 0.017836 0.013724 0.010424 0.007558 0.005437 0.003728 0.002551 0.001702 0.001066 0.000661 0.000399 0.000245 0.000143 0.000082 0.000033 0.000021 0.000013 0.000008 0.000006 0.000003 0.000001 0.000000 0.000000 0.000000 0.000000 0.000000 0.000000 0.000000 0.000000 
t: 0.002425742574 start: 180 end: 247 0.000002 0.000001 0.000005 0.000008 0.000019 0.000027 0.000052 0.000101 0.000188 0.000283 0.000438 0.000750 0.001171 0.001698 0.002471 0.003784 0.005309 0.007356 0.010188 0.013170 0.016856 0.021565 0.026452 0.032207 0.037738 0.043655 0.049392 0.053935 0.057922 0.060739 0.061918 0.061748 0.060372 0.057165 0.053378 0.048287 0.042531 0.036942 0.030525 0.025243 0.019917 0.015486 0.011698 0.008731 0.006187 0.004347 0.002944 0.001904 0.001294 0.000763 0.000470 0.000297 0.000172 0.000088 0.000050 0.000030 0.000014 0.000007 0.000005 0.000005 0.000000 0.000000 0.000000 0.000000 0.000000 0.000000 0.000000 0.000000 
t: 0.002322274882 start: 180 end: 248 0.000002 0.000000 0.000001 0.000000 0.000005 0.000003 0.000015 0.000021 0.000041 0.000079 0.000129 0.000223 0.000405 0.000631 0.000902 0.001533 0.002179 0.003273 0.004673 0.006636 0.008939 0.011979 0.015603 0.019810 0.024963 0.030509 0.035880 0.041950 0.047273 0.052598 0.057263 0.060440 0.061833 0.062742 0.061711 0.058491 0.054937 0.050301 0.044486 0.038081 0.032388 0.026811 0.021568 0.016614 0.012564 0.009399 0.006635 0.004697 0.003304 0.002095 0.001318 0.000829 0.000520 0.000328 0.000189 0.000103 0.000035 0.000031 0.000019 0.000006 0.000002 0.000004 0.000000 0.000001 0.000000 0.000000 0.000000 0.000000 0.000000 
t: 0.002227272727 start: 183 end: 252 0.000001 0.000001 0.000002 0.000002 0.000002 0.000013 0.000013 0.000041 0.000076 0.000114 0.000196 0.000346 0.000523 0.000883 0.001367 0.001944 0.002978 0.004376 0.005997 0.008379 0.011345 0.014856 0.019081 0.024053 0.029023 0.034886 0.041046 0.046748 0.052259 0.056427 0.060005 0.062478 0.063274 0.062133 0.059646 0.055673 0.051000 0.045637 0.039533 0.033283 0.027489 0.022122 0.017366 0.013003 0.009675 0.006867 0.004943 0.003232 0.002213 0.001383 0.000849 0.000526 0.000304 0.000198 0.000091 0.000048 0.000022 0.000017 0.000005 0.000003 0.000003 0.000001 0.000000 0.000000 0.000000 0.000000 0.000000 0.000000 0.000000 0.000000 
t: 0.002139737991 start: 184 end: 254 0.000001 0.000000 0.000001 0.000001 0.000002 0.000004 0.000005 0.000021 0.000032 0.000071 0.000104 0.000183 0.000305 0.000499 0.000813 0.001224 0.001886 0.002870 0.004239 0.005972 0.008122 0.010913 0.014652 0.018752 0.023531 0.028861 0.034390 0.040909 0.046948 0.051873 0.056726 0.060490 0.063012 0.063365 0.062520 0.059981 0.056334 0.051556 0.046040 0.039543 0.033706 0.027659 0.021902 0.017177 0.013027 0.009724 0.006760 0.004724 0.003225 0.002078 0.001277 0.000839 0.000474 0.000313 0.000170 0.000091 0.000056 0.000025 0.000013 0.000005 0.000001 0.000001 0.000001 0.000001 0.000000 0.000000 0.000000 0.000000 0.000000 0.000000 0.000000 
t: 0.002058823530 start: 187 end: 255 0.000001 0.000001 0.000000 0.000002 0.000001 0.000017 0.000007 0.000029 0.000062 0.000120 0.000163 0.000300 0.000519 0.000766 0.001271 0.001930 0.002825 0.004280 0.005955 0.008284 0.011094 0.014724 0.018775 0.023813 0.029314 0.035233 0.041409 0.047385 0.052518 0.057135 0.061376 0.063368 0.063884 0.062898 0.060296 0.056048 0.050958 0.045569 0.039499 0.032847 0.026842 0.021512 0.016763 0.012509 0.009113 0.006461 0.004369 0.002934 0.001826 0.001275 0.000700 0.000443 0.000262 0.000137 0.000090 0.000042 0.000026 0.000010 0.000005 0.000003 0.000001 0.000001 0.000000 0.000000 0.000000 0.000000 0.000000 0.000000 0.000000 
t: 0.001983805668 start: 190 end: 256 0.000001 0.000000 0.000004 0.000007 0.000007 0.000011 0.000032 0.000069 0.000109 0.000184 0.000329 0.000520 0.000831 0.001285 0.002031 0.003054 0.004449 0.006120 0.008555 0.011586 0.015310 0.019635 0.024530 0.030340 0.036556 0.042459 0.048769 0.053585 0.058678 0.061980 0.064225 0.064168 0.063161 0.059512 0.055513 0.050229 0.044168 0.038189 0.031757 0.025837 0.020202 0.015731 0.011685 0.008174 0.005827 0.003869 0.002542 0.001710 0.001039 0.000600 0.000387 0.000197 0.000115 0.000064 0.000035 0.000023 0.000011 0.000002 0.000001 0.000001 0.000000 0.000000 0.000000 0.000000 0.000000 0.000000 0.000000 
t: 0.001914062500 start: 191 end: 257 0.000001 0.000000 0.000001 0.000002 0.000005 0.000011 0.000015 0.000035 0.000073 0.000121 0.000216 0.000336 0.000579 0.000893 0.001484 0.002210 0.003288 0.004665 0.006663 0.009359 0.012407 0.016234 0.020910 0.026283 0.032074 0.037983 0.044457 0.050092 0.055621 0.060341 0.063303 0.064729 0.064289 0.062689 0.058588 0.054278 0.048974 0.042551 0.036235 0.029947 0.023954 0.018604 0.014072 0.010251 0.007344 0.004979 0.003286 0.002272 0.001370 0.000803 0.000494 0.000283 0.000157 0.000090 0.000051 0.000022 0.000019 0.000004 0.000002 0.000001 0.000000 0.000000 0.000000 0.000000 0.000000 0.000000 0.000000 
t: 0.001849056604 start: 195 end: 260 0.000002 0.000008 0.000006 0.000009 0.000022 0.000044 0.000079 0.000132 0.000259 0.000390 0.000691 0.001047 0.001609 0.002557 0.003535 0.005244 0.007611 0.010101 0.013605 0.017800 0.022661 0.028365 0.034393 0.040390 0.046845 0.052764 0.057818 0.061917 0.064244 0.065296 0.064432 0.061669 0.057587 0.052525 0.046541 0.040061 0.033799 0.027398 0.021594 0.016546 0.012336 0.008719 0.006136 0.004232 0.002708 0.001725 0.001127 0.000618 0.000363 0.000202 0.000113 0.000064 0.000030 0.000019 0.000007 0.000002 0.000001 0.000002 0.000000 0.000000 0.000000 0.000000 0.000000 0.000000 0.000000 0.000000 
t: 0.001788321168 start: 196 end: 260 0.000003 0.000000 0.000006 0.000008 0.000012 0.000030 0.000056 0.000076 0.000195 0.000285 0.000482 0.000813 0.001262 0.001982 0.002834 0.004155 0.006093 0.008412 0.011582 0.015442 0.019762 0.025092 0.030907 0.037379 0.043678 0.049891 0.055398 0.059967 0.063477 0.065996 0.065299 0.063577 0.060428 0.055545 0.049934 0.043762 0.036910 0.030617 0.024435 0.019100 0.014223 0.010047 0.007411 0.004908 0.003247 0.002139 0.001312 0.000823 0.000440 0.000266 0.000144 0.000072 0.000053 0.000019 0.000009 0.000001 0.000003 0.000001 0.000000 0.000000 0.000000 0.000000 0.000000 0.000000 0.000000 
t: 0.001731448763 start: 197 end: 261 0.000001 0.000000 0.000005 0.000008 0.000009 0.000018 0.000036 0.000079 0.000136 0.000214 0.000327 0.000616 0.001001 0.001493 0.002381 0.003543 0.005041 0.007075 0.009912 0.013292 0.017645 0.022358 0.028313 0.034214 0.040739 0.047247 0.053298 0.058557 0.062306 0.065377 0.066081 0.064970 0.062856 0.057890 0.052805 0.046904 0.040269 0.033305 0.026975 0.021097 0.015904 0.011728 0.008266 0.005647 0.003810 0.002544 0.001572 0.000932 0.000534 0.000309 0.000161 0.000095 0.000064 0.000023 0.000005 0.000008 0.000003 0.000002 0.000000 0.000000 0.000000 0.000000 0.000000 0.000000 0.000000 
t: 0.001678082192 start: 200 end: 263 0.000001 0.000004 0.000009 0.000016 0.000021 0.000064 0.000099 0.000182 0.000285 0.000443 0.000775 0.001267 0.001945 0.002920 0.004260 0.006082 0.008779 0.011714 0.015607 0.020282 0.025895 0.031813 0.038367 0.045054 0.051037 0.056877 0.061333 0.064710 0.066492 0.066502 0.063966 0.059826 0.055486 0.049478 0.042881 0.035807 0.029138 0.022868 0.017719 0.012846 0.009380 0.006332 0.004423 0.002809 0.001740 0.001086 0.000638 0.000346 0.000173 0.000108 0.000059 0.000033 0.000010 0.000006 0.000004 0.000003 0.000000 0.000000 0.000000 0.000000 0.000000 0.000000 0.000000 0.000000 
t: 0.001627906977 start: 202 end: 264 0.000005 0.000006 0.000008 0.000022 0.000037 0.000071 0.000137 0.000226 0.000387 0.000611 0.001052 0.001681 0.002490 0.003690 0.005375 0.007449 0.010796 0.014061 0.018635 0.023916 0.029763 0.036350 0.043086 0.049280 0.055441 0.060001 0.064389 0.066752 0.066696 0.065377 0.061841 0.057349 0.051833 0.044989 0.037765 0.031000 0.024753 0.018914 0.014092 0.010107 0.007016 0.004831 0.003129 0.001922 0.001147 0.000706 0.000367 0.000197 0.000128 0.000062 0.000033 0.000014 0.000007 0.000007 0.000000 0.000000 0.000001 0.000000 0.000000 0.000000 0.000000 0.000000 0.000000 
t: 0.001580645161 start: 202 end: 266 0.000001 0.000001 0.000005 0.000008 0.000022 0.000029 0.000047 0.000111 0.000178 0.000312 0.000562 0.000865 0.001417 0.002094 0.003241 0.004842 0.006879 0.009621 0.012976 0.017371 0.022324 0.028236 0.034461 0.041186 0.047941 0.053896 0.059488 0.064118 0.066426 0.067514 0.066400 0.063771 0.059019 0.053121 0.046656 0.039320 0.032705 0.025884 0.020192 0.014922 0.010947 0.007548 0.005084 0.003260 0.002077 0.001297 0.000725 0.000417 0.000221 0.000122 0.000078 0.000031 0.000015 0.000012 0.000002 0.000001 0.000001 0.000000 0.000000 0.000000 0.000000 0.000000 0.000000 0.000000 0.000000 
t: 0.001536050157 start: 202 end: 265 0.000001 0.000000 0.000001 0.000004 0.000005 0.000015 0.000020 0.000058 0.000083 0.000155 0.000273 0.000436 0.000732 0.001311 0.001897 0.002892 0.004377 0.006317 0.008837 0.012215 0.016151 0.021164 0.026795 0.033157 0.039742 0.046480 0.053529 0.058608 0.063496 0.066689 0.067997 0.067828 0.064423 0.060497 0.054354 0.047949 0.040847 0.033880 0.026977 0.020895 0.015674 0.011481 0.007858 0.005219 0.003448 0.002244 0.001303 0.000728 0.000464 0.000235 0.000126 0.000073 0.000030 0.000019 0.000007 0.000002 0.000002 0.000000 0.000000 0.000000 0.000000 0.000000 0.000000 0.000000 
t: 0.001493902439 start: 202 end: 264 0.000001 0.000000 0.000000 0.000000 0.000003 0.000007 0.000011 0.000025 0.000035 0.000070 0.000147 0.000232 0.000381 0.000705 0.001078 0.001763 0.002661 0.004073 0.005792 0.008217 0.011551 0.015636 0.019996 0.025973 0.031961 0.038892 0.045685 0.052576 0.058489 0.063404 0.067164 0.067991 0.068092 0.065458 0.061307 0.055780 0.048823 0.041902 0.034909 0.027631 0.021601 0.016155 0.011573 0.008013 0.005443 0.003516 0.002259 0.001261 0.000794 0.000448 0.000260 0.000129 0.000065 0.000039 0.000012 0.000007 0.000001 0.000003 0.000000 0.000000 0.000000 0.000000 0.000000 
t: 0.001454005935 start: 203 end: 266 0.000001 0.000000 0.000000 0.000001 0.000001 0.000003 0.000007 0.000017 0.000033 0.000066 0.000121 0.000215 0.000380 0.000608 0.001038 0.001622 0.002472 0.003721 0.005439 0.008029 0.010895 0.014812 0.019814 0.025152 0.031490 0.038066 0.045067 0.052286 0.058265 0.063444 0.067046 0.068682 0.068500 0.066391 0.061898 0.056651 0.049588 0.042721 0.034920 0.028568 0.021792 0.016097 0.011752 0.008111 0.005578 0.003461 0.002182 0.001310 0.000765 0.000450 0.000217 0.000129 0.000069 0.000032 0.000014 0.000006 0.000004 0.000000 0.000000 0.000001 0.000000 0.000000 0.000000 0.000000 
t: 0.001416184971 start: 208 end: 269 0.000003 0.000001 0.000006 0.000014 0.000032 0.000057 0.000130 0.000193 0.000335 0.000582 0.000956 0.001508 0.002405 0.003567 0.005230 0.007686 0.010642 0.014496 0.019340 0.025033 0.031090 0.037730 0.044744 0.051988 0.058640 0.063381 0.067018 0.069386 0.069219 0.066601 0.062537 0.056771 0.050589 0.042773 0.035521 0.028377 0.021730 0.016104 0.011562 0.008291 0.005332 0.003510 0.002033 0.001267 0.000729 0.000411 0.000214 0.000124 0.000066 0.000026 0.000014 0.000003 0.000002 0.000000 0.000001 0.000000 0.000000 0.000000 0.000000 0.000000 0.000000 0.000000 
t: 0.001380281690 start: 208 end: 270 0.000001 0.000001 0.000003 0.000004 0.000018 0.000023 0.000052 0.000119 0.000176 0.000325 0.000589 0.000912 0.001460 0.002229 0.003512 0.005197 0.007561 0.010511 0.014286 0.019067 0.024688 0.031126 0.038020 0.044734 0.052254 0.058769 0.064117 0.067226 0.069586 0.069520 0.067085 0.062878 0.057608 0.050097 0.042716 0.035541 0.028205 0.021567 0.015745 0.011306 0.007974 0.005310 0.003263 0.001987 0.001193 0.000654 0.000355 0.000211 0.000124 0.000055 0.000026 0.000007 0.000004 0.000001 0.000002 0.000000 0.000000 0.000000 0.000000 0.000000 0.000000 0.000000 0.000000 
t: 0.001346153846 start: 209 end: 271 0.000001 0.000001 0.000004 0.000005 0.000014 0.000028 0.000049 0.000104 0.000182 0.000301 0.000566 0.000907 0.001422 0.002219 0.003513 0.005141 0.007311 0.010625 0.014431 0.019095 0.024843 0.031292 0.037998 0.045352 0.052764 0.059178 0.064135 0.068115 0.070399 0.069845 0.067447 0.063283 0.057218 0.050098 0.042458 0.034853 0.027600 0.020870 0.015359 0.011043 0.007634 0.004929 0.003102 0.001918 0.001044 0.000592 0.000353 0.000180 0.000094 0.000048 0.000024 0.000007 0.000004 0.000001 0.000001 0.000000 0.000000 0.000000 0.000000 0.000000 0.000000 0.000000 0.000000 
t: 0.001313672922 start: 210 end: 271 0.000002 0.000001 0.000004 0.000003 0.000013 0.000024 0.000057 0.000099 0.000187 0.000298 0.000553 0.000909 0.001360 0.002345 0.003520 0.005130 0.007397 0.010594 0.014732 0.019279 0.025185 0.031701 0.038824 0.046245 0.053357 0.059688 0.064850 0.069048 0.070514 0.070122 0.067815 0.063163 0.056855 0.049404 0.041839 0.034153 0.026901 0.020108 0.014795 0.010473 0.007090 0.004675 0.002875 0.001682 0.000967 0.000560 0.000309 0.000147 0.000084 0.000035 0.000019 0.000006 0.000002 0.000002 0.000000 0.000000 0.000000 0.000000 0.000000 0.000000 0.000000 0.000000 
t: 0.001282722513 start: 210 end: 271 0.000001 0.000001 0.000003 0.000002 0.000004 0.000008 0.000032 0.000058 0.000089 0.000201 0.000331 0.000564 0.000857 0.001533 0.002324 0.003461 0.005309 0.007641 0.010735 0.015007 0.019804 0.025775 0.032417 0.039662 0.047220 0.054441 0.060575 0.065973 0.069668 0.071355 0.070117 0.067676 0.062803 0.056354 0.048593 0.040737 0.033286 0.025588 0.019285 0.013979 0.009764 0.006595 0.004217 0.002629 0.001511 0.000853 0.000484 0.000243 0.000127 0.000058 0.000030 0.000011 0.000004 0.000005 0.000000 0.000000 0.000000 0.000000 0.000000 0.000000 0.000000 0.000000 
t: 0.001253196931 start: 211 end: 271 0.000001 0.000000 0.000003 0.000001 0.000002 0.000011 0.000034 0.000058 0.000102 0.000197 0.000356 0.000549 0.000920 0.001544 0.002457 0.003656 0.005337 0.008003 0.011089 0.015414 0.020408 0.026748 0.033402 0.040951 0.048258 0.055753 0.062123 0.066783 0.070625 0.071430 0.070308 0.067700 0.062335 0.054965 0.047612 0.039769 0.031696 0.024249 0.018262 0.012915 0.009143 0.005880 0.003802 0.002333 0.001288 0.000730 0.000408 0.000205 0.000096 0.000050 0.000021 0.000008 0.000006 0.000004 0.000000 0.000000 0.000000 0.000000 0.000000 0.000000 0.000000 
t: 0.001225000000 start: 212 end: 271 0.000001 0.000000 0.000000 0.000002 0.000006 0.000014 0.000036 0.000051 0.000111 0.000213 0.000343 0.000590 0.001009 0.001651 0.002494 0.003800 0.005757 0.008307 0.011672 0.016015 0.021349 0.027579 0.034678 0.042267 0.050166 0.057316 0.063157 0.068197 0.071312 0.071824 0.070639 0.066770 0.061388 0.053871 0.046433 0.037979 0.030288 0.022819 0.016691 0.012077 0.008216 0.005262 0.003318 0.001967 0.001097 0.000629 0.000345 0.000147 0.000088 0.000027 0.000013 0.000012 0.000006 0.000001 0.000000 0.000000 0.000000 0.000000 0.000000 0.000000 
t: 0.001198044010 start: 214 end: 274 0.000001 0.000001 0.000001 0.000005 0.000018 0.000034 0.000063 0.000114 0.000219 0.000381 0.000651 0.001080 0.001738 0.002674 0.004044 0.006096 0.008921 0.012370 0.016804 0.022378 0.029278 0.035862 0.043785 0.051637 0.059171 0.065069 0.069409 0.071987 0.072044 0.070449 0.066567 0.059715 0.052416 0.044405 0.036595 0.028133 0.021287 0.015398 0.010973 0.007217 0.004604 0.002901 0.001585 0.000915 0.000504 0.000269 0.000140 0.000051 0.000018 0.000011 0.000009 0.000001 0.000002 0.000000 0.000000 0.000000 0.000000 0.000000 0.000000 0.000000 0.000000 
t: 0.001172248804 start: 215 end: 274 0.000001 0.000001 0.000001 0.000007 0.000021 0.000039 0.000066 0.000133 0.000209 0.000448 0.000705 0.001238 0.001805 0.002859 0.004420 0.006493 0.009598 0.013107 0.018089 0.023769 0.030578 0.037864 0.045610 0.053630 0.061187 0.066818 0.070398 0.072631 0.072741 0.070288 0.064652 0.058303 0.050644 0.042638 0.033950 0.026173 0.019701 0.014046 0.009681 0.006326 0.003962 0.002267 0.001366 0.000735 0.000438 0.000211 0.000090 0.000033 0.000011 0.000013 0.000003 0.000003 0.000000 0.000000 0.000000 0.000000 0.000000 0.000000 0.000000 0.000000 
t: 0.001147540984 start: 216 end: 274 0.000001 0.000000 0.000003 0.000009 0.000027 0.000043 0.000064 0.000136 0.000262 0.000469 0.000789 0.001273 0.001997 0.003210 0.004751 0.007234 0.010164 0.014372 0.019239 0.025456 0.032703 0.039829 0.048127 0.055639 0.063064 0.068087 0.071889 0.073110 0.072938 0.069395 0.063479 0.056335 0.048560 0.039874 0.031528 0.024215 0.017938 0.012408 0.008549 0.005394 0.003264 0.001887 0.001107 0.000609 0.000307 0.000155 0.000063 0.000022 0.000013 0.000009 0.000003 0.000001 0.000000 0.000000 0.000000 0.000000 0.000000 0.000000 0.000000 
t: 0.001123853211 start: 217 end: 275 0.000001 0.000001 0.000003 0.000012 0.000030 0.000039 0.000086 0.000152 0.000275 0.000527 0.000886 0.001414 0.002206 0.003530 0.005345 0.007868 0.011213 0.015379 0.020862 0.027752 0.034357 0.042049 0.050606 0.058425 0.064904 0.070226 0.072703 0.073767 0.072268 0.068126 0.061704 0.054394 0.046022 0.037207 0.029131 0.021956 0.015786 0.011118 0.007184 0.004514 0.002729 0.001486 0.000885 0.000475 0.000221 0.000099 0.000042 0.000020 0.000007 0.000007 0.000000 0.000001 0.000000 0.000000 0.000000 0.000000 0.000000 0.000000 0.000000 
t: 0.001101123596 start: 218 end: 275 0.000001 0.000002 0.000004 0.000022 0.000024 0.000042 0.000090 0.000193 0.000328 0.000607 0.000990 0.001555 0.002538 0.003971 0.005937 0.008609 0.012280 0.016867 0.022805 0.029693 0.036915 0.044786 0.053219 0.060516 0.067644 0.071394 0.073662 0.074270 0.071769 0.066350 0.059533 0.052106 0.042907 0.034453 0.026321 0.019799 0.014027 0.009392 0.005990 0.003778 0.002103 0.001205 0.000681 0.000345 0.000164 0.000060 0.000032 0.000011 0.000009 0.000000 0.000001 0.000000 0.000000 0.000000 0.000000 0.000000 0.000000 0.000000 
t: 0.001079295154 start: 219 end: 276 0.000001 0.000002 0.000012 0.000012 0.000036 0.000051 0.000121 0.000207 0.000407 0.000679 0.001133 0.001815 0.002880 0.004422 0.006668 0.009539 0.013592 0.018733 0.024920 0.031827 0.039530 0.047928 0.055643 0.063800 0.069310 0.073126 0.074821 0.073685 0.070462 0.064778 0.057306 0.048652 0.040141 0.031282 0.023734 0.017461 0.011914 0.007914 0.004938 0.002971 0.001673 0.000909 0.000533 0.000243 0.000103 0.000057 0.000015 0.000011 0.000002 0.000000 0.000000 0.000001 0.000000 0.000000 0.000000 0.000000 0.000000 0.000000 
t: 0.001058315335 start: 220 end: 277 0.000002 0.000003 0.000009 0.000019 0.000045 0.000078 0.000120 0.000285 0.000451 0.000799 0.001297 0.002071 0.003327 0.005050 0.007459 0.010677 0.015340 0.020582 0.027219 0.034639 0.042571 0.050781 0.058943 0.066135 0.071395 0.074574 0.075294 0.073362 0.068878 0.062035 0.054465 0.045786 0.036549 0.028138 0.021117 0.015023 0.010085 0.006468 0.003976 0.002237 0.001270 0.000793 0.000377 0.000152 0.000077 0.000029 0.000011 0.000003 0.000003 0.000000 0.000001 0.000000 0.000000 0.000000 0.000000 0.000000 0.000000 0.000000 
t: 0.001038135593 start: 221 end: 277 0.000001 0.000003 0.000012 0.000034 0.000045 0.000080 0.000179 0.000316 0.000516 0.000970 0.001470 0.002534 0.003754 0.005710 0.008436 0.012265 0.017018 0.023060 0.029611 0.037629 0.045836 0.054016 0.062361 0.068908 0.073363 0.075656 0.075420 0.072241 0.066495 0.059201 0.051366 0.042138 0.032948 0.025177 0.018155 0.012806 0.008347 0.005182 0.003069 0.001697 0.001000 0.000533 0.000251 0.000114 0.000048 0.000018 0.000005 0.000005 0.000000 0.000001 0.000000 0.000000 0.000000 0.000000 0.000000 0.000000 0.000000 
t: 0.001018711019 start: 222 end: 278 0.000002 0.000007 0.000014 0.000040 0.000053 0.000106 0.000213 0.000376 0.000662 0.001073 0.001830 0.002848 0.004360 0.006576 0.009940 0.013662 0.019287 0.025411 0.032655 0.041051 0.049142 0.057728 0.065318 0.071470 0.075267 0.076381 0.074663 0.070326 0.064440 0.055952 0.047695 0.037951 0.029789 0.021599 0.015846 0.010468 0.006708 0.004068 0.002326 0.001346 0.000711 0.000357 0.000164 0.000077 0.000026 0.000008 0.000004 0.000003 0.000001 0.000000 0.000000 0.000000 0.000000 0.000000 0.000000 0.000000 0.000000 
t: 0.001000000000 start: 223 end: 279 0.000005 0.000007 0.000027 0.000041 0.000062 0.000147 0.000254 0.000464 0.000785 0.001349 0.002066 0.003425 0.005088 0.007782 0.011242 0.015779 0.021469 0.028319 0.035936 0.044421 0.053160 0.061070 0.068837 0.073644 0.076777 0.076365 0.073500 0.068308 0.061102 0.052717 0.043254 0.034414 0.025710 0.019025 0.012899 0.008500 0.005254 0.003182 0.001756 0.000926 0.000516 0.000242 0.000107 0.000045 0.000012 0.000005 0.000003 0.000001 0.000001 0.000000 0.000000 0.000000 0.000000 0.000000 0.000000 0.000000 0.000000 
