t: 0.059999999999 start: 16 end: 54 0.000003 0.000011 0.000047 0.000170 0.000534 0.001564 0.003959 0.009093 0.018325 0.033423 0.054114 0.078246 0.101989 0.119146 0.126642 0.120335 0.105415 0.082714 0.059231 0.038866 0.022977 0.012433 0.006131 0.002764 0.001180 0.000463 0.000162 0.000049 0.000010 0.000003 0.000000 0.000000 0.000000 0.000001 0.000000 0.000000 0.000000 0.000000 0.000000 
t: 0.054545454544 start: 17 end: 57 0.000002 0.000002 0.000008 0.000046 0.000115 0.000419 0.001119 0.002965 0.006693 0.013931 0.025578 0.042612 0.063337 0.086791 0.105556 0.118655 0.120134 0.112187 0.095204 0.074108 0.053058 0.034780 0.020829 0.011489 0.005700 0.002743 0.001194 0.000478 0.000181 0.000062 0.000020 0.000003 0.000000 0.000000 0.000001 0.000000 0.000000 0.000000 0.000000 0.000000 0.000000 
t: 0.049999999999 start: 20 end: 61 0.000001 0.000009 0.000030 0.000120 0.000339 0.000884 0.002362 0.005259 0.010974 0.020190 0.034143 0.051847 0.073105 0.093282 0.108299 0.116389 0.113325 0.102727 0.086277 0.065598 0.046237 0.030507 0.018293 0.010176 0.005206 0.002547 0.001124 0.000471 0.000188 0.000065 0.000020 0.000004 0.000001 0.000000 0.000001 0.000000 0.000000 0.000000 0.000000 0.000000 0.000000 0.000000 
t: 0.046153846153 start: 23 end: 64 0.000005 0.000021 0.000097 0.000276 0.000792 0.001902 0.004286 0.008569 0.016346 0.027982 0.043629 0.062314 0.081965 0.098155 0.109755 0.112376 0.106633 0.093776 0.075581 0.057176 0.039548 0.025867 0.015718 0.008711 0.004611 0.002244 0.000983 0.000454 0.000135 0.000058 0.000025 0.000005 0.000004 0.000001 0.000000 0.000000 0.000000 0.000000 0.000000 0.000000 0.000000 0.000000 
t: 0.042857142857 start: 24 end: 67 0.000001 0.000002 0.000033 0.000086 0.000239 0.000701 0.001641 0.003518 0.007321 0.013665 0.023687 0.037427 0.053815 0.072074 0.088658 0.102468 0.108814 0.107350 0.097703 0.083180 0.066815 0.048654 0.033236 0.021681 0.012977 0.007218 0.003762 0.001888 0.000810 0.000350 0.000154 0.000052 0.000014 0.000004 0.000001 0.000001 0.000000 0.000000 0.000000 0.000000 0.000000 0.000000 0.000000 0.000000 
t: 0.040000000000 start: 26 end: 69 0.000002 0.000005 0.000030 0.000078 0.000215 0.000594 0.001461 0.003164 0.006305 0.011649 0.020321 0.032144 0.047384 0.064261 0.081193 0.095048 0.103706 0.105606 0.100282 0.088552 0.073347 0.056645 0.040588 0.027806 0.017834 0.010355 0.005814 0.003010 0.001430 0.000675 0.000311 0.000127 0.000038 0.000014 0.000005 0.000001 0.000000 0.000000 0.000000 0.000000 0.000000 0.000000 0.000000 0.000000 
t: 0.037500000000 start: 28 end: 71 0.000003 0.000003 0.000025 0.000073 0.000209 0.000575 0.001362 0.002838 0.005656 0.010513 0.017904 0.028126 0.042016 0.057931 0.074120 0.088661 0.098488 0.103045 0.100654 0.091845 0.078611 0.063356 0.047114 0.033633 0.022265 0.013958 0.008260 0.004429 0.002280 0.001133 0.000524 0.000239 0.000091 0.000039 0.000015 0.000006 0.000000 0.000000 0.000000 0.000000 0.000000 0.000000 0.000000 0.000000 
t: 0.035294117647 start: 30 end: 75 0.000007 0.000006 0.000028 0.000073 0.000215 0.000554 0.001208 0.002694 0.005166 0.009436 0.016075 0.025455 0.037834 0.052911 0.068581 0.082799 0.093783 0.099839 0.099457 0.093572 0.082374 0.067990 0.053073 0.038972 0.026744 0.017588 0.010863 0.006121 0.003376 0.001711 0.000828 0.000391 0.000168 0.000071 0.000023 0.000011 0.000002 0.000001 0.000000 0.000000 0.000000 0.000000 0.000000 0.000000 0.000000 0.000000 
t: 0.033333333333 start: 32 end: 77 0.000001 0.000008 0.000039 0.000084 0.000237 0.000531 0.001157 0.002446 0.004792 0.008963 0.014691 0.023552 0.035047 0.048959 0.063933 0.077635 0.089092 0.097036 0.097888 0.093743 0.084680 0.071378 0.057759 0.043268 0.031113 0.021011 0.013528 0.008031 0.004600 0.002443 0.001260 0.000641 0.000260 0.000127 0.000046 0.000012 0.000007 0.000002 0.000000 0.000000 0.000000 0.000000 0.000000 0.000000 0.000000 0.000000 
t: 0.031578947368 start: 33 end: 81 0.000001 0.000001 0.000013 0.000034 0.000092 0.000226 0.000504 0.001221 0.002352 0.004641 0.008338 0.014130 0.022193 0.032805 0.045622 0.059853 0.073571 0.085735 0.093478 0.095633 0.094132 0.085703 0.074295 0.060750 0.047427 0.034663 0.024280 0.016029 0.009837 0.005824 0.003328 0.001705 0.000849 0.000430 0.000189 0.000070 0.000032 0.000009 0.000003 0.000001 0.000001 0.000000 0.000000 0.000000 0.000000 0.000000 0.000000 0.000000 0.000000 
t: 0.030000000000 start: 36 end: 82 0.000004 0.000015 0.000032 0.000102 0.000232 0.000504 0.001243 0.002415 0.004560 0.008028 0.013406 0.021183 0.031195 0.043555 0.056791 0.070603 0.082047 0.090758 0.094121 0.092481 0.086385 0.075844 0.063487 0.050639 0.037751 0.026917 0.018322 0.011607 0.007077 0.004204 0.002242 0.001164 0.000628 0.000275 0.000103 0.000055 0.000014 0.000008 0.000003 0.000000 0.000000 0.000000 0.000000 0.000000 0.000000 0.000000 0.000000 
t: 0.028571428571 start: 37 end: 85 0.000001 0.000008 0.000016 0.000042 0.000104 0.000245 0.000606 0.001253 0.002441 0.004515 0.008035 0.013353 0.020521 0.030002 0.041671 0.054531 0.067952 0.079750 0.087428 0.092156 0.091624 0.086137 0.077052 0.065387 0.052867 0.040158 0.029653 0.020013 0.013286 0.008432 0.004984 0.002772 0.001573 0.000770 0.000371 0.000170 0.000061 0.000040 0.000017 0.000002 0.000000 0.000001 0.000000 0.000000 0.000000 0.000000 0.000000 0.000000 0.000000 
t: 0.027272727273 start: 39 end: 88 0.000003 0.000011 0.000008 0.000054 0.000139 0.000303 0.000646 0.001308 0.002463 0.004687 0.008184 0.013014 0.020230 0.029287 0.040897 0.053192 0.065887 0.077007 0.085686 0.090052 0.090584 0.085440 0.077086 0.066460 0.054351 0.042252 0.031451 0.022050 0.014807 0.009504 0.005824 0.003431 0.001873 0.000930 0.000496 0.000207 0.000105 0.000065 0.000016 0.000008 0.000001 0.000001 0.000000 0.000000 0.000000 0.000000 0.000000 0.000000 0.000000 0.000000 
t: 0.026086956522 start: 40 end: 90 0.000001 0.000005 0.000004 0.000029 0.000052 0.000158 0.000352 0.000678 0.001413 0.002703 0.004816 0.008190 0.013474 0.020089 0.029206 0.040025 0.052278 0.064730 0.075353 0.083981 0.088071 0.088898 0.085313 0.076467 0.066700 0.055639 0.043491 0.032926 0.023505 0.015976 0.010502 0.006539 0.003896 0.002234 0.001128 0.000635 0.000280 0.000159 0.000062 0.000026 0.000011 0.000003 0.000000 0.000002 0.000000 0.000000 0.000000 0.000000 0.000000 0.000000 0.000000 
t: 0.025000000000 start: 42 end: 94 0.000004 0.000004 0.000009 0.000031 0.000076 0.000166 0.000329 0.000812 0.001556 0.002891 0.005006 0.008612 0.013637 0.020573 0.029375 0.040076 0.051531 0.063874 0.074144 0.081859 0.087141 0.087179 0.083898 0.076909 0.066710 0.056252 0.044419 0.033663 0.024354 0.017002 0.011250 0.007111 0.004280 0.002552 0.001320 0.000689 0.000384 0.000189 0.000076 0.000030 0.000018 0.000005 0.000002 0.000000 0.000001 0.000001 0.000000 0.000000 0.000000 0.000000 0.000000 0.000000 0.000000 
t: 0.024000000000 start: 44 end: 94 0.000006 0.000006 0.000014 0.000040 0.000094 0.000183 0.000389 0.000901 0.001694 0.003163 0.005588 0.008850 0.014194 0.021093 0.029537 0.040521 0.052048 0.062760 0.073408 0.081096 0.085233 0.086368 0.082819 0.075656 0.066568 0.056223 0.044961 0.034098 0.024716 0.017733 0.011831 0.007639 0.004683 0.002713 0.001553 0.000813 0.000409 0.000208 0.000105 0.000054 0.000022 0.000007 0.000000 0.000003 0.000000 0.000000 0.000000 0.000000 0.000000 0.000000 0.000000 
t: 0.023076923077 start: 45 end: 97 0.000001 0.000002 0.000011 0.000012 0.000046 0.000108 0.000226 0.000484 0.001013 0.001915 0.003452 0.005986 0.009548 0.014909 0.021849 0.030699 0.040743 0.052069 0.062931 0.072472 0.080302 0.084619 0.084887 0.081566 0.074885 0.065803 0.055463 0.044757 0.034528 0.025327 0.018089 0.012059 0.007931 0.004861 0.002909 0.001703 0.000913 0.000475 0.000255 0.000095 0.000053 0.000023 0.000016 0.000001 0.000004 0.000000 0.000000 0.000000 0.000000 0.000000 0.000000 0.000000 0.000000 
t: 0.022222222222 start: 45 end: 99 0.000001 0.000000 0.000002 0.000002 0.000010 0.000026 0.000060 0.000131 0.000268 0.000587 0.001210 0.002197 0.003869 0.006460 0.010414 0.015566 0.022782 0.031883 0.041701 0.052897 0.063170 0.072497 0.079641 0.083374 0.083672 0.080267 0.073605 0.064782 0.054532 0.044556 0.034282 0.025312 0.018013 0.012270 0.008132 0.005042 0.003078 0.001714 0.000965 0.000516 0.000271 0.000122 0.000061 0.000030 0.000016 0.000010 0.000003 0.000001 0.000000 0.000000 0.000000 0.000000 0.000000 0.000000 0.000000 
t: 0.021428571428 start: 48 end: 101 0.000001 0.000003 0.000000 0.000012 0.000032 0.000074 0.000177 0.000372 0.000707 0.001413 0.002612 0.004289 0.007072 0.011218 0.016726 0.024261 0.033108 0.042846 0.053918 0.063750 0.072482 0.079226 0.082502 0.082276 0.078278 0.072171 0.064053 0.053630 0.043933 0.033635 0.025007 0.017742 0.012253 0.008002 0.005250 0.003143 0.001781 0.000995 0.000527 0.000241 0.000151 0.000061 0.000041 0.000017 0.000008 0.000003 0.000001 0.000000 0.000000 0.000000 0.000000 0.000000 0.000000 0.000000 
t: 0.020689655172 start: 51 end: 104 0.000003 0.000007 0.000022 0.000051 0.000098 0.000218 0.000440 0.000882 0.001634 0.003064 0.004810 0.007854 0.012302 0.018510 0.025654 0.034381 0.044562 0.054537 0.064851 0.073101 0.078798 0.081621 0.080705 0.077231 0.071007 0.061662 0.052623 0.042117 0.033178 0.024538 0.017421 0.012028 0.007901 0.005167 0.003091 0.001823 0.001055 0.000520 0.000257 0.000135 0.000069 0.000041 0.000018 0.000010 0.000002 0.000000 0.000000 0.000001 0.000000 0.000000 0.000000 0.000000 0.000000 0.000000 
t: 0.020000000000 start: 52 end: 106 0.000001 0.000004 0.000014 0.000023 0.000063 0.000144 0.000273 0.000563 0.001107 0.001986 0.003410 0.005600 0.008907 0.013748 0.019762 0.027230 0.036238 0.046531 0.056519 0.065490 0.073599 0.078302 0.080831 0.079546 0.075795 0.068758 0.059990 0.050678 0.041107 0.031749 0.023532 0.017072 0.011729 0.007758 0.004980 0.003084 0.001781 0.000970 0.000550 0.000264 0.000156 0.000086 0.000041 0.000018 0.000006 0.000003 0.000002 0.000000 0.000000 0.000000 0.000000 0.000000 0.000000 0.000000 0.000000 
t: 0.019354838710 start: 53 end: 109 0.000001 0.000002 0.000007 0.000016 0.000041 0.000076 0.000189 0.000377 0.000726 0.001264 0.002415 0.003975 0.006561 0.010130 0.015143 0.021597 0.029459 0.038617 0.048049 0.057903 0.066480 0.073808 0.078477 0.079877 0.078448 0.073247 0.067189 0.058631 0.048764 0.039058 0.030384 0.022778 0.016246 0.011145 0.007377 0.004782 0.002921 0.001708 0.001017 0.000543 0.000279 0.000147 0.000078 0.000038 0.000019 0.000007 0.000002 0.000001 0.000001 0.000000 0.000000 0.000000 0.000000 0.000000 0.000000 0.000000 0.000000 
t: 0.018750000000 start: 54 end: 110 0.000001 0.000000 0.000002 0.000013 0.000029 0.000053 0.000110 0.000225 0.000488 0.000895 0.001700 0.002837 0.004760 0.007547 0.011496 0.016745 0.023812 0.031857 0.040567 0.050455 0.059422 0.067952 0.074366 0.077858 0.078691 0.076839 0.071883 0.064750 0.056281 0.046547 0.037312 0.029072 0.021498 0.015355 0.010580 0.007026 0.004526 0.002782 0.001663 0.000897 0.000523 0.000298 0.000152 0.000073 0.000031 0.000016 0.000009 0.000004 0.000001 0.000001 0.000000 0.000000 0.000000 0.000000 0.000000 0.000000 0.000000 
t: 0.018181818182 start: 57 end: 111 0.000001 0.000004 0.000012 0.000050 0.000074 0.000148 0.000313 0.000639 0.001153 0.002035 0.003500 0.005568 0.008841 0.013078 0.018916 0.025999 0.033989 0.043143 0.052944 0.061363 0.069121 0.074985 0.077583 0.077590 0.074983 0.069790 0.061912 0.053800 0.044553 0.035374 0.027377 0.020063 0.014445 0.009842 0.006597 0.004224 0.002565 0.001531 0.000867 0.000488 0.000279 0.000129 0.000076 0.000033 0.000012 0.000009 0.000000 0.000000 0.000002 0.000000 0.000000 0.000000 0.000000 0.000000 0.000000 
t: 0.017647058823 start: 59 end: 115 0.000004 0.000011 0.000032 0.000040 0.000105 0.000234 0.000418 0.000808 0.001426 0.002528 0.004307 0.006581 0.010401 0.014868 0.021114 0.028326 0.036765 0.046096 0.055064 0.063774 0.070477 0.075270 0.076592 0.076297 0.073465 0.067204 0.059345 0.051000 0.042294 0.033030 0.025466 0.018772 0.013481 0.009127 0.005976 0.003882 0.002279 0.001410 0.000778 0.000465 0.000242 0.000128 0.000067 0.000028 0.000011 0.000006 0.000003 0.000002 0.000000 0.000000 0.000001 0.000000 0.000000 0.000000 0.000000 0.000000 0.000000 
t: 0.017142857143 start: 59 end: 116 0.000002 0.000000 0.000003 0.000014 0.000037 0.000066 0.000153 0.000310 0.000506 0.001076 0.001927 0.003099 0.005131 0.008037 0.011864 0.017088 0.023445 0.031223 0.039705 0.048573 0.057607 0.065836 0.071469 0.075322 0.076670 0.074949 0.071051 0.064409 0.057125 0.047764 0.039447 0.031088 0.023339 0.017413 0.012070 0.008400 0.005399 0.003493 0.002109 0.001214 0.000714 0.000395 0.000229 0.000122 0.000052 0.000027 0.000011 0.000011 0.000004 0.000000 0.000001 0.000001 0.000000 0.000000 0.000000 0.000000 0.000000 0.000000 
t: 0.016666666667 start: 60 end: 118 0.000001 0.000000 0.000003 0.000008 0.000027 0.000053 0.000105 0.000191 0.000413 0.000778 0.001381 0.002342 0.003930 0.006265 0.009434 0.013877 0.019293 0.026513 0.033924 0.042714 0.051818 0.059885 0.067738 0.072500 0.075609 0.075904 0.073087 0.068363 0.061957 0.053994 0.045073 0.036467 0.028405 0.021436 0.015643 0.010951 0.007648 0.004793 0.003085 0.001921 0.001093 0.000619 0.000360 0.000209 0.000092 0.000055 0.000021 0.000011 0.000003 0.000005 0.000001 0.000002 0.000000 0.000000 0.000000 0.000000 0.000000 0.000000 0.000000 
t: 0.016216216216 start: 63 end: 121 0.000004 0.000003 0.000025 0.000024 0.000065 0.000159 0.000287 0.000570 0.000966 0.001771 0.002963 0.005031 0.007573 0.010934 0.016185 0.022189 0.029193 0.037152 0.046206 0.054791 0.062642 0.068924 0.073579 0.075426 0.074504 0.071149 0.065662 0.058927 0.050313 0.042024 0.033842 0.025994 0.019498 0.013977 0.009879 0.006649 0.004421 0.002658 0.001631 0.000975 0.000606 0.000292 0.000172 0.000074 0.000051 0.000021 0.000011 0.000004 0.000002 0.000001 0.000000 0.000001 0.000000 0.000000 0.000000 0.000000 0.000000 0.000000 0.000000 
t: 0.015789473684 start: 64 end: 121 0.000002 0.000007 0.000015 0.000022 0.000048 0.000097 0.000236 0.000400 0.000725 0.001387 0.002307 0.003899 0.005980 0.009189 0.013379 0.018368 0.025010 0.032482 0.040863 0.049346 0.057879 0.065193 0.070040 0.073824 0.074859 0.073009 0.069165 0.062681 0.055474 0.046998 0.039002 0.030646 0.023547 0.017520 0.012416 0.008809 0.005745 0.003760 0.002363 0.001477 0.000803 0.000468 0.000255 0.000154 0.000072 0.000041 0.000024 0.000009 0.000004 0.000000 0.000001 0.000000 0.000000 0.000000 0.000000 0.000000 0.000000 0.000000 
t: 0.015384615385 start: 66 end: 122 0.000002 0.000011 0.000022 0.000038 0.000082 0.000182 0.000280 0.000583 0.001033 0.001826 0.003046 0.004777 0.007617 0.010887 0.015688 0.021343 0.028017 0.036093 0.044616 0.052788 0.060434 0.066766 0.071979 0.074033 0.073721 0.071175 0.066065 0.059801 0.051956 0.043618 0.035529 0.027540 0.021105 0.015649 0.011016 0.007677 0.005004 0.003243 0.002016 0.001204 0.000642 0.000394 0.000253 0.000116 0.000071 0.000032 0.000016 0.000012 0.000002 0.000000 0.000000 0.000000 0.000000 0.000000 0.000000 0.000000 0.000000 
t: 0.015000000000 start: 67 end: 125 0.000004 0.000009 0.000016 0.000026 0.000053 0.000142 0.000216 0.000424 0.000763 0.001439 0.002388 0.003995 0.006018 0.009097 0.013202 0.018381 0.024374 0.031868 0.039824 0.047957 0.056616 0.062941 0.068856 0.072522 0.073442 0.072242 0.068740 0.063518 0.055974 0.048357 0.040156 0.031836 0.024780 0.018824 0.013822 0.009500 0.006596 0.004313 0.002786 0.001688 0.000988 0.000600 0.000312 0.000186 0.000108 0.000055 0.000027 0.000006 0.000008 0.000004 0.000000 0.000001 0.000000 0.000000 0.000000 0.000000 0.000000 0.000000 0.000000 
t: 0.014634146341 start: 68 end: 127 0.000005 0.000008 0.000008 0.000020 0.000039 0.000096 0.000193 0.000346 0.000601 0.001096 0.001987 0.003060 0.004959 0.007633 0.011088 0.015750 0.021354 0.027965 0.035697 0.043649 0.051777 0.059278 0.065891 0.070223 0.072456 0.072958 0.070803 0.065701 0.059836 0.052445 0.044484 0.036223 0.028837 0.022122 0.016488 0.011750 0.008257 0.005569 0.003629 0.002339 0.001433 0.000861 0.000494 0.000277 0.000137 0.000088 0.000054 0.000022 0.000005 0.000007 0.000001 0.000001 0.000000 0.000000 0.000000 0.000000 0.000000 0.000000 0.000000 0.000000 
t: 0.014285714286 start: 70 end: 129 0.000009 0.000006 0.000017 0.000037 0.000063 0.000146 0.000282 0.000483 0.000881 0.001549 0.002637 0.004051 0.006342 0.009272 0.013502 0.018493 0.024799 0.031960 0.039385 0.047791 0.055369 0.062519 0.067951 0.071318 0.072698 0.071375 0.068244 0.062589 0.056058 0.048199 0.040457 0.032791 0.025780 0.019228 0.014160 0.010157 0.007057 0.004649 0.003031 0.001933 0.001174 0.000691 0.000371 0.000231 0.000135 0.000062 0.000038 0.000014 0.000011 0.000002 0.000002 0.000001 0.000000 0.000000 0.000000 0.000000 0.000000 0.000000 0.000000 0.000000 
t: 0.013953488372 start: 70 end: 130 0.000002 0.000006 0.000005 0.000015 0.000020 0.000062 0.000122 0.000213 0.000380 0.000732 0.001245 0.002113 0.003445 0.005342 0.007937 0.011699 0.016052 0.021890 0.028393 0.035906 0.044042 0.051806 0.058804 0.065076 0.069379 0.071784 0.071964 0.069182 0.065324 0.058984 0.052037 0.044214 0.036550 0.029123 0.022536 0.016859 0.012148 0.008583 0.005900 0.003890 0.002470 0.001562 0.000919 0.000560 0.000336 0.000179 0.000109 0.000048 0.000030 0.000016 0.000005 0.000001 0.000001 0.000000 0.000000 0.000000 0.000000 0.000000 0.000000 0.000000 0.000000 
t: 0.013636363636 start: 71 end: 131 0.000003 0.000006 0.000002 0.000012 0.000016 0.000052 0.000100 0.000169 0.000319 0.000551 0.001045 0.001780 0.002837 0.004467 0.006846 0.010065 0.014007 0.019282 0.025430 0.032531 0.040420 0.048203 0.055609 0.062001 0.067684 0.070496 0.070986 0.070646 0.066343 0.062216 0.055296 0.047962 0.039683 0.032628 0.025618 0.019499 0.014470 0.010419 0.007172 0.004889 0.003223 0.001969 0.001257 0.000785 0.000454 0.000267 0.000134 0.000070 0.000050 0.000020 0.000004 0.000004 0.000003 0.000000 0.000000 0.000000 0.000000 0.000000 0.000000 0.000000 0.000000 
t: 0.013333333333 start: 72 end: 133 0.000002 0.000003 0.000004 0.000007 0.000015 0.000051 0.000074 0.000123 0.000269 0.000488 0.000855 0.001494 0.002387 0.003797 0.005824 0.008854 0.012220 0.017120 0.022624 0.029598 0.037096 0.044604 0.052350 0.059419 0.065070 0.069225 0.070600 0.070363 0.068218 0.064024 0.057855 0.050972 0.043570 0.035700 0.028564 0.022425 0.016801 0.012162 0.008609 0.006057 0.003903 0.002631 0.001638 0.000968 0.000587 0.000363 0.000198 0.000111 0.000049 0.000030 0.000019 0.000006 0.000002 0.000002 0.000000 0.000000 0.000000 0.000000 0.000000 0.000000 0.000000 0.000000 
t: 0.013043478261 start: 73 end: 134 0.000001 0.000000 0.000003 0.000008 0.000016 0.000035 0.000063 0.000108 0.000203 0.000404 0.000712 0.001259 0.002012 0.003327 0.005129 0.007559 0.010799 0.015126 0.020454 0.026893 0.033949 0.041222 0.049151 0.056458 0.062983 0.066827 0.069663 0.070516 0.068716 0.065883 0.060358 0.053890 0.046298 0.038988 0.032172 0.024997 0.019204 0.013969 0.010261 0.007189 0.004812 0.003153 0.002136 0.001256 0.000800 0.000457 0.000279 0.000139 0.000082 0.000048 0.000015 0.000011 0.000004 0.000001 0.000002 0.000000 0.000000 0.000000 0.000000 0.000000 0.000000 0.000000 
t: 0.012765957447 start: 76 end: 136 0.000004 0.000006 0.000017 0.000022 0.000050 0.000099 0.000173 0.000307 0.000608 0.001094 0.001751 0.002860 0.004436 0.006738 0.009615 0.013523 0.018217 0.024331 0.031344 0.038341 0.046198 0.053878 0.059664 0.065347 0.068193 0.069893 0.069351 0.067135 0.062131 0.056552 0.049550 0.041863 0.034722 0.027871 0.021578 0.016000 0.011912 0.008513 0.005728 0.003854 0.002564 0.001624 0.000990 0.000611 0.000313 0.000217 0.000101 0.000050 0.000036 0.000011 0.000011 0.000000 0.000002 0.000000 0.000001 0.000000 0.000000 0.000000 0.000000 0.000000 0.000000 
t: 0.012500000000 start: 76 end: 138 0.000001 0.000002 0.000005 0.000007 0.000023 0.000039 0.000087 0.000145 0.000281 0.000497 0.000914 0.001522 0.002479 0.003869 0.005987 0.008557 0.012171 0.016459 0.022243 0.028675 0.035717 0.043327 0.050712 0.057449 0.063093 0.067077 0.068996 0.069850 0.067634 0.063957 0.058763 0.051606 0.045065 0.037545 0.030264 0.023944 0.018161 0.013590 0.009796 0.006903 0.004690 0.003012 0.001950 0.001214 0.000735 0.000440 0.000251 0.000131 0.000086 0.000040 0.000022 0.000007 0.000007 0.000002 0.000000 0.000000 0.000001 0.000000 0.000000 0.000000 0.000000 0.000000 0.000000 
t: 0.012244897959 start: 76 end: 138 0.000001 0.000000 0.000001 0.000006 0.000006 0.000016 0.000042 0.000061 0.000145 0.000231 0.000445 0.000759 0.001349 0.002174 0.003397 0.005273 0.007713 0.010855 0.015081 0.020209 0.026452 0.033334 0.040794 0.047839 0.055117 0.061143 0.065362 0.068369 0.069168 0.068537 0.064974 0.060388 0.054215 0.047634 0.040105 0.032791 0.026146 0.020404 0.015162 0.011164 0.008037 0.005440 0.003569 0.002444 0.001454 0.000914 0.000546 0.000332 0.000193 0.000100 0.000056 0.000028 0.000012 0.000008 0.000004 0.000000 0.000000 0.000001 0.000000 0.000000 0.000000 0.000000 0.000000 
t: 0.012000000000 start: 77 end: 139 0.000001 0.000000 0.000002 0.000004 0.000008 0.000015 0.000023 0.000056 0.000123 0.000223 0.000371 0.000658 0.001144 0.001890 0.003124 0.004610 0.007007 0.009982 0.013621 0.018558 0.024717 0.031016 0.038122 0.045359 0.052586 0.058990 0.063938 0.066768 0.069228 0.068819 0.066085 0.061726 0.056031 0.049593 0.042800 0.035316 0.028442 0.022289 0.017115 0.012596 0.009047 0.006382 0.004314 0.002751 0.001810 0.001134 0.000707 0.000414 0.000220 0.000112 0.000070 0.000036 0.000031 0.000010 0.000004 0.000000 0.000002 0.000000 0.000000 0.000000 0.000000 0.000000 0.000000 
t: 0.011764705882 start: 80 end: 142 0.000002 0.000003 0.000006 0.000011 0.000028 0.000051 0.000101 0.000180 0.000321 0.000557 0.001056 0.001669 0.002779 0.004169 0.006342 0.009020 0.012652 0.017290 0.022755 0.028729 0.035768 0.043282 0.050471 0.056711 0.062277 0.066133 0.068236 0.068683 0.066532 0.063239 0.057794 0.051569 0.044881 0.037836 0.030607 0.024184 0.018641 0.014177 0.010304 0.007305 0.004926 0.003205 0.002141 0.001397 0.000836 0.000513 0.000295 0.000146 0.000083 0.000051 0.000032 0.000015 0.000005 0.000002 0.000002 0.000000 0.000000 0.000000 0.000000 0.000000 0.000000 0.000000 0.000000 
t: 0.011538461538 start: 81 end: 143 0.000001 0.000002 0.000007 0.000010 0.000020 0.000043 0.000101 0.000157 0.000266 0.000553 0.000884 0.001515 0.002509 0.003743 0.005713 0.008242 0.011799 0.016042 0.020930 0.027055 0.033728 0.041335 0.048358 0.054904 0.060432 0.064818 0.067522 0.068433 0.066778 0.064352 0.059324 0.053498 0.047073 0.039659 0.032414 0.026072 0.020449 0.015584 0.011397 0.008352 0.005686 0.003740 0.002500 0.001601 0.001022 0.000593 0.000350 0.000199 0.000108 0.000055 0.000038 0.000019 0.000006 0.000004 0.000005 0.000000 0.000000 0.000000 0.000000 0.000000 0.000000 0.000000 0.000000 
t: 0.011320754717 start: 82 end: 144 0.000001 0.000000 0.000006 0.000013 0.000015 0.000035 0.000076 0.000156 0.000275 0.000427 0.000818 0.001391 0.002243 0.003402 0.005264 0.007587 0.010736 0.014890 0.019880 0.025393 0.032190 0.038959 0.046386 0.053360 0.058649 0.062950 0.066823 0.068020 0.067578 0.064660 0.060381 0.055349 0.048488 0.041817 0.034679 0.027802 0.022114 0.016798 0.012808 0.009323 0.006341 0.004325 0.002840 0.001835 0.001217 0.000743 0.000420 0.000231 0.000134 0.000080 0.000043 0.000028 0.000010 0.000004 0.000006 0.000001 0.000000 0.000000 0.000000 0.000000 0.000000 0.000000 0.000000 
t: 0.011111111111 start: 82 end: 145 0.000001 0.000000 0.000001 0.000004 0.000012 0.000020 0.000028 0.000085 0.000129 0.000212 0.000425 0.000767 0.001278 0.001994 0.003306 0.004714 0.006880 0.010203 0.013894 0.018431 0.024365 0.030324 0.037074 0.044733 0.051445 0.056674 0.061983 0.065916 0.067469 0.067868 0.064883 0.061477 0.056564 0.050393 0.043350 0.036500 0.029691 0.023644 0.018319 0.013908 0.010148 0.007220 0.004900 0.003205 0.002167 0.001345 0.000868 0.000490 0.000322 0.000164 0.000087 0.000061 0.000029 0.000015 0.000009 0.000004 0.000002 0.000000 0.000000 0.000000 0.000000 0.000000 0.000000 0.000000 
t: 0.010909090909 start: 84 end: 146 0.000002 0.000000 0.000003 0.000010 0.000015 0.000040 0.000073 0.000116 0.000221 0.000382 0.000688 0.001195 0.001813 0.002971 0.004515 0.006543 0.009370 0.012846 0.017544 0.022986 0.029090 0.035665 0.042703 0.049442 0.055430 0.060685 0.064948 0.067094 0.067550 0.065432 0.062078 0.057938 0.051724 0.044998 0.038039 0.031382 0.025312 0.019561 0.015125 0.011002 0.007939 0.005324 0.003806 0.002413 0.001602 0.000965 0.000599 0.000359 0.000212 0.000113 0.000067 0.000032 0.000018 0.000011 0.000006 0.000003 0.000000 0.000000 0.000000 0.000000 0.000000 0.000000 0.000000 
t: 0.010714285714 start: 85 end: 150 0.000001 0.000003 0.000004 0.000007 0.000013 0.000036 0.000056 0.000124 0.000184 0.000376 0.000627 0.001108 0.001757 0.002726 0.004133 0.006136 0.008831 0.012226 0.016559 0.021861 0.027682 0.033976 0.041128 0.048063 0.053856 0.060104 0.063804 0.066412 0.067077 0.065648 0.063137 0.058321 0.053117 0.046399 0.039734 0.033093 0.026584 0.020874 0.016095 0.011854 0.008733 0.005974 0.004136 0.002854 0.001746 0.001175 0.000702 0.000402 0.000245 0.000138 0.000084 0.000038 0.000024 0.000010 0.000007 0.000004 0.000001 0.000000 0.000001 0.000000 0.000000 0.000000 0.000000 0.000000 0.000000 0.000000 
t: 0.010526315789 start: 85 end: 149 0.000001 0.000000 0.000002 0.000004 0.000006 0.000015 0.000028 0.000044 0.000111 0.000190 0.000351 0.000592 0.001054 0.001651 0.002565 0.003821 0.005817 0.008289 0.011494 0.015893 0.020812 0.026531 0.032693 0.039806 0.046319 0.052782 0.058560 0.063056 0.065890 0.066792 0.065889 0.063264 0.059442 0.054181 0.047870 0.041044 0.034287 0.027834 0.022137 0.017167 0.012756 0.009474 0.006508 0.004618 0.003070 0.002053 0.001270 0.000828 0.000481 0.000298 0.000162 0.000087 0.000055 0.000026 0.000019 0.000005 0.000004 0.000000 0.000002 0.000000 0.000000 0.000000 0.000000 0.000000 0.000000 
t: 0.010344827586 start: 87 end: 152 0.000001 0.000001 0.000005 0.000009 0.000010 0.000027 0.000052 0.000086 0.000178 0.000327 0.000562 0.000938 0.001535 0.002446 0.003631 0.005432 0.008028 0.011042 0.015078 0.019752 0.025401 0.031955 0.038117 0.044989 0.051492 0.057482 0.062183 0.065214 0.066275 0.066016 0.064014 0.059838 0.054981 0.049104 0.042477 0.035473 0.029264 0.023295 0.018142 0.013623 0.010082 0.007169 0.005005 0.003362 0.002202 0.001466 0.000938 0.000551 0.000344 0.000173 0.000095 0.000066 0.000042 0.000016 0.000010 0.000002 0.000001 0.000001 0.000000 0.000000 0.000000 0.000000 0.000000 0.000000 0.000000 0.000000 
t: 0.010169491525 start: 87 end: 151 0.000001 0.000000 0.000002 0.000003 0.000005 0.000014 0.000019 0.000039 0.000106 0.000181 0.000297 0.000537 0.000867 0.001477 0.002329 0.003379 0.005187 0.007619 0.010770 0.014216 0.018967 0.024737 0.030776 0.037038 0.043897 0.050507 0.056223 0.061057 0.064385 0.066267 0.065637 0.064436 0.060535 0.056119 0.049631 0.043706 0.036612 0.030371 0.024470 0.019153 0.014361 0.010744 0.007546 0.005482 0.003743 0.002407 0.001657 0.001005 0.000608 0.000389 0.000214 0.000125 0.000067 0.000037 0.000018 0.000018 0.000006 0.000000 0.000001 0.000000 0.000000 0.000000 0.000000 0.000000 0.000000 
t: 0.010000000000 start: 90 end: 154 0.000001 0.000004 0.000005 0.000009 0.000027 0.000041 0.000095 0.000174 0.000300 0.000490 0.000842 0.001447 0.002152 0.003400 0.004878 0.007281 0.010127 0.013759 0.018542 0.023990 0.029515 0.036387 0.043083 0.049460 0.055164 0.059941 0.063257 0.066080 0.066172 0.064099 0.061061 0.056629 0.050799 0.044435 0.038016 0.031299 0.025247 0.020005 0.015053 0.011486 0.008187 0.005774 0.004065 0.002701 0.001711 0.001158 0.000665 0.000414 0.000260 0.000146 0.000076 0.000044 0.000023 0.000012 0.000008 0.000003 0.000000 0.000001 0.000000 0.000000 0.000000 0.000000 0.000000 0.000000 0.000000 
t: 0.008448275866 start: 102 end: 168 0.000002 0.000006 0.000011 0.000025 0.000046 0.000088 0.000153 0.000300 0.000458 0.000759 0.001293 0.001960 0.002977 0.004338 0.006305 0.008787 0.012093 0.016149 0.020822 0.025937 0.031663 0.037790 0.043988 0.049875 0.055133 0.059440 0.062549 0.063574 0.063909 0.061324 0.058401 0.053967 0.048486 0.042789 0.036329 0.030435 0.024888 0.019488 0.015169 0.011381 0.008374 0.005971 0.004291 0.002940 0.002005 0.001354 0.000798 0.000467 0.000300 0.000183 0.000091 0.000067 0.000035 0.000014 0.000012 0.000006 0.000002 0.000002 0.000000 0.000001 0.000000 0.000000 0.000000 0.000000 0.000000 0.000000 0.000000 
t: 0.007313432839 start: 110 end: 177 0.000001 0.000000 0.000002 0.000006 0.000019 0.000032 0.000054 0.000117 0.000199 0.000336 0.000540 0.000949 0.001359 0.002129 0.003160 0.004539 0.006409 0.008994 0.012259 0.016037 0.020377 0.025280 0.030767 0.036421 0.042673 0.048257 0.053012 0.057016 0.060525 0.062149 0.062316 0.060572 0.058180 0.054041 0.049096 0.043662 0.037854 0.031852 0.026309 0.021091 0.016718 0.012844 0.009495 0.007183 0.005001 0.003535 0.002374 0.001590 0.001009 0.000642 0.000401 0.000276 0.000154 0.000077 0.000045 0.000024 0.000020 0.000014 0.000002 0.000004 0.000001 0.000000 0.000000 0.000000 0.000000 0.000000 0.000000 0.000000 
t: 0.006447368423 start: 120 end: 187 0.000003 0.000004 0.000015 0.000023 0.000053 0.000089 0.000130 0.000267 0.000431 0.000667 0.000971 0.001664 0.002367 0.003521 0.005189 0.007013 0.009514 0.012780 0.016714 0.021021 0.025894 0.031380 0.037435 0.042706 0.047861 0.052365 0.056921 0.059645 0.060756 0.060805 0.059997 0.056936 0.053200 0.048528 0.042943 0.037278 0.031649 0.026546 0.021548 0.016852 0.012863 0.009968 0.007416 0.005193 0.003638 0.002508 0.001713 0.001147 0.000722 0.000468 0.000262 0.000160 0.000121 0.000068 0.000037 0.000013 0.000011 0.000005 0.000004 0.000000 0.000000 0.000000 0.000000 0.000002 0.000000 0.000000 0.000000 0.000000 
t: 0.005764705884 start: 126 end: 196 0.000003 0.000002 0.000003 0.000006 0.000016 0.000038 0.000058 0.000115 0.000175 0.000314 0.000465 0.000737 0.001158 0.001769 0.002812 0.003876 0.005569 0.007540 0.010118 0.013439 0.017155 0.021808 0.026783 0.031996 0.037436 0.043790 0.048017 0.052981 0.056467 0.059057 0.060041 0.060364 0.058649 0.056202 0.052043 0.047590 0.042415 0.036843 0.031472 0.026025 0.021116 0.016917 0.013057 0.009878 0.007366 0.005193 0.003671 0.002595 0.001774 0.001158 0.000780 0.000477 0.000276 0.000156 0.000114 0.000050 0.000030 0.000020 0.000009 0.000010 0.000004 0.000000 0.000001 0.000000 0.000001 0.000000 0.000000 0.000000 0.000000 0.000000 0.000000 
t: 0.005212765959 start: 128 end: 199 0.000001 0.000000 0.000000 0.000000 0.000001 0.000003 0.000002 0.000006 0.000011 0.000029 0.000042 0.000075 0.000111 0.000192 0.000319 0.000493 0.000835 0.001247 0.001973 0.002720 0.004001 0.005558 0.007750 0.010168 0.013445 0.017568 0.021773 0.026536 0.032060 0.037131 0.043150 0.047802 0.052658 0.055912 0.058347 0.060172 0.059731 0.058139 0.055518 0.052195 0.047868 0.042792 0.036968 0.031398 0.026224 0.021776 0.017084 0.013406 0.010006 0.007645 0.005462 0.003854 0.002779 0.001810 0.001245 0.000759 0.000481 0.000342 0.000179 0.000117 0.000057 0.000036 0.000015 0.000015 0.000004 0.000003 0.000000 0.000000 0.000001 0.000000 0.000000 0.000000 
t: 0.004757281555 start: 133 end: 206 0.000001 0.000000 0.000000 0.000000 0.000001 0.000001 0.000001 0.000001 0.000004 0.000013 0.000017 0.000036 0.000057 0.000104 0.000204 0.000277 0.000482 0.000714 0.001148 0.001756 0.002474 0.003724 0.005197 0.007251 0.009725 0.012635 0.016126 0.020411 0.025279 0.030664 0.036082 0.040804 0.046306 0.050760 0.054773 0.057619 0.059426 0.059792 0.059203 0.056459 0.053139 0.049006 0.043823 0.038541 0.033231 0.027790 0.022813 0.018408 0.014502 0.011255 0.008309 0.006153 0.004457 0.003079 0.002165 0.001413 0.000939 0.000559 0.000353 0.000242 0.000119 0.000074 0.000053 0.000022 0.000015 0.000007 0.000003 0.000002 0.000001 0.000000 0.000000 0.000000 0.000000 0.000000 
t: 0.004375000001 start: 140 end: 213 0.000001 0.000001 0.000000 0.000000 0.000003 0.000002 0.000004 0.000008 0.000022 0.000023 0.000046 0.000082 0.000114 0.000203 0.000399 0.000564 0.000889 0.001397 0.002045 0.002966 0.004131 0.005723 0.007906 0.010755 0.013923 0.017689 0.021972 0.026964 0.032163 0.037167 0.043447 0.047853 0.052177 0.056063 0.057860 0.059414 0.059599 0.058196 0.055529 0.051859 0.047297 0.042035 0.036774 0.031619 0.025971 0.021444 0.017017 0.013242 0.010259 0.007660 0.005615 0.003998 0.002732 0.001802 0.001272 0.000807 0.000541 0.000322 0.000175 0.000108 0.000068 0.000036 0.000022 0.000015 0.000007 0.000001 0.000001 0.000001 0.000000 0.000000 0.000000 0.000000 0.000000 0.000000 
t: 0.004049586778 start: 147 end: 218 0.000002 0.000000 0.000001 0.000000 0.000005 0.000011 0.000016 0.000023 0.000041 0.000069 0.000114 0.000208 0.000323 0.000570 0.000900 0.001328 0.001951 0.002773 0.003990 0.005661 0.007670 0.010320 0.013745 0.017079 0.021250 0.026430 0.031036 0.037011 0.041878 0.047196 0.051577 0.055718 0.057768 0.059545 0.059434 0.058350 0.055757 0.052320 0.048187 0.043135 0.037681 0.032030 0.026792 0.021912 0.017386 0.013897 0.010681 0.007856 0.005861 0.004154 0.002870 0.001968 0.001314 0.000898 0.000513 0.000317 0.000208 0.000127 0.000066 0.000035 0.000021 0.000011 0.000004 0.000002 0.000003 0.000000 0.000001 0.000000 0.000000 0.000000 0.000000 0.000000 
t: 0.003769230770 start: 154 end: 225 0.000004 0.000007 0.000005 0.000007 0.000015 0.000022 0.000056 0.000081 0.000130 0.000228 0.000436 0.000653 0.000997 0.001508 0.002160 0.003095 0.004483 0.006291 0.008550 0.011190 0.014637 0.018786 0.022906 0.027866 0.033095 0.038490 0.043744 0.048627 0.052987 0.056446 0.058879 0.059611 0.059371 0.057309 0.055016 0.051093 0.046664 0.041130 0.036073 0.030356 0.025013 0.020454 0.016138 0.012515 0.009765 0.006965 0.005306 0.003692 0.002538 0.001703 0.001109 0.000700 0.000440 0.000274 0.000163 0.000100 0.000046 0.000033 0.000024 0.000008 0.000005 0.000001 0.000003 0.000001 0.000000 0.000000 0.000000 0.000000 0.000000 0.000000 0.000000 0.000000 
t: 0.003525179857 start: 156 end: 228 0.000001 0.000002 0.000001 0.000002 0.000006 0.000006 0.000007 0.000026 0.000045 0.000058 0.000145 0.000207 0.000354 0.000519 0.000854 0.001299 0.001972 0.002875 0.004163 0.005672 0.007794 0.010346 0.013759 0.017378 0.021610 0.026371 0.031580 0.037241 0.042451 0.047540 0.051739 0.055575 0.058621 0.059529 0.059722 0.058229 0.056067 0.052221 0.047948 0.043063 0.037288 0.031755 0.026461 0.021523 0.017266 0.013268 0.010445 0.007651 0.005598 0.003931 0.002759 0.001789 0.001248 0.000792 0.000519 0.000285 0.000183 0.000114 0.000057 0.000031 0.000017 0.000009 0.000006 0.000005 0.000000 0.000002 0.000000 0.000000 0.000000 0.000000 0.000000 0.000000 0.000000 
t: 0.003310810811 start: 160 end: 234 0.000001 0.000002 0.000001 0.000001 0.000004 0.000005 0.000012 0.000032 0.000045 0.000076 0.000139 0.000214 0.000326 0.000575 0.000879 0.001327 0.002036 0.002953 0.004140 0.005781 0.007930 0.010570 0.013721 0.017603 0.021773 0.026537 0.032269 0.037615 0.042924 0.048186 0.052913 0.056186 0.058337 0.060099 0.059757 0.058132 0.056255 0.051951 0.047621 0.042124 0.037049 0.031270 0.025968 0.021124 0.016793 0.013113 0.009799 0.007334 0.005307 0.003717 0.002676 0.001790 0.001128 0.000765 0.000472 0.000260 0.000165 0.000100 0.000064 0.000027 0.000011 0.000007 0.000004 0.000001 0.000002 0.000001 0.000001 0.000000 0.000000 0.000000 0.000000 0.000000 0.000000 0.000000 0.000000 
t: 0.003121019109 start: 165 end: 234 0.000002 0.000000 0.000003 0.000003 0.000007 0.000010 0.000042 0.000047 0.000100 0.000155 0.000255 0.000409 0.000670 0.001049 0.001572 0.002282 0.003272 0.004579 0.006568 0.008715 0.011671 0.015111 0.019174 0.023502 0.028714 0.034253 0.039581 0.045102 0.050277 0.054483 0.057386 0.059437 0.060523 0.059694 0.057843 0.054420 0.050714 0.045466 0.040426 0.034618 0.029137 0.023903 0.019184 0.015207 0.011626 0.008690 0.006422 0.004548 0.003117 0.002183 0.001481 0.000939 0.000581 0.000348 0.000226 0.000125 0.000069 0.000036 0.000026 0.000008 0.000005 0.000002 0.000002 0.000000 0.000000 0.000000 0.000000 0.000000 0.000000 0.000000 
t: 0.002951807229 start: 169 end: 237 0.000001 0.000002 0.000002 0.000004 0.000009 0.000029 0.000052 0.000069 0.000147 0.000198 0.000348 0.000539 0.000915 0.001351 0.002008 0.002851 0.004098 0.005633 0.007903 0.010616 0.013658 0.017640 0.021926 0.026928 0.032311 0.038005 0.043051 0.048780 0.053464 0.056431 0.059362 0.060471 0.060828 0.058771 0.056053 0.052442 0.047268 0.042130 0.036388 0.030991 0.025352 0.020561 0.016311 0.012718 0.009440 0.007042 0.004917 0.003382 0.002359 0.001603 0.001028 0.000630 0.000420 0.000248 0.000151 0.000070 0.000050 0.000024 0.000015 0.000005 0.000001 0.000000 0.000000 0.000000 0.000000 0.000000 0.000000 0.000000 0.000000 
t: 0.002800000000 start: 173 end: 240 0.000002 0.000003 0.000007 0.000012 0.000021 0.000039 0.000075 0.000124 0.000201 0.000319 0.000533 0.000873 0.001265 0.001861 0.002743 0.003908 0.005466 0.007531 0.010166 0.013328 0.016979 0.021648 0.026371 0.031758 0.037128 0.042829 0.048085 0.053149 0.056671 0.059730 0.060896 0.060785 0.059601 0.056400 0.052733 0.048203 0.042614 0.036918 0.031381 0.025664 0.021020 0.016531 0.012712 0.009711 0.006967 0.005031 0.003526 0.002348 0.001513 0.001040 0.000649 0.000403 0.000234 0.000140 0.000074 0.000040 0.000022 0.000012 0.000006 0.000001 0.000000 0.000000 0.000000 0.000000 0.000000 0.000000 0.000000 0.000000 
t: 0.002663043479 start: 176 end: 242 0.000002 0.000004 0.000006 0.000018 0.000016 0.000043 0.000066 0.000118 0.000194 0.000332 0.000549 0.000845 0.001343 0.001900 0.002762 0.004075 0.005695 0.007854 0.010325 0.013492 0.017482 0.022124 0.027124 0.032359 0.038001 0.043856 0.049001 0.053355 0.057404 0.060188 0.061236 0.060825 0.059597 0.056723 0.052486 0.047634 0.041897 0.035881 0.030552 0.025149 0.020114 0.015859 0.012006 0.009272 0.006590 0.004676 0.003124 0.002102 0.001457 0.000908 0.000563 0.000367 0.000212 0.000120 0.000059 0.000037 0.000011 0.000008 0.000002 0.000000 0.000000 0.000000 0.000000 0.000000 0.000000 0.000000 0.000000 
t: 0.002538860104 start: 178 end: 245 0.000001 0.000003 0.000006 0.000003 0.000012 0.000021 0.000051 0.000080 0.000124 0.000231 0.000410 0.000600 0.000903 0.001387 0.002165 0.003124 0.004501 0.006160 0.008409 0.011366 0.014600 0.018614 0.023568 0.028787 0.034243 0.039995 0.045569 0.050925 0.055142 0.058797 0.060806 0.061645 0.060756 0.059196 0.055791 0.050974 0.045901 0.040054 0.034163 0.028654 0.023327 0.018537 0.014463 0.010867 0.007956 0.005615 0.004050 0.002689 0.001750 0.001206 0.000758 0.000430 0.000281 0.000156 0.000077 0.000050 0.000023 0.000017 0.000009 0.000002 0.000000 0.000000 0.000000 0.000000 0.000000 0.000000 0.000000 0.000000 
t: 0.002425742574 start: 180 end: 247 0.000001 0.000000 0.000003 0.000004 0.000008 0.000014 0.000032 0.000067 0.000106 0.000182 0.000278 0.000486 0.000717 0.001070 0.001707 0.002536 0.003691 0.005167 0.007184 0.009711 0.012690 0.016374 0.020997 0.025890 0.031255 0.037407 0.042968 0.048095 0.053121 0.057755 0.060568 0.061894 0.061873 0.060664 0.057570 0.053594 0.048523 0.043179 0.037143 0.031628 0.025612 0.020742 0.015931 0.012416 0.009233 0.006631 0.004577 0.003105 0.002069 0.001390 0.000851 0.000563 0.000313 0.000205 0.000099 0.000040 0.000034 0.000015 0.000013 0.000006 0.000003 0.000000 0.000000 0.000000 0.000000 0.000000 0.000000 0.000000 
t: 0.002322274882 start: 182 end: 249 0.000001 0.000000 0.000002 0.000005 0.000005 0.000010 0.000023 0.000056 0.000085 0.000142 0.000216 0.000373 0.000614 0.000916 0.001450 0.002122 0.003066 0.004640 0.006419 0.008536 0.011400 0.015131 0.019224 0.024159 0.029351 0.035382 0.040891 0.046944 0.051553 0.056303 0.060399 0.061935 0.062350 0.061291 0.059159 0.055341 0.050762 0.045387 0.039021 0.033215 0.027531 0.022084 0.017442 0.013274 0.009901 0.007175 0.004988 0.003560 0.002332 0.001457 0.000950 0.000623 0.000357 0.000208 0.000121 0.000046 0.000035 0.000025 0.000006 0.000003 0.000003 0.000000 0.000000 0.000000 0.000000 0.000000 0.000000 0.000000 
t: 0.002227272727 start: 184 end: 253 0.000001 0.000001 0.000001 0.000001 0.000004 0.000010 0.000020 0.000039 0.000067 0.000117 0.000183 0.000352 0.000539 0.000852 0.001253 0.001926 0.002793 0.004202 0.005771 0.008045 0.010623 0.014296 0.018298 0.023092 0.028462 0.034135 0.039956 0.045400 0.051266 0.055668 0.059543 0.061881 0.063152 0.062365 0.060281 0.056300 0.051633 0.046312 0.040463 0.034337 0.028566 0.022990 0.018065 0.013892 0.010160 0.007290 0.005404 0.003650 0.002399 0.001599 0.000934 0.000566 0.000386 0.000222 0.000105 0.000069 0.000031 0.000019 0.000006 0.000003 0.000002 0.000002 0.000000 0.000000 0.000000 0.000000 0.000000 0.000000 0.000000 0.000000 
t: 0.002139737991 start: 186 end: 254 0.000001 0.000000 0.000002 0.000003 0.000008 0.000005 0.000017 0.000045 0.000065 0.000105 0.000171 0.000316 0.000516 0.000761 0.001209 0.001811 0.002751 0.003846 0.005616 0.007597 0.010361 0.014050 0.017992 0.022696 0.027915 0.033670 0.039466 0.045228 0.051267 0.056225 0.059367 0.062512 0.063419 0.062551 0.060639 0.056833 0.052220 0.046659 0.041064 0.034664 0.028683 0.023059 0.018219 0.013883 0.010187 0.007427 0.005192 0.003557 0.002398 0.001427 0.000967 0.000588 0.000333 0.000198 0.000117 0.000071 0.000027 0.000012 0.000006 0.000003 0.000002 0.000001 0.000000 0.000000 0.000000 0.000000 0.000000 0.000000 0.000000 
t: 0.002058823530 start: 188 end: 255 0.000001 0.000001 0.000000 0.000002 0.000004 0.000011 0.000021 0.000042 0.000063 0.000097 0.000180 0.000287 0.000507 0.000758 0.001191 0.001790 0.002738 0.004032 0.005494 0.007567 0.010468 0.014077 0.018211 0.022854 0.027962 0.034136 0.039889 0.046160 0.051391 0.056517 0.060213 0.062535 0.063937 0.063212 0.060735 0.057125 0.051920 0.046303 0.040668 0.034242 0.028292 0.022620 0.017731 0.013404 0.009720 0.007072 0.004861 0.003337 0.002143 0.001410 0.000886 0.000474 0.000315 0.000185 0.000107 0.000049 0.000040 0.000007 0.000002 0.000002 0.000002 0.000000 0.000000 0.000000 0.000000 0.000000 0.000000 0.000000 
t: 0.001983805668 start: 190 end: 256 0.000001 0.000001 0.000000 0.000002 0.000004 0.000007 0.000019 0.000034 0.000064 0.000112 0.000203 0.000299 0.000501 0.000797 0.001241 0.001897 0.002861 0.004072 0.005664 0.007969 0.010839 0.014620 0.018535 0.023736 0.029051 0.035091 0.040865 0.046955 0.052791 0.057554 0.060508 0.063601 0.064371 0.063149 0.060726 0.056599 0.051339 0.045911 0.039252 0.033463 0.026999 0.021572 0.016465 0.012562 0.009146 0.006253 0.004333 0.003063 0.001872 0.001263 0.000801 0.000438 0.000227 0.000140 0.000086 0.000039 0.000023 0.000008 0.000004 0.000002 0.000000 0.000000 0.000000 0.000000 0.000000 0.000000 0.000000 
t: 0.001914062500 start: 194 end: 259 0.000004 0.000003 0.000005 0.000010 0.000019 0.000037 0.000076 0.000120 0.000195 0.000366 0.000531 0.000829 0.001327 0.002068 0.003011 0.004303 0.006240 0.008477 0.011799 0.015469 0.019583 0.024958 0.030545 0.036549 0.043080 0.048690 0.054094 0.058742 0.062444 0.064051 0.064564 0.063178 0.059849 0.055519 0.050356 0.043903 0.037898 0.031653 0.025271 0.019707 0.015208 0.011225 0.008011 0.005564 0.003903 0.002484 0.001689 0.001025 0.000601 0.000350 0.000208 0.000087 0.000063 0.000034 0.000014 0.000005 0.000004 0.000002 0.000000 0.000000 0.000000 0.000000 0.000000 0.000000 0.000000 0.000000 
t: 0.001849056604 start: 194 end: 260 0.000001 0.000001 0.000001 0.000006 0.000005 0.000015 0.000022 0.000040 0.000072 0.000129 0.000247 0.000382 0.000596 0.000994 0.001536 0.002286 0.003417 0.004853 0.006700 0.009541 0.012874 0.016667 0.021374 0.026936 0.032477 0.039087 0.045601 0.050486 0.056425 0.060433 0.063157 0.065115 0.064715 0.062564 0.059089 0.053700 0.048451 0.041810 0.035135 0.029016 0.023095 0.017925 0.013325 0.009734 0.006852 0.004706 0.003227 0.002037 0.001336 0.000819 0.000457 0.000242 0.000130 0.000084 0.000041 0.000018 0.000006 0.000007 0.000003 0.000000 0.000000 0.000000 0.000000 0.000000 0.000000 0.000000 0.000000 
t: 0.001788321168 start: 194 end: 261 0.000001 0.000000 0.000001 0.000001 0.000002 0.000010 0.000004 0.000013 0.000028 0.000049 0.000089 0.000159 0.000258 0.000446 0.000722 0.001207 0.001748 0.002706 0.003889 0.005560 0.007855 0.010603 0.014436 0.018547 0.023629 0.029224 0.035399 0.041769 0.048255 0.053560 0.058566 0.062477 0.064988 0.065497 0.064096 0.061432 0.057199 0.051806 0.045140 0.038571 0.032447 0.026213 0.020598 0.015499 0.011361 0.008083 0.005652 0.003804 0.002489 0.001647 0.001036 0.000575 0.000269 0.000181 0.000106 0.000051 0.000033 0.000006 0.000006 0.000001 0.000000 0.000001 0.000000 0.000000 0.000000 0.000000 0.000000 0.000000 
t: 0.001731448763 start: 196 end: 262 0.000001 0.000000 0.000001 0.000003 0.000002 0.000007 0.000008 0.000020 0.000034 0.000067 0.000128 0.000196 0.000315 0.000537 0.000910 0.001425 0.002149 0.003180 0.004584 0.006625 0.009087 0.012404 0.016218 0.021126 0.026423 0.032234 0.039079 0.045217 0.051303 0.056644 0.061434 0.064341 0.065227 0.065683 0.063501 0.059577 0.054802 0.048118 0.042091 0.035080 0.028892 0.022785 0.017638 0.012942 0.009420 0.006615 0.004385 0.002991 0.001854 0.001168 0.000717 0.000368 0.000230 0.000105 0.000049 0.000039 0.000013 0.000006 0.000000 0.000001 0.000001 0.000000 0.000000 0.000000 0.000000 0.000000 0.000000 
t: 0.001678082192 start: 198 end: 264 0.000001 0.000000 0.000002 0.000001 0.000002 0.000010 0.000011 0.000029 0.000051 0.000090 0.000163 0.000253 0.000415 0.000744 0.001106 0.001767 0.002605 0.003926 0.005687 0.007910 0.010619 0.014385 0.018950 0.024066 0.029892 0.036748 0.042544 0.049263 0.054622 0.060305 0.063540 0.065636 0.066175 0.064791 0.061494 0.056944 0.051264 0.044898 0.037694 0.031148 0.025028 0.019472 0.014238 0.010585 0.007283 0.005069 0.003308 0.002181 0.001339 0.000815 0.000424 0.000240 0.000144 0.000061 0.000029 0.000027 0.000003 0.000001 0.000001 0.000000 0.000000 0.000001 0.000000 0.000000 0.000000 0.000000 0.000000 
t: 0.001627906977 start: 200 end: 265 0.000001 0.000001 0.000000 0.000001 0.000008 0.000011 0.000020 0.000028 0.000074 0.000124 0.000197 0.000360 0.000574 0.000956 0.001438 0.002225 0.003383 0.004872 0.007043 0.009432 0.012852 0.017076 0.022331 0.027770 0.034220 0.040677 0.047266 0.053582 0.058483 0.062916 0.065731 0.066782 0.065996 0.063311 0.058543 0.053360 0.047156 0.040021 0.033221 0.026777 0.020835 0.015826 0.011269 0.008040 0.005600 0.003802 0.002365 0.001530 0.000865 0.000479 0.000282 0.000140 0.000077 0.000040 0.000022 0.000006 0.000001 0.000001 0.000000 0.000001 0.000000 0.000000 0.000000 0.000000 0.000000 0.000000 
t: 0.001580645161 start: 202 end: 266 0.000001 0.000001 0.000002 0.000001 0.000009 0.000017 0.000031 0.000053 0.000095 0.000175 0.000267 0.000510 0.000827 0.001246 0.001916 0.002892 0.004337 0.006169 0.008694 0.011701 0.015827 0.020673 0.026221 0.032445 0.038844 0.045755 0.051743 0.057309 0.062711 0.065759 0.067029 0.066571 0.064524 0.060482 0.055170 0.048704 0.042214 0.034893 0.028187 0.022117 0.016636 0.012243 0.008645 0.006067 0.003995 0.002596 0.001622 0.000957 0.000538 0.000272 0.000148 0.000085 0.000048 0.000014 0.000007 0.000003 0.000000 0.000002 0.000000 0.000000 0.000000 0.000000 0.000000 0.000000 0.000000 
t: 0.001536050157 start: 203 end: 267 0.000001 0.000001 0.000001 0.000004 0.000007 0.000009 0.000030 0.000047 0.000081 0.000129 0.000256 0.000400 0.000667 0.001075 0.001789 0.002589 0.003825 0.005513 0.008058 0.010959 0.014767 0.019319 0.024609 0.031143 0.037668 0.044295 0.050771 0.056920 0.061858 0.065342 0.067925 0.066962 0.065675 0.061584 0.056542 0.050188 0.043578 0.036271 0.029438 0.023111 0.017316 0.012943 0.009228 0.006223 0.004268 0.002727 0.001707 0.001025 0.000538 0.000288 0.000176 0.000091 0.000031 0.000017 0.000010 0.000003 0.000002 0.000000 0.000000 0.000000 0.000000 0.000000 0.000000 0.000000 0.000000 
t: 0.001493902439 start: 205 end: 268 0.000002 0.000002 0.000002 0.000010 0.000009 0.000017 0.000041 0.000083 0.000122 0.000208 0.000340 0.000604 0.000990 0.001543 0.002353 0.003605 0.005240 0.007241 0.010369 0.013927 0.018441 0.024030 0.029647 0.036429 0.043229 0.050181 0.055937 0.061420 0.065555 0.067804 0.068114 0.066208 0.062614 0.057797 0.051679 0.044384 0.037368 0.030320 0.023811 0.017953 0.013358 0.009416 0.006537 0.004406 0.002752 0.001678 0.001085 0.000537 0.000297 0.000154 0.000086 0.000033 0.000018 0.000007 0.000006 0.000001 0.000000 0.000000 0.000000 0.000000 0.000000 0.000000 0.000000 0.000000 
t: 0.001454005935 start: 207 end: 268 0.000003 0.000007 0.000003 0.000008 0.000013 0.000038 0.000061 0.000106 0.000185 0.000322 0.000510 0.000877 0.001419 0.002200 0.003369 0.004912 0.007072 0.009604 0.013363 0.017942 0.023005 0.029233 0.035639 0.042684 0.049329 0.055690 0.061309 0.065418 0.068366 0.068374 0.067011 0.063428 0.058749 0.052436 0.045345 0.037861 0.030780 0.024312 0.018383 0.013522 0.009522 0.006549 0.004426 0.002729 0.001731 0.001000 0.000538 0.000297 0.000175 0.000073 0.000042 0.000016 0.000008 0.000006 0.000000 0.000000 0.000000 0.000000 0.000000 0.000000 0.000000 0.000000 
t: 0.001416184971 start: 208 end: 269 0.000002 0.000006 0.000002 0.000005 0.000017 0.000031 0.000046 0.000089 0.000195 0.000292 0.000489 0.000804 0.001366 0.002049 0.003154 0.004754 0.006637 0.009341 0.013038 0.017344 0.022419 0.028569 0.035673 0.042529 0.048947 0.055593 0.061474 0.065619 0.068556 0.069011 0.067530 0.064033 0.059290 0.052933 0.045730 0.038157 0.030848 0.024501 0.018699 0.013410 0.009597 0.006468 0.004253 0.002740 0.001707 0.000955 0.000509 0.000304 0.000146 0.000074 0.000036 0.000018 0.000009 0.000002 0.000000 0.000000 0.000000 0.000000 0.000000 0.000000 0.000000 0.000000 
t: 0.001380281690 start: 209 end: 271 0.000003 0.000003 0.000003 0.000004 0.000018 0.000025 0.000040 0.000102 0.000150 0.000253 0.000491 0.000777 0.001296 0.001964 0.003081 0.004476 0.006475 0.009392 0.012727 0.017063 0.022294 0.028589 0.035629 0.042045 0.048890 0.056166 0.061681 0.066156 0.068963 0.069456 0.067943 0.064624 0.059394 0.052885 0.045755 0.038143 0.031017 0.024351 0.018276 0.013391 0.009363 0.006320 0.004163 0.002630 0.001598 0.000920 0.000460 0.000304 0.000136 0.000062 0.000026 0.000018 0.000006 0.000002 0.000000 0.000001 0.000000 0.000000 0.000000 0.000000 0.000000 0.000000 0.000000 
t: 0.001346153846 start: 209 end: 271 0.000001 0.000003 0.000000 0.000002 0.000004 0.000020 0.000016 0.000050 0.000069 0.000171 0.000271 0.000471 0.000761 0.001245 0.001954 0.002990 0.004473 0.006367 0.009279 0.012672 0.017155 0.022423 0.028680 0.035128 0.042623 0.049525 0.056747 0.061921 0.066436 0.069391 0.070130 0.068746 0.064310 0.059527 0.053175 0.045343 0.037883 0.030690 0.023825 0.017914 0.012891 0.008960 0.006110 0.003925 0.002504 0.001495 0.000781 0.000465 0.000256 0.000108 0.000072 0.000027 0.000007 0.000006 0.000001 0.000001 0.000000 0.000000 0.000000 0.000000 0.000000 0.000000 0.000000 
t: 0.001313672922 start: 211 end: 273 0.000001 0.000002 0.000001 0.000006 0.000014 0.000025 0.000044 0.000083 0.000146 0.000288 0.000448 0.000727 0.001248 0.001982 0.003005 0.004419 0.006461 0.009326 0.012951 0.017275 0.022740 0.028975 0.035634 0.042854 0.050442 0.056842 0.062880 0.067425 0.069805 0.070475 0.068320 0.065090 0.059518 0.052364 0.044939 0.037577 0.030062 0.023017 0.017256 0.012264 0.008554 0.005739 0.003657 0.002242 0.001314 0.000743 0.000405 0.000214 0.000116 0.000057 0.000012 0.000013 0.000001 0.000001 0.000001 0.000000 0.000000 0.000000 0.000000 0.000000 0.000000 0.000000 0.000000 
t: 0.001282722513 start: 212 end: 273 0.000001 0.000002 0.000003 0.000004 0.000017 0.000016 0.000054 0.000079 0.000148 0.000265 0.000458 0.000784 0.001298 0.001955 0.003071 0.004517 0.006697 0.009465 0.012959 0.017701 0.023232 0.029444 0.036571 0.043852 0.050886 0.058026 0.063877 0.067964 0.070308 0.070724 0.068994 0.064942 0.058743 0.051625 0.044492 0.036530 0.028927 0.022297 0.016255 0.011694 0.007966 0.005338 0.003275 0.002007 0.001181 0.000687 0.000337 0.000189 0.000074 0.000039 0.000021 0.000005 0.000002 0.000002 0.000000 0.000000 0.000000 0.000000 0.000000 0.000000 0.000000 0.000000 
t: 0.001253196931 start: 212 end: 273 0.000001 0.000000 0.000001 0.000004 0.000008 0.000011 0.000032 0.000044 0.000077 0.000157 0.000290 0.000461 0.000818 0.001240 0.002076 0.003167 0.004626 0.006864 0.009768 0.013492 0.018273 0.023822 0.030090 0.037871 0.044713 0.052275 0.059117 0.065151 0.068901 0.070955 0.071089 0.068855 0.064168 0.057976 0.051095 0.043133 0.035421 0.027542 0.021118 0.015375 0.010891 0.007378 0.004743 0.002961 0.001814 0.001000 0.000569 0.000307 0.000145 0.000056 0.000036 0.000015 0.000004 0.000003 0.000001 0.000000 0.000000 0.000000 0.000000 0.000000 0.000000 0.000000 
t: 0.001225000000 start: 214 end: 275 0.000001 0.000002 0.000003 0.000004 0.000016 0.000026 0.000053 0.000093 0.000166 0.000285 0.000468 0.000858 0.001357 0.002167 0.003226 0.004877 0.007227 0.010183 0.014159 0.018977 0.024613 0.031592 0.038666 0.046528 0.053549 0.060502 0.066153 0.069893 0.071108 0.071526 0.068433 0.063824 0.057218 0.049774 0.041605 0.033559 0.026395 0.019970 0.014288 0.009832 0.006650 0.004202 0.002647 0.001523 0.000844 0.000506 0.000231 0.000120 0.000064 0.000025 0.000004 0.000005 0.000002 0.000001 0.000000 0.000000 0.000000 0.000000 0.000000 0.000000 0.000000 0.000000 
t: 0.001198044010 start: 215 end: 275 0.000001 0.000003 0.000001 0.000007 0.000018 0.000024 0.000049 0.000098 0.000173 0.000319 0.000535 0.000836 0.001480 0.002316 0.003449 0.005177 0.007582 0.010630 0.015003 0.019642 0.026055 0.032917 0.040436 0.047657 0.055737 0.062211 0.067096 0.070853 0.071898 0.071398 0.067953 0.062935 0.055997 0.048148 0.039906 0.031762 0.024859 0.018312 0.012990 0.008977 0.005929 0.003686 0.002180 0.001290 0.000744 0.000380 0.000181 0.000100 0.000044 0.000017 0.000005 0.000002 0.000002 0.000000 0.000000 0.000000 0.000000 0.000000 0.000000 0.000000 0.000000 
t: 0.001172248804 start: 216 end: 276 0.000001 0.000002 0.000002 0.000006 0.000019 0.000035 0.000051 0.000098 0.000203 0.000327 0.000551 0.000944 0.001607 0.002526 0.003721 0.005496 0.008195 0.011369 0.015483 0.021186 0.027518 0.034449 0.042242 0.049946 0.057592 0.063642 0.068694 0.071609 0.072474 0.070921 0.067360 0.061603 0.054496 0.046120 0.037809 0.030106 0.022651 0.016861 0.011851 0.007997 0.005131 0.003038 0.001858 0.001057 0.000587 0.000289 0.000144 0.000078 0.000038 0.000011 0.000003 0.000002 0.000001 0.000000 0.000000 0.000000 0.000000 0.000000 0.000000 0.000000 0.000000 
t: 0.001147540984 start: 218 end: 276 0.000003 0.000004 0.000004 0.000024 0.000039 0.000056 0.000121 0.000211 0.000352 0.000618 0.001035 0.001769 0.002672 0.004009 0.006098 0.008769 0.012326 0.016790 0.022434 0.029037 0.036375 0.044129 0.052564 0.059332 0.065667 0.070181 0.072184 0.072810 0.070866 0.066100 0.060328 0.052060 0.043909 0.035689 0.027904 0.020838 0.015039 0.010454 0.007045 0.004256 0.002602 0.001517 0.000892 0.000452 0.000212 0.000136 0.000049 0.000023 0.000011 0.000003 0.000002 0.000000 0.000000 0.000000 0.000000 0.000000 0.000000 0.000000 0.000000 
t: 0.001123853211 start: 219 end: 277 0.000004 0.000001 0.000011 0.000020 0.000040 0.000071 0.000134 0.000249 0.000388 0.000714 0.001161 0.001882 0.002899 0.004506 0.006745 0.009425 0.013278 0.018231 0.024164 0.030964 0.038408 0.046842 0.054482 0.061717 0.067680 0.071206 0.073338 0.072731 0.070121 0.064981 0.058156 0.049625 0.041628 0.033228 0.025384 0.018990 0.013310 0.009135 0.005899 0.003487 0.002165 0.001273 0.000661 0.000347 0.000171 0.000080 0.000044 0.000015 0.000006 0.000002 0.000001 0.000000 0.000000 0.000000 0.000000 0.000000 0.000000 0.000000 0.000000 
t: 0.001101123596 start: 221 end: 277 0.000007 0.000013 0.000026 0.000049 0.000074 0.000132 0.000247 0.000473 0.000804 0.001316 0.002109 0.003241 0.004950 0.007294 0.010526 0.014623 0.019845 0.025967 0.033204 0.041293 0.048928 0.056932 0.064188 0.069200 0.072828 0.073931 0.072762 0.068890 0.063056 0.055673 0.047242 0.039025 0.030352 0.023091 0.016644 0.011785 0.007885 0.004743 0.002930 0.001752 0.000961 0.000504 0.000273 0.000132 0.000050 0.000030 0.000012 0.000006 0.000002 0.000000 0.000000 0.000000 0.000000 0.000000 0.000000 0.000000 0.000000 
t: 0.001079295154 start: 221 end: 277 0.000002 0.000007 0.000014 0.000028 0.000062 0.000089 0.000149 0.000293 0.000549 0.000904 0.001443 0.002380 0.003678 0.005568 0.008079 0.011783 0.016034 0.021490 0.028268 0.035911 0.044056 0.051763 0.059659 0.066161 0.071390 0.073715 0.074215 0.072208 0.067503 0.060961 0.052912 0.044432 0.035783 0.027726 0.020403 0.014735 0.010143 0.006415 0.003923 0.002373 0.001303 0.000753 0.000382 0.000197 0.000082 0.000039 0.000025 0.000008 0.000004 0.000000 0.000000 0.000000 0.000000 0.000000 0.000000 0.000000 0.000000 
t: 0.001058315335 start: 222 end: 277 0.000003 0.000006 0.000012 0.000035 0.000062 0.000103 0.000194 0.000342 0.000622 0.001082 0.001652 0.002718 0.004229 0.006300 0.009138 0.012796 0.017666 0.023850 0.030915 0.038810 0.046540 0.054790 0.062608 0.068600 0.072841 0.074544 0.074610 0.070861 0.065799 0.058452 0.049689 0.041168 0.032922 0.024523 0.018079 0.012698 0.008364 0.005279 0.003182 0.001863 0.001009 0.000560 0.000250 0.000119 0.000063 0.000033 0.000014 0.000005 0.000000 0.000000 0.000000 0.000000 0.000000 0.000000 0.000000 0.000000 
t: 0.001038135593 start: 222 end: 279 0.000001 0.000003 0.000010 0.000014 0.000044 0.000064 0.000124 0.000236 0.000424 0.000733 0.001211 0.002010 0.003131 0.004853 0.007093 0.010269 0.014395 0.019809 0.026275 0.033762 0.041544 0.049709 0.058459 0.065067 0.070512 0.074436 0.075845 0.073730 0.069722 0.063026 0.054990 0.046766 0.037930 0.029224 0.021886 0.015624 0.010529 0.006961 0.004189 0.002524 0.001386 0.000788 0.000341 0.000188 0.000086 0.000047 0.000021 0.000006 0.000002 0.000001 0.000000 0.000000 0.000000 0.000000 0.000000 0.000000 0.000000 0.000000 
t: 0.001018711019 start: 223 end: 279 0.000002 0.000003 0.000011 0.000017 0.000057 0.000068 0.000164 0.000271 0.000519 0.000885 0.001414 0.002342 0.003633 0.005611 0.008083 0.011564 0.016477 0.022025 0.029042 0.036896 0.044854 0.053391 0.061213 0.067535 0.073222 0.075594 0.075496 0.073122 0.067662 0.059928 0.052114 0.043204 0.033907 0.026118 0.018901 0.013036 0.008760 0.005599 0.003323 0.001856 0.001087 0.000496 0.000259 0.000124 0.000068 0.000030 0.000011 0.000004 0.000002 0.000000 0.000000 0.000000 0.000000 0.000000 0.000000 0.000000 0.000000 
t: 0.001000000000 start: 223 end: 279 0.000001 0.000002 0.000004 0.000010 0.000032 0.000054 0.000104 0.000189 0.000348 0.000606 0.001027 0.001690 0.002744 0.004297 0.006356 0.009288 0.013459 0.018530 0.024735 0.032040 0.040018 0.048756 0.057057 0.064242 0.070556 0.074962 0.076078 0.075494 0.071036 0.064938 0.057265 0.048214 0.039116 0.030624 0.022460 0.015892 0.011060 0.007047 0.004344 0.002473 0.001457 0.000707 0.000343 0.000192 0.000080 0.000044 0.000020 0.000004 0.000005 0.000000 0.000000 0.000000 0.000000 0.000000 0.000000 0.000000 0.000000 
