t: 0.059999999999 start: 16 end: 54 0.000004 0.000012 0.000043 0.000143 0.000522 0.001402 0.003872 0.008657 0.017570 0.032270 0.052201 0.076268 0.100645 0.118700 0.126170 0.121640 0.105943 0.084381 0.060738 0.040017 0.023993 0.013275 0.006555 0.002995 0.001236 0.000487 0.000187 0.000058 0.000012 0.000002 0.000002 0.000000 0.000000 0.000000 0.000000 0.000000 0.000000 0.000000 0.000000 
t: 0.054545454544 start: 18 end: 57 0.000002 0.000013 0.000037 0.000124 0.000366 0.001090 0.002790 0.006516 0.013302 0.024314 0.040753 0.061564 0.084634 0.104510 0.117696 0.120544 0.113068 0.096480 0.076156 0.054612 0.036309 0.021610 0.012156 0.006343 0.002902 0.001264 0.000545 0.000204 0.000068 0.000020 0.000007 0.000001 0.000000 0.000000 0.000000 0.000000 0.000000 0.000000 0.000000 0.000000 
t: 0.049999999999 start: 20 end: 60 0.000003 0.000006 0.000037 0.000102 0.000303 0.000869 0.002229 0.005021 0.010259 0.018908 0.032631 0.050425 0.071106 0.091006 0.107265 0.114816 0.114586 0.105103 0.087513 0.067536 0.047950 0.031803 0.019152 0.010955 0.005577 0.002756 0.001243 0.000518 0.000204 0.000090 0.000019 0.000007 0.000002 0.000000 0.000000 0.000000 0.000000 0.000000 0.000000 0.000000 0.000000 
t: 0.046153846153 start: 22 end: 62 0.000001 0.000009 0.000025 0.000105 0.000278 0.000704 0.001796 0.004050 0.008300 0.015467 0.026434 0.041535 0.060388 0.079515 0.096484 0.108202 0.112520 0.107521 0.095384 0.078099 0.058721 0.041954 0.027171 0.016568 0.009461 0.005012 0.002404 0.001103 0.000510 0.000173 0.000075 0.000023 0.000008 0.000000 0.000000 0.000000 0.000000 0.000000 0.000000 0.000000 0.000000 
t: 0.042857142857 start: 25 end: 66 0.000012 0.000022 0.000078 0.000244 0.000624 0.001479 0.003320 0.006918 0.012865 0.021998 0.035309 0.051425 0.069742 0.087021 0.101114 0.108303 0.107859 0.099474 0.085221 0.067987 0.050768 0.035597 0.023130 0.013855 0.007843 0.004154 0.002041 0.000915 0.000414 0.000164 0.000067 0.000024 0.000012 0.000000 0.000001 0.000000 0.000000 0.000000 0.000000 0.000000 0.000000 0.000000 
t: 0.040000000000 start: 26 end: 70 0.000001 0.000016 0.000019 0.000074 0.000201 0.000548 0.001346 0.002902 0.005822 0.010612 0.018905 0.030697 0.044843 0.061702 0.079008 0.092987 0.103156 0.106394 0.100965 0.089714 0.075798 0.059174 0.042699 0.029535 0.018805 0.011328 0.006473 0.003343 0.001608 0.000766 0.000350 0.000136 0.000045 0.000019 0.000007 0.000001 0.000001 0.000000 0.000000 0.000000 0.000000 0.000000 0.000000 0.000000 0.000000 
t: 0.037500000000 start: 27 end: 72 0.000001 0.000004 0.000010 0.000022 0.000077 0.000198 0.000499 0.001246 0.002513 0.005078 0.009748 0.016490 0.026723 0.039875 0.055213 0.071459 0.087015 0.096946 0.102414 0.101209 0.093443 0.080807 0.065609 0.049748 0.035548 0.024095 0.014974 0.009033 0.005040 0.002673 0.001305 0.000579 0.000254 0.000087 0.000039 0.000020 0.000005 0.000001 0.000000 0.000000 0.000000 0.000000 0.000000 0.000000 0.000000 0.000000 
t: 0.035294117647 start: 29 end: 75 0.000001 0.000001 0.000008 0.000020 0.000076 0.000197 0.000486 0.001133 0.002309 0.004734 0.008608 0.014802 0.024108 0.035719 0.050220 0.065665 0.080587 0.091950 0.098777 0.099874 0.094797 0.084233 0.070799 0.055432 0.041084 0.029170 0.019125 0.011575 0.006994 0.003812 0.001971 0.000929 0.000473 0.000199 0.000081 0.000036 0.000007 0.000007 0.000001 0.000000 0.000000 0.000000 0.000000 0.000000 0.000000 0.000000 0.000000 
t: 0.033333333333 start: 32 end: 78 0.000002 0.000006 0.000029 0.000080 0.000176 0.000442 0.001041 0.002215 0.004374 0.008160 0.013710 0.021752 0.032854 0.046481 0.060561 0.075275 0.087193 0.095377 0.097931 0.094884 0.086299 0.074424 0.060149 0.045937 0.033811 0.022541 0.014502 0.009071 0.005214 0.002785 0.001398 0.000765 0.000328 0.000140 0.000050 0.000030 0.000007 0.000005 0.000001 0.000000 0.000000 0.000000 0.000000 0.000000 0.000000 0.000000 0.000000 
t: 0.031578947368 start: 35 end: 81 0.000015 0.000026 0.000084 0.000177 0.000517 0.001002 0.002071 0.004184 0.007648 0.012816 0.020465 0.030690 0.043107 0.057166 0.070802 0.083171 0.091685 0.095912 0.094340 0.087324 0.076278 0.063582 0.050391 0.037396 0.026523 0.017427 0.010931 0.006583 0.003733 0.002007 0.000998 0.000558 0.000230 0.000093 0.000038 0.000020 0.000004 0.000004 0.000002 0.000000 0.000000 0.000000 0.000000 0.000000 0.000000 0.000000 0.000000 
t: 0.030000000000 start: 35 end: 84 0.000003 0.000006 0.000006 0.000036 0.000090 0.000202 0.000487 0.001004 0.002129 0.004040 0.007236 0.012209 0.019429 0.029175 0.040721 0.053843 0.067922 0.079573 0.088382 0.093479 0.093230 0.087516 0.078387 0.066853 0.052823 0.040918 0.029112 0.019936 0.013044 0.008094 0.004734 0.002629 0.001400 0.000757 0.000324 0.000170 0.000057 0.000028 0.000011 0.000002 0.000002 0.000001 0.000000 0.000000 0.000000 0.000000 0.000000 0.000000 0.000000 0.000000 
t: 0.028571428571 start: 35 end: 85 0.000001 0.000001 0.000000 0.000006 0.000014 0.000040 0.000096 0.000232 0.000513 0.001006 0.002120 0.004163 0.007084 0.011943 0.018790 0.028021 0.039269 0.051663 0.064369 0.076597 0.085926 0.091174 0.092096 0.087394 0.079541 0.068086 0.056008 0.043097 0.031859 0.022205 0.014802 0.009284 0.005679 0.003299 0.001803 0.000988 0.000467 0.000199 0.000097 0.000039 0.000014 0.000010 0.000004 0.000000 0.000001 0.000000 0.000000 0.000000 0.000000 0.000000 0.000000 
t: 0.027272727273 start: 36 end: 87 0.000001 0.000000 0.000000 0.000002 0.000007 0.000018 0.000052 0.000103 0.000233 0.000510 0.001161 0.002188 0.004032 0.007209 0.012004 0.018416 0.026944 0.038057 0.049953 0.062615 0.074293 0.083484 0.089616 0.090418 0.086702 0.079830 0.069251 0.057647 0.045210 0.033985 0.023949 0.016404 0.010637 0.006588 0.003974 0.002209 0.001166 0.000597 0.000288 0.000148 0.000054 0.000028 0.000012 0.000003 0.000001 0.000001 0.000000 0.000000 0.000000 0.000000 0.000000 0.000000 
t: 0.026086956522 start: 40 end: 91 0.000002 0.000002 0.000004 0.000026 0.000048 0.000119 0.000249 0.000577 0.001203 0.002356 0.004173 0.007397 0.011890 0.018377 0.026767 0.037023 0.049009 0.061162 0.072227 0.081953 0.087164 0.089152 0.085865 0.079681 0.070329 0.058141 0.046739 0.035751 0.025816 0.017762 0.011760 0.007271 0.004506 0.002645 0.001412 0.000725 0.000385 0.000180 0.000087 0.000038 0.000016 0.000007 0.000003 0.000001 0.000000 0.000000 0.000000 0.000000 0.000000 0.000000 0.000000 0.000000 
t: 0.025000000000 start: 42 end: 92 0.000001 0.000003 0.000008 0.000023 0.000058 0.000123 0.000314 0.000663 0.001302 0.002468 0.004385 0.007568 0.012312 0.018210 0.026886 0.037044 0.048325 0.059890 0.071334 0.080262 0.085804 0.087257 0.085110 0.078828 0.070380 0.058692 0.047737 0.037007 0.026858 0.019215 0.012677 0.007979 0.004934 0.002943 0.001640 0.000855 0.000461 0.000222 0.000128 0.000056 0.000021 0.000011 0.000006 0.000000 0.000000 0.000000 0.000000 0.000000 0.000000 0.000000 0.000000 
t: 0.024000000000 start: 43 end: 95 0.000001 0.000001 0.000004 0.000008 0.000039 0.000069 0.000161 0.000368 0.000743 0.001468 0.002656 0.004738 0.007823 0.012406 0.018861 0.027428 0.037023 0.048079 0.059623 0.070102 0.078728 0.084908 0.085837 0.084151 0.077979 0.069771 0.059175 0.048144 0.037489 0.027836 0.019602 0.013415 0.008755 0.005354 0.003334 0.001792 0.001070 0.000529 0.000273 0.000132 0.000074 0.000031 0.000015 0.000004 0.000001 0.000000 0.000000 0.000000 0.000000 0.000000 0.000000 0.000000 0.000000 
t: 0.023076923077 start: 44 end: 97 0.000001 0.000001 0.000001 0.000003 0.000012 0.000034 0.000113 0.000216 0.000409 0.000844 0.001591 0.002895 0.005129 0.008428 0.013001 0.019354 0.028051 0.037622 0.048184 0.059504 0.069601 0.078058 0.083085 0.084792 0.083283 0.077083 0.068801 0.059171 0.047958 0.037737 0.027927 0.020226 0.013937 0.009268 0.005796 0.003541 0.001943 0.001134 0.000627 0.000311 0.000178 0.000084 0.000037 0.000016 0.000012 0.000001 0.000000 0.000000 0.000000 0.000000 0.000000 0.000000 0.000000 0.000000 
t: 0.022222222222 start: 45 end: 97 0.000001 0.000000 0.000001 0.000000 0.000007 0.000022 0.000057 0.000102 0.000227 0.000466 0.000961 0.001863 0.003258 0.005608 0.008971 0.013868 0.020497 0.028356 0.038497 0.048835 0.059773 0.069818 0.077063 0.082187 0.083923 0.081429 0.076225 0.067902 0.058290 0.047732 0.037240 0.028041 0.020701 0.014083 0.009587 0.005970 0.003703 0.002133 0.001239 0.000656 0.000366 0.000166 0.000103 0.000043 0.000022 0.000006 0.000002 0.000000 0.000000 0.000000 0.000000 0.000000 0.000000 
t: 0.021428571428 start: 46 end: 100 0.000001 0.000000 0.000000 0.000001 0.000005 0.000016 0.000035 0.000058 0.000129 0.000271 0.000547 0.001129 0.002089 0.003716 0.006205 0.009630 0.014919 0.021703 0.029480 0.039418 0.049603 0.060170 0.069531 0.077069 0.081500 0.082953 0.080140 0.074840 0.066492 0.057332 0.046885 0.037123 0.027801 0.020455 0.014250 0.009585 0.006125 0.003804 0.002260 0.001257 0.000729 0.000352 0.000208 0.000098 0.000057 0.000018 0.000007 0.000003 0.000001 0.000000 0.000000 0.000000 0.000000 0.000000 0.000000 
t: 0.020689655172 start: 51 end: 104 0.000001 0.000010 0.000022 0.000033 0.000074 0.000180 0.000320 0.000703 0.001357 0.002494 0.004123 0.006774 0.010646 0.016044 0.022626 0.030996 0.040560 0.050565 0.060896 0.070286 0.076729 0.080920 0.081693 0.079306 0.072774 0.065571 0.055893 0.046010 0.036142 0.027420 0.020006 0.014003 0.009687 0.006062 0.003868 0.002358 0.001320 0.000725 0.000420 0.000201 0.000097 0.000043 0.000027 0.000011 0.000002 0.000002 0.000000 0.000000 0.000000 0.000000 0.000000 0.000000 0.000000 0.000000 
t: 0.020000000000 start: 52 end: 105 0.000002 0.000006 0.000009 0.000015 0.000051 0.000100 0.000234 0.000413 0.000906 0.001604 0.002756 0.004832 0.007554 0.011864 0.017079 0.024162 0.032781 0.042279 0.051693 0.062181 0.070573 0.076754 0.080446 0.080620 0.077475 0.071459 0.063505 0.054444 0.044983 0.035137 0.026420 0.019508 0.013728 0.009359 0.006059 0.003826 0.002286 0.001362 0.000733 0.000376 0.000219 0.000103 0.000062 0.000024 0.000014 0.000004 0.000000 0.000000 0.000000 0.000000 0.000000 0.000000 0.000000 0.000000 
t: 0.019354838710 start: 54 end: 107 0.000001 0.000006 0.000008 0.000030 0.000050 0.000147 0.000277 0.000560 0.001049 0.001905 0.003367 0.005488 0.008616 0.012839 0.018712 0.026156 0.034618 0.044012 0.053665 0.062978 0.071154 0.076666 0.080120 0.079012 0.076010 0.069810 0.061486 0.052811 0.043123 0.033993 0.025588 0.018527 0.013416 0.009031 0.005942 0.003771 0.002291 0.001238 0.000734 0.000356 0.000223 0.000110 0.000050 0.000038 0.000010 0.000006 0.000000 0.000000 0.000000 0.000000 0.000000 0.000000 0.000000 0.000000 
t: 0.018750000000 start: 55 end: 110 0.000001 0.000003 0.000005 0.000014 0.000034 0.000080 0.000173 0.000370 0.000699 0.001323 0.002315 0.003892 0.006387 0.009654 0.014401 0.020366 0.028149 0.036721 0.045888 0.055944 0.064146 0.071693 0.077026 0.078797 0.078087 0.073943 0.067975 0.059540 0.050542 0.041630 0.032466 0.024367 0.017877 0.012894 0.008557 0.005552 0.003589 0.002172 0.001251 0.000674 0.000417 0.000191 0.000102 0.000039 0.000028 0.000017 0.000008 0.000001 0.000000 0.000000 0.000000 0.000000 0.000000 0.000000 0.000000 0.000000 
t: 0.018181818182 start: 56 end: 113 0.000001 0.000001 0.000004 0.000005 0.000025 0.000050 0.000121 0.000232 0.000476 0.000877 0.001633 0.002763 0.004596 0.007248 0.011054 0.015986 0.022480 0.030278 0.039121 0.048220 0.057765 0.065620 0.072458 0.076844 0.077821 0.076985 0.072254 0.065810 0.057053 0.048304 0.039295 0.030960 0.023357 0.016915 0.012037 0.008094 0.005233 0.003326 0.002063 0.001227 0.000681 0.000353 0.000169 0.000101 0.000062 0.000023 0.000011 0.000006 0.000001 0.000001 0.000000 0.000000 0.000000 0.000000 0.000000 0.000000 0.000000 0.000000 
t: 0.017647058823 start: 57 end: 113 0.000001 0.000000 0.000001 0.000004 0.000010 0.000037 0.000088 0.000152 0.000318 0.000620 0.001109 0.001995 0.003262 0.005580 0.008416 0.012532 0.018087 0.024579 0.032662 0.041508 0.050714 0.059668 0.067384 0.073251 0.076881 0.076914 0.075210 0.070139 0.062964 0.054695 0.046212 0.037103 0.028954 0.022180 0.015841 0.011168 0.007387 0.004951 0.003086 0.001888 0.001131 0.000640 0.000314 0.000192 0.000093 0.000037 0.000019 0.000014 0.000008 0.000001 0.000000 0.000000 0.000000 0.000000 0.000000 0.000000 0.000000 
t: 0.017142857143 start: 58 end: 116 0.000001 0.000000 0.000001 0.000001 0.000008 0.000027 0.000054 0.000110 0.000232 0.000427 0.000811 0.001386 0.002438 0.004118 0.006525 0.009742 0.014327 0.020310 0.027137 0.035246 0.044145 0.053568 0.061432 0.068844 0.073685 0.076767 0.076270 0.073151 0.067392 0.060523 0.052585 0.043312 0.034889 0.026827 0.020408 0.014721 0.010306 0.006851 0.004573 0.002891 0.001737 0.001031 0.000559 0.000310 0.000151 0.000086 0.000045 0.000020 0.000011 0.000007 0.000001 0.000001 0.000000 0.000000 0.000000 0.000000 0.000000 0.000000 0.000000 
t: 0.016666666667 start: 60 end: 117 0.000001 0.000001 0.000000 0.000008 0.000013 0.000041 0.000070 0.000149 0.000312 0.000549 0.001023 0.001808 0.003108 0.005039 0.007588 0.011553 0.016306 0.022574 0.029908 0.038265 0.047429 0.055880 0.063345 0.070052 0.074687 0.075902 0.075140 0.070834 0.065164 0.057688 0.049001 0.040854 0.032600 0.025083 0.018677 0.013480 0.009414 0.006277 0.004031 0.002619 0.001528 0.000915 0.000529 0.000260 0.000128 0.000082 0.000049 0.000024 0.000008 0.000003 0.000001 0.000000 0.000000 0.000000 0.000000 0.000000 0.000000 0.000000 
t: 0.016216216216 start: 62 end: 120 0.000001 0.000001 0.000005 0.000011 0.000018 0.000051 0.000105 0.000226 0.000445 0.000722 0.001353 0.002252 0.003816 0.006110 0.009144 0.013247 0.018687 0.025649 0.032784 0.041312 0.049995 0.058294 0.065984 0.071603 0.074330 0.075126 0.073233 0.068892 0.062027 0.054940 0.046248 0.037760 0.030187 0.023016 0.017163 0.012137 0.008490 0.005586 0.003632 0.002264 0.001392 0.000806 0.000441 0.000248 0.000138 0.000063 0.000036 0.000024 0.000004 0.000001 0.000001 0.000000 0.000000 0.000000 0.000000 0.000000 0.000000 0.000000 0.000000 
t: 0.015789473684 start: 64 end: 121 0.000002 0.000002 0.000004 0.000012 0.000048 0.000067 0.000160 0.000314 0.000523 0.001031 0.001785 0.002873 0.004788 0.007326 0.010694 0.015669 0.021450 0.028402 0.035874 0.044634 0.053126 0.061210 0.067229 0.072144 0.074641 0.074761 0.070750 0.066050 0.059286 0.051571 0.043196 0.035125 0.027601 0.020844 0.015505 0.010902 0.007615 0.004888 0.003182 0.001994 0.001240 0.000688 0.000350 0.000214 0.000117 0.000051 0.000040 0.000015 0.000004 0.000003 0.000000 0.000000 0.000000 0.000000 0.000000 0.000000 0.000000 0.000000 
t: 0.015384615385 start: 64 end: 121 0.000001 0.000000 0.000002 0.000005 0.000011 0.000022 0.000067 0.000112 0.000198 0.000415 0.000778 0.001345 0.002360 0.003707 0.005648 0.008885 0.012866 0.018017 0.024240 0.031623 0.039541 0.048396 0.055893 0.063094 0.069349 0.072717 0.074600 0.072566 0.068681 0.063184 0.056098 0.048447 0.040028 0.032251 0.024968 0.018815 0.013620 0.009754 0.006549 0.004344 0.002801 0.001717 0.001033 0.000552 0.000317 0.000181 0.000096 0.000061 0.000029 0.000011 0.000005 0.000000 0.000000 0.000000 0.000000 0.000000 0.000000 0.000000 
t: 0.015000000000 start: 67 end: 125 0.000002 0.000002 0.000008 0.000021 0.000043 0.000070 0.000165 0.000315 0.000574 0.001005 0.001874 0.002928 0.004690 0.007313 0.010636 0.015155 0.020497 0.027398 0.035073 0.043375 0.051311 0.059445 0.065568 0.069984 0.073281 0.073549 0.070617 0.066375 0.060113 0.052637 0.044984 0.036880 0.029122 0.022368 0.016731 0.012188 0.008416 0.005725 0.003729 0.002430 0.001447 0.000880 0.000503 0.000250 0.000160 0.000088 0.000041 0.000025 0.000007 0.000001 0.000001 0.000000 0.000000 0.000000 0.000000 0.000000 0.000000 0.000000 0.000000 
t: 0.014634146341 start: 68 end: 125 0.000001 0.000002 0.000008 0.000011 0.000029 0.000068 0.000102 0.000260 0.000440 0.000804 0.001350 0.002452 0.003836 0.005968 0.008846 0.012780 0.017619 0.023943 0.030995 0.038747 0.046704 0.055067 0.061687 0.067571 0.071611 0.072777 0.071844 0.068663 0.063565 0.056790 0.048927 0.041614 0.033192 0.026141 0.019959 0.014937 0.010465 0.007279 0.004864 0.003271 0.001976 0.001181 0.000748 0.000407 0.000233 0.000128 0.000076 0.000036 0.000016 0.000010 0.000000 0.000000 0.000000 0.000000 0.000000 0.000000 0.000000 0.000000 
t: 0.014285714286 start: 70 end: 128 0.000004 0.000003 0.000011 0.000018 0.000051 0.000089 0.000184 0.000355 0.000607 0.001106 0.001980 0.003185 0.004845 0.007287 0.010866 0.015268 0.020612 0.027253 0.034692 0.042601 0.050782 0.058045 0.064140 0.069417 0.071591 0.072166 0.070268 0.065900 0.060368 0.053031 0.045593 0.037812 0.030061 0.023344 0.017520 0.012834 0.009111 0.006283 0.004097 0.002622 0.001660 0.001000 0.000615 0.000323 0.000189 0.000113 0.000051 0.000029 0.000013 0.000004 0.000000 0.000000 0.000001 0.000000 0.000000 0.000000 0.000000 0.000000 0.000000 
t: 0.013953488372 start: 71 end: 130 0.000002 0.000002 0.000005 0.000021 0.000040 0.000073 0.000140 0.000272 0.000490 0.000936 0.001625 0.002481 0.004164 0.006139 0.009182 0.013059 0.017915 0.023863 0.031065 0.038877 0.046585 0.054171 0.060990 0.066628 0.070372 0.071506 0.070747 0.068194 0.062914 0.056702 0.049637 0.041534 0.034068 0.026841 0.020580 0.015289 0.011023 0.007845 0.005091 0.003398 0.002221 0.001434 0.000832 0.000462 0.000277 0.000162 0.000063 0.000045 0.000017 0.000015 0.000002 0.000004 0.000000 0.000000 0.000000 0.000000 0.000000 0.000000 0.000000 0.000000 
t: 0.013636363636 start: 72 end: 133 0.000001 0.000003 0.000007 0.000011 0.000040 0.000061 0.000114 0.000207 0.000412 0.000730 0.001295 0.002099 0.003348 0.005346 0.007828 0.011222 0.015604 0.021309 0.027623 0.035062 0.042708 0.050307 0.057941 0.064061 0.068318 0.070826 0.070511 0.069269 0.065583 0.059890 0.052789 0.045170 0.037756 0.030258 0.023581 0.018182 0.013040 0.009382 0.006525 0.004357 0.002778 0.001817 0.001134 0.000651 0.000398 0.000221 0.000108 0.000046 0.000035 0.000022 0.000008 0.000003 0.000002 0.000001 0.000000 0.000000 0.000000 0.000000 0.000000 0.000000 0.000000 0.000000 
t: 0.013333333333 start: 74 end: 133 0.000002 0.000002 0.000013 0.000021 0.000044 0.000120 0.000189 0.000303 0.000606 0.001032 0.001779 0.002786 0.004474 0.006744 0.009793 0.013747 0.018821 0.024787 0.031700 0.039022 0.047196 0.054323 0.060841 0.066218 0.069288 0.070431 0.070137 0.066881 0.062592 0.055687 0.048798 0.040926 0.033866 0.026844 0.020806 0.015328 0.011155 0.007812 0.005428 0.003637 0.002251 0.001479 0.000967 0.000494 0.000299 0.000157 0.000078 0.000054 0.000017 0.000016 0.000008 0.000001 0.000000 0.000000 0.000000 0.000000 0.000000 0.000000 0.000000 0.000000 
t: 0.013043478261 start: 74 end: 133 0.000001 0.000000 0.000004 0.000007 0.000020 0.000027 0.000095 0.000139 0.000263 0.000485 0.000902 0.001429 0.002374 0.003717 0.005889 0.008664 0.012138 0.016494 0.022424 0.028721 0.035956 0.043555 0.051191 0.057304 0.064128 0.067581 0.069872 0.070148 0.068528 0.064025 0.058593 0.052050 0.044215 0.036880 0.029933 0.023416 0.017880 0.013207 0.009272 0.006534 0.004390 0.002937 0.001911 0.001137 0.000661 0.000419 0.000235 0.000142 0.000048 0.000034 0.000015 0.000009 0.000001 0.000000 0.000000 0.000000 0.000000 0.000000 0.000000 0.000000 
t: 0.012765957447 start: 74 end: 136 0.000001 0.000000 0.000001 0.000005 0.000002 0.000015 0.000032 0.000052 0.000113 0.000231 0.000415 0.000733 0.001245 0.001998 0.003219 0.005090 0.007562 0.010789 0.014941 0.019803 0.026097 0.033168 0.040330 0.047588 0.055269 0.060886 0.065797 0.068742 0.070400 0.069059 0.065443 0.060997 0.054539 0.047298 0.040021 0.032977 0.026037 0.020422 0.015057 0.010995 0.007725 0.005441 0.003536 0.002340 0.001483 0.000923 0.000515 0.000320 0.000183 0.000077 0.000044 0.000027 0.000008 0.000005 0.000003 0.000001 0.000000 0.000000 0.000000 0.000000 0.000000 0.000000 0.000000 
t: 0.012500000000 start: 75 end: 138 0.000001 0.000001 0.000000 0.000004 0.000004 0.000006 0.000025 0.000055 0.000100 0.000182 0.000322 0.000640 0.001043 0.001697 0.002778 0.004403 0.006627 0.009706 0.013243 0.018121 0.023759 0.030284 0.037535 0.044898 0.052116 0.058477 0.063529 0.067561 0.069775 0.069058 0.066818 0.062525 0.057320 0.050093 0.042823 0.035971 0.028819 0.022742 0.016972 0.012717 0.009117 0.006386 0.004229 0.002893 0.001922 0.001093 0.000733 0.000418 0.000228 0.000123 0.000049 0.000029 0.000015 0.000007 0.000005 0.000002 0.000001 0.000000 0.000000 0.000000 0.000000 0.000000 0.000000 0.000000 
t: 0.012244897959 start: 77 end: 140 0.000001 0.000003 0.000001 0.000004 0.000006 0.000018 0.000041 0.000088 0.000163 0.000295 0.000478 0.000916 0.001505 0.002396 0.003746 0.005800 0.008571 0.012053 0.016237 0.021844 0.027846 0.034639 0.042342 0.049219 0.056276 0.061648 0.066295 0.068740 0.068781 0.067709 0.063890 0.059290 0.052530 0.045699 0.038580 0.031473 0.024906 0.019228 0.014567 0.010525 0.007431 0.005053 0.003460 0.002257 0.001430 0.000857 0.000514 0.000330 0.000158 0.000087 0.000027 0.000025 0.000010 0.000008 0.000003 0.000000 0.000001 0.000000 0.000000 0.000000 0.000000 0.000000 0.000000 0.000000 
t: 0.012000000000 start: 78 end: 142 0.000001 0.000001 0.000002 0.000002 0.000004 0.000017 0.000034 0.000084 0.000131 0.000228 0.000439 0.000769 0.001290 0.002152 0.003318 0.005094 0.007616 0.010946 0.014858 0.019925 0.025693 0.032683 0.039421 0.046757 0.053547 0.059737 0.064655 0.067510 0.068888 0.067713 0.065417 0.060755 0.054646 0.048212 0.041044 0.033900 0.027212 0.021255 0.016343 0.012053 0.008631 0.006023 0.003990 0.002684 0.001786 0.001023 0.000641 0.000400 0.000231 0.000112 0.000061 0.000034 0.000021 0.000007 0.000002 0.000001 0.000001 0.000000 0.000000 0.000000 0.000000 0.000000 0.000000 0.000000 0.000000 
t: 0.011764705882 start: 80 end: 142 0.000002 0.000000 0.000001 0.000004 0.000014 0.000033 0.000073 0.000111 0.000210 0.000380 0.000646 0.001157 0.001901 0.002944 0.004681 0.006868 0.009686 0.013674 0.018169 0.023906 0.030565 0.037033 0.044491 0.051053 0.057910 0.062628 0.066055 0.068457 0.067957 0.066069 0.062178 0.056781 0.050150 0.043629 0.036346 0.029368 0.023279 0.018195 0.013432 0.009886 0.006997 0.004632 0.003138 0.002033 0.001359 0.000824 0.000512 0.000271 0.000142 0.000076 0.000049 0.000019 0.000015 0.000006 0.000004 0.000001 0.000000 0.000000 0.000000 0.000000 0.000000 0.000000 0.000000 
t: 0.011538461538 start: 80 end: 143 0.000001 0.000001 0.000000 0.000001 0.000004 0.000008 0.000037 0.000055 0.000103 0.000192 0.000322 0.000572 0.001054 0.001683 0.002701 0.004196 0.006131 0.008860 0.012512 0.016852 0.022343 0.028163 0.035000 0.042066 0.049146 0.055646 0.061071 0.064900 0.067636 0.067792 0.066503 0.063357 0.058285 0.052767 0.045454 0.038372 0.031798 0.025200 0.019847 0.014897 0.011114 0.007953 0.005413 0.003644 0.002425 0.001533 0.001006 0.000633 0.000343 0.000169 0.000113 0.000060 0.000030 0.000019 0.000009 0.000005 0.000003 0.000000 0.000000 0.000000 0.000000 0.000000 0.000000 0.000000 
t: 0.011320754717 start: 80 end: 144 0.000001 0.000000 0.000000 0.000002 0.000000 0.000002 0.000005 0.000032 0.000044 0.000104 0.000164 0.000308 0.000565 0.000865 0.001573 0.002409 0.003855 0.005584 0.008216 0.011370 0.015392 0.020935 0.026522 0.032893 0.039979 0.046913 0.053996 0.059050 0.063986 0.066556 0.068008 0.066770 0.063811 0.059811 0.053870 0.048000 0.040419 0.033789 0.027217 0.021436 0.016411 0.012272 0.008845 0.006277 0.004242 0.002831 0.001750 0.001248 0.000715 0.000417 0.000236 0.000145 0.000073 0.000036 0.000025 0.000014 0.000006 0.000003 0.000001 0.000001 0.000000 0.000000 0.000000 0.000000 0.000000 
t: 0.011111111111 start: 82 end: 147 0.000001 0.000000 0.000002 0.000002 0.000002 0.000013 0.000018 0.000051 0.000069 0.000146 0.000310 0.000498 0.000821 0.001446 0.002202 0.003367 0.005118 0.007429 0.010604 0.014535 0.019486 0.024856 0.031296 0.037938 0.045144 0.051647 0.057904 0.062096 0.065733 0.067704 0.066908 0.064695 0.060844 0.055350 0.049370 0.042589 0.035707 0.029271 0.023126 0.017792 0.013489 0.009873 0.007066 0.004722 0.003241 0.002097 0.001364 0.000883 0.000501 0.000283 0.000169 0.000094 0.000058 0.000039 0.000017 0.000009 0.000002 0.000002 0.000001 0.000000 0.000000 0.000000 0.000000 0.000000 0.000000 0.000000 
t: 0.010909090909 start: 83 end: 147 0.000001 0.000002 0.000000 0.000000 0.000004 0.000006 0.000019 0.000034 0.000091 0.000131 0.000274 0.000433 0.000753 0.001342 0.001944 0.003196 0.004637 0.006836 0.009886 0.013611 0.018159 0.023722 0.029719 0.036407 0.042798 0.049812 0.056250 0.060999 0.065208 0.066996 0.066841 0.065096 0.061169 0.057072 0.050880 0.044552 0.037593 0.030980 0.024682 0.019099 0.014570 0.010867 0.007905 0.005339 0.003568 0.002445 0.001613 0.001030 0.000580 0.000366 0.000209 0.000110 0.000086 0.000041 0.000021 0.000008 0.000004 0.000003 0.000000 0.000001 0.000000 0.000000 0.000000 0.000000 0.000000 
t: 0.010714285714 start: 85 end: 150 0.000001 0.000001 0.000001 0.000003 0.000008 0.000011 0.000024 0.000072 0.000150 0.000252 0.000364 0.000684 0.001188 0.001849 0.002889 0.004388 0.006457 0.009092 0.012777 0.017099 0.022457 0.028303 0.034601 0.041272 0.048418 0.054367 0.059558 0.064098 0.066545 0.066837 0.065416 0.062323 0.058062 0.051923 0.046281 0.039211 0.032548 0.026224 0.020638 0.015698 0.011787 0.008691 0.005955 0.004028 0.002733 0.001849 0.001163 0.000710 0.000405 0.000252 0.000154 0.000088 0.000047 0.000021 0.000019 0.000003 0.000004 0.000001 0.000000 0.000000 0.000000 0.000000 0.000000 0.000000 0.000000 0.000000 
t: 0.010526315789 start: 88 end: 151 0.000003 0.000006 0.000003 0.000014 0.000024 0.000066 0.000115 0.000245 0.000358 0.000639 0.001062 0.001726 0.002707 0.004096 0.006036 0.008619 0.011947 0.016238 0.021380 0.026826 0.033429 0.039829 0.046364 0.053282 0.058167 0.063053 0.065822 0.066708 0.065507 0.063287 0.058646 0.053449 0.047258 0.040568 0.034356 0.027553 0.021814 0.017016 0.012800 0.009291 0.006624 0.004620 0.003070 0.002074 0.001307 0.000777 0.000517 0.000327 0.000167 0.000088 0.000051 0.000034 0.000018 0.000008 0.000008 0.000000 0.000001 0.000000 0.000000 0.000000 0.000000 0.000000 0.000000 0.000000 
t: 0.010344827586 start: 90 end: 153 0.000008 0.000004 0.000013 0.000031 0.000050 0.000114 0.000211 0.000347 0.000605 0.000989 0.001563 0.002641 0.003765 0.005592 0.008142 0.011421 0.015676 0.020285 0.025757 0.031908 0.038594 0.044996 0.051633 0.056927 0.061966 0.065225 0.066149 0.065957 0.063540 0.059473 0.054503 0.048490 0.042208 0.035427 0.029077 0.023236 0.018039 0.013780 0.009955 0.007210 0.004975 0.003430 0.002251 0.001506 0.000975 0.000576 0.000334 0.000177 0.000124 0.000060 0.000043 0.000016 0.000011 0.000010 0.000003 0.000002 0.000000 0.000000 0.000000 0.000000 0.000000 0.000000 0.000000 0.000000 
t: 0.010169491525 start: 90 end: 156 0.000002 0.000003 0.000003 0.000013 0.000035 0.000060 0.000088 0.000197 0.000348 0.000561 0.000895 0.001501 0.002394 0.003567 0.005359 0.007651 0.011116 0.014714 0.019402 0.024550 0.031045 0.037000 0.043791 0.050430 0.056119 0.060984 0.064102 0.065906 0.065824 0.063918 0.060132 0.055523 0.049785 0.043310 0.036670 0.030379 0.024332 0.019180 0.014523 0.010765 0.007811 0.005504 0.003730 0.002531 0.001635 0.001046 0.000655 0.000402 0.000206 0.000130 0.000068 0.000045 0.000028 0.000018 0.000007 0.000002 0.000002 0.000002 0.000001 0.000000 0.000000 0.000000 0.000000 0.000000 0.000000 0.000000 0.000000 
t: 0.010000000000 start: 90 end: 157 0.000001 0.000001 0.000002 0.000006 0.000008 0.000034 0.000059 0.000096 0.000172 0.000307 0.000568 0.000868 0.001416 0.002172 0.003442 0.005090 0.007477 0.010339 0.014185 0.018487 0.023907 0.029892 0.035671 0.042568 0.049194 0.055467 0.059542 0.063535 0.065773 0.065723 0.064151 0.060561 0.056321 0.050774 0.044447 0.037882 0.031527 0.025413 0.020033 0.015385 0.011610 0.008301 0.006003 0.004196 0.002658 0.001773 0.001205 0.000722 0.000451 0.000244 0.000142 0.000084 0.000051 0.000036 0.000013 0.000006 0.000005 0.000002 0.000001 0.000000 0.000000 0.000001 0.000000 0.000000 0.000000 0.000000 0.000000 0.000000 
t: 0.008448275866 start: 101 end: 169 0.000001 0.000001 0.000002 0.000008 0.000014 0.000025 0.000043 0.000093 0.000152 0.000261 0.000448 0.000726 0.001159 0.001886 0.002826 0.004147 0.006005 0.008487 0.011417 0.015440 0.019633 0.024604 0.030695 0.036436 0.042712 0.048582 0.053791 0.058393 0.061264 0.062886 0.063372 0.061870 0.059207 0.055025 0.049700 0.043873 0.037732 0.031689 0.025811 0.020688 0.016347 0.012535 0.009289 0.006604 0.004750 0.003359 0.002266 0.001408 0.000920 0.000575 0.000338 0.000228 0.000117 0.000060 0.000046 0.000030 0.000008 0.000012 0.000002 0.000001 0.000001 0.000000 0.000000 0.000000 0.000000 0.000000 0.000000 0.000000 0.000000 
t: 0.007313432839 start: 112 end: 179 0.000002 0.000001 0.000004 0.000023 0.000024 0.000051 0.000089 0.000164 0.000293 0.000464 0.000771 0.001184 0.001848 0.002804 0.004051 0.005769 0.008180 0.010808 0.014241 0.018316 0.023185 0.028639 0.034401 0.040313 0.045409 0.051051 0.055837 0.058932 0.061092 0.061631 0.061096 0.059268 0.055355 0.050775 0.045793 0.040521 0.034210 0.028478 0.023565 0.018640 0.014663 0.011184 0.008223 0.006172 0.004102 0.002957 0.001899 0.001369 0.000815 0.000527 0.000346 0.000202 0.000115 0.000067 0.000042 0.000019 0.000012 0.000002 0.000004 0.000002 0.000000 0.000000 0.000000 0.000000 0.000000 0.000000 0.000000 0.000000 
t: 0.006447368423 start: 119 end: 189 0.000002 0.000000 0.000003 0.000004 0.000007 0.000016 0.000035 0.000057 0.000119 0.000195 0.000321 0.000550 0.000813 0.001339 0.001952 0.003033 0.004236 0.005879 0.008140 0.010918 0.014249 0.018355 0.022963 0.027908 0.033554 0.039175 0.044664 0.049717 0.054349 0.057655 0.059901 0.061017 0.060196 0.058247 0.055525 0.050965 0.045963 0.040704 0.035253 0.029963 0.024628 0.019817 0.015267 0.012011 0.009111 0.006578 0.004839 0.003359 0.002237 0.001603 0.000995 0.000619 0.000419 0.000237 0.000138 0.000076 0.000061 0.000027 0.000018 0.000009 0.000005 0.000001 0.000001 0.000002 0.000000 0.000000 0.000000 0.000000 0.000000 0.000000 0.000000 
t: 0.005764705884 start: 128 end: 198 0.000001 0.000005 0.000003 0.000019 0.000028 0.000047 0.000063 0.000138 0.000212 0.000389 0.000553 0.000918 0.001356 0.002076 0.003112 0.004352 0.006137 0.008287 0.011024 0.014470 0.018119 0.022945 0.027899 0.033282 0.038623 0.044289 0.049274 0.053083 0.056611 0.058538 0.060038 0.059428 0.057798 0.055231 0.050954 0.046248 0.041384 0.035446 0.030578 0.025311 0.020487 0.016262 0.012727 0.009368 0.007045 0.004982 0.003656 0.002553 0.001730 0.001085 0.000714 0.000424 0.000286 0.000171 0.000106 0.000065 0.000039 0.000014 0.000013 0.000001 0.000001 0.000000 0.000001 0.000000 0.000000 0.000000 0.000001 0.000000 0.000000 0.000000 0.000000 
t: 0.005212765959 start: 134 end: 205 0.000001 0.000002 0.000004 0.000006 0.000017 0.000024 0.000038 0.000060 0.000128 0.000233 0.000390 0.000580 0.000901 0.001275 0.002043 0.002958 0.004278 0.005930 0.008060 0.010603 0.013870 0.017722 0.022225 0.027004 0.031883 0.037457 0.043249 0.047912 0.052216 0.055707 0.058427 0.059102 0.058943 0.057772 0.054877 0.052109 0.047256 0.042271 0.036774 0.031397 0.026503 0.021270 0.017289 0.013363 0.010404 0.007776 0.005620 0.004029 0.002797 0.001863 0.001275 0.000803 0.000505 0.000330 0.000197 0.000104 0.000073 0.000048 0.000019 0.000016 0.000005 0.000003 0.000002 0.000002 0.000000 0.000000 0.000000 0.000000 0.000000 0.000000 0.000000 0.000000 
t: 0.004757281555 start: 140 end: 211 0.000003 0.000000 0.000003 0.000002 0.000009 0.000019 0.000029 0.000047 0.000119 0.000187 0.000322 0.000489 0.000788 0.001233 0.001787 0.002495 0.003640 0.005166 0.007239 0.009582 0.012528 0.016072 0.020358 0.025015 0.029899 0.035115 0.040130 0.045378 0.050516 0.054046 0.056633 0.058827 0.059010 0.057983 0.056131 0.053278 0.049419 0.044498 0.039189 0.034230 0.028622 0.023637 0.019033 0.015074 0.011765 0.008969 0.006688 0.004819 0.003380 0.002291 0.001627 0.001041 0.000611 0.000412 0.000256 0.000146 0.000101 0.000056 0.000029 0.000013 0.000011 0.000002 0.000001 0.000000 0.000000 0.000001 0.000001 0.000000 0.000000 0.000000 0.000000 0.000000 
t: 0.004375000001 start: 146 end: 218 0.000001 0.000005 0.000002 0.000008 0.000013 0.000013 0.000042 0.000063 0.000132 0.000216 0.000342 0.000581 0.000852 0.001266 0.001894 0.002873 0.004019 0.005508 0.007647 0.010203 0.013322 0.016862 0.021162 0.025708 0.030984 0.036183 0.041055 0.046538 0.050358 0.054508 0.057377 0.058531 0.059035 0.057874 0.055814 0.052325 0.048304 0.043486 0.038102 0.033463 0.027715 0.022800 0.018532 0.014298 0.011293 0.008427 0.006283 0.004629 0.003184 0.002136 0.001476 0.001029 0.000608 0.000398 0.000216 0.000137 0.000075 0.000047 0.000015 0.000016 0.000007 0.000005 0.000001 0.000001 0.000000 0.000000 0.000000 0.000000 0.000001 0.000000 0.000000 0.000000 0.000000 
t: 0.004049586778 start: 150 end: 222 0.000001 0.000000 0.000002 0.000002 0.000008 0.000008 0.000018 0.000030 0.000069 0.000097 0.000197 0.000291 0.000515 0.000792 0.001150 0.001747 0.002608 0.003679 0.005176 0.006913 0.009580 0.012259 0.015987 0.019959 0.024655 0.029035 0.034838 0.040250 0.044983 0.049045 0.053838 0.056598 0.058360 0.058621 0.058278 0.056307 0.053562 0.049465 0.044842 0.039994 0.034340 0.029168 0.023937 0.019759 0.015568 0.011970 0.009257 0.006855 0.004962 0.003473 0.002470 0.001674 0.001071 0.000686 0.000450 0.000266 0.000162 0.000066 0.000049 0.000027 0.000013 0.000014 0.000001 0.000001 0.000000 0.000000 0.000001 0.000001 0.000000 0.000000 0.000000 0.000000 0.000000 
t: 0.003769230770 start: 155 end: 226 0.000001 0.000000 0.000001 0.000008 0.000006 0.000017 0.000031 0.000038 0.000064 0.000110 0.000241 0.000361 0.000557 0.000812 0.001318 0.001939 0.002744 0.003916 0.005465 0.007365 0.010012 0.013008 0.016685 0.020834 0.025615 0.030013 0.035913 0.041158 0.045994 0.050508 0.054394 0.056830 0.058482 0.058538 0.058027 0.055830 0.052940 0.048975 0.043803 0.038475 0.033307 0.028161 0.023363 0.018730 0.014814 0.011531 0.008599 0.006359 0.004616 0.003207 0.002251 0.001503 0.000969 0.000618 0.000407 0.000240 0.000136 0.000070 0.000045 0.000025 0.000010 0.000006 0.000003 0.000001 0.000001 0.000000 0.000000 0.000000 0.000000 0.000000 0.000000 0.000000 
t: 0.003525179857 start: 159 end: 231 0.000001 0.000001 0.000002 0.000003 0.000004 0.000011 0.000020 0.000041 0.000053 0.000097 0.000170 0.000322 0.000452 0.000697 0.001099 0.001703 0.002355 0.003388 0.004853 0.006604 0.008865 0.011708 0.014976 0.019177 0.023623 0.028633 0.033602 0.038600 0.044315 0.049036 0.053022 0.055426 0.058212 0.059116 0.058770 0.057075 0.054117 0.050469 0.046148 0.040551 0.035380 0.029955 0.025269 0.020536 0.015968 0.012677 0.009614 0.007259 0.005137 0.003731 0.002500 0.001740 0.001069 0.000756 0.000452 0.000291 0.000145 0.000102 0.000053 0.000017 0.000010 0.000009 0.000009 0.000003 0.000001 0.000000 0.000000 0.000000 0.000000 0.000000 0.000000 0.000000 0.000000 
t: 0.003310810811 start: 162 end: 233 0.000002 0.000000 0.000000 0.000003 0.000004 0.000003 0.000015 0.000021 0.000030 0.000062 0.000105 0.000167 0.000263 0.000433 0.000729 0.001109 0.001603 0.002317 0.003405 0.004661 0.006366 0.008850 0.011482 0.014953 0.019022 0.023354 0.028327 0.033370 0.039191 0.044072 0.048117 0.052545 0.056464 0.058370 0.058801 0.059034 0.057435 0.054743 0.050772 0.045704 0.041169 0.035497 0.030499 0.025061 0.020580 0.016095 0.012713 0.009614 0.007159 0.005062 0.003630 0.002526 0.001641 0.001086 0.000720 0.000418 0.000271 0.000152 0.000100 0.000037 0.000032 0.000019 0.000005 0.000004 0.000005 0.000001 0.000000 0.000000 0.000000 0.000000 0.000000 0.000000 
t: 0.003121019109 start: 166 end: 238 0.000002 0.000000 0.000001 0.000002 0.000002 0.000007 0.000011 0.000022 0.000046 0.000078 0.000100 0.000195 0.000295 0.000524 0.000796 0.001182 0.001803 0.002556 0.003610 0.004960 0.007004 0.009536 0.012605 0.016220 0.019889 0.024740 0.029782 0.034986 0.040050 0.045435 0.050182 0.053823 0.057139 0.059277 0.059392 0.058814 0.056578 0.053628 0.049164 0.044853 0.039781 0.033855 0.028716 0.023801 0.019153 0.015079 0.011413 0.008804 0.006524 0.004486 0.003135 0.002109 0.001451 0.000969 0.000600 0.000355 0.000220 0.000109 0.000076 0.000033 0.000020 0.000006 0.000009 0.000002 0.000001 0.000004 0.000000 0.000000 0.000000 0.000000 0.000000 0.000000 0.000000 
t: 0.002951807229 start: 169 end: 242 0.000001 0.000000 0.000001 0.000004 0.000001 0.000006 0.000011 0.000014 0.000028 0.000059 0.000101 0.000147 0.000224 0.000396 0.000573 0.000985 0.001523 0.002155 0.003025 0.004388 0.006144 0.008265 0.010991 0.014328 0.018287 0.022731 0.027405 0.032773 0.037856 0.043048 0.048415 0.052591 0.056174 0.058776 0.059765 0.059549 0.057883 0.055087 0.051524 0.047003 0.041402 0.036344 0.031105 0.025830 0.020876 0.016657 0.013002 0.009776 0.007073 0.005215 0.003612 0.002446 0.001655 0.001086 0.000692 0.000403 0.000257 0.000142 0.000088 0.000050 0.000027 0.000012 0.000005 0.000003 0.000002 0.000001 0.000002 0.000000 0.000000 0.000000 0.000000 0.000000 0.000000 0.000000 
t: 0.002800000000 start: 170 end: 240 0.000001 0.000000 0.000000 0.000000 0.000001 0.000000 0.000003 0.000005 0.000006 0.000018 0.000025 0.000047 0.000070 0.000121 0.000209 0.000388 0.000537 0.000908 0.001334 0.001934 0.002787 0.004071 0.005721 0.007807 0.010440 0.013613 0.017411 0.021709 0.026200 0.031494 0.037338 0.042451 0.047994 0.051840 0.055449 0.058304 0.059767 0.060106 0.058985 0.055983 0.052488 0.047637 0.042781 0.037421 0.032076 0.026343 0.021713 0.017117 0.013450 0.010023 0.007749 0.005296 0.003793 0.002591 0.001678 0.001046 0.000672 0.000432 0.000267 0.000140 0.000084 0.000062 0.000034 0.000017 0.000006 0.000003 0.000004 0.000000 0.000000 0.000000 0.000000 
t: 0.002663043479 start: 173 end: 243 0.000001 0.000000 0.000000 0.000000 0.000001 0.000000 0.000001 0.000004 0.000008 0.000012 0.000033 0.000027 0.000081 0.000133 0.000212 0.000317 0.000548 0.000880 0.001286 0.002006 0.002826 0.003974 0.005751 0.007810 0.010491 0.013626 0.017466 0.021427 0.026757 0.031762 0.037280 0.042754 0.048085 0.052399 0.055914 0.058760 0.060344 0.060387 0.058878 0.056090 0.052617 0.047541 0.042963 0.036803 0.031678 0.026461 0.021255 0.016810 0.012981 0.009906 0.007273 0.005230 0.003570 0.002391 0.001577 0.000997 0.000664 0.000409 0.000241 0.000113 0.000087 0.000045 0.000026 0.000020 0.000006 0.000004 0.000001 0.000000 0.000000 0.000000 0.000000 
t: 0.002538860104 start: 177 end: 246 0.000001 0.000001 0.000000 0.000000 0.000000 0.000002 0.000005 0.000010 0.000006 0.000021 0.000053 0.000095 0.000129 0.000230 0.000391 0.000585 0.000898 0.001464 0.002116 0.003097 0.004264 0.006096 0.008372 0.010954 0.014093 0.018145 0.022908 0.027819 0.033452 0.038860 0.043734 0.049443 0.053891 0.056923 0.059636 0.060845 0.060087 0.058784 0.055613 0.051385 0.046952 0.041439 0.035522 0.030277 0.024988 0.019829 0.015608 0.012123 0.009072 0.006442 0.004479 0.003195 0.002086 0.001431 0.000906 0.000478 0.000313 0.000207 0.000109 0.000061 0.000041 0.000016 0.000011 0.000003 0.000004 0.000000 0.000000 0.000000 0.000000 0.000000 
t: 0.002425742574 start: 181 end: 252 0.000001 0.000001 0.000001 0.000002 0.000002 0.000006 0.000011 0.000014 0.000035 0.000073 0.000098 0.000160 0.000287 0.000418 0.000685 0.001077 0.001684 0.002351 0.003504 0.004960 0.006875 0.009230 0.012018 0.015733 0.020299 0.024660 0.030011 0.035605 0.041000 0.046344 0.051729 0.055621 0.058369 0.060757 0.061212 0.060067 0.057714 0.054601 0.049734 0.044414 0.038933 0.033263 0.027913 0.022685 0.017853 0.013893 0.010321 0.007617 0.005413 0.003852 0.002540 0.001643 0.001059 0.000666 0.000416 0.000246 0.000139 0.000075 0.000058 0.000030 0.000014 0.000006 0.000001 0.000001 0.000000 0.000000 0.000000 0.000000 0.000000 0.000000 0.000000 0.000000 
t: 0.002322274882 start: 183 end: 252 0.000001 0.000000 0.000000 0.000002 0.000002 0.000003 0.000009 0.000012 0.000016 0.000051 0.000070 0.000122 0.000227 0.000355 0.000544 0.000863 0.001308 0.002006 0.002979 0.004230 0.005856 0.008102 0.010778 0.014001 0.018055 0.022734 0.028009 0.033151 0.038466 0.044446 0.049702 0.054240 0.057784 0.060470 0.061386 0.061446 0.059283 0.055929 0.052104 0.046836 0.041285 0.035785 0.030047 0.024330 0.019786 0.015236 0.011298 0.008425 0.006038 0.004198 0.002923 0.002005 0.001233 0.000696 0.000478 0.000274 0.000159 0.000107 0.000060 0.000034 0.000019 0.000004 0.000000 0.000001 0.000001 0.000000 0.000000 0.000000 0.000000 0.000000 
t: 0.002227272727 start: 184 end: 254 0.000001 0.000000 0.000001 0.000001 0.000000 0.000002 0.000002 0.000004 0.000009 0.000022 0.000033 0.000058 0.000094 0.000195 0.000290 0.000478 0.000747 0.001152 0.001699 0.002726 0.003838 0.005216 0.007236 0.009897 0.012953 0.016905 0.021101 0.026576 0.031725 0.037385 0.043147 0.048227 0.053427 0.057235 0.060245 0.062217 0.061540 0.060090 0.057342 0.053341 0.048279 0.042943 0.036918 0.031574 0.025748 0.020833 0.015985 0.012114 0.008963 0.006410 0.004553 0.003199 0.002025 0.001310 0.000778 0.000544 0.000266 0.000168 0.000109 0.000064 0.000032 0.000017 0.000004 0.000006 0.000001 0.000000 0.000000 0.000000 0.000000 0.000000 0.000000 
t: 0.002139737991 start: 187 end: 255 0.000001 0.000001 0.000000 0.000000 0.000000 0.000006 0.000003 0.000005 0.000014 0.000031 0.000039 0.000096 0.000155 0.000262 0.000472 0.000656 0.001067 0.001625 0.002418 0.003465 0.005134 0.006805 0.009291 0.012501 0.016182 0.020651 0.025628 0.031293 0.036618 0.042077 0.047942 0.052906 0.057238 0.060575 0.061884 0.062088 0.060897 0.058228 0.054066 0.049189 0.043547 0.038286 0.031985 0.026313 0.020936 0.016387 0.012285 0.009142 0.006539 0.004585 0.003126 0.002059 0.001302 0.000842 0.000501 0.000235 0.000193 0.000112 0.000059 0.000027 0.000020 0.000006 0.000002 0.000002 0.000000 0.000000 0.000000 0.000000 0.000000 
t: 0.002058823530 start: 192 end: 260 0.000002 0.000002 0.000005 0.000001 0.000009 0.000006 0.000020 0.000053 0.000079 0.000165 0.000262 0.000386 0.000653 0.001047 0.001576 0.002345 0.003435 0.004886 0.006845 0.009115 0.012229 0.016089 0.020382 0.025661 0.031055 0.036583 0.042545 0.047932 0.053018 0.057686 0.060805 0.062355 0.062483 0.061320 0.058478 0.054365 0.049406 0.044042 0.037803 0.031837 0.026001 0.020844 0.016134 0.012228 0.008940 0.006380 0.004382 0.003081 0.001929 0.001304 0.000739 0.000442 0.000279 0.000169 0.000092 0.000046 0.000020 0.000015 0.000004 0.000004 0.000000 0.000000 0.000001 0.000000 0.000000 0.000000 0.000000 0.000000 0.000000 
t: 0.001983805668 start: 193 end: 260 0.000001 0.000002 0.000000 0.000003 0.000004 0.000004 0.000014 0.000021 0.000046 0.000090 0.000143 0.000270 0.000420 0.000680 0.001029 0.001568 0.002378 0.003423 0.005004 0.006810 0.009380 0.012509 0.016495 0.020897 0.025871 0.031491 0.037218 0.043207 0.048826 0.053930 0.058437 0.061578 0.062766 0.062774 0.061604 0.058286 0.054382 0.048837 0.043215 0.037171 0.031027 0.025326 0.020169 0.015484 0.011454 0.008383 0.005979 0.004142 0.002697 0.001852 0.001146 0.000668 0.000410 0.000219 0.000129 0.000069 0.000035 0.000013 0.000010 0.000003 0.000000 0.000000 0.000001 0.000000 0.000000 0.000000 0.000000 0.000000 
t: 0.001914062500 start: 194 end: 262 0.000001 0.000001 0.000001 0.000003 0.000000 0.000005 0.000003 0.000013 0.000030 0.000054 0.000079 0.000161 0.000289 0.000417 0.000717 0.001088 0.001697 0.002505 0.003647 0.005247 0.007172 0.009954 0.013131 0.017151 0.021456 0.027147 0.032608 0.038296 0.044446 0.050431 0.055553 0.059614 0.062048 0.063413 0.063403 0.061202 0.057553 0.053395 0.047968 0.042082 0.035902 0.029575 0.023976 0.018839 0.014387 0.010458 0.007729 0.005323 0.003633 0.002394 0.001552 0.001000 0.000553 0.000345 0.000154 0.000098 0.000052 0.000026 0.000013 0.000005 0.000004 0.000001 0.000000 0.000000 0.000000 0.000000 0.000000 0.000000 0.000000 
t: 0.001849056604 start: 196 end: 264 0.000001 0.000001 0.000001 0.000001 0.000002 0.000004 0.000006 0.000014 0.000027 0.000045 0.000115 0.000184 0.000284 0.000500 0.000767 0.001234 0.001934 0.002764 0.003896 0.005683 0.007822 0.010656 0.014130 0.018294 0.023186 0.028344 0.034407 0.040464 0.046571 0.051980 0.057625 0.060306 0.063477 0.063670 0.063355 0.060506 0.056793 0.052268 0.046452 0.040166 0.033636 0.027675 0.022140 0.017030 0.012770 0.009506 0.006610 0.004573 0.003132 0.002023 0.001232 0.000775 0.000467 0.000225 0.000131 0.000072 0.000037 0.000016 0.000011 0.000002 0.000002 0.000000 0.000000 0.000000 0.000000 0.000000 0.000000 0.000000 0.000000 
t: 0.001788321168 start: 198 end: 264 0.000001 0.000001 0.000000 0.000001 0.000003 0.000006 0.000010 0.000018 0.000040 0.000071 0.000099 0.000221 0.000318 0.000561 0.000913 0.001397 0.002108 0.003090 0.004612 0.006318 0.008684 0.011749 0.015639 0.020078 0.025170 0.030573 0.036783 0.043117 0.048891 0.054446 0.058947 0.062141 0.064420 0.064079 0.062609 0.059720 0.055383 0.050478 0.043830 0.037390 0.031223 0.024992 0.019849 0.014980 0.011278 0.007979 0.005686 0.003787 0.002512 0.001596 0.000928 0.000593 0.000314 0.000175 0.000105 0.000042 0.000028 0.000011 0.000006 0.000001 0.000000 0.000000 0.000000 0.000000 0.000000 0.000000 0.000000 
t: 0.001731448763 start: 199 end: 264 0.000001 0.000000 0.000001 0.000000 0.000003 0.000006 0.000002 0.000010 0.000032 0.000046 0.000084 0.000154 0.000230 0.000405 0.000689 0.001059 0.001659 0.002455 0.003711 0.005152 0.007278 0.009940 0.013332 0.017545 0.022207 0.027772 0.033554 0.039715 0.046033 0.051932 0.056859 0.060814 0.063642 0.065318 0.063825 0.061863 0.058740 0.053104 0.047127 0.040789 0.034349 0.027992 0.022313 0.017254 0.012853 0.009487 0.006494 0.004508 0.003048 0.001914 0.001120 0.000688 0.000435 0.000218 0.000119 0.000058 0.000037 0.000016 0.000006 0.000003 0.000000 0.000000 0.000000 0.000000 0.000000 0.000000 
t: 0.001678082192 start: 200 end: 267 0.000001 0.000000 0.000001 0.000000 0.000001 0.000003 0.000007 0.000006 0.000012 0.000033 0.000061 0.000114 0.000183 0.000293 0.000515 0.000834 0.001293 0.002059 0.003037 0.004303 0.006173 0.008409 0.011637 0.015458 0.019890 0.025038 0.030797 0.037031 0.043565 0.049566 0.055036 0.059132 0.063040 0.065417 0.064860 0.063429 0.060892 0.055854 0.050384 0.043438 0.037151 0.030488 0.024642 0.019265 0.014537 0.010464 0.007569 0.005140 0.003476 0.002242 0.001348 0.000805 0.000490 0.000280 0.000153 0.000081 0.000035 0.000018 0.000005 0.000005 0.000003 0.000000 0.000001 0.000000 0.000000 0.000000 0.000000 0.000000 
t: 0.001627906977 start: 201 end: 269 0.000001 0.000001 0.000000 0.000000 0.000001 0.000002 0.000001 0.000008 0.000007 0.000025 0.000052 0.000072 0.000144 0.000253 0.000370 0.000655 0.001108 0.001636 0.002529 0.003722 0.005227 0.007539 0.010093 0.013748 0.017961 0.022944 0.028485 0.034669 0.041024 0.047481 0.053492 0.057839 0.062667 0.064632 0.065681 0.064846 0.062354 0.058091 0.052444 0.046186 0.039579 0.033034 0.026650 0.020863 0.016011 0.011722 0.008177 0.005800 0.003960 0.002474 0.001587 0.000952 0.000533 0.000326 0.000188 0.000081 0.000034 0.000023 0.000009 0.000003 0.000002 0.000001 0.000001 0.000000 0.000000 0.000000 0.000000 0.000000 0.000000 
t: 0.001580645161 start: 202 end: 267 0.000002 0.000000 0.000000 0.000000 0.000000 0.000001 0.000004 0.000004 0.000007 0.000017 0.000033 0.000058 0.000116 0.000176 0.000342 0.000551 0.000904 0.001364 0.002150 0.003145 0.004647 0.006532 0.009183 0.012480 0.016410 0.021091 0.026572 0.032649 0.039088 0.045627 0.051447 0.057030 0.061953 0.064662 0.065894 0.065637 0.063645 0.059767 0.054966 0.048231 0.041679 0.034790 0.028479 0.022465 0.016993 0.012797 0.009025 0.006295 0.004214 0.002728 0.001767 0.001051 0.000606 0.000360 0.000196 0.000087 0.000053 0.000016 0.000004 0.000006 0.000003 0.000000 0.000001 0.000000 0.000000 0.000000 
t: 0.001536050157 start: 203 end: 269 0.000001 0.000000 0.000001 0.000000 0.000000 0.000001 0.000003 0.000001 0.000008 0.000013 0.000027 0.000040 0.000097 0.000147 0.000277 0.000470 0.000795 0.001156 0.001885 0.002764 0.004103 0.005868 0.008337 0.011227 0.015158 0.019913 0.025017 0.031015 0.037507 0.043984 0.050197 0.055897 0.061153 0.064246 0.066222 0.066485 0.064702 0.061681 0.056238 0.049969 0.043559 0.036484 0.029843 0.023529 0.018247 0.013527 0.009598 0.006735 0.004568 0.002921 0.001897 0.001083 0.000657 0.000340 0.000208 0.000113 0.000051 0.000018 0.000009 0.000004 0.000003 0.000001 0.000000 0.000000 0.000000 0.000000 0.000000 
t: 0.001493902439 start: 206 end: 270 0.000002 0.000000 0.000000 0.000002 0.000001 0.000000 0.000004 0.000013 0.000020 0.000042 0.000083 0.000124 0.000234 0.000414 0.000632 0.001051 0.001699 0.002466 0.003743 0.005298 0.007594 0.010422 0.014275 0.018834 0.023800 0.029787 0.036017 0.042790 0.049161 0.055297 0.060393 0.064353 0.066600 0.067065 0.065539 0.062270 0.057707 0.051604 0.044536 0.038058 0.030867 0.024392 0.019222 0.014196 0.010021 0.007017 0.004662 0.003151 0.001944 0.001168 0.000658 0.000356 0.000207 0.000126 0.000039 0.000027 0.000009 0.000006 0.000000 0.000001 0.000001 0.000000 0.000000 0.000000 0.000000 
t: 0.001454005935 start: 206 end: 271 0.000001 0.000001 0.000000 0.000000 0.000001 0.000000 0.000004 0.000002 0.000012 0.000024 0.000034 0.000074 0.000116 0.000211 0.000355 0.000574 0.000939 0.001446 0.002364 0.003427 0.004919 0.007169 0.009684 0.013444 0.017896 0.023040 0.028745 0.035052 0.042054 0.048375 0.054650 0.060181 0.064464 0.066623 0.067563 0.066036 0.063578 0.058524 0.052464 0.045903 0.038801 0.031634 0.025274 0.019647 0.014525 0.010423 0.007116 0.004893 0.003124 0.001967 0.001218 0.000650 0.000386 0.000199 0.000100 0.000043 0.000035 0.000011 0.000002 0.000002 0.000001 0.000000 0.000000 0.000000 0.000000 0.000000 
t: 0.001416184971 start: 210 end: 273 0.000001 0.000002 0.000000 0.000002 0.000004 0.000010 0.000022 0.000033 0.000067 0.000105 0.000181 0.000308 0.000563 0.000834 0.001375 0.002136 0.003293 0.004690 0.006568 0.009421 0.012839 0.017369 0.022326 0.027930 0.034613 0.041071 0.048292 0.054300 0.060044 0.064315 0.067079 0.068060 0.066828 0.063954 0.059177 0.053488 0.046291 0.039782 0.032211 0.025698 0.019609 0.014778 0.010550 0.007286 0.004770 0.003149 0.001994 0.001117 0.000715 0.000360 0.000203 0.000107 0.000042 0.000024 0.000008 0.000005 0.000001 0.000000 0.000000 0.000000 0.000000 0.000000 0.000000 0.000000 
t: 0.001380281690 start: 212 end: 275 0.000001 0.000002 0.000002 0.000005 0.000007 0.000015 0.000033 0.000059 0.000104 0.000155 0.000302 0.000490 0.000771 0.001301 0.002042 0.003015 0.004618 0.006474 0.008937 0.012479 0.017087 0.022039 0.027484 0.034058 0.040612 0.047950 0.054789 0.060177 0.064388 0.067472 0.068796 0.067083 0.064446 0.059690 0.053687 0.047238 0.039520 0.032686 0.025686 0.019773 0.014600 0.010484 0.007226 0.004783 0.003042 0.001891 0.001128 0.000631 0.000362 0.000213 0.000090 0.000047 0.000017 0.000007 0.000005 0.000001 0.000000 0.000000 0.000000 0.000000 0.000000 0.000000 0.000000 0.000000 
t: 0.001346153846 start: 214 end: 276 0.000002 0.000002 0.000003 0.000006 0.000016 0.000026 0.000054 0.000090 0.000163 0.000291 0.000453 0.000748 0.001259 0.001962 0.002995 0.004446 0.006277 0.008853 0.012390 0.016581 0.021894 0.027423 0.033887 0.040846 0.048085 0.054661 0.060444 0.064971 0.067792 0.069273 0.067631 0.064858 0.060156 0.053994 0.047132 0.039404 0.032327 0.025781 0.019547 0.014353 0.010187 0.007015 0.004589 0.003020 0.001772 0.001056 0.000614 0.000335 0.000171 0.000101 0.000036 0.000014 0.000010 0.000003 0.000001 0.000000 0.000000 0.000000 0.000000 0.000000 0.000000 0.000000 0.000000 
t: 0.001313672922 start: 215 end: 276 0.000002 0.000002 0.000006 0.000004 0.000016 0.000022 0.000055 0.000089 0.000151 0.000270 0.000448 0.000777 0.001199 0.001934 0.002838 0.004478 0.006252 0.009037 0.012304 0.016542 0.021609 0.027512 0.034150 0.041093 0.048619 0.054996 0.061189 0.065229 0.068670 0.069192 0.068333 0.064976 0.059942 0.054250 0.046767 0.039438 0.031944 0.025130 0.019031 0.013845 0.009956 0.006727 0.004362 0.002777 0.001735 0.000981 0.000556 0.000270 0.000156 0.000079 0.000038 0.000012 0.000008 0.000000 0.000002 0.000000 0.000000 0.000000 0.000000 0.000000 0.000000 0.000000 
t: 0.001282722513 start: 215 end: 278 0.000001 0.000001 0.000002 0.000005 0.000007 0.000009 0.000021 0.000049 0.000098 0.000153 0.000251 0.000501 0.000710 0.001233 0.001894 0.002952 0.004345 0.006404 0.009024 0.012325 0.016852 0.021789 0.028009 0.034366 0.042196 0.048904 0.055777 0.061743 0.065868 0.069659 0.069513 0.068266 0.064893 0.060128 0.053334 0.046457 0.038846 0.031128 0.024698 0.018338 0.013355 0.009623 0.006253 0.004086 0.002535 0.001546 0.000872 0.000480 0.000259 0.000124 0.000070 0.000029 0.000013 0.000003 0.000002 0.000001 0.000000 0.000000 0.000000 0.000000 0.000000 0.000000 0.000000 0.000000 
t: 0.001253196931 start: 216 end: 278 0.000001 0.000000 0.000002 0.000006 0.000002 0.000012 0.000024 0.000051 0.000095 0.000153 0.000280 0.000456 0.000756 0.001226 0.001902 0.002960 0.004598 0.006313 0.009256 0.012669 0.017135 0.022494 0.028432 0.035118 0.043075 0.049980 0.056654 0.062513 0.066987 0.069692 0.070008 0.068373 0.064949 0.059555 0.053164 0.045457 0.037704 0.030503 0.023338 0.017494 0.012921 0.008795 0.005816 0.003752 0.002387 0.001346 0.000739 0.000436 0.000227 0.000104 0.000052 0.000020 0.000010 0.000006 0.000001 0.000001 0.000000 0.000000 0.000000 0.000000 0.000000 0.000000 0.000000 
t: 0.001225000000 start: 218 end: 279 0.000001 0.000004 0.000002 0.000006 0.000008 0.000035 0.000051 0.000082 0.000175 0.000302 0.000447 0.000775 0.001280 0.001956 0.003126 0.004522 0.006684 0.009431 0.013132 0.017738 0.023043 0.029452 0.036290 0.043947 0.051074 0.058079 0.063348 0.067883 0.070028 0.070731 0.068345 0.064693 0.058970 0.052072 0.044308 0.036619 0.029069 0.022429 0.016708 0.011875 0.007954 0.005268 0.003454 0.002088 0.001176 0.000640 0.000337 0.000200 0.000092 0.000038 0.000019 0.000010 0.000003 0.000000 0.000001 0.000000 0.000000 0.000000 0.000000 0.000000 0.000000 0.000000 
t: 0.001198044010 start: 219 end: 280 0.000003 0.000002 0.000002 0.000003 0.000022 0.000022 0.000051 0.000092 0.000167 0.000313 0.000477 0.000805 0.001283 0.002175 0.003234 0.004769 0.007009 0.009875 0.013712 0.018291 0.023975 0.030672 0.037489 0.045285 0.052488 0.059402 0.064452 0.068974 0.071041 0.070540 0.068397 0.064177 0.057882 0.050927 0.042954 0.035119 0.027565 0.021098 0.015477 0.010778 0.007263 0.004741 0.003057 0.001810 0.000997 0.000529 0.000321 0.000153 0.000072 0.000039 0.000013 0.000003 0.000002 0.000001 0.000000 0.000000 0.000000 0.000000 0.000000 0.000000 0.000000 0.000000 
t: 0.001172248804 start: 220 end: 281 0.000003 0.000002 0.000002 0.000003 0.000013 0.000026 0.000053 0.000109 0.000191 0.000329 0.000502 0.000835 0.001382 0.002299 0.003384 0.005074 0.007423 0.010473 0.014423 0.019223 0.025245 0.031894 0.039284 0.046682 0.054057 0.060439 0.066211 0.070223 0.071142 0.070875 0.068316 0.063326 0.056665 0.049182 0.041411 0.033418 0.025901 0.019578 0.014021 0.009799 0.006561 0.004155 0.002591 0.001487 0.000838 0.000488 0.000253 0.000112 0.000058 0.000026 0.000005 0.000006 0.000001 0.000001 0.000000 0.000000 0.000000 0.000000 0.000000 0.000000 0.000000 0.000000 
t: 0.001147540984 start: 220 end: 280 0.000001 0.000000 0.000003 0.000002 0.000004 0.000012 0.000029 0.000051 0.000123 0.000215 0.000315 0.000541 0.000889 0.001557 0.002397 0.003757 0.005446 0.007856 0.011128 0.015325 0.020505 0.026378 0.033481 0.041038 0.048569 0.056134 0.062289 0.067905 0.070476 0.071802 0.071422 0.067273 0.061809 0.055256 0.047444 0.039540 0.031369 0.024112 0.018009 0.012617 0.008768 0.005678 0.003604 0.002181 0.001276 0.000711 0.000360 0.000187 0.000094 0.000032 0.000017 0.000008 0.000003 0.000002 0.000000 0.000000 0.000000 0.000000 0.000000 0.000000 0.000000 
t: 0.001123853211 start: 221 end: 281 0.000001 0.000000 0.000002 0.000003 0.000008 0.000015 0.000026 0.000075 0.000125 0.000197 0.000382 0.000605 0.001021 0.001649 0.002670 0.003927 0.005949 0.008380 0.012160 0.016490 0.021741 0.028116 0.035323 0.042843 0.050753 0.058026 0.064388 0.068930 0.071460 0.072635 0.070505 0.066657 0.060817 0.053188 0.045215 0.037154 0.029304 0.022341 0.016104 0.011305 0.007565 0.004981 0.003041 0.001804 0.001035 0.000557 0.000281 0.000143 0.000043 0.000037 0.000017 0.000004 0.000001 0.000001 0.000000 0.000000 0.000000 0.000000 0.000000 0.000000 0.000000 
t: 0.001101123596 start: 222 end: 281 0.000001 0.000000 0.000002 0.000003 0.000010 0.000012 0.000033 0.000087 0.000137 0.000236 0.000383 0.000691 0.001118 0.001807 0.002956 0.004413 0.006492 0.009146 0.013109 0.017836 0.023272 0.030045 0.037249 0.045244 0.052920 0.060032 0.066295 0.070435 0.072786 0.072510 0.070281 0.065193 0.058679 0.051314 0.042623 0.034635 0.027194 0.020085 0.014465 0.009977 0.006589 0.004165 0.002483 0.001461 0.000788 0.000434 0.000205 0.000085 0.000047 0.000023 0.000012 0.000001 0.000001 0.000000 0.000000 0.000000 0.000000 0.000000 0.000000 0.000000 
t: 0.001079295154 start: 223 end: 282 0.000001 0.000002 0.000001 0.000005 0.000011 0.000016 0.000055 0.000078 0.000139 0.000278 0.000434 0.000765 0.001279 0.002079 0.003209 0.004923 0.007087 0.010334 0.014123 0.019279 0.025158 0.032288 0.039560 0.047689 0.055524 0.062404 0.068009 0.072090 0.073285 0.072334 0.069515 0.063664 0.056296 0.048717 0.040201 0.032050 0.024560 0.017803 0.012775 0.008648 0.005562 0.003447 0.001970 0.001152 0.000634 0.000306 0.000135 0.000074 0.000029 0.000018 0.000004 0.000000 0.000001 0.000000 0.000000 0.000000 0.000000 0.000000 0.000000 0.000000 
t: 0.001058315335 start: 224 end: 282 0.000003 0.000001 0.000000 0.000008 0.000011 0.000034 0.000048 0.000085 0.000170 0.000308 0.000498 0.000875 0.001441 0.002346 0.003723 0.005366 0.008022 0.011239 0.015724 0.021031 0.027328 0.034564 0.042254 0.050091 0.058175 0.065062 0.069936 0.073015 0.073979 0.071949 0.068062 0.061563 0.054140 0.045830 0.037239 0.029096 0.021865 0.015946 0.011012 0.007229 0.004685 0.002696 0.001621 0.000903 0.000458 0.000183 0.000104 0.000050 0.000018 0.000010 0.000002 0.000002 0.000000 0.000000 0.000000 0.000000 0.000000 0.000000 0.000000 
t: 0.001038135593 start: 224 end: 283 0.000001 0.000001 0.000002 0.000003 0.000004 0.000011 0.000035 0.000063 0.000105 0.000204 0.000348 0.000575 0.001014 0.001651 0.002727 0.004116 0.006195 0.008891 0.012594 0.017223 0.022965 0.029869 0.037127 0.045062 0.053412 0.061096 0.067039 0.071650 0.074289 0.073751 0.071250 0.066270 0.059311 0.051165 0.042802 0.034035 0.026220 0.019338 0.013941 0.009223 0.006090 0.003710 0.002119 0.001276 0.000652 0.000302 0.000150 0.000073 0.000031 0.000012 0.000003 0.000004 0.000000 0.000000 0.000000 0.000000 0.000000 0.000000 0.000000 0.000000 
t: 0.001018711019 start: 224 end: 283 0.000001 0.000000 0.000001 0.000001 0.000005 0.000009 0.000017 0.000034 0.000081 0.000133 0.000217 0.000392 0.000720 0.001197 0.001956 0.003075 0.004790 0.006899 0.010049 0.014147 0.019211 0.025237 0.032164 0.040204 0.048502 0.056827 0.063242 0.069611 0.073096 0.074947 0.073515 0.070186 0.063989 0.056253 0.048233 0.039379 0.031004 0.022863 0.017108 0.011751 0.007754 0.004787 0.002990 0.001638 0.000917 0.000457 0.000235 0.000100 0.000047 0.000019 0.000004 0.000005 0.000001 0.000000 0.000000 0.000000 0.000000 0.000000 0.000000 0.000000 
t: 0.001000000000 start: 225 end: 284 0.000001 0.000001 0.000000 0.000005 0.000003 0.000009 0.000029 0.000048 0.000090 0.000150 0.000271 0.000494 0.000851 0.001371 0.002289 0.003634 0.005432 0.007922 0.011351 0.015898 0.021247 0.027771 0.035312 0.043696 0.051961 0.059632 0.066276 0.071595 0.075052 0.074866 0.072517 0.068137 0.061532 0.053368 0.044472 0.035820 0.027456 0.020225 0.014529 0.009849 0.006219 0.003862 0.002268 0.001233 0.000663 0.000342 0.000138 0.000069 0.000031 0.000005 0.000006 0.000001 0.000000 0.000001 0.000000 0.000000 0.000000 0.000000 0.000000 0.000000 
