t: 0.059999999999 start: 16 end: 55 0.000002 0.000009 0.000038 0.000134 0.000459 0.001404 0.003577 0.008549 0.017189 0.031499 0.051385 0.075231 0.100336 0.117671 0.126156 0.122100 0.106701 0.085033 0.061908 0.040851 0.024544 0.013455 0.006729 0.003005 0.001250 0.000513 0.000185 0.000063 0.000016 0.000004 0.000003 0.000001 0.000000 0.000000 0.000000 0.000000 0.000000 0.000000 0.000000 0.000000 
t: 0.054545454544 start: 19 end: 57 0.000005 0.000035 0.000113 0.000337 0.001062 0.002728 0.006329 0.012608 0.023998 0.039880 0.060276 0.083525 0.103887 0.117387 0.120869 0.113746 0.097410 0.076998 0.055378 0.037182 0.022097 0.012477 0.006397 0.003069 0.001337 0.000564 0.000206 0.000070 0.000019 0.000009 0.000002 0.000000 0.000000 0.000000 0.000000 0.000000 0.000000 0.000000 0.000000 
t: 0.049999999999 start: 20 end: 60 0.000002 0.000004 0.000019 0.000099 0.000272 0.000812 0.002117 0.004793 0.009843 0.018566 0.031524 0.049255 0.069959 0.090191 0.106612 0.115880 0.114712 0.104378 0.088761 0.068495 0.049274 0.032432 0.019982 0.011153 0.005867 0.002863 0.001258 0.000525 0.000216 0.000100 0.000021 0.000013 0.000002 0.000000 0.000000 0.000000 0.000000 0.000000 0.000000 0.000000 0.000000 
t: 0.046153846153 start: 22 end: 63 0.000002 0.000004 0.000025 0.000060 0.000253 0.000664 0.001670 0.003812 0.007982 0.014682 0.025656 0.040737 0.058863 0.078549 0.096168 0.108081 0.112550 0.107965 0.095272 0.079149 0.060405 0.042950 0.027913 0.017220 0.009666 0.005169 0.002529 0.001149 0.000521 0.000212 0.000074 0.000029 0.000016 0.000003 0.000000 0.000000 0.000000 0.000000 0.000000 0.000000 0.000000 0.000000 
t: 0.042857142857 start: 24 end: 67 0.000001 0.000006 0.000025 0.000070 0.000221 0.000540 0.001419 0.003084 0.006501 0.012285 0.021263 0.034142 0.050788 0.068322 0.086291 0.100180 0.108175 0.107524 0.099860 0.086401 0.069778 0.052150 0.036345 0.023796 0.014471 0.008069 0.004326 0.002222 0.001042 0.000426 0.000170 0.000068 0.000023 0.000013 0.000002 0.000000 0.000001 0.000000 0.000000 0.000000 0.000000 0.000000 0.000000 0.000000 
t: 0.040000000000 start: 27 end: 70 0.000006 0.000024 0.000058 0.000173 0.000508 0.001194 0.002631 0.005487 0.010494 0.018218 0.029498 0.043901 0.060321 0.077690 0.092476 0.102323 0.105369 0.101924 0.091083 0.077077 0.060262 0.043850 0.030373 0.019599 0.011910 0.006698 0.003582 0.001840 0.000824 0.000352 0.000149 0.000065 0.000023 0.000012 0.000004 0.000002 0.000000 0.000000 0.000000 0.000000 0.000000 0.000000 0.000000 0.000000 
t: 0.037500000000 start: 28 end: 73 0.000001 0.000005 0.000016 0.000057 0.000179 0.000486 0.001017 0.002311 0.004862 0.009345 0.016015 0.025520 0.038465 0.053859 0.070065 0.085678 0.096827 0.102155 0.101070 0.094304 0.081722 0.067163 0.051341 0.036858 0.024771 0.015816 0.009479 0.005298 0.002820 0.001408 0.000615 0.000268 0.000121 0.000052 0.000020 0.000007 0.000003 0.000000 0.000001 0.000000 0.000000 0.000000 0.000000 0.000000 0.000000 0.000000 
t: 0.035294117647 start: 29 end: 77 0.000001 0.000004 0.000006 0.000018 0.000075 0.000194 0.000390 0.001001 0.002178 0.004283 0.008320 0.014147 0.022946 0.034464 0.048951 0.063910 0.079222 0.091089 0.099185 0.100090 0.094412 0.085199 0.072169 0.057250 0.042672 0.030240 0.019705 0.012321 0.007443 0.004153 0.002063 0.001048 0.000461 0.000239 0.000087 0.000042 0.000010 0.000009 0.000001 0.000001 0.000001 0.000000 0.000000 0.000000 0.000000 0.000000 0.000000 0.000000 0.000000 
t: 0.033333333333 start: 31 end: 79 0.000001 0.000004 0.000010 0.000015 0.000061 0.000165 0.000416 0.000969 0.002055 0.004100 0.007516 0.012924 0.020959 0.031719 0.044574 0.058740 0.074025 0.086424 0.094870 0.097950 0.095204 0.087357 0.075305 0.061899 0.047683 0.034810 0.023749 0.015506 0.009576 0.005489 0.002922 0.001557 0.000802 0.000341 0.000185 0.000066 0.000036 0.000008 0.000006 0.000001 0.000000 0.000001 0.000000 0.000000 0.000000 0.000000 0.000000 0.000000 0.000000 
t: 0.031578947368 start: 33 end: 82 0.000001 0.000002 0.000009 0.000025 0.000065 0.000157 0.000426 0.000935 0.001999 0.003866 0.007120 0.011849 0.019474 0.029241 0.041302 0.055261 0.069535 0.082031 0.090952 0.095723 0.094676 0.088528 0.078174 0.064776 0.051828 0.038860 0.027563 0.018552 0.011677 0.006997 0.004034 0.002256 0.001105 0.000522 0.000293 0.000115 0.000034 0.000026 0.000002 0.000006 0.000002 0.000001 0.000000 0.000000 0.000000 0.000000 0.000000 0.000000 0.000000 0.000000 
t: 0.030000000000 start: 36 end: 83 0.000003 0.000010 0.000030 0.000075 0.000194 0.000455 0.000936 0.001980 0.003729 0.006873 0.011357 0.018246 0.027393 0.038898 0.052633 0.065752 0.078380 0.087998 0.093027 0.093048 0.089052 0.079348 0.067839 0.055004 0.042360 0.030762 0.021277 0.013645 0.008667 0.005144 0.002862 0.001548 0.000802 0.000379 0.000176 0.000072 0.000026 0.000011 0.000005 0.000004 0.000000 0.000000 0.000000 0.000000 0.000000 0.000000 0.000000 0.000000 
t: 0.028571428571 start: 37 end: 86 0.000002 0.000006 0.000010 0.000035 0.000104 0.000192 0.000453 0.000981 0.001922 0.003698 0.006573 0.011174 0.017413 0.026464 0.037416 0.049891 0.063010 0.075027 0.084754 0.090908 0.092172 0.088536 0.079940 0.069633 0.057674 0.044815 0.033737 0.023602 0.015958 0.010137 0.006176 0.003460 0.002075 0.001054 0.000548 0.000256 0.000114 0.000051 0.000017 0.000005 0.000004 0.000003 0.000000 0.000000 0.000000 0.000000 0.000000 0.000000 0.000000 0.000000 
t: 0.027272727273 start: 37 end: 88 0.000001 0.000001 0.000002 0.000002 0.000024 0.000040 0.000084 0.000213 0.000459 0.001008 0.002054 0.003740 0.006609 0.011002 0.017098 0.025527 0.036111 0.048452 0.060873 0.072373 0.082522 0.088491 0.090786 0.087267 0.080689 0.070691 0.059582 0.047156 0.035923 0.025513 0.017589 0.011556 0.007161 0.004270 0.002456 0.001356 0.000683 0.000355 0.000161 0.000071 0.000028 0.000012 0.000006 0.000003 0.000000 0.000000 0.000000 0.000000 0.000000 0.000000 0.000000 0.000000 
t: 0.026086956522 start: 39 end: 89 0.000002 0.000000 0.000004 0.000012 0.000016 0.000035 0.000106 0.000232 0.000505 0.001089 0.002165 0.003889 0.006716 0.010874 0.017170 0.025411 0.035055 0.047050 0.059095 0.070897 0.080489 0.086788 0.088495 0.086405 0.080668 0.071580 0.060714 0.048688 0.037342 0.027285 0.018999 0.012835 0.008304 0.004953 0.002878 0.001585 0.000806 0.000443 0.000226 0.000124 0.000034 0.000027 0.000006 0.000003 0.000000 0.000000 0.000000 0.000000 0.000000 0.000000 0.000000 
t: 0.025000000000 start: 40 end: 92 0.000001 0.000001 0.000000 0.000004 0.000009 0.000026 0.000056 0.000113 0.000231 0.000602 0.001186 0.002224 0.004054 0.006952 0.011258 0.017054 0.024997 0.035221 0.045927 0.058071 0.069458 0.078963 0.084458 0.087565 0.085997 0.079925 0.071746 0.061123 0.049675 0.038740 0.028544 0.020068 0.014016 0.009072 0.005474 0.003288 0.001879 0.000963 0.000536 0.000255 0.000135 0.000070 0.000039 0.000013 0.000009 0.000002 0.000000 0.000000 0.000000 0.000000 0.000000 0.000000 0.000000 
t: 0.024000000000 start: 41 end: 95 0.000001 0.000000 0.000001 0.000002 0.000003 0.000010 0.000032 0.000054 0.000135 0.000327 0.000670 0.001268 0.002463 0.004277 0.007181 0.011580 0.017534 0.025385 0.034822 0.046257 0.057453 0.067810 0.077312 0.083726 0.086283 0.084836 0.079317 0.071195 0.061138 0.050312 0.039403 0.029557 0.021182 0.014615 0.009640 0.006065 0.003719 0.002069 0.001102 0.000623 0.000326 0.000160 0.000084 0.000042 0.000017 0.000007 0.000004 0.000001 0.000000 0.000000 0.000000 0.000000 0.000000 0.000000 0.000000 
t: 0.023076923077 start: 43 end: 97 0.000001 0.000001 0.000000 0.000000 0.000005 0.000014 0.000029 0.000080 0.000165 0.000349 0.000750 0.001461 0.002601 0.004556 0.007630 0.012027 0.018196 0.025723 0.035594 0.046425 0.056719 0.067391 0.076535 0.082667 0.084639 0.083521 0.078312 0.070854 0.060914 0.050645 0.039812 0.029955 0.021662 0.015250 0.009979 0.006501 0.003994 0.002293 0.001313 0.000690 0.000395 0.000178 0.000098 0.000034 0.000025 0.000012 0.000003 0.000001 0.000001 0.000000 0.000000 0.000000 0.000000 0.000000 0.000000 
t: 0.022222222222 start: 46 end: 100 0.000001 0.000001 0.000001 0.000008 0.000014 0.000056 0.000091 0.000202 0.000418 0.000864 0.001647 0.002874 0.004977 0.008039 0.012751 0.018815 0.026771 0.036170 0.046338 0.057316 0.067481 0.075755 0.081641 0.083914 0.082486 0.076879 0.069768 0.059981 0.050105 0.039987 0.030271 0.022069 0.015480 0.010358 0.006812 0.004217 0.002474 0.001384 0.000795 0.000400 0.000204 0.000098 0.000048 0.000022 0.000013 0.000001 0.000003 0.000000 0.000000 0.000000 0.000000 0.000000 0.000000 0.000000 0.000000 
t: 0.021428571428 start: 46 end: 98 0.000001 0.000000 0.000000 0.000000 0.000004 0.000006 0.000022 0.000055 0.000126 0.000241 0.000473 0.000992 0.001867 0.003258 0.005582 0.008780 0.013390 0.019887 0.027729 0.036852 0.046956 0.058100 0.067213 0.075509 0.081008 0.082636 0.081139 0.075992 0.068546 0.059585 0.049257 0.039254 0.030259 0.022194 0.015522 0.010469 0.006937 0.004267 0.002650 0.001528 0.000855 0.000437 0.000225 0.000101 0.000057 0.000024 0.000012 0.000003 0.000000 0.000000 0.000000 0.000000 0.000000 
t: 0.020689655172 start: 48 end: 102 0.000001 0.000000 0.000001 0.000000 0.000007 0.000010 0.000028 0.000070 0.000141 0.000260 0.000622 0.001162 0.002186 0.003707 0.006120 0.009640 0.014338 0.020962 0.028827 0.038171 0.048427 0.058665 0.067623 0.075329 0.080011 0.081602 0.079259 0.075108 0.067451 0.058072 0.048748 0.038385 0.029716 0.021911 0.015309 0.010659 0.007038 0.004414 0.002705 0.001544 0.000831 0.000478 0.000218 0.000126 0.000062 0.000037 0.000010 0.000007 0.000002 0.000000 0.000000 0.000000 0.000000 0.000000 0.000000 
t: 0.020000000000 start: 49 end: 105 0.000001 0.000001 0.000000 0.000001 0.000001 0.000007 0.000014 0.000043 0.000091 0.000190 0.000333 0.000761 0.001361 0.002432 0.004305 0.006876 0.010619 0.015589 0.022193 0.030333 0.039792 0.049623 0.059711 0.068216 0.075472 0.079098 0.080483 0.078489 0.073099 0.065967 0.056674 0.047173 0.037740 0.028679 0.021487 0.015348 0.010530 0.006771 0.004452 0.002642 0.001558 0.000876 0.000468 0.000254 0.000128 0.000058 0.000032 0.000024 0.000004 0.000001 0.000000 0.000000 0.000000 0.000000 0.000000 0.000000 0.000000 
t: 0.019354838710 start: 52 end: 107 0.000001 0.000000 0.000001 0.000003 0.000014 0.000022 0.000057 0.000115 0.000233 0.000469 0.000913 0.001661 0.002841 0.004916 0.007761 0.011630 0.017052 0.023885 0.032109 0.041241 0.051326 0.060750 0.068965 0.075146 0.078935 0.079627 0.076720 0.071787 0.063570 0.055303 0.045534 0.036699 0.027998 0.020810 0.014774 0.010064 0.006836 0.004314 0.002603 0.001507 0.000854 0.000451 0.000245 0.000133 0.000069 0.000034 0.000016 0.000004 0.000002 0.000000 0.000000 0.000000 0.000000 0.000000 0.000000 0.000000 
t: 0.018750000000 start: 56 end: 111 0.000003 0.000007 0.000014 0.000032 0.000081 0.000155 0.000298 0.000605 0.001166 0.001956 0.003454 0.005702 0.008588 0.013017 0.018601 0.025534 0.034148 0.043496 0.052777 0.062072 0.069855 0.075366 0.078274 0.078093 0.075169 0.069468 0.061879 0.053522 0.044342 0.035391 0.026957 0.019822 0.014085 0.009670 0.006485 0.004128 0.002517 0.001468 0.000842 0.000448 0.000246 0.000135 0.000068 0.000038 0.000018 0.000003 0.000004 0.000001 0.000000 0.000000 0.000000 0.000000 0.000000 0.000000 0.000000 0.000000 
t: 0.018181818182 start: 58 end: 113 0.000004 0.000007 0.000027 0.000035 0.000104 0.000208 0.000404 0.000799 0.001338 0.002489 0.004044 0.006441 0.009847 0.014447 0.020394 0.027854 0.036567 0.045433 0.054498 0.063495 0.070510 0.075318 0.077820 0.076709 0.073598 0.067864 0.059995 0.051095 0.042564 0.033629 0.025343 0.018953 0.013416 0.009252 0.006132 0.003839 0.002388 0.001403 0.000795 0.000417 0.000263 0.000134 0.000067 0.000027 0.000022 0.000004 0.000007 0.000001 0.000000 0.000000 0.000000 0.000000 0.000000 0.000000 0.000000 0.000000 
t: 0.017647058823 start: 58 end: 116 0.000001 0.000001 0.000005 0.000011 0.000030 0.000060 0.000126 0.000288 0.000534 0.000968 0.001638 0.003024 0.004834 0.007390 0.011303 0.016078 0.022710 0.030078 0.038928 0.047686 0.056630 0.064393 0.071703 0.075019 0.076922 0.075716 0.072125 0.065689 0.057521 0.049293 0.040232 0.031327 0.024026 0.017734 0.012837 0.008631 0.005584 0.003746 0.002206 0.001306 0.000744 0.000433 0.000246 0.000119 0.000066 0.000032 0.000015 0.000007 0.000002 0.000002 0.000001 0.000000 0.000000 0.000000 0.000000 0.000000 0.000000 0.000000 0.000000 
t: 0.017142857143 start: 59 end: 118 0.000001 0.000001 0.000004 0.000009 0.000017 0.000040 0.000101 0.000176 0.000349 0.000677 0.001260 0.002172 0.003631 0.005593 0.008740 0.013006 0.018073 0.024793 0.032569 0.041356 0.050110 0.059161 0.066014 0.072148 0.075319 0.075942 0.074426 0.069720 0.063036 0.055251 0.046474 0.037905 0.029570 0.022650 0.016587 0.011594 0.007976 0.005290 0.003320 0.002131 0.001229 0.000756 0.000393 0.000221 0.000099 0.000062 0.000027 0.000010 0.000006 0.000002 0.000002 0.000001 0.000000 0.000000 0.000000 0.000000 0.000000 0.000000 0.000000 0.000000 
t: 0.016666666667 start: 61 end: 119 0.000001 0.000000 0.000008 0.000017 0.000023 0.000066 0.000120 0.000253 0.000510 0.000916 0.001569 0.002587 0.004312 0.006835 0.010140 0.014727 0.020203 0.027382 0.035268 0.044247 0.052936 0.060933 0.067671 0.072490 0.075523 0.075324 0.072117 0.067492 0.060488 0.052429 0.044007 0.035392 0.027610 0.020839 0.015170 0.010612 0.007314 0.004968 0.003083 0.001897 0.001122 0.000654 0.000345 0.000212 0.000096 0.000045 0.000020 0.000015 0.000007 0.000003 0.000001 0.000000 0.000001 0.000000 0.000000 0.000000 0.000000 0.000000 0.000000 
t: 0.016216216216 start: 64 end: 120 0.000004 0.000011 0.000020 0.000041 0.000094 0.000165 0.000366 0.000677 0.001114 0.001976 0.003238 0.005229 0.008001 0.011962 0.016779 0.022770 0.030037 0.038500 0.046853 0.055423 0.063121 0.068975 0.073304 0.075196 0.074094 0.070462 0.064689 0.057453 0.049471 0.041079 0.033186 0.025173 0.019156 0.013912 0.009698 0.006624 0.004394 0.002798 0.001754 0.000967 0.000569 0.000316 0.000165 0.000084 0.000060 0.000022 0.000009 0.000007 0.000000 0.000002 0.000000 0.000000 0.000000 0.000000 0.000000 0.000000 0.000000 
t: 0.015789473684 start: 65 end: 123 0.000003 0.000005 0.000014 0.000036 0.000067 0.000133 0.000255 0.000455 0.000856 0.001447 0.002493 0.004102 0.006255 0.009657 0.013691 0.019084 0.025654 0.032970 0.041651 0.049665 0.057858 0.064886 0.070875 0.073809 0.074436 0.072289 0.068275 0.061777 0.054412 0.046576 0.038209 0.030376 0.023467 0.017126 0.012631 0.008889 0.005901 0.003880 0.002361 0.001480 0.000911 0.000505 0.000272 0.000141 0.000086 0.000040 0.000024 0.000008 0.000004 0.000002 0.000000 0.000000 0.000001 0.000000 0.000000 0.000000 0.000000 0.000000 0.000000 
t: 0.015384615385 start: 66 end: 125 0.000003 0.000006 0.000010 0.000020 0.000045 0.000087 0.000194 0.000364 0.000593 0.001157 0.001938 0.003133 0.004979 0.007807 0.011076 0.016079 0.021634 0.028721 0.036440 0.044639 0.053078 0.060817 0.067016 0.071128 0.073789 0.073318 0.070307 0.065200 0.058999 0.051389 0.043303 0.035291 0.027929 0.021097 0.015701 0.011228 0.007802 0.005211 0.003394 0.002041 0.001315 0.000789 0.000421 0.000230 0.000146 0.000068 0.000036 0.000020 0.000005 0.000003 0.000003 0.000001 0.000000 0.000000 0.000000 0.000000 0.000000 0.000000 0.000000 0.000000 
t: 0.015000000000 start: 66 end: 125 0.000001 0.000000 0.000005 0.000007 0.000014 0.000028 0.000073 0.000136 0.000264 0.000466 0.000904 0.001516 0.002410 0.004000 0.006271 0.009357 0.013353 0.018261 0.024767 0.032050 0.039804 0.048058 0.055918 0.063203 0.068414 0.072176 0.072729 0.072075 0.068187 0.062537 0.055918 0.047768 0.040171 0.032401 0.025255 0.019024 0.013961 0.009944 0.006720 0.004567 0.002898 0.001869 0.001096 0.000629 0.000366 0.000192 0.000117 0.000063 0.000028 0.000015 0.000009 0.000004 0.000001 0.000000 0.000000 0.000000 0.000000 0.000000 0.000000 0.000000 
t: 0.014634146341 start: 69 end: 127 0.000004 0.000003 0.000008 0.000024 0.000047 0.000101 0.000211 0.000389 0.000654 0.001196 0.001959 0.003186 0.005105 0.007633 0.011127 0.015953 0.021149 0.028060 0.035269 0.043345 0.051457 0.058852 0.065234 0.069822 0.072338 0.072529 0.069961 0.065407 0.059678 0.052267 0.044878 0.036644 0.029025 0.022605 0.017025 0.012325 0.008580 0.005800 0.003976 0.002507 0.001538 0.000929 0.000530 0.000298 0.000180 0.000090 0.000052 0.000020 0.000015 0.000012 0.000003 0.000000 0.000000 0.000000 0.000000 0.000000 0.000000 0.000000 0.000000 
t: 0.014285714286 start: 69 end: 129 0.000002 0.000001 0.000001 0.000010 0.000017 0.000027 0.000074 0.000161 0.000277 0.000518 0.000909 0.001607 0.002656 0.004109 0.006378 0.009456 0.013245 0.018428 0.024497 0.031269 0.038960 0.047212 0.054817 0.061741 0.066776 0.070683 0.072567 0.071128 0.067872 0.062769 0.056012 0.048810 0.041225 0.032817 0.026491 0.020200 0.014664 0.010717 0.007415 0.005041 0.003294 0.002152 0.001269 0.000745 0.000431 0.000239 0.000138 0.000092 0.000039 0.000022 0.000009 0.000007 0.000004 0.000000 0.000000 0.000000 0.000000 0.000000 0.000000 0.000000 0.000000 
t: 0.013953488372 start: 69 end: 130 0.000001 0.000000 0.000001 0.000003 0.000005 0.000010 0.000033 0.000056 0.000118 0.000220 0.000389 0.000739 0.001276 0.002106 0.003494 0.005287 0.007920 0.011328 0.015660 0.021667 0.027605 0.035516 0.042761 0.050903 0.057739 0.064021 0.068551 0.071639 0.071433 0.069295 0.065177 0.059770 0.052269 0.045068 0.037381 0.029957 0.023254 0.017560 0.013000 0.009142 0.006370 0.004289 0.002816 0.001724 0.001029 0.000617 0.000371 0.000201 0.000105 0.000055 0.000033 0.000021 0.000008 0.000004 0.000003 0.000000 0.000000 0.000000 0.000000 0.000000 0.000000 0.000000 
t: 0.013636363636 start: 71 end: 134 0.000001 0.000002 0.000003 0.000003 0.000013 0.000028 0.000045 0.000081 0.000150 0.000337 0.000594 0.001037 0.001699 0.002884 0.004455 0.006692 0.009514 0.013842 0.018764 0.024627 0.031627 0.039057 0.047064 0.054438 0.060787 0.066277 0.069646 0.071839 0.069808 0.067083 0.062351 0.055771 0.048928 0.041041 0.033596 0.026684 0.020292 0.015357 0.011258 0.007772 0.005301 0.003627 0.002257 0.001374 0.000844 0.000539 0.000280 0.000149 0.000089 0.000047 0.000022 0.000012 0.000008 0.000001 0.000002 0.000001 0.000000 0.000000 0.000000 0.000000 0.000000 0.000000 0.000000 0.000000 
t: 0.013333333333 start: 73 end: 136 0.000001 0.000002 0.000003 0.000010 0.000016 0.000044 0.000070 0.000130 0.000245 0.000502 0.000815 0.001434 0.002305 0.003790 0.005648 0.008236 0.011815 0.016431 0.021872 0.028713 0.035608 0.042996 0.050995 0.057888 0.063612 0.068195 0.070101 0.070442 0.068496 0.064571 0.058944 0.052078 0.044590 0.037106 0.029860 0.023266 0.017901 0.013267 0.009473 0.006630 0.004445 0.003011 0.001773 0.001104 0.000708 0.000370 0.000213 0.000139 0.000066 0.000032 0.000023 0.000007 0.000004 0.000001 0.000001 0.000002 0.000000 0.000000 0.000000 0.000000 0.000000 0.000000 0.000000 0.000000 
t: 0.013043478261 start: 74 end: 138 0.000001 0.000002 0.000005 0.000005 0.000017 0.000016 0.000067 0.000101 0.000208 0.000400 0.000688 0.001220 0.001954 0.003202 0.004780 0.007164 0.010351 0.014348 0.019497 0.025508 0.032604 0.039899 0.047282 0.054554 0.060825 0.066432 0.069142 0.070289 0.069073 0.066158 0.060954 0.055140 0.048098 0.040530 0.033001 0.026335 0.020321 0.015443 0.011283 0.007979 0.005478 0.003724 0.002339 0.001527 0.000864 0.000509 0.000306 0.000171 0.000095 0.000052 0.000031 0.000019 0.000003 0.000001 0.000002 0.000001 0.000002 0.000000 0.000000 0.000000 0.000000 0.000000 0.000000 0.000000 0.000000 
t: 0.012765957447 start: 75 end: 139 0.000001 0.000001 0.000001 0.000005 0.000011 0.000022 0.000052 0.000089 0.000163 0.000332 0.000599 0.000976 0.001689 0.002709 0.004093 0.006303 0.009032 0.012604 0.017421 0.023175 0.029732 0.036604 0.043904 0.051604 0.058254 0.063777 0.067478 0.069475 0.069466 0.067144 0.063219 0.058010 0.051036 0.043431 0.036118 0.029615 0.022868 0.017653 0.013092 0.009514 0.006703 0.004405 0.002971 0.001868 0.001187 0.000685 0.000393 0.000234 0.000124 0.000080 0.000041 0.000013 0.000012 0.000006 0.000001 0.000004 0.000001 0.000000 0.000000 0.000000 0.000000 0.000000 0.000000 0.000000 0.000000 
t: 0.012500000000 start: 76 end: 140 0.000001 0.000000 0.000003 0.000007 0.000007 0.000013 0.000038 0.000074 0.000142 0.000261 0.000457 0.000860 0.001412 0.002406 0.003599 0.005386 0.007901 0.011343 0.015492 0.020874 0.026950 0.033693 0.041220 0.048420 0.055407 0.061183 0.065933 0.068728 0.069332 0.068114 0.064834 0.059982 0.053705 0.046516 0.039034 0.032413 0.025523 0.019897 0.015067 0.010939 0.007841 0.005411 0.003550 0.002395 0.001515 0.000908 0.000534 0.000300 0.000175 0.000092 0.000057 0.000024 0.000016 0.000007 0.000006 0.000001 0.000001 0.000001 0.000000 0.000000 0.000000 0.000000 0.000000 0.000000 0.000000 
t: 0.012244897959 start: 78 end: 142 0.000002 0.000003 0.000004 0.000006 0.000009 0.000029 0.000064 0.000115 0.000197 0.000392 0.000728 0.001281 0.001933 0.003163 0.004801 0.007002 0.010071 0.013780 0.019019 0.024534 0.031023 0.038380 0.045806 0.052822 0.058928 0.064173 0.067190 0.068941 0.068137 0.066143 0.061693 0.056235 0.049351 0.041883 0.034832 0.028129 0.022300 0.017075 0.012576 0.008977 0.006328 0.004450 0.002854 0.001859 0.001185 0.000695 0.000403 0.000214 0.000136 0.000069 0.000041 0.000019 0.000012 0.000004 0.000002 0.000001 0.000000 0.000001 0.000000 0.000000 0.000000 0.000000 0.000000 0.000000 0.000000 
t: 0.012000000000 start: 78 end: 142 0.000001 0.000000 0.000004 0.000002 0.000003 0.000006 0.000021 0.000058 0.000092 0.000160 0.000368 0.000609 0.001025 0.001728 0.002774 0.004221 0.006181 0.009073 0.012560 0.017168 0.022530 0.028689 0.035538 0.042983 0.050278 0.056579 0.061918 0.066251 0.067996 0.068682 0.066560 0.063154 0.058255 0.051479 0.044930 0.037558 0.030575 0.024583 0.019013 0.014263 0.010392 0.007525 0.005024 0.003449 0.002242 0.001442 0.000867 0.000507 0.000311 0.000176 0.000100 0.000051 0.000025 0.000009 0.000009 0.000001 0.000001 0.000000 0.000000 0.000000 0.000001 0.000000 0.000000 0.000000 0.000000 
t: 0.011764705882 start: 81 end: 144 0.000001 0.000005 0.000003 0.000008 0.000015 0.000045 0.000093 0.000148 0.000294 0.000493 0.000969 0.001483 0.002443 0.003710 0.005567 0.008181 0.011321 0.015727 0.020472 0.026534 0.033403 0.040593 0.047593 0.054200 0.060305 0.064370 0.067064 0.068482 0.067043 0.064384 0.060032 0.053437 0.047306 0.040019 0.033092 0.026893 0.021069 0.015971 0.011812 0.008496 0.005834 0.004112 0.002675 0.001685 0.001077 0.000644 0.000393 0.000232 0.000135 0.000076 0.000032 0.000015 0.000009 0.000003 0.000000 0.000001 0.000000 0.000001 0.000000 0.000000 0.000000 0.000000 0.000000 0.000000 
t: 0.011538461538 start: 81 end: 146 0.000001 0.000000 0.000002 0.000004 0.000006 0.000012 0.000033 0.000067 0.000138 0.000231 0.000485 0.000812 0.001316 0.002162 0.003324 0.004944 0.007366 0.010448 0.014256 0.018950 0.024683 0.031282 0.038320 0.045171 0.052274 0.057758 0.062935 0.066248 0.067352 0.067811 0.065162 0.060837 0.055533 0.049640 0.042692 0.035335 0.029069 0.023011 0.017499 0.013325 0.009596 0.006750 0.004674 0.003117 0.002155 0.001295 0.000810 0.000472 0.000302 0.000161 0.000095 0.000039 0.000022 0.000011 0.000002 0.000001 0.000002 0.000001 0.000000 0.000001 0.000000 0.000000 0.000000 0.000000 0.000000 0.000000 
t: 0.011320754717 start: 83 end: 147 0.000001 0.000004 0.000000 0.000008 0.000010 0.000025 0.000060 0.000110 0.000234 0.000437 0.000703 0.001223 0.001910 0.002944 0.004434 0.006663 0.009641 0.013160 0.017562 0.023000 0.029239 0.036077 0.043136 0.049962 0.055908 0.061040 0.064919 0.067424 0.067555 0.065700 0.062190 0.057247 0.051488 0.044680 0.037572 0.031194 0.024705 0.019344 0.014628 0.010905 0.007499 0.005434 0.003636 0.002479 0.001576 0.000961 0.000598 0.000345 0.000188 0.000127 0.000061 0.000028 0.000013 0.000004 0.000004 0.000002 0.000002 0.000001 0.000000 0.000000 0.000000 0.000000 0.000000 0.000000 0.000000 
t: 0.011111111111 start: 84 end: 149 0.000001 0.000001 0.000005 0.000004 0.000009 0.000017 0.000043 0.000107 0.000205 0.000384 0.000668 0.001036 0.001681 0.002763 0.004069 0.006093 0.008676 0.012158 0.016315 0.021681 0.027687 0.033952 0.041073 0.047744 0.053997 0.059427 0.063795 0.066687 0.067500 0.065955 0.063010 0.058738 0.053120 0.046510 0.039857 0.032983 0.026964 0.020680 0.015944 0.011954 0.008735 0.006159 0.004095 0.002855 0.001850 0.001107 0.000696 0.000434 0.000277 0.000144 0.000078 0.000036 0.000021 0.000008 0.000005 0.000003 0.000002 0.000002 0.000000 0.000000 0.000000 0.000000 0.000000 0.000000 0.000000 0.000000 
t: 0.010909090909 start: 85 end: 150 0.000001 0.000001 0.000002 0.000003 0.000016 0.000016 0.000043 0.000103 0.000192 0.000326 0.000579 0.000980 0.001563 0.002393 0.003910 0.005464 0.007987 0.011485 0.015171 0.020091 0.026170 0.032571 0.038916 0.045849 0.052254 0.058024 0.062409 0.065887 0.066806 0.066442 0.064040 0.059551 0.054496 0.048392 0.041650 0.034951 0.028387 0.022392 0.017391 0.013109 0.009595 0.006853 0.004832 0.003222 0.002147 0.001326 0.000819 0.000522 0.000299 0.000185 0.000083 0.000048 0.000027 0.000013 0.000004 0.000006 0.000004 0.000002 0.000000 0.000000 0.000000 0.000000 0.000000 0.000000 0.000000 0.000000 
t: 0.010714285714 start: 85 end: 149 0.000001 0.000000 0.000000 0.000000 0.000007 0.000015 0.000016 0.000045 0.000075 0.000172 0.000317 0.000522 0.000903 0.001422 0.002247 0.003467 0.005131 0.007591 0.010555 0.014178 0.019016 0.024755 0.030727 0.037554 0.043877 0.050413 0.056514 0.061669 0.064592 0.066357 0.066524 0.064131 0.060731 0.056269 0.049598 0.043274 0.036612 0.030086 0.023824 0.019049 0.014295 0.010505 0.007604 0.005334 0.003641 0.002430 0.001536 0.001011 0.000605 0.000341 0.000216 0.000120 0.000057 0.000034 0.000008 0.000013 0.000010 0.000000 0.000002 0.000001 0.000001 0.000000 0.000000 0.000000 0.000000 
t: 0.010526315789 start: 85 end: 151 0.000001 0.000000 0.000000 0.000000 0.000005 0.000005 0.000011 0.000020 0.000035 0.000075 0.000157 0.000277 0.000519 0.000790 0.001297 0.002098 0.003200 0.004852 0.007022 0.009841 0.013342 0.018081 0.023338 0.029564 0.035753 0.042494 0.048835 0.054772 0.060511 0.063908 0.065555 0.066285 0.064471 0.061560 0.056974 0.051375 0.044927 0.038289 0.031684 0.025447 0.020087 0.015323 0.011420 0.008357 0.006028 0.004049 0.002769 0.001801 0.001111 0.000715 0.000416 0.000232 0.000148 0.000082 0.000037 0.000027 0.000010 0.000007 0.000006 0.000002 0.000000 0.000002 0.000000 0.000001 0.000000 0.000000 0.000000 
t: 0.010344827586 start: 86 end: 154 0.000001 0.000000 0.000000 0.000002 0.000004 0.000005 0.000007 0.000017 0.000029 0.000075 0.000137 0.000290 0.000466 0.000688 0.001243 0.001945 0.002982 0.004503 0.006626 0.009179 0.012632 0.017178 0.022302 0.028086 0.034353 0.040978 0.047393 0.053787 0.059063 0.062728 0.065565 0.065932 0.064588 0.061925 0.057921 0.052647 0.046386 0.039669 0.033053 0.026812 0.021397 0.016481 0.012355 0.009046 0.006632 0.004565 0.003037 0.002103 0.001206 0.000814 0.000502 0.000286 0.000170 0.000095 0.000047 0.000031 0.000015 0.000010 0.000003 0.000004 0.000002 0.000001 0.000000 0.000001 0.000000 0.000000 0.000000 0.000000 0.000000 
t: 0.010169491525 start: 88 end: 155 0.000001 0.000000 0.000002 0.000004 0.000005 0.000007 0.000018 0.000025 0.000057 0.000146 0.000243 0.000421 0.000716 0.001162 0.001797 0.002811 0.004183 0.006248 0.008689 0.011974 0.016427 0.021270 0.026971 0.033043 0.039697 0.045953 0.052478 0.057728 0.061965 0.065041 0.065480 0.064912 0.062570 0.058253 0.053541 0.047821 0.041099 0.034522 0.028204 0.022521 0.017542 0.013222 0.009764 0.007103 0.004927 0.003468 0.002264 0.001454 0.000936 0.000530 0.000348 0.000190 0.000118 0.000052 0.000036 0.000018 0.000010 0.000006 0.000005 0.000000 0.000001 0.000000 0.000000 0.000001 0.000000 0.000000 0.000000 0.000000 
t: 0.010000000000 start: 90 end: 156 0.000002 0.000000 0.000003 0.000003 0.000011 0.000009 0.000032 0.000065 0.000114 0.000226 0.000394 0.000666 0.001060 0.001684 0.002716 0.004012 0.005744 0.008285 0.011523 0.015701 0.020431 0.025937 0.032189 0.038079 0.044643 0.051333 0.056721 0.061095 0.064141 0.065640 0.065085 0.062574 0.058890 0.054490 0.048517 0.042480 0.035598 0.029466 0.023897 0.018672 0.013910 0.010594 0.007534 0.005373 0.003703 0.002567 0.001652 0.001018 0.000637 0.000389 0.000223 0.000108 0.000071 0.000040 0.000021 0.000017 0.000012 0.000001 0.000000 0.000001 0.000000 0.000000 0.000000 0.000000 0.000001 0.000000 0.000000 
t: 0.008448275866 start: 101 end: 168 0.000001 0.000000 0.000001 0.000005 0.000008 0.000018 0.000028 0.000064 0.000103 0.000182 0.000326 0.000512 0.000810 0.001340 0.002052 0.003115 0.004617 0.006472 0.009110 0.012220 0.015976 0.021049 0.026119 0.031746 0.037640 0.043609 0.049477 0.054784 0.058916 0.061525 0.062847 0.062563 0.061252 0.058441 0.053615 0.048580 0.042356 0.036456 0.030953 0.025193 0.019952 0.015585 0.011915 0.008659 0.006429 0.004489 0.003171 0.002114 0.001356 0.000910 0.000563 0.000340 0.000186 0.000113 0.000060 0.000029 0.000024 0.000012 0.000008 0.000003 0.000000 0.000001 0.000000 0.000000 0.000000 0.000000 0.000000 0.000000 
t: 0.007313432839 start: 111 end: 181 0.000001 0.000001 0.000001 0.000004 0.000009 0.000022 0.000022 0.000064 0.000131 0.000193 0.000324 0.000494 0.000808 0.001184 0.001864 0.002980 0.004359 0.006078 0.008195 0.011075 0.014786 0.018855 0.023476 0.028948 0.034927 0.040287 0.045763 0.050923 0.056008 0.058672 0.060744 0.061357 0.061012 0.058541 0.055086 0.050351 0.045332 0.039901 0.034193 0.028571 0.023254 0.018551 0.014640 0.010916 0.008403 0.005889 0.004291 0.002919 0.002084 0.001320 0.000849 0.000552 0.000327 0.000203 0.000104 0.000069 0.000041 0.000023 0.000010 0.000005 0.000004 0.000003 0.000001 0.000000 0.000000 0.000000 0.000000 0.000000 0.000000 0.000000 0.000000 
t: 0.006447368423 start: 121 end: 191 0.000001 0.000004 0.000004 0.000010 0.000019 0.000026 0.000055 0.000109 0.000202 0.000368 0.000521 0.000876 0.001360 0.001895 0.002948 0.004108 0.005865 0.007957 0.010931 0.014239 0.018099 0.022954 0.028059 0.033207 0.038814 0.044268 0.049360 0.053746 0.057486 0.059361 0.060789 0.060006 0.057942 0.055030 0.051240 0.046489 0.040946 0.035367 0.030236 0.024934 0.020008 0.015980 0.012252 0.009394 0.007045 0.005032 0.003483 0.002426 0.001669 0.001109 0.000695 0.000425 0.000266 0.000164 0.000086 0.000060 0.000037 0.000018 0.000012 0.000004 0.000002 0.000001 0.000001 0.000000 0.000000 0.000000 0.000000 0.000000 0.000000 0.000000 0.000000 
t: 0.005764705884 start: 129 end: 199 0.000002 0.000002 0.000006 0.000007 0.000021 0.000050 0.000079 0.000122 0.000209 0.000359 0.000538 0.000864 0.001197 0.001967 0.002723 0.004099 0.005813 0.007983 0.010714 0.013991 0.017733 0.022445 0.027126 0.032544 0.037548 0.042892 0.048097 0.052637 0.056159 0.058139 0.059503 0.059499 0.058062 0.055074 0.051460 0.046907 0.041985 0.036812 0.031315 0.025934 0.021434 0.017228 0.013209 0.010199 0.007540 0.005773 0.003944 0.002756 0.001897 0.001235 0.000837 0.000506 0.000358 0.000183 0.000130 0.000074 0.000030 0.000021 0.000012 0.000010 0.000004 0.000002 0.000000 0.000001 0.000000 0.000000 0.000000 0.000000 0.000000 0.000000 0.000000 
t: 0.005212765959 start: 136 end: 207 0.000001 0.000007 0.000003 0.000008 0.000020 0.000037 0.000074 0.000123 0.000191 0.000309 0.000476 0.000797 0.001241 0.001819 0.002649 0.003956 0.005488 0.007389 0.009989 0.013114 0.016787 0.020909 0.025903 0.030929 0.036087 0.041589 0.045960 0.051033 0.054409 0.056961 0.059138 0.059139 0.057905 0.056302 0.052161 0.048200 0.043287 0.038298 0.033142 0.027556 0.023048 0.018516 0.014639 0.011464 0.008450 0.006371 0.004511 0.003174 0.002283 0.001536 0.000963 0.000642 0.000428 0.000247 0.000159 0.000072 0.000056 0.000033 0.000010 0.000007 0.000002 0.000000 0.000001 0.000001 0.000000 0.000000 0.000000 0.000001 0.000000 0.000000 0.000000 0.000000 
t: 0.004757281555 start: 144 end: 212 0.000006 0.000006 0.000021 0.000034 0.000044 0.000100 0.000147 0.000282 0.000418 0.000633 0.000994 0.001550 0.002273 0.003302 0.004568 0.006418 0.008757 0.011481 0.014859 0.018902 0.023070 0.027943 0.033126 0.038307 0.043453 0.048317 0.052511 0.055697 0.057790 0.058865 0.058210 0.057185 0.053960 0.050519 0.046212 0.041076 0.035921 0.030658 0.025767 0.020850 0.016843 0.013152 0.010186 0.007743 0.005639 0.003998 0.002766 0.001940 0.001292 0.000855 0.000533 0.000354 0.000213 0.000120 0.000061 0.000032 0.000019 0.000009 0.000010 0.000000 0.000000 0.000002 0.000000 0.000000 0.000001 0.000000 0.000000 0.000000 0.000000 
t: 0.004375000001 start: 148 end: 218 0.000001 0.000001 0.000005 0.000009 0.000020 0.000034 0.000061 0.000100 0.000183 0.000267 0.000434 0.000689 0.001080 0.001662 0.002426 0.003405 0.004983 0.006610 0.008912 0.011873 0.015280 0.019205 0.023784 0.028622 0.033501 0.038710 0.043937 0.048032 0.052327 0.055965 0.057957 0.058269 0.058376 0.056504 0.053824 0.050076 0.045930 0.040610 0.035747 0.030173 0.025391 0.020443 0.016767 0.013048 0.009960 0.007384 0.005569 0.003994 0.002638 0.001819 0.001189 0.000877 0.000546 0.000316 0.000195 0.000125 0.000072 0.000036 0.000022 0.000013 0.000008 0.000000 0.000003 0.000001 0.000000 0.000000 0.000000 0.000000 0.000000 0.000000 0.000000 
t: 0.004049586778 start: 153 end: 224 0.000001 0.000004 0.000005 0.000008 0.000015 0.000035 0.000059 0.000085 0.000156 0.000231 0.000377 0.000618 0.000876 0.001443 0.002125 0.003088 0.004337 0.006067 0.008050 0.010981 0.014080 0.017680 0.021983 0.026507 0.031502 0.037097 0.041945 0.046681 0.051574 0.054767 0.056627 0.058470 0.058357 0.057211 0.054716 0.051424 0.047464 0.042635 0.037316 0.032242 0.027454 0.022269 0.018110 0.014299 0.010854 0.008410 0.006142 0.004430 0.003073 0.002094 0.001447 0.000992 0.000616 0.000398 0.000238 0.000141 0.000088 0.000049 0.000025 0.000019 0.000007 0.000003 0.000000 0.000002 0.000000 0.000001 0.000000 0.000000 0.000000 0.000000 0.000000 0.000000 
t: 0.003769230770 start: 158 end: 228 0.000002 0.000001 0.000002 0.000011 0.000017 0.000031 0.000070 0.000102 0.000166 0.000241 0.000400 0.000637 0.001021 0.001470 0.002206 0.003173 0.004529 0.006263 0.008572 0.011103 0.014416 0.018103 0.022321 0.027305 0.032029 0.037351 0.042619 0.047581 0.051651 0.054936 0.057372 0.058530 0.058387 0.056957 0.054561 0.050990 0.046630 0.041833 0.037064 0.031777 0.026798 0.021877 0.017615 0.013901 0.010606 0.007894 0.005899 0.004245 0.002991 0.002022 0.001307 0.000954 0.000598 0.000355 0.000220 0.000134 0.000070 0.000036 0.000019 0.000014 0.000007 0.000004 0.000004 0.000000 0.000000 0.000000 0.000000 0.000000 0.000000 0.000000 0.000000 
t: 0.003525179857 start: 163 end: 233 0.000002 0.000002 0.000010 0.000013 0.000014 0.000037 0.000082 0.000138 0.000201 0.000342 0.000522 0.000834 0.001257 0.001800 0.002718 0.003795 0.005310 0.007490 0.009836 0.013005 0.016122 0.020175 0.024883 0.029599 0.034833 0.040033 0.045689 0.049964 0.053228 0.056140 0.058227 0.058880 0.058388 0.055585 0.053028 0.048814 0.044488 0.039239 0.034288 0.029076 0.023771 0.019554 0.015468 0.012142 0.008945 0.006739 0.005031 0.003535 0.002345 0.001600 0.001042 0.000703 0.000408 0.000247 0.000167 0.000091 0.000051 0.000036 0.000016 0.000008 0.000007 0.000005 0.000002 0.000000 0.000000 0.000000 0.000000 0.000000 0.000000 0.000000 0.000000 
t: 0.003310810811 start: 167 end: 238 0.000003 0.000002 0.000003 0.000008 0.000022 0.000037 0.000071 0.000136 0.000198 0.000328 0.000503 0.000798 0.001176 0.001734 0.002502 0.003814 0.005124 0.007071 0.009457 0.012496 0.015645 0.019762 0.024263 0.029048 0.034375 0.039654 0.044983 0.049354 0.053146 0.056103 0.058392 0.058777 0.058263 0.056403 0.053547 0.049583 0.045288 0.039619 0.034853 0.029492 0.024666 0.019947 0.015588 0.012206 0.009122 0.007101 0.004930 0.003479 0.002377 0.001672 0.001065 0.000717 0.000426 0.000296 0.000161 0.000095 0.000056 0.000029 0.000015 0.000009 0.000003 0.000005 0.000001 0.000001 0.000000 0.000000 0.000000 0.000000 0.000000 0.000000 0.000000 0.000000 
t: 0.003121019109 start: 168 end: 239 0.000001 0.000001 0.000000 0.000002 0.000002 0.000007 0.000006 0.000029 0.000043 0.000073 0.000142 0.000218 0.000329 0.000585 0.000829 0.001339 0.001873 0.002755 0.003914 0.005460 0.007476 0.010106 0.012972 0.016452 0.020688 0.025354 0.029993 0.035657 0.040730 0.045663 0.050329 0.054270 0.057073 0.058631 0.058932 0.058639 0.055778 0.053061 0.048950 0.044029 0.038702 0.033419 0.028258 0.023398 0.018843 0.014754 0.011497 0.008656 0.006372 0.004447 0.003160 0.002201 0.001402 0.000981 0.000598 0.000358 0.000235 0.000149 0.000081 0.000043 0.000028 0.000012 0.000012 0.000001 0.000000 0.000002 0.000000 0.000000 0.000000 0.000000 0.000000 0.000000 
t: 0.002951807229 start: 170 end: 240 0.000002 0.000000 0.000000 0.000000 0.000000 0.000003 0.000006 0.000007 0.000015 0.000035 0.000059 0.000094 0.000171 0.000264 0.000427 0.000673 0.001065 0.001548 0.002245 0.003205 0.004569 0.006324 0.008692 0.011346 0.014516 0.018591 0.022921 0.027652 0.032891 0.038200 0.043289 0.048422 0.052105 0.056087 0.058114 0.059436 0.059125 0.057240 0.055036 0.051172 0.046753 0.041370 0.036127 0.030809 0.025694 0.020780 0.016726 0.012941 0.010026 0.007154 0.005181 0.003734 0.002502 0.001655 0.001102 0.000778 0.000447 0.000288 0.000177 0.000087 0.000056 0.000031 0.000018 0.000007 0.000006 0.000002 0.000002 0.000000 0.000000 0.000000 0.000000 
t: 0.002800000000 start: 176 end: 247 0.000001 0.000002 0.000002 0.000010 0.000007 0.000012 0.000033 0.000042 0.000078 0.000128 0.000247 0.000408 0.000572 0.000897 0.001360 0.001983 0.003004 0.004217 0.005738 0.007930 0.010548 0.013638 0.017498 0.021771 0.026350 0.031526 0.036894 0.042338 0.047191 0.051430 0.055518 0.058162 0.059181 0.059452 0.058340 0.055543 0.052566 0.048165 0.042714 0.037597 0.032159 0.026773 0.021853 0.017349 0.013741 0.010194 0.007679 0.005654 0.003885 0.002672 0.001749 0.001212 0.000758 0.000494 0.000322 0.000174 0.000098 0.000074 0.000034 0.000014 0.000011 0.000005 0.000002 0.000001 0.000000 0.000000 0.000000 0.000000 0.000000 0.000000 0.000000 0.000000 
t: 0.002663043479 start: 178 end: 247 0.000001 0.000001 0.000000 0.000000 0.000005 0.000008 0.000013 0.000027 0.000039 0.000076 0.000123 0.000246 0.000324 0.000578 0.000901 0.001343 0.002009 0.002907 0.004137 0.005566 0.007684 0.010469 0.013332 0.017370 0.021541 0.026542 0.031355 0.036551 0.042074 0.047391 0.051733 0.055540 0.058398 0.059609 0.059937 0.058106 0.056682 0.052564 0.048254 0.043142 0.037460 0.032003 0.026639 0.022130 0.017440 0.013513 0.010012 0.007540 0.005434 0.003859 0.002616 0.001755 0.001144 0.000704 0.000470 0.000316 0.000155 0.000112 0.000072 0.000021 0.000013 0.000008 0.000005 0.000001 0.000000 0.000000 0.000000 0.000000 0.000000 0.000000 
t: 0.002538860104 start: 179 end: 247 0.000001 0.000000 0.000000 0.000001 0.000000 0.000000 0.000005 0.000006 0.000017 0.000020 0.000045 0.000080 0.000134 0.000226 0.000379 0.000603 0.000962 0.001441 0.002045 0.003010 0.004260 0.005890 0.008271 0.010689 0.014190 0.017748 0.022481 0.027159 0.032397 0.037820 0.043111 0.048387 0.052691 0.056373 0.058762 0.060411 0.060008 0.058634 0.055921 0.052040 0.047191 0.042121 0.036456 0.030939 0.025749 0.020822 0.016452 0.012592 0.009719 0.006869 0.004959 0.003433 0.002315 0.001566 0.001016 0.000623 0.000390 0.000269 0.000136 0.000084 0.000044 0.000018 0.000014 0.000004 0.000001 0.000000 0.000000 0.000000 0.000000 
t: 0.002425742574 start: 182 end: 249 0.000001 0.000000 0.000000 0.000000 0.000000 0.000002 0.000006 0.000010 0.000021 0.000027 0.000052 0.000100 0.000168 0.000275 0.000424 0.000691 0.001091 0.001667 0.002291 0.003287 0.004858 0.006655 0.008846 0.011769 0.015342 0.019332 0.023917 0.029306 0.034548 0.040024 0.045099 0.050164 0.054415 0.057601 0.059879 0.060652 0.059780 0.057855 0.054734 0.050833 0.045341 0.040265 0.034316 0.028875 0.023725 0.019126 0.014988 0.011033 0.008401 0.005887 0.004266 0.002913 0.001862 0.001268 0.000775 0.000534 0.000295 0.000196 0.000094 0.000049 0.000042 0.000016 0.000008 0.000003 0.000000 0.000000 0.000000 0.000000 
t: 0.002322274882 start: 184 end: 251 0.000001 0.000000 0.000000 0.000000 0.000000 0.000000 0.000002 0.000006 0.000006 0.000027 0.000047 0.000067 0.000120 0.000183 0.000330 0.000568 0.000853 0.001339 0.001883 0.002756 0.004041 0.005572 0.007721 0.010180 0.013562 0.017186 0.021697 0.026607 0.032066 0.037310 0.043355 0.048280 0.052499 0.056253 0.059701 0.060573 0.060934 0.059200 0.056737 0.052856 0.048149 0.042752 0.037164 0.031150 0.025816 0.021114 0.016301 0.012729 0.009239 0.006757 0.004879 0.003341 0.002209 0.001539 0.000914 0.000621 0.000337 0.000216 0.000108 0.000067 0.000040 0.000024 0.000010 0.000005 0.000000 0.000001 0.000000 0.000000 
t: 0.002227272727 start: 186 end: 254 0.000001 0.000000 0.000000 0.000000 0.000000 0.000002 0.000000 0.000007 0.000008 0.000009 0.000029 0.000054 0.000085 0.000153 0.000279 0.000462 0.000748 0.001109 0.001655 0.002473 0.003495 0.004903 0.006780 0.009338 0.012223 0.015923 0.020130 0.024709 0.030493 0.035782 0.041311 0.046848 0.051688 0.055890 0.058661 0.060705 0.061316 0.060605 0.057933 0.054519 0.049776 0.044426 0.038669 0.033202 0.027493 0.022269 0.017618 0.013385 0.010025 0.007348 0.005177 0.003609 0.002502 0.001678 0.001003 0.000602 0.000347 0.000243 0.000149 0.000086 0.000031 0.000019 0.000011 0.000003 0.000002 0.000000 0.000000 0.000001 0.000000 
t: 0.002139737991 start: 192 end: 261 0.000001 0.000001 0.000002 0.000006 0.000007 0.000011 0.000029 0.000036 0.000066 0.000138 0.000247 0.000405 0.000661 0.000978 0.001536 0.002185 0.003235 0.004583 0.006309 0.008596 0.011787 0.015029 0.019182 0.024036 0.029197 0.034929 0.040311 0.046254 0.050982 0.055500 0.058772 0.061006 0.061461 0.060968 0.058890 0.055584 0.050773 0.045519 0.039941 0.033798 0.028238 0.022905 0.018235 0.013741 0.010393 0.007665 0.005305 0.003717 0.002611 0.001642 0.001029 0.000676 0.000369 0.000241 0.000145 0.000068 0.000037 0.000020 0.000007 0.000002 0.000002 0.000001 0.000000 0.000000 0.000000 0.000000 0.000000 0.000000 0.000000 0.000000 
t: 0.002058823530 start: 195 end: 262 0.000001 0.000003 0.000004 0.000007 0.000008 0.000018 0.000040 0.000071 0.000116 0.000258 0.000367 0.000583 0.000933 0.001463 0.002168 0.003140 0.004349 0.006144 0.008444 0.011243 0.014889 0.018920 0.023604 0.029031 0.034100 0.040430 0.046086 0.051433 0.055362 0.058789 0.061243 0.062005 0.061289 0.059564 0.055605 0.051627 0.045866 0.039815 0.034155 0.028442 0.022894 0.018000 0.014007 0.010488 0.007500 0.005264 0.003654 0.002443 0.001677 0.000989 0.000621 0.000376 0.000210 0.000123 0.000077 0.000035 0.000012 0.000010 0.000002 0.000003 0.000000 0.000000 0.000000 0.000000 0.000000 0.000000 0.000000 0.000000 
t: 0.001983805668 start: 195 end: 262 0.000001 0.000000 0.000001 0.000001 0.000004 0.000008 0.000006 0.000016 0.000036 0.000069 0.000121 0.000234 0.000371 0.000598 0.000945 0.001415 0.002088 0.003115 0.004438 0.006216 0.008505 0.011271 0.014896 0.019014 0.024072 0.028881 0.034915 0.040839 0.046683 0.051938 0.055926 0.059712 0.061279 0.062468 0.061894 0.059550 0.055539 0.051270 0.045499 0.039447 0.033734 0.028027 0.022421 0.017577 0.013489 0.009999 0.007027 0.004985 0.003402 0.002300 0.001494 0.000942 0.000570 0.000347 0.000202 0.000102 0.000049 0.000026 0.000015 0.000008 0.000003 0.000000 0.000000 0.000000 0.000000 0.000000 0.000000 0.000000 
t: 0.001914062500 start: 197 end: 262 0.000001 0.000000 0.000000 0.000002 0.000004 0.000003 0.000010 0.000017 0.000043 0.000066 0.000126 0.000243 0.000368 0.000625 0.001023 0.001492 0.002131 0.003194 0.004697 0.006405 0.008697 0.011764 0.015308 0.019710 0.024717 0.030428 0.035969 0.041955 0.047753 0.052675 0.057046 0.060237 0.062158 0.062692 0.061698 0.059403 0.055242 0.050181 0.044773 0.038607 0.032633 0.026839 0.021382 0.016507 0.012518 0.009300 0.006656 0.004453 0.003022 0.002061 0.001311 0.000764 0.000491 0.000271 0.000166 0.000079 0.000040 0.000020 0.000017 0.000007 0.000000 0.000000 0.000000 0.000000 0.000000 0.000000 
t: 0.001849056604 start: 199 end: 264 0.000001 0.000000 0.000000 0.000002 0.000004 0.000007 0.000014 0.000021 0.000044 0.000079 0.000154 0.000258 0.000407 0.000653 0.001061 0.001560 0.002316 0.003511 0.005004 0.006828 0.009326 0.012560 0.016318 0.020608 0.026209 0.031971 0.037395 0.043879 0.048971 0.054726 0.058221 0.061362 0.062842 0.062952 0.061821 0.058508 0.054365 0.049001 0.043058 0.036972 0.030874 0.024957 0.019803 0.015214 0.011336 0.008223 0.005789 0.003882 0.002675 0.001673 0.001050 0.000681 0.000398 0.000213 0.000114 0.000068 0.000025 0.000023 0.000008 0.000005 0.000000 0.000000 0.000000 0.000000 0.000000 0.000000 
t: 0.001788321168 start: 202 end: 268 0.000001 0.000002 0.000003 0.000006 0.000011 0.000015 0.000024 0.000052 0.000099 0.000134 0.000304 0.000458 0.000762 0.001112 0.001792 0.002653 0.003940 0.005442 0.007577 0.010298 0.013684 0.017758 0.022441 0.027884 0.033947 0.039807 0.045967 0.051201 0.056280 0.059911 0.062518 0.063768 0.063091 0.061056 0.057583 0.052529 0.047347 0.040807 0.034557 0.028287 0.022914 0.017648 0.013639 0.010031 0.007012 0.004868 0.003332 0.002162 0.001292 0.000876 0.000494 0.000300 0.000175 0.000065 0.000040 0.000029 0.000009 0.000005 0.000001 0.000000 0.000000 0.000000 0.000000 0.000000 0.000000 0.000000 0.000000 
t: 0.001731448763 start: 204 end: 270 0.000001 0.000001 0.000004 0.000010 0.000011 0.000017 0.000032 0.000069 0.000114 0.000187 0.000337 0.000518 0.000900 0.001298 0.002097 0.003097 0.004440 0.006207 0.008661 0.011503 0.015247 0.019807 0.024821 0.030189 0.036659 0.042593 0.048397 0.053638 0.058334 0.061743 0.063663 0.064202 0.062755 0.060072 0.055935 0.050315 0.044719 0.037775 0.031642 0.025861 0.020139 0.015428 0.011743 0.008316 0.005913 0.003946 0.002531 0.001710 0.000997 0.000616 0.000359 0.000230 0.000106 0.000044 0.000030 0.000010 0.000007 0.000003 0.000001 0.000000 0.000000 0.000000 0.000000 0.000000 0.000000 0.000000 0.000000 
t: 0.001678082192 start: 205 end: 271 0.000001 0.000000 0.000001 0.000008 0.000005 0.000011 0.000022 0.000040 0.000081 0.000145 0.000239 0.000404 0.000664 0.001065 0.001691 0.002478 0.003636 0.005166 0.007387 0.009968 0.013107 0.017295 0.022132 0.027526 0.033642 0.039484 0.045897 0.051406 0.056127 0.061117 0.063591 0.064604 0.064272 0.061727 0.057981 0.053405 0.047591 0.041011 0.034629 0.028352 0.022640 0.017494 0.013157 0.009538 0.006722 0.004645 0.003012 0.001969 0.001215 0.000731 0.000456 0.000250 0.000134 0.000064 0.000034 0.000018 0.000008 0.000003 0.000001 0.000000 0.000000 0.000001 0.000000 0.000000 0.000000 0.000000 0.000000 
t: 0.001627906977 start: 208 end: 273 0.000001 0.000004 0.000008 0.000007 0.000015 0.000038 0.000044 0.000120 0.000200 0.000299 0.000524 0.000865 0.001325 0.002062 0.003042 0.004359 0.006364 0.008695 0.011511 0.015291 0.019946 0.025235 0.030827 0.037310 0.043406 0.049255 0.054721 0.059711 0.062966 0.064931 0.064741 0.063086 0.060295 0.055953 0.050121 0.043728 0.037186 0.030737 0.024637 0.019189 0.014707 0.010631 0.007654 0.005181 0.003409 0.002254 0.001414 0.000891 0.000513 0.000273 0.000170 0.000068 0.000042 0.000024 0.000006 0.000005 0.000002 0.000000 0.000001 0.000000 0.000000 0.000000 0.000000 0.000000 0.000000 0.000000 
t: 0.001580645161 start: 210 end: 273 0.000004 0.000003 0.000008 0.000011 0.000032 0.000039 0.000095 0.000152 0.000235 0.000437 0.000686 0.001094 0.001711 0.002564 0.003838 0.005457 0.007689 0.010509 0.013637 0.018212 0.022998 0.028878 0.034976 0.041198 0.047401 0.053788 0.058490 0.062195 0.064444 0.065202 0.064790 0.061750 0.057798 0.052336 0.046178 0.039438 0.032812 0.026423 0.020721 0.015971 0.011532 0.008418 0.005719 0.003802 0.002543 0.001557 0.000984 0.000585 0.000308 0.000168 0.000092 0.000058 0.000022 0.000007 0.000003 0.000000 0.000002 0.000000 0.000000 0.000000 0.000000 0.000000 0.000000 0.000000 
t: 0.001536050157 start: 211 end: 275 0.000004 0.000002 0.000005 0.000006 0.000026 0.000040 0.000064 0.000118 0.000213 0.000326 0.000621 0.000893 0.001456 0.002227 0.003252 0.004905 0.006948 0.009453 0.012651 0.016700 0.021726 0.026673 0.033100 0.039540 0.045660 0.052388 0.057424 0.062035 0.064245 0.065805 0.065194 0.063527 0.059056 0.054211 0.048148 0.041359 0.034577 0.027900 0.022150 0.016697 0.012459 0.009050 0.006202 0.004155 0.002707 0.001699 0.001047 0.000619 0.000336 0.000211 0.000107 0.000046 0.000019 0.000010 0.000003 0.000002 0.000003 0.000000 0.000000 0.000000 0.000000 0.000000 0.000000 0.000000 0.000000 
t: 0.001493902439 start: 211 end: 277 0.000001 0.000002 0.000002 0.000002 0.000011 0.000018 0.000039 0.000056 0.000105 0.000179 0.000283 0.000473 0.000830 0.001257 0.001998 0.002842 0.004396 0.006294 0.008674 0.011719 0.015646 0.020441 0.025480 0.031661 0.037910 0.044640 0.050946 0.056695 0.061332 0.064457 0.066031 0.065926 0.064268 0.060857 0.055448 0.049680 0.042601 0.035789 0.029416 0.023090 0.017754 0.013117 0.009488 0.006585 0.004412 0.002824 0.001816 0.001071 0.000642 0.000365 0.000233 0.000115 0.000048 0.000019 0.000006 0.000006 0.000002 0.000001 0.000001 0.000000 0.000000 0.000000 0.000000 0.000000 0.000000 0.000000 0.000000 
t: 0.001454005935 start: 214 end: 277 0.000001 0.000009 0.000007 0.000016 0.000028 0.000044 0.000086 0.000170 0.000202 0.000421 0.000745 0.001167 0.001728 0.002676 0.004026 0.005628 0.008071 0.011224 0.014601 0.019372 0.024549 0.030339 0.037067 0.043484 0.049984 0.056118 0.060908 0.064564 0.066352 0.066891 0.064997 0.061792 0.056561 0.050717 0.043857 0.036955 0.029992 0.023846 0.018564 0.013665 0.009846 0.006807 0.004553 0.002925 0.001876 0.001134 0.000634 0.000385 0.000225 0.000111 0.000047 0.000015 0.000009 0.000006 0.000002 0.000001 0.000000 0.000000 0.000000 0.000000 0.000000 0.000000 0.000000 0.000000 
t: 0.001416184971 start: 215 end: 277 0.000002 0.000005 0.000006 0.000015 0.000025 0.000039 0.000088 0.000117 0.000235 0.000383 0.000640 0.001051 0.001572 0.002490 0.003732 0.005358 0.007586 0.010531 0.014063 0.018623 0.023817 0.029715 0.035929 0.043060 0.049515 0.055349 0.060653 0.064446 0.066809 0.067278 0.065952 0.062358 0.057550 0.051634 0.045083 0.037587 0.030525 0.024526 0.018618 0.014100 0.009933 0.006983 0.004553 0.003031 0.001834 0.001152 0.000676 0.000375 0.000212 0.000107 0.000046 0.000016 0.000011 0.000003 0.000003 0.000000 0.000000 0.000000 0.000000 0.000000 0.000000 0.000000 0.000000 
t: 0.001380281690 start: 216 end: 278 0.000003 0.000003 0.000004 0.000013 0.000019 0.000040 0.000065 0.000120 0.000197 0.000362 0.000595 0.000969 0.001518 0.002319 0.003481 0.005192 0.007371 0.010054 0.013729 0.018031 0.023252 0.029313 0.035583 0.042267 0.049121 0.055359 0.060507 0.064631 0.067011 0.068030 0.066391 0.063218 0.058149 0.052190 0.045482 0.038131 0.030771 0.024795 0.018828 0.014031 0.009989 0.006982 0.004618 0.002929 0.001800 0.001133 0.000683 0.000338 0.000217 0.000095 0.000038 0.000016 0.000009 0.000007 0.000001 0.000000 0.000000 0.000000 0.000000 0.000000 0.000000 0.000000 0.000000 
t: 0.001346153846 start: 217 end: 278 0.000001 0.000003 0.000005 0.000013 0.000025 0.000028 0.000054 0.000094 0.000203 0.000332 0.000541 0.000935 0.001464 0.002248 0.003400 0.004923 0.007208 0.009952 0.013402 0.017691 0.022855 0.029200 0.035400 0.042180 0.049115 0.055141 0.060833 0.065085 0.067284 0.068189 0.067024 0.063936 0.058427 0.052678 0.045463 0.038218 0.031111 0.024398 0.018981 0.013760 0.009921 0.006768 0.004528 0.002839 0.001751 0.001082 0.000617 0.000357 0.000181 0.000087 0.000040 0.000012 0.000013 0.000004 0.000000 0.000000 0.000000 0.000000 0.000000 0.000000 0.000000 0.000000 
t: 0.001313672922 start: 217 end: 279 0.000001 0.000000 0.000001 0.000005 0.000016 0.000017 0.000033 0.000052 0.000099 0.000180 0.000303 0.000527 0.000909 0.001442 0.002162 0.003258 0.004939 0.007015 0.009763 0.013468 0.017610 0.022977 0.029186 0.035303 0.042305 0.049466 0.055530 0.061112 0.065248 0.067746 0.068932 0.067208 0.064079 0.058675 0.052546 0.045605 0.038036 0.030791 0.024308 0.018509 0.013551 0.009603 0.006574 0.004340 0.002718 0.001685 0.000959 0.000568 0.000315 0.000181 0.000087 0.000029 0.000016 0.000006 0.000004 0.000002 0.000000 0.000000 0.000000 0.000000 0.000000 0.000000 0.000000 
t: 0.001282722513 start: 220 end: 282 0.000002 0.000008 0.000010 0.000016 0.000033 0.000059 0.000103 0.000156 0.000303 0.000509 0.000917 0.001381 0.002184 0.003311 0.004862 0.007062 0.009776 0.013357 0.017773 0.023584 0.029071 0.035600 0.042768 0.049735 0.056524 0.061759 0.065916 0.068177 0.068886 0.067643 0.064006 0.058668 0.052369 0.045009 0.037605 0.030399 0.023792 0.018025 0.012977 0.009133 0.006451 0.004009 0.002582 0.001466 0.000939 0.000520 0.000303 0.000150 0.000058 0.000029 0.000011 0.000009 0.000003 0.000001 0.000001 0.000000 0.000000 0.000000 0.000000 0.000000 0.000000 0.000000 0.000000 
t: 0.001253196931 start: 220 end: 281 0.000001 0.000001 0.000009 0.000008 0.000017 0.000026 0.000063 0.000099 0.000161 0.000295 0.000542 0.000896 0.001315 0.002261 0.003316 0.004924 0.007066 0.009965 0.013541 0.018441 0.023655 0.029624 0.036342 0.043275 0.050563 0.057220 0.062475 0.066568 0.068955 0.069232 0.067732 0.063935 0.058438 0.051767 0.044148 0.036824 0.029813 0.023041 0.017144 0.012493 0.008721 0.005863 0.003765 0.002363 0.001335 0.000822 0.000457 0.000275 0.000095 0.000062 0.000030 0.000010 0.000009 0.000000 0.000002 0.000000 0.000000 0.000000 0.000000 0.000000 0.000000 0.000000 
t: 0.001225000000 start: 221 end: 282 0.000001 0.000000 0.000007 0.000007 0.000013 0.000031 0.000074 0.000091 0.000148 0.000320 0.000570 0.000866 0.001421 0.002302 0.003364 0.004985 0.007210 0.010378 0.014107 0.018571 0.024162 0.030367 0.037276 0.044357 0.051321 0.057905 0.063750 0.067289 0.069558 0.069704 0.067604 0.063612 0.058077 0.050870 0.043354 0.035729 0.028937 0.021887 0.016456 0.011659 0.008000 0.005377 0.003464 0.002100 0.001245 0.000692 0.000402 0.000191 0.000102 0.000049 0.000023 0.000009 0.000004 0.000001 0.000001 0.000000 0.000000 0.000000 0.000000 0.000000 0.000000 0.000000 
t: 0.001198044010 start: 222 end: 282 0.000001 0.000000 0.000005 0.000006 0.000017 0.000039 0.000052 0.000108 0.000168 0.000361 0.000533 0.000931 0.001467 0.002362 0.003553 0.005112 0.007461 0.010944 0.014460 0.019273 0.024881 0.031584 0.038311 0.045470 0.052443 0.059569 0.064552 0.068196 0.070242 0.069337 0.067476 0.063565 0.056970 0.049980 0.042318 0.034599 0.027226 0.020822 0.015423 0.010585 0.007509 0.004862 0.003070 0.001807 0.001095 0.000629 0.000317 0.000157 0.000088 0.000035 0.000014 0.000008 0.000006 0.000001 0.000000 0.000000 0.000000 0.000000 0.000000 0.000000 0.000000 
t: 0.001172248804 start: 223 end: 283 0.000001 0.000001 0.000005 0.000006 0.000020 0.000038 0.000059 0.000110 0.000175 0.000368 0.000578 0.000963 0.001568 0.002426 0.003748 0.005336 0.008080 0.011209 0.015228 0.020272 0.025897 0.032587 0.039483 0.047015 0.054376 0.060472 0.066076 0.069251 0.070543 0.069233 0.067654 0.062662 0.055888 0.048428 0.040693 0.032931 0.025924 0.019560 0.014110 0.009826 0.006686 0.004309 0.002688 0.001599 0.000912 0.000478 0.000287 0.000125 0.000059 0.000033 0.000013 0.000008 0.000003 0.000000 0.000000 0.000000 0.000000 0.000000 0.000000 0.000000 0.000000 
t: 0.001147540984 start: 225 end: 284 0.000004 0.000003 0.000011 0.000014 0.000044 0.000056 0.000120 0.000228 0.000354 0.000663 0.001006 0.001628 0.002621 0.003895 0.005833 0.008435 0.011893 0.016012 0.021331 0.027339 0.033954 0.041131 0.048731 0.056026 0.062289 0.067099 0.069873 0.070954 0.069844 0.067009 0.061356 0.054412 0.046504 0.039095 0.031272 0.024483 0.017911 0.012747 0.009032 0.005867 0.003689 0.002330 0.001360 0.000722 0.000406 0.000226 0.000089 0.000059 0.000022 0.000012 0.000004 0.000002 0.000000 0.000000 0.000000 0.000000 0.000000 0.000000 0.000000 0.000000 
t: 0.001123853211 start: 225 end: 284 0.000003 0.000002 0.000006 0.000013 0.000016 0.000031 0.000084 0.000125 0.000245 0.000387 0.000694 0.001083 0.001783 0.002854 0.004302 0.006222 0.009023 0.012591 0.017132 0.022631 0.028564 0.035799 0.043047 0.050760 0.057816 0.064220 0.068075 0.070777 0.071329 0.069790 0.065963 0.059878 0.052632 0.044872 0.037027 0.029405 0.022269 0.016377 0.011772 0.007808 0.005117 0.003163 0.002014 0.001048 0.000630 0.000332 0.000148 0.000082 0.000030 0.000016 0.000009 0.000004 0.000000 0.000000 0.000000 0.000000 0.000000 0.000000 0.000000 0.000000 
t: 0.001101123596 start: 226 end: 285 0.000003 0.000005 0.000007 0.000010 0.000021 0.000048 0.000086 0.000130 0.000275 0.000447 0.000734 0.001193 0.001978 0.003156 0.004604 0.006827 0.009678 0.013635 0.018133 0.024120 0.030561 0.037725 0.045164 0.052950 0.060192 0.065404 0.069371 0.071656 0.071784 0.069151 0.064729 0.058393 0.050580 0.042664 0.034706 0.027199 0.020236 0.014829 0.010202 0.007009 0.004308 0.002687 0.001519 0.000963 0.000474 0.000240 0.000119 0.000052 0.000025 0.000011 0.000006 0.000001 0.000000 0.000000 0.000000 0.000000 0.000000 0.000000 0.000000 0.000000 
t: 0.001079295154 start: 227 end: 286 0.000002 0.000007 0.000007 0.000010 0.000030 0.000046 0.000099 0.000176 0.000291 0.000475 0.000849 0.001378 0.002194 0.003344 0.005182 0.007404 0.010663 0.014505 0.019780 0.025657 0.032680 0.039864 0.047815 0.055438 0.061955 0.067045 0.070795 0.072393 0.071496 0.068544 0.063156 0.056402 0.048097 0.040405 0.032141 0.024714 0.018533 0.013040 0.008976 0.005908 0.003663 0.002132 0.001271 0.000720 0.000382 0.000184 0.000088 0.000033 0.000019 0.000006 0.000005 0.000001 0.000000 0.000000 0.000000 0.000000 0.000000 0.000000 0.000000 0.000000 
t: 0.001058315335 start: 229 end: 287 0.000011 0.000005 0.000015 0.000030 0.000056 0.000099 0.000200 0.000341 0.000556 0.000985 0.001558 0.002463 0.003878 0.005567 0.008175 0.011650 0.015972 0.021428 0.027851 0.034590 0.042188 0.050489 0.057656 0.064336 0.069094 0.071543 0.073020 0.071505 0.067153 0.061412 0.053510 0.045770 0.037750 0.029531 0.022553 0.016338 0.011378 0.007583 0.004966 0.002991 0.001740 0.000946 0.000595 0.000281 0.000142 0.000062 0.000016 0.000013 0.000005 0.000003 0.000001 0.000000 0.000000 0.000000 0.000000 0.000000 0.000000 0.000000 0.000000 
t: 0.001038135593 start: 229 end: 288 0.000007 0.000001 0.000008 0.000027 0.000036 0.000064 0.000126 0.000198 0.000402 0.000674 0.001120 0.001792 0.002813 0.004235 0.006262 0.009219 0.012703 0.017691 0.023431 0.029700 0.037055 0.045634 0.052738 0.060208 0.066730 0.070243 0.073074 0.073188 0.070381 0.065990 0.058809 0.050881 0.043039 0.034814 0.026921 0.019929 0.014251 0.009930 0.006379 0.003968 0.002422 0.001348 0.000771 0.000427 0.000196 0.000103 0.000035 0.000016 0.000005 0.000004 0.000001 0.000001 0.000000 0.000000 0.000000 0.000000 0.000000 0.000000 0.000000 0.000000 
t: 0.001018711019 start: 230 end: 288 0.000003 0.000005 0.000014 0.000027 0.000041 0.000078 0.000147 0.000243 0.000461 0.000799 0.001286 0.002099 0.003124 0.004838 0.007098 0.010316 0.014167 0.019546 0.025545 0.032178 0.040305 0.047956 0.055935 0.063294 0.068270 0.071890 0.073655 0.072696 0.069706 0.063490 0.056442 0.048404 0.039782 0.031566 0.024008 0.017515 0.012269 0.008370 0.005198 0.003194 0.001833 0.001079 0.000591 0.000281 0.000156 0.000058 0.000024 0.000009 0.000007 0.000001 0.000000 0.000001 0.000000 0.000000 0.000000 0.000000 0.000000 0.000000 0.000000 
t: 0.001000000000 start: 231 end: 288 0.000003 0.000013 0.000015 0.000024 0.000051 0.000095 0.000169 0.000298 0.000577 0.000909 0.001514 0.002360 0.003651 0.005523 0.008128 0.011426 0.015974 0.021495 0.027915 0.035428 0.042972 0.051214 0.059084 0.065393 0.070705 0.073121 0.074330 0.072092 0.067646 0.061267 0.053543 0.045073 0.036487 0.028403 0.020939 0.015088 0.010502 0.006811 0.004228 0.002503 0.001426 0.000847 0.000393 0.000199 0.000103 0.000041 0.000011 0.000009 0.000001 0.000000 0.000001 0.000000 0.000000 0.000000 0.000000 0.000000 0.000000 0.000000 
