t: 0.059999999999 start: 16 end: 53 0.000001 0.000004 0.000045 0.000133 0.000476 0.001384 0.003597 0.008173 0.017173 0.031218 0.051200 0.075053 0.099103 0.117564 0.125797 0.122712 0.107179 0.084978 0.062038 0.041290 0.024859 0.013707 0.007017 0.003189 0.001341 0.000509 0.000180 0.000059 0.000018 0.000003 0.000000 0.000000 0.000000 0.000000 0.000000 0.000000 0.000000 0.000000 
t: 0.054545454544 start: 18 end: 57 0.000001 0.000008 0.000047 0.000090 0.000345 0.000991 0.002682 0.006075 0.012696 0.023794 0.039625 0.060196 0.082471 0.102725 0.117289 0.121086 0.114048 0.098011 0.077150 0.056040 0.037447 0.022499 0.012710 0.006598 0.003160 0.001353 0.000547 0.000227 0.000066 0.000019 0.000003 0.000000 0.000001 0.000000 0.000000 0.000000 0.000000 0.000000 0.000000 0.000000 
t: 0.049999999999 start: 21 end: 61 0.000011 0.000023 0.000090 0.000251 0.000751 0.002077 0.004748 0.009783 0.018244 0.031416 0.048959 0.068448 0.089596 0.105841 0.115314 0.115170 0.105525 0.088758 0.069662 0.049567 0.032963 0.020209 0.011502 0.005904 0.002966 0.001311 0.000586 0.000230 0.000064 0.000023 0.000006 0.000001 0.000001 0.000000 0.000000 0.000000 0.000000 0.000000 0.000000 0.000000 0.000000 
t: 0.046153846153 start: 22 end: 63 0.000002 0.000008 0.000020 0.000075 0.000210 0.000617 0.001694 0.003832 0.007690 0.014695 0.025292 0.039839 0.058065 0.077853 0.095338 0.107800 0.112811 0.108078 0.096007 0.079912 0.061242 0.043273 0.028265 0.017552 0.009790 0.005410 0.002601 0.001162 0.000540 0.000195 0.000087 0.000033 0.000011 0.000000 0.000000 0.000001 0.000000 0.000000 0.000000 0.000000 0.000000 0.000000 
t: 0.042857142857 start: 23 end: 66 0.000002 0.000000 0.000006 0.000024 0.000076 0.000186 0.000539 0.001367 0.003028 0.006503 0.011919 0.021030 0.033532 0.049638 0.067634 0.085361 0.099780 0.107581 0.108021 0.100352 0.087211 0.070379 0.052891 0.037079 0.024159 0.014783 0.008302 0.004583 0.002267 0.001004 0.000460 0.000189 0.000073 0.000034 0.000004 0.000002 0.000000 0.000001 0.000000 0.000000 0.000000 0.000000 0.000000 0.000000 
t: 0.040000000000 start: 25 end: 68 0.000001 0.000000 0.000005 0.000011 0.000054 0.000166 0.000471 0.001211 0.002675 0.005430 0.010118 0.017705 0.028814 0.042966 0.059723 0.076288 0.091425 0.102396 0.106033 0.101888 0.092187 0.077174 0.061057 0.045238 0.030864 0.020102 0.011975 0.006952 0.003711 0.001915 0.000841 0.000351 0.000155 0.000068 0.000024 0.000004 0.000002 0.000000 0.000000 0.000000 0.000000 0.000000 0.000000 0.000000 
t: 0.037500000000 start: 26 end: 69 0.000001 0.000000 0.000000 0.000005 0.000017 0.000054 0.000144 0.000460 0.001028 0.002416 0.004740 0.008823 0.015425 0.025033 0.037949 0.053257 0.069125 0.084653 0.095866 0.102555 0.101637 0.094569 0.082657 0.067495 0.052279 0.037557 0.025371 0.016311 0.009544 0.005549 0.002876 0.001437 0.000666 0.000305 0.000117 0.000053 0.000018 0.000008 0.000000 0.000000 0.000000 0.000000 0.000000 0.000000 
t: 0.035294117647 start: 29 end: 75 0.000001 0.000001 0.000003 0.000019 0.000055 0.000153 0.000377 0.000997 0.002192 0.004162 0.007909 0.013727 0.022486 0.033924 0.047862 0.063360 0.078105 0.090651 0.098327 0.100036 0.095650 0.086052 0.072697 0.058318 0.043363 0.030592 0.020269 0.012707 0.007545 0.004164 0.002212 0.001131 0.000556 0.000220 0.000112 0.000036 0.000023 0.000005 0.000001 0.000000 0.000000 0.000000 0.000000 0.000000 0.000000 0.000000 0.000000 
t: 0.033333333333 start: 29 end: 75 0.000001 0.000000 0.000000 0.000001 0.000005 0.000021 0.000062 0.000167 0.000399 0.000916 0.001936 0.003911 0.007157 0.012545 0.020455 0.030708 0.044192 0.058082 0.073244 0.085265 0.093948 0.097873 0.095786 0.087762 0.076839 0.063114 0.048509 0.035227 0.024136 0.015848 0.009827 0.005759 0.003127 0.001682 0.000826 0.000368 0.000184 0.000071 0.000029 0.000012 0.000006 0.000000 0.000000 0.000000 0.000000 0.000000 0.000000 
t: 0.031578947368 start: 31 end: 78 0.000001 0.000000 0.000000 0.000001 0.000008 0.000021 0.000064 0.000157 0.000431 0.000915 0.001890 0.003636 0.006725 0.011722 0.018875 0.028589 0.040490 0.054370 0.068199 0.080897 0.090466 0.095686 0.094931 0.089254 0.079074 0.066384 0.052856 0.039339 0.028057 0.018770 0.011938 0.007368 0.004274 0.002252 0.001273 0.000614 0.000258 0.000127 0.000059 0.000021 0.000004 0.000004 0.000000 0.000000 0.000000 0.000000 0.000000 0.000000 
t: 0.030000000000 start: 32 end: 82 0.000001 0.000000 0.000000 0.000001 0.000002 0.000006 0.000026 0.000077 0.000201 0.000372 0.000905 0.001829 0.003576 0.006565 0.011029 0.017800 0.026695 0.038192 0.051166 0.064589 0.077607 0.087090 0.093275 0.092901 0.089486 0.080508 0.069212 0.055741 0.043295 0.031219 0.021692 0.014429 0.008885 0.005434 0.002997 0.001569 0.000861 0.000431 0.000185 0.000084 0.000044 0.000016 0.000004 0.000002 0.000001 0.000000 0.000000 0.000000 0.000000 0.000000 0.000000 
t: 0.028571428571 start: 35 end: 83 0.000001 0.000000 0.000000 0.000006 0.000011 0.000036 0.000066 0.000187 0.000413 0.000896 0.001857 0.003586 0.006298 0.010906 0.016925 0.025755 0.036206 0.048853 0.062133 0.074359 0.083538 0.090333 0.092029 0.088840 0.081753 0.070941 0.058369 0.045601 0.034553 0.023989 0.016388 0.010625 0.006478 0.003789 0.002104 0.001111 0.000560 0.000279 0.000133 0.000052 0.000019 0.000015 0.000007 0.000000 0.000000 0.000000 0.000000 0.000000 0.000000 
t: 0.027272727273 start: 39 end: 88 0.000002 0.000004 0.000009 0.000033 0.000085 0.000195 0.000445 0.000944 0.001929 0.003647 0.006407 0.010478 0.016701 0.024884 0.034910 0.046922 0.059874 0.071835 0.082097 0.088066 0.089950 0.087591 0.081718 0.072120 0.060339 0.048242 0.036787 0.026126 0.018345 0.011958 0.007516 0.004482 0.002557 0.001372 0.000772 0.000350 0.000161 0.000070 0.000044 0.000025 0.000007 0.000001 0.000000 0.000000 0.000000 0.000000 0.000000 0.000000 0.000000 0.000000 
t: 0.026086956522 start: 41 end: 91 0.000001 0.000007 0.000014 0.000052 0.000100 0.000202 0.000466 0.001040 0.001958 0.003764 0.006474 0.010601 0.016460 0.024338 0.034157 0.045822 0.057945 0.069952 0.079990 0.086146 0.088666 0.086589 0.081481 0.072876 0.061167 0.049830 0.038415 0.028379 0.019728 0.013092 0.008511 0.005156 0.003110 0.001727 0.000922 0.000431 0.000225 0.000098 0.000064 0.000029 0.000010 0.000004 0.000001 0.000000 0.000000 0.000000 0.000000 0.000000 0.000000 0.000000 0.000000 
t: 0.025000000000 start: 42 end: 93 0.000001 0.000002 0.000007 0.000015 0.000056 0.000102 0.000222 0.000558 0.001123 0.002091 0.003905 0.006660 0.010870 0.016515 0.024118 0.033806 0.045206 0.056972 0.067976 0.077878 0.084693 0.087311 0.086351 0.081010 0.072249 0.062156 0.050639 0.039492 0.029673 0.021264 0.014212 0.009254 0.005951 0.003486 0.001987 0.001082 0.000569 0.000283 0.000136 0.000060 0.000031 0.000017 0.000009 0.000002 0.000000 0.000000 0.000000 0.000000 0.000000 0.000000 0.000000 0.000000 
t: 0.024000000000 start: 42 end: 93 0.000001 0.000000 0.000000 0.000006 0.000002 0.000024 0.000052 0.000137 0.000277 0.000569 0.001206 0.002278 0.004093 0.007092 0.010994 0.016795 0.024402 0.034035 0.044484 0.056221 0.067449 0.076141 0.083186 0.086440 0.084474 0.080615 0.072092 0.062406 0.051141 0.040569 0.030546 0.021989 0.015295 0.009905 0.006534 0.003745 0.002214 0.001249 0.000663 0.000345 0.000179 0.000085 0.000038 0.000020 0.000011 0.000001 0.000000 0.000000 0.000000 0.000000 0.000000 0.000000 
t: 0.023076923077 start: 43 end: 96 0.000001 0.000000 0.000000 0.000001 0.000003 0.000013 0.000020 0.000076 0.000131 0.000343 0.000664 0.001320 0.002548 0.004387 0.007407 0.011591 0.017123 0.025076 0.034421 0.044775 0.055803 0.066236 0.075922 0.082022 0.084799 0.083779 0.079006 0.071635 0.061938 0.051579 0.040814 0.031317 0.022662 0.015606 0.010569 0.006904 0.004164 0.002428 0.001394 0.000729 0.000370 0.000226 0.000118 0.000039 0.000024 0.000011 0.000003 0.000003 0.000000 0.000000 0.000000 0.000000 0.000000 0.000000 
t: 0.022222222222 start: 45 end: 100 0.000001 0.000000 0.000001 0.000002 0.000003 0.000012 0.000043 0.000079 0.000183 0.000362 0.000817 0.001526 0.002714 0.004661 0.007973 0.012121 0.017989 0.025789 0.035048 0.045296 0.055989 0.065988 0.074916 0.081112 0.083594 0.082390 0.078257 0.070830 0.061701 0.051051 0.041025 0.031117 0.022865 0.015949 0.011117 0.007028 0.004585 0.002630 0.001476 0.000826 0.000447 0.000264 0.000123 0.000051 0.000030 0.000012 0.000004 0.000002 0.000001 0.000000 0.000000 0.000000 0.000000 0.000000 0.000000 0.000000 
t: 0.021428571428 start: 49 end: 103 0.000002 0.000002 0.000011 0.000020 0.000043 0.000102 0.000227 0.000481 0.000930 0.001688 0.003061 0.005199 0.008551 0.012931 0.018944 0.026670 0.035974 0.045970 0.056363 0.066255 0.074399 0.080101 0.082530 0.081589 0.076844 0.069898 0.060506 0.050533 0.040643 0.031119 0.022785 0.016295 0.011157 0.007448 0.004506 0.002742 0.001553 0.000916 0.000519 0.000242 0.000134 0.000067 0.000027 0.000015 0.000005 0.000001 0.000002 0.000000 0.000000 0.000000 0.000000 0.000000 0.000000 0.000000 0.000000 
t: 0.020689655172 start: 51 end: 104 0.000004 0.000004 0.000007 0.000027 0.000057 0.000137 0.000288 0.000559 0.001110 0.001988 0.003465 0.005857 0.009021 0.014050 0.020154 0.027736 0.036929 0.047185 0.057450 0.066385 0.074093 0.079821 0.081586 0.079945 0.075382 0.068375 0.059767 0.049520 0.040137 0.030467 0.022697 0.016218 0.011072 0.007430 0.004640 0.002780 0.001610 0.000968 0.000506 0.000298 0.000144 0.000064 0.000042 0.000015 0.000005 0.000005 0.000000 0.000000 0.000000 0.000000 0.000000 0.000000 0.000000 0.000000 
t: 0.020000000000 start: 52 end: 107 0.000001 0.000004 0.000003 0.000016 0.000031 0.000084 0.000181 0.000352 0.000682 0.001313 0.002331 0.003946 0.006328 0.010100 0.014986 0.021573 0.029512 0.038591 0.048196 0.057814 0.067434 0.074791 0.078433 0.080516 0.078655 0.074072 0.066635 0.058264 0.048914 0.038599 0.029987 0.022254 0.015937 0.011116 0.007129 0.004527 0.002915 0.001651 0.000973 0.000578 0.000302 0.000126 0.000074 0.000045 0.000014 0.000011 0.000003 0.000001 0.000000 0.000000 0.000000 0.000000 0.000000 0.000000 0.000000 0.000000 
t: 0.019354838710 start: 54 end: 109 0.000001 0.000005 0.000006 0.000018 0.000040 0.000098 0.000215 0.000412 0.000891 0.001625 0.002714 0.004409 0.007232 0.011132 0.016562 0.023122 0.031011 0.040051 0.049445 0.059404 0.067898 0.074538 0.078382 0.079468 0.077513 0.072282 0.064976 0.056621 0.047483 0.037615 0.028737 0.021695 0.015529 0.010629 0.007100 0.004636 0.002753 0.001661 0.000986 0.000526 0.000280 0.000151 0.000080 0.000040 0.000018 0.000006 0.000003 0.000001 0.000000 0.000000 0.000000 0.000000 0.000000 0.000000 0.000000 0.000000 
t: 0.018750000000 start: 56 end: 110 0.000003 0.000004 0.000013 0.000020 0.000067 0.000131 0.000269 0.000538 0.001046 0.001923 0.003166 0.005323 0.008200 0.012311 0.017805 0.024771 0.033070 0.041939 0.051529 0.060868 0.068248 0.074520 0.077915 0.079078 0.076099 0.070490 0.063054 0.054396 0.045429 0.036452 0.027866 0.020734 0.015014 0.010055 0.006813 0.004465 0.002739 0.001574 0.000944 0.000537 0.000280 0.000156 0.000086 0.000029 0.000017 0.000007 0.000007 0.000000 0.000000 0.000000 0.000000 0.000000 0.000000 0.000000 0.000000 
t: 0.018181818182 start: 57 end: 113 0.000002 0.000003 0.000006 0.000010 0.000037 0.000093 0.000181 0.000356 0.000703 0.001322 0.002281 0.003765 0.005918 0.009414 0.013683 0.019517 0.027040 0.035083 0.044066 0.053092 0.062295 0.069246 0.074762 0.077639 0.077796 0.074235 0.068810 0.061174 0.052389 0.043280 0.034799 0.026772 0.019742 0.014017 0.009563 0.006551 0.004185 0.002626 0.001608 0.000883 0.000500 0.000276 0.000148 0.000072 0.000037 0.000012 0.000003 0.000006 0.000002 0.000000 0.000000 0.000000 0.000000 0.000000 0.000000 0.000000 0.000000 
t: 0.017647058823 start: 59 end: 115 0.000001 0.000006 0.000004 0.000029 0.000063 0.000118 0.000249 0.000465 0.000924 0.001619 0.002760 0.004417 0.006920 0.010466 0.015458 0.021703 0.028992 0.037567 0.046536 0.055045 0.063712 0.070159 0.074649 0.077408 0.076744 0.072349 0.066896 0.058629 0.050198 0.041250 0.032843 0.025188 0.018421 0.013239 0.009100 0.006148 0.003984 0.002431 0.001445 0.000835 0.000493 0.000262 0.000152 0.000076 0.000026 0.000008 0.000010 0.000001 0.000002 0.000000 0.000000 0.000000 0.000000 0.000000 0.000000 0.000000 0.000000 
t: 0.017142857143 start: 60 end: 117 0.000002 0.000001 0.000004 0.000015 0.000033 0.000080 0.000169 0.000358 0.000627 0.001151 0.002030 0.003285 0.005178 0.008024 0.012205 0.017404 0.023873 0.031308 0.039750 0.048798 0.057468 0.065174 0.070964 0.075575 0.076449 0.075047 0.070611 0.064312 0.056210 0.047876 0.039034 0.030697 0.023471 0.017311 0.012346 0.008506 0.005668 0.003621 0.002249 0.001352 0.000789 0.000491 0.000261 0.000119 0.000060 0.000024 0.000013 0.000002 0.000003 0.000002 0.000000 0.000000 0.000000 0.000000 0.000000 0.000000 0.000000 0.000000 
t: 0.016666666667 start: 62 end: 119 0.000002 0.000004 0.000005 0.000032 0.000052 0.000106 0.000233 0.000455 0.000838 0.001405 0.002458 0.003978 0.006224 0.009699 0.013932 0.019400 0.026016 0.034155 0.042646 0.051181 0.059578 0.066852 0.072074 0.075318 0.075686 0.072889 0.068763 0.061257 0.053685 0.045506 0.036668 0.028654 0.021700 0.016080 0.011322 0.007769 0.005115 0.003407 0.002085 0.001206 0.000739 0.000385 0.000225 0.000113 0.000062 0.000027 0.000008 0.000004 0.000000 0.000001 0.000000 0.000001 0.000000 0.000000 0.000000 0.000000 0.000000 0.000000 
t: 0.016216216216 start: 62 end: 120 0.000001 0.000000 0.000001 0.000003 0.000015 0.000040 0.000079 0.000170 0.000309 0.000548 0.001101 0.001809 0.003045 0.004884 0.007481 0.011268 0.015938 0.021508 0.028707 0.036998 0.045580 0.054137 0.061765 0.067869 0.072801 0.075201 0.074580 0.071422 0.065889 0.058727 0.050909 0.042514 0.033926 0.026728 0.020098 0.014619 0.010241 0.007087 0.004707 0.002959 0.001822 0.001124 0.000633 0.000374 0.000185 0.000105 0.000055 0.000021 0.000012 0.000002 0.000002 0.000001 0.000000 0.000000 0.000000 0.000000 0.000000 0.000000 0.000000 
t: 0.015789473684 start: 63 end: 121 0.000001 0.000000 0.000001 0.000004 0.000006 0.000027 0.000058 0.000110 0.000229 0.000415 0.000778 0.001387 0.002394 0.003669 0.005835 0.009059 0.013029 0.018211 0.024074 0.031952 0.039976 0.048719 0.056202 0.064173 0.069526 0.073376 0.074168 0.073229 0.069128 0.063169 0.055784 0.047924 0.039757 0.031576 0.024273 0.018165 0.013266 0.009360 0.006298 0.004090 0.002677 0.001669 0.001018 0.000593 0.000298 0.000168 0.000104 0.000048 0.000020 0.000003 0.000003 0.000001 0.000000 0.000000 0.000000 0.000000 0.000000 0.000000 0.000000 
t: 0.015384615385 start: 67 end: 123 0.000003 0.000005 0.000026 0.000041 0.000089 0.000160 0.000282 0.000593 0.001114 0.001785 0.002973 0.004633 0.007156 0.010548 0.014973 0.020590 0.027300 0.035222 0.043197 0.051347 0.059325 0.065822 0.070625 0.073296 0.073705 0.071149 0.067015 0.060303 0.052633 0.044522 0.036553 0.029224 0.022309 0.016491 0.011862 0.008200 0.005467 0.003725 0.002358 0.001466 0.000884 0.000459 0.000272 0.000154 0.000081 0.000038 0.000015 0.000008 0.000002 0.000000 0.000000 0.000000 0.000000 0.000000 0.000000 0.000000 0.000000 
t: 0.015000000000 start: 68 end: 126 0.000005 0.000003 0.000013 0.000026 0.000063 0.000118 0.000204 0.000452 0.000816 0.001440 0.002297 0.003674 0.005692 0.008771 0.012457 0.017625 0.023521 0.030314 0.038456 0.046568 0.054321 0.061511 0.067850 0.071526 0.073171 0.072189 0.069392 0.063792 0.057284 0.049358 0.041448 0.033473 0.026528 0.020116 0.014808 0.010408 0.007231 0.004973 0.003164 0.002038 0.001258 0.000772 0.000398 0.000234 0.000128 0.000066 0.000026 0.000015 0.000003 0.000003 0.000001 0.000000 0.000000 0.000000 0.000000 0.000000 0.000000 0.000000 0.000000 
t: 0.014634146341 start: 69 end: 128 0.000003 0.000004 0.000010 0.000013 0.000038 0.000085 0.000181 0.000336 0.000647 0.001114 0.001799 0.002921 0.004640 0.007151 0.010310 0.014838 0.020180 0.026698 0.033738 0.042036 0.049925 0.057454 0.063647 0.069249 0.071992 0.072880 0.070790 0.066857 0.060738 0.053651 0.045889 0.038078 0.030715 0.023653 0.017991 0.013084 0.009174 0.006288 0.004302 0.002720 0.001734 0.001068 0.000623 0.000351 0.000184 0.000108 0.000059 0.000032 0.000015 0.000003 0.000001 0.000003 0.000000 0.000000 0.000000 0.000000 0.000000 0.000000 0.000000 0.000000 
t: 0.014285714286 start: 69 end: 129 0.000001 0.000001 0.000005 0.000004 0.000013 0.000031 0.000060 0.000127 0.000248 0.000460 0.000869 0.001527 0.002366 0.003762 0.005818 0.008751 0.012491 0.017304 0.023113 0.030110 0.037718 0.045271 0.053191 0.060193 0.066049 0.070515 0.072261 0.071368 0.068719 0.063818 0.057358 0.050315 0.042641 0.034494 0.027684 0.021265 0.015801 0.011411 0.007987 0.005452 0.003649 0.002291 0.001470 0.000900 0.000511 0.000269 0.000143 0.000105 0.000045 0.000027 0.000007 0.000009 0.000002 0.000000 0.000000 0.000000 0.000000 0.000000 0.000000 0.000000 0.000000 
t: 0.013953488372 start: 71 end: 131 0.000002 0.000001 0.000004 0.000012 0.000026 0.000043 0.000101 0.000186 0.000378 0.000637 0.001206 0.001905 0.003080 0.004796 0.007316 0.010655 0.014988 0.020190 0.026454 0.033649 0.041546 0.049096 0.056040 0.063206 0.068257 0.070885 0.071291 0.069735 0.066196 0.060756 0.053953 0.046636 0.038831 0.031598 0.024543 0.018686 0.013798 0.009934 0.006916 0.004622 0.003085 0.001895 0.001234 0.000707 0.000406 0.000232 0.000139 0.000074 0.000035 0.000025 0.000011 0.000002 0.000000 0.000001 0.000000 0.000000 0.000000 0.000000 0.000000 0.000000 0.000000 
t: 0.013636363636 start: 72 end: 134 0.000001 0.000003 0.000004 0.000006 0.000020 0.000048 0.000084 0.000136 0.000302 0.000517 0.000880 0.001572 0.002574 0.003979 0.006115 0.009141 0.012604 0.017719 0.023533 0.030149 0.037474 0.045308 0.052829 0.059705 0.065265 0.069208 0.071059 0.070270 0.067513 0.063789 0.057271 0.050216 0.042715 0.035069 0.028099 0.021821 0.016350 0.011878 0.008720 0.005776 0.003917 0.002482 0.001599 0.000961 0.000580 0.000338 0.000191 0.000095 0.000069 0.000023 0.000015 0.000004 0.000002 0.000001 0.000001 0.000000 0.000000 0.000000 0.000000 0.000000 0.000000 0.000000 0.000000 
t: 0.013333333333 start: 74 end: 134 0.000001 0.000003 0.000007 0.000016 0.000032 0.000057 0.000130 0.000221 0.000444 0.000716 0.001282 0.002046 0.003397 0.005308 0.007703 0.011012 0.015361 0.020851 0.026817 0.034185 0.041427 0.049283 0.055998 0.062428 0.067396 0.070300 0.070205 0.068862 0.065335 0.060472 0.053840 0.046186 0.038565 0.031458 0.024930 0.018895 0.014089 0.010288 0.007212 0.004836 0.003235 0.002063 0.001260 0.000783 0.000470 0.000288 0.000147 0.000082 0.000036 0.000024 0.000013 0.000004 0.000000 0.000000 0.000001 0.000000 0.000000 0.000000 0.000000 0.000000 0.000000 
t: 0.013043478261 start: 75 end: 137 0.000001 0.000002 0.000005 0.000014 0.000028 0.000044 0.000074 0.000202 0.000347 0.000599 0.001055 0.001688 0.002882 0.004470 0.006649 0.009681 0.013510 0.018371 0.024100 0.030777 0.038299 0.045382 0.052991 0.059667 0.064808 0.068582 0.070173 0.069399 0.066871 0.062566 0.056714 0.049461 0.041938 0.034869 0.028063 0.021651 0.016613 0.012106 0.008659 0.005932 0.004006 0.002524 0.001685 0.001075 0.000669 0.000340 0.000206 0.000116 0.000067 0.000041 0.000015 0.000009 0.000002 0.000001 0.000001 0.000000 0.000000 0.000000 0.000000 0.000000 0.000000 0.000000 0.000000 
t: 0.012765957447 start: 77 end: 138 0.000001 0.000007 0.000013 0.000016 0.000040 0.000063 0.000149 0.000284 0.000520 0.000877 0.001483 0.002447 0.003799 0.005640 0.008548 0.011951 0.016175 0.021697 0.027975 0.034718 0.042360 0.049706 0.056829 0.062986 0.066402 0.069442 0.069682 0.067735 0.064279 0.059210 0.052418 0.045149 0.037954 0.030723 0.024813 0.018935 0.013985 0.010284 0.007094 0.004945 0.003253 0.002117 0.001362 0.000784 0.000509 0.000287 0.000158 0.000096 0.000048 0.000029 0.000014 0.000005 0.000003 0.000000 0.000000 0.000001 0.000000 0.000000 0.000000 0.000000 0.000000 0.000000 
t: 0.012500000000 start: 79 end: 139 0.000005 0.000008 0.000017 0.000031 0.000054 0.000142 0.000221 0.000431 0.000738 0.001224 0.002095 0.003171 0.004985 0.007447 0.010451 0.014557 0.019628 0.025190 0.032270 0.039285 0.046766 0.053927 0.059712 0.064649 0.068456 0.069282 0.068521 0.065300 0.061492 0.055162 0.048036 0.040989 0.033791 0.027414 0.021229 0.016213 0.011908 0.008451 0.005876 0.004038 0.002616 0.001699 0.001013 0.000632 0.000381 0.000234 0.000120 0.000062 0.000050 0.000018 0.000009 0.000003 0.000000 0.000000 0.000000 0.000001 0.000000 0.000000 0.000000 0.000000 0.000000 
t: 0.012244897959 start: 79 end: 141 0.000002 0.000000 0.000007 0.000018 0.000016 0.000055 0.000112 0.000179 0.000359 0.000650 0.001062 0.001745 0.002816 0.004385 0.006438 0.009204 0.013022 0.017637 0.023223 0.029558 0.036560 0.043978 0.050762 0.057620 0.062625 0.066544 0.068983 0.068445 0.066342 0.062997 0.057436 0.050563 0.044066 0.036887 0.029929 0.023641 0.018212 0.013755 0.009884 0.007039 0.004717 0.003189 0.002042 0.001325 0.000803 0.000524 0.000296 0.000164 0.000079 0.000053 0.000025 0.000016 0.000007 0.000002 0.000001 0.000000 0.000000 0.000001 0.000000 0.000000 0.000000 0.000000 0.000000 
t: 0.012000000000 start: 81 end: 144 0.000002 0.000009 0.000011 0.000016 0.000046 0.000094 0.000163 0.000295 0.000536 0.000901 0.001564 0.002482 0.003841 0.005727 0.008188 0.011647 0.015986 0.021257 0.027011 0.034064 0.040891 0.048420 0.054670 0.061244 0.065166 0.067431 0.068491 0.066988 0.064288 0.059579 0.053098 0.046383 0.039459 0.032528 0.025964 0.020441 0.015568 0.011473 0.008076 0.005541 0.003817 0.002485 0.001609 0.001023 0.000671 0.000397 0.000214 0.000116 0.000054 0.000038 0.000023 0.000009 0.000001 0.000002 0.000001 0.000000 0.000001 0.000000 0.000000 0.000000 0.000000 0.000000 0.000000 0.000000 
t: 0.011764705882 start: 82 end: 145 0.000003 0.000001 0.000011 0.000022 0.000038 0.000074 0.000140 0.000280 0.000422 0.000789 0.001347 0.002224 0.003468 0.005014 0.007462 0.010466 0.014497 0.019308 0.025368 0.031362 0.038403 0.045857 0.052690 0.058409 0.063798 0.066377 0.068054 0.067447 0.065101 0.060862 0.055492 0.048738 0.041982 0.034996 0.028185 0.022606 0.017347 0.012837 0.009497 0.006495 0.004411 0.003058 0.001930 0.001254 0.000763 0.000528 0.000276 0.000122 0.000095 0.000043 0.000031 0.000009 0.000007 0.000001 0.000001 0.000002 0.000000 0.000000 0.000000 0.000000 0.000000 0.000000 0.000000 0.000000 
t: 0.011538461538 start: 82 end: 145 0.000001 0.000000 0.000003 0.000018 0.000016 0.000033 0.000067 0.000125 0.000198 0.000388 0.000685 0.001233 0.001953 0.002993 0.004522 0.006679 0.009501 0.013359 0.017603 0.023348 0.029565 0.036328 0.043146 0.050065 0.056691 0.061842 0.065441 0.067491 0.067610 0.065533 0.062135 0.057152 0.050774 0.044554 0.037103 0.030447 0.024786 0.019269 0.014415 0.010556 0.007490 0.005256 0.003473 0.002309 0.001516 0.000939 0.000616 0.000343 0.000192 0.000117 0.000065 0.000030 0.000013 0.000008 0.000001 0.000003 0.000001 0.000000 0.000000 0.000000 0.000000 0.000000 0.000000 0.000000 
t: 0.011320754717 start: 83 end: 146 0.000001 0.000001 0.000004 0.000012 0.000015 0.000029 0.000065 0.000107 0.000170 0.000353 0.000617 0.001045 0.001712 0.002681 0.004102 0.005991 0.008637 0.012277 0.016429 0.021732 0.027298 0.034315 0.040912 0.047868 0.054595 0.060029 0.064357 0.066744 0.067421 0.065865 0.063183 0.058620 0.052857 0.046175 0.039450 0.033008 0.026831 0.020773 0.016077 0.011762 0.008534 0.005917 0.004054 0.002758 0.001751 0.001184 0.000708 0.000425 0.000248 0.000140 0.000083 0.000040 0.000022 0.000007 0.000005 0.000004 0.000000 0.000000 0.000000 0.000000 0.000000 0.000000 0.000000 0.000000 
t: 0.011111111111 start: 85 end: 148 0.000001 0.000003 0.000006 0.000020 0.000026 0.000048 0.000097 0.000189 0.000304 0.000539 0.000951 0.001531 0.002455 0.003615 0.005560 0.007886 0.011308 0.015154 0.020089 0.025876 0.032145 0.039033 0.045847 0.052583 0.058436 0.062468 0.065797 0.067034 0.066582 0.064080 0.059681 0.054535 0.048117 0.041707 0.034882 0.028418 0.023024 0.017284 0.012995 0.009549 0.006843 0.004673 0.003104 0.002203 0.001278 0.000807 0.000542 0.000311 0.000191 0.000092 0.000049 0.000024 0.000015 0.000008 0.000003 0.000002 0.000000 0.000000 0.000000 0.000000 0.000000 0.000000 0.000000 0.000000 
t: 0.010909090909 start: 86 end: 148 0.000002 0.000001 0.000005 0.000015 0.000031 0.000046 0.000080 0.000164 0.000285 0.000501 0.000849 0.001378 0.002166 0.003375 0.004994 0.007363 0.010249 0.014164 0.018796 0.024460 0.030501 0.036953 0.044025 0.050858 0.056650 0.061164 0.064672 0.066408 0.066729 0.064499 0.060883 0.055552 0.050198 0.043436 0.036761 0.030408 0.024340 0.019069 0.014183 0.010788 0.007530 0.005352 0.003704 0.002358 0.001544 0.001028 0.000636 0.000383 0.000200 0.000136 0.000066 0.000035 0.000012 0.000009 0.000006 0.000000 0.000000 0.000000 0.000000 0.000000 0.000000 0.000000 0.000000 
t: 0.010714285714 start: 88 end: 150 0.000003 0.000007 0.000017 0.000022 0.000041 0.000067 0.000154 0.000255 0.000465 0.000754 0.001249 0.001927 0.003100 0.004691 0.006717 0.009605 0.013251 0.017582 0.022864 0.029018 0.035442 0.042007 0.048994 0.054604 0.060410 0.063791 0.065695 0.066581 0.065005 0.061477 0.056778 0.051735 0.045396 0.038495 0.031989 0.025908 0.020624 0.015397 0.011846 0.008467 0.005966 0.004131 0.002745 0.001819 0.001140 0.000732 0.000456 0.000271 0.000139 0.000093 0.000047 0.000011 0.000010 0.000006 0.000004 0.000000 0.000000 0.000000 0.000000 0.000000 0.000000 0.000000 0.000000 
t: 0.010526315789 start: 88 end: 152 0.000003 0.000002 0.000006 0.000012 0.000020 0.000032 0.000072 0.000115 0.000258 0.000402 0.000703 0.001127 0.001875 0.002821 0.004223 0.006271 0.009009 0.012172 0.017011 0.021415 0.027462 0.033938 0.040499 0.047108 0.053164 0.058969 0.062794 0.065165 0.066109 0.065201 0.062487 0.058069 0.052851 0.046935 0.040081 0.033476 0.027549 0.021730 0.017075 0.012634 0.009306 0.006766 0.004519 0.003089 0.002106 0.001303 0.000847 0.000543 0.000293 0.000194 0.000092 0.000047 0.000026 0.000016 0.000005 0.000001 0.000002 0.000000 0.000000 0.000000 0.000000 0.000000 0.000000 0.000000 0.000000 
t: 0.010344827586 start: 88 end: 154 0.000002 0.000001 0.000001 0.000007 0.000009 0.000010 0.000036 0.000065 0.000121 0.000208 0.000382 0.000644 0.001038 0.001787 0.002597 0.003937 0.006058 0.008257 0.011576 0.015713 0.020567 0.026416 0.032286 0.039138 0.045365 0.051681 0.057772 0.061238 0.064972 0.065893 0.065087 0.062329 0.059457 0.054210 0.048479 0.041373 0.035088 0.029089 0.023071 0.018188 0.013702 0.010100 0.007203 0.005177 0.003427 0.002355 0.001534 0.000951 0.000572 0.000366 0.000211 0.000117 0.000075 0.000026 0.000026 0.000006 0.000002 0.000001 0.000000 0.000001 0.000000 0.000000 0.000000 0.000000 0.000000 0.000000 0.000000 
t: 0.010169491525 start: 89 end: 155 0.000001 0.000001 0.000002 0.000005 0.000007 0.000009 0.000037 0.000061 0.000113 0.000209 0.000354 0.000606 0.001009 0.001587 0.002429 0.003765 0.005535 0.008031 0.010821 0.014861 0.019480 0.025075 0.031333 0.037592 0.044059 0.050416 0.056066 0.060788 0.064124 0.065256 0.065411 0.063010 0.059822 0.055268 0.049473 0.042897 0.036406 0.030546 0.024507 0.019227 0.014619 0.010779 0.007901 0.005487 0.003893 0.002649 0.001740 0.001118 0.000659 0.000411 0.000248 0.000140 0.000075 0.000044 0.000021 0.000009 0.000006 0.000001 0.000000 0.000000 0.000000 0.000001 0.000000 0.000000 0.000000 0.000000 0.000000 
t: 0.010000000000 start: 91 end: 155 0.000003 0.000000 0.000005 0.000004 0.000015 0.000027 0.000051 0.000124 0.000187 0.000325 0.000572 0.000929 0.001511 0.002365 0.003456 0.005196 0.007559 0.010509 0.014096 0.018523 0.024129 0.029834 0.036349 0.043171 0.049129 0.054407 0.060032 0.063599 0.064916 0.064866 0.063815 0.059870 0.056423 0.050228 0.044414 0.038021 0.031396 0.025527 0.020429 0.015696 0.011619 0.008464 0.006089 0.004217 0.002907 0.001904 0.001243 0.000734 0.000477 0.000271 0.000170 0.000092 0.000061 0.000025 0.000010 0.000005 0.000003 0.000000 0.000000 0.000001 0.000000 0.000000 0.000000 0.000000 0.000000 
t: 0.008448275866 start: 101 end: 168 0.000001 0.000001 0.000001 0.000002 0.000007 0.000011 0.000031 0.000054 0.000078 0.000166 0.000247 0.000439 0.000694 0.001141 0.001782 0.002727 0.003968 0.005603 0.008030 0.010831 0.014516 0.018870 0.023908 0.029491 0.035506 0.041431 0.047426 0.052603 0.057223 0.060240 0.062863 0.062843 0.061760 0.059634 0.055118 0.050509 0.045322 0.038861 0.033063 0.027119 0.022048 0.017498 0.013345 0.009974 0.007316 0.005135 0.003649 0.002498 0.001661 0.001038 0.000736 0.000420 0.000247 0.000125 0.000102 0.000046 0.000020 0.000011 0.000005 0.000006 0.000000 0.000000 0.000000 0.000000 0.000000 0.000000 0.000000 0.000000 
t: 0.007313432839 start: 111 end: 180 0.000003 0.000001 0.000001 0.000004 0.000008 0.000010 0.000023 0.000042 0.000078 0.000151 0.000263 0.000411 0.000672 0.001084 0.001607 0.002405 0.003623 0.005255 0.007060 0.009808 0.013110 0.016743 0.021435 0.026496 0.032217 0.037763 0.043279 0.048790 0.053047 0.057657 0.060049 0.061309 0.060946 0.059722 0.057051 0.052497 0.047947 0.042268 0.036969 0.031253 0.025158 0.020787 0.016339 0.012567 0.009613 0.007015 0.005106 0.003518 0.002463 0.001565 0.001081 0.000684 0.000421 0.000287 0.000148 0.000091 0.000051 0.000026 0.000008 0.000007 0.000006 0.000002 0.000000 0.000000 0.000000 0.000000 0.000000 0.000000 0.000000 0.000000 
t: 0.006447368423 start: 122 end: 191 0.000001 0.000007 0.000009 0.000013 0.000026 0.000048 0.000096 0.000157 0.000258 0.000430 0.000644 0.001052 0.001648 0.002374 0.003521 0.004870 0.006885 0.009305 0.012432 0.016255 0.020416 0.025054 0.030549 0.036019 0.041567 0.046730 0.051165 0.055633 0.058147 0.060157 0.060093 0.058412 0.057239 0.053341 0.049019 0.044065 0.038528 0.032979 0.027511 0.022722 0.018261 0.014214 0.011015 0.008216 0.005833 0.004263 0.003121 0.001942 0.001362 0.000928 0.000565 0.000376 0.000220 0.000137 0.000073 0.000039 0.000029 0.000012 0.000010 0.000002 0.000003 0.000002 0.000000 0.000000 0.000000 0.000000 0.000000 0.000000 0.000000 0.000000 
t: 0.005764705884 start: 127 end: 200 0.000001 0.000000 0.000002 0.000002 0.000002 0.000011 0.000011 0.000017 0.000043 0.000102 0.000178 0.000259 0.000422 0.000675 0.001037 0.001600 0.002378 0.003391 0.004871 0.006714 0.009019 0.011981 0.015525 0.019496 0.024436 0.029395 0.034607 0.039627 0.044760 0.049687 0.053566 0.057067 0.059141 0.059475 0.059063 0.057229 0.053642 0.049838 0.044713 0.039962 0.034247 0.029227 0.024301 0.019545 0.015423 0.012011 0.009114 0.006797 0.004931 0.003546 0.002418 0.001620 0.001053 0.000691 0.000447 0.000283 0.000161 0.000101 0.000055 0.000043 0.000020 0.000007 0.000006 0.000004 0.000002 0.000001 0.000001 0.000000 0.000000 0.000000 0.000000 0.000000 0.000000 0.000000 
t: 0.005212765959 start: 133 end: 206 0.000001 0.000000 0.000000 0.000002 0.000001 0.000004 0.000006 0.000015 0.000022 0.000051 0.000088 0.000143 0.000222 0.000423 0.000624 0.000993 0.001465 0.002092 0.003168 0.004460 0.006202 0.008395 0.011207 0.014236 0.018155 0.022681 0.027683 0.032543 0.037664 0.043402 0.047993 0.052172 0.055371 0.058086 0.058854 0.058548 0.057335 0.054907 0.050925 0.046526 0.041482 0.036602 0.031023 0.025989 0.021210 0.017141 0.013649 0.010199 0.007886 0.005611 0.004076 0.002889 0.001958 0.001315 0.000884 0.000547 0.000353 0.000223 0.000114 0.000088 0.000039 0.000023 0.000019 0.000006 0.000002 0.000004 0.000002 0.000000 0.000001 0.000000 0.000000 0.000000 0.000000 0.000000 
t: 0.004757281555 start: 138 end: 212 0.000001 0.000000 0.000000 0.000000 0.000002 0.000001 0.000003 0.000003 0.000008 0.000019 0.000045 0.000059 0.000106 0.000199 0.000349 0.000493 0.000813 0.001228 0.001795 0.002489 0.003688 0.005232 0.007116 0.009370 0.012509 0.016137 0.019868 0.024534 0.029567 0.034809 0.039926 0.044912 0.050025 0.053580 0.055994 0.058267 0.058398 0.057904 0.055876 0.053341 0.048939 0.044423 0.039568 0.034608 0.029337 0.024116 0.019761 0.015779 0.012442 0.009238 0.006935 0.005141 0.003722 0.002544 0.001746 0.001144 0.000722 0.000447 0.000282 0.000189 0.000104 0.000075 0.000036 0.000014 0.000011 0.000003 0.000005 0.000001 0.000001 0.000000 0.000000 0.000000 0.000000 0.000001 0.000000 
t: 0.004375000001 start: 145 end: 218 0.000001 0.000000 0.000000 0.000000 0.000003 0.000002 0.000007 0.000011 0.000024 0.000044 0.000068 0.000118 0.000217 0.000336 0.000584 0.000835 0.001212 0.001895 0.002683 0.003915 0.005257 0.007232 0.009557 0.012707 0.016128 0.020496 0.025043 0.029894 0.034993 0.040052 0.045256 0.049421 0.053165 0.056363 0.057601 0.058220 0.057772 0.055602 0.053229 0.048772 0.044468 0.039751 0.034003 0.029067 0.024108 0.019654 0.015567 0.012325 0.009366 0.007062 0.005059 0.003598 0.002596 0.001702 0.001116 0.000692 0.000480 0.000273 0.000157 0.000101 0.000059 0.000034 0.000019 0.000013 0.000009 0.000003 0.000000 0.000001 0.000001 0.000001 0.000000 0.000000 0.000000 0.000000 
t: 0.004049586778 start: 152 end: 224 0.000001 0.000000 0.000002 0.000002 0.000008 0.000013 0.000022 0.000030 0.000043 0.000099 0.000177 0.000289 0.000465 0.000751 0.001066 0.001633 0.002304 0.003297 0.004744 0.006423 0.008650 0.011550 0.014901 0.018376 0.023127 0.027977 0.033140 0.037945 0.043142 0.047741 0.051417 0.054857 0.057373 0.058119 0.058333 0.056543 0.054357 0.050424 0.046336 0.041408 0.036247 0.031355 0.026343 0.021343 0.017103 0.013563 0.010440 0.007868 0.005876 0.004180 0.003002 0.001979 0.001409 0.000831 0.000569 0.000320 0.000196 0.000107 0.000086 0.000041 0.000021 0.000015 0.000011 0.000005 0.000004 0.000000 0.000000 0.000000 0.000001 0.000000 0.000000 0.000000 0.000000 
t: 0.003769230770 start: 157 end: 229 0.000001 0.000002 0.000000 0.000001 0.000007 0.000009 0.000025 0.000033 0.000060 0.000107 0.000194 0.000307 0.000497 0.000738 0.001103 0.001661 0.002390 0.003475 0.004842 0.006529 0.008968 0.011530 0.015174 0.019078 0.023475 0.028261 0.033295 0.038364 0.043150 0.048279 0.051903 0.055252 0.057275 0.058081 0.058083 0.056317 0.053834 0.050693 0.046060 0.041330 0.035873 0.030805 0.025862 0.020868 0.017034 0.013372 0.010064 0.007611 0.005615 0.004160 0.002891 0.001949 0.001275 0.000906 0.000527 0.000312 0.000239 0.000112 0.000061 0.000037 0.000021 0.000012 0.000006 0.000003 0.000000 0.000001 0.000000 0.000000 0.000001 0.000000 0.000000 0.000000 0.000000 
t: 0.003525179857 start: 164 end: 235 0.000006 0.000007 0.000010 0.000015 0.000028 0.000043 0.000077 0.000128 0.000236 0.000368 0.000572 0.000872 0.001408 0.001977 0.002880 0.004073 0.005600 0.007700 0.009988 0.013218 0.016947 0.021084 0.025638 0.030769 0.036022 0.040631 0.045706 0.049992 0.053862 0.056263 0.058034 0.058759 0.057599 0.055381 0.052221 0.048361 0.043755 0.038413 0.033742 0.028385 0.023165 0.019053 0.015126 0.011563 0.008774 0.006780 0.004649 0.003486 0.002354 0.001516 0.001067 0.000707 0.000406 0.000243 0.000157 0.000076 0.000050 0.000026 0.000010 0.000016 0.000002 0.000002 0.000001 0.000000 0.000001 0.000000 0.000000 0.000000 0.000000 0.000000 0.000000 0.000000 
t: 0.003310810811 start: 168 end: 238 0.000002 0.000004 0.000011 0.000014 0.000018 0.000044 0.000081 0.000130 0.000233 0.000317 0.000538 0.000844 0.001267 0.001926 0.002712 0.003822 0.005300 0.007391 0.009814 0.012679 0.016193 0.020522 0.024981 0.029882 0.034873 0.040496 0.044980 0.049510 0.053289 0.056275 0.057666 0.058875 0.058053 0.056042 0.052985 0.049201 0.044317 0.039028 0.034174 0.029028 0.024197 0.019398 0.015665 0.011887 0.009282 0.006897 0.004783 0.003491 0.002419 0.001669 0.001058 0.000703 0.000463 0.000241 0.000140 0.000081 0.000046 0.000029 0.000018 0.000008 0.000004 0.000002 0.000002 0.000000 0.000000 0.000000 0.000000 0.000000 0.000000 0.000000 0.000000 
t: 0.003121019109 start: 171 end: 241 0.000003 0.000000 0.000006 0.000007 0.000010 0.000032 0.000047 0.000088 0.000146 0.000235 0.000398 0.000546 0.000856 0.001374 0.001941 0.002901 0.004059 0.005513 0.007648 0.010435 0.013108 0.017142 0.020951 0.025877 0.030855 0.035800 0.041162 0.045906 0.050572 0.054082 0.056597 0.058688 0.058935 0.057737 0.055597 0.052279 0.048324 0.043392 0.038601 0.033397 0.028194 0.022912 0.018681 0.014785 0.011346 0.008603 0.006393 0.004645 0.003203 0.002159 0.001440 0.000953 0.000587 0.000348 0.000212 0.000127 0.000068 0.000044 0.000025 0.000016 0.000006 0.000003 0.000001 0.000000 0.000002 0.000000 0.000000 0.000000 0.000000 0.000000 0.000000 
t: 0.002951807229 start: 174 end: 246 0.000001 0.000001 0.000003 0.000004 0.000010 0.000024 0.000035 0.000064 0.000101 0.000168 0.000292 0.000451 0.000669 0.001049 0.001557 0.002319 0.003326 0.004620 0.006578 0.008673 0.011650 0.014827 0.018617 0.023350 0.027940 0.033027 0.038492 0.043270 0.048469 0.052343 0.055712 0.057910 0.059008 0.058681 0.057189 0.054847 0.050670 0.046543 0.041044 0.036049 0.030781 0.025388 0.021038 0.016540 0.013051 0.009906 0.007351 0.005314 0.003757 0.002612 0.001727 0.001159 0.000717 0.000419 0.000282 0.000153 0.000097 0.000065 0.000028 0.000015 0.000007 0.000007 0.000001 0.000001 0.000001 0.000000 0.000000 0.000000 0.000000 0.000000 0.000000 0.000000 0.000000 
t: 0.002800000000 start: 177 end: 248 0.000001 0.000002 0.000002 0.000001 0.000010 0.000018 0.000026 0.000050 0.000085 0.000157 0.000235 0.000391 0.000595 0.000928 0.001413 0.002078 0.003016 0.004200 0.005818 0.008041 0.010601 0.013792 0.017599 0.021782 0.026606 0.031458 0.036631 0.042054 0.047149 0.051624 0.055162 0.057557 0.059529 0.058923 0.057897 0.055920 0.052573 0.047427 0.042826 0.037370 0.031976 0.026729 0.022236 0.017607 0.013823 0.010576 0.007833 0.005761 0.003968 0.002851 0.001905 0.001217 0.000766 0.000506 0.000302 0.000170 0.000089 0.000060 0.000030 0.000019 0.000017 0.000004 0.000007 0.000001 0.000000 0.000000 0.000000 0.000000 0.000000 0.000000 0.000000 0.000000 
t: 0.002663043479 start: 180 end: 249 0.000001 0.000000 0.000003 0.000004 0.000007 0.000013 0.000022 0.000050 0.000085 0.000126 0.000230 0.000360 0.000573 0.000893 0.001303 0.002071 0.002931 0.003997 0.005633 0.007615 0.010675 0.013565 0.017562 0.021654 0.025844 0.030846 0.036842 0.042070 0.047294 0.051468 0.054999 0.057930 0.059456 0.059408 0.058219 0.056113 0.052744 0.048245 0.042750 0.037488 0.032737 0.026524 0.022140 0.017736 0.013968 0.010536 0.007880 0.005659 0.003987 0.002769 0.001870 0.001200 0.000776 0.000462 0.000297 0.000147 0.000088 0.000070 0.000027 0.000018 0.000011 0.000005 0.000004 0.000000 0.000000 0.000000 0.000000 0.000000 0.000000 0.000000 
t: 0.002538860104 start: 184 end: 253 0.000002 0.000002 0.000006 0.000006 0.000015 0.000031 0.000054 0.000101 0.000129 0.000229 0.000383 0.000598 0.000902 0.001363 0.002076 0.003053 0.004248 0.005995 0.008030 0.010864 0.014058 0.017818 0.022038 0.026839 0.032244 0.037551 0.042733 0.047968 0.052313 0.055940 0.058538 0.059645 0.059814 0.057995 0.055906 0.052573 0.047267 0.042357 0.036632 0.031462 0.025940 0.021231 0.016853 0.013130 0.009938 0.007420 0.005155 0.003658 0.002485 0.001714 0.001047 0.000651 0.000408 0.000264 0.000133 0.000086 0.000047 0.000033 0.000014 0.000011 0.000003 0.000001 0.000000 0.000000 0.000000 0.000000 0.000000 0.000000 0.000000 0.000000 
t: 0.002425742574 start: 187 end: 255 0.000002 0.000004 0.000003 0.000008 0.000019 0.000027 0.000072 0.000106 0.000151 0.000256 0.000401 0.000683 0.001009 0.001600 0.002274 0.003378 0.004729 0.006551 0.008816 0.011794 0.015183 0.018985 0.023634 0.028583 0.033971 0.039807 0.044784 0.049660 0.053629 0.057216 0.059322 0.060007 0.059906 0.058096 0.054956 0.050712 0.045644 0.040663 0.034707 0.029541 0.024010 0.019535 0.015413 0.011728 0.008791 0.006367 0.004531 0.003040 0.002080 0.001408 0.000914 0.000563 0.000293 0.000210 0.000105 0.000048 0.000038 0.000021 0.000011 0.000004 0.000000 0.000001 0.000000 0.000000 0.000000 0.000000 0.000000 0.000000 0.000000 
t: 0.002322274882 start: 189 end: 258 0.000001 0.000002 0.000005 0.000007 0.000006 0.000030 0.000045 0.000069 0.000117 0.000202 0.000313 0.000519 0.000821 0.001255 0.001864 0.002782 0.003915 0.005543 0.007500 0.010038 0.013414 0.017028 0.021176 0.026335 0.031255 0.036780 0.042280 0.047577 0.052068 0.055560 0.058864 0.060619 0.060714 0.059166 0.056778 0.052936 0.048551 0.042950 0.037555 0.032390 0.026346 0.021587 0.017187 0.013142 0.010015 0.007161 0.005244 0.003617 0.002338 0.001682 0.001090 0.000648 0.000409 0.000231 0.000132 0.000071 0.000032 0.000023 0.000010 0.000001 0.000001 0.000003 0.000000 0.000000 0.000000 0.000000 0.000000 0.000000 0.000000 0.000000 
t: 0.002227272727 start: 192 end: 260 0.000001 0.000003 0.000005 0.000005 0.000026 0.000032 0.000042 0.000090 0.000164 0.000300 0.000438 0.000641 0.001068 0.001603 0.002418 0.003412 0.004812 0.006694 0.008986 0.012039 0.015687 0.019671 0.024463 0.029599 0.034824 0.040510 0.046006 0.050846 0.055154 0.058419 0.060403 0.060789 0.060121 0.058270 0.054579 0.050245 0.044962 0.039774 0.033293 0.028399 0.022895 0.018358 0.014198 0.010887 0.007873 0.005718 0.003924 0.002703 0.001751 0.001162 0.000750 0.000439 0.000241 0.000148 0.000075 0.000043 0.000021 0.000016 0.000001 0.000003 0.000001 0.000000 0.000000 0.000000 0.000000 0.000000 0.000000 0.000000 0.000000 
t: 0.002139737991 start: 194 end: 262 0.000003 0.000003 0.000001 0.000008 0.000014 0.000034 0.000043 0.000079 0.000147 0.000226 0.000388 0.000615 0.000940 0.001382 0.002050 0.003219 0.004513 0.006319 0.008232 0.011245 0.014654 0.018752 0.023479 0.028264 0.033873 0.039601 0.045030 0.049957 0.054796 0.057924 0.060684 0.061878 0.060741 0.058705 0.055447 0.051786 0.045946 0.040362 0.034725 0.029481 0.023867 0.018798 0.014768 0.011128 0.008378 0.005910 0.004072 0.002693 0.001821 0.001259 0.000743 0.000439 0.000267 0.000142 0.000085 0.000047 0.000021 0.000010 0.000004 0.000001 0.000001 0.000000 0.000000 0.000000 0.000000 0.000000 0.000000 0.000000 0.000000 
t: 0.002058823530 start: 195 end: 264 0.000001 0.000001 0.000000 0.000004 0.000006 0.000019 0.000026 0.000040 0.000080 0.000134 0.000209 0.000336 0.000589 0.000866 0.001307 0.001997 0.003026 0.004250 0.005992 0.008220 0.010919 0.014263 0.018241 0.022846 0.028098 0.033289 0.039295 0.044701 0.049949 0.054777 0.058082 0.061191 0.061951 0.061064 0.059412 0.056002 0.052029 0.046841 0.040971 0.035007 0.029368 0.024234 0.018887 0.014711 0.011329 0.008202 0.005873 0.003958 0.002777 0.001764 0.001194 0.000702 0.000430 0.000260 0.000123 0.000075 0.000051 0.000012 0.000014 0.000002 0.000001 0.000001 0.000001 0.000000 0.000000 0.000000 0.000000 0.000000 0.000000 0.000000 
t: 0.001983805668 start: 197 end: 266 0.000001 0.000001 0.000004 0.000003 0.000008 0.000009 0.000028 0.000042 0.000078 0.000117 0.000220 0.000367 0.000551 0.000841 0.001342 0.001976 0.002942 0.004168 0.006052 0.008123 0.010873 0.014445 0.018204 0.023053 0.028172 0.033856 0.039444 0.045196 0.050457 0.055065 0.058935 0.061309 0.062035 0.061218 0.060099 0.056035 0.051811 0.046719 0.041058 0.034880 0.028876 0.023561 0.018635 0.014413 0.010777 0.007655 0.005611 0.003889 0.002633 0.001623 0.001043 0.000663 0.000397 0.000238 0.000114 0.000080 0.000027 0.000016 0.000009 0.000001 0.000001 0.000001 0.000000 0.000000 0.000000 0.000000 0.000000 0.000000 0.000000 0.000000 
t: 0.001914062500 start: 200 end: 267 0.000002 0.000004 0.000002 0.000005 0.000015 0.000026 0.000044 0.000081 0.000133 0.000238 0.000340 0.000538 0.000871 0.001413 0.002085 0.002960 0.004389 0.006019 0.008618 0.011179 0.014642 0.018876 0.023714 0.028972 0.034622 0.040920 0.046114 0.051170 0.055763 0.059328 0.062070 0.063076 0.061679 0.059529 0.055538 0.051633 0.045980 0.039837 0.033896 0.028017 0.022694 0.017516 0.013561 0.010043 0.007300 0.005129 0.003426 0.002283 0.001503 0.000914 0.000583 0.000315 0.000194 0.000106 0.000052 0.000025 0.000009 0.000007 0.000001 0.000000 0.000001 0.000000 0.000000 0.000000 0.000000 0.000000 0.000000 0.000000 
t: 0.001849056604 start: 201 end: 269 0.000001 0.000001 0.000001 0.000002 0.000007 0.000018 0.000033 0.000044 0.000087 0.000135 0.000247 0.000361 0.000627 0.000980 0.001433 0.002266 0.003197 0.004693 0.006483 0.009018 0.011804 0.015816 0.019629 0.024865 0.030283 0.036466 0.041793 0.047869 0.052767 0.057209 0.060631 0.062800 0.063294 0.061893 0.058975 0.055047 0.049772 0.044584 0.038357 0.032398 0.026463 0.020839 0.016263 0.012363 0.009264 0.006364 0.004508 0.003020 0.002004 0.001248 0.000755 0.000464 0.000263 0.000155 0.000077 0.000034 0.000018 0.000006 0.000002 0.000003 0.000001 0.000000 0.000000 0.000000 0.000000 0.000000 0.000000 0.000000 0.000000 
t: 0.001788321168 start: 203 end: 269 0.000002 0.000000 0.000002 0.000005 0.000008 0.000025 0.000032 0.000046 0.000086 0.000176 0.000268 0.000404 0.000693 0.001124 0.001629 0.002367 0.003543 0.005154 0.007213 0.009776 0.012977 0.016932 0.021254 0.026728 0.032074 0.038237 0.044063 0.049938 0.054650 0.058740 0.062153 0.063474 0.063315 0.061452 0.057986 0.053681 0.048517 0.042266 0.036197 0.030095 0.024265 0.019256 0.014457 0.010950 0.007961 0.005534 0.003820 0.002492 0.001634 0.000958 0.000624 0.000349 0.000222 0.000095 0.000058 0.000019 0.000015 0.000003 0.000003 0.000003 0.000000 0.000000 0.000000 0.000000 0.000000 0.000000 0.000000 
t: 0.001731448763 start: 205 end: 272 0.000001 0.000001 0.000004 0.000004 0.000015 0.000022 0.000030 0.000066 0.000125 0.000207 0.000285 0.000498 0.000801 0.001235 0.001916 0.002749 0.004141 0.005885 0.007968 0.010853 0.014755 0.018551 0.023165 0.028779 0.034846 0.040718 0.046743 0.052297 0.056839 0.060843 0.063381 0.063899 0.063252 0.060412 0.056479 0.051909 0.046064 0.039552 0.033313 0.027588 0.021779 0.016893 0.012689 0.009153 0.006709 0.004548 0.003083 0.001933 0.001243 0.000801 0.000460 0.000243 0.000134 0.000069 0.000037 0.000018 0.000010 0.000005 0.000001 0.000001 0.000000 0.000000 0.000000 0.000000 0.000000 0.000000 0.000000 0.000000 
t: 0.001678082192 start: 207 end: 272 0.000001 0.000000 0.000008 0.000006 0.000009 0.000030 0.000045 0.000082 0.000138 0.000242 0.000386 0.000604 0.000969 0.001581 0.002238 0.003242 0.004762 0.006851 0.009248 0.012393 0.016378 0.020682 0.025982 0.031832 0.037573 0.043857 0.049969 0.054867 0.059560 0.062136 0.064697 0.064021 0.062424 0.059391 0.054082 0.049405 0.042781 0.036427 0.030162 0.024569 0.018835 0.014394 0.010525 0.007634 0.005368 0.003604 0.002350 0.001519 0.000963 0.000526 0.000293 0.000181 0.000084 0.000051 0.000022 0.000010 0.000006 0.000004 0.000001 0.000000 0.000000 0.000000 0.000000 0.000000 0.000000 0.000000 
t: 0.001627906977 start: 209 end: 274 0.000001 0.000004 0.000008 0.000009 0.000018 0.000036 0.000066 0.000101 0.000169 0.000295 0.000508 0.000755 0.001233 0.001831 0.002705 0.003985 0.005799 0.007953 0.010780 0.014373 0.018687 0.023729 0.029149 0.034810 0.041558 0.047356 0.053360 0.057779 0.062043 0.063774 0.064968 0.063691 0.061174 0.056727 0.051895 0.045925 0.038901 0.032694 0.026576 0.020834 0.016131 0.011874 0.008595 0.006078 0.004144 0.002699 0.001738 0.001073 0.000625 0.000377 0.000203 0.000090 0.000058 0.000034 0.000013 0.000004 0.000004 0.000001 0.000000 0.000000 0.000000 0.000000 0.000000 0.000000 0.000000 0.000000 
t: 0.001580645161 start: 210 end: 274 0.000001 0.000001 0.000008 0.000008 0.000010 0.000027 0.000050 0.000065 0.000154 0.000256 0.000369 0.000669 0.001015 0.001539 0.002279 0.003420 0.004956 0.006995 0.009401 0.012889 0.016884 0.021610 0.027053 0.032748 0.039302 0.045526 0.051265 0.056631 0.061302 0.064069 0.065118 0.064669 0.062626 0.058705 0.053879 0.048236 0.041015 0.034914 0.028397 0.022686 0.017560 0.013053 0.009553 0.006746 0.004554 0.003016 0.001959 0.001224 0.000711 0.000413 0.000225 0.000118 0.000058 0.000038 0.000012 0.000007 0.000006 0.000000 0.000000 0.000000 0.000000 0.000000 0.000000 0.000000 0.000000 
t: 0.001536050157 start: 212 end: 276 0.000003 0.000003 0.000002 0.000013 0.000024 0.000032 0.000068 0.000102 0.000205 0.000337 0.000511 0.000864 0.001360 0.001956 0.002942 0.004297 0.006281 0.008513 0.011583 0.015358 0.020262 0.025300 0.030777 0.037461 0.043820 0.049768 0.055222 0.060386 0.063893 0.065834 0.065352 0.063620 0.060369 0.055350 0.049988 0.043076 0.036902 0.030197 0.024213 0.018646 0.014108 0.010314 0.007286 0.004955 0.003288 0.002084 0.001335 0.000797 0.000436 0.000233 0.000146 0.000064 0.000032 0.000021 0.000004 0.000005 0.000002 0.000000 0.000000 0.000000 0.000000 0.000000 0.000000 0.000000 0.000000 
t: 0.001493902439 start: 213 end: 277 0.000001 0.000005 0.000003 0.000008 0.000014 0.000031 0.000049 0.000101 0.000164 0.000266 0.000440 0.000733 0.001188 0.001715 0.002631 0.003918 0.005521 0.007828 0.010627 0.014432 0.018663 0.023856 0.029751 0.035742 0.042177 0.048654 0.054460 0.059562 0.063616 0.065213 0.066189 0.064975 0.061568 0.056625 0.051424 0.045363 0.038217 0.031409 0.025421 0.019763 0.014870 0.010833 0.007701 0.005345 0.003465 0.002168 0.001451 0.000818 0.000473 0.000269 0.000145 0.000076 0.000033 0.000014 0.000009 0.000005 0.000002 0.000000 0.000000 0.000000 0.000000 0.000000 0.000000 0.000000 0.000000 
t: 0.001454005935 start: 213 end: 278 0.000001 0.000001 0.000001 0.000002 0.000008 0.000015 0.000025 0.000043 0.000077 0.000142 0.000215 0.000397 0.000684 0.001004 0.001591 0.002395 0.003502 0.005068 0.007160 0.009974 0.013466 0.017683 0.022807 0.028539 0.034530 0.041376 0.047743 0.053362 0.059192 0.063229 0.065391 0.066653 0.065649 0.062660 0.058015 0.052751 0.046306 0.039582 0.032667 0.026290 0.020278 0.015390 0.011318 0.008036 0.005481 0.003602 0.002348 0.001428 0.000850 0.000512 0.000264 0.000162 0.000075 0.000028 0.000017 0.000010 0.000003 0.000002 0.000000 0.000000 0.000000 0.000000 0.000000 0.000000 0.000000 0.000000 
t: 0.001416184971 start: 214 end: 277 0.000001 0.000000 0.000000 0.000003 0.000009 0.000012 0.000012 0.000041 0.000059 0.000118 0.000210 0.000340 0.000645 0.000981 0.001425 0.002188 0.003178 0.004664 0.006805 0.009440 0.012669 0.016855 0.021971 0.027604 0.033896 0.040499 0.047030 0.053285 0.058626 0.062842 0.065689 0.067266 0.066114 0.063830 0.058563 0.053707 0.047359 0.040592 0.033285 0.026949 0.020805 0.015819 0.011556 0.008173 0.005498 0.003667 0.002324 0.001503 0.000882 0.000439 0.000292 0.000151 0.000076 0.000025 0.000017 0.000006 0.000004 0.000001 0.000000 0.000000 0.000000 0.000000 0.000000 0.000000 
t: 0.001380281690 start: 215 end: 278 0.000001 0.000000 0.000001 0.000001 0.000007 0.000013 0.000018 0.000026 0.000058 0.000104 0.000199 0.000297 0.000562 0.000875 0.001359 0.002045 0.003087 0.004331 0.006492 0.009006 0.012382 0.016494 0.021096 0.027029 0.033312 0.039928 0.046564 0.052855 0.058728 0.062530 0.066420 0.067807 0.066501 0.063926 0.059848 0.054415 0.047940 0.040696 0.034034 0.027271 0.021239 0.015867 0.011649 0.008100 0.005731 0.003583 0.002299 0.001442 0.000830 0.000466 0.000268 0.000147 0.000067 0.000033 0.000010 0.000008 0.000003 0.000000 0.000000 0.000000 0.000000 0.000000 0.000000 0.000000 
t: 0.001346153846 start: 217 end: 280 0.000002 0.000000 0.000003 0.000004 0.000010 0.000016 0.000019 0.000053 0.000103 0.000161 0.000341 0.000491 0.000820 0.001241 0.001949 0.002927 0.004259 0.006252 0.008712 0.012050 0.016064 0.020926 0.026618 0.033310 0.039640 0.045971 0.052935 0.058526 0.063223 0.066475 0.068109 0.066822 0.064700 0.060571 0.054698 0.048183 0.041325 0.034094 0.027227 0.021163 0.015855 0.011604 0.008101 0.005518 0.003548 0.002257 0.001376 0.000836 0.000431 0.000246 0.000126 0.000062 0.000029 0.000012 0.000003 0.000002 0.000001 0.000000 0.000000 0.000000 0.000000 0.000000 0.000000 0.000000 
t: 0.001313672922 start: 218 end: 281 0.000001 0.000001 0.000001 0.000009 0.000008 0.000008 0.000022 0.000056 0.000084 0.000179 0.000306 0.000461 0.000763 0.001276 0.001887 0.002766 0.004236 0.006037 0.008589 0.011929 0.015903 0.020978 0.026882 0.032874 0.039458 0.046187 0.052981 0.058886 0.063799 0.066836 0.068662 0.067293 0.065003 0.061063 0.054828 0.048018 0.041263 0.033988 0.026909 0.020913 0.015612 0.011319 0.007861 0.005288 0.003532 0.002143 0.001290 0.000771 0.000419 0.000223 0.000110 0.000049 0.000027 0.000010 0.000001 0.000002 0.000000 0.000000 0.000000 0.000000 0.000000 0.000000 0.000000 0.000000 
t: 0.001282722513 start: 219 end: 280 0.000002 0.000000 0.000001 0.000005 0.000008 0.000012 0.000024 0.000054 0.000084 0.000175 0.000286 0.000472 0.000761 0.001225 0.001848 0.002841 0.004197 0.005917 0.008470 0.011907 0.016157 0.021065 0.026654 0.033314 0.039606 0.047041 0.053197 0.059583 0.064029 0.067405 0.068617 0.068231 0.065236 0.060739 0.054977 0.048122 0.040986 0.033192 0.026614 0.020312 0.015120 0.010963 0.007496 0.005102 0.003322 0.002009 0.001146 0.000743 0.000364 0.000204 0.000092 0.000041 0.000020 0.000006 0.000006 0.000000 0.000000 0.000000 0.000000 0.000000 0.000000 0.000000 
t: 0.001253196931 start: 219 end: 281 0.000001 0.000000 0.000001 0.000001 0.000003 0.000004 0.000019 0.000025 0.000054 0.000078 0.000162 0.000291 0.000498 0.000726 0.001207 0.001802 0.002953 0.004143 0.006019 0.008742 0.012133 0.016121 0.021410 0.027075 0.033493 0.040372 0.047383 0.054080 0.060197 0.064969 0.067771 0.069245 0.068314 0.065371 0.060635 0.054688 0.047643 0.040069 0.032900 0.025797 0.019682 0.014471 0.010336 0.007119 0.004905 0.002915 0.001829 0.001119 0.000563 0.000368 0.000161 0.000076 0.000041 0.000010 0.000007 0.000003 0.000000 0.000000 0.000000 0.000000 0.000000 0.000000 0.000000 
t: 0.001225000000 start: 221 end: 283 0.000001 0.000001 0.000002 0.000002 0.000006 0.000008 0.000032 0.000049 0.000089 0.000176 0.000301 0.000468 0.000749 0.001199 0.001942 0.002844 0.004325 0.006197 0.008976 0.012354 0.016827 0.021509 0.027574 0.034385 0.041109 0.048386 0.055022 0.060708 0.065702 0.069089 0.069263 0.068671 0.065278 0.060313 0.053821 0.046973 0.039261 0.031868 0.024860 0.018603 0.013858 0.009733 0.006812 0.004326 0.002674 0.001633 0.000923 0.000565 0.000272 0.000156 0.000063 0.000024 0.000014 0.000002 0.000002 0.000000 0.000000 0.000000 0.000000 0.000000 0.000000 0.000000 0.000000 
t: 0.001198044010 start: 222 end: 283 0.000002 0.000001 0.000002 0.000002 0.000007 0.000012 0.000022 0.000044 0.000112 0.000171 0.000304 0.000478 0.000783 0.001267 0.002018 0.002969 0.004448 0.006503 0.009142 0.012685 0.017301 0.022332 0.028406 0.035363 0.042179 0.049563 0.056260 0.061885 0.066606 0.069630 0.069807 0.068618 0.065061 0.059650 0.052944 0.045816 0.038089 0.030479 0.023549 0.017854 0.012881 0.009138 0.006276 0.003820 0.002386 0.001411 0.000848 0.000448 0.000239 0.000107 0.000051 0.000019 0.000009 0.000003 0.000000 0.000000 0.000000 0.000000 0.000000 0.000000 0.000000 0.000000 
t: 0.001172248804 start: 223 end: 283 0.000002 0.000003 0.000000 0.000003 0.000006 0.000012 0.000026 0.000056 0.000092 0.000194 0.000297 0.000484 0.000828 0.001325 0.002055 0.003139 0.004624 0.006810 0.009599 0.013513 0.017810 0.023177 0.029568 0.036381 0.043720 0.050976 0.057218 0.063446 0.067608 0.070009 0.070457 0.068571 0.064508 0.059009 0.051718 0.044414 0.036444 0.029068 0.022091 0.016714 0.012097 0.008176 0.005595 0.003392 0.002094 0.001254 0.000673 0.000391 0.000211 0.000081 0.000038 0.000019 0.000003 0.000001 0.000000 0.000000 0.000000 0.000000 0.000000 0.000000 0.000000 
t: 0.001147540984 start: 223 end: 283 0.000001 0.000002 0.000002 0.000000 0.000001 0.000009 0.000021 0.000023 0.000053 0.000114 0.000199 0.000293 0.000551 0.000929 0.001363 0.002180 0.003253 0.004968 0.007206 0.010222 0.014051 0.018756 0.024504 0.030934 0.037564 0.045213 0.052545 0.059118 0.064851 0.068436 0.070723 0.070513 0.068264 0.063927 0.057681 0.050184 0.042897 0.034909 0.027134 0.020834 0.015638 0.010738 0.007447 0.004788 0.002966 0.001794 0.001062 0.000581 0.000307 0.000139 0.000070 0.000031 0.000008 0.000003 0.000000 0.000000 0.000000 0.000000 0.000000 0.000000 0.000000 
t: 0.001123853211 start: 223 end: 282 0.000001 0.000000 0.000001 0.000003 0.000001 0.000000 0.000015 0.000014 0.000027 0.000067 0.000115 0.000196 0.000332 0.000633 0.000938 0.001507 0.002275 0.003554 0.005324 0.007621 0.010918 0.015112 0.019778 0.025945 0.032393 0.039135 0.047204 0.054288 0.060573 0.066589 0.069784 0.071112 0.070254 0.067872 0.062981 0.056060 0.048677 0.040763 0.032899 0.025595 0.019439 0.013755 0.009827 0.006456 0.004156 0.002567 0.001490 0.000836 0.000485 0.000235 0.000121 0.000050 0.000016 0.000011 0.000000 0.000000 0.000000 0.000000 0.000000 0.000000 
t: 0.001101123596 start: 225 end: 285 0.000001 0.000002 0.000000 0.000002 0.000005 0.000009 0.000021 0.000038 0.000063 0.000120 0.000224 0.000404 0.000629 0.001052 0.001651 0.002462 0.003972 0.005684 0.008214 0.011788 0.016180 0.021118 0.027422 0.034129 0.041378 0.048960 0.056488 0.062686 0.067542 0.070606 0.071618 0.071055 0.066274 0.061348 0.054271 0.046818 0.038782 0.030938 0.023624 0.017477 0.012485 0.008575 0.005586 0.003554 0.002145 0.001212 0.000696 0.000376 0.000171 0.000096 0.000031 0.000013 0.000004 0.000000 0.000000 0.000001 0.000000 0.000000 0.000000 0.000000 0.000000 
t: 0.001079295154 start: 226 end: 286 0.000002 0.000001 0.000000 0.000001 0.000008 0.000012 0.000022 0.000038 0.000082 0.000131 0.000238 0.000431 0.000746 0.001143 0.001837 0.002740 0.004243 0.006322 0.009071 0.012699 0.017132 0.022922 0.029151 0.036245 0.043481 0.051333 0.058553 0.064784 0.069032 0.071422 0.072295 0.069758 0.065828 0.059507 0.052433 0.044415 0.036362 0.028450 0.021438 0.015729 0.010996 0.007480 0.004728 0.002974 0.001734 0.001023 0.000489 0.000298 0.000143 0.000057 0.000030 0.000009 0.000001 0.000000 0.000001 0.000000 0.000000 0.000000 0.000000 0.000000 0.000000 
t: 0.001058315335 start: 227 end: 288 0.000001 0.000001 0.000001 0.000006 0.000007 0.000011 0.000028 0.000050 0.000068 0.000162 0.000281 0.000492 0.000817 0.001268 0.001988 0.003025 0.004828 0.006970 0.010026 0.013740 0.018736 0.024685 0.031089 0.038470 0.046179 0.053768 0.060877 0.066258 0.070478 0.072639 0.072143 0.068902 0.064439 0.057504 0.050228 0.041868 0.033471 0.026088 0.019264 0.013909 0.009603 0.006277 0.004029 0.002377 0.001405 0.000757 0.000404 0.000213 0.000096 0.000052 0.000014 0.000006 0.000001 0.000001 0.000000 0.000000 0.000000 0.000000 0.000000 0.000000 0.000000 0.000000 
t: 0.001038135593 start: 228 end: 287 0.000001 0.000000 0.000001 0.000007 0.000007 0.000016 0.000035 0.000049 0.000084 0.000194 0.000327 0.000556 0.000879 0.001463 0.002238 0.003510 0.005224 0.007896 0.010956 0.015141 0.020604 0.026466 0.033399 0.041160 0.048707 0.056310 0.062931 0.068510 0.072241 0.072724 0.071724 0.068065 0.062645 0.055394 0.047223 0.039011 0.030653 0.023389 0.017443 0.012067 0.007994 0.005257 0.003342 0.001893 0.001087 0.000597 0.000302 0.000166 0.000071 0.000027 0.000010 0.000003 0.000000 0.000001 0.000000 0.000000 0.000000 0.000000 0.000000 0.000000 
t: 0.001018711019 start: 230 end: 289 0.000001 0.000001 0.000009 0.000009 0.000020 0.000037 0.000055 0.000109 0.000222 0.000396 0.000623 0.001025 0.001592 0.002609 0.003957 0.005945 0.008793 0.012200 0.016845 0.022364 0.028548 0.036231 0.043867 0.051621 0.059072 0.065476 0.070268 0.073044 0.073260 0.070809 0.066803 0.060481 0.052401 0.044442 0.035820 0.027833 0.020914 0.015165 0.010188 0.006803 0.004374 0.002576 0.001537 0.000818 0.000436 0.000222 0.000115 0.000039 0.000017 0.000006 0.000001 0.000001 0.000000 0.000000 0.000000 0.000000 0.000000 0.000000 0.000000 0.000000 
t: 0.001000000000 start: 232 end: 289 0.000006 0.000005 0.000011 0.000029 0.000035 0.000071 0.000141 0.000258 0.000462 0.000742 0.001147 0.001896 0.002940 0.004602 0.006744 0.009642 0.013868 0.018691 0.024406 0.031363 0.038803 0.046856 0.054758 0.061826 0.068065 0.071868 0.073965 0.072883 0.070200 0.064562 0.057761 0.049585 0.041141 0.032499 0.024813 0.018507 0.012732 0.008581 0.005667 0.003475 0.002039 0.001141 0.000637 0.000300 0.000176 0.000065 0.000019 0.000013 0.000002 0.000002 0.000000 0.000000 0.000000 0.000000 0.000000 0.000000 0.000000 0.000000 
