t: 0.059999999999 start: 16 end: 55 0.000003 0.000003 0.000033 0.000131 0.000441 0.001266 0.003449 0.008061 0.016754 0.030777 0.050489 0.074097 0.098297 0.116384 0.125810 0.122562 0.107595 0.086703 0.062710 0.041990 0.025674 0.014053 0.007191 0.003311 0.001371 0.000542 0.000204 0.000069 0.000020 0.000008 0.000001 0.000001 0.000000 0.000000 0.000000 0.000000 0.000000 0.000000 0.000000 0.000000 
t: 0.054545454544 start: 19 end: 56 0.000006 0.000024 0.000085 0.000307 0.000974 0.002596 0.005903 0.012133 0.023295 0.038809 0.059623 0.081405 0.102081 0.116034 0.120328 0.114118 0.099141 0.078367 0.057276 0.038451 0.023376 0.013268 0.006791 0.003248 0.001430 0.000598 0.000216 0.000087 0.000025 0.000005 0.000000 0.000000 0.000000 0.000000 0.000000 0.000000 0.000000 0.000000 
t: 0.049999999999 start: 21 end: 60 0.000003 0.000016 0.000087 0.000264 0.000748 0.001908 0.004561 0.009412 0.017710 0.030567 0.047929 0.067613 0.088633 0.105355 0.114718 0.114999 0.105764 0.090504 0.070221 0.050687 0.033820 0.021040 0.011811 0.006287 0.003044 0.001380 0.000587 0.000221 0.000076 0.000028 0.000003 0.000004 0.000000 0.000000 0.000000 0.000000 0.000000 0.000000 0.000000 0.000000 
t: 0.046153846153 start: 23 end: 63 0.000006 0.000016 0.000079 0.000230 0.000562 0.001510 0.003517 0.007257 0.014264 0.024429 0.039299 0.057155 0.076765 0.094187 0.106469 0.112136 0.109201 0.097219 0.080776 0.062013 0.044357 0.029600 0.018127 0.010361 0.005603 0.002786 0.001213 0.000504 0.000231 0.000093 0.000020 0.000014 0.000001 0.000000 0.000000 0.000000 0.000000 0.000000 0.000000 0.000000 0.000000 
t: 0.042857142857 start: 25 end: 68 0.000008 0.000024 0.000067 0.000175 0.000539 0.001197 0.002843 0.006131 0.011531 0.020222 0.032558 0.048455 0.066383 0.083990 0.099021 0.107332 0.107914 0.101340 0.088281 0.071781 0.053742 0.038265 0.025178 0.015340 0.008733 0.004752 0.002356 0.001066 0.000458 0.000200 0.000078 0.000028 0.000008 0.000002 0.000001 0.000001 0.000000 0.000000 0.000000 0.000000 0.000000 0.000000 0.000000 0.000000 
t: 0.040000000000 start: 27 end: 71 0.000006 0.000019 0.000061 0.000191 0.000427 0.000992 0.002463 0.005124 0.009786 0.016958 0.027791 0.041623 0.058241 0.075189 0.090646 0.101212 0.105739 0.102462 0.093004 0.078949 0.062299 0.046265 0.032162 0.020750 0.012904 0.007361 0.003824 0.001965 0.000929 0.000376 0.000180 0.000063 0.000031 0.000005 0.000001 0.000001 0.000000 0.000001 0.000000 0.000000 0.000000 0.000000 0.000000 0.000000 0.000000 
t: 0.037500000000 start: 28 end: 73 0.000001 0.000006 0.000018 0.000059 0.000135 0.000374 0.000987 0.002135 0.004327 0.008379 0.014797 0.024181 0.036255 0.051704 0.068107 0.083091 0.095017 0.101680 0.102047 0.095773 0.084031 0.068840 0.053807 0.038835 0.026350 0.017049 0.010195 0.005799 0.003103 0.001597 0.000773 0.000330 0.000144 0.000046 0.000021 0.000005 0.000001 0.000000 0.000001 0.000000 0.000000 0.000000 0.000000 0.000000 0.000000 0.000000 
t: 0.035294117647 start: 30 end: 76 0.000001 0.000005 0.000014 0.000052 0.000120 0.000398 0.000914 0.001890 0.004002 0.007427 0.013187 0.021094 0.032620 0.046225 0.062037 0.076835 0.089771 0.097145 0.099978 0.096475 0.086919 0.074195 0.059805 0.044881 0.031719 0.021388 0.013588 0.008023 0.004607 0.002461 0.001192 0.000609 0.000251 0.000106 0.000044 0.000012 0.000006 0.000002 0.000000 0.000002 0.000000 0.000000 0.000000 0.000000 0.000000 0.000000 0.000000 
t: 0.033333333333 start: 32 end: 78 0.000002 0.000004 0.000016 0.000049 0.000151 0.000370 0.000816 0.001886 0.003665 0.006882 0.011777 0.019172 0.029750 0.042117 0.056771 0.071145 0.084152 0.093414 0.097821 0.095926 0.089064 0.077707 0.064132 0.050144 0.037001 0.025521 0.016921 0.010514 0.006105 0.003459 0.001935 0.000904 0.000405 0.000174 0.000073 0.000036 0.000012 0.000004 0.000003 0.000000 0.000000 0.000000 0.000000 0.000000 0.000000 0.000000 0.000000 
t: 0.031578947368 start: 34 end: 82 0.000001 0.000005 0.000026 0.000063 0.000152 0.000391 0.000825 0.001706 0.003476 0.006309 0.011057 0.017755 0.027340 0.039532 0.052371 0.066208 0.079091 0.089519 0.094921 0.095148 0.090104 0.080090 0.068281 0.054526 0.040890 0.029623 0.020207 0.012667 0.008044 0.004686 0.002554 0.001285 0.000615 0.000293 0.000148 0.000055 0.000024 0.000007 0.000003 0.000001 0.000001 0.000000 0.000000 0.000000 0.000000 0.000000 0.000000 0.000000 0.000000 
t: 0.030000000000 start: 36 end: 83 0.000001 0.000007 0.000027 0.000068 0.000171 0.000362 0.000819 0.001688 0.003290 0.006124 0.010405 0.016975 0.025551 0.036874 0.049282 0.062606 0.074861 0.085794 0.092081 0.093899 0.090230 0.081873 0.070664 0.057729 0.044737 0.033075 0.023131 0.015260 0.009811 0.005842 0.003267 0.001784 0.000928 0.000462 0.000163 0.000081 0.000049 0.000021 0.000007 0.000000 0.000001 0.000000 0.000000 0.000000 0.000000 0.000000 0.000000 0.000000 
t: 0.028571428571 start: 37 end: 86 0.000001 0.000002 0.000012 0.000028 0.000069 0.000159 0.000397 0.000807 0.001729 0.003349 0.005948 0.010120 0.016190 0.024455 0.034562 0.046758 0.059831 0.072107 0.082277 0.089558 0.092411 0.089470 0.082766 0.072262 0.060245 0.047729 0.036169 0.025651 0.017834 0.011285 0.006951 0.004134 0.002345 0.001234 0.000602 0.000291 0.000142 0.000074 0.000029 0.000012 0.000003 0.000002 0.000000 0.000000 0.000000 0.000000 0.000000 0.000000 0.000000 0.000000 
t: 0.027272727273 start: 39 end: 89 0.000003 0.000003 0.000007 0.000028 0.000076 0.000178 0.000420 0.000821 0.001805 0.003301 0.005950 0.009836 0.015604 0.023790 0.033526 0.044980 0.057443 0.069648 0.079930 0.086691 0.090183 0.088728 0.082725 0.073889 0.062084 0.050303 0.038229 0.028318 0.019503 0.013017 0.008022 0.005010 0.002830 0.001542 0.000816 0.000399 0.000199 0.000095 0.000031 0.000027 0.000007 0.000002 0.000000 0.000001 0.000000 0.000000 0.000000 0.000000 0.000000 0.000000 0.000000 
t: 0.026086956522 start: 40 end: 91 0.000002 0.000000 0.000006 0.000008 0.000032 0.000077 0.000206 0.000421 0.000933 0.001857 0.003462 0.005926 0.009833 0.015374 0.022947 0.032728 0.043965 0.055985 0.067335 0.077774 0.084918 0.088297 0.087586 0.082988 0.073977 0.063404 0.051459 0.040359 0.030029 0.021343 0.014567 0.009122 0.005858 0.003352 0.001860 0.001027 0.000541 0.000242 0.000107 0.000056 0.000022 0.000010 0.000003 0.000001 0.000000 0.000001 0.000000 0.000000 0.000000 0.000000 0.000000 0.000000 
t: 0.025000000000 start: 42 end: 96 0.000001 0.000004 0.000002 0.000016 0.000034 0.000106 0.000219 0.000466 0.001030 0.001924 0.003606 0.006055 0.010010 0.015252 0.022943 0.031918 0.043052 0.055014 0.065768 0.076110 0.083309 0.086935 0.086667 0.081833 0.074164 0.064126 0.052757 0.041675 0.031360 0.022699 0.015621 0.010326 0.006417 0.003807 0.002230 0.001283 0.000629 0.000341 0.000159 0.000073 0.000035 0.000015 0.000002 0.000004 0.000001 0.000001 0.000001 0.000000 0.000000 0.000000 0.000000 0.000000 0.000000 0.000000 0.000000 
t: 0.024000000000 start: 44 end: 97 0.000004 0.000003 0.000007 0.000023 0.000038 0.000112 0.000251 0.000545 0.001091 0.002187 0.003728 0.006322 0.010190 0.015634 0.022963 0.032010 0.042750 0.053787 0.065242 0.074622 0.081751 0.085959 0.084678 0.081036 0.074406 0.064175 0.053174 0.042762 0.032258 0.023766 0.016522 0.011180 0.007140 0.004205 0.002497 0.001442 0.000788 0.000377 0.000206 0.000094 0.000046 0.000016 0.000008 0.000003 0.000000 0.000001 0.000000 0.000001 0.000000 0.000000 0.000000 0.000000 0.000000 0.000000 
t: 0.023076923077 start: 45 end: 99 0.000002 0.000001 0.000004 0.000007 0.000020 0.000059 0.000152 0.000262 0.000633 0.001221 0.002266 0.003966 0.006679 0.010842 0.015887 0.023573 0.032281 0.042534 0.053786 0.064181 0.073798 0.080289 0.084513 0.084045 0.080369 0.073505 0.063936 0.053637 0.042981 0.032650 0.024572 0.017236 0.011765 0.007482 0.004676 0.002801 0.001586 0.000900 0.000469 0.000230 0.000111 0.000048 0.000026 0.000012 0.000004 0.000002 0.000000 0.000001 0.000000 0.000000 0.000000 0.000000 0.000000 0.000000 0.000000 
t: 0.022222222222 start: 48 end: 100 0.000002 0.000005 0.000016 0.000023 0.000070 0.000171 0.000365 0.000708 0.001288 0.002509 0.004269 0.007200 0.011201 0.016669 0.024000 0.032862 0.043179 0.053727 0.064144 0.072811 0.079461 0.083186 0.082973 0.079421 0.072379 0.063528 0.053183 0.043094 0.033458 0.024727 0.017699 0.012077 0.007960 0.004891 0.002962 0.001722 0.001037 0.000513 0.000264 0.000140 0.000051 0.000025 0.000015 0.000013 0.000000 0.000002 0.000000 0.000000 0.000000 0.000000 0.000000 0.000000 0.000000 
t: 0.021428571428 start: 48 end: 102 0.000001 0.000000 0.000001 0.000010 0.000016 0.000041 0.000079 0.000199 0.000437 0.000821 0.001512 0.002733 0.004709 0.007604 0.011914 0.017688 0.024829 0.033616 0.043745 0.054153 0.063940 0.072721 0.078733 0.082043 0.081788 0.077740 0.071648 0.062728 0.052887 0.043134 0.033363 0.024814 0.017647 0.012120 0.008112 0.005170 0.003214 0.001904 0.001013 0.000589 0.000292 0.000157 0.000073 0.000029 0.000019 0.000008 0.000005 0.000000 0.000001 0.000000 0.000000 0.000000 0.000000 0.000000 0.000000 
t: 0.020689655172 start: 50 end: 104 0.000001 0.000000 0.000003 0.000005 0.000026 0.000044 0.000112 0.000257 0.000466 0.000957 0.001783 0.003054 0.005225 0.008209 0.012730 0.018409 0.026148 0.034633 0.044746 0.054789 0.064402 0.072366 0.078424 0.080891 0.080734 0.076799 0.070379 0.061546 0.052141 0.042523 0.032886 0.024512 0.017519 0.012184 0.008244 0.005356 0.003158 0.001985 0.001077 0.000640 0.000315 0.000166 0.000086 0.000035 0.000024 0.000005 0.000004 0.000000 0.000002 0.000000 0.000000 0.000000 0.000000 0.000000 0.000000 
t: 0.020000000000 start: 51 end: 106 0.000001 0.000000 0.000004 0.000003 0.000012 0.000030 0.000061 0.000135 0.000282 0.000546 0.001125 0.002068 0.003536 0.005721 0.009116 0.013605 0.019920 0.027444 0.035957 0.046162 0.055352 0.065503 0.072334 0.077613 0.080028 0.078963 0.075284 0.069286 0.060557 0.050974 0.041506 0.032320 0.024106 0.017152 0.012360 0.008136 0.005161 0.003238 0.001941 0.001161 0.000635 0.000341 0.000164 0.000081 0.000042 0.000023 0.000006 0.000004 0.000000 0.000000 0.000000 0.000001 0.000000 0.000000 0.000000 0.000000 
t: 0.019354838710 start: 55 end: 109 0.000005 0.000009 0.000018 0.000038 0.000082 0.000154 0.000339 0.000708 0.001330 0.002460 0.003867 0.006506 0.010030 0.014920 0.021120 0.028771 0.037863 0.047450 0.056557 0.066153 0.072507 0.077805 0.078893 0.077568 0.074083 0.067152 0.058957 0.049876 0.040322 0.031040 0.023849 0.016990 0.011811 0.008073 0.005177 0.003183 0.001853 0.001166 0.000656 0.000337 0.000163 0.000082 0.000047 0.000018 0.000009 0.000002 0.000000 0.000000 0.000000 0.000000 0.000000 0.000000 0.000001 0.000000 0.000000 
t: 0.018750000000 start: 57 end: 112 0.000008 0.000009 0.000024 0.000051 0.000097 0.000198 0.000468 0.000856 0.001603 0.002760 0.004616 0.007237 0.011374 0.016152 0.022874 0.030464 0.039563 0.048946 0.058319 0.066277 0.073559 0.076913 0.078626 0.076496 0.071979 0.065426 0.057224 0.048148 0.038690 0.030183 0.022617 0.016605 0.011547 0.007708 0.004927 0.003130 0.001906 0.001104 0.000630 0.000350 0.000160 0.000099 0.000052 0.000013 0.000006 0.000004 0.000001 0.000000 0.000000 0.000000 0.000001 0.000000 0.000000 0.000000 0.000000 0.000000 
t: 0.018181818182 start: 58 end: 114 0.000002 0.000005 0.000014 0.000032 0.000064 0.000163 0.000280 0.000591 0.001050 0.001927 0.003278 0.005303 0.008315 0.012434 0.017878 0.024622 0.032500 0.041626 0.050589 0.059641 0.067520 0.073769 0.076747 0.077499 0.075365 0.070249 0.063535 0.055370 0.045718 0.037256 0.028908 0.021745 0.015674 0.010991 0.007362 0.004782 0.003013 0.001821 0.001109 0.000629 0.000287 0.000183 0.000085 0.000034 0.000023 0.000007 0.000003 0.000000 0.000001 0.000000 0.000000 0.000001 0.000000 0.000000 0.000000 0.000000 0.000000 
t: 0.017647058823 start: 60 end: 117 0.000002 0.000007 0.000026 0.000035 0.000104 0.000194 0.000383 0.000753 0.001343 0.002252 0.004008 0.006206 0.009552 0.013823 0.019686 0.026339 0.034656 0.043715 0.052575 0.061336 0.068924 0.074002 0.076616 0.076159 0.073735 0.068399 0.061991 0.052558 0.043838 0.035203 0.027587 0.020371 0.014895 0.010315 0.006908 0.004663 0.002952 0.001722 0.000982 0.000546 0.000312 0.000163 0.000095 0.000035 0.000021 0.000007 0.000001 0.000003 0.000001 0.000001 0.000000 0.000000 0.000000 0.000000 0.000000 0.000000 0.000000 0.000000 
t: 0.017142857143 start: 61 end: 117 0.000001 0.000007 0.000013 0.000016 0.000067 0.000133 0.000279 0.000501 0.000922 0.001626 0.002914 0.004690 0.007213 0.010927 0.015441 0.021516 0.028702 0.037131 0.046144 0.055027 0.063180 0.069211 0.074638 0.075786 0.075480 0.072017 0.066472 0.058875 0.050396 0.041578 0.033304 0.025968 0.019207 0.013868 0.009652 0.006412 0.004327 0.002753 0.001567 0.000918 0.000512 0.000294 0.000164 0.000088 0.000037 0.000011 0.000011 0.000003 0.000000 0.000000 0.000001 0.000000 0.000000 0.000000 0.000000 0.000000 0.000000 
t: 0.016666666667 start: 62 end: 119 0.000002 0.000002 0.000003 0.000019 0.000036 0.000088 0.000194 0.000377 0.000640 0.001147 0.002156 0.003469 0.005460 0.008441 0.012250 0.017304 0.023948 0.031505 0.039739 0.048372 0.057320 0.064662 0.070423 0.074794 0.075266 0.073886 0.070276 0.064221 0.056243 0.047782 0.039306 0.031059 0.024065 0.017991 0.012732 0.009129 0.005964 0.003946 0.002454 0.001457 0.000832 0.000481 0.000278 0.000151 0.000059 0.000039 0.000020 0.000005 0.000005 0.000000 0.000002 0.000000 0.000000 0.000000 0.000000 0.000000 0.000000 0.000000 
t: 0.016216216216 start: 63 end: 122 0.000001 0.000002 0.000003 0.000012 0.000030 0.000056 0.000135 0.000269 0.000499 0.000884 0.001561 0.002551 0.004219 0.006436 0.009813 0.013985 0.019748 0.026677 0.033641 0.042628 0.051086 0.059394 0.066374 0.071134 0.074460 0.074623 0.072630 0.067897 0.061231 0.053704 0.045239 0.036860 0.029135 0.022422 0.016432 0.011814 0.008214 0.005443 0.003566 0.002214 0.001281 0.000769 0.000443 0.000244 0.000111 0.000073 0.000032 0.000014 0.000006 0.000001 0.000003 0.000001 0.000000 0.000000 0.000000 0.000000 0.000000 0.000000 0.000000 0.000000 
t: 0.015789473684 start: 64 end: 123 0.000001 0.000002 0.000001 0.000004 0.000019 0.000041 0.000101 0.000193 0.000347 0.000657 0.001160 0.001901 0.003158 0.005127 0.007751 0.011360 0.016120 0.022288 0.029304 0.036985 0.045321 0.053757 0.061387 0.067480 0.071856 0.074550 0.073370 0.070693 0.065262 0.059201 0.050437 0.042357 0.034409 0.027121 0.020428 0.015014 0.010714 0.007491 0.004878 0.003201 0.001879 0.001156 0.000714 0.000380 0.000206 0.000114 0.000050 0.000029 0.000015 0.000005 0.000003 0.000002 0.000000 0.000000 0.000000 0.000000 0.000000 0.000000 0.000000 0.000000 
t: 0.015384615385 start: 65 end: 125 0.000001 0.000001 0.000001 0.000002 0.000013 0.000038 0.000076 0.000136 0.000218 0.000488 0.000872 0.001440 0.002501 0.003926 0.006194 0.009167 0.013264 0.018742 0.024966 0.031944 0.039924 0.048391 0.056632 0.063200 0.069391 0.072544 0.073555 0.072064 0.068411 0.063116 0.055493 0.047746 0.039500 0.031744 0.024626 0.018603 0.013637 0.009737 0.006652 0.004274 0.002684 0.001732 0.001046 0.000612 0.000332 0.000174 0.000080 0.000064 0.000021 0.000012 0.000007 0.000005 0.000001 0.000000 0.000000 0.000000 0.000000 0.000000 0.000000 0.000000 0.000000 
t: 0.015000000000 start: 67 end: 125 0.000001 0.000000 0.000002 0.000016 0.000027 0.000046 0.000095 0.000193 0.000362 0.000629 0.001113 0.001931 0.003121 0.004826 0.007503 0.011090 0.015612 0.021175 0.027686 0.034864 0.043610 0.051687 0.058684 0.065737 0.070135 0.072783 0.072655 0.070307 0.066108 0.059926 0.052487 0.044428 0.036617 0.028968 0.022451 0.016738 0.012271 0.008640 0.005846 0.003795 0.002362 0.001451 0.000884 0.000527 0.000277 0.000168 0.000082 0.000041 0.000020 0.000012 0.000007 0.000004 0.000000 0.000000 0.000000 0.000000 0.000000 0.000000 0.000000 
t: 0.014634146341 start: 68 end: 128 0.000001 0.000000 0.000004 0.000006 0.000022 0.000037 0.000081 0.000142 0.000277 0.000494 0.000838 0.001466 0.002486 0.003891 0.006007 0.009067 0.012933 0.018023 0.023681 0.031057 0.038741 0.046756 0.054600 0.061634 0.067284 0.070513 0.072723 0.071752 0.068237 0.063509 0.056436 0.048942 0.041291 0.033624 0.026311 0.020262 0.014957 0.010903 0.007579 0.005037 0.003399 0.001996 0.001263 0.000750 0.000459 0.000276 0.000116 0.000068 0.000036 0.000014 0.000008 0.000008 0.000001 0.000002 0.000000 0.000000 0.000000 0.000000 0.000000 0.000000 0.000000 
t: 0.014285714286 start: 70 end: 130 0.000001 0.000001 0.000008 0.000007 0.000034 0.000050 0.000124 0.000200 0.000393 0.000652 0.001191 0.001949 0.003188 0.004834 0.007419 0.010860 0.015220 0.020609 0.026914 0.034770 0.042549 0.049916 0.057471 0.064088 0.068489 0.071171 0.071791 0.070171 0.066083 0.059994 0.053134 0.045661 0.037971 0.030458 0.023596 0.018260 0.013216 0.009528 0.006507 0.004401 0.002810 0.001747 0.001131 0.000671 0.000366 0.000166 0.000114 0.000059 0.000024 0.000019 0.000008 0.000005 0.000000 0.000000 0.000001 0.000000 0.000000 0.000000 0.000000 0.000000 0.000000 
t: 0.013953488372 start: 72 end: 132 0.000002 0.000003 0.000013 0.000021 0.000040 0.000079 0.000150 0.000280 0.000548 0.000921 0.001583 0.002608 0.004125 0.006077 0.009107 0.013009 0.017802 0.023609 0.030614 0.038241 0.045820 0.053485 0.060593 0.065573 0.069201 0.071671 0.070611 0.068430 0.063176 0.056663 0.049984 0.042050 0.034366 0.027390 0.021249 0.015724 0.011550 0.008327 0.005674 0.003649 0.002386 0.001512 0.000910 0.000538 0.000285 0.000160 0.000092 0.000050 0.000019 0.000016 0.000011 0.000002 0.000001 0.000000 0.000000 0.000000 0.000000 0.000000 0.000000 0.000000 0.000000 
t: 0.013636363636 start: 73 end: 133 0.000001 0.000005 0.000007 0.000020 0.000031 0.000061 0.000105 0.000232 0.000444 0.000720 0.001315 0.002086 0.003300 0.005111 0.007733 0.011078 0.015532 0.020915 0.027190 0.034031 0.042030 0.049312 0.056623 0.062693 0.067451 0.070117 0.071002 0.069367 0.065636 0.060459 0.053152 0.045929 0.038200 0.031262 0.024379 0.018688 0.013959 0.010017 0.007013 0.004708 0.003125 0.002011 0.001239 0.000751 0.000437 0.000238 0.000137 0.000068 0.000037 0.000019 0.000013 0.000008 0.000003 0.000000 0.000000 0.000000 0.000000 0.000000 0.000000 0.000000 0.000000 
t: 0.013333333333 start: 73 end: 135 0.000001 0.000002 0.000001 0.000005 0.000015 0.000038 0.000037 0.000087 0.000193 0.000315 0.000632 0.001036 0.001729 0.002773 0.004326 0.006524 0.009614 0.013279 0.018351 0.024048 0.030814 0.038178 0.045648 0.052648 0.060012 0.064952 0.068705 0.070356 0.069985 0.067371 0.062286 0.057008 0.049368 0.042336 0.034362 0.027729 0.021920 0.016163 0.012154 0.008436 0.005997 0.003973 0.002602 0.001669 0.000954 0.000588 0.000344 0.000210 0.000113 0.000048 0.000032 0.000018 0.000008 0.000004 0.000003 0.000000 0.000000 0.000000 0.000000 0.000000 0.000000 0.000000 0.000000 
t: 0.013043478261 start: 74 end: 135 0.000002 0.000000 0.000002 0.000004 0.000015 0.000020 0.000053 0.000062 0.000132 0.000274 0.000511 0.000806 0.001409 0.002336 0.003638 0.005616 0.008246 0.011645 0.015894 0.021553 0.027670 0.034798 0.042028 0.049683 0.056443 0.062199 0.067052 0.068914 0.070059 0.068653 0.064378 0.059533 0.052793 0.045562 0.038059 0.031415 0.024424 0.018930 0.014216 0.010242 0.007288 0.004891 0.003239 0.002120 0.001333 0.000774 0.000457 0.000307 0.000153 0.000067 0.000050 0.000027 0.000016 0.000006 0.000003 0.000000 0.000000 0.000000 0.000000 0.000000 0.000000 0.000000 
t: 0.012765957447 start: 75 end: 137 0.000001 0.000000 0.000002 0.000005 0.000010 0.000012 0.000038 0.000056 0.000111 0.000224 0.000415 0.000685 0.001199 0.001924 0.003182 0.004718 0.007147 0.010069 0.014021 0.019093 0.024972 0.031849 0.038867 0.045926 0.053421 0.059960 0.064452 0.068117 0.069190 0.068811 0.066366 0.061539 0.055883 0.048733 0.041453 0.034450 0.027465 0.021686 0.016240 0.012138 0.008612 0.005906 0.004127 0.002724 0.001710 0.001000 0.000658 0.000364 0.000216 0.000124 0.000059 0.000042 0.000014 0.000009 0.000004 0.000001 0.000000 0.000000 0.000000 0.000000 0.000000 0.000000 0.000000 
t: 0.012500000000 start: 75 end: 137 0.000001 0.000000 0.000000 0.000001 0.000003 0.000009 0.000014 0.000022 0.000053 0.000099 0.000193 0.000322 0.000605 0.000984 0.001708 0.002604 0.004149 0.006157 0.008864 0.012433 0.017068 0.022226 0.029163 0.035754 0.043040 0.049962 0.056681 0.062508 0.066623 0.068764 0.068658 0.067477 0.063510 0.058142 0.051343 0.045012 0.037617 0.030540 0.024190 0.018218 0.014172 0.010164 0.007136 0.005104 0.003265 0.002151 0.001289 0.000807 0.000555 0.000271 0.000180 0.000092 0.000050 0.000026 0.000015 0.000003 0.000003 0.000000 0.000000 0.000000 0.000000 0.000000 0.000000 
t: 0.012244897959 start: 76 end: 140 0.000001 0.000000 0.000001 0.000001 0.000001 0.000003 0.000010 0.000028 0.000045 0.000081 0.000154 0.000291 0.000489 0.000843 0.001446 0.002254 0.003548 0.005265 0.007915 0.010953 0.015462 0.020118 0.026517 0.033012 0.039998 0.047141 0.053805 0.060179 0.064737 0.067544 0.069187 0.067840 0.064696 0.060142 0.054403 0.047528 0.040347 0.033232 0.026993 0.020989 0.015894 0.011540 0.008407 0.006003 0.004035 0.002602 0.001731 0.001063 0.000656 0.000379 0.000223 0.000135 0.000064 0.000034 0.000015 0.000013 0.000006 0.000001 0.000000 0.000000 0.000000 0.000000 0.000000 0.000000 0.000000 
t: 0.012000000000 start: 77 end: 139 0.000001 0.000000 0.000000 0.000000 0.000003 0.000001 0.000009 0.000023 0.000041 0.000074 0.000118 0.000245 0.000447 0.000716 0.001202 0.002007 0.003021 0.004666 0.006966 0.009803 0.013863 0.018281 0.024220 0.030356 0.037182 0.044263 0.051624 0.057959 0.063015 0.066101 0.067752 0.068132 0.065971 0.062235 0.056348 0.050175 0.042826 0.036351 0.029494 0.023242 0.017822 0.013333 0.009808 0.007024 0.004711 0.003197 0.002102 0.001267 0.000844 0.000492 0.000316 0.000155 0.000100 0.000045 0.000029 0.000013 0.000008 0.000001 0.000000 0.000000 0.000000 0.000000 0.000000 
t: 0.011764705882 start: 77 end: 139 0.000001 0.000000 0.000000 0.000000 0.000000 0.000000 0.000002 0.000011 0.000018 0.000033 0.000055 0.000118 0.000194 0.000391 0.000578 0.001085 0.001710 0.002784 0.004046 0.006221 0.008903 0.012250 0.016734 0.022116 0.028217 0.034520 0.041963 0.048960 0.055408 0.060914 0.064296 0.067835 0.067453 0.066583 0.063477 0.058753 0.052227 0.045741 0.038808 0.031749 0.025520 0.019931 0.015098 0.011216 0.008118 0.005571 0.003770 0.002444 0.001684 0.001045 0.000588 0.000398 0.000216 0.000102 0.000083 0.000030 0.000021 0.000003 0.000004 0.000004 0.000000 0.000000 0.000000 
t: 0.011538461538 start: 80 end: 143 0.000001 0.000000 0.000000 0.000001 0.000002 0.000005 0.000014 0.000021 0.000067 0.000081 0.000170 0.000318 0.000539 0.000899 0.001593 0.002364 0.003722 0.005560 0.007874 0.011344 0.015275 0.020200 0.025964 0.032446 0.039508 0.046320 0.053432 0.058450 0.063296 0.066266 0.067579 0.066949 0.064247 0.060124 0.054771 0.047983 0.040975 0.034352 0.027657 0.021924 0.016912 0.012686 0.009265 0.006410 0.004403 0.002951 0.001975 0.001255 0.000779 0.000460 0.000268 0.000154 0.000104 0.000038 0.000026 0.000008 0.000008 0.000005 0.000000 0.000000 0.000000 0.000000 0.000000 0.000000 
t: 0.011320754717 start: 80 end: 145 0.000001 0.000000 0.000000 0.000000 0.000001 0.000002 0.000005 0.000011 0.000020 0.000039 0.000089 0.000152 0.000269 0.000485 0.000823 0.001347 0.002100 0.003352 0.004944 0.007237 0.010381 0.014082 0.018538 0.023998 0.030408 0.037474 0.043979 0.050872 0.056578 0.061584 0.065242 0.067162 0.066907 0.064829 0.061431 0.056654 0.050165 0.043426 0.036319 0.029887 0.023951 0.018629 0.014093 0.010368 0.007379 0.005186 0.003463 0.002319 0.001525 0.000944 0.000555 0.000342 0.000217 0.000121 0.000055 0.000029 0.000017 0.000008 0.000004 0.000001 0.000001 0.000000 0.000000 0.000000 0.000000 0.000000 
t: 0.011111111111 start: 83 end: 148 0.000001 0.000001 0.000000 0.000001 0.000003 0.000014 0.000020 0.000029 0.000063 0.000131 0.000232 0.000439 0.000761 0.001170 0.001957 0.002981 0.004518 0.006541 0.009472 0.012903 0.017296 0.022312 0.028568 0.035048 0.042004 0.048803 0.054454 0.060120 0.064118 0.066377 0.066875 0.065333 0.062459 0.057753 0.052156 0.045488 0.038783 0.031815 0.025888 0.020258 0.015599 0.011618 0.008326 0.005887 0.004088 0.002757 0.001798 0.001129 0.000663 0.000419 0.000271 0.000148 0.000068 0.000043 0.000024 0.000009 0.000003 0.000004 0.000001 0.000000 0.000000 0.000000 0.000000 0.000000 0.000000 0.000000 
t: 0.010909090909 start: 83 end: 148 0.000001 0.000000 0.000000 0.000001 0.000000 0.000006 0.000007 0.000018 0.000035 0.000050 0.000085 0.000201 0.000417 0.000674 0.001095 0.001680 0.002699 0.004114 0.006022 0.008673 0.011878 0.016085 0.020887 0.026885 0.033156 0.039851 0.046680 0.052930 0.058379 0.062917 0.065843 0.066588 0.065687 0.063302 0.058816 0.053598 0.047295 0.040742 0.034101 0.027515 0.021894 0.017083 0.012896 0.009331 0.006685 0.004612 0.003156 0.002101 0.001312 0.000793 0.000553 0.000284 0.000187 0.000082 0.000058 0.000038 0.000010 0.000007 0.000001 0.000003 0.000000 0.000001 0.000000 0.000000 0.000000 0.000000 
t: 0.010714285714 start: 84 end: 150 0.000001 0.000000 0.000000 0.000001 0.000003 0.000004 0.000010 0.000015 0.000020 0.000047 0.000087 0.000202 0.000342 0.000599 0.000945 0.001598 0.002482 0.003711 0.005568 0.007967 0.011191 0.014774 0.019680 0.025282 0.031397 0.038232 0.044670 0.051174 0.056884 0.061496 0.064611 0.066449 0.065943 0.064093 0.059858 0.054987 0.048730 0.042624 0.036013 0.029501 0.023457 0.018384 0.013807 0.010496 0.007484 0.005301 0.003569 0.002427 0.001455 0.000955 0.000640 0.000372 0.000205 0.000113 0.000065 0.000050 0.000017 0.000006 0.000004 0.000001 0.000001 0.000000 0.000000 0.000000 0.000000 0.000000 0.000000 
t: 0.010526315789 start: 86 end: 151 0.000001 0.000001 0.000001 0.000000 0.000006 0.000006 0.000012 0.000023 0.000041 0.000087 0.000176 0.000300 0.000538 0.000884 0.001417 0.002272 0.003490 0.005170 0.007432 0.010307 0.014047 0.018210 0.023947 0.030103 0.036413 0.042897 0.049737 0.055109 0.060146 0.063944 0.065687 0.065948 0.064432 0.060614 0.056237 0.050544 0.044001 0.037922 0.031158 0.025181 0.019588 0.015067 0.011310 0.008338 0.005876 0.004073 0.002774 0.001725 0.001101 0.000687 0.000446 0.000258 0.000144 0.000079 0.000053 0.000014 0.000016 0.000007 0.000003 0.000000 0.000000 0.000000 0.000000 0.000000 0.000000 0.000000 
t: 0.010344827586 start: 87 end: 152 0.000001 0.000000 0.000000 0.000001 0.000005 0.000003 0.000011 0.000027 0.000034 0.000094 0.000136 0.000303 0.000491 0.000835 0.001322 0.002038 0.003236 0.004767 0.006960 0.009649 0.013108 0.017589 0.022490 0.028800 0.034796 0.041270 0.047731 0.053765 0.058926 0.063068 0.065017 0.065696 0.064798 0.061385 0.057460 0.051577 0.046092 0.039131 0.032923 0.026461 0.021032 0.016118 0.012396 0.008990 0.006578 0.004526 0.003088 0.002031 0.001271 0.000811 0.000500 0.000289 0.000169 0.000106 0.000051 0.000020 0.000014 0.000010 0.000002 0.000002 0.000000 0.000000 0.000000 0.000000 0.000000 0.000000 
t: 0.010169491525 start: 91 end: 156 0.000001 0.000003 0.000006 0.000010 0.000019 0.000045 0.000071 0.000155 0.000275 0.000418 0.000786 0.001284 0.001904 0.003009 0.004456 0.006392 0.009112 0.012427 0.016605 0.021463 0.027361 0.033449 0.039802 0.046248 0.052277 0.057953 0.061796 0.064703 0.065518 0.064556 0.062179 0.058159 0.053400 0.046843 0.040633 0.034456 0.027951 0.022101 0.017364 0.013382 0.009838 0.007191 0.004988 0.003383 0.002267 0.001484 0.000896 0.000596 0.000326 0.000203 0.000129 0.000064 0.000027 0.000021 0.000005 0.000008 0.000001 0.000000 0.000001 0.000000 0.000000 0.000000 0.000000 0.000000 0.000000 0.000000 
t: 0.010000000000 start: 93 end: 158 0.000001 0.000006 0.000009 0.000031 0.000035 0.000061 0.000158 0.000247 0.000411 0.000720 0.001196 0.001801 0.002879 0.004092 0.006087 0.008605 0.011820 0.015639 0.020737 0.026075 0.032001 0.038724 0.044576 0.050976 0.056341 0.061076 0.063633 0.065725 0.065054 0.062098 0.058974 0.054272 0.048364 0.042109 0.035414 0.029546 0.023475 0.018396 0.014163 0.010718 0.007683 0.005480 0.003809 0.002478 0.001650 0.001046 0.000661 0.000403 0.000254 0.000131 0.000078 0.000042 0.000020 0.000010 0.000006 0.000002 0.000001 0.000001 0.000000 0.000000 0.000000 0.000000 0.000000 0.000000 0.000000 0.000000 
t: 0.008448275866 start: 104 end: 170 0.000003 0.000003 0.000005 0.000013 0.000030 0.000058 0.000109 0.000164 0.000291 0.000510 0.000873 0.001254 0.001972 0.003050 0.004449 0.006231 0.008738 0.011684 0.015513 0.019929 0.025161 0.030503 0.036828 0.042286 0.048385 0.053916 0.057813 0.060999 0.062148 0.062910 0.061133 0.058802 0.054305 0.049137 0.043739 0.037728 0.031819 0.025984 0.021085 0.016483 0.012773 0.009385 0.007007 0.004845 0.003468 0.002345 0.001616 0.000945 0.000621 0.000410 0.000229 0.000149 0.000072 0.000045 0.000016 0.000017 0.000006 0.000005 0.000003 0.000000 0.000000 0.000000 0.000000 0.000000 0.000000 0.000000 0.000000 
t: 0.007313432839 start: 114 end: 182 0.000002 0.000007 0.000010 0.000009 0.000032 0.000049 0.000089 0.000175 0.000291 0.000466 0.000760 0.001097 0.001705 0.002533 0.003809 0.005333 0.007451 0.010186 0.013414 0.017220 0.022031 0.026678 0.032575 0.038273 0.043734 0.049455 0.053759 0.057337 0.059814 0.061352 0.060989 0.058935 0.056002 0.052194 0.047104 0.041807 0.036359 0.030931 0.025442 0.020558 0.015994 0.012315 0.009597 0.006902 0.005063 0.003421 0.002418 0.001613 0.001053 0.000660 0.000407 0.000246 0.000153 0.000087 0.000049 0.000029 0.000010 0.000008 0.000004 0.000002 0.000002 0.000000 0.000000 0.000000 0.000000 0.000000 0.000000 0.000000 0.000000 
t: 0.006447368423 start: 121 end: 191 0.000001 0.000000 0.000001 0.000001 0.000012 0.000019 0.000033 0.000050 0.000112 0.000176 0.000245 0.000457 0.000677 0.001041 0.001627 0.002409 0.003504 0.004947 0.006887 0.009452 0.012273 0.016094 0.020423 0.025081 0.030400 0.035789 0.040870 0.046244 0.051443 0.054876 0.057829 0.059489 0.060043 0.058922 0.056655 0.052996 0.048822 0.044050 0.039055 0.033543 0.028021 0.022746 0.018595 0.014785 0.011235 0.008421 0.006195 0.004283 0.003215 0.002103 0.001398 0.000960 0.000596 0.000369 0.000216 0.000137 0.000091 0.000036 0.000021 0.000017 0.000006 0.000003 0.000002 0.000001 0.000000 0.000000 0.000000 0.000000 0.000000 0.000000 0.000000 
t: 0.005764705884 start: 126 end: 198 0.000001 0.000000 0.000000 0.000000 0.000002 0.000003 0.000006 0.000010 0.000019 0.000026 0.000046 0.000079 0.000166 0.000284 0.000417 0.000670 0.000989 0.001526 0.002316 0.003310 0.004544 0.006484 0.008564 0.011576 0.015237 0.018964 0.023790 0.028348 0.033937 0.039000 0.044119 0.049207 0.052935 0.056208 0.058402 0.059267 0.058464 0.056850 0.053924 0.050344 0.045399 0.041080 0.035118 0.030246 0.025174 0.020434 0.016406 0.012744 0.009500 0.007149 0.005328 0.003803 0.002541 0.001797 0.001212 0.000792 0.000523 0.000307 0.000168 0.000105 0.000071 0.000033 0.000014 0.000008 0.000009 0.000003 0.000001 0.000000 0.000000 0.000001 0.000000 0.000000 0.000000 
t: 0.005212765959 start: 135 end: 205 0.000001 0.000000 0.000002 0.000000 0.000004 0.000005 0.000017 0.000022 0.000041 0.000089 0.000149 0.000232 0.000372 0.000589 0.000870 0.001418 0.002037 0.002897 0.004107 0.005854 0.007915 0.010376 0.013699 0.017058 0.021516 0.026551 0.031576 0.036349 0.041833 0.046308 0.050550 0.054025 0.056963 0.058616 0.058456 0.057552 0.055475 0.051883 0.047500 0.043015 0.037666 0.032835 0.027961 0.022699 0.018199 0.014456 0.011224 0.008531 0.006169 0.004576 0.003191 0.002280 0.001497 0.001063 0.000699 0.000422 0.000250 0.000144 0.000094 0.000064 0.000024 0.000019 0.000007 0.000005 0.000003 0.000000 0.000000 0.000000 0.000000 0.000000 0.000000 
t: 0.004757281555 start: 143 end: 215 0.000001 0.000001 0.000003 0.000002 0.000014 0.000021 0.000037 0.000059 0.000107 0.000182 0.000282 0.000426 0.000700 0.001042 0.001611 0.002292 0.003428 0.004741 0.006525 0.008764 0.011599 0.014688 0.018535 0.023132 0.027808 0.033083 0.038163 0.042861 0.047598 0.051505 0.054534 0.056964 0.058084 0.058172 0.056651 0.054177 0.050663 0.046275 0.041578 0.036439 0.031185 0.025983 0.021613 0.017461 0.013545 0.010396 0.007904 0.005899 0.004187 0.003039 0.002143 0.001445 0.000915 0.000595 0.000357 0.000244 0.000154 0.000083 0.000052 0.000021 0.000015 0.000008 0.000004 0.000002 0.000003 0.000000 0.000000 0.000000 0.000000 0.000000 0.000000 0.000000 0.000000 
t: 0.004375000001 start: 147 end: 220 0.000001 0.000000 0.000000 0.000000 0.000002 0.000008 0.000007 0.000017 0.000029 0.000066 0.000120 0.000172 0.000280 0.000468 0.000727 0.000985 0.001604 0.002410 0.003438 0.004733 0.006477 0.008696 0.011500 0.014712 0.018436 0.022915 0.027478 0.032733 0.037873 0.042561 0.047434 0.050882 0.054002 0.057308 0.057903 0.057613 0.056336 0.054216 0.050778 0.046321 0.042060 0.036656 0.031852 0.026688 0.021599 0.017581 0.013715 0.010711 0.008108 0.006010 0.004395 0.003128 0.002146 0.001469 0.000987 0.000656 0.000376 0.000259 0.000141 0.000102 0.000055 0.000025 0.000022 0.000010 0.000001 0.000002 0.000003 0.000001 0.000001 0.000000 0.000000 0.000000 0.000000 0.000000 
t: 0.004049586778 start: 155 end: 227 0.000001 0.000004 0.000002 0.000004 0.000018 0.000019 0.000040 0.000081 0.000150 0.000242 0.000365 0.000581 0.000890 0.001398 0.001989 0.002904 0.003999 0.005560 0.007609 0.010009 0.013042 0.016580 0.020606 0.025295 0.030392 0.034957 0.040081 0.045042 0.049428 0.052934 0.055678 0.057379 0.057810 0.057211 0.055346 0.052319 0.048546 0.044505 0.039372 0.034025 0.029132 0.024042 0.019832 0.015643 0.012051 0.009416 0.007029 0.005121 0.003681 0.002595 0.001809 0.001187 0.000785 0.000511 0.000308 0.000181 0.000107 0.000075 0.000033 0.000024 0.000015 0.000003 0.000003 0.000003 0.000001 0.000000 0.000000 0.000000 0.000000 0.000000 0.000000 0.000000 0.000000 
t: 0.003769230770 start: 159 end: 232 0.000001 0.000000 0.000004 0.000003 0.000007 0.000015 0.000027 0.000039 0.000085 0.000146 0.000235 0.000404 0.000597 0.000893 0.001362 0.002087 0.002782 0.004131 0.005598 0.007646 0.010076 0.012951 0.016434 0.020679 0.025064 0.029895 0.035052 0.040170 0.044784 0.049442 0.052953 0.055523 0.057407 0.057920 0.057227 0.055518 0.052483 0.048849 0.044032 0.039474 0.034163 0.028958 0.024436 0.019848 0.015610 0.012253 0.009363 0.006892 0.005189 0.003673 0.002633 0.001767 0.001192 0.000770 0.000517 0.000316 0.000178 0.000108 0.000062 0.000035 0.000018 0.000009 0.000007 0.000005 0.000001 0.000001 0.000001 0.000000 0.000000 0.000000 0.000000 0.000000 0.000000 0.000000 
t: 0.003525179857 start: 165 end: 236 0.000001 0.000006 0.000006 0.000010 0.000013 0.000034 0.000078 0.000103 0.000197 0.000283 0.000477 0.000731 0.001065 0.001579 0.002384 0.003325 0.004691 0.006281 0.008521 0.011108 0.014376 0.018146 0.022420 0.027273 0.031708 0.037218 0.041954 0.047358 0.051071 0.054211 0.056476 0.057617 0.057801 0.056676 0.054408 0.051382 0.046803 0.041916 0.037383 0.032155 0.026919 0.022465 0.017803 0.014098 0.011225 0.008275 0.006108 0.004478 0.003162 0.002137 0.001587 0.000939 0.000594 0.000399 0.000245 0.000138 0.000096 0.000036 0.000025 0.000011 0.000006 0.000004 0.000004 0.000001 0.000000 0.000000 0.000000 0.000000 0.000000 0.000000 0.000000 0.000000 
t: 0.003310810811 start: 168 end: 240 0.000001 0.000001 0.000004 0.000004 0.000010 0.000024 0.000031 0.000054 0.000113 0.000159 0.000256 0.000425 0.000640 0.000992 0.001394 0.002111 0.003065 0.004370 0.005933 0.008045 0.010422 0.013597 0.017141 0.021554 0.025951 0.030998 0.036184 0.041255 0.045894 0.050054 0.053640 0.056174 0.058068 0.058096 0.056787 0.055010 0.051898 0.047585 0.043662 0.038384 0.033203 0.028154 0.023525 0.018736 0.014854 0.011480 0.008798 0.006594 0.004757 0.003282 0.002399 0.001553 0.000959 0.000678 0.000445 0.000249 0.000164 0.000089 0.000039 0.000029 0.000014 0.000007 0.000003 0.000002 0.000000 0.000000 0.000000 0.000001 0.000000 0.000000 0.000000 0.000000 0.000000 
t: 0.003121019109 start: 173 end: 243 0.000003 0.000002 0.000007 0.000013 0.000014 0.000039 0.000080 0.000092 0.000154 0.000276 0.000427 0.000653 0.000962 0.001468 0.002157 0.003197 0.004500 0.006151 0.008168 0.010801 0.013907 0.017698 0.021952 0.026487 0.031541 0.036556 0.041739 0.046468 0.050561 0.054420 0.057015 0.057980 0.057993 0.057004 0.054660 0.051465 0.047398 0.042742 0.037831 0.032960 0.027749 0.022575 0.018277 0.014431 0.011196 0.008363 0.006173 0.004452 0.003160 0.002138 0.001405 0.001005 0.000636 0.000387 0.000236 0.000112 0.000082 0.000045 0.000018 0.000006 0.000011 0.000001 0.000000 0.000000 0.000000 0.000000 0.000001 0.000000 0.000000 0.000000 0.000000 
t: 0.002951807229 start: 176 end: 246 0.000002 0.000000 0.000004 0.000006 0.000013 0.000024 0.000050 0.000065 0.000094 0.000213 0.000306 0.000479 0.000722 0.001152 0.001698 0.002581 0.003635 0.004912 0.006831 0.009116 0.011974 0.015025 0.019524 0.023671 0.028603 0.033663 0.038633 0.043723 0.048349 0.052139 0.055570 0.058031 0.058229 0.057700 0.056519 0.054140 0.049891 0.046160 0.041065 0.035563 0.030824 0.025423 0.020529 0.016360 0.012762 0.009829 0.007392 0.005450 0.003831 0.002598 0.001730 0.001225 0.000785 0.000497 0.000300 0.000166 0.000099 0.000063 0.000031 0.000016 0.000011 0.000002 0.000001 0.000000 0.000000 0.000000 0.000001 0.000000 0.000000 0.000000 0.000000 
t: 0.002800000000 start: 181 end: 251 0.000003 0.000008 0.000004 0.000032 0.000028 0.000054 0.000084 0.000184 0.000269 0.000393 0.000617 0.000970 0.001453 0.002181 0.003160 0.004367 0.006080 0.008131 0.010985 0.014044 0.017859 0.021934 0.026726 0.031820 0.037246 0.042114 0.046727 0.051616 0.054854 0.056870 0.058094 0.058517 0.057615 0.055394 0.051828 0.047562 0.042735 0.037365 0.032095 0.026990 0.022345 0.017769 0.013661 0.010674 0.007991 0.005912 0.004196 0.003006 0.001906 0.001328 0.000915 0.000519 0.000324 0.000186 0.000120 0.000070 0.000041 0.000015 0.000006 0.000004 0.000002 0.000001 0.000000 0.000001 0.000000 0.000000 0.000000 0.000000 0.000000 0.000000 0.000000 
t: 0.002663043479 start: 182 end: 253 0.000001 0.000002 0.000002 0.000003 0.000012 0.000010 0.000025 0.000049 0.000091 0.000154 0.000237 0.000365 0.000581 0.000901 0.001448 0.002043 0.002916 0.004160 0.005752 0.007847 0.010439 0.013591 0.017244 0.021593 0.026182 0.031094 0.036368 0.041958 0.046740 0.051184 0.054343 0.057435 0.058393 0.058981 0.057897 0.055924 0.052269 0.047913 0.043264 0.038404 0.032674 0.027412 0.022692 0.017872 0.014069 0.010726 0.008172 0.005903 0.004247 0.002962 0.001982 0.001330 0.000887 0.000484 0.000336 0.000192 0.000113 0.000069 0.000031 0.000022 0.000007 0.000001 0.000001 0.000000 0.000001 0.000000 0.000000 0.000000 0.000000 0.000000 0.000000 0.000000 
t: 0.002538860104 start: 185 end: 256 0.000002 0.000001 0.000002 0.000003 0.000007 0.000016 0.000034 0.000048 0.000079 0.000142 0.000241 0.000379 0.000591 0.000936 0.001409 0.002141 0.003014 0.004259 0.005821 0.007986 0.010478 0.013986 0.017641 0.021924 0.026729 0.031394 0.037220 0.042519 0.047307 0.051789 0.054709 0.057594 0.059311 0.059107 0.058263 0.055521 0.052228 0.047755 0.042642 0.037794 0.032131 0.026898 0.021775 0.017454 0.013596 0.010414 0.007583 0.005611 0.003891 0.002664 0.001768 0.001260 0.000748 0.000474 0.000325 0.000176 0.000104 0.000050 0.000033 0.000011 0.000007 0.000002 0.000002 0.000001 0.000000 0.000000 0.000000 0.000000 0.000000 0.000000 0.000000 0.000000 
t: 0.002425742574 start: 187 end: 257 0.000001 0.000000 0.000001 0.000002 0.000004 0.000013 0.000027 0.000025 0.000055 0.000090 0.000152 0.000246 0.000420 0.000707 0.001020 0.001553 0.002240 0.003280 0.004589 0.006315 0.008631 0.011316 0.014844 0.018722 0.023234 0.028170 0.033276 0.038784 0.043766 0.048501 0.052898 0.056503 0.058302 0.059862 0.059739 0.057465 0.055050 0.051012 0.046635 0.041506 0.035937 0.030364 0.025346 0.020274 0.015862 0.012424 0.009351 0.006792 0.004702 0.003515 0.002318 0.001557 0.000998 0.000660 0.000375 0.000249 0.000152 0.000075 0.000046 0.000029 0.000010 0.000005 0.000002 0.000000 0.000001 0.000000 0.000000 0.000000 0.000000 0.000000 0.000000 
t: 0.002322274882 start: 191 end: 260 0.000001 0.000002 0.000004 0.000006 0.000013 0.000027 0.000045 0.000071 0.000102 0.000175 0.000324 0.000498 0.000789 0.001251 0.001801 0.002649 0.003685 0.005209 0.007162 0.009600 0.012824 0.016541 0.020691 0.025568 0.030583 0.035661 0.041263 0.046088 0.050594 0.054808 0.058049 0.059829 0.059878 0.059425 0.056786 0.053310 0.049623 0.044331 0.038712 0.033348 0.028051 0.022563 0.018052 0.014048 0.010611 0.007866 0.005576 0.004103 0.002757 0.001876 0.001256 0.000801 0.000444 0.000300 0.000175 0.000087 0.000047 0.000032 0.000017 0.000007 0.000001 0.000004 0.000000 0.000000 0.000000 0.000000 0.000000 0.000000 0.000000 0.000000 
t: 0.002227272727 start: 194 end: 263 0.000002 0.000002 0.000004 0.000013 0.000018 0.000034 0.000057 0.000081 0.000139 0.000234 0.000444 0.000626 0.001007 0.001552 0.002217 0.003085 0.004575 0.006228 0.008649 0.011416 0.014626 0.018910 0.023765 0.028213 0.034130 0.039211 0.044113 0.048994 0.053888 0.057467 0.059343 0.060705 0.060112 0.058271 0.055107 0.051121 0.046331 0.040942 0.035377 0.029806 0.024346 0.019575 0.015652 0.011473 0.008695 0.006302 0.004503 0.003046 0.002075 0.001355 0.000885 0.000542 0.000321 0.000184 0.000111 0.000062 0.000030 0.000013 0.000007 0.000003 0.000002 0.000003 0.000000 0.000000 0.000000 0.000000 0.000000 0.000000 0.000000 0.000000 
t: 0.002139737991 start: 196 end: 265 0.000001 0.000002 0.000001 0.000007 0.000010 0.000023 0.000045 0.000075 0.000123 0.000239 0.000343 0.000540 0.000869 0.001376 0.001987 0.002821 0.004094 0.005808 0.007694 0.010510 0.013814 0.017875 0.022222 0.026965 0.032354 0.038504 0.043060 0.048264 0.053040 0.056749 0.059735 0.060453 0.060675 0.059147 0.056126 0.052421 0.047829 0.042554 0.036702 0.031014 0.025539 0.020379 0.015916 0.012427 0.009199 0.006616 0.004800 0.003202 0.002186 0.001382 0.000937 0.000571 0.000334 0.000218 0.000104 0.000053 0.000028 0.000019 0.000012 0.000002 0.000004 0.000000 0.000001 0.000000 0.000000 0.000000 0.000000 0.000000 0.000000 0.000000 
t: 0.002058823530 start: 197 end: 266 0.000001 0.000000 0.000002 0.000003 0.000004 0.000018 0.000025 0.000033 0.000054 0.000115 0.000221 0.000300 0.000469 0.000829 0.001293 0.001847 0.002730 0.003795 0.005369 0.007425 0.009977 0.013484 0.017045 0.021510 0.026495 0.031753 0.037573 0.042855 0.048316 0.052760 0.056532 0.059345 0.060894 0.061028 0.059867 0.056950 0.053081 0.048836 0.042865 0.037676 0.031676 0.025522 0.020697 0.016270 0.012636 0.009208 0.006739 0.004832 0.003307 0.002130 0.001408 0.000887 0.000556 0.000324 0.000201 0.000117 0.000045 0.000036 0.000017 0.000009 0.000004 0.000002 0.000002 0.000000 0.000000 0.000000 0.000000 0.000000 0.000000 0.000000 
t: 0.001983805668 start: 200 end: 269 0.000001 0.000002 0.000005 0.000010 0.000010 0.000016 0.000026 0.000072 0.000120 0.000175 0.000323 0.000495 0.000789 0.001181 0.001794 0.002626 0.003800 0.005364 0.007268 0.009988 0.013287 0.017097 0.021383 0.026285 0.032047 0.037135 0.043015 0.048151 0.053229 0.056865 0.059888 0.061616 0.061748 0.060048 0.057424 0.053010 0.048713 0.043114 0.037288 0.031601 0.025350 0.020518 0.016097 0.012238 0.009005 0.006604 0.004617 0.003079 0.002106 0.001322 0.000854 0.000495 0.000316 0.000171 0.000104 0.000046 0.000037 0.000016 0.000010 0.000004 0.000001 0.000001 0.000000 0.000000 0.000000 0.000000 0.000000 0.000000 0.000000 0.000000 
t: 0.001914062500 start: 201 end: 269 0.000001 0.000000 0.000002 0.000005 0.000005 0.000011 0.000023 0.000037 0.000063 0.000107 0.000193 0.000291 0.000525 0.000798 0.001209 0.001772 0.002661 0.003893 0.005490 0.007467 0.010151 0.013637 0.017183 0.022019 0.026885 0.032488 0.037870 0.043661 0.049382 0.053704 0.057790 0.060438 0.061954 0.061761 0.060321 0.057259 0.053248 0.048191 0.042455 0.036436 0.030385 0.024717 0.019760 0.015469 0.011695 0.008545 0.006130 0.004236 0.002835 0.001826 0.001194 0.000767 0.000467 0.000267 0.000134 0.000085 0.000045 0.000029 0.000017 0.000006 0.000004 0.000000 0.000001 0.000000 0.000000 0.000000 0.000000 0.000000 0.000000 
t: 0.001849056604 start: 204 end: 272 0.000001 0.000005 0.000002 0.000005 0.000021 0.000014 0.000046 0.000065 0.000122 0.000195 0.000333 0.000521 0.000803 0.001262 0.001935 0.002778 0.004049 0.005824 0.008001 0.010741 0.014064 0.017986 0.022775 0.028073 0.033590 0.039216 0.045144 0.050493 0.055667 0.058228 0.061194 0.062267 0.062444 0.060262 0.056888 0.052064 0.047156 0.041140 0.034990 0.028917 0.023388 0.018453 0.014503 0.010806 0.007871 0.005467 0.003632 0.002489 0.001609 0.000990 0.000646 0.000389 0.000221 0.000113 0.000064 0.000033 0.000024 0.000014 0.000005 0.000001 0.000000 0.000001 0.000000 0.000000 0.000000 0.000000 0.000000 0.000000 0.000000 
t: 0.001788321168 start: 205 end: 274 0.000002 0.000002 0.000001 0.000004 0.000010 0.000012 0.000022 0.000043 0.000078 0.000140 0.000199 0.000377 0.000572 0.000896 0.001393 0.002097 0.003031 0.004511 0.006408 0.008560 0.011358 0.015161 0.019298 0.024431 0.029784 0.034932 0.041277 0.047199 0.052200 0.056553 0.059636 0.062255 0.063195 0.062083 0.059513 0.055710 0.050909 0.045628 0.039173 0.032801 0.027122 0.021691 0.017171 0.012881 0.009570 0.006797 0.004817 0.003106 0.002102 0.001309 0.000813 0.000531 0.000299 0.000140 0.000086 0.000059 0.000027 0.000011 0.000008 0.000003 0.000002 0.000001 0.000000 0.000000 0.000000 0.000000 0.000000 0.000000 0.000000 0.000000 
t: 0.001731448763 start: 207 end: 276 0.000001 0.000001 0.000003 0.000005 0.000009 0.000012 0.000030 0.000047 0.000089 0.000161 0.000252 0.000398 0.000644 0.001062 0.001557 0.002364 0.003459 0.005117 0.006920 0.009570 0.012770 0.016672 0.021081 0.026259 0.031626 0.037611 0.043773 0.049311 0.054225 0.058446 0.061128 0.063149 0.063124 0.061458 0.058642 0.054224 0.049113 0.043179 0.037009 0.030399 0.024543 0.019703 0.015043 0.011190 0.008123 0.005741 0.003925 0.002609 0.001675 0.001055 0.000669 0.000391 0.000180 0.000122 0.000054 0.000041 0.000022 0.000005 0.000005 0.000002 0.000001 0.000000 0.000001 0.000000 0.000000 0.000000 0.000000 0.000000 0.000000 0.000000 
t: 0.001678082192 start: 208 end: 277 0.000001 0.000001 0.000002 0.000006 0.000004 0.000009 0.000019 0.000042 0.000074 0.000110 0.000167 0.000310 0.000470 0.000772 0.001209 0.001898 0.002800 0.004007 0.005822 0.007913 0.010924 0.014387 0.018406 0.023292 0.028884 0.034472 0.040790 0.046422 0.051691 0.056413 0.060445 0.062703 0.063804 0.063118 0.060653 0.056707 0.051897 0.046618 0.040478 0.033570 0.027404 0.022158 0.017094 0.012866 0.009472 0.006806 0.004625 0.003115 0.002046 0.001243 0.000845 0.000452 0.000261 0.000143 0.000071 0.000049 0.000020 0.000012 0.000004 0.000002 0.000001 0.000000 0.000001 0.000000 0.000000 0.000000 0.000000 0.000000 0.000000 0.000000 
t: 0.001627906977 start: 210 end: 277 0.000001 0.000001 0.000003 0.000004 0.000011 0.000014 0.000023 0.000048 0.000075 0.000141 0.000238 0.000392 0.000603 0.000976 0.001456 0.002255 0.003337 0.004773 0.006740 0.009347 0.012593 0.016408 0.020929 0.026062 0.031808 0.037682 0.044058 0.049726 0.054522 0.059171 0.062327 0.063857 0.064242 0.062324 0.058924 0.054549 0.049029 0.043465 0.036557 0.030096 0.024233 0.018952 0.014512 0.010847 0.007672 0.005314 0.003651 0.002380 0.001566 0.000887 0.000547 0.000308 0.000166 0.000105 0.000039 0.000027 0.000016 0.000007 0.000003 0.000000 0.000000 0.000001 0.000000 0.000000 0.000000 0.000000 0.000000 0.000000 
t: 0.001580645161 start: 210 end: 276 0.000001 0.000000 0.000001 0.000004 0.000000 0.000006 0.000011 0.000020 0.000032 0.000048 0.000103 0.000174 0.000316 0.000494 0.000811 0.001173 0.001900 0.002760 0.004197 0.005672 0.008222 0.010972 0.014783 0.018846 0.024089 0.029260 0.035428 0.041768 0.047446 0.053225 0.057780 0.061482 0.063984 0.064727 0.063540 0.060671 0.056637 0.051520 0.045569 0.039302 0.032648 0.026376 0.020718 0.015863 0.012012 0.008532 0.006042 0.003938 0.002711 0.001719 0.001101 0.000605 0.000348 0.000203 0.000104 0.000051 0.000029 0.000011 0.000008 0.000006 0.000000 0.000000 0.000001 0.000000 0.000000 0.000000 0.000000 
t: 0.001536050157 start: 211 end: 278 0.000001 0.000000 0.000000 0.000003 0.000003 0.000003 0.000005 0.000020 0.000020 0.000044 0.000079 0.000138 0.000228 0.000436 0.000628 0.000980 0.001604 0.002428 0.003550 0.005077 0.007287 0.009821 0.013154 0.017353 0.022146 0.027565 0.033583 0.039634 0.046033 0.051475 0.056537 0.061162 0.063397 0.064931 0.064398 0.061923 0.059057 0.053255 0.047845 0.041155 0.034582 0.028196 0.022387 0.017094 0.012842 0.009452 0.006413 0.004483 0.002945 0.001921 0.001204 0.000667 0.000402 0.000226 0.000106 0.000061 0.000030 0.000015 0.000010 0.000004 0.000001 0.000000 0.000001 0.000000 0.000000 0.000000 0.000000 0.000000 
t: 0.001493902439 start: 212 end: 279 0.000001 0.000000 0.000001 0.000000 0.000003 0.000004 0.000005 0.000010 0.000015 0.000037 0.000063 0.000111 0.000201 0.000307 0.000557 0.000827 0.001387 0.002114 0.003226 0.004497 0.006337 0.008963 0.012112 0.016108 0.020528 0.026059 0.031728 0.038066 0.044570 0.050228 0.055830 0.060278 0.063264 0.064890 0.065536 0.063200 0.060312 0.054933 0.049243 0.043173 0.036098 0.029701 0.023807 0.018195 0.013644 0.009869 0.007072 0.004749 0.003166 0.002039 0.001278 0.000736 0.000421 0.000252 0.000126 0.000055 0.000033 0.000019 0.000008 0.000004 0.000003 0.000000 0.000001 0.000000 0.000000 0.000000 0.000000 0.000000 
t: 0.001454005935 start: 213 end: 279 0.000001 0.000000 0.000000 0.000002 0.000001 0.000003 0.000003 0.000009 0.000017 0.000018 0.000052 0.000105 0.000163 0.000282 0.000438 0.000777 0.001198 0.001924 0.002825 0.004159 0.005792 0.008216 0.011293 0.014964 0.019593 0.024715 0.030355 0.036591 0.043303 0.049343 0.054849 0.059713 0.063376 0.065389 0.065471 0.064522 0.060952 0.056545 0.050824 0.044463 0.037383 0.030946 0.024719 0.019116 0.014294 0.010347 0.007447 0.004953 0.003311 0.002129 0.001331 0.000802 0.000453 0.000279 0.000127 0.000060 0.000030 0.000011 0.000005 0.000009 0.000000 0.000002 0.000000 0.000000 0.000000 0.000000 0.000000 
t: 0.001416184971 start: 214 end: 281 0.000001 0.000000 0.000000 0.000001 0.000002 0.000003 0.000005 0.000003 0.000009 0.000022 0.000048 0.000083 0.000158 0.000233 0.000402 0.000680 0.001081 0.001711 0.002612 0.003806 0.005405 0.007687 0.010695 0.014209 0.018495 0.023508 0.029709 0.035537 0.042263 0.048270 0.054430 0.059637 0.063125 0.065846 0.065925 0.065075 0.062093 0.057170 0.051736 0.045875 0.038705 0.031444 0.025295 0.019913 0.014796 0.010807 0.007555 0.005170 0.003416 0.002164 0.001393 0.000794 0.000513 0.000245 0.000113 0.000071 0.000029 0.000009 0.000009 0.000004 0.000004 0.000001 0.000000 0.000000 0.000000 0.000000 0.000000 0.000000 
t: 0.001380281690 start: 216 end: 281 0.000001 0.000000 0.000000 0.000000 0.000005 0.000003 0.000006 0.000009 0.000020 0.000041 0.000069 0.000133 0.000208 0.000342 0.000613 0.001038 0.001616 0.002399 0.003560 0.005030 0.007352 0.010232 0.013740 0.017714 0.022986 0.028695 0.034917 0.041719 0.047582 0.053932 0.059262 0.063514 0.065763 0.066692 0.065226 0.062905 0.058377 0.052856 0.046267 0.039421 0.031999 0.025694 0.020297 0.014980 0.011089 0.007655 0.005322 0.003461 0.002131 0.001376 0.000809 0.000449 0.000248 0.000133 0.000044 0.000040 0.000016 0.000004 0.000005 0.000002 0.000001 0.000000 0.000000 0.000000 0.000000 0.000000 
t: 0.001346153846 start: 217 end: 282 0.000001 0.000000 0.000000 0.000000 0.000001 0.000005 0.000003 0.000010 0.000024 0.000032 0.000074 0.000111 0.000188 0.000328 0.000580 0.000903 0.001463 0.002321 0.003433 0.004984 0.006964 0.009742 0.013265 0.017658 0.022493 0.027980 0.034741 0.041113 0.047382 0.054043 0.059053 0.063559 0.066060 0.066964 0.065767 0.063458 0.059242 0.053363 0.046940 0.039578 0.032221 0.026028 0.020155 0.015159 0.011181 0.007550 0.005367 0.003409 0.002070 0.001331 0.000797 0.000439 0.000247 0.000113 0.000047 0.000035 0.000014 0.000006 0.000003 0.000001 0.000001 0.000000 0.000000 0.000000 0.000000 0.000000 
t: 0.001313672922 start: 218 end: 282 0.000001 0.000000 0.000000 0.000000 0.000001 0.000005 0.000002 0.000014 0.000022 0.000033 0.000060 0.000093 0.000172 0.000322 0.000561 0.000891 0.001355 0.002255 0.003326 0.004781 0.006886 0.009525 0.013213 0.017164 0.022077 0.028157 0.034247 0.041075 0.047442 0.054036 0.059625 0.063485 0.066651 0.067243 0.066248 0.063922 0.059705 0.053694 0.046914 0.039517 0.032470 0.025823 0.020107 0.015113 0.010884 0.007528 0.005206 0.003206 0.002126 0.001233 0.000725 0.000422 0.000223 0.000113 0.000053 0.000021 0.000018 0.000004 0.000004 0.000001 0.000000 0.000000 0.000000 0.000000 0.000000 
t: 0.001282722513 start: 222 end: 285 0.000001 0.000002 0.000002 0.000004 0.000009 0.000023 0.000028 0.000073 0.000097 0.000170 0.000312 0.000551 0.000810 0.001377 0.002167 0.003223 0.004837 0.006806 0.009454 0.013165 0.017046 0.022112 0.027719 0.034675 0.041130 0.048026 0.054216 0.060014 0.063831 0.067081 0.067553 0.066993 0.064158 0.059496 0.054158 0.046480 0.039510 0.032201 0.025429 0.019760 0.014769 0.010580 0.007416 0.004851 0.003079 0.001978 0.001216 0.000662 0.000373 0.000200 0.000084 0.000051 0.000023 0.000008 0.000006 0.000005 0.000000 0.000000 0.000000 0.000000 0.000000 0.000000 0.000000 0.000000 
t: 0.001253196931 start: 224 end: 286 0.000002 0.000004 0.000003 0.000009 0.000022 0.000037 0.000063 0.000075 0.000176 0.000291 0.000531 0.000858 0.001388 0.002156 0.003183 0.004729 0.006829 0.009565 0.013135 0.017215 0.022202 0.028256 0.034773 0.041802 0.048351 0.055071 0.060394 0.064726 0.066942 0.068093 0.067429 0.064330 0.059688 0.053223 0.046419 0.039058 0.031681 0.024882 0.019247 0.014290 0.010221 0.006996 0.004606 0.002901 0.001812 0.001066 0.000596 0.000335 0.000180 0.000079 0.000044 0.000016 0.000013 0.000004 0.000003 0.000000 0.000000 0.000000 0.000000 0.000000 0.000000 0.000000 0.000000 
t: 0.001225000000 start: 225 end: 287 0.000001 0.000003 0.000005 0.000009 0.000017 0.000032 0.000059 0.000098 0.000184 0.000282 0.000522 0.000894 0.001390 0.002119 0.003273 0.004863 0.006933 0.009673 0.013269 0.017290 0.022704 0.028806 0.035481 0.042363 0.049211 0.055739 0.061494 0.064881 0.068051 0.068630 0.067085 0.064417 0.059498 0.052489 0.045957 0.037998 0.031307 0.024182 0.018353 0.013632 0.009622 0.006605 0.004177 0.002753 0.001569 0.000977 0.000524 0.000307 0.000137 0.000068 0.000037 0.000013 0.000012 0.000002 0.000003 0.000000 0.000000 0.000000 0.000000 0.000000 0.000000 0.000000 0.000000 
t: 0.001198044010 start: 226 end: 287 0.000001 0.000003 0.000006 0.000011 0.000015 0.000033 0.000057 0.000103 0.000165 0.000336 0.000518 0.000856 0.001506 0.002165 0.003377 0.004918 0.007110 0.009979 0.013493 0.017931 0.023291 0.029483 0.036079 0.043242 0.050340 0.057087 0.061974 0.066199 0.068477 0.069052 0.067360 0.063864 0.058697 0.052238 0.044805 0.037157 0.030016 0.023373 0.017463 0.012743 0.008977 0.005974 0.003912 0.002396 0.001439 0.000846 0.000485 0.000227 0.000109 0.000061 0.000024 0.000017 0.000004 0.000006 0.000000 0.000000 0.000000 0.000000 0.000000 0.000000 0.000000 0.000000 
t: 0.001172248804 start: 226 end: 289 0.000001 0.000001 0.000001 0.000007 0.000011 0.000013 0.000035 0.000052 0.000106 0.000190 0.000342 0.000548 0.000938 0.001457 0.002337 0.003469 0.005125 0.007277 0.010444 0.013976 0.018682 0.024016 0.030187 0.037441 0.044213 0.051639 0.057943 0.063373 0.067361 0.068892 0.069240 0.067565 0.063418 0.057870 0.050985 0.043633 0.035950 0.028746 0.022137 0.016510 0.011932 0.008104 0.005473 0.003484 0.002123 0.001242 0.000738 0.000397 0.000186 0.000108 0.000043 0.000022 0.000011 0.000004 0.000001 0.000001 0.000000 0.000000 0.000000 0.000000 0.000000 0.000000 0.000000 0.000000 
t: 0.001147540984 start: 228 end: 289 0.000001 0.000002 0.000005 0.000009 0.000019 0.000027 0.000050 0.000129 0.000201 0.000347 0.000602 0.000934 0.001593 0.002445 0.003656 0.005429 0.007605 0.010936 0.014663 0.019404 0.024913 0.031670 0.038682 0.045827 0.053046 0.059116 0.064690 0.068106 0.069708 0.069355 0.067406 0.062616 0.056957 0.049617 0.042088 0.034589 0.027346 0.020679 0.015210 0.010919 0.007423 0.004876 0.002948 0.001837 0.001094 0.000627 0.000301 0.000158 0.000075 0.000035 0.000018 0.000007 0.000003 0.000001 0.000000 0.000000 0.000000 0.000000 0.000000 0.000000 0.000000 0.000000 
t: 0.001123853211 start: 229 end: 289 0.000001 0.000001 0.000005 0.000012 0.000020 0.000031 0.000060 0.000122 0.000241 0.000363 0.000622 0.001078 0.001626 0.002670 0.003899 0.005712 0.008229 0.011322 0.015439 0.020466 0.026430 0.033017 0.040113 0.047737 0.054578 0.060812 0.065427 0.069241 0.070365 0.069698 0.066353 0.061849 0.055589 0.048275 0.040433 0.032869 0.025520 0.019044 0.014048 0.009861 0.006569 0.004210 0.002596 0.001579 0.000939 0.000455 0.000252 0.000115 0.000063 0.000025 0.000013 0.000002 0.000004 0.000000 0.000000 0.000000 0.000000 0.000000 0.000000 0.000000 0.000000 
t: 0.001101123596 start: 229 end: 288 0.000001 0.000000 0.000006 0.000001 0.000008 0.000026 0.000036 0.000074 0.000134 0.000258 0.000382 0.000747 0.001089 0.001822 0.002831 0.004163 0.006159 0.008743 0.012241 0.016555 0.021619 0.027747 0.034552 0.042222 0.049699 0.056432 0.062161 0.066954 0.069864 0.070764 0.069580 0.065845 0.060568 0.054157 0.046526 0.038291 0.030731 0.023628 0.017530 0.012688 0.008844 0.005761 0.003586 0.002194 0.001271 0.000748 0.000410 0.000186 0.000098 0.000037 0.000021 0.000006 0.000004 0.000000 0.000000 0.000000 0.000000 0.000000 0.000000 0.000000 
t: 0.001079295154 start: 230 end: 290 0.000001 0.000002 0.000002 0.000004 0.000014 0.000019 0.000045 0.000070 0.000165 0.000266 0.000452 0.000773 0.001228 0.001987 0.003056 0.004532 0.006750 0.009426 0.013178 0.017667 0.023094 0.029322 0.036788 0.044022 0.051691 0.058463 0.064117 0.068082 0.070764 0.071220 0.068976 0.065130 0.059320 0.052278 0.044073 0.036010 0.028319 0.021806 0.015972 0.011262 0.007546 0.004997 0.003022 0.001845 0.001073 0.000593 0.000320 0.000143 0.000067 0.000027 0.000014 0.000005 0.000002 0.000000 0.000000 0.000000 0.000000 0.000000 0.000000 0.000000 0.000000 
t: 0.001058315335 start: 230 end: 290 0.000001 0.000000 0.000002 0.000002 0.000006 0.000014 0.000027 0.000044 0.000091 0.000164 0.000293 0.000536 0.000801 0.001403 0.002184 0.003390 0.005062 0.007237 0.010358 0.013972 0.019186 0.025014 0.031562 0.038539 0.046494 0.054037 0.060490 0.065385 0.069838 0.071562 0.071065 0.068340 0.063972 0.057611 0.049864 0.041667 0.033634 0.025983 0.019734 0.014119 0.009756 0.006548 0.004211 0.002572 0.001523 0.000822 0.000470 0.000235 0.000106 0.000044 0.000019 0.000009 0.000001 0.000001 0.000000 0.000000 0.000000 0.000000 0.000000 0.000000 0.000000 
t: 0.001038135593 start: 231 end: 291 0.000001 0.000001 0.000001 0.000002 0.000008 0.000013 0.000037 0.000052 0.000111 0.000194 0.000334 0.000568 0.000962 0.001567 0.002476 0.003764 0.005578 0.008081 0.011167 0.015491 0.020564 0.026929 0.033652 0.040966 0.049276 0.056145 0.062590 0.067670 0.071129 0.071453 0.071094 0.068035 0.061969 0.055465 0.047044 0.039045 0.030768 0.023696 0.017644 0.012573 0.008290 0.005511 0.003480 0.002096 0.001198 0.000670 0.000371 0.000149 0.000073 0.000029 0.000012 0.000003 0.000003 0.000000 0.000000 0.000000 0.000000 0.000000 0.000000 0.000000 0.000000 
t: 0.001018711019 start: 232 end: 291 0.000001 0.000000 0.000002 0.000005 0.000007 0.000022 0.000036 0.000062 0.000131 0.000228 0.000390 0.000632 0.001095 0.001833 0.002781 0.004266 0.006238 0.008829 0.012366 0.017124 0.022478 0.028938 0.036083 0.043906 0.051752 0.058615 0.064972 0.069102 0.071878 0.072072 0.070914 0.066302 0.060154 0.052598 0.044547 0.035914 0.028154 0.021173 0.015704 0.010628 0.007087 0.004557 0.002846 0.001686 0.000944 0.000529 0.000231 0.000109 0.000046 0.000019 0.000011 0.000002 0.000001 0.000000 0.000000 0.000000 0.000000 0.000000 0.000000 0.000000 
t: 0.001000000000 start: 233 end: 291 0.000001 0.000000 0.000004 0.000006 0.000015 0.000023 0.000032 0.000093 0.000145 0.000274 0.000450 0.000731 0.001312 0.002020 0.003187 0.004811 0.006961 0.009893 0.013834 0.018802 0.024575 0.031568 0.038727 0.046724 0.054294 0.061441 0.066957 0.070936 0.072686 0.072031 0.069953 0.064598 0.057570 0.049933 0.041388 0.032831 0.025215 0.018906 0.013458 0.009008 0.005955 0.003770 0.002217 0.001280 0.000726 0.000363 0.000162 0.000083 0.000027 0.000017 0.000006 0.000001 0.000000 0.000000 0.000000 0.000000 0.000000 0.000000 0.000000 
