t: 0.059999999999 start: 16 end: 55 0.000001 0.000008 0.000028 0.000114 0.000447 0.001275 0.003443 0.007972 0.016288 0.029844 0.049616 0.072970 0.096722 0.115642 0.125239 0.122575 0.109201 0.088094 0.063986 0.042590 0.026314 0.014444 0.007384 0.003432 0.001509 0.000577 0.000195 0.000058 0.000022 0.000006 0.000003 0.000001 0.000000 0.000000 0.000000 0.000000 0.000000 0.000000 0.000000 0.000000 
t: 0.054545454544 start: 18 end: 59 0.000001 0.000007 0.000022 0.000091 0.000345 0.000972 0.002395 0.005747 0.011965 0.022614 0.037654 0.058125 0.080253 0.101290 0.115475 0.120815 0.115083 0.099640 0.079659 0.057824 0.039105 0.023919 0.013879 0.007085 0.003494 0.001530 0.000644 0.000249 0.000089 0.000022 0.000003 0.000001 0.000002 0.000000 0.000001 0.000000 0.000000 0.000000 0.000000 0.000000 0.000000 0.000000 
t: 0.049999999999 start: 20 end: 61 0.000002 0.000004 0.000017 0.000075 0.000241 0.000757 0.001882 0.004372 0.009082 0.017347 0.029544 0.046587 0.066962 0.087342 0.103784 0.114386 0.115523 0.106974 0.090602 0.071483 0.051815 0.034760 0.021307 0.012671 0.006695 0.003290 0.001494 0.000605 0.000249 0.000101 0.000035 0.000006 0.000005 0.000000 0.000001 0.000000 0.000000 0.000000 0.000000 0.000000 0.000000 0.000000 
t: 0.046153846153 start: 22 end: 64 0.000001 0.000003 0.000015 0.000055 0.000214 0.000623 0.001455 0.003425 0.007263 0.013562 0.023824 0.038144 0.056178 0.074976 0.092626 0.106062 0.111953 0.108914 0.098481 0.081874 0.063819 0.045238 0.030384 0.018841 0.010837 0.005906 0.003001 0.001346 0.000587 0.000264 0.000093 0.000025 0.000006 0.000003 0.000000 0.000002 0.000000 0.000000 0.000000 0.000000 0.000000 0.000000 0.000000 
t: 0.042857142857 start: 23 end: 66 0.000001 0.000001 0.000000 0.000019 0.000050 0.000164 0.000468 0.001236 0.002747 0.005919 0.011178 0.019335 0.031586 0.047082 0.065152 0.082855 0.097724 0.106590 0.108025 0.101367 0.089690 0.072822 0.055847 0.039300 0.025723 0.016199 0.009265 0.004999 0.002574 0.001201 0.000548 0.000205 0.000084 0.000029 0.000010 0.000004 0.000000 0.000001 0.000000 0.000000 0.000000 0.000000 0.000000 0.000000 
t: 0.040000000000 start: 27 end: 70 0.000005 0.000019 0.000044 0.000172 0.000434 0.001042 0.002471 0.004818 0.009302 0.016395 0.026526 0.040621 0.056830 0.073761 0.089591 0.100669 0.105125 0.102765 0.094036 0.079824 0.063723 0.047859 0.033179 0.021607 0.013419 0.007590 0.004236 0.002146 0.001022 0.000458 0.000185 0.000076 0.000036 0.000010 0.000002 0.000002 0.000000 0.000000 0.000000 0.000000 0.000000 0.000000 0.000000 0.000000 
t: 0.037500000000 start: 28 end: 74 0.000003 0.000005 0.000025 0.000049 0.000135 0.000382 0.000963 0.002180 0.004100 0.008014 0.014047 0.023114 0.035423 0.050242 0.066600 0.082072 0.093867 0.101308 0.101790 0.096602 0.084462 0.070372 0.055315 0.040146 0.027620 0.017719 0.010774 0.006161 0.003330 0.001712 0.000832 0.000353 0.000161 0.000082 0.000024 0.000012 0.000002 0.000000 0.000001 0.000001 0.000000 0.000000 0.000000 0.000000 0.000000 0.000000 0.000000 
t: 0.035294117647 start: 30 end: 76 0.000002 0.000011 0.000013 0.000059 0.000144 0.000349 0.000860 0.001908 0.003717 0.007021 0.012388 0.020560 0.031457 0.044717 0.060293 0.075147 0.088256 0.097091 0.099365 0.097523 0.088277 0.075298 0.061226 0.045999 0.033237 0.022497 0.014182 0.008520 0.004859 0.002592 0.001318 0.000633 0.000299 0.000107 0.000034 0.000028 0.000009 0.000002 0.000002 0.000000 0.000000 0.000000 0.000000 0.000000 0.000000 0.000000 0.000000 
t: 0.033333333333 start: 32 end: 79 0.000002 0.000008 0.000022 0.000058 0.000153 0.000356 0.000787 0.001658 0.003433 0.006339 0.011316 0.018232 0.028659 0.040520 0.055144 0.069913 0.082460 0.093084 0.097382 0.096107 0.089753 0.079368 0.065586 0.051492 0.038358 0.026892 0.017625 0.011138 0.006646 0.003755 0.001921 0.000998 0.000483 0.000220 0.000081 0.000035 0.000010 0.000002 0.000003 0.000001 0.000000 0.000000 0.000000 0.000000 0.000000 0.000000 0.000000 0.000000 
t: 0.031578947368 start: 34 end: 82 0.000001 0.000007 0.000031 0.000061 0.000162 0.000316 0.000745 0.001637 0.003182 0.005916 0.010280 0.017111 0.026062 0.037479 0.050899 0.065016 0.078369 0.088524 0.094656 0.095022 0.090370 0.081280 0.069316 0.056109 0.042803 0.030702 0.021278 0.013668 0.008385 0.005128 0.002708 0.001467 0.000752 0.000306 0.000159 0.000054 0.000022 0.000011 0.000003 0.000002 0.000001 0.000000 0.000000 0.000000 0.000000 0.000000 0.000000 0.000000 0.000000 
t: 0.030000000000 start: 35 end: 85 0.000001 0.000002 0.000015 0.000021 0.000064 0.000144 0.000328 0.000748 0.001515 0.003092 0.005667 0.009772 0.016096 0.024657 0.034836 0.047644 0.061433 0.074123 0.084689 0.091668 0.093413 0.090454 0.082584 0.072069 0.059469 0.046296 0.034340 0.024524 0.016183 0.010417 0.006211 0.003625 0.001979 0.001027 0.000488 0.000234 0.000099 0.000046 0.000017 0.000004 0.000003 0.000002 0.000001 0.000000 0.000000 0.000000 0.000000 0.000000 0.000000 0.000000 0.000000 
t: 0.028571428571 start: 37 end: 87 0.000002 0.000008 0.000005 0.000024 0.000066 0.000154 0.000326 0.000773 0.001529 0.003005 0.005478 0.009395 0.015205 0.023079 0.033452 0.045319 0.058330 0.070527 0.081448 0.088499 0.092065 0.089879 0.083811 0.074006 0.061567 0.049308 0.037608 0.026869 0.018523 0.012333 0.007694 0.004402 0.002663 0.001349 0.000679 0.000335 0.000161 0.000067 0.000032 0.000014 0.000007 0.000001 0.000003 0.000000 0.000000 0.000000 0.000000 0.000000 0.000000 0.000000 0.000000 
t: 0.027272727273 start: 40 end: 88 0.000007 0.000006 0.000035 0.000080 0.000164 0.000349 0.000805 0.001545 0.003076 0.005443 0.009078 0.014779 0.022366 0.032128 0.043361 0.055475 0.068191 0.078583 0.085921 0.090079 0.089266 0.083726 0.075017 0.063929 0.051927 0.039895 0.029283 0.020589 0.013968 0.008772 0.005504 0.003071 0.001795 0.000997 0.000430 0.000205 0.000089 0.000034 0.000024 0.000004 0.000004 0.000000 0.000000 0.000000 0.000000 0.000000 0.000000 0.000000 0.000000 
t: 0.026086956522 start: 42 end: 92 0.000010 0.000017 0.000034 0.000077 0.000190 0.000406 0.000849 0.001621 0.003080 0.005514 0.008993 0.014322 0.022046 0.031292 0.041848 0.053959 0.065488 0.076403 0.083993 0.088569 0.087364 0.083537 0.075569 0.065322 0.053836 0.041927 0.031607 0.022379 0.015175 0.010080 0.006322 0.003735 0.002167 0.001189 0.000576 0.000269 0.000117 0.000071 0.000030 0.000007 0.000007 0.000002 0.000000 0.000001 0.000000 0.000000 0.000000 0.000000 0.000000 0.000000 0.000000 
t: 0.025000000000 start: 44 end: 94 0.000003 0.000018 0.000031 0.000110 0.000191 0.000452 0.000882 0.001760 0.003198 0.005535 0.009193 0.014511 0.021488 0.030699 0.041698 0.052530 0.064033 0.074482 0.082101 0.086539 0.086411 0.082889 0.075631 0.066105 0.054742 0.043536 0.032990 0.023890 0.016543 0.011093 0.007138 0.004357 0.002462 0.001348 0.000733 0.000340 0.000174 0.000100 0.000037 0.000014 0.000009 0.000003 0.000001 0.000000 0.000000 0.000000 0.000000 0.000000 0.000000 0.000000 0.000000 
t: 0.024000000000 start: 45 end: 96 0.000002 0.000005 0.000022 0.000035 0.000106 0.000233 0.000484 0.000950 0.001822 0.003375 0.005746 0.009513 0.014692 0.021662 0.030682 0.040927 0.051930 0.062964 0.072970 0.080794 0.084503 0.085537 0.082097 0.075378 0.066130 0.055388 0.044718 0.034072 0.024950 0.017728 0.011973 0.007640 0.004837 0.002803 0.001573 0.000872 0.000467 0.000243 0.000098 0.000043 0.000023 0.000007 0.000005 0.000000 0.000001 0.000000 0.000000 0.000000 0.000000 0.000000 0.000000 0.000000 
t: 0.023076923077 start: 47 end: 99 0.000002 0.000012 0.000015 0.000059 0.000135 0.000264 0.000522 0.001095 0.001973 0.003532 0.006165 0.009717 0.015214 0.022105 0.030698 0.040751 0.051645 0.062475 0.072149 0.078757 0.083629 0.083919 0.081244 0.074951 0.066194 0.055543 0.044838 0.034719 0.025993 0.018579 0.012586 0.008393 0.005147 0.003195 0.001738 0.001018 0.000500 0.000274 0.000137 0.000061 0.000032 0.000016 0.000006 0.000001 0.000002 0.000000 0.000000 0.000000 0.000000 0.000000 0.000000 0.000000 0.000000 
t: 0.022222222222 start: 48 end: 101 0.000001 0.000003 0.000008 0.000030 0.000067 0.000141 0.000300 0.000603 0.001192 0.002227 0.003806 0.006477 0.010455 0.015575 0.022746 0.030831 0.041269 0.051790 0.061935 0.071155 0.078460 0.081835 0.082967 0.080233 0.074021 0.065469 0.055571 0.045035 0.035268 0.026403 0.019236 0.013124 0.008616 0.005526 0.003374 0.001999 0.001052 0.000581 0.000324 0.000152 0.000077 0.000034 0.000019 0.000008 0.000004 0.000001 0.000000 0.000000 0.000000 0.000000 0.000000 0.000000 0.000000 0.000000 
t: 0.021428571428 start: 50 end: 103 0.000001 0.000003 0.000011 0.000037 0.000084 0.000179 0.000356 0.000712 0.001325 0.002485 0.004151 0.007033 0.011125 0.016349 0.023206 0.031906 0.041573 0.052082 0.062164 0.070794 0.077311 0.080816 0.081748 0.079622 0.072749 0.064603 0.054920 0.045047 0.035614 0.026635 0.019221 0.013264 0.009037 0.005640 0.003575 0.002029 0.001237 0.000664 0.000349 0.000181 0.000079 0.000043 0.000026 0.000009 0.000003 0.000002 0.000000 0.000000 0.000000 0.000000 0.000000 0.000000 0.000000 0.000000 
t: 0.020689655172 start: 51 end: 106 0.000001 0.000001 0.000005 0.000022 0.000039 0.000092 0.000218 0.000412 0.000826 0.001573 0.002807 0.004753 0.007580 0.011760 0.016983 0.024394 0.032684 0.042666 0.052561 0.061850 0.070392 0.077243 0.080690 0.080786 0.077934 0.071644 0.063732 0.054192 0.044560 0.035335 0.026301 0.019034 0.013366 0.009007 0.005957 0.003636 0.002207 0.001310 0.000710 0.000366 0.000190 0.000098 0.000045 0.000024 0.000010 0.000002 0.000001 0.000001 0.000000 0.000000 0.000000 0.000000 0.000000 0.000000 0.000000 0.000000 
t: 0.020000000000 start: 54 end: 107 0.000004 0.000007 0.000018 0.000063 0.000096 0.000261 0.000504 0.000983 0.001848 0.003183 0.005250 0.008340 0.012480 0.018433 0.025274 0.034059 0.043580 0.053160 0.062775 0.070653 0.076494 0.079647 0.079510 0.076348 0.070818 0.062558 0.053366 0.043812 0.034243 0.026066 0.018798 0.013502 0.009040 0.005975 0.003785 0.002235 0.001266 0.000751 0.000421 0.000194 0.000096 0.000055 0.000032 0.000010 0.000004 0.000003 0.000000 0.000000 0.000000 0.000000 0.000000 0.000000 0.000000 0.000000 
t: 0.019354838710 start: 55 end: 109 0.000002 0.000004 0.000011 0.000034 0.000066 0.000161 0.000310 0.000611 0.001203 0.002231 0.003572 0.005874 0.009194 0.013567 0.019642 0.026838 0.035369 0.044519 0.054322 0.063330 0.071312 0.076319 0.078872 0.078593 0.075189 0.068894 0.061261 0.051976 0.042464 0.033433 0.025574 0.018379 0.013233 0.008929 0.005838 0.003709 0.002298 0.001285 0.000748 0.000408 0.000204 0.000107 0.000068 0.000027 0.000011 0.000005 0.000004 0.000000 0.000000 0.000000 0.000000 0.000000 0.000000 0.000000 0.000000 
t: 0.018750000000 start: 55 end: 110 0.000001 0.000000 0.000004 0.000006 0.000018 0.000046 0.000094 0.000193 0.000378 0.000789 0.001468 0.002544 0.004171 0.006509 0.010221 0.014875 0.021135 0.028426 0.036995 0.046009 0.056215 0.064474 0.070800 0.076360 0.078188 0.077106 0.073587 0.067556 0.059274 0.050316 0.041406 0.032578 0.024436 0.017965 0.012643 0.008670 0.005784 0.003671 0.002187 0.001310 0.000732 0.000397 0.000224 0.000127 0.000058 0.000026 0.000020 0.000006 0.000002 0.000000 0.000000 0.000000 0.000000 0.000000 0.000000 0.000000 
t: 0.018181818182 start: 57 end: 112 0.000001 0.000003 0.000002 0.000011 0.000031 0.000058 0.000114 0.000265 0.000522 0.001005 0.001692 0.002861 0.004737 0.007569 0.011452 0.016424 0.022571 0.030196 0.038845 0.048286 0.056891 0.065072 0.072041 0.075941 0.077286 0.075649 0.072064 0.065335 0.057928 0.048744 0.039625 0.031213 0.023812 0.017273 0.012257 0.008241 0.005409 0.003517 0.002197 0.001296 0.000743 0.000388 0.000214 0.000108 0.000060 0.000033 0.000012 0.000006 0.000000 0.000000 0.000000 0.000000 0.000000 0.000000 0.000000 0.000000 
t: 0.017647058823 start: 57 end: 113 0.000001 0.000000 0.000000 0.000005 0.000007 0.000016 0.000039 0.000076 0.000160 0.000371 0.000603 0.001152 0.002084 0.003521 0.005521 0.008463 0.012693 0.018015 0.024646 0.032289 0.041141 0.049835 0.058502 0.066385 0.072078 0.076098 0.076212 0.074616 0.070001 0.063708 0.055475 0.046691 0.037809 0.029825 0.022709 0.016550 0.011547 0.007833 0.005237 0.003302 0.002013 0.001284 0.000697 0.000369 0.000207 0.000119 0.000053 0.000024 0.000011 0.000006 0.000001 0.000000 0.000000 0.000000 0.000000 0.000000 0.000000 
t: 0.017142857143 start: 59 end: 116 0.000001 0.000000 0.000001 0.000003 0.000011 0.000031 0.000047 0.000097 0.000243 0.000447 0.000766 0.001440 0.002516 0.004122 0.006443 0.009777 0.014172 0.019818 0.026732 0.034560 0.043012 0.051918 0.060541 0.067716 0.072912 0.075250 0.075270 0.073057 0.068526 0.061212 0.053126 0.044219 0.036235 0.028134 0.021448 0.015492 0.010857 0.007342 0.004860 0.003129 0.001912 0.001165 0.000686 0.000363 0.000172 0.000123 0.000053 0.000026 0.000009 0.000007 0.000001 0.000000 0.000000 0.000000 0.000000 0.000000 0.000000 0.000000 
t: 0.016666666667 start: 61 end: 118 0.000001 0.000000 0.000003 0.000007 0.000020 0.000045 0.000072 0.000141 0.000297 0.000597 0.001021 0.001807 0.003084 0.004838 0.007377 0.011277 0.016071 0.021773 0.028727 0.037165 0.045449 0.054269 0.061713 0.069177 0.072696 0.075463 0.074812 0.071238 0.065846 0.058601 0.050866 0.042065 0.034134 0.026556 0.019879 0.014414 0.010080 0.006756 0.004615 0.002874 0.001811 0.001035 0.000638 0.000326 0.000174 0.000098 0.000047 0.000024 0.000016 0.000002 0.000003 0.000000 0.000000 0.000000 0.000000 0.000000 0.000000 0.000000 
t: 0.016216216216 start: 63 end: 122 0.000002 0.000001 0.000005 0.000008 0.000029 0.000055 0.000099 0.000205 0.000397 0.000740 0.001353 0.002227 0.003701 0.005806 0.008822 0.012805 0.017791 0.024114 0.031247 0.039411 0.048198 0.056485 0.064211 0.069734 0.073235 0.074591 0.073579 0.069055 0.063494 0.056485 0.048021 0.039791 0.031823 0.024668 0.018224 0.013469 0.009216 0.006358 0.004102 0.002656 0.001625 0.000945 0.000587 0.000297 0.000159 0.000088 0.000043 0.000022 0.000013 0.000006 0.000001 0.000001 0.000000 0.000000 0.000000 0.000000 0.000000 0.000000 0.000000 0.000000 
t: 0.015789473684 start: 63 end: 122 0.000001 0.000000 0.000000 0.000003 0.000005 0.000020 0.000037 0.000070 0.000153 0.000271 0.000555 0.000926 0.001644 0.002801 0.004523 0.006889 0.010302 0.014476 0.019916 0.026542 0.034329 0.042585 0.050696 0.058872 0.065603 0.070343 0.073564 0.074092 0.071260 0.067253 0.061093 0.053354 0.045668 0.037344 0.029502 0.022610 0.016972 0.012250 0.008365 0.005710 0.003701 0.002372 0.001423 0.000827 0.000494 0.000275 0.000159 0.000075 0.000039 0.000020 0.000009 0.000004 0.000002 0.000001 0.000000 0.000000 0.000000 0.000000 0.000000 0.000000 
t: 0.015384615385 start: 64 end: 123 0.000001 0.000000 0.000000 0.000002 0.000006 0.000010 0.000022 0.000044 0.000112 0.000234 0.000366 0.000695 0.001263 0.002069 0.003558 0.005420 0.008086 0.012028 0.016820 0.022246 0.029216 0.037368 0.045499 0.053459 0.060978 0.066985 0.071571 0.073304 0.073024 0.069187 0.064742 0.058215 0.050760 0.042351 0.034592 0.027356 0.020930 0.015467 0.010963 0.007581 0.005064 0.003322 0.002118 0.001228 0.000800 0.000458 0.000221 0.000126 0.000069 0.000039 0.000017 0.000005 0.000000 0.000001 0.000002 0.000000 0.000000 0.000000 0.000000 0.000000 
t: 0.015000000000 start: 68 end: 127 0.000001 0.000001 0.000012 0.000015 0.000032 0.000091 0.000143 0.000291 0.000502 0.000926 0.001631 0.002738 0.004294 0.006516 0.009568 0.013862 0.019040 0.025359 0.032298 0.040460 0.048481 0.056089 0.063174 0.068850 0.071873 0.072669 0.071249 0.067732 0.061902 0.055123 0.047290 0.039625 0.032110 0.024693 0.019036 0.013801 0.009913 0.006841 0.004452 0.002854 0.001862 0.001150 0.000653 0.000396 0.000195 0.000102 0.000057 0.000026 0.000013 0.000006 0.000002 0.000000 0.000001 0.000000 0.000000 0.000000 0.000000 0.000000 0.000000 0.000000 
t: 0.014634146341 start: 69 end: 130 0.000001 0.000001 0.000007 0.000012 0.000029 0.000061 0.000125 0.000211 0.000391 0.000709 0.001246 0.002131 0.003384 0.005208 0.007951 0.011386 0.016081 0.021622 0.028341 0.035802 0.043445 0.051608 0.058806 0.065203 0.069444 0.071938 0.072186 0.069615 0.065303 0.059056 0.051638 0.044219 0.036556 0.029154 0.022699 0.016934 0.012576 0.008678 0.005999 0.003996 0.002504 0.001542 0.000968 0.000529 0.000350 0.000181 0.000096 0.000032 0.000026 0.000015 0.000002 0.000001 0.000001 0.000001 0.000000 0.000000 0.000000 0.000000 0.000000 0.000000 0.000000 0.000000 
t: 0.014285714286 start: 72 end: 131 0.000004 0.000005 0.000035 0.000040 0.000079 0.000181 0.000284 0.000555 0.000994 0.001622 0.002631 0.004220 0.006540 0.009432 0.013691 0.018495 0.024681 0.031625 0.038865 0.046829 0.054784 0.061424 0.066945 0.070345 0.071606 0.070961 0.067561 0.062098 0.056022 0.048399 0.040981 0.033557 0.026376 0.020428 0.015035 0.010964 0.007745 0.005238 0.003405 0.002143 0.001340 0.000808 0.000465 0.000272 0.000131 0.000071 0.000048 0.000024 0.000007 0.000005 0.000000 0.000003 0.000001 0.000000 0.000000 0.000000 0.000000 0.000000 0.000000 0.000000 
t: 0.013953488372 start: 72 end: 133 0.000001 0.000001 0.000008 0.000008 0.000036 0.000068 0.000114 0.000249 0.000447 0.000779 0.001275 0.002192 0.003397 0.005267 0.007935 0.011518 0.015954 0.021248 0.027942 0.034774 0.042645 0.050644 0.057436 0.063972 0.067803 0.070989 0.071422 0.068998 0.065317 0.058742 0.052248 0.045087 0.037655 0.030594 0.023714 0.018106 0.013382 0.009499 0.006688 0.004455 0.002924 0.001852 0.001094 0.000667 0.000389 0.000214 0.000116 0.000065 0.000041 0.000016 0.000007 0.000003 0.000002 0.000001 0.000000 0.000000 0.000000 0.000000 0.000000 0.000000 0.000000 0.000000 
t: 0.013636363636 start: 74 end: 133 0.000001 0.000005 0.000009 0.000020 0.000049 0.000093 0.000182 0.000344 0.000629 0.001024 0.001684 0.002846 0.004368 0.006608 0.009703 0.013635 0.018510 0.024500 0.031305 0.038717 0.046428 0.053773 0.060430 0.065697 0.068891 0.070962 0.069775 0.066833 0.062018 0.055987 0.048880 0.041486 0.034487 0.027513 0.021260 0.015842 0.011609 0.008301 0.005752 0.003767 0.002381 0.001573 0.000894 0.000525 0.000315 0.000206 0.000085 0.000058 0.000017 0.000012 0.000008 0.000000 0.000003 0.000000 0.000000 0.000000 0.000000 0.000000 0.000000 0.000000 
t: 0.013333333333 start: 75 end: 134 0.000001 0.000003 0.000008 0.000019 0.000038 0.000078 0.000148 0.000258 0.000499 0.000791 0.001418 0.002358 0.003628 0.005489 0.008250 0.011795 0.016062 0.021593 0.027729 0.035085 0.042705 0.050230 0.056533 0.062600 0.067184 0.069610 0.070160 0.068491 0.064373 0.059238 0.052223 0.045409 0.038022 0.031023 0.024385 0.018615 0.013909 0.010090 0.006974 0.004871 0.003125 0.002006 0.001237 0.000747 0.000454 0.000233 0.000148 0.000066 0.000044 0.000031 0.000008 0.000006 0.000000 0.000000 0.000000 0.000000 0.000000 0.000000 0.000000 0.000000 
t: 0.013043478261 start: 76 end: 137 0.000002 0.000002 0.000001 0.000015 0.000028 0.000068 0.000109 0.000223 0.000375 0.000673 0.001147 0.001929 0.002936 0.004746 0.006987 0.010116 0.014019 0.018865 0.024889 0.031629 0.039160 0.046282 0.053703 0.059675 0.064391 0.068045 0.070049 0.069073 0.066303 0.061680 0.055726 0.049010 0.041271 0.034610 0.027506 0.021519 0.016104 0.012006 0.008524 0.005935 0.004029 0.002591 0.001684 0.000995 0.000603 0.000329 0.000198 0.000097 0.000072 0.000038 0.000024 0.000005 0.000002 0.000002 0.000000 0.000000 0.000000 0.000000 0.000000 0.000000 0.000000 0.000000 
t: 0.012765957447 start: 77 end: 139 0.000001 0.000001 0.000004 0.000006 0.000022 0.000052 0.000079 0.000204 0.000303 0.000556 0.000941 0.001531 0.002576 0.004053 0.005923 0.008704 0.012319 0.016757 0.022175 0.028603 0.035475 0.042998 0.050256 0.056604 0.062381 0.066504 0.068741 0.069171 0.067321 0.063869 0.058322 0.052051 0.044990 0.037663 0.030853 0.024385 0.018899 0.013819 0.010117 0.007206 0.004955 0.003233 0.002123 0.001351 0.000819 0.000497 0.000227 0.000181 0.000076 0.000057 0.000028 0.000006 0.000008 0.000003 0.000001 0.000000 0.000000 0.000000 0.000000 0.000000 0.000000 0.000000 0.000000 
t: 0.012500000000 start: 79 end: 141 0.000003 0.000002 0.000006 0.000018 0.000035 0.000070 0.000157 0.000256 0.000461 0.000800 0.001326 0.002187 0.003401 0.005120 0.007456 0.010749 0.014977 0.019860 0.025730 0.032537 0.039574 0.047267 0.053661 0.059825 0.064462 0.067426 0.069034 0.068178 0.065434 0.060628 0.054863 0.047654 0.040795 0.033959 0.027354 0.021281 0.016082 0.011803 0.008622 0.006079 0.004058 0.002568 0.001698 0.001108 0.000647 0.000335 0.000200 0.000120 0.000061 0.000037 0.000016 0.000010 0.000006 0.000003 0.000001 0.000000 0.000000 0.000000 0.000000 0.000000 0.000000 0.000000 0.000000 
t: 0.012244897959 start: 81 end: 142 0.000007 0.000005 0.000012 0.000018 0.000061 0.000112 0.000182 0.000395 0.000698 0.001148 0.001853 0.002869 0.004415 0.006529 0.009447 0.013150 0.017885 0.023421 0.029807 0.036755 0.043802 0.050923 0.057059 0.062194 0.066598 0.068425 0.067825 0.066229 0.062413 0.057429 0.050800 0.043789 0.036838 0.030212 0.023828 0.018224 0.013825 0.010042 0.007071 0.004966 0.003298 0.002157 0.001339 0.000825 0.000491 0.000292 0.000147 0.000089 0.000048 0.000026 0.000015 0.000008 0.000003 0.000001 0.000000 0.000000 0.000000 0.000000 0.000000 0.000000 0.000000 0.000000 
t: 0.012000000000 start: 83 end: 143 0.000005 0.000007 0.000025 0.000059 0.000080 0.000174 0.000294 0.000587 0.001006 0.001593 0.002508 0.003822 0.005771 0.008318 0.011824 0.016001 0.021260 0.027303 0.034207 0.040611 0.047877 0.054679 0.060164 0.064462 0.067386 0.068017 0.067141 0.064110 0.059183 0.053057 0.046647 0.039812 0.032695 0.026318 0.020671 0.015654 0.011755 0.008346 0.005831 0.003944 0.002593 0.001723 0.001021 0.000637 0.000340 0.000226 0.000125 0.000059 0.000031 0.000015 0.000017 0.000007 0.000002 0.000000 0.000000 0.000000 0.000000 0.000000 0.000000 0.000000 0.000000 
t: 0.011764705882 start: 84 end: 145 0.000001 0.000006 0.000028 0.000031 0.000089 0.000133 0.000287 0.000487 0.000850 0.001382 0.002164 0.003348 0.005058 0.007552 0.010552 0.014392 0.019474 0.024947 0.031409 0.038214 0.045364 0.051849 0.058179 0.062769 0.066246 0.067360 0.067406 0.065210 0.060821 0.055594 0.048883 0.042084 0.035623 0.028858 0.022921 0.017521 0.013275 0.009706 0.006847 0.004703 0.003112 0.002028 0.001306 0.000828 0.000497 0.000263 0.000151 0.000094 0.000041 0.000027 0.000016 0.000010 0.000003 0.000001 0.000000 0.000000 0.000000 0.000000 0.000000 0.000000 0.000000 0.000000 
t: 0.011538461538 start: 86 end: 147 0.000008 0.000014 0.000034 0.000070 0.000126 0.000237 0.000435 0.000724 0.001183 0.001885 0.002977 0.004359 0.006877 0.009466 0.013159 0.017714 0.023131 0.029204 0.035581 0.042814 0.049497 0.055698 0.060966 0.064998 0.066981 0.067574 0.065428 0.062112 0.057257 0.051385 0.044665 0.037869 0.031136 0.025156 0.019635 0.015050 0.011087 0.007876 0.005455 0.003684 0.002510 0.001532 0.001019 0.000592 0.000360 0.000218 0.000125 0.000069 0.000025 0.000023 0.000011 0.000005 0.000003 0.000001 0.000000 0.000000 0.000000 0.000000 0.000000 0.000000 0.000000 0.000000 
t: 0.011320754717 start: 87 end: 149 0.000008 0.000008 0.000026 0.000062 0.000114 0.000194 0.000371 0.000657 0.001019 0.001697 0.002590 0.004047 0.005919 0.008589 0.012082 0.016331 0.021283 0.027034 0.033308 0.040539 0.047139 0.053577 0.058821 0.063885 0.066332 0.067163 0.065568 0.063292 0.058862 0.053311 0.047129 0.039892 0.033774 0.027202 0.021759 0.016567 0.012351 0.009053 0.006323 0.004306 0.002952 0.001863 0.001164 0.000772 0.000463 0.000250 0.000157 0.000094 0.000047 0.000027 0.000018 0.000005 0.000002 0.000001 0.000001 0.000000 0.000000 0.000000 0.000000 0.000000 0.000000 0.000000 0.000000 
t: 0.011111111111 start: 87 end: 149 0.000002 0.000006 0.000007 0.000023 0.000043 0.000103 0.000163 0.000331 0.000560 0.000933 0.001491 0.002341 0.003657 0.005352 0.007814 0.010916 0.015033 0.019562 0.025127 0.031486 0.038066 0.045009 0.051712 0.057130 0.061856 0.065581 0.066427 0.066407 0.063762 0.060176 0.055243 0.048937 0.042438 0.035453 0.029601 0.023380 0.018293 0.013911 0.010084 0.007105 0.005162 0.003523 0.002159 0.001442 0.000881 0.000513 0.000358 0.000184 0.000116 0.000058 0.000045 0.000025 0.000010 0.000001 0.000000 0.000002 0.000000 0.000000 0.000000 0.000000 0.000000 0.000000 0.000000 
t: 0.010909090909 start: 87 end: 150 0.000001 0.000001 0.000001 0.000007 0.000020 0.000043 0.000070 0.000176 0.000291 0.000497 0.000786 0.001297 0.002195 0.003266 0.004952 0.007082 0.010011 0.013760 0.018099 0.023557 0.029684 0.035954 0.042925 0.049569 0.055343 0.060630 0.064192 0.065853 0.066359 0.064559 0.061069 0.056924 0.050698 0.044565 0.037916 0.031078 0.025261 0.019877 0.015311 0.011200 0.008152 0.005830 0.003920 0.002707 0.001706 0.000983 0.000650 0.000416 0.000252 0.000138 0.000075 0.000045 0.000029 0.000010 0.000005 0.000003 0.000000 0.000000 0.000000 0.000000 0.000000 0.000000 0.000000 0.000000 
t: 0.010714285714 start: 87 end: 150 0.000001 0.000000 0.000000 0.000001 0.000009 0.000017 0.000040 0.000074 0.000134 0.000246 0.000456 0.000726 0.001185 0.001937 0.003068 0.004346 0.006594 0.009255 0.012685 0.016917 0.021949 0.027911 0.034336 0.040710 0.047634 0.053890 0.058976 0.062773 0.065001 0.066385 0.065154 0.062159 0.057656 0.052323 0.046351 0.040374 0.032986 0.026900 0.021512 0.016476 0.012498 0.008964 0.006596 0.004544 0.003128 0.001960 0.001262 0.000755 0.000475 0.000281 0.000173 0.000103 0.000060 0.000027 0.000015 0.000008 0.000001 0.000003 0.000000 0.000000 0.000000 0.000000 0.000000 0.000000 
t: 0.010526315789 start: 90 end: 155 0.000001 0.000003 0.000006 0.000013 0.000044 0.000071 0.000116 0.000217 0.000361 0.000669 0.001072 0.001822 0.002668 0.004105 0.006072 0.008550 0.011919 0.015804 0.020528 0.026300 0.032724 0.039085 0.045595 0.052140 0.057861 0.061234 0.064362 0.065714 0.065413 0.062751 0.058868 0.053947 0.047920 0.041669 0.035229 0.028574 0.022859 0.018189 0.013646 0.009971 0.007342 0.005062 0.003431 0.002282 0.001481 0.000923 0.000578 0.000347 0.000191 0.000113 0.000076 0.000047 0.000016 0.000012 0.000004 0.000001 0.000001 0.000000 0.000000 0.000001 0.000000 0.000000 0.000000 0.000000 0.000000 0.000000 
t: 0.010344827586 start: 91 end: 156 0.000002 0.000002 0.000005 0.000016 0.000037 0.000066 0.000115 0.000193 0.000301 0.000609 0.000991 0.001650 0.002496 0.003747 0.005516 0.007981 0.011101 0.015069 0.019539 0.024891 0.031057 0.037569 0.044101 0.049924 0.056105 0.060454 0.063643 0.065259 0.064928 0.063547 0.059990 0.055096 0.049551 0.043429 0.036625 0.030419 0.024075 0.019338 0.014837 0.011149 0.008069 0.005671 0.003810 0.002641 0.001680 0.001050 0.000673 0.000429 0.000237 0.000122 0.000104 0.000045 0.000029 0.000008 0.000005 0.000002 0.000001 0.000000 0.000000 0.000001 0.000000 0.000000 0.000000 0.000000 0.000000 0.000000 
t: 0.010169491525 start: 91 end: 158 0.000001 0.000001 0.000001 0.000007 0.000019 0.000030 0.000058 0.000084 0.000173 0.000324 0.000538 0.000915 0.001496 0.002257 0.003484 0.005212 0.007542 0.010386 0.014283 0.018434 0.023595 0.029562 0.036066 0.042598 0.048923 0.054178 0.059337 0.062884 0.064722 0.064641 0.063781 0.060777 0.056478 0.050524 0.044795 0.038397 0.031975 0.025842 0.020471 0.015794 0.011936 0.008880 0.006201 0.004393 0.002954 0.001884 0.001242 0.000820 0.000445 0.000282 0.000181 0.000083 0.000054 0.000030 0.000019 0.000004 0.000003 0.000002 0.000000 0.000001 0.000001 0.000000 0.000000 0.000000 0.000000 0.000000 0.000000 0.000000 
t: 0.010000000000 start: 91 end: 158 0.000001 0.000000 0.000000 0.000001 0.000010 0.000013 0.000033 0.000049 0.000088 0.000158 0.000276 0.000520 0.000842 0.001398 0.002098 0.003310 0.004826 0.006990 0.009780 0.013675 0.017442 0.022612 0.028279 0.034597 0.040857 0.047293 0.053504 0.058158 0.062035 0.064059 0.064864 0.063839 0.061248 0.056935 0.051781 0.046245 0.040074 0.033227 0.027244 0.021708 0.016888 0.012889 0.009346 0.007004 0.004735 0.003243 0.002203 0.001458 0.000871 0.000540 0.000310 0.000188 0.000121 0.000062 0.000036 0.000020 0.000008 0.000002 0.000003 0.000002 0.000001 0.000001 0.000000 0.000000 0.000000 0.000000 0.000000 0.000000 
t: 0.008448275866 start: 105 end: 171 0.000005 0.000007 0.000009 0.000014 0.000040 0.000060 0.000102 0.000214 0.000351 0.000596 0.000909 0.001412 0.002251 0.003396 0.004807 0.006910 0.009404 0.012818 0.016299 0.021373 0.026506 0.032471 0.038324 0.044150 0.050005 0.054294 0.058310 0.061255 0.062125 0.062120 0.060291 0.057045 0.052948 0.048254 0.042357 0.035937 0.030627 0.025254 0.020226 0.015723 0.011872 0.008877 0.006477 0.004489 0.003180 0.002114 0.001390 0.000940 0.000594 0.000349 0.000216 0.000143 0.000075 0.000042 0.000017 0.000012 0.000008 0.000003 0.000003 0.000000 0.000000 0.000000 0.000000 0.000000 0.000000 0.000000 0.000000 
t: 0.007313432839 start: 113 end: 181 0.000001 0.000000 0.000000 0.000009 0.000008 0.000013 0.000029 0.000055 0.000104 0.000173 0.000284 0.000479 0.000810 0.001172 0.001800 0.002774 0.003988 0.005721 0.007730 0.010566 0.014038 0.018092 0.022708 0.027470 0.033314 0.038771 0.044500 0.049411 0.054116 0.057138 0.059788 0.060819 0.060529 0.058738 0.055320 0.051708 0.046555 0.041415 0.035749 0.030031 0.024984 0.019944 0.015907 0.012401 0.009196 0.006695 0.004907 0.003430 0.002314 0.001546 0.001027 0.000680 0.000434 0.000260 0.000136 0.000085 0.000056 0.000035 0.000018 0.000012 0.000004 0.000002 0.000001 0.000000 0.000000 0.000000 0.000000 0.000000 0.000000 
t: 0.006447368423 start: 123 end: 193 0.000005 0.000001 0.000004 0.000015 0.000015 0.000023 0.000046 0.000090 0.000149 0.000292 0.000434 0.000696 0.001121 0.001587 0.002460 0.003587 0.005058 0.006953 0.009549 0.012669 0.016176 0.020222 0.025080 0.030132 0.035730 0.041048 0.046169 0.050584 0.054475 0.057829 0.059149 0.059920 0.058689 0.056360 0.053179 0.049609 0.043994 0.038337 0.033647 0.027928 0.023297 0.018397 0.014754 0.011565 0.008481 0.006364 0.004636 0.003184 0.002146 0.001559 0.000983 0.000595 0.000400 0.000266 0.000148 0.000103 0.000058 0.000021 0.000020 0.000008 0.000001 0.000001 0.000002 0.000000 0.000000 0.000000 0.000000 0.000000 0.000000 0.000000 0.000000 
t: 0.005764705884 start: 130 end: 201 0.000001 0.000002 0.000004 0.000005 0.000007 0.000014 0.000031 0.000055 0.000079 0.000155 0.000244 0.000407 0.000668 0.000940 0.001497 0.002143 0.003221 0.004590 0.006341 0.008703 0.011369 0.014596 0.018445 0.023124 0.027813 0.033201 0.038218 0.043368 0.048072 0.052321 0.055633 0.057593 0.058738 0.058922 0.057297 0.054425 0.050338 0.046561 0.041287 0.035900 0.030513 0.025761 0.021408 0.016949 0.013319 0.009932 0.007653 0.005594 0.004131 0.002786 0.001954 0.001338 0.000885 0.000535 0.000388 0.000228 0.000135 0.000081 0.000039 0.000021 0.000012 0.000005 0.000003 0.000000 0.000002 0.000000 0.000000 0.000000 0.000000 0.000000 0.000000 0.000000 
t: 0.005212765959 start: 137 end: 210 0.000001 0.000002 0.000001 0.000002 0.000006 0.000016 0.000022 0.000044 0.000075 0.000127 0.000244 0.000325 0.000527 0.000819 0.001285 0.001885 0.002687 0.004020 0.005404 0.007574 0.009967 0.012705 0.016484 0.020651 0.025220 0.030237 0.035118 0.040280 0.045118 0.049845 0.053367 0.056319 0.058017 0.058319 0.057610 0.055101 0.052645 0.048673 0.043933 0.038977 0.033922 0.028920 0.023900 0.019643 0.015547 0.011999 0.009375 0.006892 0.005027 0.003577 0.002561 0.001781 0.001174 0.000762 0.000497 0.000310 0.000193 0.000117 0.000077 0.000039 0.000017 0.000007 0.000006 0.000002 0.000002 0.000000 0.000000 0.000000 0.000000 0.000000 0.000000 0.000001 0.000000 0.000000 
t: 0.004757281555 start: 144 end: 217 0.000001 0.000003 0.000001 0.000005 0.000011 0.000015 0.000036 0.000061 0.000094 0.000145 0.000267 0.000378 0.000630 0.000985 0.001448 0.002189 0.003004 0.004234 0.005834 0.008053 0.010583 0.013762 0.017482 0.021469 0.026202 0.030829 0.036307 0.041508 0.046042 0.050059 0.053694 0.056640 0.057477 0.057811 0.057085 0.055026 0.051478 0.047579 0.042853 0.037895 0.033198 0.027880 0.023146 0.018872 0.015016 0.011758 0.008755 0.006816 0.004811 0.003363 0.002516 0.001656 0.001103 0.000746 0.000476 0.000282 0.000181 0.000112 0.000064 0.000034 0.000022 0.000008 0.000003 0.000005 0.000001 0.000000 0.000000 0.000000 0.000001 0.000000 0.000000 0.000000 0.000000 0.000000 
t: 0.004375000001 start: 151 end: 222 0.000001 0.000003 0.000002 0.000010 0.000015 0.000029 0.000053 0.000091 0.000145 0.000248 0.000422 0.000612 0.000978 0.001390 0.002007 0.002897 0.004222 0.005677 0.007848 0.010311 0.013298 0.016916 0.020726 0.025446 0.030322 0.035377 0.040750 0.045108 0.049384 0.052988 0.055729 0.057578 0.057573 0.057046 0.054767 0.052028 0.048377 0.043956 0.038734 0.033832 0.028557 0.024081 0.019626 0.015569 0.012276 0.009267 0.007102 0.005162 0.003645 0.002638 0.001768 0.001303 0.000774 0.000514 0.000328 0.000221 0.000124 0.000067 0.000033 0.000020 0.000017 0.000008 0.000002 0.000000 0.000000 0.000002 0.000000 0.000000 0.000000 0.000000 0.000000 0.000000 
t: 0.004049586778 start: 156 end: 229 0.000001 0.000001 0.000002 0.000005 0.000013 0.000024 0.000054 0.000065 0.000114 0.000188 0.000292 0.000504 0.000733 0.001125 0.001682 0.002339 0.003487 0.004880 0.006520 0.008711 0.011580 0.014744 0.018604 0.022677 0.027466 0.032358 0.037573 0.042430 0.046777 0.051200 0.054173 0.056371 0.057568 0.057441 0.056368 0.053712 0.050628 0.046517 0.041962 0.036708 0.031656 0.026764 0.022162 0.017922 0.014160 0.010899 0.008281 0.006188 0.004550 0.003171 0.002268 0.001530 0.001106 0.000650 0.000409 0.000288 0.000166 0.000097 0.000068 0.000025 0.000018 0.000008 0.000009 0.000001 0.000006 0.000000 0.000000 0.000001 0.000000 0.000000 0.000000 0.000000 0.000000 0.000000 
t: 0.003769230770 start: 160 end: 233 0.000001 0.000000 0.000002 0.000002 0.000001 0.000013 0.000033 0.000042 0.000065 0.000106 0.000180 0.000315 0.000472 0.000705 0.001073 0.001694 0.002297 0.003425 0.004531 0.006373 0.008640 0.011237 0.014604 0.018227 0.022294 0.026986 0.031648 0.037121 0.041924 0.046706 0.050097 0.054354 0.056261 0.057217 0.057685 0.056408 0.054181 0.050884 0.047242 0.042126 0.037200 0.032457 0.026967 0.022540 0.018233 0.014580 0.011224 0.008523 0.006268 0.004669 0.003260 0.002325 0.001639 0.001113 0.000699 0.000430 0.000270 0.000180 0.000098 0.000074 0.000034 0.000018 0.000013 0.000007 0.000002 0.000004 0.000001 0.000000 0.000000 0.000000 0.000000 0.000000 0.000000 0.000000 
t: 0.003525179857 start: 164 end: 235 0.000001 0.000000 0.000000 0.000000 0.000001 0.000005 0.000023 0.000023 0.000051 0.000094 0.000144 0.000222 0.000345 0.000574 0.000844 0.001283 0.001857 0.002683 0.003814 0.005223 0.006963 0.009307 0.012187 0.015526 0.019450 0.023725 0.028904 0.033594 0.038487 0.043495 0.048334 0.051615 0.054730 0.057033 0.057652 0.057039 0.055887 0.053537 0.049729 0.045307 0.040679 0.035619 0.030801 0.025533 0.020875 0.016959 0.013155 0.010362 0.007637 0.005695 0.004202 0.002910 0.002020 0.001432 0.000911 0.000594 0.000356 0.000225 0.000153 0.000087 0.000036 0.000037 0.000017 0.000008 0.000004 0.000004 0.000000 0.000001 0.000000 0.000000 0.000000 0.000000 
t: 0.003310810811 start: 168 end: 240 0.000001 0.000000 0.000000 0.000001 0.000001 0.000011 0.000013 0.000014 0.000040 0.000062 0.000152 0.000208 0.000321 0.000447 0.000736 0.001127 0.001692 0.002376 0.003366 0.004848 0.006402 0.008568 0.011372 0.014427 0.018142 0.022659 0.027152 0.032221 0.036823 0.042075 0.047008 0.051091 0.053874 0.056353 0.057686 0.057321 0.056408 0.054228 0.051190 0.047054 0.042485 0.037079 0.032019 0.027067 0.021993 0.017871 0.014375 0.010928 0.008351 0.006294 0.004416 0.003149 0.002313 0.001515 0.000975 0.000639 0.000423 0.000272 0.000156 0.000092 0.000046 0.000023 0.000030 0.000008 0.000008 0.000002 0.000000 0.000001 0.000000 0.000000 0.000000 0.000000 0.000000 
t: 0.003121019109 start: 174 end: 245 0.000001 0.000006 0.000001 0.000005 0.000019 0.000020 0.000034 0.000079 0.000114 0.000195 0.000316 0.000511 0.000743 0.001138 0.001583 0.002470 0.003442 0.004880 0.006451 0.008582 0.011374 0.014620 0.018265 0.022884 0.027297 0.032396 0.037282 0.042414 0.046815 0.051067 0.054387 0.056676 0.057816 0.057658 0.056640 0.054164 0.051117 0.046652 0.042232 0.036531 0.032104 0.026781 0.021910 0.017597 0.014073 0.010913 0.008211 0.005976 0.004373 0.003078 0.002175 0.001423 0.000963 0.000591 0.000377 0.000236 0.000151 0.000090 0.000047 0.000024 0.000017 0.000007 0.000004 0.000002 0.000000 0.000000 0.000000 0.000000 0.000000 0.000000 0.000000 0.000000 
t: 0.002951807229 start: 177 end: 249 0.000001 0.000001 0.000003 0.000004 0.000007 0.000014 0.000026 0.000048 0.000090 0.000132 0.000204 0.000365 0.000555 0.000840 0.001204 0.001942 0.002671 0.003811 0.005261 0.007165 0.009437 0.012335 0.015903 0.019440 0.024314 0.029060 0.034032 0.038912 0.044168 0.048896 0.052203 0.055138 0.057396 0.057909 0.057887 0.056261 0.053350 0.049918 0.045230 0.040479 0.034925 0.030028 0.025094 0.020631 0.016089 0.012648 0.009774 0.007389 0.005258 0.003855 0.002672 0.001842 0.001201 0.000754 0.000479 0.000322 0.000181 0.000120 0.000056 0.000026 0.000022 0.000013 0.000006 0.000002 0.000000 0.000001 0.000000 0.000000 0.000000 0.000000 0.000000 0.000000 0.000000 
t: 0.002800000000 start: 179 end: 252 0.000001 0.000000 0.000002 0.000002 0.000002 0.000004 0.000015 0.000022 0.000034 0.000053 0.000109 0.000169 0.000299 0.000465 0.000707 0.001078 0.001626 0.002264 0.003239 0.004498 0.006244 0.008404 0.010980 0.014389 0.018088 0.022308 0.026919 0.031815 0.037126 0.042732 0.046305 0.051088 0.054440 0.056828 0.058228 0.058437 0.057115 0.055343 0.051624 0.047083 0.042284 0.037196 0.031916 0.026955 0.022251 0.017567 0.013903 0.010688 0.008124 0.005917 0.004358 0.003091 0.002039 0.001364 0.000831 0.000566 0.000357 0.000211 0.000146 0.000061 0.000039 0.000024 0.000019 0.000002 0.000004 0.000001 0.000000 0.000001 0.000000 0.000000 0.000000 0.000000 0.000000 0.000000 
t: 0.002663043479 start: 183 end: 255 0.000001 0.000003 0.000000 0.000002 0.000007 0.000010 0.000020 0.000033 0.000050 0.000082 0.000131 0.000259 0.000437 0.000632 0.001046 0.001407 0.002154 0.003016 0.004198 0.005824 0.008008 0.010383 0.013721 0.017292 0.021452 0.026189 0.031125 0.036485 0.041467 0.046093 0.050587 0.053697 0.056951 0.058167 0.059012 0.057498 0.055679 0.052498 0.048223 0.043573 0.037993 0.032939 0.027610 0.022356 0.018297 0.014544 0.010922 0.008425 0.006125 0.004479 0.003060 0.002082 0.001364 0.000937 0.000583 0.000382 0.000222 0.000097 0.000083 0.000042 0.000025 0.000013 0.000003 0.000003 0.000001 0.000001 0.000000 0.000000 0.000000 0.000000 0.000000 0.000000 0.000000 
t: 0.002538860104 start: 184 end: 256 0.000001 0.000000 0.000001 0.000001 0.000000 0.000005 0.000003 0.000012 0.000017 0.000024 0.000047 0.000091 0.000168 0.000257 0.000384 0.000630 0.000965 0.001501 0.002118 0.003020 0.004281 0.005848 0.007838 0.010569 0.013634 0.017302 0.021846 0.026435 0.031411 0.036539 0.041569 0.046429 0.051218 0.054449 0.057428 0.058569 0.058772 0.057601 0.055851 0.052648 0.047995 0.043272 0.037678 0.032715 0.027104 0.022363 0.017713 0.014215 0.010750 0.008117 0.005905 0.004123 0.003058 0.001981 0.001335 0.000928 0.000498 0.000297 0.000219 0.000127 0.000053 0.000032 0.000021 0.000010 0.000006 0.000002 0.000001 0.000000 0.000000 0.000000 0.000000 0.000000 0.000000 
t: 0.002425742574 start: 187 end: 258 0.000001 0.000000 0.000001 0.000000 0.000001 0.000006 0.000003 0.000010 0.000022 0.000033 0.000056 0.000090 0.000172 0.000251 0.000455 0.000700 0.001059 0.001598 0.002223 0.003228 0.004453 0.006208 0.008572 0.011110 0.014394 0.018070 0.022695 0.027619 0.032488 0.037742 0.043051 0.047762 0.052509 0.055421 0.057794 0.059205 0.059258 0.057632 0.055174 0.051509 0.047221 0.041924 0.036833 0.030890 0.025841 0.021090 0.016931 0.013054 0.009945 0.007198 0.005442 0.003681 0.002609 0.001763 0.001203 0.000715 0.000466 0.000282 0.000138 0.000087 0.000056 0.000028 0.000013 0.000008 0.000004 0.000003 0.000000 0.000000 0.000000 0.000000 0.000000 0.000000 
t: 0.002322274882 start: 190 end: 259 0.000001 0.000000 0.000000 0.000004 0.000000 0.000003 0.000005 0.000016 0.000025 0.000042 0.000059 0.000113 0.000182 0.000329 0.000506 0.000793 0.001200 0.001805 0.002610 0.003683 0.004961 0.007011 0.009350 0.012284 0.015691 0.020112 0.024372 0.029394 0.034901 0.039921 0.045367 0.050329 0.053960 0.056702 0.058842 0.059807 0.058899 0.057008 0.054425 0.049978 0.045022 0.039606 0.033981 0.028823 0.023912 0.019232 0.015100 0.011394 0.008606 0.006326 0.004380 0.003063 0.002171 0.001386 0.000933 0.000596 0.000343 0.000178 0.000118 0.000061 0.000041 0.000022 0.000010 0.000002 0.000004 0.000000 0.000000 0.000000 0.000000 0.000000 
t: 0.002227272727 start: 195 end: 264 0.000001 0.000001 0.000002 0.000002 0.000013 0.000019 0.000035 0.000048 0.000094 0.000144 0.000241 0.000396 0.000636 0.000998 0.001493 0.002074 0.003086 0.004407 0.005852 0.008146 0.010898 0.014083 0.018080 0.022339 0.027254 0.032387 0.037810 0.043171 0.048057 0.052416 0.055938 0.058957 0.060069 0.059481 0.058968 0.055668 0.051911 0.047408 0.042131 0.036362 0.031046 0.026270 0.020903 0.016299 0.012796 0.009509 0.007016 0.004894 0.003574 0.002389 0.001668 0.001045 0.000609 0.000415 0.000195 0.000135 0.000068 0.000040 0.000028 0.000016 0.000007 0.000000 0.000002 0.000000 0.000000 0.000000 0.000000 0.000000 0.000000 0.000000 
t: 0.002139737991 start: 198 end: 266 0.000001 0.000002 0.000004 0.000004 0.000016 0.000031 0.000040 0.000070 0.000131 0.000201 0.000302 0.000574 0.000820 0.001248 0.001880 0.002664 0.003863 0.005462 0.007319 0.010029 0.013178 0.016437 0.020678 0.025733 0.030754 0.036461 0.042039 0.046892 0.051436 0.055136 0.058667 0.059842 0.060586 0.059521 0.057214 0.053117 0.048662 0.043714 0.038257 0.032778 0.027311 0.021822 0.017637 0.013512 0.010161 0.007397 0.005452 0.003763 0.002633 0.001791 0.001095 0.000709 0.000388 0.000248 0.000140 0.000088 0.000045 0.000025 0.000011 0.000007 0.000002 0.000000 0.000000 0.000000 0.000000 0.000000 0.000000 0.000000 0.000000 
t: 0.002058823530 start: 201 end: 269 0.000004 0.000001 0.000005 0.000014 0.000020 0.000042 0.000077 0.000112 0.000162 0.000284 0.000450 0.000731 0.001193 0.001733 0.002547 0.003507 0.004976 0.007074 0.009235 0.012540 0.015922 0.019984 0.024841 0.029818 0.035761 0.041058 0.046307 0.050699 0.055068 0.058200 0.060715 0.060927 0.059898 0.057988 0.053814 0.049588 0.044969 0.039035 0.033630 0.027786 0.022593 0.018076 0.013930 0.010258 0.007596 0.005648 0.004037 0.002634 0.001721 0.001113 0.000687 0.000426 0.000260 0.000132 0.000099 0.000029 0.000028 0.000013 0.000003 0.000001 0.000001 0.000000 0.000000 0.000000 0.000000 0.000000 0.000000 0.000000 0.000000 
t: 0.001983805668 start: 202 end: 270 0.000002 0.000000 0.000002 0.000003 0.000007 0.000018 0.000032 0.000075 0.000111 0.000153 0.000249 0.000423 0.000717 0.001062 0.001675 0.002455 0.003411 0.004938 0.006733 0.009243 0.012168 0.015615 0.019913 0.024716 0.029797 0.035288 0.041150 0.045924 0.050955 0.055038 0.058726 0.060818 0.061366 0.060087 0.058267 0.054796 0.050185 0.044732 0.039346 0.033360 0.028086 0.022626 0.017894 0.013727 0.010316 0.007602 0.005421 0.003875 0.002631 0.001590 0.001110 0.000671 0.000388 0.000218 0.000137 0.000066 0.000046 0.000025 0.000007 0.000006 0.000001 0.000001 0.000000 0.000000 0.000000 0.000000 0.000000 0.000000 0.000000 
t: 0.001914062500 start: 203 end: 272 0.000001 0.000002 0.000001 0.000002 0.000003 0.000007 0.000009 0.000030 0.000061 0.000098 0.000177 0.000256 0.000441 0.000720 0.001014 0.001702 0.002398 0.003467 0.005030 0.006715 0.009340 0.012206 0.015977 0.020217 0.024846 0.029984 0.036221 0.041163 0.046292 0.051720 0.055857 0.059394 0.061048 0.061370 0.060695 0.058291 0.054868 0.049912 0.044327 0.038907 0.033027 0.027411 0.022081 0.017262 0.013221 0.009939 0.007336 0.005088 0.003607 0.002323 0.001561 0.000959 0.000595 0.000388 0.000190 0.000117 0.000068 0.000031 0.000014 0.000007 0.000005 0.000001 0.000000 0.000000 0.000000 0.000000 0.000000 0.000000 0.000000 0.000000 
t: 0.001849056604 start: 206 end: 274 0.000001 0.000001 0.000003 0.000007 0.000009 0.000015 0.000037 0.000056 0.000097 0.000175 0.000288 0.000421 0.000753 0.001137 0.001717 0.002532 0.003620 0.005211 0.007042 0.009677 0.012655 0.016350 0.021096 0.025637 0.031046 0.036837 0.042312 0.047672 0.052906 0.056868 0.059793 0.061646 0.062061 0.060484 0.058064 0.054207 0.048787 0.043745 0.037674 0.032063 0.026349 0.021151 0.016259 0.012279 0.009308 0.006608 0.004681 0.003198 0.002115 0.001321 0.000860 0.000526 0.000295 0.000166 0.000084 0.000052 0.000025 0.000012 0.000005 0.000003 0.000000 0.000000 0.000001 0.000000 0.000000 0.000000 0.000000 0.000000 0.000000 
t: 0.001788321168 start: 208 end: 275 0.000001 0.000002 0.000005 0.000005 0.000008 0.000022 0.000028 0.000078 0.000106 0.000181 0.000302 0.000486 0.000804 0.001213 0.001905 0.002697 0.003814 0.005620 0.007574 0.010192 0.013674 0.017435 0.022010 0.027002 0.032783 0.037997 0.044073 0.049601 0.054098 0.058020 0.061167 0.062006 0.062165 0.060666 0.057149 0.053076 0.047688 0.042107 0.036267 0.030291 0.024510 0.019506 0.014794 0.011337 0.008279 0.005937 0.004046 0.002763 0.001798 0.001112 0.000706 0.000404 0.000225 0.000134 0.000061 0.000036 0.000019 0.000013 0.000001 0.000000 0.000001 0.000000 0.000000 0.000000 0.000000 0.000000 0.000000 0.000000 
t: 0.001731448763 start: 211 end: 276 0.000004 0.000006 0.000009 0.000008 0.000013 0.000052 0.000070 0.000121 0.000218 0.000359 0.000535 0.000899 0.001356 0.002156 0.002972 0.004310 0.006146 0.008511 0.011144 0.014707 0.018824 0.023766 0.028971 0.034353 0.040440 0.046200 0.051555 0.055996 0.059689 0.061697 0.062828 0.062399 0.059450 0.056329 0.051762 0.045565 0.039786 0.034124 0.028216 0.022514 0.017434 0.013276 0.009856 0.007205 0.004997 0.003440 0.002224 0.001469 0.000855 0.000521 0.000306 0.000182 0.000085 0.000041 0.000024 0.000016 0.000008 0.000000 0.000000 0.000001 0.000000 0.000000 0.000000 0.000000 0.000000 0.000000 
t: 0.001678082192 start: 212 end: 278 0.000004 0.000001 0.000007 0.000007 0.000013 0.000032 0.000059 0.000070 0.000144 0.000241 0.000426 0.000658 0.001069 0.001603 0.002395 0.003484 0.005007 0.006784 0.009514 0.012544 0.016298 0.020794 0.025662 0.031420 0.037244 0.043201 0.048584 0.053968 0.058098 0.061412 0.062796 0.062557 0.061734 0.058627 0.054637 0.049497 0.043389 0.037224 0.031162 0.025293 0.019894 0.015337 0.011571 0.008269 0.006035 0.004147 0.002729 0.001798 0.001076 0.000675 0.000381 0.000215 0.000108 0.000043 0.000029 0.000021 0.000010 0.000001 0.000000 0.000002 0.000000 0.000000 0.000000 0.000000 0.000000 0.000000 0.000000 
t: 0.001627906977 start: 213 end: 280 0.000002 0.000002 0.000003 0.000006 0.000009 0.000020 0.000036 0.000064 0.000096 0.000204 0.000270 0.000521 0.000805 0.001245 0.001898 0.002893 0.004106 0.005754 0.008040 0.010681 0.014548 0.018376 0.023097 0.028506 0.034215 0.040309 0.045908 0.051747 0.056498 0.060255 0.062837 0.063294 0.062982 0.060643 0.056898 0.052278 0.046363 0.040289 0.034049 0.027782 0.022237 0.017587 0.012922 0.009581 0.006955 0.004802 0.003185 0.002107 0.001302 0.000788 0.000460 0.000262 0.000134 0.000070 0.000039 0.000025 0.000008 0.000001 0.000004 0.000002 0.000000 0.000000 0.000000 0.000000 0.000000 0.000000 0.000000 0.000000 
t: 0.001580645161 start: 215 end: 281 0.000001 0.000001 0.000006 0.000008 0.000015 0.000014 0.000052 0.000086 0.000139 0.000211 0.000399 0.000643 0.001008 0.001571 0.002352 0.003409 0.004863 0.006984 0.009360 0.012738 0.016335 0.021242 0.026000 0.031802 0.037897 0.043920 0.049315 0.054665 0.059443 0.061996 0.063998 0.063500 0.062056 0.059357 0.054355 0.048998 0.042607 0.036530 0.030454 0.024407 0.019061 0.014596 0.010791 0.007730 0.005505 0.003580 0.002369 0.001494 0.000965 0.000548 0.000284 0.000160 0.000092 0.000044 0.000024 0.000011 0.000004 0.000004 0.000000 0.000000 0.000001 0.000000 0.000000 0.000000 0.000000 0.000000 0.000000 
t: 0.001536050157 start: 217 end: 282 0.000001 0.000003 0.000008 0.000010 0.000023 0.000030 0.000055 0.000121 0.000184 0.000321 0.000504 0.000813 0.001286 0.001978 0.002886 0.004346 0.005999 0.008375 0.011367 0.014874 0.019021 0.024090 0.029987 0.036030 0.041511 0.047416 0.053475 0.057920 0.061865 0.063558 0.064225 0.063421 0.060722 0.056438 0.051073 0.044869 0.038677 0.032415 0.026436 0.020588 0.015875 0.011908 0.008526 0.006022 0.004035 0.002601 0.001692 0.001031 0.000654 0.000350 0.000183 0.000101 0.000050 0.000021 0.000020 0.000008 0.000000 0.000001 0.000000 0.000000 0.000001 0.000000 0.000000 0.000000 0.000000 0.000000 
t: 0.001493902439 start: 218 end: 283 0.000001 0.000005 0.000006 0.000006 0.000017 0.000032 0.000047 0.000083 0.000141 0.000262 0.000452 0.000628 0.001113 0.001707 0.002629 0.003704 0.005245 0.007653 0.010190 0.013438 0.017790 0.022373 0.028186 0.034099 0.039928 0.045899 0.051995 0.057058 0.061061 0.063752 0.064448 0.064405 0.062093 0.057947 0.053056 0.047069 0.040517 0.033976 0.028017 0.021938 0.016994 0.012675 0.009186 0.006444 0.004396 0.002877 0.001847 0.001151 0.000664 0.000381 0.000207 0.000107 0.000052 0.000027 0.000018 0.000004 0.000003 0.000000 0.000000 0.000001 0.000000 0.000000 0.000000 0.000000 0.000000 0.000000 
t: 0.001454005935 start: 218 end: 282 0.000001 0.000000 0.000000 0.000004 0.000006 0.000018 0.000024 0.000033 0.000078 0.000121 0.000213 0.000360 0.000563 0.000946 0.001487 0.002348 0.003353 0.004760 0.006815 0.009446 0.012487 0.016543 0.021206 0.026381 0.032605 0.038465 0.044920 0.050854 0.056400 0.060354 0.063692 0.065301 0.064611 0.063006 0.059219 0.054479 0.048747 0.042256 0.035502 0.029203 0.023091 0.017770 0.013271 0.009764 0.006879 0.004592 0.003060 0.002007 0.001228 0.000685 0.000394 0.000212 0.000131 0.000054 0.000027 0.000016 0.000009 0.000002 0.000000 0.000001 0.000000 0.000000 0.000000 0.000000 0.000000 
t: 0.001416184971 start: 221 end: 285 0.000001 0.000003 0.000005 0.000009 0.000022 0.000038 0.000064 0.000098 0.000213 0.000282 0.000520 0.000818 0.001343 0.002065 0.003043 0.004347 0.006332 0.008671 0.011804 0.015582 0.019923 0.025640 0.031263 0.037666 0.043499 0.050108 0.055663 0.059955 0.063702 0.065815 0.065181 0.063544 0.060504 0.055748 0.050119 0.043432 0.036453 0.030080 0.023968 0.018374 0.013909 0.010108 0.007198 0.004823 0.003259 0.001981 0.001224 0.000728 0.000411 0.000215 0.000128 0.000063 0.000032 0.000012 0.000008 0.000003 0.000000 0.000001 0.000000 0.000000 0.000000 0.000000 0.000000 0.000000 0.000000 
t: 0.001380281690 start: 222 end: 287 0.000002 0.000002 0.000004 0.000011 0.000012 0.000027 0.000054 0.000101 0.000152 0.000307 0.000436 0.000743 0.001148 0.001872 0.002902 0.004070 0.005925 0.008151 0.011155 0.014888 0.019625 0.024519 0.030294 0.036649 0.043259 0.048993 0.055126 0.059821 0.063736 0.065976 0.065654 0.064556 0.061163 0.056962 0.051044 0.044290 0.037270 0.030579 0.024388 0.019155 0.014155 0.010387 0.007315 0.004992 0.003228 0.002109 0.001215 0.000722 0.000400 0.000209 0.000127 0.000074 0.000025 0.000011 0.000006 0.000001 0.000002 0.000000 0.000001 0.000000 0.000000 0.000000 0.000000 0.000000 0.000000 0.000000 
t: 0.001346153846 start: 224 end: 288 0.000001 0.000004 0.000011 0.000018 0.000025 0.000053 0.000082 0.000160 0.000246 0.000450 0.000694 0.001086 0.001721 0.002609 0.003907 0.005565 0.007908 0.010803 0.014357 0.018792 0.024133 0.029724 0.036022 0.042715 0.048538 0.054854 0.060004 0.063964 0.065916 0.066505 0.065056 0.062041 0.057345 0.051730 0.045000 0.037677 0.031016 0.024816 0.019238 0.014426 0.010433 0.007281 0.005019 0.003266 0.002035 0.001205 0.000714 0.000389 0.000208 0.000133 0.000058 0.000029 0.000009 0.000004 0.000003 0.000001 0.000001 0.000000 0.000000 0.000000 0.000000 0.000000 0.000000 0.000000 0.000000 
t: 0.001313672922 start: 224 end: 287 0.000001 0.000000 0.000004 0.000007 0.000018 0.000025 0.000045 0.000080 0.000144 0.000257 0.000409 0.000653 0.000964 0.001577 0.002533 0.003854 0.005324 0.007634 0.010576 0.014098 0.018433 0.023406 0.029748 0.035506 0.042141 0.048815 0.055057 0.059945 0.064373 0.066462 0.066975 0.065040 0.062806 0.057619 0.052207 0.045419 0.037864 0.031118 0.024861 0.019363 0.014328 0.010361 0.007275 0.004852 0.003191 0.001965 0.001209 0.000680 0.000360 0.000209 0.000102 0.000070 0.000021 0.000006 0.000005 0.000003 0.000002 0.000000 0.000000 0.000000 0.000000 0.000000 0.000000 0.000000 
t: 0.001282722513 start: 227 end: 289 0.000006 0.000006 0.000017 0.000029 0.000041 0.000075 0.000130 0.000251 0.000372 0.000598 0.000965 0.001576 0.002470 0.003613 0.005405 0.007402 0.010394 0.013885 0.018333 0.023747 0.028964 0.035710 0.042402 0.049044 0.055097 0.060217 0.064464 0.066949 0.067221 0.065778 0.062527 0.058439 0.052454 0.045113 0.037937 0.031110 0.024946 0.018726 0.014247 0.010135 0.006987 0.004804 0.003078 0.001870 0.001119 0.000614 0.000367 0.000190 0.000102 0.000045 0.000014 0.000006 0.000004 0.000004 0.000000 0.000001 0.000000 0.000000 0.000000 0.000000 0.000000 0.000000 0.000000 
t: 0.001253196931 start: 227 end: 290 0.000001 0.000006 0.000007 0.000011 0.000026 0.000039 0.000064 0.000155 0.000236 0.000359 0.000624 0.000912 0.001517 0.002437 0.003649 0.005215 0.007514 0.010390 0.013800 0.018281 0.023662 0.029413 0.035807 0.042828 0.049098 0.055856 0.060854 0.064933 0.067096 0.067843 0.066065 0.062886 0.058307 0.052068 0.045131 0.037549 0.030916 0.024345 0.018438 0.013661 0.009745 0.006841 0.004456 0.002912 0.001797 0.001028 0.000583 0.000319 0.000172 0.000088 0.000038 0.000008 0.000008 0.000002 0.000003 0.000000 0.000001 0.000000 0.000000 0.000000 0.000000 0.000000 0.000000 0.000000 
t: 0.001225000000 start: 229 end: 292 0.000005 0.000006 0.000010 0.000020 0.000044 0.000074 0.000151 0.000217 0.000383 0.000572 0.000950 0.001526 0.002399 0.003702 0.005347 0.007565 0.010243 0.014068 0.018727 0.023596 0.029823 0.036133 0.043572 0.050042 0.056130 0.061681 0.065347 0.067863 0.067783 0.066296 0.063260 0.058350 0.051493 0.044503 0.036915 0.030373 0.023690 0.017770 0.013043 0.009372 0.006438 0.004181 0.002674 0.001638 0.000941 0.000528 0.000300 0.000141 0.000068 0.000025 0.000012 0.000003 0.000004 0.000001 0.000001 0.000001 0.000000 0.000000 0.000000 0.000000 0.000000 0.000000 0.000000 0.000000 
t: 0.001198044010 start: 229 end: 292 0.000001 0.000002 0.000008 0.000008 0.000023 0.000038 0.000075 0.000132 0.000261 0.000361 0.000572 0.000960 0.001609 0.002385 0.003737 0.005524 0.007553 0.010637 0.014633 0.018637 0.024278 0.030323 0.036988 0.044288 0.051253 0.056748 0.062466 0.066007 0.068223 0.067970 0.066590 0.063029 0.058021 0.050997 0.043787 0.036132 0.029226 0.022813 0.016860 0.012648 0.008800 0.005920 0.003865 0.002425 0.001445 0.000800 0.000475 0.000269 0.000104 0.000049 0.000026 0.000009 0.000004 0.000003 0.000002 0.000001 0.000000 0.000000 0.000000 0.000000 0.000000 0.000000 0.000000 0.000000 
t: 0.001172248804 start: 231 end: 292 0.000003 0.000006 0.000009 0.000021 0.000034 0.000069 0.000158 0.000258 0.000352 0.000616 0.001023 0.001654 0.002504 0.003885 0.005470 0.007929 0.011021 0.014868 0.019419 0.024806 0.031143 0.038204 0.045055 0.051945 0.058369 0.063112 0.067286 0.068432 0.068518 0.066484 0.062737 0.056895 0.050215 0.042671 0.035238 0.028295 0.021382 0.016215 0.011747 0.008114 0.005409 0.003478 0.002184 0.001257 0.000727 0.000395 0.000223 0.000087 0.000046 0.000014 0.000009 0.000006 0.000002 0.000000 0.000001 0.000000 0.000000 0.000000 0.000000 0.000000 0.000000 0.000000 
t: 0.001147540984 start: 231 end: 292 0.000001 0.000004 0.000005 0.000008 0.000021 0.000041 0.000091 0.000146 0.000229 0.000429 0.000641 0.001095 0.001717 0.002610 0.003973 0.005755 0.008266 0.011230 0.015600 0.019948 0.025776 0.032472 0.039307 0.046322 0.053350 0.059392 0.064337 0.067667 0.069339 0.068903 0.066469 0.062003 0.056039 0.049070 0.041059 0.034198 0.026524 0.020410 0.015082 0.010913 0.007365 0.004859 0.003136 0.001895 0.001052 0.000591 0.000334 0.000189 0.000082 0.000028 0.000014 0.000006 0.000006 0.000000 0.000000 0.000001 0.000000 0.000000 0.000000 0.000000 0.000000 0.000000 
t: 0.001123853211 start: 232 end: 293 0.000002 0.000001 0.000003 0.000013 0.000021 0.000044 0.000085 0.000162 0.000267 0.000439 0.000730 0.001128 0.001762 0.002823 0.004190 0.006079 0.008672 0.011962 0.016018 0.021071 0.027081 0.033661 0.040612 0.048092 0.054778 0.060547 0.065582 0.068664 0.069817 0.069110 0.065917 0.061298 0.054518 0.047359 0.039998 0.032316 0.025251 0.018989 0.013875 0.009866 0.006635 0.004297 0.002709 0.001633 0.000917 0.000499 0.000257 0.000144 0.000065 0.000021 0.000013 0.000005 0.000001 0.000000 0.000001 0.000000 0.000000 0.000000 0.000000 0.000000 0.000000 0.000000 
t: 0.001101123596 start: 234 end: 293 0.000002 0.000011 0.000008 0.000022 0.000050 0.000081 0.000185 0.000293 0.000479 0.000736 0.001214 0.001929 0.003072 0.004381 0.006463 0.009321 0.012536 0.017108 0.022228 0.028379 0.034946 0.042398 0.049823 0.056230 0.062492 0.066645 0.069255 0.070666 0.068778 0.065709 0.059749 0.053114 0.045771 0.038174 0.030502 0.023361 0.017453 0.012769 0.008878 0.005766 0.003859 0.002249 0.001340 0.000747 0.000419 0.000222 0.000116 0.000042 0.000015 0.000009 0.000004 0.000000 0.000000 0.000000 0.000001 0.000000 0.000000 0.000000 0.000000 0.000000 
t: 0.001079295154 start: 235 end: 294 0.000005 0.000008 0.000011 0.000023 0.000054 0.000089 0.000205 0.000312 0.000495 0.000830 0.001314 0.002180 0.003268 0.004795 0.007003 0.009784 0.013555 0.018085 0.023517 0.029840 0.036986 0.044225 0.051642 0.058144 0.063877 0.068513 0.070292 0.070385 0.068899 0.064285 0.058434 0.051253 0.043914 0.036176 0.028203 0.021702 0.015894 0.011481 0.007664 0.005217 0.003208 0.001928 0.001104 0.000560 0.000343 0.000172 0.000075 0.000026 0.000015 0.000008 0.000001 0.000000 0.000000 0.000001 0.000000 0.000000 0.000000 0.000000 0.000000 0.000000 
t: 0.001058315335 start: 235 end: 295 0.000001 0.000002 0.000012 0.000008 0.000031 0.000052 0.000110 0.000217 0.000357 0.000532 0.000934 0.001481 0.002390 0.003536 0.005265 0.007436 0.010730 0.014557 0.019598 0.024905 0.031844 0.038964 0.046284 0.053555 0.059911 0.066041 0.069510 0.070878 0.070440 0.068349 0.062948 0.056914 0.049377 0.041599 0.033557 0.026289 0.019714 0.014358 0.010049 0.006804 0.004433 0.002613 0.001591 0.000853 0.000485 0.000267 0.000136 0.000042 0.000026 0.000011 0.000002 0.000000 0.000001 0.000001 0.000000 0.000000 0.000000 0.000000 0.000000 0.000000 0.000000 
t: 0.001038135593 start: 235 end: 295 0.000001 0.000000 0.000004 0.000008 0.000013 0.000032 0.000069 0.000121 0.000241 0.000381 0.000639 0.001007 0.001750 0.002595 0.003890 0.005652 0.008398 0.011608 0.015813 0.020663 0.027087 0.034132 0.041065 0.048554 0.055522 0.062488 0.067769 0.070087 0.071813 0.070626 0.066762 0.061964 0.054572 0.046720 0.039256 0.031171 0.023948 0.017737 0.012853 0.008670 0.005837 0.003593 0.002199 0.001228 0.000735 0.000360 0.000209 0.000096 0.000039 0.000013 0.000007 0.000001 0.000001 0.000001 0.000000 0.000000 0.000000 0.000000 0.000000 0.000000 0.000000 
t: 0.001018711019 start: 236 end: 296 0.000001 0.000001 0.000004 0.000009 0.000019 0.000042 0.000082 0.000147 0.000286 0.000425 0.000684 0.001203 0.001896 0.002883 0.004353 0.006355 0.009152 0.012701 0.017161 0.022621 0.029120 0.036146 0.043808 0.050834 0.058333 0.064773 0.068650 0.071620 0.072239 0.069745 0.066222 0.059384 0.052162 0.044532 0.036352 0.028518 0.021495 0.015780 0.011189 0.007531 0.004733 0.002941 0.001791 0.001014 0.000533 0.000283 0.000150 0.000054 0.000025 0.000009 0.000007 0.000001 0.000000 0.000001 0.000000 0.000000 0.000000 0.000000 0.000000 0.000000 0.000000 
t: 0.001000000000 start: 237 end: 296 0.000002 0.000003 0.000003 0.000013 0.000029 0.000044 0.000097 0.000175 0.000307 0.000485 0.000839 0.001335 0.002168 0.003260 0.004818 0.007075 0.010233 0.013889 0.018728 0.024680 0.031558 0.038695 0.046213 0.053918 0.061114 0.066050 0.070485 0.072892 0.071762 0.069355 0.064078 0.057132 0.049702 0.041483 0.033514 0.025831 0.019170 0.013697 0.009671 0.006305 0.003858 0.002392 0.001398 0.000762 0.000403 0.000217 0.000098 0.000035 0.000014 0.000010 0.000004 0.000000 0.000000 0.000001 0.000000 0.000000 0.000000 0.000000 0.000000 0.000000 
