t: 0.059999999999 start: 6 end: 30 0.000001 0.000010 0.000087 0.000527 0.002803 0.010304 0.029625 0.066223 0.117895 0.165659 0.187465 0.170503 0.124306 0.072534 0.033949 0.012914 0.004007 0.000967 0.000198 0.000020 0.000003 0.000000 0.000000 0.000000 0.000000 
t: 0.054545454544 start: 7 end: 30 0.000004 0.000025 0.000192 0.001051 0.004644 0.015091 0.039343 0.081116 0.132303 0.174072 0.184658 0.158587 0.108569 0.060457 0.026735 0.009601 0.002784 0.000653 0.000098 0.000016 0.000001 0.000000 0.000000 0.000000 
t: 0.049999999999 start: 7 end: 30 0.000001 0.000007 0.000074 0.000421 0.002038 0.007746 0.022552 0.053213 0.098580 0.149256 0.181188 0.178483 0.141298 0.090713 0.046697 0.019299 0.006362 0.001688 0.000323 0.000054 0.000007 0.000000 0.000000 0.000000 
t: 0.046153846153 start: 8 end: 30 0.000001 0.000027 0.000171 0.000903 0.003958 0.012754 0.033899 0.070980 0.120225 0.165274 0.184021 0.165354 0.120903 0.070847 0.033219 0.012653 0.003761 0.000879 0.000152 0.000017 0.000002 0.000000 0.000000 
t: 0.042857142857 start: 9 end: 30 0.000007 0.000076 0.000417 0.001935 0.007232 0.021182 0.049152 0.093708 0.143055 0.177461 0.179477 0.147152 0.096530 0.051038 0.021905 0.007310 0.001914 0.000389 0.000052 0.000008 0.000000 0.000000 
t: 0.040000000000 start: 9 end: 30 0.000003 0.000034 0.000186 0.000982 0.004045 0.013184 0.033689 0.070583 0.119086 0.163582 0.183096 0.166470 0.121772 0.072091 0.033896 0.012624 0.003727 0.000807 0.000128 0.000014 0.000001 0.000000 
t: 0.037500000000 start: 9 end: 30 0.000001 0.000013 0.000097 0.000500 0.002348 0.008071 0.022794 0.052078 0.096870 0.144901 0.178780 0.178686 0.143747 0.093929 0.048752 0.019987 0.006552 0.001589 0.000271 0.000032 0.000002 0.000000 
t: 0.035294117647 start: 10 end: 30 0.000008 0.000052 0.000266 0.001346 0.005049 0.015218 0.037860 0.077146 0.125670 0.167749 0.183788 0.161293 0.115512 0.065536 0.029673 0.010417 0.002829 0.000505 0.000076 0.000007 0.000000 
t: 0.033333333333 start: 10 end: 30 0.000004 0.000029 0.000149 0.000772 0.003166 0.010279 0.027291 0.060313 0.106488 0.153774 0.182172 0.174568 0.134910 0.083769 0.040851 0.015861 0.004492 0.000954 0.000147 0.000011 0.000000 
t: 0.031578947368 start: 10 end: 30 0.000003 0.000018 0.000089 0.000460 0.001963 0.006973 0.019568 0.046670 0.088823 0.138023 0.176361 0.182113 0.151605 0.102176 0.053780 0.022613 0.006855 0.001630 0.000259 0.000018 0.000000 
t: 0.030000000000 start: 10 end: 30 0.000003 0.000008 0.000053 0.000280 0.001170 0.004755 0.014258 0.035652 0.073308 0.121700 0.167022 0.184824 0.165721 0.119931 0.067614 0.030579 0.010085 0.002566 0.000431 0.000039 0.000001 
t: 0.028571428571 start: 10 end: 30 0.000002 0.000003 0.000030 0.000176 0.000721 0.003161 0.010258 0.027287 0.059817 0.106237 0.154942 0.183462 0.176691 0.136241 0.082537 0.039603 0.014233 0.003843 0.000683 0.000070 0.000003 
t: 0.027272727273 start: 11 end: 30 0.000002 0.000019 0.000111 0.000462 0.002074 0.007374 0.020963 0.048461 0.091652 0.141937 0.179049 0.183538 0.150767 0.097877 0.049746 0.019290 0.005511 0.001045 0.000117 0.000005 
t: 0.026086956522 start: 11 end: 30 0.000002 0.000014 0.000066 0.000303 0.001401 0.005247 0.015916 0.039092 0.078476 0.128308 0.172965 0.186935 0.163259 0.112564 0.060844 0.025218 0.007629 0.001550 0.000204 0.000007 
t: 0.025000000000 start: 11 end: 30 0.000002 0.000006 0.000045 0.000196 0.000962 0.003667 0.012186 0.031549 0.066635 0.115080 0.164732 0.187253 0.173373 0.127077 0.072693 0.031849 0.010121 0.002262 0.000301 0.000011 
t: 0.024000000000 start: 12 end: 30 0.000008 0.000029 0.000126 0.000675 0.002584 0.009180 0.025325 0.056531 0.102849 0.154232 0.185727 0.181409 0.140400 0.084808 0.039245 0.013330 0.003065 0.000452 0.000025 
t: 0.023076923077 start: 12 end: 30 0.000003 0.000017 0.000087 0.000484 0.001903 0.006913 0.020409 0.047500 0.091473 0.143205 0.182559 0.186817 0.152581 0.097011 0.047356 0.016884 0.004157 0.000604 0.000037 
t: 0.022222222222 start: 12 end: 30 0.000002 0.000011 0.000053 0.000337 0.001383 0.005365 0.016361 0.039725 0.080899 0.132730 0.176706 0.191038 0.163073 0.109068 0.055918 0.020963 0.005473 0.000842 0.000053 
t: 0.021428571428 start: 13 end: 30 0.000010 0.000033 0.000244 0.000995 0.004196 0.013083 0.033403 0.070765 0.122158 0.170191 0.192823 0.172397 0.120978 0.064894 0.025596 0.007003 0.001150 0.000081 
t: 0.020689655172 start: 13 end: 30 0.000008 0.000024 0.000168 0.000731 0.003203 0.010415 0.028052 0.061760 0.111598 0.163039 0.192956 0.180118 0.132551 0.074140 0.030858 0.008784 0.001484 0.000111 
t: 0.020000000000 start: 13 end: 30 0.000007 0.000020 0.000129 0.000531 0.002442 0.008344 0.023560 0.053990 0.101558 0.155122 0.191359 0.186623 0.143322 0.083783 0.036305 0.010820 0.001941 0.000144 
t: 0.019354838710 start: 13 end: 30 0.000005 0.000010 0.000096 0.000417 0.001886 0.006658 0.019774 0.046982 0.092246 0.146494 0.188442 0.191595 0.153655 0.093589 0.042416 0.013072 0.002463 0.000200 
t: 0.018750000000 start: 13 end: 30 0.000001 0.000010 0.000074 0.000308 0.001489 0.005359 0.016494 0.040900 0.083480 0.137663 0.184840 0.195309 0.163137 0.103423 0.048482 0.015714 0.003057 0.000260 
t: 0.018181818182 start: 13 end: 30 0.000001 0.000008 0.000053 0.000237 0.001178 0.004286 0.013856 0.035695 0.075292 0.129270 0.179713 0.198038 0.171452 0.113061 0.055154 0.018550 0.003824 0.000332 
t: 0.017647058823 start: 13 end: 30 0.000001 0.000005 0.000031 0.000181 0.000924 0.003486 0.011533 0.031012 0.067935 0.120932 0.174091 0.199318 0.179093 0.122570 0.062069 0.021750 0.004644 0.000425 
t: 0.017142857143 start: 13 end: 30 0.000001 0.000005 0.000020 0.000138 0.000730 0.002832 0.009648 0.027023 0.061180 0.112908 0.167894 0.199316 0.185999 0.131828 0.069329 0.025036 0.005578 0.000535 
t: 0.016666666667 start: 14 end: 30 0.000003 0.000016 0.000108 0.000574 0.002315 0.008095 0.023513 0.055082 0.104990 0.161619 0.198376 0.191749 0.140807 0.076723 0.028738 0.006634 0.000658 
t: 0.016216216216 start: 14 end: 30 0.000002 0.000013 0.000082 0.000467 0.001866 0.006835 0.020405 0.049470 0.097485 0.155121 0.196840 0.196849 0.149110 0.084178 0.032660 0.007785 0.000832 
t: 0.015789473684 start: 14 end: 30 0.000002 0.000008 0.000063 0.000370 0.001553 0.005738 0.017702 0.044398 0.090246 0.148491 0.194637 0.201017 0.157116 0.091794 0.036818 0.009032 0.001015 
t: 0.015384615385 start: 14 end: 30 0.000002 0.000007 0.000045 0.000304 0.001269 0.004888 0.015228 0.039890 0.083534 0.141829 0.191842 0.204155 0.164959 0.099216 0.041086 0.010513 0.001233 
t: 0.015000000000 start: 14 end: 30 0.000001 0.000005 0.000038 0.000239 0.001041 0.004138 0.013318 0.035604 0.077423 0.135072 0.188071 0.206788 0.172393 0.106841 0.045500 0.012064 0.001464 
t: 0.014634146341 start: 14 end: 30 0.000001 0.000005 0.000030 0.000180 0.000866 0.003547 0.011553 0.031879 0.071435 0.128588 0.184253 0.208265 0.179506 0.114188 0.050253 0.013749 0.001702 
t: 0.014285714286 start: 14 end: 30 0.000001 0.000003 0.000027 0.000138 0.000702 0.002984 0.010122 0.028571 0.065817 0.122001 0.180068 0.209722 0.185731 0.121481 0.055039 0.015636 0.001957 
t: 0.013953488372 start: 15 end: 30 0.000004 0.000019 0.000116 0.000561 0.002530 0.008868 0.025584 0.060562 0.115941 0.175539 0.210234 0.191181 0.129098 0.059987 0.017513 0.002263 
t: 0.013636363636 start: 15 end: 30 0.000003 0.000013 0.000098 0.000466 0.002170 0.007765 0.022946 0.055619 0.109743 0.170933 0.210244 0.196347 0.136378 0.065080 0.019597 0.002598 
t: 0.013333333333 start: 15 end: 30 0.000002 0.000011 0.000072 0.000390 0.001847 0.006827 0.020586 0.051322 0.103574 0.166019 0.209667 0.201033 0.143485 0.070504 0.021676 0.002985 
t: 0.013043478261 start: 15 end: 30 0.000001 0.000010 0.000056 0.000320 0.001573 0.005975 0.018530 0.047304 0.097630 0.161035 0.208538 0.205502 0.150383 0.075794 0.023946 0.003403 
t: 0.012765957447 start: 15 end: 30 0.000001 0.000008 0.000040 0.000261 0.001341 0.005234 0.016705 0.043553 0.092203 0.155779 0.206891 0.209453 0.157047 0.081367 0.026297 0.003820 
t: 0.012500000000 start: 15 end: 30 0.000001 0.000006 0.000032 0.000209 0.001150 0.004585 0.015080 0.040027 0.086991 0.150601 0.205049 0.212875 0.163341 0.086995 0.028805 0.004253 
t: 0.012244897959 start: 16 end: 30 0.000006 0.000027 0.000186 0.000965 0.004076 0.013491 0.036996 0.081806 0.145509 0.202816 0.215805 0.169623 0.092641 0.031307 0.004746 
t: 0.012000000000 start: 16 end: 30 0.000006 0.000022 0.000157 0.000845 0.003561 0.012164 0.034031 0.077054 0.140429 0.200525 0.218214 0.175468 0.098330 0.033923 0.005271 
t: 0.011764705882 start: 16 end: 30 0.000005 0.000021 0.000132 0.000704 0.003129 0.010948 0.031463 0.072445 0.135506 0.197525 0.220264 0.181329 0.103955 0.036761 0.005813 
t: 0.011538461538 start: 16 end: 30 0.000003 0.000021 0.000103 0.000604 0.002726 0.009904 0.029031 0.068265 0.130529 0.194459 0.221800 0.186878 0.109702 0.039554 0.006421 
t: 0.011320754717 start: 16 end: 30 0.000003 0.000017 0.000090 0.000497 0.002406 0.008962 0.026739 0.064426 0.125496 0.191142 0.223276 0.192184 0.115179 0.042459 0.007124 
t: 0.011111111111 start: 16 end: 30 0.000003 0.000014 0.000082 0.000401 0.002135 0.008130 0.024712 0.060595 0.120623 0.187805 0.224287 0.197153 0.120662 0.045611 0.007787 
t: 0.010909090909 start: 16 end: 30 0.000003 0.000012 0.000072 0.000345 0.001867 0.007421 0.022822 0.057032 0.115805 0.184537 0.224868 0.201818 0.126265 0.048578 0.008555 
t: 0.010714285714 start: 16 end: 30 0.000002 0.000009 0.000064 0.000301 0.001629 0.006714 0.020989 0.053740 0.111241 0.180993 0.225107 0.206331 0.131651 0.051956 0.009273 
t: 0.010526315789 start: 16 end: 30 0.000002 0.000006 0.000059 0.000265 0.001423 0.006039 0.019369 0.050526 0.106836 0.177609 0.224921 0.210531 0.137176 0.055163 0.010075 
t: 0.010344827586 start: 16 end: 30 0.000002 0.000005 0.000047 0.000239 0.001245 0.005480 0.017832 0.047704 0.102453 0.173883 0.224631 0.214408 0.142730 0.058403 0.010938 
t: 0.010169491525 start: 16 end: 30 0.000002 0.000005 0.000040 0.000214 0.001099 0.004936 0.016505 0.044874 0.098361 0.170045 0.224151 0.217990 0.148207 0.061744 0.011827 
t: 0.010000000000 start: 16 end: 30 0.000002 0.000004 0.000034 0.000197 0.000998 0.004439 0.015271 0.042282 0.094341 0.166161 0.223500 0.221240 0.153626 0.065205 0.012700 
t: 0.008448275866 start: 16 end: 30 0.000001 0.000001 0.000007 0.000044 0.000295 0.001617 0.006546 0.021738 0.059281 0.125543 0.203884 0.244925 0.205311 0.105865 0.024942 
t: 0.007313432839 start: 18 end: 30 0.000003 0.000014 0.000101 0.000601 0.003063 0.011570 0.037020 0.092351 0.175956 0.247254 0.243198 0.147536 0.041333 
t: 0.006447368423 start: 19 end: 30 0.000006 0.000038 0.000264 0.001462 0.006452 0.023702 0.067065 0.147581 0.238140 0.267388 0.187625 0.060277 
t: 0.005764705884 start: 19 end: 30 0.000001 0.000014 0.000121 0.000778 0.003695 0.015487 0.049049 0.121866 0.222570 0.281854 0.223320 0.081245 
t: 0.005212765959 start: 20 end: 30 0.000002 0.000055 0.000409 0.002249 0.010140 0.036263 0.100363 0.204639 0.288436 0.253806 0.103638 
t: 0.004757281555 start: 21 end: 30 0.000027 0.000209 0.001376 0.006949 0.027102 0.082573 0.185823 0.289203 0.280488 0.126250 
t: 0.004375000001 start: 21 end: 30 0.000014 0.000136 0.000831 0.004829 0.020475 0.068152 0.167798 0.285894 0.302777 0.149094 
t: 0.004049586778 start: 21 end: 30 0.000007 0.000087 0.000559 0.003371 0.015709 0.056571 0.151317 0.279107 0.321513 0.171759 
t: 0.003769230770 start: 21 end: 30 0.000003 0.000048 0.000383 0.002396 0.012134 0.047187 0.136054 0.271050 0.336583 0.194162 
t: 0.003525179857 start: 21 end: 30 0.000002 0.000033 0.000277 0.001721 0.009542 0.039488 0.122659 0.261748 0.348538 0.215992 
t: 0.003310810811 start: 21 end: 30 0.000001 0.000020 0.000196 0.001265 0.007431 0.033391 0.110389 0.251883 0.358433 0.236991 
t: 0.003121019109 start: 22 end: 30 0.000016 0.000147 0.000920 0.005971 0.028278 0.099775 0.241514 0.366040 0.257339 
t: 0.002951807229 start: 22 end: 30 0.000010 0.000105 0.000686 0.004796 0.024125 0.090146 0.231527 0.371671 0.276934 
t: 0.002800000000 start: 22 end: 30 0.000008 0.000081 0.000512 0.003847 0.020755 0.081541 0.221845 0.375269 0.296142 
t: 0.002663043479 start: 22 end: 30 0.000007 0.000063 0.000400 0.003125 0.017918 0.074081 0.212191 0.377860 0.314355 
t: 0.002538860104 start: 22 end: 30 0.000004 0.000046 0.000328 0.002579 0.015449 0.067322 0.202790 0.379852 0.331630 
t: 0.002425742574 start: 22 end: 30 0.000003 0.000032 0.000270 0.002157 0.013367 0.061399 0.193842 0.380511 0.348419 
t: 0.002322274882 start: 22 end: 30 0.000002 0.000026 0.000226 0.001793 0.011656 0.055935 0.185392 0.380565 0.364405 
t: 0.002227272727 start: 23 end: 30 0.000025 0.000174 0.001503 0.010223 0.051130 0.177349 0.379896 0.379700 
t: 0.002139737991 start: 23 end: 30 0.000020 0.000134 0.001283 0.008989 0.046884 0.169563 0.378729 0.394398 
t: 0.002058823530 start: 23 end: 30 0.000015 0.000104 0.001109 0.007935 0.043103 0.162386 0.376923 0.408425 
t: 0.001983805668 start: 23 end: 30 0.000008 0.000089 0.000946 0.007036 0.039582 0.155326 0.375117 0.421896 
t: 0.001914062500 start: 23 end: 30 0.000007 0.000077 0.000799 0.006281 0.036466 0.148753 0.372679 0.434938 
t: 0.001849056604 start: 23 end: 30 0.000006 0.000064 0.000692 0.005607 0.033658 0.142581 0.370009 0.447383 
t: 0.001788321168 start: 23 end: 30 0.000005 0.000055 0.000612 0.005000 0.031192 0.136774 0.366835 0.459527 
t: 0.001731448763 start: 23 end: 30 0.000003 0.000049 0.000533 0.004458 0.029004 0.131227 0.363639 0.471087 
t: 0.001678082192 start: 23 end: 30 0.000003 0.000044 0.000464 0.004022 0.026998 0.125914 0.360452 0.482103 
t: 0.001627906977 start: 23 end: 30 0.000001 0.000044 0.000410 0.003628 0.025151 0.121055 0.357213 0.492498 
t: 0.001580645161 start: 24 end: 30 0.000034 0.000376 0.003268 0.023487 0.116321 0.353910 0.502604 
t: 0.001536050157 start: 24 end: 30 0.000028 0.000334 0.002954 0.021938 0.111881 0.350416 0.512449 
t: 0.001493902439 start: 24 end: 30 0.000022 0.000302 0.002672 0.020480 0.107688 0.346933 0.521903 
t: 0.001454005935 start: 24 end: 30 0.000018 0.000269 0.002437 0.019229 0.103662 0.343323 0.531062 
t: 0.001416184971 start: 24 end: 30 0.000015 0.000247 0.002244 0.018019 0.099752 0.339768 0.539955 
t: 0.001380281690 start: 24 end: 30 0.000012 0.000218 0.002050 0.016893 0.096101 0.336179 0.548547 
t: 0.001346153846 start: 24 end: 30 0.000010 0.000195 0.001901 0.015863 0.092714 0.332723 0.556594 
t: 0.001313672922 start: 24 end: 30 0.000010 0.000171 0.001735 0.014956 0.089421 0.329202 0.564505 
t: 0.001282722513 start: 24 end: 30 0.000007 0.000153 0.001600 0.014100 0.086324 0.325643 0.572173 
t: 0.001253196931 start: 24 end: 30 0.000007 0.000136 0.001466 0.013245 0.083361 0.322243 0.579542 
t: 0.001225000000 start: 24 end: 30 0.000006 0.000121 0.001356 0.012492 0.080556 0.318749 0.586720 
t: 0.001198044010 start: 24 end: 30 0.000006 0.000108 0.001258 0.011823 0.077907 0.315301 0.593597 
t: 0.001172248804 start: 24 end: 30 0.000005 0.000097 0.001180 0.011171 0.075391 0.311931 0.600225 
t: 0.001147540984 start: 24 end: 30 0.000004 0.000084 0.001098 0.010605 0.072921 0.308454 0.606834 
t: 0.001123853211 start: 24 end: 30 0.000003 0.000076 0.001042 0.010037 0.070508 0.305273 0.613061 
t: 0.001101123596 start: 24 end: 30 0.000003 0.000069 0.000969 0.009503 0.068311 0.302002 0.619143 
t: 0.001079295154 start: 24 end: 30 0.000003 0.000065 0.000907 0.009029 0.066190 0.298743 0.625063 
t: 0.001058315335 start: 24 end: 30 0.000003 0.000057 0.000858 0.008610 0.064051 0.295491 0.630930 
t: 0.001038135593 start: 24 end: 30 0.000002 0.000055 0.000797 0.008190 0.062189 0.292189 0.636578 
t: 0.001018711019 start: 24 end: 30 0.000002 0.000051 0.000739 0.007823 0.060362 0.288949 0.642074 
t: 0.001000000000 start: 24 end: 30 0.000002 0.000048 0.000690 0.007458 0.058538 0.285942 0.647322 
