t: 0.059999999999 start: 15 end: 54 0.000001 0.000001 0.000004 0.000032 0.000124 0.000408 0.001157 0.003174 0.007573 0.015498 0.028987 0.047741 0.071246 0.095042 0.115038 0.124453 0.123174 0.110504 0.088896 0.066041 0.044557 0.027043 0.015247 0.007813 0.003710 0.001565 0.000652 0.000219 0.000071 0.000023 0.000003 0.000003 0.000000 0.000000 0.000000 0.000000 0.000000 0.000000 0.000000 0.000000 
t: 0.054545454544 start: 17 end: 58 0.000001 0.000001 0.000004 0.000023 0.000107 0.000279 0.000892 0.002284 0.005264 0.011241 0.021647 0.036306 0.056176 0.078794 0.099184 0.114297 0.120742 0.115443 0.101099 0.081578 0.059988 0.040836 0.025235 0.014490 0.007559 0.003780 0.001653 0.000713 0.000252 0.000094 0.000025 0.000008 0.000004 0.000001 0.000000 0.000000 0.000000 0.000000 0.000000 0.000000 0.000000 0.000000 
t: 0.049999999999 start: 19 end: 60 0.000001 0.000001 0.000005 0.000026 0.000071 0.000228 0.000642 0.001695 0.004029 0.008539 0.016298 0.028350 0.044880 0.064492 0.085313 0.102517 0.113852 0.115259 0.107667 0.092373 0.073363 0.054031 0.036729 0.022868 0.013277 0.007259 0.003421 0.001663 0.000685 0.000310 0.000099 0.000038 0.000013 0.000006 0.000000 0.000000 0.000000 0.000000 0.000000 0.000000 0.000000 0.000000 
t: 0.046153846153 start: 22 end: 63 0.000001 0.000005 0.000014 0.000066 0.000177 0.000517 0.001335 0.003165 0.006726 0.012900 0.022578 0.035847 0.053583 0.072897 0.091063 0.105389 0.111519 0.109392 0.099525 0.083815 0.065633 0.047896 0.031911 0.020093 0.011637 0.006432 0.003191 0.001588 0.000670 0.000290 0.000096 0.000032 0.000013 0.000004 0.000000 0.000000 0.000000 0.000000 0.000000 0.000000 0.000000 0.000000 
t: 0.042857142857 start: 24 end: 66 0.000003 0.000004 0.000008 0.000042 0.000157 0.000415 0.001083 0.002552 0.005388 0.010249 0.018338 0.029862 0.044992 0.062493 0.080896 0.095656 0.106013 0.108223 0.102756 0.090922 0.075246 0.057622 0.041087 0.027733 0.017386 0.010070 0.005610 0.002800 0.001381 0.000613 0.000257 0.000098 0.000031 0.000011 0.000003 0.000000 0.000000 0.000000 0.000000 0.000000 0.000000 0.000000 0.000000 
t: 0.040000000000 start: 26 end: 70 0.000001 0.000003 0.000013 0.000048 0.000125 0.000362 0.000910 0.002126 0.004482 0.008689 0.015149 0.025259 0.038198 0.054219 0.071280 0.087177 0.099006 0.104958 0.103486 0.095510 0.082061 0.066100 0.049949 0.035339 0.023392 0.014611 0.008508 0.004669 0.002339 0.001134 0.000559 0.000212 0.000089 0.000023 0.000011 0.000001 0.000002 0.000000 0.000000 0.000000 0.000000 0.000000 0.000000 0.000000 0.000000 
t: 0.037500000000 start: 28 end: 73 0.000001 0.000005 0.000017 0.000045 0.000096 0.000336 0.000793 0.001869 0.003740 0.007460 0.012767 0.021427 0.033463 0.047548 0.063492 0.079269 0.092228 0.100424 0.102629 0.097179 0.087116 0.072773 0.057486 0.042522 0.029674 0.019408 0.012075 0.006947 0.003664 0.001905 0.000948 0.000394 0.000172 0.000091 0.000021 0.000012 0.000001 0.000003 0.000000 0.000000 0.000000 0.000000 0.000000 0.000000 0.000000 0.000000 
t: 0.035294117647 start: 31 end: 75 0.000005 0.000010 0.000034 0.000119 0.000294 0.000756 0.001627 0.003360 0.006386 0.011171 0.018861 0.029333 0.042429 0.057039 0.072459 0.085928 0.095507 0.099486 0.098073 0.090061 0.077922 0.063797 0.048840 0.035637 0.024364 0.015622 0.009513 0.005514 0.002998 0.001540 0.000760 0.000323 0.000138 0.000056 0.000026 0.000010 0.000002 0.000000 0.000000 0.000000 0.000000 0.000000 0.000000 0.000000 0.000000 
t: 0.033333333333 start: 32 end: 78 0.000001 0.000001 0.000008 0.000039 0.000124 0.000267 0.000694 0.001453 0.003034 0.005705 0.010152 0.016613 0.026230 0.038197 0.052139 0.066706 0.080204 0.090352 0.096535 0.097140 0.091580 0.081625 0.068640 0.054422 0.040878 0.029305 0.019501 0.012315 0.007542 0.004182 0.002235 0.001167 0.000562 0.000268 0.000113 0.000044 0.000018 0.000007 0.000002 0.000000 0.000000 0.000000 0.000000 0.000000 0.000000 0.000000 0.000000 
t: 0.031578947368 start: 35 end: 81 0.000002 0.000015 0.000048 0.000114 0.000269 0.000673 0.001397 0.002709 0.005216 0.009235 0.015264 0.023998 0.035064 0.047549 0.061466 0.075802 0.086201 0.092726 0.095868 0.091948 0.083802 0.072161 0.058961 0.045602 0.033545 0.023296 0.015269 0.009682 0.005670 0.003178 0.001707 0.000814 0.000430 0.000186 0.000091 0.000028 0.000009 0.000004 0.000000 0.000000 0.000001 0.000000 0.000000 0.000000 0.000000 0.000000 0.000000 
t: 0.030000000000 start: 36 end: 83 0.000001 0.000003 0.000016 0.000039 0.000109 0.000319 0.000625 0.001280 0.002604 0.004800 0.008740 0.014211 0.022157 0.032398 0.044772 0.057445 0.070734 0.082457 0.089967 0.093342 0.091556 0.085230 0.074681 0.062462 0.049683 0.037678 0.026634 0.018321 0.011803 0.007075 0.004123 0.002360 0.001232 0.000626 0.000291 0.000129 0.000060 0.000023 0.000011 0.000000 0.000003 0.000000 0.000000 0.000000 0.000000 0.000000 0.000000 0.000000 
t: 0.028571428571 start: 37 end: 87 0.000001 0.000002 0.000003 0.000026 0.000038 0.000117 0.000284 0.000628 0.001303 0.002589 0.004580 0.008202 0.013337 0.020979 0.030492 0.041898 0.054430 0.067540 0.078297 0.087095 0.091123 0.091031 0.085299 0.076518 0.065281 0.053181 0.040756 0.030023 0.021007 0.013801 0.008613 0.005243 0.002972 0.001645 0.000893 0.000435 0.000178 0.000088 0.000036 0.000028 0.000004 0.000002 0.000002 0.000000 0.000000 0.000000 0.000000 0.000000 0.000000 0.000000 0.000000 
t: 0.027272727273 start: 40 end: 89 0.000001 0.000009 0.000018 0.000057 0.000105 0.000276 0.000658 0.001294 0.002530 0.004650 0.007902 0.012896 0.019967 0.029091 0.039593 0.052265 0.064695 0.075413 0.083975 0.089015 0.089581 0.085506 0.077698 0.067384 0.055398 0.043869 0.032383 0.023500 0.015549 0.010307 0.006234 0.003804 0.002155 0.001164 0.000551 0.000282 0.000130 0.000047 0.000032 0.000010 0.000005 0.000000 0.000001 0.000000 0.000000 0.000000 0.000000 0.000000 0.000000 0.000000 
t: 0.026086956522 start: 42 end: 92 0.000004 0.000012 0.000017 0.000054 0.000138 0.000291 0.000674 0.001349 0.002514 0.004661 0.007882 0.012596 0.019396 0.027894 0.038669 0.050254 0.061854 0.073395 0.081568 0.087097 0.087788 0.085151 0.078317 0.068749 0.057091 0.045944 0.034735 0.025426 0.017633 0.011398 0.007443 0.004533 0.002520 0.001467 0.000792 0.000353 0.000183 0.000086 0.000038 0.000019 0.000009 0.000004 0.000002 0.000000 0.000000 0.000000 0.000000 0.000000 0.000000 0.000000 0.000000 
t: 0.025000000000 start: 43 end: 95 0.000003 0.000002 0.000010 0.000027 0.000078 0.000134 0.000322 0.000760 0.001365 0.002651 0.004671 0.007893 0.012371 0.019029 0.027339 0.037828 0.048405 0.060653 0.070707 0.079651 0.085083 0.087027 0.084938 0.078140 0.068702 0.059061 0.047224 0.037002 0.026871 0.018862 0.013033 0.008363 0.005138 0.003032 0.001795 0.000906 0.000472 0.000214 0.000132 0.000052 0.000036 0.000010 0.000005 0.000001 0.000002 0.000000 0.000000 0.000000 0.000000 0.000000 0.000000 0.000000 0.000000 
t: 0.024000000000 start: 45 end: 97 0.000001 0.000003 0.000017 0.000032 0.000080 0.000176 0.000378 0.000725 0.001440 0.002787 0.004816 0.007955 0.012463 0.019234 0.027111 0.036964 0.047456 0.059115 0.069458 0.077597 0.083891 0.085841 0.083305 0.077988 0.069881 0.059392 0.048555 0.037983 0.028298 0.020150 0.013960 0.009353 0.005818 0.003520 0.001992 0.001113 0.000559 0.000301 0.000148 0.000082 0.000037 0.000015 0.000004 0.000004 0.000002 0.000000 0.000000 0.000000 0.000000 0.000000 0.000000 0.000000 0.000000 
t: 0.023076923077 start: 47 end: 100 0.000002 0.000005 0.000021 0.000036 0.000106 0.000201 0.000399 0.000876 0.001588 0.002893 0.005004 0.008172 0.012960 0.019168 0.026999 0.036719 0.047377 0.058219 0.067825 0.076616 0.082122 0.085109 0.082682 0.076958 0.069460 0.060036 0.049349 0.038787 0.029168 0.021217 0.014772 0.009732 0.006391 0.004030 0.002300 0.001296 0.000704 0.000362 0.000166 0.000095 0.000042 0.000022 0.000009 0.000002 0.000002 0.000001 0.000000 0.000000 0.000000 0.000000 0.000000 0.000000 0.000000 0.000000 
t: 0.022222222222 start: 49 end: 103 0.000003 0.000010 0.000019 0.000041 0.000088 0.000258 0.000476 0.000922 0.001772 0.003103 0.005304 0.008480 0.013183 0.019568 0.027646 0.036685 0.047443 0.057613 0.066931 0.075687 0.081129 0.083567 0.081310 0.076408 0.068904 0.059915 0.050021 0.039396 0.029859 0.021697 0.015240 0.010580 0.006865 0.004292 0.002507 0.001498 0.000747 0.000425 0.000208 0.000093 0.000069 0.000020 0.000009 0.000005 0.000002 0.000001 0.000001 0.000000 0.000000 0.000000 0.000000 0.000000 0.000000 0.000000 0.000000 
t: 0.021428571428 start: 50 end: 105 0.000003 0.000003 0.000011 0.000017 0.000056 0.000134 0.000237 0.000607 0.001041 0.001842 0.003399 0.005748 0.009140 0.013753 0.019891 0.028258 0.037291 0.047083 0.057482 0.066917 0.075070 0.079805 0.081815 0.080618 0.075590 0.068463 0.059623 0.049740 0.039725 0.030130 0.022353 0.015474 0.010823 0.007141 0.004521 0.002802 0.001620 0.000858 0.000432 0.000242 0.000119 0.000068 0.000035 0.000009 0.000006 0.000002 0.000002 0.000001 0.000000 0.000000 0.000000 0.000000 0.000000 0.000000 0.000000 0.000000 
t: 0.020689655172 start: 52 end: 107 0.000002 0.000007 0.000009 0.000031 0.000072 0.000159 0.000320 0.000626 0.001198 0.002208 0.003709 0.006117 0.009393 0.014691 0.020915 0.029052 0.037999 0.047438 0.057804 0.067050 0.074050 0.078818 0.081121 0.078996 0.074869 0.067927 0.058700 0.049226 0.039441 0.030111 0.022274 0.016118 0.010894 0.007521 0.004660 0.002819 0.001617 0.000951 0.000558 0.000272 0.000123 0.000074 0.000032 0.000014 0.000009 0.000003 0.000001 0.000000 0.000000 0.000001 0.000000 0.000000 0.000000 0.000000 0.000000 0.000000 
t: 0.020000000000 start: 53 end: 109 0.000001 0.000002 0.000011 0.000013 0.000045 0.000080 0.000203 0.000368 0.000773 0.001393 0.002488 0.004172 0.006471 0.010375 0.015563 0.021924 0.029781 0.038796 0.048504 0.058030 0.067206 0.074121 0.078192 0.079758 0.078290 0.073122 0.066595 0.058080 0.048052 0.038936 0.030190 0.022339 0.015895 0.011115 0.007589 0.004756 0.002918 0.001677 0.001045 0.000547 0.000306 0.000132 0.000078 0.000037 0.000011 0.000016 0.000001 0.000000 0.000002 0.000000 0.000000 0.000001 0.000000 0.000000 0.000000 0.000000 0.000000 
t: 0.019354838710 start: 55 end: 111 0.000001 0.000005 0.000014 0.000024 0.000049 0.000102 0.000227 0.000434 0.000923 0.001655 0.002755 0.004567 0.007271 0.011225 0.016410 0.022984 0.031274 0.040098 0.049690 0.058820 0.067174 0.073735 0.077623 0.078974 0.077052 0.072021 0.064976 0.056944 0.047296 0.038280 0.029423 0.021817 0.015875 0.011015 0.007496 0.004756 0.003008 0.001787 0.001010 0.000615 0.000263 0.000166 0.000097 0.000034 0.000021 0.000008 0.000003 0.000000 0.000002 0.000001 0.000000 0.000000 0.000000 0.000000 0.000000 0.000000 0.000000 
t: 0.018750000000 start: 56 end: 113 0.000001 0.000002 0.000009 0.000013 0.000027 0.000076 0.000159 0.000259 0.000581 0.001028 0.001898 0.003156 0.005191 0.008272 0.012090 0.017538 0.024286 0.032800 0.041380 0.050885 0.059762 0.067618 0.073308 0.077327 0.077778 0.076125 0.070560 0.063566 0.055576 0.046202 0.036748 0.028719 0.021697 0.015398 0.010931 0.007395 0.004690 0.002915 0.001730 0.001024 0.000597 0.000339 0.000191 0.000080 0.000039 0.000021 0.000009 0.000000 0.000001 0.000002 0.000001 0.000000 0.000000 0.000000 0.000000 0.000000 0.000000 0.000000 
t: 0.018181818182 start: 57 end: 115 0.000001 0.000003 0.000003 0.000005 0.000018 0.000047 0.000090 0.000178 0.000355 0.000704 0.001274 0.002231 0.003728 0.005857 0.009093 0.013290 0.019070 0.025976 0.034180 0.042833 0.052322 0.060963 0.068123 0.073594 0.076776 0.076798 0.074263 0.068954 0.062172 0.053750 0.044754 0.035761 0.027758 0.020801 0.015054 0.010584 0.007150 0.004614 0.002862 0.001694 0.001052 0.000608 0.000332 0.000170 0.000088 0.000037 0.000019 0.000005 0.000002 0.000003 0.000000 0.000000 0.000000 0.000001 0.000000 0.000000 0.000000 0.000000 0.000000 
t: 0.017647058823 start: 59 end: 116 0.000002 0.000001 0.000002 0.000013 0.000025 0.000050 0.000115 0.000233 0.000461 0.000857 0.001541 0.002631 0.004217 0.006770 0.010096 0.014735 0.020691 0.027800 0.035743 0.044878 0.054278 0.061663 0.068431 0.073782 0.076494 0.075861 0.072886 0.066949 0.059945 0.051901 0.043174 0.034524 0.026828 0.019922 0.014462 0.010088 0.006884 0.004364 0.002724 0.001685 0.001097 0.000570 0.000304 0.000168 0.000085 0.000039 0.000018 0.000008 0.000004 0.000000 0.000000 0.000001 0.000000 0.000000 0.000000 0.000000 0.000000 0.000000 
t: 0.017142857143 start: 62 end: 118 0.000001 0.000008 0.000013 0.000042 0.000079 0.000152 0.000312 0.000589 0.001047 0.001808 0.003124 0.004970 0.007723 0.011379 0.016350 0.022316 0.029729 0.037801 0.047213 0.055612 0.062810 0.069439 0.074232 0.075485 0.074831 0.070986 0.065523 0.057840 0.049410 0.041443 0.032917 0.025543 0.019044 0.013695 0.009557 0.006456 0.004051 0.002655 0.001681 0.000942 0.000572 0.000293 0.000172 0.000080 0.000039 0.000027 0.000003 0.000005 0.000000 0.000001 0.000000 0.000000 0.000000 0.000000 0.000000 0.000000 0.000000 
t: 0.016666666667 start: 63 end: 121 0.000001 0.000003 0.000008 0.000032 0.000043 0.000117 0.000215 0.000403 0.000697 0.001338 0.002217 0.003573 0.005858 0.008825 0.012844 0.018116 0.024367 0.032140 0.040396 0.048631 0.057107 0.064524 0.070510 0.073729 0.075425 0.072865 0.069211 0.063282 0.055646 0.047454 0.039408 0.031382 0.023977 0.017921 0.012979 0.008851 0.005942 0.003976 0.002494 0.001511 0.000824 0.000553 0.000290 0.000152 0.000087 0.000047 0.000015 0.000007 0.000004 0.000002 0.000001 0.000000 0.000000 0.000000 0.000000 0.000000 0.000000 0.000000 0.000000 
t: 0.016216216216 start: 65 end: 123 0.000002 0.000007 0.000015 0.000028 0.000077 0.000155 0.000281 0.000485 0.000970 0.001609 0.002614 0.004424 0.006812 0.010112 0.014503 0.019843 0.026765 0.034514 0.042454 0.051049 0.059239 0.066050 0.071097 0.073560 0.073915 0.071655 0.067699 0.060610 0.053232 0.045076 0.037390 0.029519 0.022630 0.016655 0.011908 0.008272 0.005619 0.003620 0.002334 0.001314 0.000870 0.000450 0.000261 0.000151 0.000086 0.000036 0.000018 0.000009 0.000002 0.000003 0.000000 0.000001 0.000000 0.000000 0.000000 0.000000 0.000000 0.000000 0.000000 
t: 0.015789473684 start: 67 end: 125 0.000006 0.000011 0.000022 0.000047 0.000098 0.000187 0.000388 0.000651 0.001209 0.001948 0.003348 0.005331 0.007923 0.011565 0.016213 0.022222 0.029316 0.036578 0.045134 0.053500 0.060950 0.067242 0.071468 0.073768 0.072794 0.070151 0.065069 0.058426 0.050827 0.042596 0.035047 0.027479 0.021051 0.015405 0.010914 0.007669 0.005155 0.003256 0.002092 0.001287 0.000705 0.000451 0.000233 0.000133 0.000068 0.000036 0.000018 0.000009 0.000002 0.000001 0.000001 0.000000 0.000000 0.000000 0.000000 0.000000 0.000000 0.000000 0.000000 
t: 0.015384615385 start: 67 end: 126 0.000001 0.000003 0.000009 0.000021 0.000035 0.000064 0.000139 0.000299 0.000488 0.000820 0.001440 0.002520 0.004065 0.006272 0.009363 0.013177 0.018379 0.024795 0.031520 0.039390 0.048051 0.055819 0.062847 0.068168 0.072092 0.073014 0.071634 0.068211 0.062761 0.055809 0.047906 0.040275 0.032572 0.025412 0.019395 0.014092 0.010149 0.006893 0.004558 0.003000 0.001917 0.001140 0.000652 0.000378 0.000228 0.000122 0.000054 0.000029 0.000015 0.000005 0.000001 0.000001 0.000000 0.000000 0.000000 0.000000 0.000000 0.000000 0.000000 0.000000 
t: 0.015000000000 start: 68 end: 127 0.000001 0.000003 0.000008 0.000010 0.000031 0.000043 0.000111 0.000197 0.000367 0.000632 0.001085 0.001878 0.003124 0.004980 0.007317 0.010918 0.015056 0.020748 0.027462 0.034338 0.042769 0.050584 0.058035 0.064820 0.069275 0.072114 0.072177 0.069907 0.066014 0.060232 0.052569 0.045327 0.037736 0.030340 0.023318 0.017588 0.012813 0.008963 0.006278 0.004177 0.002683 0.001687 0.001017 0.000580 0.000305 0.000175 0.000114 0.000049 0.000025 0.000013 0.000005 0.000002 0.000000 0.000000 0.000000 0.000000 0.000000 0.000000 0.000000 0.000000 
t: 0.014634146341 start: 70 end: 128 0.000002 0.000006 0.000006 0.000025 0.000029 0.000085 0.000141 0.000264 0.000472 0.000849 0.001471 0.002425 0.003852 0.005926 0.008761 0.012577 0.017455 0.023272 0.030061 0.038099 0.045372 0.053460 0.060177 0.066296 0.069875 0.071877 0.071139 0.068997 0.063603 0.056789 0.049803 0.042141 0.034797 0.027811 0.021359 0.016076 0.011415 0.008207 0.005518 0.003736 0.002345 0.001465 0.000845 0.000498 0.000295 0.000162 0.000082 0.000037 0.000026 0.000013 0.000006 0.000000 0.000000 0.000000 0.000000 0.000000 0.000000 0.000000 0.000000 
t: 0.014285714286 start: 72 end: 131 0.000003 0.000011 0.000015 0.000027 0.000056 0.000087 0.000216 0.000375 0.000658 0.001125 0.001902 0.003051 0.004698 0.007004 0.010516 0.014698 0.019944 0.026309 0.033256 0.041143 0.048495 0.055903 0.062700 0.067727 0.070447 0.070958 0.069933 0.066180 0.060970 0.054104 0.046574 0.039559 0.031822 0.025433 0.019319 0.014208 0.010270 0.007157 0.004893 0.003243 0.002014 0.001269 0.000792 0.000435 0.000249 0.000121 0.000065 0.000030 0.000024 0.000009 0.000001 0.000002 0.000000 0.000000 0.000000 0.000000 0.000000 0.000000 0.000000 0.000000 
t: 0.013953488372 start: 72 end: 133 0.000001 0.000002 0.000008 0.000007 0.000031 0.000030 0.000088 0.000147 0.000276 0.000496 0.000890 0.001506 0.002454 0.003843 0.005727 0.008654 0.012299 0.016844 0.022952 0.029147 0.036678 0.044134 0.051928 0.058441 0.064618 0.068754 0.070618 0.070096 0.067984 0.063530 0.057745 0.051440 0.043644 0.036198 0.029451 0.022789 0.017236 0.012613 0.009190 0.006321 0.004146 0.002811 0.001689 0.001106 0.000660 0.000372 0.000190 0.000097 0.000065 0.000030 0.000011 0.000010 0.000002 0.000001 0.000000 0.000000 0.000000 0.000000 0.000000 0.000000 0.000000 0.000000 
t: 0.013636363636 start: 73 end: 135 0.000001 0.000002 0.000004 0.000009 0.000017 0.000031 0.000063 0.000105 0.000211 0.000369 0.000708 0.001212 0.001961 0.003137 0.004727 0.006993 0.010317 0.014565 0.019684 0.025484 0.032508 0.040055 0.047974 0.054912 0.060861 0.066407 0.069291 0.070273 0.068594 0.065817 0.060987 0.054780 0.047921 0.040315 0.033327 0.026470 0.020603 0.015263 0.011281 0.007876 0.005371 0.003575 0.002331 0.001502 0.000958 0.000511 0.000278 0.000185 0.000082 0.000051 0.000024 0.000008 0.000007 0.000001 0.000001 0.000000 0.000000 0.000000 0.000000 0.000000 0.000000 0.000000 0.000000 
t: 0.013333333333 start: 75 end: 137 0.000004 0.000002 0.000006 0.000011 0.000021 0.000048 0.000091 0.000160 0.000296 0.000549 0.000941 0.001637 0.002576 0.003907 0.005939 0.008672 0.012389 0.017016 0.022433 0.028952 0.036205 0.043727 0.050773 0.057752 0.063265 0.067306 0.069474 0.069338 0.067309 0.063548 0.057879 0.051620 0.044684 0.037040 0.029961 0.023631 0.018343 0.013282 0.009820 0.006756 0.004668 0.003059 0.002002 0.001216 0.000723 0.000431 0.000240 0.000160 0.000072 0.000036 0.000016 0.000008 0.000003 0.000000 0.000002 0.000000 0.000001 0.000000 0.000000 0.000000 0.000000 0.000000 0.000000 
t: 0.013043478261 start: 76 end: 139 0.000003 0.000002 0.000004 0.000006 0.000010 0.000041 0.000074 0.000145 0.000235 0.000412 0.000778 0.001320 0.002110 0.003225 0.005046 0.007402 0.010583 0.014692 0.019647 0.025999 0.032342 0.040029 0.046968 0.054513 0.059977 0.065114 0.068140 0.069134 0.068127 0.065488 0.060910 0.054778 0.048014 0.040868 0.033521 0.027120 0.021035 0.015739 0.011737 0.008408 0.005812 0.003957 0.002525 0.001611 0.001008 0.000590 0.000363 0.000206 0.000116 0.000065 0.000025 0.000014 0.000007 0.000002 0.000002 0.000000 0.000001 0.000000 0.000000 0.000000 0.000000 0.000000 0.000000 0.000000 
t: 0.012765957447 start: 77 end: 141 0.000001 0.000003 0.000003 0.000005 0.000015 0.000030 0.000045 0.000131 0.000185 0.000339 0.000632 0.001053 0.001754 0.002809 0.004150 0.006235 0.009268 0.012634 0.017344 0.022922 0.029178 0.036414 0.043449 0.050967 0.057048 0.062714 0.066252 0.068784 0.068475 0.066714 0.062935 0.057509 0.051234 0.044370 0.037333 0.030129 0.024077 0.018411 0.013741 0.010060 0.007170 0.004885 0.003236 0.002069 0.001361 0.000836 0.000495 0.000260 0.000148 0.000099 0.000049 0.000022 0.000009 0.000004 0.000003 0.000001 0.000001 0.000000 0.000000 0.000000 0.000000 0.000000 0.000000 0.000000 0.000000 
t: 0.012500000000 start: 78 end: 142 0.000001 0.000001 0.000004 0.000006 0.000008 0.000012 0.000039 0.000088 0.000152 0.000291 0.000501 0.000856 0.001527 0.002320 0.003593 0.005416 0.007655 0.011223 0.015349 0.020431 0.026148 0.032959 0.040330 0.047676 0.054012 0.059867 0.064316 0.067543 0.068239 0.067257 0.064730 0.060033 0.054123 0.047530 0.040383 0.033626 0.027079 0.021302 0.016046 0.011757 0.008488 0.006039 0.004050 0.002701 0.001732 0.001025 0.000646 0.000395 0.000236 0.000123 0.000065 0.000043 0.000016 0.000003 0.000006 0.000002 0.000001 0.000000 0.000000 0.000000 0.000000 0.000000 0.000000 0.000000 0.000000 
t: 0.012244897959 start: 81 end: 143 0.000001 0.000007 0.000008 0.000010 0.000030 0.000064 0.000138 0.000221 0.000420 0.000724 0.001279 0.001968 0.003037 0.004610 0.006728 0.009618 0.013480 0.018380 0.023858 0.030201 0.036869 0.044044 0.051316 0.057314 0.062108 0.065838 0.067740 0.067549 0.065661 0.062112 0.056942 0.050317 0.043733 0.036623 0.029883 0.023948 0.018494 0.013566 0.009954 0.007283 0.004902 0.003491 0.002150 0.001311 0.000871 0.000503 0.000296 0.000195 0.000103 0.000053 0.000020 0.000015 0.000006 0.000007 0.000001 0.000000 0.000000 0.000000 0.000000 0.000000 0.000000 0.000000 0.000000 
t: 0.012000000000 start: 82 end: 145 0.000001 0.000003 0.000006 0.000014 0.000025 0.000065 0.000105 0.000203 0.000368 0.000598 0.001030 0.001704 0.002551 0.003917 0.006033 0.008598 0.011882 0.016360 0.021585 0.027406 0.033973 0.041203 0.047977 0.054837 0.059924 0.064228 0.067043 0.067323 0.066333 0.063377 0.058849 0.052941 0.046366 0.039542 0.033120 0.026719 0.020824 0.015747 0.011615 0.008389 0.005816 0.004253 0.002785 0.001695 0.001104 0.000655 0.000375 0.000236 0.000151 0.000076 0.000027 0.000024 0.000011 0.000005 0.000001 0.000002 0.000000 0.000000 0.000000 0.000000 0.000000 0.000000 0.000000 0.000000 
t: 0.011764705882 start: 83 end: 147 0.000002 0.000001 0.000006 0.000004 0.000023 0.000047 0.000096 0.000187 0.000284 0.000501 0.000881 0.001416 0.002190 0.003525 0.005221 0.007488 0.010702 0.014513 0.019468 0.025325 0.031273 0.038363 0.044950 0.051784 0.057721 0.062579 0.065794 0.067117 0.066947 0.064843 0.060158 0.055087 0.048916 0.042436 0.035648 0.029229 0.023274 0.017943 0.013319 0.009987 0.007055 0.004843 0.003197 0.002258 0.001313 0.000856 0.000494 0.000321 0.000194 0.000105 0.000058 0.000032 0.000012 0.000008 0.000004 0.000001 0.000001 0.000000 0.000000 0.000000 0.000000 0.000000 0.000000 0.000000 0.000000 
t: 0.011538461538 start: 85 end: 148 0.000004 0.000002 0.000008 0.000017 0.000031 0.000091 0.000138 0.000261 0.000451 0.000776 0.001204 0.001918 0.003080 0.004595 0.006542 0.009565 0.013028 0.017792 0.022983 0.029095 0.035766 0.042285 0.049210 0.055140 0.060408 0.064265 0.066623 0.066992 0.065790 0.061813 0.057250 0.051209 0.044590 0.038019 0.032062 0.025718 0.020060 0.015067 0.011350 0.008256 0.005661 0.003995 0.002535 0.001696 0.001097 0.000638 0.000368 0.000270 0.000134 0.000076 0.000043 0.000011 0.000012 0.000006 0.000003 0.000001 0.000000 0.000000 0.000000 0.000000 0.000000 0.000000 0.000000 0.000000 
t: 0.011320754717 start: 86 end: 150 0.000001 0.000003 0.000007 0.000014 0.000033 0.000061 0.000128 0.000220 0.000414 0.000621 0.001101 0.001736 0.002679 0.003997 0.005863 0.008477 0.011889 0.015824 0.021166 0.026990 0.033242 0.039950 0.046469 0.052585 0.058757 0.063011 0.065734 0.066292 0.066081 0.063475 0.059044 0.053353 0.046866 0.040696 0.034029 0.027981 0.022241 0.016867 0.012963 0.009297 0.006746 0.004642 0.003131 0.002009 0.001313 0.000809 0.000482 0.000314 0.000193 0.000087 0.000052 0.000039 0.000009 0.000012 0.000002 0.000002 0.000001 0.000000 0.000000 0.000000 0.000000 0.000000 0.000000 0.000000 0.000000 
t: 0.011111111111 start: 87 end: 151 0.000002 0.000002 0.000006 0.000008 0.000028 0.000068 0.000098 0.000184 0.000353 0.000563 0.000916 0.001570 0.002301 0.003531 0.005329 0.007790 0.010697 0.014498 0.019440 0.024693 0.031149 0.037721 0.043746 0.050839 0.056576 0.061482 0.064070 0.066383 0.066092 0.064299 0.060051 0.055239 0.049432 0.043095 0.036456 0.029943 0.024208 0.018966 0.014285 0.010557 0.007635 0.005390 0.003662 0.002493 0.001628 0.000992 0.000629 0.000388 0.000232 0.000122 0.000080 0.000037 0.000026 0.000011 0.000005 0.000003 0.000001 0.000000 0.000000 0.000000 0.000000 0.000000 0.000000 0.000000 0.000000 
t: 0.010909090909 start: 89 end: 152 0.000004 0.000001 0.000012 0.000019 0.000057 0.000093 0.000178 0.000271 0.000499 0.000827 0.001391 0.002083 0.003117 0.004819 0.006961 0.009879 0.013286 0.017889 0.022956 0.028994 0.035379 0.041855 0.048844 0.054816 0.059220 0.063094 0.065731 0.065772 0.064805 0.061399 0.056677 0.051469 0.045066 0.038754 0.032278 0.026114 0.020573 0.015820 0.011904 0.008724 0.006185 0.004247 0.002842 0.001926 0.001278 0.000765 0.000453 0.000315 0.000167 0.000083 0.000053 0.000027 0.000014 0.000006 0.000006 0.000003 0.000000 0.000000 0.000000 0.000000 0.000000 0.000000 0.000000 0.000000 
t: 0.010714285714 start: 89 end: 152 0.000002 0.000000 0.000004 0.000006 0.000017 0.000050 0.000084 0.000150 0.000241 0.000436 0.000761 0.001223 0.001904 0.002841 0.004247 0.006447 0.008949 0.012408 0.016345 0.021347 0.026979 0.033692 0.039862 0.046607 0.052476 0.058137 0.061811 0.064906 0.065814 0.064509 0.062740 0.058073 0.052865 0.047009 0.040658 0.034496 0.028068 0.022378 0.017214 0.013323 0.009646 0.006985 0.004871 0.003384 0.002246 0.001464 0.000932 0.000552 0.000401 0.000200 0.000111 0.000055 0.000035 0.000021 0.000007 0.000010 0.000000 0.000001 0.000000 0.000000 0.000000 0.000000 0.000000 0.000000 
t: 0.010526315789 start: 92 end: 155 0.000003 0.000006 0.000015 0.000030 0.000075 0.000143 0.000220 0.000364 0.000662 0.001065 0.001736 0.002579 0.004001 0.005726 0.008298 0.011542 0.015052 0.019865 0.025403 0.031632 0.038116 0.044669 0.050808 0.056179 0.060987 0.063802 0.065365 0.065147 0.062648 0.059466 0.054102 0.048685 0.042742 0.036296 0.030091 0.024031 0.019025 0.014258 0.010894 0.007766 0.005557 0.003897 0.002536 0.001742 0.001094 0.000696 0.000435 0.000247 0.000146 0.000062 0.000044 0.000030 0.000009 0.000007 0.000003 0.000001 0.000000 0.000000 0.000000 0.000000 0.000000 0.000000 0.000000 0.000000 
t: 0.010344827586 start: 93 end: 157 0.000005 0.000003 0.000007 0.000029 0.000070 0.000111 0.000217 0.000356 0.000560 0.000928 0.001583 0.002392 0.003617 0.005340 0.007635 0.010419 0.014199 0.018727 0.024026 0.029988 0.036338 0.042589 0.049041 0.054814 0.059561 0.062790 0.064834 0.064924 0.063429 0.060117 0.055695 0.050046 0.044309 0.038352 0.031790 0.025586 0.020515 0.015688 0.011784 0.008769 0.006266 0.004366 0.002958 0.001965 0.001280 0.000815 0.000484 0.000322 0.000152 0.000093 0.000055 0.000027 0.000020 0.000010 0.000002 0.000001 0.000001 0.000000 0.000000 0.000000 0.000000 0.000000 0.000000 0.000000 0.000000 
t: 0.010169491525 start: 94 end: 158 0.000003 0.000004 0.000012 0.000026 0.000053 0.000116 0.000195 0.000292 0.000512 0.000887 0.001367 0.002241 0.003350 0.004983 0.007031 0.009678 0.013377 0.017561 0.022645 0.028331 0.034562 0.041324 0.047118 0.053509 0.058358 0.061328 0.064230 0.064877 0.063853 0.060669 0.056617 0.051684 0.046108 0.039741 0.033467 0.027321 0.021854 0.016975 0.012838 0.009614 0.006979 0.004884 0.003385 0.002254 0.001424 0.000949 0.000610 0.000333 0.000223 0.000101 0.000073 0.000033 0.000021 0.000014 0.000002 0.000003 0.000001 0.000000 0.000000 0.000000 0.000000 0.000000 0.000000 0.000000 0.000000 
t: 0.010000000000 start: 95 end: 158 0.000002 0.000006 0.000006 0.000028 0.000050 0.000091 0.000161 0.000281 0.000493 0.000783 0.001321 0.002064 0.003096 0.004575 0.006579 0.009023 0.012559 0.016746 0.021477 0.026744 0.032919 0.039568 0.045873 0.052021 0.056799 0.060628 0.063442 0.064604 0.063656 0.061423 0.057862 0.052922 0.047333 0.041356 0.035214 0.028637 0.023134 0.018389 0.013830 0.010531 0.007683 0.005531 0.003673 0.002558 0.001601 0.001078 0.000700 0.000393 0.000240 0.000145 0.000077 0.000036 0.000036 0.000015 0.000005 0.000003 0.000000 0.000000 0.000000 0.000000 0.000000 0.000000 0.000000 0.000000 
t: 0.008448275866 start: 105 end: 174 0.000001 0.000001 0.000002 0.000007 0.000019 0.000026 0.000052 0.000101 0.000155 0.000292 0.000482 0.000739 0.001173 0.001821 0.002915 0.004286 0.005775 0.008316 0.011091 0.014728 0.018838 0.023966 0.029178 0.035104 0.041138 0.046909 0.051697 0.055926 0.059647 0.061569 0.061917 0.061023 0.058702 0.055036 0.050615 0.045111 0.039272 0.033562 0.028057 0.022597 0.018004 0.014175 0.010499 0.007957 0.005661 0.004010 0.002795 0.001874 0.001239 0.000767 0.000491 0.000294 0.000177 0.000094 0.000051 0.000029 0.000020 0.000011 0.000003 0.000001 0.000001 0.000001 0.000000 0.000000 0.000000 0.000000 0.000000 0.000000 0.000000 0.000000 
t: 0.007313432839 start: 113 end: 184 0.000001 0.000000 0.000000 0.000002 0.000002 0.000005 0.000014 0.000021 0.000033 0.000075 0.000124 0.000216 0.000363 0.000567 0.000864 0.001375 0.002154 0.003194 0.004455 0.006343 0.008626 0.011589 0.014758 0.019247 0.023852 0.028980 0.034276 0.039961 0.045235 0.050619 0.054410 0.057546 0.060139 0.060721 0.059664 0.057308 0.054167 0.050503 0.045448 0.039865 0.034563 0.028696 0.023992 0.019133 0.015157 0.011574 0.009089 0.006605 0.004649 0.003319 0.002337 0.001517 0.000977 0.000666 0.000430 0.000241 0.000136 0.000078 0.000054 0.000036 0.000013 0.000005 0.000005 0.000004 0.000001 0.000000 0.000001 0.000000 0.000000 0.000000 0.000000 0.000000 
t: 0.006447368423 start: 125 end: 194 0.000002 0.000002 0.000005 0.000017 0.000022 0.000033 0.000056 0.000108 0.000157 0.000282 0.000462 0.000745 0.001165 0.001725 0.002620 0.003753 0.005098 0.007125 0.009695 0.012603 0.016175 0.020412 0.025423 0.029963 0.035470 0.041272 0.045643 0.050317 0.054237 0.057300 0.059084 0.058836 0.058156 0.056009 0.053038 0.048934 0.043903 0.038728 0.033636 0.028214 0.023317 0.018999 0.015060 0.011564 0.008846 0.006631 0.004923 0.003423 0.002329 0.001594 0.001093 0.000699 0.000433 0.000261 0.000171 0.000095 0.000056 0.000040 0.000023 0.000014 0.000003 0.000001 0.000000 0.000000 0.000000 0.000000 0.000000 0.000000 0.000000 0.000000 
t: 0.005764705884 start: 129 end: 202 0.000001 0.000000 0.000001 0.000000 0.000000 0.000002 0.000006 0.000009 0.000016 0.000019 0.000048 0.000096 0.000156 0.000228 0.000386 0.000598 0.000927 0.001392 0.002145 0.003073 0.004349 0.005993 0.008142 0.010938 0.013970 0.017764 0.021929 0.026786 0.031885 0.037056 0.041925 0.046848 0.051341 0.054542 0.056755 0.058160 0.058070 0.056714 0.054985 0.051400 0.046983 0.042328 0.037249 0.032304 0.027118 0.022141 0.018115 0.014376 0.011266 0.008507 0.006513 0.004633 0.003219 0.002311 0.001541 0.000997 0.000669 0.000405 0.000234 0.000182 0.000101 0.000068 0.000036 0.000018 0.000014 0.000009 0.000004 0.000003 0.000001 0.000000 0.000000 0.000000 0.000000 0.000000 
t: 0.005212765959 start: 139 end: 214 0.000001 0.000001 0.000001 0.000006 0.000005 0.000012 0.000027 0.000037 0.000056 0.000111 0.000180 0.000291 0.000463 0.000756 0.001220 0.001616 0.002416 0.003536 0.004872 0.006618 0.008803 0.011921 0.015273 0.018759 0.023008 0.027921 0.032600 0.038187 0.042923 0.047541 0.051576 0.054496 0.056205 0.057450 0.057559 0.055744 0.053582 0.050194 0.046166 0.041280 0.036120 0.030961 0.026276 0.021938 0.017892 0.013792 0.011091 0.008364 0.006109 0.004447 0.003201 0.002174 0.001451 0.000992 0.000703 0.000420 0.000249 0.000178 0.000078 0.000069 0.000042 0.000015 0.000011 0.000007 0.000002 0.000000 0.000003 0.000001 0.000000 0.000000 0.000001 0.000000 0.000000 0.000000 0.000000 0.000000 
t: 0.004757281555 start: 148 end: 221 0.000003 0.000005 0.000008 0.000018 0.000029 0.000050 0.000068 0.000121 0.000213 0.000315 0.000517 0.000765 0.001179 0.001783 0.002495 0.003616 0.004951 0.007073 0.008906 0.011806 0.015005 0.019026 0.023319 0.027903 0.032806 0.038362 0.042753 0.047001 0.050975 0.054202 0.056026 0.057091 0.056850 0.055571 0.053333 0.050075 0.046030 0.040880 0.036309 0.031315 0.026758 0.021967 0.017991 0.014250 0.011015 0.008329 0.006272 0.004610 0.003313 0.002332 0.001574 0.001056 0.000682 0.000449 0.000269 0.000142 0.000086 0.000060 0.000047 0.000018 0.000012 0.000008 0.000003 0.000001 0.000001 0.000002 0.000000 0.000000 0.000000 0.000000 0.000000 0.000000 0.000000 0.000000 
t: 0.004375000001 start: 152 end: 226 0.000001 0.000000 0.000003 0.000006 0.000006 0.000015 0.000027 0.000028 0.000077 0.000115 0.000172 0.000303 0.000479 0.000719 0.001020 0.001571 0.002397 0.003276 0.004504 0.006204 0.008443 0.010937 0.014029 0.017847 0.021920 0.026203 0.031077 0.036021 0.041085 0.045484 0.049603 0.052934 0.055490 0.056509 0.057108 0.055958 0.054015 0.051303 0.047037 0.042674 0.037981 0.033297 0.028071 0.023817 0.019395 0.015359 0.012063 0.009445 0.007006 0.005213 0.003805 0.002707 0.001884 0.001209 0.000818 0.000505 0.000334 0.000188 0.000117 0.000073 0.000051 0.000025 0.000016 0.000009 0.000007 0.000002 0.000002 0.000001 0.000000 0.000000 0.000000 0.000000 0.000000 0.000000 0.000000 
t: 0.004049586778 start: 156 end: 231 0.000001 0.000000 0.000001 0.000003 0.000003 0.000004 0.000007 0.000011 0.000034 0.000036 0.000077 0.000136 0.000200 0.000347 0.000542 0.000819 0.001212 0.001754 0.002600 0.003662 0.005125 0.006875 0.008955 0.011734 0.014966 0.018559 0.022979 0.027526 0.032231 0.037109 0.041668 0.046566 0.050462 0.053235 0.055740 0.057095 0.056645 0.055462 0.053574 0.049973 0.045884 0.041684 0.036680 0.032320 0.027582 0.022568 0.018476 0.014554 0.011415 0.008785 0.006488 0.004817 0.003552 0.002447 0.001687 0.001136 0.000743 0.000512 0.000296 0.000181 0.000119 0.000063 0.000036 0.000015 0.000017 0.000003 0.000005 0.000006 0.000000 0.000001 0.000000 0.000000 0.000000 0.000000 0.000000 0.000000 
t: 0.003769230770 start: 160 end: 235 0.000001 0.000000 0.000000 0.000001 0.000000 0.000001 0.000007 0.000003 0.000007 0.000027 0.000037 0.000070 0.000094 0.000193 0.000311 0.000463 0.000741 0.001112 0.001703 0.002353 0.003333 0.004771 0.006372 0.008606 0.010867 0.014058 0.017618 0.021898 0.026222 0.030987 0.035820 0.040568 0.045313 0.049359 0.052428 0.055089 0.056584 0.056691 0.056141 0.053807 0.050933 0.047542 0.042867 0.038409 0.033238 0.028573 0.023663 0.019549 0.015626 0.012323 0.009424 0.007205 0.005146 0.003778 0.002706 0.001891 0.001212 0.000842 0.000545 0.000349 0.000219 0.000114 0.000080 0.000044 0.000029 0.000016 0.000009 0.000004 0.000005 0.000002 0.000001 0.000000 0.000000 0.000000 0.000000 0.000000 
t: 0.003525179857 start: 167 end: 241 0.000001 0.000001 0.000000 0.000002 0.000003 0.000006 0.000019 0.000028 0.000042 0.000061 0.000120 0.000205 0.000335 0.000502 0.000802 0.001202 0.001792 0.002548 0.003555 0.004971 0.006735 0.008736 0.011517 0.014667 0.018616 0.022191 0.027156 0.032106 0.036394 0.041459 0.045871 0.050022 0.053249 0.055077 0.056533 0.056871 0.055811 0.053336 0.050896 0.046468 0.042733 0.037204 0.032421 0.027700 0.022964 0.018975 0.014915 0.011689 0.008907 0.006682 0.004833 0.003518 0.002553 0.001747 0.001195 0.000764 0.000536 0.000309 0.000179 0.000112 0.000074 0.000034 0.000022 0.000011 0.000009 0.000004 0.000003 0.000001 0.000000 0.000000 0.000000 0.000000 0.000000 0.000000 0.000000 
t: 0.003310810811 start: 170 end: 244 0.000001 0.000000 0.000000 0.000002 0.000001 0.000002 0.000003 0.000013 0.000026 0.000032 0.000065 0.000085 0.000166 0.000260 0.000404 0.000663 0.001042 0.001498 0.002196 0.003071 0.004286 0.005870 0.007884 0.010264 0.013106 0.016686 0.020623 0.025140 0.029367 0.034548 0.039591 0.043758 0.048246 0.052044 0.054844 0.056462 0.056513 0.056528 0.054682 0.051932 0.048601 0.044548 0.039563 0.034776 0.029869 0.024728 0.020664 0.016485 0.012913 0.010052 0.007534 0.005547 0.004160 0.002830 0.002053 0.001340 0.000904 0.000618 0.000345 0.000236 0.000143 0.000075 0.000056 0.000028 0.000021 0.000003 0.000002 0.000001 0.000001 0.000000 0.000000 0.000000 0.000000 0.000000 0.000000 
t: 0.003121019109 start: 175 end: 249 0.000001 0.000002 0.000000 0.000001 0.000004 0.000002 0.000006 0.000022 0.000029 0.000061 0.000101 0.000157 0.000258 0.000364 0.000656 0.000979 0.001439 0.002010 0.002949 0.004131 0.005728 0.007622 0.009964 0.012814 0.016334 0.020166 0.024473 0.029226 0.034128 0.038866 0.043615 0.047866 0.052036 0.054354 0.056291 0.057158 0.056546 0.054756 0.052330 0.049627 0.044786 0.040283 0.035021 0.030181 0.025340 0.020837 0.016744 0.013210 0.010040 0.007723 0.005793 0.004146 0.002951 0.002043 0.001440 0.000883 0.000588 0.000359 0.000226 0.000144 0.000083 0.000050 0.000027 0.000012 0.000009 0.000007 0.000001 0.000001 0.000000 0.000000 0.000000 0.000000 0.000000 0.000000 0.000000 
t: 0.002951807229 start: 177 end: 251 0.000001 0.000000 0.000000 0.000000 0.000001 0.000001 0.000001 0.000005 0.000011 0.000026 0.000037 0.000052 0.000109 0.000180 0.000312 0.000432 0.000654 0.001019 0.001548 0.002220 0.003041 0.004397 0.005877 0.007962 0.010501 0.013481 0.017013 0.021035 0.025359 0.030062 0.035057 0.040030 0.044702 0.049055 0.052343 0.055069 0.056778 0.057215 0.056461 0.054844 0.051871 0.048727 0.043904 0.039316 0.034138 0.029219 0.024271 0.019768 0.015793 0.012393 0.009732 0.007070 0.005383 0.003717 0.002584 0.001876 0.001283 0.000770 0.000525 0.000339 0.000178 0.000099 0.000057 0.000046 0.000030 0.000012 0.000003 0.000003 0.000000 0.000001 0.000001 0.000000 0.000000 0.000000 0.000000 
t: 0.002800000000 start: 181 end: 254 0.000001 0.000000 0.000000 0.000001 0.000000 0.000002 0.000003 0.000010 0.000017 0.000025 0.000040 0.000068 0.000129 0.000239 0.000328 0.000528 0.000837 0.001262 0.001817 0.002563 0.003631 0.004996 0.006634 0.009132 0.011820 0.015009 0.018724 0.023005 0.027457 0.032242 0.037507 0.042448 0.046574 0.050934 0.054245 0.055993 0.057504 0.057744 0.056284 0.053722 0.050278 0.046640 0.041625 0.036877 0.031815 0.026594 0.021984 0.017596 0.013975 0.011091 0.008224 0.006174 0.004366 0.003175 0.002117 0.001447 0.000968 0.000608 0.000391 0.000252 0.000144 0.000078 0.000057 0.000022 0.000014 0.000007 0.000002 0.000003 0.000001 0.000000 0.000000 0.000000 0.000000 0.000000 
t: 0.002663043479 start: 187 end: 259 0.000001 0.000000 0.000001 0.000004 0.000008 0.000014 0.000019 0.000039 0.000060 0.000094 0.000187 0.000323 0.000458 0.000692 0.001104 0.001593 0.002307 0.003250 0.004520 0.006139 0.008402 0.010781 0.013941 0.017414 0.021835 0.026081 0.030879 0.036238 0.040904 0.045594 0.050009 0.053522 0.056011 0.057508 0.058040 0.056801 0.054334 0.052016 0.048006 0.042912 0.038262 0.033111 0.028208 0.023039 0.018581 0.014976 0.011656 0.008847 0.006558 0.004742 0.003396 0.002304 0.001523 0.001050 0.000654 0.000417 0.000259 0.000166 0.000095 0.000056 0.000029 0.000015 0.000007 0.000004 0.000003 0.000000 0.000001 0.000000 0.000000 0.000000 0.000000 0.000000 0.000000 
t: 0.002538860104 start: 190 end: 262 0.000001 0.000001 0.000000 0.000003 0.000005 0.000010 0.000021 0.000034 0.000056 0.000109 0.000177 0.000275 0.000466 0.000654 0.001057 0.001551 0.002173 0.003133 0.004280 0.006083 0.008085 0.010432 0.013905 0.017204 0.021370 0.025636 0.030652 0.035687 0.041157 0.045416 0.049864 0.053565 0.056163 0.057693 0.057898 0.056853 0.055522 0.052349 0.047804 0.043750 0.038623 0.032984 0.028359 0.023445 0.018888 0.014987 0.011710 0.008785 0.006446 0.004759 0.003370 0.002315 0.001527 0.000996 0.000704 0.000422 0.000240 0.000148 0.000092 0.000051 0.000030 0.000010 0.000007 0.000003 0.000003 0.000002 0.000000 0.000000 0.000000 0.000000 0.000000 0.000000 0.000000 
t: 0.002425742574 start: 193 end: 265 0.000001 0.000001 0.000001 0.000002 0.000005 0.000009 0.000028 0.000038 0.000064 0.000101 0.000168 0.000264 0.000498 0.000696 0.001064 0.001584 0.002233 0.003199 0.004465 0.006259 0.008183 0.010794 0.014135 0.017672 0.021836 0.026418 0.031635 0.036019 0.041675 0.046528 0.050431 0.054123 0.056635 0.058164 0.058299 0.057070 0.055348 0.052064 0.047666 0.042906 0.037538 0.032619 0.027517 0.022528 0.018366 0.014250 0.011131 0.008262 0.006122 0.004260 0.003206 0.002155 0.001349 0.000929 0.000598 0.000367 0.000219 0.000134 0.000075 0.000047 0.000017 0.000018 0.000008 0.000002 0.000002 0.000000 0.000000 0.000000 0.000000 0.000000 0.000000 0.000000 0.000000 
t: 0.002322274882 start: 196 end: 269 0.000001 0.000001 0.000002 0.000001 0.000005 0.000013 0.000025 0.000040 0.000077 0.000120 0.000185 0.000343 0.000485 0.000754 0.001165 0.001755 0.002383 0.003534 0.004973 0.006618 0.008828 0.011815 0.014892 0.018865 0.023096 0.027975 0.032694 0.038384 0.043051 0.048563 0.051558 0.055367 0.058007 0.058325 0.058329 0.057072 0.054495 0.050533 0.046434 0.041407 0.036047 0.031072 0.025870 0.020913 0.016718 0.013108 0.010011 0.007332 0.005314 0.003840 0.002661 0.001865 0.001184 0.000737 0.000448 0.000288 0.000166 0.000118 0.000061 0.000041 0.000022 0.000005 0.000004 0.000002 0.000002 0.000001 0.000000 0.000000 0.000000 0.000000 0.000000 0.000000 0.000000 0.000000 
t: 0.002227272727 start: 199 end: 271 0.000001 0.000002 0.000001 0.000003 0.000010 0.000015 0.000029 0.000057 0.000087 0.000138 0.000243 0.000386 0.000560 0.000870 0.001326 0.002002 0.002872 0.004133 0.005535 0.007567 0.010226 0.012904 0.016709 0.020860 0.025176 0.030157 0.035573 0.040675 0.045376 0.050831 0.054149 0.056582 0.058995 0.058523 0.057970 0.056209 0.053276 0.049208 0.043679 0.039127 0.033708 0.028067 0.023441 0.018868 0.014456 0.011245 0.008459 0.006250 0.004502 0.003124 0.002118 0.001413 0.000896 0.000543 0.000342 0.000236 0.000127 0.000080 0.000030 0.000027 0.000015 0.000006 0.000002 0.000002 0.000001 0.000000 0.000000 0.000000 0.000000 0.000000 0.000000 0.000000 0.000000 
t: 0.002139737991 start: 201 end: 270 0.000001 0.000000 0.000000 0.000005 0.000009 0.000010 0.000022 0.000039 0.000057 0.000124 0.000180 0.000306 0.000493 0.000740 0.001083 0.001714 0.002425 0.003482 0.004876 0.006683 0.009093 0.011637 0.015153 0.019127 0.023576 0.028128 0.033327 0.038799 0.043831 0.048994 0.053068 0.056261 0.058286 0.059446 0.058896 0.057451 0.054628 0.050418 0.046338 0.041048 0.035536 0.030151 0.025076 0.020140 0.015924 0.012228 0.009341 0.007012 0.004933 0.003442 0.002317 0.001566 0.000982 0.000645 0.000386 0.000244 0.000151 0.000071 0.000045 0.000027 0.000015 0.000011 0.000002 0.000001 0.000000 0.000000 0.000000 0.000000 0.000000 0.000000 
t: 0.002058823530 start: 204 end: 272 0.000001 0.000000 0.000003 0.000010 0.000012 0.000014 0.000029 0.000049 0.000090 0.000138 0.000251 0.000412 0.000678 0.000995 0.001481 0.002186 0.003094 0.004300 0.006278 0.008407 0.010853 0.014206 0.017869 0.022290 0.027301 0.031968 0.037540 0.042904 0.047791 0.052142 0.055585 0.058343 0.059549 0.059586 0.058248 0.055278 0.052199 0.048120 0.042089 0.036901 0.031192 0.026250 0.020861 0.016759 0.012884 0.009913 0.007215 0.005231 0.003712 0.002446 0.001619 0.001053 0.000688 0.000410 0.000246 0.000143 0.000078 0.000045 0.000035 0.000018 0.000010 0.000002 0.000000 0.000000 0.000000 0.000000 0.000000 0.000000 0.000000 
t: 0.001983805668 start: 206 end: 275 0.000001 0.000000 0.000003 0.000005 0.000005 0.000020 0.000022 0.000043 0.000081 0.000140 0.000237 0.000376 0.000600 0.000887 0.001392 0.002024 0.002917 0.004185 0.005945 0.007880 0.010466 0.013471 0.017428 0.021616 0.026442 0.031840 0.036976 0.042156 0.047113 0.051854 0.055676 0.058589 0.060090 0.059591 0.058546 0.056603 0.052815 0.048345 0.042937 0.037376 0.032111 0.026608 0.021296 0.016898 0.013427 0.009846 0.007386 0.005226 0.003674 0.002510 0.001644 0.001064 0.000656 0.000401 0.000227 0.000145 0.000074 0.000058 0.000031 0.000017 0.000003 0.000004 0.000001 0.000000 0.000000 0.000000 0.000000 0.000000 0.000000 0.000000 
t: 0.001914062500 start: 209 end: 278 0.000001 0.000001 0.000008 0.000010 0.000016 0.000024 0.000041 0.000074 0.000118 0.000234 0.000361 0.000570 0.000836 0.001302 0.002000 0.002873 0.004033 0.005739 0.007885 0.010503 0.013368 0.017003 0.021585 0.026565 0.031888 0.037087 0.042228 0.047156 0.051655 0.056087 0.059010 0.060101 0.060606 0.058867 0.056614 0.052926 0.048703 0.043225 0.037299 0.031817 0.026301 0.021138 0.016824 0.013095 0.009944 0.007199 0.004991 0.003600 0.002439 0.001611 0.000941 0.000595 0.000374 0.000217 0.000139 0.000085 0.000040 0.000027 0.000011 0.000006 0.000003 0.000001 0.000000 0.000000 0.000000 0.000000 0.000000 0.000000 0.000000 0.000000 
t: 0.001849056604 start: 212 end: 280 0.000004 0.000006 0.000010 0.000016 0.000020 0.000050 0.000080 0.000124 0.000190 0.000344 0.000589 0.000898 0.001302 0.002088 0.002873 0.004301 0.005670 0.007908 0.010454 0.013838 0.017381 0.022060 0.027034 0.032254 0.037072 0.043246 0.048124 0.052551 0.056708 0.059469 0.060894 0.060334 0.059132 0.056588 0.052705 0.048195 0.042500 0.036909 0.030730 0.025851 0.020831 0.016419 0.012297 0.009344 0.006738 0.004790 0.003264 0.002156 0.001428 0.000912 0.000538 0.000334 0.000188 0.000107 0.000080 0.000040 0.000018 0.000009 0.000001 0.000003 0.000001 0.000000 0.000000 0.000000 0.000000 0.000000 0.000000 0.000000 0.000000 
t: 0.001788321168 start: 213 end: 283 0.000001 0.000004 0.000005 0.000012 0.000011 0.000026 0.000054 0.000084 0.000114 0.000216 0.000386 0.000635 0.000915 0.001324 0.002138 0.003115 0.004450 0.005945 0.008236 0.010876 0.014457 0.018373 0.023008 0.027620 0.033072 0.038714 0.044107 0.049142 0.054062 0.057758 0.060375 0.061017 0.060601 0.059151 0.056101 0.051884 0.047080 0.041371 0.035771 0.029804 0.024459 0.019879 0.015186 0.011705 0.008467 0.006073 0.004274 0.002899 0.001930 0.001214 0.000790 0.000465 0.000270 0.000179 0.000080 0.000060 0.000028 0.000016 0.000004 0.000004 0.000001 0.000001 0.000001 0.000000 0.000000 0.000000 0.000000 0.000000 0.000000 0.000000 0.000000 
t: 0.001731448763 start: 214 end: 282 0.000001 0.000000 0.000004 0.000004 0.000012 0.000021 0.000030 0.000047 0.000084 0.000150 0.000249 0.000419 0.000644 0.000998 0.001596 0.002314 0.003376 0.004709 0.006429 0.008846 0.011897 0.015435 0.019199 0.024081 0.028969 0.034758 0.040501 0.045738 0.051223 0.055802 0.058582 0.061099 0.061262 0.060891 0.058705 0.055209 0.050758 0.045379 0.039819 0.033992 0.028306 0.022790 0.018011 0.014020 0.010514 0.007499 0.005354 0.003658 0.002462 0.001651 0.001009 0.000597 0.000407 0.000221 0.000125 0.000075 0.000039 0.000014 0.000008 0.000004 0.000003 0.000000 0.000001 0.000000 0.000000 0.000000 0.000000 0.000000 0.000000 
t: 0.001678082192 start: 216 end: 284 0.000001 0.000000 0.000004 0.000007 0.000011 0.000015 0.000034 0.000063 0.000092 0.000198 0.000279 0.000502 0.000729 0.001152 0.001817 0.002596 0.003683 0.005176 0.007340 0.009740 0.012817 0.016462 0.020946 0.025819 0.031109 0.037107 0.042633 0.048337 0.052680 0.057137 0.060186 0.061476 0.061802 0.060845 0.057834 0.053929 0.049066 0.043288 0.037768 0.031519 0.025908 0.021073 0.016125 0.012283 0.009079 0.006473 0.004505 0.003067 0.002037 0.001310 0.000811 0.000493 0.000269 0.000171 0.000101 0.000048 0.000023 0.000015 0.000004 0.000003 0.000001 0.000002 0.000000 0.000000 0.000000 0.000000 0.000000 0.000000 0.000000 
t: 0.001627906977 start: 218 end: 287 0.000002 0.000001 0.000004 0.000009 0.000008 0.000019 0.000045 0.000076 0.000130 0.000225 0.000372 0.000529 0.000886 0.001350 0.002063 0.002943 0.004270 0.005956 0.008219 0.010945 0.014272 0.018376 0.023066 0.028052 0.033682 0.039739 0.045247 0.050673 0.054932 0.059267 0.061506 0.062202 0.061714 0.059746 0.056601 0.052033 0.046600 0.040488 0.035010 0.029019 0.023449 0.018536 0.014046 0.010598 0.007626 0.005363 0.003624 0.002448 0.001608 0.001027 0.000608 0.000339 0.000205 0.000130 0.000053 0.000026 0.000020 0.000010 0.000001 0.000003 0.000002 0.000001 0.000000 0.000000 0.000000 0.000000 0.000000 0.000000 0.000000 0.000000 
t: 0.001580645161 start: 220 end: 288 0.000002 0.000003 0.000006 0.000007 0.000012 0.000033 0.000057 0.000094 0.000174 0.000262 0.000422 0.000652 0.001089 0.001601 0.002402 0.003560 0.005096 0.007000 0.009358 0.012406 0.016222 0.020635 0.025281 0.031131 0.036993 0.042707 0.048190 0.053174 0.057788 0.060946 0.062603 0.062401 0.061179 0.058545 0.054534 0.049325 0.043692 0.037404 0.031788 0.026176 0.020412 0.016015 0.011929 0.008618 0.006198 0.004217 0.002897 0.001901 0.001195 0.000702 0.000424 0.000242 0.000162 0.000064 0.000033 0.000021 0.000009 0.000006 0.000001 0.000003 0.000001 0.000000 0.000000 0.000000 0.000000 0.000000 0.000000 0.000000 0.000000 
t: 0.001536050157 start: 221 end: 289 0.000001 0.000002 0.000005 0.000010 0.000010 0.000010 0.000042 0.000066 0.000141 0.000216 0.000349 0.000516 0.000878 0.001321 0.002000 0.002929 0.004318 0.006092 0.008047 0.011040 0.014560 0.018698 0.023146 0.028480 0.034338 0.040349 0.046053 0.051739 0.056690 0.059805 0.062528 0.062761 0.062686 0.060142 0.056784 0.051289 0.046047 0.040327 0.033926 0.028088 0.022533 0.017523 0.013248 0.009699 0.007022 0.004805 0.003278 0.002136 0.001347 0.000859 0.000482 0.000317 0.000152 0.000084 0.000042 0.000025 0.000009 0.000006 0.000001 0.000002 0.000001 0.000000 0.000000 0.000000 0.000000 0.000000 0.000000 0.000000 0.000000 
t: 0.001493902439 start: 223 end: 289 0.000002 0.000005 0.000003 0.000009 0.000015 0.000029 0.000053 0.000104 0.000169 0.000285 0.000439 0.000711 0.001074 0.001663 0.002591 0.003762 0.005232 0.007188 0.009850 0.013181 0.017033 0.021293 0.026621 0.032094 0.038322 0.044224 0.049821 0.055148 0.059492 0.061943 0.063462 0.063421 0.061466 0.058319 0.053665 0.048214 0.042085 0.036142 0.029708 0.024280 0.019102 0.014301 0.010696 0.007661 0.005341 0.003722 0.002410 0.001423 0.000939 0.000570 0.000349 0.000177 0.000098 0.000043 0.000027 0.000011 0.000008 0.000002 0.000002 0.000000 0.000000 0.000000 0.000000 0.000000 0.000000 0.000000 0.000000 
t: 0.001454005935 start: 223 end: 291 0.000001 0.000001 0.000003 0.000004 0.000007 0.000008 0.000022 0.000051 0.000073 0.000136 0.000232 0.000386 0.000571 0.001007 0.001454 0.002167 0.003226 0.004738 0.006365 0.009018 0.011759 0.015637 0.019965 0.025069 0.030334 0.036475 0.042842 0.048299 0.054313 0.058689 0.061493 0.063484 0.063899 0.062613 0.059409 0.055613 0.049979 0.043901 0.037917 0.031459 0.025652 0.020293 0.015449 0.011531 0.008063 0.005831 0.003972 0.002562 0.001640 0.001031 0.000591 0.000324 0.000220 0.000118 0.000052 0.000023 0.000018 0.000005 0.000004 0.000001 0.000001 0.000000 0.000000 0.000000 0.000000 0.000000 0.000000 0.000000 0.000000 
t: 0.001416184971 start: 225 end: 292 0.000001 0.000004 0.000005 0.000002 0.000009 0.000021 0.000034 0.000053 0.000109 0.000190 0.000333 0.000517 0.000850 0.001285 0.001978 0.002891 0.004118 0.005797 0.008217 0.011131 0.014493 0.018794 0.023499 0.029091 0.035155 0.041461 0.047265 0.052779 0.057934 0.061384 0.063897 0.064266 0.063404 0.060686 0.056627 0.051688 0.045529 0.039263 0.032699 0.026816 0.021243 0.016428 0.012073 0.008730 0.006125 0.004206 0.002673 0.001722 0.001106 0.000597 0.000379 0.000226 0.000109 0.000049 0.000038 0.000006 0.000008 0.000001 0.000003 0.000003 0.000000 0.000000 0.000000 0.000000 0.000000 0.000000 0.000000 0.000000 
t: 0.001380281690 start: 225 end: 292 0.000001 0.000000 0.000002 0.000002 0.000005 0.000005 0.000011 0.000036 0.000056 0.000088 0.000160 0.000293 0.000451 0.000777 0.001148 0.001778 0.002654 0.003772 0.005339 0.007563 0.010368 0.013605 0.017711 0.022867 0.028087 0.033856 0.040312 0.046281 0.052235 0.057036 0.061446 0.063698 0.064823 0.064078 0.061650 0.057770 0.052739 0.046717 0.040564 0.033733 0.027620 0.021812 0.017116 0.012769 0.009056 0.006338 0.004403 0.002800 0.001834 0.001030 0.000667 0.000400 0.000222 0.000107 0.000054 0.000026 0.000014 0.000006 0.000004 0.000004 0.000001 0.000000 0.000000 0.000000 0.000000 0.000000 0.000000 0.000000 
t: 0.001346153846 start: 226 end: 294 0.000001 0.000002 0.000001 0.000001 0.000003 0.000005 0.000012 0.000027 0.000050 0.000074 0.000145 0.000231 0.000424 0.000670 0.001061 0.001671 0.002477 0.003489 0.004966 0.007088 0.009755 0.012959 0.017039 0.021882 0.027519 0.033003 0.039698 0.045411 0.051449 0.057063 0.061053 0.063703 0.065352 0.064607 0.062391 0.058795 0.053659 0.047842 0.041070 0.034803 0.028208 0.022342 0.017404 0.013118 0.009337 0.006418 0.004494 0.002817 0.001798 0.001122 0.000646 0.000434 0.000199 0.000113 0.000044 0.000029 0.000014 0.000005 0.000003 0.000003 0.000001 0.000000 0.000000 0.000000 0.000000 0.000000 0.000000 0.000000 0.000000 
t: 0.001313672922 start: 227 end: 294 0.000001 0.000001 0.000000 0.000004 0.000001 0.000009 0.000008 0.000021 0.000045 0.000057 0.000137 0.000214 0.000384 0.000659 0.000954 0.001561 0.002264 0.003348 0.004760 0.006644 0.009341 0.012593 0.016652 0.021206 0.026733 0.032627 0.038548 0.045334 0.051370 0.056593 0.061054 0.064366 0.065377 0.065176 0.063077 0.059435 0.054544 0.048073 0.041972 0.035091 0.028775 0.022718 0.017470 0.013156 0.009433 0.006574 0.004496 0.002797 0.001772 0.001122 0.000674 0.000371 0.000194 0.000111 0.000053 0.000026 0.000013 0.000005 0.000004 0.000001 0.000001 0.000000 0.000000 0.000000 0.000000 0.000000 0.000000 0.000000 
t: 0.001282722513 start: 229 end: 295 0.000001 0.000002 0.000001 0.000001 0.000008 0.000009 0.000022 0.000042 0.000060 0.000109 0.000202 0.000356 0.000576 0.000963 0.001454 0.002169 0.003213 0.004571 0.006550 0.009110 0.012108 0.016261 0.020867 0.026345 0.032044 0.038477 0.045199 0.051473 0.056510 0.061140 0.064446 0.066285 0.065389 0.063491 0.059832 0.054919 0.048836 0.041848 0.035404 0.028908 0.023028 0.017449 0.013067 0.009383 0.006395 0.004437 0.002800 0.001789 0.001066 0.000652 0.000347 0.000174 0.000115 0.000048 0.000027 0.000015 0.000004 0.000001 0.000002 0.000000 0.000000 0.000000 0.000000 0.000000 0.000000 0.000000 0.000000 
t: 0.001253196931 start: 229 end: 293 0.000001 0.000000 0.000000 0.000002 0.000003 0.000005 0.000005 0.000021 0.000040 0.000060 0.000101 0.000202 0.000329 0.000564 0.000901 0.001431 0.002107 0.003027 0.004539 0.006365 0.009016 0.012049 0.015976 0.020612 0.026168 0.032105 0.038655 0.045270 0.051274 0.056825 0.061539 0.064695 0.066554 0.066086 0.063597 0.060447 0.055331 0.048823 0.041847 0.035114 0.029100 0.022658 0.017303 0.012887 0.009062 0.006375 0.004283 0.002641 0.001723 0.001019 0.000573 0.000321 0.000177 0.000099 0.000052 0.000022 0.000011 0.000005 0.000003 0.000000 0.000000 0.000000 0.000000 0.000000 0.000000 
t: 0.001225000000 start: 231 end: 295 0.000001 0.000000 0.000001 0.000005 0.000003 0.000008 0.000020 0.000033 0.000068 0.000083 0.000202 0.000315 0.000540 0.000877 0.001368 0.002052 0.003146 0.004462 0.006329 0.008883 0.012053 0.016120 0.020518 0.026092 0.032209 0.038905 0.045674 0.051522 0.057404 0.061842 0.065389 0.066607 0.066381 0.064338 0.060191 0.055321 0.048754 0.041617 0.035273 0.028555 0.022255 0.016969 0.012331 0.008890 0.006095 0.004076 0.002568 0.001558 0.000940 0.000531 0.000293 0.000159 0.000084 0.000052 0.000021 0.000010 0.000006 0.000001 0.000000 0.000000 0.000000 0.000000 0.000000 0.000000 0.000000 
t: 0.001198044010 start: 231 end: 294 0.000001 0.000000 0.000000 0.000001 0.000000 0.000007 0.000009 0.000018 0.000028 0.000067 0.000104 0.000202 0.000302 0.000533 0.000857 0.001319 0.002120 0.003124 0.004463 0.006402 0.008889 0.012191 0.016162 0.020925 0.026480 0.032493 0.039184 0.045754 0.052731 0.057987 0.062375 0.065751 0.066969 0.066913 0.064279 0.060347 0.055193 0.048284 0.041367 0.034490 0.027844 0.021858 0.016515 0.011849 0.008513 0.005658 0.003732 0.002400 0.001419 0.000868 0.000482 0.000252 0.000134 0.000085 0.000042 0.000014 0.000005 0.000008 0.000000 0.000001 0.000000 0.000000 0.000000 0.000000 
t: 0.001172248804 start: 232 end: 296 0.000001 0.000000 0.000001 0.000000 0.000001 0.000003 0.000011 0.000021 0.000026 0.000058 0.000117 0.000181 0.000307 0.000540 0.000876 0.001374 0.002151 0.003054 0.004451 0.006541 0.009090 0.012435 0.016459 0.021329 0.026922 0.033311 0.039614 0.046805 0.053390 0.058835 0.063279 0.065910 0.067874 0.066668 0.064549 0.060171 0.054775 0.047777 0.040630 0.033616 0.026874 0.021178 0.015626 0.011317 0.007931 0.005358 0.003458 0.002159 0.001283 0.000775 0.000412 0.000226 0.000132 0.000063 0.000033 0.000009 0.000010 0.000002 0.000001 0.000000 0.000000 0.000000 0.000000 0.000000 0.000000 
t: 0.001147540984 start: 233 end: 297 0.000001 0.000000 0.000001 0.000000 0.000002 0.000002 0.000012 0.000022 0.000031 0.000059 0.000107 0.000190 0.000318 0.000521 0.000920 0.001381 0.002155 0.003208 0.004622 0.006754 0.009259 0.012730 0.017062 0.021935 0.027751 0.033933 0.040777 0.047752 0.054073 0.059854 0.064128 0.067198 0.067642 0.067450 0.063719 0.059999 0.053951 0.046847 0.039735 0.032645 0.025978 0.020053 0.014829 0.010576 0.007346 0.004846 0.003141 0.001892 0.001160 0.000678 0.000369 0.000192 0.000099 0.000051 0.000027 0.000007 0.000007 0.000002 0.000001 0.000000 0.000000 0.000000 0.000000 0.000000 0.000000 
t: 0.001123853211 start: 235 end: 298 0.000001 0.000000 0.000002 0.000001 0.000003 0.000010 0.000021 0.000030 0.000064 0.000116 0.000199 0.000321 0.000556 0.000939 0.001462 0.002212 0.003394 0.004789 0.006864 0.009750 0.013488 0.017356 0.022823 0.028701 0.034967 0.041795 0.048835 0.055310 0.060936 0.065319 0.067523 0.068688 0.066661 0.064072 0.059035 0.053060 0.045779 0.038401 0.031278 0.025015 0.018925 0.013779 0.009753 0.006647 0.004421 0.002773 0.001703 0.001023 0.000567 0.000317 0.000163 0.000079 0.000043 0.000017 0.000009 0.000002 0.000003 0.000000 0.000000 0.000000 0.000000 0.000000 0.000000 0.000000 
t: 0.001101123596 start: 235 end: 296 0.000001 0.000000 0.000000 0.000001 0.000000 0.000007 0.000009 0.000019 0.000039 0.000066 0.000118 0.000229 0.000342 0.000615 0.000913 0.001578 0.002393 0.003436 0.005069 0.007261 0.010419 0.013874 0.018109 0.023834 0.029695 0.036449 0.043221 0.050057 0.056668 0.062372 0.066091 0.068653 0.068767 0.066733 0.063456 0.058291 0.051704 0.044218 0.036903 0.030045 0.023375 0.017754 0.012630 0.008880 0.006067 0.003865 0.002480 0.001480 0.000848 0.000477 0.000240 0.000124 0.000075 0.000024 0.000016 0.000005 0.000005 0.000000 0.000000 0.000000 0.000000 0.000000 
t: 0.001079295154 start: 236 end: 297 0.000001 0.000000 0.000001 0.000000 0.000000 0.000006 0.000009 0.000026 0.000036 0.000063 0.000131 0.000232 0.000384 0.000648 0.001015 0.001630 0.002477 0.003729 0.005379 0.007890 0.010946 0.014459 0.019296 0.024705 0.031448 0.037732 0.044642 0.051918 0.058421 0.063455 0.067079 0.069530 0.068703 0.066705 0.062501 0.057071 0.050328 0.042511 0.035485 0.028294 0.021644 0.016356 0.011474 0.008020 0.005400 0.003439 0.002065 0.001237 0.000699 0.000379 0.000211 0.000104 0.000053 0.000019 0.000006 0.000006 0.000002 0.000000 0.000000 0.000000 0.000000 0.000000 
t: 0.001058315335 start: 238 end: 299 0.000002 0.000000 0.000000 0.000001 0.000005 0.000019 0.000016 0.000031 0.000079 0.000140 0.000259 0.000420 0.000690 0.001151 0.001706 0.002709 0.003990 0.005936 0.008333 0.011558 0.015605 0.020157 0.026391 0.032896 0.039519 0.046380 0.053622 0.060113 0.064923 0.068254 0.069532 0.069252 0.066003 0.061660 0.056051 0.047899 0.040881 0.033423 0.026421 0.020205 0.014799 0.010345 0.007049 0.004694 0.002884 0.001832 0.000985 0.000565 0.000316 0.000164 0.000080 0.000032 0.000013 0.000006 0.000003 0.000001 0.000000 0.000000 0.000000 0.000000 0.000000 0.000000 
t: 0.001038135593 start: 238 end: 299 0.000001 0.000001 0.000000 0.000000 0.000003 0.000004 0.000012 0.000024 0.000041 0.000080 0.000167 0.000270 0.000453 0.000769 0.001252 0.001904 0.002903 0.004366 0.006446 0.009038 0.012337 0.016518 0.021892 0.027801 0.034569 0.041369 0.048898 0.055535 0.061450 0.066576 0.069362 0.070239 0.068760 0.065012 0.060723 0.053982 0.046183 0.038601 0.031330 0.024471 0.018572 0.013138 0.009195 0.006216 0.003848 0.002526 0.001427 0.000829 0.000452 0.000238 0.000119 0.000061 0.000018 0.000014 0.000004 0.000001 0.000000 0.000000 0.000000 0.000000 0.000000 0.000000 
t: 0.001018711019 start: 240 end: 301 0.000002 0.000000 0.000002 0.000000 0.000006 0.000014 0.000028 0.000049 0.000098 0.000179 0.000302 0.000487 0.000886 0.001368 0.002120 0.003177 0.004827 0.007107 0.009668 0.013318 0.018008 0.023428 0.029537 0.036442 0.043720 0.050965 0.057953 0.063302 0.067522 0.070456 0.070541 0.068190 0.064277 0.059155 0.051752 0.043749 0.036494 0.029113 0.022471 0.016440 0.011622 0.008153 0.005162 0.003376 0.002020 0.001159 0.000652 0.000364 0.000190 0.000082 0.000039 0.000016 0.000009 0.000001 0.000001 0.000001 0.000000 0.000000 0.000000 0.000000 0.000000 0.000000 
t: 0.001000000000 start: 240 end: 302 0.000001 0.000000 0.000001 0.000002 0.000003 0.000009 0.000012 0.000036 0.000052 0.000114 0.000181 0.000319 0.000599 0.001013 0.001466 0.002400 0.003577 0.005323 0.007704 0.010678 0.014603 0.019559 0.025214 0.031496 0.038767 0.045982 0.053615 0.059718 0.065176 0.069202 0.071323 0.070429 0.067462 0.063000 0.056882 0.049246 0.041690 0.033657 0.026864 0.020149 0.014689 0.010227 0.006787 0.004435 0.002727 0.001645 0.000949 0.000500 0.000287 0.000131 0.000054 0.000025 0.000014 0.000004 0.000001 0.000001 0.000000 0.000000 0.000000 0.000000 0.000000 0.000000 0.000000 
