t: 0.059999999999 start: 16 end: 55 0.000001 0.000008 0.000034 0.000126 0.000379 0.001219 0.003233 0.007340 0.015395 0.028668 0.047320 0.070652 0.094636 0.114267 0.124782 0.123188 0.110053 0.089964 0.066732 0.044706 0.027498 0.015569 0.007956 0.003714 0.001530 0.000677 0.000241 0.000080 0.000021 0.000008 0.000002 0.000001 0.000000 0.000000 0.000000 0.000000 0.000000 0.000000 0.000000 0.000000 
t: 0.054545454544 start: 17 end: 59 0.000001 0.000001 0.000008 0.000018 0.000104 0.000335 0.000863 0.002198 0.005346 0.011079 0.021107 0.036166 0.055297 0.077724 0.099455 0.113860 0.120310 0.116173 0.101507 0.082219 0.060574 0.041029 0.025660 0.014620 0.007762 0.003735 0.001687 0.000743 0.000269 0.000103 0.000034 0.000008 0.000002 0.000002 0.000001 0.000000 0.000000 0.000000 0.000000 0.000000 0.000000 0.000000 0.000000 
t: 0.049999999999 start: 20 end: 61 0.000001 0.000006 0.000013 0.000087 0.000213 0.000666 0.001713 0.004055 0.008388 0.015821 0.028132 0.044317 0.064108 0.084833 0.101750 0.113573 0.115656 0.107873 0.092949 0.074447 0.054441 0.036831 0.023128 0.013435 0.007202 0.003518 0.001640 0.000740 0.000299 0.000105 0.000040 0.000014 0.000004 0.000002 0.000000 0.000000 0.000000 0.000000 0.000000 0.000000 0.000000 0.000000 
t: 0.046153846153 start: 23 end: 65 0.000008 0.000019 0.000060 0.000191 0.000530 0.001323 0.003059 0.006612 0.012570 0.021985 0.035401 0.053520 0.072154 0.090683 0.104616 0.110936 0.109559 0.099903 0.084854 0.066619 0.048263 0.032107 0.020689 0.011924 0.006364 0.003279 0.001579 0.000732 0.000297 0.000099 0.000040 0.000020 0.000003 0.000001 0.000001 0.000000 0.000000 0.000000 0.000000 0.000000 0.000000 0.000000 0.000000 
t: 0.042857142857 start: 24 end: 67 0.000002 0.000004 0.000024 0.000061 0.000153 0.000441 0.001091 0.002475 0.005183 0.010134 0.017935 0.029485 0.044466 0.061777 0.079939 0.095404 0.105028 0.108392 0.102911 0.091771 0.075974 0.058562 0.041934 0.028092 0.017673 0.010136 0.005677 0.002837 0.001395 0.000618 0.000273 0.000085 0.000044 0.000019 0.000004 0.000000 0.000001 0.000000 0.000000 0.000000 0.000000 0.000000 0.000000 0.000000 
t: 0.040000000000 start: 27 end: 70 0.000006 0.000015 0.000039 0.000147 0.000385 0.000915 0.002120 0.004285 0.008360 0.014989 0.024640 0.038060 0.053753 0.070330 0.086432 0.098290 0.104796 0.103248 0.095515 0.083238 0.066980 0.051053 0.035988 0.023620 0.014859 0.008658 0.004683 0.002459 0.001213 0.000549 0.000223 0.000096 0.000041 0.000011 0.000002 0.000002 0.000000 0.000000 0.000000 0.000000 0.000000 0.000000 0.000000 0.000000 
t: 0.037500000000 start: 29 end: 73 0.000008 0.000015 0.000042 0.000104 0.000341 0.000794 0.001830 0.003710 0.007018 0.012701 0.021254 0.032614 0.047146 0.063024 0.078461 0.091618 0.099552 0.102232 0.097636 0.087413 0.074101 0.058643 0.043311 0.030034 0.019590 0.012184 0.007124 0.003822 0.001970 0.000968 0.000428 0.000191 0.000078 0.000029 0.000011 0.000002 0.000001 0.000000 0.000000 0.000000 0.000000 0.000000 0.000000 0.000000 0.000000 
t: 0.035294117647 start: 30 end: 75 0.000001 0.000004 0.000016 0.000040 0.000117 0.000318 0.000711 0.001574 0.003212 0.006200 0.011228 0.018326 0.028879 0.041856 0.056606 0.071525 0.084894 0.094978 0.099107 0.097516 0.091033 0.079008 0.064327 0.049974 0.036563 0.024771 0.015840 0.009746 0.005685 0.003038 0.001592 0.000761 0.000320 0.000134 0.000062 0.000029 0.000008 0.000000 0.000001 0.000000 0.000000 0.000000 0.000000 0.000000 0.000000 0.000000 
t: 0.033333333333 start: 31 end: 78 0.000001 0.000000 0.000006 0.000013 0.000043 0.000113 0.000267 0.000640 0.001461 0.002894 0.005672 0.009830 0.016566 0.025788 0.037671 0.051106 0.065070 0.079456 0.090319 0.096576 0.096815 0.091618 0.082294 0.069630 0.055437 0.041809 0.029534 0.020019 0.012540 0.007737 0.004468 0.002407 0.001185 0.000584 0.000226 0.000135 0.000044 0.000017 0.000007 0.000001 0.000001 0.000000 0.000000 0.000000 0.000000 0.000000 0.000000 0.000000 
t: 0.031578947368 start: 34 end: 80 0.000002 0.000005 0.000017 0.000030 0.000113 0.000266 0.000579 0.001380 0.002677 0.005140 0.009030 0.015161 0.023094 0.034177 0.047123 0.060987 0.074256 0.085368 0.093235 0.094841 0.092032 0.084511 0.073458 0.060041 0.046355 0.034156 0.023553 0.015785 0.009933 0.006009 0.003300 0.001758 0.000893 0.000425 0.000189 0.000068 0.000031 0.000015 0.000007 0.000000 0.000000 0.000000 0.000000 0.000000 0.000000 0.000000 0.000000 
t: 0.030000000000 start: 36 end: 83 0.000001 0.000005 0.000019 0.000040 0.000108 0.000265 0.000551 0.001246 0.002609 0.004833 0.008500 0.013844 0.021567 0.031461 0.043748 0.056954 0.070452 0.081063 0.089669 0.093051 0.092058 0.085538 0.075802 0.063127 0.050375 0.038203 0.027484 0.018585 0.012224 0.007446 0.004305 0.002430 0.001253 0.000651 0.000309 0.000137 0.000048 0.000026 0.000011 0.000002 0.000000 0.000000 0.000000 0.000000 0.000000 0.000000 0.000000 0.000000 
t: 0.028571428571 start: 37 end: 86 0.000001 0.000001 0.000006 0.000011 0.000056 0.000118 0.000273 0.000604 0.001218 0.002444 0.004575 0.008063 0.013026 0.020269 0.029831 0.041159 0.053806 0.066359 0.078422 0.086058 0.090715 0.090778 0.085954 0.077327 0.066059 0.053655 0.041483 0.030881 0.021679 0.014178 0.008987 0.005378 0.003141 0.001795 0.000885 0.000467 0.000196 0.000078 0.000048 0.000008 0.000006 0.000002 0.000000 0.000000 0.000000 0.000000 0.000000 0.000000 0.000000 0.000000 
t: 0.027272727273 start: 39 end: 89 0.000001 0.000003 0.000006 0.000023 0.000065 0.000114 0.000262 0.000566 0.001273 0.002408 0.004577 0.007740 0.012586 0.019403 0.028340 0.039010 0.051355 0.063667 0.074702 0.083375 0.088728 0.089902 0.085884 0.078366 0.067767 0.056220 0.044245 0.033744 0.023913 0.015954 0.010747 0.006642 0.003919 0.002139 0.001257 0.000598 0.000292 0.000120 0.000049 0.000025 0.000008 0.000002 0.000003 0.000000 0.000000 0.000000 0.000000 0.000000 0.000000 0.000000 0.000000 
t: 0.026086956522 start: 40 end: 91 0.000001 0.000000 0.000003 0.000008 0.000028 0.000052 0.000128 0.000318 0.000610 0.001277 0.002383 0.004486 0.007730 0.012373 0.018985 0.027452 0.037281 0.049633 0.060903 0.072248 0.080839 0.086877 0.087996 0.085266 0.078999 0.069748 0.057967 0.046502 0.035588 0.026019 0.018152 0.012163 0.007663 0.004626 0.002680 0.001527 0.000793 0.000378 0.000178 0.000080 0.000033 0.000017 0.000007 0.000002 0.000000 0.000001 0.000000 0.000000 0.000000 0.000000 0.000000 0.000000 
t: 0.025000000000 start: 41 end: 94 0.000001 0.000000 0.000002 0.000005 0.000013 0.000032 0.000049 0.000161 0.000315 0.000652 0.001370 0.002553 0.004524 0.007677 0.012220 0.018527 0.026813 0.036680 0.047744 0.059273 0.070370 0.079112 0.084538 0.086600 0.084407 0.079101 0.070403 0.059323 0.048234 0.037463 0.027814 0.019706 0.013300 0.008722 0.005389 0.003179 0.001801 0.001004 0.000495 0.000219 0.000112 0.000057 0.000024 0.000010 0.000003 0.000002 0.000000 0.000001 0.000000 0.000000 0.000000 0.000000 0.000000 0.000000 
t: 0.024000000000 start: 44 end: 98 0.000001 0.000001 0.000005 0.000010 0.000039 0.000086 0.000160 0.000322 0.000769 0.001424 0.002573 0.004649 0.007643 0.012371 0.018503 0.026490 0.036256 0.046463 0.058451 0.068780 0.077031 0.083114 0.085202 0.083713 0.078367 0.070073 0.060451 0.049848 0.039149 0.028990 0.021019 0.014301 0.009638 0.005955 0.003677 0.002099 0.001143 0.000656 0.000310 0.000151 0.000063 0.000029 0.000015 0.000004 0.000004 0.000001 0.000001 0.000000 0.000000 0.000000 0.000000 0.000000 0.000000 0.000000 0.000000 
t: 0.023076923077 start: 46 end: 99 0.000001 0.000001 0.000006 0.000017 0.000037 0.000075 0.000181 0.000399 0.000819 0.001478 0.002816 0.004926 0.007680 0.012507 0.018690 0.026485 0.035744 0.046342 0.057469 0.067221 0.075695 0.081819 0.083959 0.082847 0.078074 0.070025 0.060778 0.050436 0.039763 0.030273 0.022062 0.015343 0.010175 0.006564 0.004174 0.002380 0.001325 0.000704 0.000345 0.000193 0.000091 0.000046 0.000022 0.000007 0.000005 0.000001 0.000000 0.000000 0.000000 0.000000 0.000000 0.000000 0.000000 0.000000 
t: 0.022222222222 start: 47 end: 99 0.000001 0.000000 0.000002 0.000011 0.000016 0.000038 0.000094 0.000217 0.000452 0.000903 0.001700 0.002989 0.005000 0.008251 0.012901 0.018923 0.026840 0.035788 0.045956 0.056656 0.066584 0.075017 0.080352 0.082970 0.081633 0.076982 0.069903 0.060864 0.050816 0.040319 0.030824 0.022908 0.016008 0.010754 0.007055 0.004395 0.002600 0.001605 0.000828 0.000411 0.000229 0.000111 0.000054 0.000017 0.000017 0.000006 0.000000 0.000000 0.000000 0.000000 0.000000 0.000000 0.000000 
t: 0.021428571428 start: 51 end: 104 0.000004 0.000008 0.000025 0.000061 0.000099 0.000231 0.000530 0.001019 0.001871 0.003163 0.005537 0.008754 0.013250 0.019462 0.027204 0.036241 0.046047 0.056712 0.065878 0.074027 0.079791 0.081788 0.080398 0.076342 0.069378 0.060201 0.050522 0.040549 0.031518 0.022938 0.016697 0.011241 0.007262 0.004761 0.002865 0.001674 0.000951 0.000483 0.000273 0.000114 0.000072 0.000037 0.000015 0.000005 0.000001 0.000001 0.000000 0.000000 0.000000 0.000000 0.000000 0.000000 0.000000 0.000000 
t: 0.020689655172 start: 52 end: 105 0.000001 0.000004 0.000011 0.000032 0.000051 0.000132 0.000315 0.000596 0.001152 0.002089 0.003548 0.005838 0.009408 0.013953 0.020211 0.027858 0.036889 0.046731 0.056358 0.066012 0.073128 0.078915 0.080634 0.080208 0.074924 0.068478 0.059335 0.049914 0.040595 0.031304 0.023500 0.016950 0.011380 0.007692 0.004870 0.003062 0.001785 0.001005 0.000538 0.000307 0.000149 0.000073 0.000035 0.000019 0.000006 0.000005 0.000000 0.000000 0.000000 0.000000 0.000000 0.000000 0.000000 0.000000 
t: 0.020000000000 start: 53 end: 108 0.000001 0.000002 0.000005 0.000020 0.000031 0.000075 0.000194 0.000384 0.000683 0.001298 0.002387 0.003926 0.006353 0.010004 0.014915 0.021245 0.028819 0.037614 0.047020 0.057051 0.065787 0.073021 0.077973 0.080212 0.078697 0.074396 0.067143 0.058579 0.048877 0.039950 0.031299 0.023472 0.016760 0.011745 0.007806 0.004973 0.003123 0.001886 0.001039 0.000580 0.000320 0.000172 0.000101 0.000033 0.000018 0.000005 0.000005 0.000001 0.000000 0.000000 0.000000 0.000000 0.000000 0.000000 0.000000 0.000000 
t: 0.019354838710 start: 54 end: 110 0.000001 0.000001 0.000006 0.000006 0.000017 0.000052 0.000103 0.000222 0.000452 0.000843 0.001528 0.002664 0.004320 0.006922 0.010885 0.015951 0.022253 0.030191 0.038727 0.048161 0.057577 0.066620 0.072760 0.077099 0.078998 0.077390 0.073149 0.065634 0.057480 0.048651 0.038861 0.030790 0.022955 0.016647 0.011732 0.007842 0.004998 0.003222 0.001898 0.001104 0.000579 0.000334 0.000202 0.000094 0.000047 0.000017 0.000007 0.000006 0.000002 0.000000 0.000000 0.000000 0.000000 0.000000 0.000000 0.000000 0.000000 
t: 0.018750000000 start: 57 end: 111 0.000004 0.000002 0.000015 0.000029 0.000055 0.000131 0.000287 0.000511 0.001013 0.001770 0.002989 0.005029 0.007858 0.011703 0.017054 0.023711 0.031224 0.040108 0.049626 0.058677 0.066535 0.072774 0.076514 0.078573 0.076046 0.071461 0.064331 0.056047 0.046813 0.038064 0.030393 0.022524 0.016117 0.011663 0.007811 0.005072 0.003124 0.001911 0.001078 0.000630 0.000361 0.000181 0.000102 0.000048 0.000017 0.000012 0.000000 0.000002 0.000000 0.000000 0.000000 0.000000 0.000000 0.000000 0.000000 
t: 0.018181818182 start: 59 end: 114 0.000002 0.000008 0.000012 0.000046 0.000077 0.000174 0.000325 0.000647 0.001171 0.002063 0.003562 0.005593 0.008704 0.012957 0.018376 0.024831 0.032789 0.041811 0.051072 0.059689 0.066969 0.073036 0.076423 0.076904 0.074931 0.070086 0.062784 0.054657 0.045745 0.037006 0.028785 0.021553 0.015985 0.011306 0.007481 0.004996 0.003121 0.001871 0.001100 0.000628 0.000338 0.000199 0.000104 0.000050 0.000020 0.000005 0.000004 0.000004 0.000000 0.000000 0.000000 0.000000 0.000000 0.000000 0.000000 0.000000 
t: 0.017647058823 start: 61 end: 116 0.000005 0.000015 0.000017 0.000058 0.000112 0.000192 0.000416 0.000811 0.001468 0.002396 0.004070 0.006395 0.009968 0.014129 0.019640 0.026753 0.034577 0.043816 0.052570 0.060823 0.067841 0.073112 0.075735 0.075724 0.073457 0.068038 0.061307 0.052855 0.044093 0.035702 0.027774 0.020757 0.015214 0.010845 0.007316 0.004815 0.003027 0.001797 0.001049 0.000597 0.000352 0.000173 0.000098 0.000059 0.000018 0.000008 0.000003 0.000003 0.000000 0.000000 0.000000 0.000000 0.000000 0.000000 0.000000 0.000000 
t: 0.017142857143 start: 61 end: 118 0.000001 0.000002 0.000004 0.000021 0.000031 0.000073 0.000132 0.000273 0.000525 0.000986 0.001742 0.002951 0.004712 0.007275 0.010819 0.015606 0.021513 0.028666 0.036931 0.045597 0.054000 0.062019 0.068736 0.073387 0.075435 0.074925 0.071663 0.066287 0.058743 0.051103 0.042428 0.034091 0.026353 0.020031 0.014507 0.010116 0.006963 0.004510 0.002797 0.001738 0.001017 0.000606 0.000330 0.000179 0.000094 0.000043 0.000021 0.000009 0.000008 0.000001 0.000000 0.000000 0.000000 0.000000 0.000000 0.000000 0.000000 0.000000 
t: 0.016666666667 start: 63 end: 120 0.000001 0.000003 0.000007 0.000019 0.000048 0.000087 0.000174 0.000361 0.000707 0.001231 0.002070 0.003487 0.005494 0.008389 0.012167 0.017123 0.023380 0.031009 0.038670 0.047586 0.056118 0.063637 0.069310 0.073598 0.074417 0.073580 0.070219 0.064352 0.056905 0.048575 0.040684 0.032495 0.024975 0.018728 0.013771 0.009429 0.006509 0.004244 0.002638 0.001565 0.001001 0.000608 0.000314 0.000144 0.000087 0.000048 0.000015 0.000012 0.000008 0.000001 0.000000 0.000000 0.000000 0.000000 0.000000 0.000000 0.000000 0.000000 
t: 0.016216216216 start: 65 end: 122 0.000001 0.000006 0.000015 0.000041 0.000052 0.000133 0.000255 0.000477 0.000874 0.001529 0.002517 0.004115 0.006529 0.009521 0.013692 0.018859 0.025682 0.033059 0.041408 0.049530 0.057822 0.065166 0.070159 0.073220 0.073730 0.072468 0.068163 0.062145 0.054419 0.046496 0.038528 0.030650 0.023601 0.017565 0.012810 0.008925 0.006041 0.003864 0.002424 0.001472 0.000902 0.000509 0.000306 0.000169 0.000077 0.000031 0.000022 0.000013 0.000006 0.000002 0.000000 0.000000 0.000000 0.000000 0.000000 0.000000 0.000000 0.000000 
t: 0.015789473684 start: 67 end: 124 0.000007 0.000008 0.000021 0.000051 0.000093 0.000174 0.000341 0.000651 0.001144 0.001791 0.003006 0.005057 0.007364 0.010914 0.015367 0.020997 0.028080 0.035738 0.043880 0.052210 0.059973 0.065923 0.070629 0.073227 0.073023 0.070912 0.065875 0.059594 0.052068 0.044232 0.036263 0.028509 0.022003 0.016455 0.011638 0.008275 0.005569 0.003525 0.002242 0.001339 0.000786 0.000488 0.000262 0.000149 0.000080 0.000028 0.000020 0.000013 0.000004 0.000002 0.000000 0.000000 0.000000 0.000000 0.000000 0.000000 0.000000 0.000000 
t: 0.015384615385 start: 68 end: 127 0.000004 0.000007 0.000010 0.000035 0.000055 0.000136 0.000242 0.000426 0.000800 0.001413 0.002367 0.003695 0.005892 0.008711 0.012437 0.017454 0.023449 0.030459 0.038380 0.046882 0.054332 0.061333 0.067432 0.071555 0.072479 0.071965 0.069222 0.063711 0.056850 0.049352 0.041675 0.033873 0.026755 0.020449 0.014909 0.010690 0.007539 0.004964 0.003230 0.001949 0.001245 0.000740 0.000385 0.000238 0.000141 0.000066 0.000032 0.000018 0.000009 0.000003 0.000004 0.000000 0.000001 0.000000 0.000000 0.000000 0.000000 0.000000 0.000000 0.000000 
t: 0.015000000000 start: 69 end: 129 0.000003 0.000003 0.000012 0.000023 0.000046 0.000088 0.000179 0.000322 0.000560 0.001043 0.001758 0.002931 0.004568 0.006955 0.010061 0.014500 0.019519 0.025945 0.033424 0.041496 0.049206 0.056554 0.063674 0.068313 0.071330 0.072285 0.070623 0.066874 0.061095 0.054472 0.046611 0.038953 0.031645 0.024567 0.018518 0.013899 0.009586 0.006734 0.004415 0.002866 0.001787 0.001082 0.000662 0.000381 0.000213 0.000101 0.000050 0.000041 0.000011 0.000009 0.000003 0.000003 0.000001 0.000000 0.000000 0.000000 0.000000 0.000000 0.000000 0.000000 0.000000 
t: 0.014634146341 start: 69 end: 130 0.000002 0.000001 0.000002 0.000009 0.000015 0.000029 0.000069 0.000134 0.000236 0.000403 0.000779 0.001300 0.002253 0.003546 0.005558 0.008225 0.011867 0.016453 0.022365 0.028828 0.036314 0.044472 0.052007 0.058532 0.065136 0.069621 0.071430 0.071288 0.068992 0.064259 0.058335 0.051818 0.043835 0.036231 0.028892 0.022611 0.016896 0.012408 0.008533 0.006008 0.003946 0.002522 0.001586 0.000983 0.000582 0.000320 0.000176 0.000090 0.000051 0.000023 0.000013 0.000010 0.000005 0.000001 0.000000 0.000000 0.000000 0.000000 0.000000 0.000000 0.000000 0.000000 
t: 0.014285714286 start: 71 end: 133 0.000002 0.000004 0.000005 0.000006 0.000029 0.000059 0.000099 0.000152 0.000311 0.000576 0.001047 0.001677 0.002935 0.004372 0.006606 0.009853 0.013781 0.018751 0.024968 0.031982 0.039670 0.047123 0.054951 0.060972 0.066613 0.069848 0.071201 0.069775 0.067016 0.062092 0.055944 0.047909 0.041111 0.033547 0.026564 0.020421 0.015088 0.010908 0.007731 0.005202 0.003458 0.002241 0.001431 0.000897 0.000496 0.000249 0.000152 0.000085 0.000039 0.000028 0.000010 0.000007 0.000002 0.000003 0.000001 0.000000 0.000000 0.000000 0.000000 0.000000 0.000000 0.000000 0.000000 
t: 0.013953488372 start: 72 end: 134 0.000002 0.000000 0.000004 0.000010 0.000014 0.000050 0.000068 0.000127 0.000226 0.000444 0.000790 0.001394 0.002256 0.003567 0.005325 0.008121 0.011569 0.015776 0.021497 0.028034 0.035440 0.042639 0.050615 0.057094 0.063154 0.067678 0.070275 0.070273 0.068515 0.064870 0.059408 0.052538 0.044957 0.037755 0.030722 0.024152 0.018349 0.013582 0.009724 0.006702 0.004464 0.003007 0.001945 0.001211 0.000753 0.000389 0.000245 0.000118 0.000071 0.000030 0.000030 0.000012 0.000004 0.000001 0.000003 0.000001 0.000000 0.000000 0.000000 0.000000 0.000000 0.000000 0.000000 
t: 0.013636363636 start: 72 end: 135 0.000001 0.000000 0.000001 0.000003 0.000007 0.000016 0.000024 0.000066 0.000095 0.000190 0.000333 0.000614 0.001115 0.001783 0.002882 0.004390 0.006633 0.009510 0.013561 0.018683 0.024463 0.031352 0.038410 0.046132 0.053406 0.059684 0.065138 0.068610 0.069706 0.069312 0.066954 0.061913 0.056471 0.049380 0.041847 0.034694 0.027729 0.021658 0.016301 0.012012 0.008598 0.005808 0.003895 0.002563 0.001660 0.001009 0.000580 0.000371 0.000201 0.000111 0.000051 0.000041 0.000016 0.000007 0.000006 0.000003 0.000000 0.000001 0.000000 0.000000 0.000000 0.000000 0.000000 0.000000 
t: 0.013333333333 start: 74 end: 138 0.000002 0.000001 0.000001 0.000007 0.000011 0.000017 0.000048 0.000082 0.000145 0.000267 0.000508 0.000832 0.001460 0.002266 0.003676 0.005506 0.007946 0.011437 0.015937 0.021582 0.027919 0.034673 0.041837 0.049344 0.056313 0.062006 0.066714 0.068642 0.069239 0.068245 0.064944 0.059363 0.052719 0.045913 0.038539 0.031561 0.024997 0.019304 0.014346 0.010370 0.007385 0.004962 0.003365 0.002249 0.001340 0.000843 0.000481 0.000299 0.000167 0.000090 0.000049 0.000023 0.000016 0.000007 0.000003 0.000001 0.000001 0.000000 0.000000 0.000000 0.000000 0.000000 0.000000 0.000000 0.000000 
t: 0.013043478261 start: 74 end: 139 0.000001 0.000001 0.000001 0.000001 0.000003 0.000007 0.000015 0.000032 0.000055 0.000119 0.000237 0.000369 0.000691 0.001192 0.001842 0.003040 0.004537 0.006891 0.009701 0.013696 0.018586 0.024671 0.031345 0.038174 0.045693 0.052437 0.059213 0.064084 0.067128 0.069150 0.068371 0.066230 0.061955 0.056195 0.049662 0.042192 0.035387 0.028367 0.022378 0.016851 0.012643 0.008744 0.006316 0.004266 0.002863 0.001855 0.001186 0.000700 0.000387 0.000236 0.000148 0.000078 0.000039 0.000022 0.000008 0.000005 0.000002 0.000002 0.000000 0.000000 0.000000 0.000000 0.000000 0.000000 0.000000 0.000000 
t: 0.012765957447 start: 75 end: 139 0.000001 0.000000 0.000001 0.000001 0.000006 0.000004 0.000010 0.000025 0.000033 0.000105 0.000199 0.000319 0.000538 0.000929 0.001565 0.002480 0.003814 0.005732 0.008475 0.011869 0.016238 0.021742 0.027822 0.035248 0.041641 0.049266 0.055886 0.061282 0.065780 0.068261 0.067890 0.067263 0.063715 0.059174 0.052795 0.045731 0.038849 0.031809 0.025755 0.019546 0.014774 0.010645 0.007693 0.005219 0.003690 0.002367 0.001574 0.000960 0.000537 0.000330 0.000168 0.000118 0.000068 0.000031 0.000014 0.000006 0.000005 0.000002 0.000000 0.000000 0.000000 0.000000 0.000000 0.000000 0.000000 
t: 0.012500000000 start: 76 end: 141 0.000001 0.000000 0.000001 0.000001 0.000005 0.000004 0.000008 0.000013 0.000030 0.000081 0.000133 0.000279 0.000451 0.000774 0.001340 0.002031 0.003289 0.004871 0.007135 0.010214 0.014408 0.019199 0.025017 0.031597 0.038733 0.045529 0.052898 0.058739 0.063300 0.066787 0.067764 0.068174 0.065030 0.061187 0.055367 0.049124 0.042330 0.035027 0.028622 0.022461 0.017169 0.012841 0.009138 0.006497 0.004340 0.003020 0.002008 0.001265 0.000744 0.000447 0.000247 0.000160 0.000077 0.000052 0.000023 0.000011 0.000002 0.000003 0.000002 0.000000 0.000000 0.000000 0.000000 0.000000 0.000000 0.000000 
t: 0.012244897959 start: 76 end: 142 0.000001 0.000000 0.000001 0.000001 0.000000 0.000004 0.000001 0.000004 0.000009 0.000036 0.000053 0.000116 0.000241 0.000372 0.000653 0.001026 0.001752 0.002795 0.004153 0.006193 0.008954 0.012607 0.016956 0.022536 0.028744 0.035956 0.042224 0.049615 0.055569 0.061065 0.065176 0.067438 0.067940 0.066352 0.062431 0.057910 0.052325 0.045080 0.038377 0.031487 0.025216 0.019705 0.014752 0.011000 0.007645 0.005372 0.003731 0.002436 0.001632 0.000963 0.000629 0.000309 0.000200 0.000134 0.000064 0.000028 0.000016 0.000009 0.000001 0.000004 0.000001 0.000000 0.000000 0.000000 0.000000 0.000000 0.000000 
t: 0.012000000000 start: 79 end: 143 0.000002 0.000001 0.000000 0.000001 0.000002 0.000006 0.000011 0.000019 0.000061 0.000093 0.000177 0.000300 0.000546 0.000887 0.001499 0.002390 0.003587 0.005372 0.007826 0.011119 0.015270 0.020284 0.025941 0.032731 0.039399 0.046262 0.052926 0.058782 0.063433 0.065903 0.068095 0.066603 0.064344 0.059600 0.054225 0.048277 0.041527 0.034488 0.028135 0.022074 0.016844 0.012649 0.009062 0.006492 0.004542 0.003105 0.002011 0.001245 0.000802 0.000430 0.000270 0.000161 0.000093 0.000049 0.000022 0.000014 0.000007 0.000000 0.000004 0.000000 0.000000 0.000000 0.000000 0.000000 0.000000 
t: 0.011764705882 start: 79 end: 144 0.000001 0.000000 0.000001 0.000001 0.000000 0.000002 0.000003 0.000009 0.000023 0.000049 0.000081 0.000138 0.000253 0.000458 0.000776 0.001251 0.002029 0.003175 0.004696 0.006874 0.009867 0.013703 0.018196 0.023552 0.029847 0.036594 0.043540 0.050140 0.056740 0.061213 0.064886 0.067042 0.066673 0.065142 0.061470 0.056849 0.050414 0.043916 0.037446 0.030892 0.024632 0.019272 0.014464 0.010524 0.007648 0.005367 0.003651 0.002455 0.001649 0.000976 0.000619 0.000334 0.000209 0.000111 0.000081 0.000031 0.000017 0.000007 0.000008 0.000000 0.000003 0.000000 0.000000 0.000000 0.000000 0.000000 
t: 0.011538461538 start: 82 end: 147 0.000001 0.000001 0.000000 0.000002 0.000002 0.000011 0.000021 0.000040 0.000059 0.000122 0.000212 0.000364 0.000707 0.001073 0.001801 0.002724 0.004106 0.006053 0.008842 0.012341 0.016475 0.021584 0.027251 0.033766 0.040900 0.047951 0.053815 0.059087 0.063233 0.065773 0.066979 0.065813 0.062563 0.058382 0.053168 0.046617 0.040040 0.033387 0.027200 0.021278 0.016373 0.012147 0.009007 0.006362 0.004429 0.002936 0.001919 0.001242 0.000780 0.000456 0.000256 0.000154 0.000098 0.000041 0.000034 0.000011 0.000004 0.000005 0.000002 0.000000 0.000000 0.000000 0.000000 0.000000 0.000000 0.000000 
t: 0.011320754717 start: 82 end: 148 0.000001 0.000000 0.000000 0.000001 0.000001 0.000006 0.000006 0.000017 0.000031 0.000051 0.000113 0.000180 0.000322 0.000576 0.000888 0.001524 0.002505 0.003669 0.005386 0.007861 0.011093 0.015054 0.019526 0.025178 0.031568 0.038245 0.045091 0.051477 0.057313 0.061491 0.064417 0.066386 0.066089 0.063946 0.059979 0.054812 0.049314 0.042472 0.036017 0.029160 0.023591 0.018302 0.013746 0.010223 0.007482 0.005229 0.003448 0.002394 0.001515 0.000964 0.000546 0.000342 0.000179 0.000130 0.000064 0.000042 0.000020 0.000009 0.000004 0.000003 0.000001 0.000000 0.000000 0.000000 0.000000 0.000000 0.000000 
t: 0.011111111111 start: 84 end: 149 0.000001 0.000000 0.000001 0.000001 0.000005 0.000002 0.000015 0.000025 0.000057 0.000093 0.000148 0.000242 0.000491 0.000793 0.001370 0.002200 0.003236 0.004878 0.007149 0.009848 0.013469 0.018032 0.023348 0.029435 0.036016 0.042756 0.048690 0.055275 0.059875 0.063540 0.065704 0.065805 0.065082 0.060871 0.056573 0.051022 0.044945 0.038279 0.031782 0.025591 0.020082 0.015462 0.011705 0.008435 0.005990 0.004179 0.002848 0.001789 0.001145 0.000717 0.000435 0.000256 0.000126 0.000082 0.000052 0.000023 0.000019 0.000005 0.000005 0.000000 0.000000 0.000000 0.000000 0.000000 0.000000 0.000000 
t: 0.010909090909 start: 85 end: 149 0.000001 0.000000 0.000000 0.000000 0.000003 0.000005 0.000012 0.000028 0.000043 0.000086 0.000129 0.000224 0.000384 0.000720 0.001239 0.001948 0.002872 0.004331 0.006424 0.008857 0.012388 0.016636 0.021697 0.027430 0.033649 0.040321 0.046977 0.052963 0.058258 0.062196 0.064563 0.065901 0.064959 0.062540 0.057746 0.052987 0.046700 0.040728 0.033715 0.027941 0.021957 0.017150 0.013055 0.009427 0.006966 0.004905 0.003226 0.002159 0.001454 0.000874 0.000511 0.000306 0.000184 0.000100 0.000053 0.000032 0.000016 0.000020 0.000003 0.000001 0.000000 0.000000 0.000000 0.000000 0.000000 
t: 0.010714285714 start: 87 end: 152 0.000001 0.000000 0.000001 0.000001 0.000006 0.000015 0.000020 0.000042 0.000067 0.000127 0.000199 0.000347 0.000631 0.001081 0.001746 0.002599 0.003924 0.005674 0.008171 0.011446 0.015326 0.020065 0.025586 0.031882 0.038164 0.044660 0.050977 0.056184 0.060931 0.063957 0.065460 0.064938 0.063311 0.059265 0.054391 0.048830 0.042236 0.036168 0.029654 0.023968 0.018827 0.014450 0.010658 0.007899 0.005578 0.003707 0.002567 0.001657 0.001030 0.000650 0.000388 0.000251 0.000119 0.000078 0.000042 0.000022 0.000018 0.000007 0.000001 0.000000 0.000000 0.000000 0.000000 0.000000 0.000000 0.000000 
t: 0.010526315789 start: 90 end: 155 0.000002 0.000002 0.000007 0.000008 0.000024 0.000026 0.000066 0.000126 0.000175 0.000282 0.000561 0.000988 0.001505 0.002296 0.003569 0.005257 0.007522 0.010575 0.014172 0.018753 0.023811 0.029987 0.036050 0.042864 0.048994 0.054763 0.059349 0.062942 0.064933 0.065110 0.063413 0.060552 0.056009 0.050359 0.044193 0.037988 0.031644 0.025501 0.020420 0.015818 0.011930 0.008853 0.006286 0.004280 0.002938 0.001927 0.001267 0.000755 0.000472 0.000287 0.000173 0.000092 0.000057 0.000037 0.000016 0.000011 0.000001 0.000002 0.000000 0.000000 0.000000 0.000000 0.000000 0.000000 0.000000 0.000000 
t: 0.010344827586 start: 90 end: 157 0.000001 0.000001 0.000002 0.000004 0.000009 0.000012 0.000029 0.000066 0.000099 0.000153 0.000296 0.000466 0.000854 0.001358 0.002156 0.003232 0.004931 0.006785 0.009678 0.013227 0.017452 0.022623 0.028102 0.034481 0.040694 0.047387 0.053112 0.058290 0.061548 0.064026 0.064828 0.063908 0.061291 0.057227 0.052224 0.045840 0.039639 0.033391 0.027370 0.021837 0.017189 0.013106 0.009789 0.007129 0.004823 0.003298 0.002265 0.001448 0.000905 0.000578 0.000345 0.000233 0.000107 0.000073 0.000045 0.000022 0.000006 0.000006 0.000003 0.000000 0.000001 0.000000 0.000000 0.000000 0.000000 0.000000 0.000000 0.000000 
t: 0.010169491525 start: 91 end: 158 0.000001 0.000001 0.000002 0.000003 0.000007 0.000011 0.000033 0.000053 0.000090 0.000158 0.000234 0.000423 0.000754 0.001282 0.001971 0.002979 0.004292 0.006367 0.009093 0.012290 0.016374 0.021425 0.026676 0.032616 0.039261 0.045308 0.051322 0.056655 0.060682 0.063313 0.064839 0.063994 0.061991 0.058425 0.053598 0.047182 0.041646 0.034789 0.028979 0.023438 0.018437 0.014275 0.010801 0.007675 0.005428 0.003834 0.002566 0.001671 0.001061 0.000657 0.000439 0.000265 0.000147 0.000080 0.000045 0.000041 0.000008 0.000008 0.000004 0.000000 0.000001 0.000000 0.000000 0.000000 0.000000 0.000000 0.000000 0.000000 
t: 0.010000000000 start: 91 end: 159 0.000001 0.000001 0.000001 0.000000 0.000004 0.000009 0.000011 0.000026 0.000036 0.000087 0.000128 0.000239 0.000407 0.000730 0.001121 0.001768 0.002753 0.004099 0.005904 0.008336 0.011581 0.015509 0.020052 0.025285 0.031209 0.037639 0.043618 0.050165 0.055300 0.059581 0.062392 0.064359 0.064010 0.062352 0.058976 0.054846 0.049002 0.042773 0.036671 0.030555 0.024949 0.019654 0.015358 0.011505 0.008578 0.006147 0.004233 0.002860 0.001964 0.001225 0.000836 0.000467 0.000286 0.000185 0.000087 0.000059 0.000031 0.000016 0.000016 0.000004 0.000003 0.000000 0.000001 0.000000 0.000000 0.000000 0.000000 0.000000 0.000000 
t: 0.008448275866 start: 106 end: 174 0.000002 0.000006 0.000007 0.000007 0.000026 0.000034 0.000086 0.000157 0.000204 0.000452 0.000657 0.000998 0.001678 0.002499 0.003675 0.005155 0.007356 0.010120 0.013437 0.017579 0.022037 0.027177 0.033095 0.038276 0.044613 0.050220 0.054399 0.058205 0.061071 0.062155 0.061368 0.059574 0.056270 0.052557 0.047191 0.041418 0.035449 0.029845 0.024801 0.019737 0.015379 0.011742 0.008917 0.006418 0.004550 0.003260 0.002132 0.001470 0.001001 0.000612 0.000415 0.000200 0.000135 0.000086 0.000044 0.000015 0.000008 0.000014 0.000005 0.000002 0.000002 0.000000 0.000000 0.000000 0.000000 0.000000 0.000000 0.000000 0.000000 
t: 0.007313432839 start: 117 end: 186 0.000002 0.000002 0.000009 0.000016 0.000032 0.000055 0.000092 0.000176 0.000317 0.000492 0.000731 0.001242 0.001826 0.002763 0.003916 0.005513 0.007611 0.010235 0.013544 0.017477 0.021755 0.026709 0.031525 0.037587 0.043386 0.047871 0.052638 0.056601 0.059084 0.060228 0.060072 0.058823 0.055676 0.052016 0.047541 0.042104 0.036838 0.031474 0.025986 0.021410 0.016761 0.013196 0.010123 0.007375 0.005301 0.003911 0.002691 0.001907 0.001286 0.000812 0.000473 0.000315 0.000198 0.000121 0.000069 0.000037 0.000022 0.000018 0.000004 0.000002 0.000002 0.000001 0.000000 0.000000 0.000000 0.000000 0.000000 0.000000 0.000000 0.000000 
t: 0.006447368423 start: 126 end: 197 0.000002 0.000003 0.000006 0.000011 0.000013 0.000032 0.000078 0.000139 0.000226 0.000408 0.000599 0.000978 0.001488 0.002198 0.003174 0.004470 0.006246 0.008307 0.011205 0.014367 0.018314 0.022766 0.027712 0.032919 0.038448 0.043319 0.048167 0.052371 0.055830 0.058057 0.058869 0.058779 0.057304 0.054422 0.050701 0.046302 0.041480 0.035926 0.031180 0.025787 0.021267 0.017029 0.013125 0.010239 0.007557 0.005630 0.004160 0.002898 0.001889 0.001359 0.000845 0.000527 0.000328 0.000242 0.000116 0.000072 0.000049 0.000032 0.000017 0.000006 0.000002 0.000005 0.000002 0.000000 0.000001 0.000000 0.000000 0.000000 0.000000 0.000000 0.000000 0.000000 
t: 0.005764705884 start: 133 end: 205 0.000001 0.000000 0.000001 0.000006 0.000009 0.000012 0.000027 0.000058 0.000129 0.000174 0.000314 0.000469 0.000764 0.001198 0.001866 0.002553 0.003641 0.005111 0.007086 0.009149 0.012202 0.015705 0.019666 0.024151 0.029113 0.034105 0.039394 0.044046 0.048549 0.052580 0.055549 0.057870 0.058496 0.057681 0.055891 0.052658 0.049453 0.044801 0.039992 0.035066 0.030222 0.025133 0.020454 0.016463 0.012948 0.009926 0.007538 0.005487 0.003961 0.002801 0.001886 0.001349 0.000859 0.000562 0.000347 0.000204 0.000129 0.000080 0.000048 0.000027 0.000017 0.000014 0.000005 0.000002 0.000001 0.000001 0.000000 0.000000 0.000000 0.000000 0.000000 0.000000 0.000000 
t: 0.005212765959 start: 142 end: 214 0.000001 0.000003 0.000012 0.000014 0.000027 0.000046 0.000070 0.000144 0.000250 0.000354 0.000582 0.000880 0.001410 0.002046 0.002827 0.004067 0.005517 0.007557 0.010229 0.012747 0.016757 0.020542 0.024749 0.029833 0.034744 0.039790 0.044649 0.048864 0.052872 0.055466 0.057300 0.057887 0.056775 0.054595 0.052438 0.048260 0.044105 0.039225 0.034488 0.029221 0.024670 0.020145 0.016269 0.012683 0.009705 0.007381 0.005538 0.003939 0.002725 0.001928 0.001339 0.000878 0.000559 0.000333 0.000225 0.000144 0.000084 0.000048 0.000028 0.000013 0.000013 0.000003 0.000004 0.000001 0.000000 0.000000 0.000002 0.000000 0.000000 0.000000 0.000000 0.000000 0.000000 
t: 0.004757281555 start: 145 end: 218 0.000001 0.000000 0.000000 0.000001 0.000000 0.000009 0.000009 0.000016 0.000029 0.000055 0.000094 0.000134 0.000259 0.000425 0.000603 0.000967 0.001364 0.001969 0.002973 0.004061 0.005735 0.007726 0.009995 0.012902 0.016431 0.020436 0.024944 0.029664 0.034323 0.039406 0.044214 0.048453 0.052119 0.055003 0.056388 0.056818 0.056638 0.054523 0.052097 0.048647 0.044413 0.039831 0.034884 0.029643 0.025284 0.020378 0.016599 0.012883 0.010179 0.007849 0.005612 0.004209 0.002762 0.002090 0.001398 0.000937 0.000594 0.000412 0.000247 0.000151 0.000092 0.000043 0.000037 0.000020 0.000011 0.000007 0.000001 0.000002 0.000001 0.000000 0.000000 0.000000 0.000000 0.000000 
t: 0.004375000001 start: 153 end: 226 0.000001 0.000000 0.000002 0.000003 0.000012 0.000020 0.000031 0.000034 0.000079 0.000114 0.000215 0.000349 0.000542 0.000804 0.001188 0.001870 0.002621 0.003688 0.005161 0.006930 0.009256 0.011882 0.015067 0.019121 0.023131 0.027798 0.032402 0.037645 0.042369 0.046480 0.050439 0.053453 0.055745 0.056921 0.056778 0.055128 0.053004 0.049714 0.046028 0.041844 0.036607 0.031814 0.026525 0.022293 0.018294 0.014437 0.011580 0.008645 0.006464 0.004893 0.003363 0.002427 0.001686 0.001110 0.000727 0.000472 0.000301 0.000212 0.000119 0.000076 0.000033 0.000029 0.000010 0.000006 0.000006 0.000001 0.000001 0.000000 0.000000 0.000000 0.000000 0.000000 0.000000 0.000000 
t: 0.004049586778 start: 160 end: 233 0.000002 0.000004 0.000011 0.000012 0.000023 0.000035 0.000048 0.000080 0.000129 0.000247 0.000366 0.000607 0.000915 0.001290 0.002001 0.002910 0.004046 0.005504 0.007457 0.009743 0.012387 0.016102 0.019904 0.023759 0.028808 0.033390 0.038474 0.043003 0.047020 0.050912 0.053876 0.055884 0.056855 0.056557 0.055079 0.052334 0.048972 0.045455 0.040743 0.035268 0.030811 0.026036 0.021579 0.017505 0.013908 0.010857 0.008311 0.006153 0.004561 0.003246 0.002314 0.001590 0.001049 0.000747 0.000403 0.000299 0.000161 0.000110 0.000071 0.000027 0.000018 0.000017 0.000007 0.000006 0.000001 0.000001 0.000000 0.000000 0.000000 0.000000 0.000000 0.000000 0.000000 0.000000 
t: 0.003769230770 start: 163 end: 238 0.000001 0.000001 0.000002 0.000003 0.000006 0.000008 0.000024 0.000016 0.000048 0.000083 0.000140 0.000208 0.000348 0.000516 0.000792 0.001208 0.001781 0.002595 0.003608 0.005064 0.006747 0.008959 0.011863 0.014852 0.018584 0.022621 0.027320 0.031962 0.036715 0.041637 0.045855 0.049938 0.053399 0.055211 0.056574 0.056702 0.055413 0.053309 0.050155 0.046672 0.042024 0.037178 0.032317 0.027282 0.022946 0.018706 0.014833 0.011624 0.009131 0.006792 0.005084 0.003557 0.002550 0.001753 0.001172 0.000778 0.000521 0.000318 0.000183 0.000126 0.000087 0.000040 0.000030 0.000014 0.000004 0.000007 0.000002 0.000001 0.000000 0.000000 0.000000 0.000000 0.000000 0.000000 0.000000 0.000000 
t: 0.003525179857 start: 168 end: 243 0.000001 0.000002 0.000003 0.000004 0.000004 0.000006 0.000019 0.000025 0.000065 0.000100 0.000133 0.000252 0.000335 0.000562 0.000905 0.001247 0.001863 0.002721 0.003728 0.005197 0.007044 0.009470 0.012086 0.015361 0.019111 0.023446 0.028012 0.032591 0.037652 0.041870 0.046363 0.050986 0.053393 0.055585 0.056885 0.056702 0.054863 0.053117 0.049494 0.046081 0.041501 0.036864 0.031387 0.026838 0.022092 0.018043 0.014316 0.011375 0.008582 0.006521 0.004726 0.003481 0.002300 0.001665 0.001130 0.000696 0.000460 0.000308 0.000178 0.000105 0.000065 0.000027 0.000027 0.000018 0.000006 0.000003 0.000000 0.000001 0.000000 0.000001 0.000000 0.000000 0.000000 0.000000 0.000000 0.000000 
t: 0.003310810811 start: 170 end: 246 0.000001 0.000000 0.000000 0.000001 0.000003 0.000001 0.000004 0.000007 0.000012 0.000024 0.000041 0.000066 0.000132 0.000175 0.000315 0.000438 0.000706 0.001071 0.001604 0.002328 0.003220 0.004516 0.006097 0.008132 0.010706 0.013876 0.017140 0.021185 0.025819 0.030410 0.034831 0.039704 0.044406 0.048940 0.052344 0.055109 0.056181 0.056689 0.056193 0.054471 0.051579 0.048089 0.043746 0.038845 0.034006 0.029110 0.024168 0.019806 0.015976 0.012743 0.009930 0.007303 0.005439 0.004007 0.002802 0.001935 0.001301 0.000852 0.000568 0.000357 0.000217 0.000139 0.000070 0.000047 0.000031 0.000016 0.000009 0.000005 0.000003 0.000002 0.000001 0.000000 0.000000 0.000000 0.000000 0.000000 0.000000 
t: 0.003121019109 start: 175 end: 252 0.000001 0.000000 0.000002 0.000002 0.000003 0.000001 0.000007 0.000015 0.000020 0.000028 0.000061 0.000111 0.000191 0.000281 0.000451 0.000668 0.000974 0.001487 0.002169 0.003112 0.004288 0.005753 0.007834 0.010327 0.013309 0.016626 0.020879 0.025069 0.029562 0.034422 0.039394 0.043742 0.048328 0.052278 0.054427 0.056378 0.057169 0.056653 0.054837 0.051932 0.048478 0.044246 0.039622 0.034465 0.029807 0.024897 0.020301 0.016590 0.013010 0.010121 0.007531 0.005562 0.003971 0.002934 0.001960 0.001342 0.000873 0.000568 0.000370 0.000213 0.000150 0.000089 0.000044 0.000028 0.000017 0.000012 0.000002 0.000002 0.000002 0.000000 0.000001 0.000001 0.000000 0.000000 0.000000 0.000000 0.000000 0.000000 
t: 0.002951807229 start: 181 end: 256 0.000001 0.000000 0.000002 0.000008 0.000005 0.000015 0.000016 0.000038 0.000072 0.000118 0.000178 0.000294 0.000462 0.000691 0.001070 0.001594 0.002343 0.003153 0.004358 0.006103 0.008236 0.010850 0.013721 0.017259 0.021494 0.025581 0.030423 0.035288 0.040330 0.045010 0.049041 0.052490 0.055076 0.056711 0.057574 0.056593 0.054543 0.051478 0.048188 0.043424 0.038860 0.033918 0.028662 0.023828 0.019813 0.015644 0.012269 0.009414 0.007060 0.005241 0.003741 0.002635 0.001809 0.001191 0.000740 0.000549 0.000313 0.000218 0.000112 0.000065 0.000039 0.000021 0.000012 0.000004 0.000004 0.000004 0.000001 0.000001 0.000001 0.000000 0.000000 0.000000 0.000000 0.000000 0.000000 0.000000 
t: 0.002800000000 start: 183 end: 258 0.000001 0.000001 0.000000 0.000001 0.000003 0.000004 0.000010 0.000017 0.000029 0.000050 0.000083 0.000131 0.000241 0.000340 0.000564 0.000843 0.001239 0.001779 0.002677 0.003648 0.005151 0.006981 0.009222 0.012020 0.015104 0.019164 0.023055 0.027853 0.032216 0.037781 0.042626 0.047079 0.050824 0.054068 0.055983 0.057450 0.057624 0.055852 0.053491 0.049872 0.046646 0.041335 0.036303 0.031473 0.026491 0.021905 0.017923 0.013984 0.010767 0.008175 0.006086 0.004494 0.003161 0.002148 0.001452 0.000902 0.000687 0.000415 0.000239 0.000153 0.000075 0.000049 0.000027 0.000012 0.000009 0.000007 0.000003 0.000000 0.000001 0.000001 0.000000 0.000000 0.000000 0.000000 0.000000 0.000000 
t: 0.002663043479 start: 187 end: 261 0.000001 0.000001 0.000001 0.000001 0.000002 0.000007 0.000018 0.000025 0.000036 0.000066 0.000137 0.000202 0.000298 0.000454 0.000725 0.001077 0.001601 0.002347 0.003268 0.004621 0.006347 0.008290 0.010914 0.014007 0.017864 0.021553 0.026077 0.031066 0.036303 0.040969 0.045891 0.050105 0.053205 0.056088 0.057477 0.057616 0.056395 0.055051 0.051554 0.047408 0.043014 0.037774 0.032969 0.027915 0.023301 0.019004 0.014954 0.011430 0.008927 0.006595 0.004876 0.003400 0.002387 0.001555 0.001051 0.000682 0.000428 0.000295 0.000152 0.000109 0.000056 0.000020 0.000021 0.000007 0.000004 0.000003 0.000003 0.000000 0.000000 0.000000 0.000000 0.000000 0.000000 0.000000 0.000000 
t: 0.002538860104 start: 190 end: 262 0.000001 0.000000 0.000000 0.000001 0.000005 0.000007 0.000010 0.000027 0.000047 0.000061 0.000125 0.000173 0.000261 0.000424 0.000684 0.001004 0.001503 0.002283 0.003071 0.004503 0.006010 0.007997 0.010687 0.013684 0.017128 0.021176 0.025664 0.030757 0.035628 0.041203 0.045555 0.049572 0.053324 0.055946 0.057470 0.057756 0.057018 0.055294 0.052020 0.047956 0.043688 0.038398 0.033346 0.028434 0.023433 0.019116 0.015049 0.011786 0.009115 0.006665 0.004857 0.003338 0.002338 0.001603 0.001042 0.000709 0.000438 0.000254 0.000141 0.000097 0.000045 0.000033 0.000023 0.000008 0.000006 0.000002 0.000001 0.000000 0.000000 0.000000 0.000000 0.000000 0.000000 
t: 0.002425742574 start: 191 end: 263 0.000001 0.000000 0.000000 0.000000 0.000000 0.000001 0.000005 0.000006 0.000005 0.000020 0.000053 0.000074 0.000107 0.000163 0.000304 0.000443 0.000681 0.001057 0.001469 0.002281 0.003164 0.004566 0.006146 0.008357 0.010711 0.013962 0.017704 0.021560 0.026186 0.031204 0.036486 0.041148 0.046126 0.050501 0.054102 0.056126 0.058042 0.057728 0.057241 0.054852 0.052009 0.047982 0.043306 0.037953 0.032440 0.027733 0.022894 0.018493 0.014598 0.011245 0.008653 0.006254 0.004564 0.003169 0.002147 0.001476 0.000985 0.000581 0.000402 0.000222 0.000133 0.000067 0.000058 0.000021 0.000019 0.000008 0.000004 0.000001 0.000000 0.000000 0.000001 0.000000 0.000000 
t: 0.002322274882 start: 194 end: 267 0.000001 0.000000 0.000001 0.000000 0.000001 0.000001 0.000002 0.000010 0.000018 0.000020 0.000037 0.000082 0.000130 0.000201 0.000297 0.000499 0.000703 0.001152 0.001657 0.002422 0.003533 0.004952 0.006586 0.008817 0.011605 0.014775 0.018789 0.022847 0.027512 0.032518 0.037701 0.043066 0.047375 0.051783 0.055426 0.057108 0.058652 0.057625 0.057119 0.054405 0.050998 0.046680 0.041526 0.036388 0.031233 0.026322 0.021362 0.017002 0.013470 0.010334 0.007814 0.005618 0.003865 0.002794 0.001894 0.001244 0.000749 0.000542 0.000315 0.000181 0.000113 0.000066 0.000034 0.000017 0.000007 0.000002 0.000001 0.000001 0.000000 0.000000 0.000000 0.000000 0.000000 0.000000 
t: 0.002227272727 start: 198 end: 270 0.000001 0.000000 0.000001 0.000002 0.000002 0.000007 0.000010 0.000019 0.000030 0.000053 0.000078 0.000139 0.000224 0.000385 0.000578 0.000897 0.001278 0.001944 0.002799 0.003930 0.005484 0.007425 0.009998 0.012736 0.016460 0.020228 0.025215 0.029907 0.034712 0.040225 0.044995 0.049814 0.053404 0.056495 0.058496 0.058718 0.058459 0.056339 0.053222 0.049047 0.044429 0.039258 0.034299 0.028679 0.023532 0.019377 0.015153 0.011860 0.008844 0.006577 0.004607 0.003301 0.002282 0.001561 0.000979 0.000634 0.000362 0.000220 0.000132 0.000079 0.000043 0.000017 0.000010 0.000005 0.000003 0.000001 0.000000 0.000000 0.000000 0.000000 0.000000 0.000000 0.000000 
t: 0.002139737991 start: 203 end: 273 0.000002 0.000002 0.000002 0.000010 0.000008 0.000021 0.000043 0.000063 0.000104 0.000178 0.000308 0.000461 0.000732 0.001107 0.001537 0.002322 0.003355 0.004743 0.006551 0.008791 0.011472 0.014769 0.018697 0.022961 0.027982 0.032855 0.038334 0.043140 0.047759 0.052332 0.055808 0.057962 0.059043 0.059211 0.057559 0.055000 0.050899 0.046852 0.041199 0.036082 0.030855 0.025744 0.020592 0.016582 0.013032 0.009806 0.007158 0.005199 0.003602 0.002588 0.001745 0.001165 0.000672 0.000415 0.000267 0.000139 0.000103 0.000041 0.000022 0.000007 0.000006 0.000003 0.000001 0.000000 0.000000 0.000000 0.000000 0.000000 0.000000 0.000000 0.000000 
t: 0.002058823530 start: 204 end: 274 0.000001 0.000001 0.000000 0.000002 0.000005 0.000011 0.000016 0.000029 0.000060 0.000100 0.000157 0.000241 0.000403 0.000576 0.000956 0.001398 0.002095 0.002973 0.004255 0.005898 0.007985 0.010508 0.013956 0.017491 0.021710 0.026549 0.031784 0.036774 0.041768 0.046884 0.051609 0.054872 0.057818 0.059722 0.059714 0.058211 0.056133 0.052078 0.047929 0.043087 0.037600 0.031891 0.026655 0.021892 0.017399 0.013855 0.010314 0.007539 0.005533 0.003895 0.002767 0.001865 0.001210 0.000735 0.000457 0.000273 0.000181 0.000082 0.000046 0.000027 0.000015 0.000006 0.000003 0.000000 0.000001 0.000000 0.000000 0.000000 0.000000 0.000000 0.000000 
t: 0.001983805668 start: 204 end: 275 0.000001 0.000000 0.000001 0.000000 0.000001 0.000001 0.000005 0.000011 0.000013 0.000024 0.000051 0.000082 0.000137 0.000234 0.000382 0.000569 0.000891 0.001243 0.001887 0.002714 0.004015 0.005607 0.007443 0.010180 0.013382 0.016722 0.021089 0.025727 0.030566 0.036202 0.041467 0.046605 0.051057 0.054825 0.057833 0.059748 0.060107 0.058831 0.056707 0.053368 0.048875 0.043538 0.037991 0.032897 0.027323 0.022278 0.017751 0.014123 0.010536 0.007785 0.005510 0.003977 0.002732 0.001849 0.001187 0.000802 0.000482 0.000283 0.000164 0.000098 0.000038 0.000028 0.000015 0.000007 0.000002 0.000000 0.000001 0.000000 0.000000 0.000000 0.000000 0.000000 
t: 0.001914062500 start: 208 end: 278 0.000001 0.000001 0.000000 0.000003 0.000006 0.000006 0.000011 0.000018 0.000043 0.000083 0.000131 0.000225 0.000373 0.000541 0.000823 0.001217 0.001864 0.002778 0.003781 0.005368 0.007388 0.009951 0.013181 0.016622 0.020869 0.025427 0.030551 0.036171 0.041582 0.046483 0.051273 0.054861 0.058326 0.059817 0.060763 0.059314 0.056630 0.053710 0.048542 0.044265 0.038257 0.032651 0.027499 0.022256 0.017668 0.013826 0.010433 0.007681 0.005532 0.003925 0.002564 0.001790 0.001133 0.000756 0.000456 0.000242 0.000163 0.000085 0.000041 0.000024 0.000011 0.000004 0.000002 0.000002 0.000000 0.000000 0.000000 0.000000 0.000000 0.000000 0.000000 
t: 0.001849056604 start: 211 end: 280 0.000001 0.000001 0.000003 0.000005 0.000003 0.000016 0.000021 0.000052 0.000077 0.000135 0.000187 0.000339 0.000551 0.000816 0.001274 0.001882 0.002733 0.003879 0.005446 0.007564 0.010092 0.013230 0.016839 0.021005 0.025642 0.031420 0.036526 0.041959 0.047020 0.051873 0.055559 0.059080 0.060484 0.060660 0.059219 0.056946 0.053232 0.048940 0.043475 0.037841 0.032350 0.026565 0.021833 0.017164 0.013246 0.010052 0.007322 0.005159 0.003642 0.002426 0.001577 0.001113 0.000641 0.000382 0.000228 0.000129 0.000064 0.000043 0.000016 0.000012 0.000005 0.000004 0.000000 0.000000 0.000000 0.000000 0.000000 0.000000 0.000000 0.000000 
t: 0.001788321168 start: 214 end: 283 0.000002 0.000004 0.000005 0.000006 0.000014 0.000026 0.000043 0.000077 0.000131 0.000226 0.000339 0.000531 0.000901 0.001339 0.001880 0.002808 0.004059 0.005914 0.007768 0.010525 0.013486 0.017396 0.021777 0.026674 0.032340 0.037481 0.043105 0.048239 0.052821 0.056775 0.059782 0.060767 0.060803 0.059525 0.056820 0.052801 0.047928 0.042443 0.036675 0.031054 0.025467 0.020747 0.016213 0.012468 0.009254 0.006761 0.004750 0.003223 0.002194 0.001442 0.000926 0.000542 0.000340 0.000167 0.000106 0.000049 0.000034 0.000010 0.000008 0.000003 0.000005 0.000001 0.000000 0.000000 0.000000 0.000000 0.000000 0.000000 0.000000 0.000000 
t: 0.001731448763 start: 215 end: 284 0.000002 0.000000 0.000003 0.000006 0.000006 0.000011 0.000033 0.000052 0.000081 0.000146 0.000240 0.000354 0.000607 0.000954 0.001440 0.002068 0.003079 0.004349 0.006213 0.008370 0.011051 0.014417 0.018722 0.022893 0.028028 0.033580 0.039186 0.044551 0.049569 0.054588 0.058020 0.060659 0.061396 0.060914 0.059200 0.056160 0.051678 0.046842 0.040762 0.035054 0.029361 0.023909 0.019135 0.014998 0.011178 0.008350 0.005953 0.004072 0.002882 0.001881 0.001272 0.000714 0.000447 0.000253 0.000148 0.000071 0.000047 0.000021 0.000011 0.000007 0.000003 0.000002 0.000001 0.000000 0.000000 0.000000 0.000000 0.000000 0.000000 0.000000 
t: 0.001678082192 start: 215 end: 285 0.000001 0.000001 0.000000 0.000001 0.000005 0.000006 0.000005 0.000020 0.000025 0.000051 0.000103 0.000157 0.000265 0.000435 0.000696 0.001055 0.001535 0.002356 0.003451 0.004842 0.006711 0.009027 0.012269 0.015797 0.020011 0.024510 0.029951 0.035388 0.041308 0.046649 0.052065 0.056262 0.058996 0.061484 0.061564 0.060763 0.058554 0.055112 0.050404 0.044699 0.038699 0.032809 0.027372 0.021992 0.017216 0.013457 0.009937 0.007233 0.005083 0.003490 0.002312 0.001532 0.000989 0.000575 0.000336 0.000211 0.000109 0.000058 0.000030 0.000012 0.000007 0.000005 0.000001 0.000000 0.000000 0.000001 0.000000 0.000000 0.000000 0.000000 0.000000 
t: 0.001627906977 start: 219 end: 288 0.000003 0.000001 0.000004 0.000004 0.000009 0.000017 0.000049 0.000061 0.000113 0.000210 0.000324 0.000510 0.000761 0.001210 0.001819 0.002656 0.003845 0.005563 0.007619 0.010110 0.013439 0.017518 0.021988 0.026819 0.032226 0.037956 0.043706 0.049417 0.053827 0.058212 0.060722 0.062043 0.062015 0.059961 0.057409 0.053561 0.048029 0.042391 0.035920 0.030206 0.024674 0.020046 0.015260 0.011518 0.008497 0.005882 0.004298 0.002791 0.001862 0.001236 0.000684 0.000459 0.000257 0.000133 0.000074 0.000035 0.000026 0.000008 0.000004 0.000001 0.000001 0.000000 0.000001 0.000000 0.000000 0.000000 0.000000 0.000000 0.000000 0.000000 
t: 0.001580645161 start: 220 end: 289 0.000002 0.000002 0.000003 0.000002 0.000006 0.000015 0.000026 0.000045 0.000093 0.000133 0.000276 0.000390 0.000590 0.000932 0.001461 0.002140 0.003195 0.004489 0.006348 0.008656 0.011850 0.015320 0.019370 0.024285 0.029544 0.035347 0.040885 0.046581 0.052011 0.056583 0.059637 0.062007 0.062418 0.061908 0.059468 0.055522 0.051009 0.045281 0.039123 0.032792 0.027247 0.022215 0.017170 0.013091 0.009736 0.006931 0.004891 0.003327 0.002169 0.001391 0.000881 0.000528 0.000323 0.000179 0.000080 0.000051 0.000020 0.000017 0.000003 0.000001 0.000002 0.000002 0.000000 0.000000 0.000000 0.000000 0.000000 0.000000 0.000000 0.000000 
t: 0.001536050157 start: 223 end: 290 0.000003 0.000004 0.000002 0.000008 0.000023 0.000032 0.000059 0.000116 0.000198 0.000309 0.000465 0.000764 0.001165 0.001839 0.002623 0.003782 0.005417 0.007525 0.010293 0.013474 0.017505 0.022008 0.027233 0.032457 0.038575 0.044650 0.050040 0.054738 0.058857 0.061591 0.062754 0.062891 0.061113 0.057466 0.052976 0.048122 0.041985 0.035235 0.029563 0.024113 0.018848 0.014538 0.010883 0.007896 0.005519 0.003803 0.002489 0.001630 0.000999 0.000627 0.000392 0.000189 0.000112 0.000048 0.000029 0.000014 0.000004 0.000003 0.000003 0.000000 0.000001 0.000000 0.000000 0.000000 0.000000 0.000000 0.000000 0.000000 
t: 0.001493902439 start: 223 end: 291 0.000001 0.000001 0.000002 0.000001 0.000006 0.000012 0.000030 0.000058 0.000087 0.000148 0.000233 0.000409 0.000626 0.000958 0.001539 0.002207 0.003297 0.004613 0.006674 0.008998 0.012177 0.015744 0.020125 0.025198 0.030557 0.036454 0.042503 0.048307 0.053790 0.057783 0.060866 0.062582 0.063870 0.062156 0.059335 0.054831 0.050279 0.043862 0.037845 0.031498 0.025802 0.020523 0.015785 0.011832 0.008634 0.006150 0.004228 0.002784 0.001825 0.001134 0.000724 0.000431 0.000250 0.000129 0.000051 0.000031 0.000013 0.000004 0.000003 0.000003 0.000002 0.000000 0.000000 0.000000 0.000000 0.000000 0.000000 0.000000 0.000000 
t: 0.001454005935 start: 223 end: 289 0.000001 0.000000 0.000001 0.000000 0.000002 0.000004 0.000008 0.000025 0.000038 0.000072 0.000122 0.000221 0.000294 0.000530 0.000787 0.001376 0.001946 0.002776 0.004156 0.005763 0.008286 0.010898 0.014459 0.018568 0.023422 0.028874 0.034639 0.040351 0.046940 0.052601 0.056850 0.060374 0.062916 0.064379 0.062956 0.060493 0.056690 0.051528 0.045893 0.039558 0.033485 0.027475 0.021937 0.016957 0.012848 0.009231 0.006569 0.004536 0.003137 0.001969 0.001285 0.000759 0.000484 0.000264 0.000130 0.000070 0.000034 0.000015 0.000009 0.000006 0.000003 0.000000 0.000000 0.000000 0.000000 0.000000 0.000000 
t: 0.001416184971 start: 223 end: 289 0.000001 0.000000 0.000000 0.000001 0.000000 0.000001 0.000005 0.000008 0.000018 0.000035 0.000068 0.000095 0.000161 0.000274 0.000451 0.000771 0.001093 0.001648 0.002585 0.003624 0.005285 0.007466 0.010009 0.013386 0.017300 0.021946 0.027558 0.033051 0.039070 0.045555 0.051088 0.056109 0.060270 0.063408 0.064306 0.063579 0.061538 0.057998 0.053108 0.047417 0.041234 0.034862 0.028742 0.023112 0.017820 0.013587 0.009867 0.007008 0.004752 0.003323 0.002215 0.001312 0.000813 0.000492 0.000288 0.000149 0.000069 0.000037 0.000013 0.000013 0.000004 0.000002 0.000000 0.000000 0.000000 0.000000 0.000000 
t: 0.001380281690 start: 226 end: 291 0.000001 0.000001 0.000000 0.000001 0.000006 0.000004 0.000018 0.000023 0.000054 0.000070 0.000152 0.000209 0.000382 0.000686 0.001008 0.001530 0.002254 0.003346 0.004882 0.006689 0.009299 0.012497 0.016400 0.020862 0.026324 0.032030 0.038161 0.044281 0.049985 0.055289 0.060039 0.063292 0.064708 0.064542 0.062219 0.058884 0.054589 0.048640 0.042102 0.036205 0.030096 0.023907 0.018390 0.014224 0.010481 0.007184 0.005045 0.003437 0.002227 0.001455 0.000808 0.000491 0.000297 0.000148 0.000083 0.000026 0.000019 0.000015 0.000000 0.000003 0.000000 0.000000 0.000000 0.000000 0.000000 0.000000 
t: 0.001346153846 start: 227 end: 291 0.000002 0.000000 0.000000 0.000000 0.000005 0.000009 0.000008 0.000025 0.000041 0.000062 0.000114 0.000205 0.000365 0.000594 0.000918 0.001318 0.002107 0.003060 0.004497 0.006357 0.008808 0.011891 0.015439 0.020258 0.025160 0.031246 0.037075 0.043546 0.049407 0.054909 0.059753 0.062775 0.065193 0.065174 0.063221 0.059673 0.055352 0.049943 0.043025 0.037084 0.030524 0.024519 0.019352 0.014614 0.010583 0.007422 0.005234 0.003510 0.002224 0.001459 0.000875 0.000488 0.000287 0.000149 0.000065 0.000030 0.000031 0.000010 0.000004 0.000001 0.000000 0.000000 0.000000 0.000000 0.000000 
t: 0.001313672922 start: 228 end: 292 0.000001 0.000000 0.000000 0.000001 0.000003 0.000007 0.000012 0.000015 0.000032 0.000059 0.000101 0.000181 0.000341 0.000534 0.000812 0.001314 0.001928 0.002887 0.004242 0.006017 0.008291 0.011488 0.015070 0.019607 0.024684 0.030311 0.036492 0.042682 0.049045 0.054676 0.059536 0.063447 0.065235 0.065429 0.063796 0.060593 0.056131 0.050214 0.044064 0.037668 0.031274 0.024812 0.019624 0.014673 0.010731 0.007607 0.005214 0.003528 0.002221 0.001452 0.000890 0.000478 0.000273 0.000143 0.000059 0.000038 0.000021 0.000011 0.000005 0.000000 0.000000 0.000000 0.000000 0.000000 0.000000 
t: 0.001282722513 start: 229 end: 295 0.000001 0.000000 0.000000 0.000001 0.000002 0.000006 0.000009 0.000018 0.000032 0.000058 0.000095 0.000179 0.000300 0.000522 0.000770 0.001189 0.001812 0.002724 0.004068 0.005753 0.008085 0.011197 0.014876 0.018982 0.024360 0.029820 0.036019 0.042414 0.049018 0.054705 0.059795 0.063197 0.065637 0.065830 0.064111 0.061324 0.056499 0.050684 0.044590 0.038058 0.031244 0.025101 0.019701 0.014709 0.010760 0.007706 0.005112 0.003430 0.002243 0.001438 0.000826 0.000483 0.000246 0.000137 0.000057 0.000034 0.000018 0.000005 0.000007 0.000002 0.000001 0.000000 0.000000 0.000000 0.000000 0.000000 0.000000 
t: 0.001253196931 start: 231 end: 297 0.000001 0.000000 0.000001 0.000001 0.000003 0.000010 0.000011 0.000032 0.000056 0.000086 0.000170 0.000301 0.000460 0.000728 0.001164 0.001722 0.002698 0.003993 0.005574 0.007974 0.010818 0.014659 0.018805 0.024443 0.029300 0.036060 0.042649 0.048622 0.055133 0.059735 0.063664 0.066096 0.065561 0.065250 0.061320 0.056821 0.051091 0.044769 0.038012 0.031309 0.025112 0.019573 0.014544 0.010644 0.007503 0.004956 0.003372 0.002149 0.001313 0.000790 0.000483 0.000221 0.000121 0.000057 0.000033 0.000013 0.000005 0.000007 0.000001 0.000001 0.000000 0.000000 0.000000 0.000000 0.000000 0.000000 0.000000 
t: 0.001225000000 start: 233 end: 297 0.000001 0.000000 0.000001 0.000006 0.000005 0.000018 0.000028 0.000047 0.000096 0.000154 0.000269 0.000449 0.000726 0.001087 0.001730 0.002668 0.003858 0.005553 0.007820 0.010970 0.014280 0.019116 0.024043 0.029769 0.036181 0.042889 0.049171 0.055082 0.060166 0.064091 0.066211 0.066518 0.064856 0.061770 0.056768 0.051355 0.044778 0.037813 0.030953 0.024957 0.019133 0.014191 0.010374 0.007241 0.004758 0.003228 0.002041 0.001196 0.000723 0.000454 0.000196 0.000102 0.000066 0.000018 0.000015 0.000006 0.000004 0.000001 0.000000 0.000000 0.000000 0.000000 0.000000 0.000000 0.000000 
t: 0.001198044010 start: 233 end: 296 0.000001 0.000000 0.000000 0.000000 0.000004 0.000010 0.000012 0.000027 0.000038 0.000096 0.000149 0.000281 0.000422 0.000709 0.001091 0.001777 0.002589 0.003775 0.005606 0.007956 0.010867 0.014661 0.019011 0.024404 0.030023 0.036703 0.043134 0.049584 0.055884 0.060525 0.064758 0.066161 0.067017 0.065385 0.061866 0.056667 0.050995 0.044322 0.037472 0.030743 0.024212 0.018552 0.013694 0.010083 0.006771 0.004536 0.002995 0.001887 0.001115 0.000696 0.000389 0.000182 0.000082 0.000036 0.000025 0.000008 0.000009 0.000002 0.000000 0.000001 0.000000 0.000000 0.000000 0.000000 
t: 0.001172248804 start: 236 end: 299 0.000001 0.000000 0.000002 0.000007 0.000019 0.000021 0.000046 0.000083 0.000165 0.000280 0.000420 0.000641 0.001132 0.001761 0.002551 0.003996 0.005714 0.008074 0.011034 0.014572 0.019500 0.024815 0.030902 0.037251 0.043654 0.050559 0.056258 0.061346 0.065253 0.066859 0.067348 0.065408 0.061699 0.056557 0.050399 0.043864 0.036771 0.029782 0.023481 0.017614 0.013388 0.009420 0.006332 0.004294 0.002695 0.001724 0.001043 0.000622 0.000337 0.000163 0.000066 0.000043 0.000015 0.000010 0.000006 0.000001 0.000002 0.000000 0.000000 0.000000 0.000000 0.000000 0.000000 0.000000 
t: 0.001147540984 start: 236 end: 300 0.000001 0.000000 0.000001 0.000002 0.000008 0.000016 0.000016 0.000048 0.000085 0.000169 0.000291 0.000406 0.000703 0.001182 0.001765 0.002668 0.003948 0.005825 0.008330 0.011186 0.015258 0.020038 0.025472 0.031399 0.038090 0.044863 0.051328 0.057190 0.062089 0.065668 0.067949 0.067262 0.065279 0.061777 0.056027 0.049532 0.043005 0.035798 0.028937 0.022336 0.016846 0.012511 0.008801 0.005972 0.003927 0.002436 0.001579 0.000930 0.000516 0.000270 0.000146 0.000055 0.000034 0.000019 0.000008 0.000001 0.000001 0.000001 0.000000 0.000000 0.000000 0.000000 0.000000 0.000000 0.000000 
t: 0.001123853211 start: 237 end: 301 0.000001 0.000001 0.000001 0.000001 0.000007 0.000010 0.000027 0.000047 0.000114 0.000162 0.000269 0.000465 0.000702 0.001213 0.001797 0.002795 0.004096 0.006117 0.008542 0.011629 0.015792 0.020861 0.026175 0.032488 0.039026 0.045967 0.052456 0.058039 0.063098 0.066862 0.067703 0.067918 0.065513 0.060819 0.055159 0.048805 0.041792 0.034893 0.027496 0.021080 0.016131 0.011673 0.008065 0.005497 0.003495 0.002181 0.001314 0.000831 0.000424 0.000242 0.000110 0.000052 0.000027 0.000015 0.000002 0.000002 0.000000 0.000001 0.000000 0.000000 0.000000 0.000000 0.000000 0.000000 0.000000 
t: 0.001101123596 start: 238 end: 300 0.000001 0.000000 0.000001 0.000003 0.000007 0.000015 0.000023 0.000050 0.000112 0.000170 0.000292 0.000477 0.000798 0.001183 0.001931 0.002968 0.004324 0.006376 0.008942 0.012221 0.016535 0.021486 0.027430 0.033571 0.040551 0.047108 0.053885 0.059251 0.064061 0.067067 0.068778 0.067861 0.064955 0.060322 0.054011 0.047901 0.040638 0.033167 0.026172 0.019908 0.014868 0.010664 0.007401 0.004904 0.003155 0.001878 0.001181 0.000682 0.000360 0.000182 0.000094 0.000045 0.000021 0.000008 0.000004 0.000000 0.000001 0.000000 0.000000 0.000000 0.000000 0.000000 0.000000 
t: 0.001079295154 start: 238 end: 301 0.000001 0.000000 0.000001 0.000001 0.000003 0.000008 0.000011 0.000029 0.000059 0.000115 0.000174 0.000305 0.000516 0.000836 0.001336 0.002035 0.003167 0.004614 0.006733 0.009467 0.012929 0.017460 0.022293 0.028789 0.034968 0.041839 0.048627 0.055293 0.060533 0.065702 0.068122 0.068702 0.067868 0.064271 0.059200 0.053400 0.046173 0.038848 0.031309 0.024761 0.018774 0.013521 0.009777 0.006597 0.004423 0.002666 0.001665 0.000942 0.000574 0.000290 0.000130 0.000081 0.000036 0.000016 0.000007 0.000002 0.000001 0.000000 0.000000 0.000000 0.000000 0.000000 0.000000 0.000000 
t: 0.001058315335 start: 240 end: 302 0.000002 0.000001 0.000001 0.000003 0.000008 0.000015 0.000027 0.000065 0.000096 0.000219 0.000321 0.000573 0.000928 0.001407 0.002216 0.003420 0.005024 0.007154 0.010136 0.013933 0.018215 0.023780 0.030062 0.036391 0.043442 0.050555 0.056462 0.062516 0.066534 0.068988 0.069282 0.067417 0.063725 0.058169 0.051598 0.044316 0.036924 0.029644 0.023103 0.017186 0.012333 0.008773 0.005951 0.003714 0.002295 0.001394 0.000794 0.000454 0.000212 0.000113 0.000065 0.000023 0.000016 0.000004 0.000001 0.000000 0.000000 0.000000 0.000000 0.000000 0.000000 0.000000 0.000000 
t: 0.001038135593 start: 242 end: 302 0.000002 0.000002 0.000003 0.000006 0.000023 0.000034 0.000062 0.000121 0.000218 0.000385 0.000611 0.000960 0.001531 0.002445 0.003679 0.005362 0.007906 0.011007 0.014578 0.019621 0.025177 0.031465 0.038304 0.045594 0.052137 0.058450 0.064046 0.067895 0.069413 0.069559 0.066975 0.062375 0.056931 0.049768 0.042410 0.034901 0.027783 0.020967 0.015603 0.011208 0.007784 0.005077 0.003195 0.001969 0.001152 0.000616 0.000353 0.000176 0.000094 0.000037 0.000020 0.000007 0.000003 0.000000 0.000000 0.000000 0.000000 0.000000 0.000000 0.000000 0.000000 
t: 0.001018711019 start: 244 end: 302 0.000002 0.000004 0.000011 0.000023 0.000037 0.000075 0.000131 0.000255 0.000426 0.000651 0.001066 0.001720 0.002731 0.004009 0.006002 0.008459 0.011659 0.016067 0.020898 0.026624 0.033463 0.040470 0.047531 0.054146 0.060469 0.065897 0.068770 0.070302 0.069134 0.066292 0.061038 0.055189 0.047893 0.039878 0.032981 0.025124 0.019064 0.014331 0.009898 0.006644 0.004379 0.002708 0.001593 0.000947 0.000508 0.000234 0.000145 0.000074 0.000032 0.000008 0.000008 0.000000 0.000000 0.000000 0.000000 0.000000 0.000000 0.000000 0.000000 
t: 0.001000000000 start: 244 end: 302 0.000001 0.000000 0.000009 0.000013 0.000018 0.000051 0.000083 0.000151 0.000281 0.000454 0.000764 0.001201 0.001937 0.002933 0.004556 0.006497 0.009194 0.012751 0.017273 0.022520 0.028668 0.035550 0.042709 0.049558 0.056359 0.062840 0.067112 0.070165 0.070444 0.068704 0.065286 0.059502 0.053279 0.045311 0.037850 0.029924 0.023006 0.017595 0.012455 0.008529 0.005797 0.003644 0.002245 0.001301 0.000732 0.000357 0.000209 0.000099 0.000053 0.000017 0.000010 0.000003 0.000000 0.000000 0.000000 0.000000 0.000000 0.000000 0.000000 
