t: 0.059999999999 start: 16 end: 54 0.000003 0.000004 0.000033 0.000116 0.000404 0.001114 0.003080 0.007222 0.015275 0.028236 0.047080 0.070594 0.094150 0.114142 0.124523 0.123547 0.110643 0.089952 0.066731 0.045014 0.027967 0.015583 0.008070 0.003887 0.001650 0.000629 0.000235 0.000082 0.000027 0.000004 0.000003 0.000000 0.000000 0.000000 0.000000 0.000000 0.000000 0.000000 0.000000 
t: 0.054545454544 start: 19 end: 57 0.000009 0.000016 0.000113 0.000302 0.000816 0.002153 0.005201 0.011227 0.020785 0.035700 0.054759 0.077645 0.098636 0.114466 0.120119 0.115794 0.102193 0.082067 0.060820 0.041420 0.026144 0.014952 0.007977 0.003882 0.001659 0.000728 0.000263 0.000111 0.000030 0.000006 0.000007 0.000000 0.000000 0.000000 0.000000 0.000000 0.000000 0.000000 0.000000 
t: 0.049999999999 start: 21 end: 61 0.000002 0.000022 0.000069 0.000233 0.000610 0.001619 0.003867 0.008355 0.015878 0.027715 0.043912 0.063375 0.083910 0.101841 0.113144 0.115684 0.108091 0.093825 0.074253 0.055108 0.037405 0.023682 0.013710 0.007161 0.003676 0.001663 0.000748 0.000264 0.000122 0.000039 0.000014 0.000002 0.000000 0.000001 0.000000 0.000000 0.000000 0.000000 0.000000 0.000000 0.000000 
t: 0.046153846153 start: 23 end: 64 0.000006 0.000008 0.000054 0.000166 0.000513 0.001295 0.003031 0.006373 0.012525 0.021803 0.035384 0.052469 0.071589 0.089629 0.104763 0.110747 0.109890 0.100358 0.085336 0.066837 0.048784 0.032893 0.020695 0.012148 0.006613 0.003347 0.001586 0.000682 0.000301 0.000101 0.000050 0.000021 0.000002 0.000001 0.000000 0.000000 0.000000 0.000000 0.000000 0.000000 0.000000 0.000000 
t: 0.042857142857 start: 25 end: 68 0.000006 0.000013 0.000049 0.000145 0.000437 0.001017 0.002504 0.005066 0.009930 0.017506 0.028682 0.043966 0.061109 0.079732 0.095063 0.104993 0.108071 0.103755 0.092151 0.076421 0.058908 0.042347 0.028579 0.017932 0.010515 0.005669 0.002893 0.001465 0.000672 0.000241 0.000113 0.000032 0.000008 0.000006 0.000003 0.000001 0.000000 0.000000 0.000000 0.000000 0.000000 0.000000 0.000000 0.000000 
t: 0.040000000000 start: 26 end: 69 0.000001 0.000005 0.000014 0.000046 0.000126 0.000369 0.000904 0.002007 0.004143 0.008160 0.014554 0.024339 0.036905 0.053005 0.070158 0.086065 0.098393 0.104398 0.104221 0.096046 0.083346 0.067599 0.051176 0.036591 0.024136 0.014770 0.008867 0.005031 0.002491 0.001210 0.000532 0.000223 0.000112 0.000036 0.000014 0.000007 0.000000 0.000000 0.000000 0.000000 0.000000 0.000000 0.000000 0.000000 
t: 0.037500000000 start: 29 end: 73 0.000005 0.000013 0.000037 0.000133 0.000301 0.000795 0.001719 0.003560 0.006820 0.012345 0.020719 0.032034 0.046369 0.062322 0.077716 0.091331 0.099828 0.102237 0.097895 0.088705 0.074345 0.058976 0.043688 0.030708 0.019780 0.012547 0.007322 0.003956 0.002049 0.000965 0.000453 0.000201 0.000073 0.000036 0.000013 0.000003 0.000001 0.000000 0.000000 0.000000 0.000000 0.000000 0.000000 0.000000 0.000000 
t: 0.035294117647 start: 29 end: 75 0.000001 0.000001 0.000003 0.000006 0.000045 0.000112 0.000323 0.000670 0.001510 0.003033 0.006188 0.010684 0.017896 0.028050 0.040929 0.056246 0.070814 0.084415 0.095049 0.099186 0.098660 0.091060 0.079414 0.064898 0.050939 0.036578 0.024912 0.016391 0.010018 0.005714 0.003160 0.001634 0.000796 0.000382 0.000168 0.000067 0.000030 0.000017 0.000001 0.000000 0.000000 0.000000 0.000000 0.000000 0.000000 0.000000 0.000000 
t: 0.033333333333 start: 31 end: 79 0.000001 0.000002 0.000001 0.000014 0.000040 0.000093 0.000306 0.000657 0.001294 0.002747 0.005392 0.009607 0.016060 0.024921 0.037082 0.050415 0.065581 0.079100 0.089369 0.095767 0.097129 0.092076 0.083283 0.070098 0.056236 0.042190 0.029987 0.020166 0.013066 0.007952 0.004528 0.002531 0.001223 0.000614 0.000254 0.000133 0.000055 0.000021 0.000007 0.000001 0.000001 0.000000 0.000000 0.000000 0.000000 0.000000 0.000000 0.000000 0.000000 
t: 0.031578947368 start: 32 end: 79 0.000002 0.000000 0.000001 0.000002 0.000010 0.000041 0.000119 0.000259 0.000573 0.001375 0.002534 0.004923 0.008712 0.014421 0.022850 0.033787 0.046033 0.060375 0.073786 0.084476 0.092844 0.095273 0.092652 0.084975 0.074168 0.060701 0.046835 0.034579 0.024234 0.016107 0.010265 0.006165 0.003297 0.001908 0.000927 0.000446 0.000219 0.000079 0.000027 0.000012 0.000008 0.000000 0.000000 0.000000 0.000000 0.000000 0.000000 0.000000 
t: 0.030000000000 start: 33 end: 83 0.000001 0.000000 0.000001 0.000002 0.000004 0.000011 0.000050 0.000109 0.000249 0.000559 0.001236 0.002411 0.004528 0.008139 0.013589 0.021184 0.030913 0.042861 0.056124 0.069359 0.080669 0.089048 0.093541 0.091784 0.086383 0.075861 0.064287 0.051427 0.038779 0.027996 0.019243 0.012345 0.007672 0.004501 0.002544 0.001339 0.000693 0.000336 0.000128 0.000060 0.000022 0.000009 0.000002 0.000001 0.000000 0.000000 0.000000 0.000000 0.000000 0.000000 0.000000 
t: 0.028571428571 start: 36 end: 85 0.000001 0.000000 0.000002 0.000003 0.000021 0.000042 0.000102 0.000266 0.000580 0.001147 0.002370 0.004356 0.007849 0.012716 0.019992 0.028849 0.040373 0.052924 0.065696 0.077132 0.085876 0.090563 0.090652 0.086200 0.078091 0.067458 0.054534 0.042639 0.031210 0.021911 0.014634 0.009338 0.005612 0.003185 0.001794 0.001004 0.000466 0.000248 0.000094 0.000036 0.000023 0.000009 0.000002 0.000000 0.000000 0.000000 0.000000 0.000000 0.000000 0.000000 
t: 0.027272727273 start: 36 end: 86 0.000001 0.000000 0.000000 0.000000 0.000001 0.000006 0.000023 0.000044 0.000120 0.000258 0.000566 0.001198 0.002359 0.004371 0.007444 0.012134 0.018866 0.027745 0.038362 0.050300 0.062732 0.073938 0.082601 0.088549 0.089263 0.086586 0.079036 0.069341 0.057266 0.045323 0.033915 0.024344 0.016778 0.010843 0.006697 0.004087 0.002372 0.001249 0.000702 0.000317 0.000145 0.000073 0.000027 0.000014 0.000002 0.000002 0.000000 0.000000 0.000000 0.000000 0.000000 
t: 0.026086956522 start: 39 end: 90 0.000001 0.000000 0.000000 0.000002 0.000006 0.000020 0.000049 0.000123 0.000289 0.000601 0.001187 0.002370 0.004400 0.007274 0.011789 0.018112 0.026872 0.036858 0.048351 0.060199 0.071471 0.080320 0.086253 0.088243 0.085567 0.079532 0.070356 0.059164 0.047549 0.036465 0.026764 0.018715 0.012254 0.007938 0.004834 0.002812 0.001638 0.000839 0.000433 0.000182 0.000089 0.000049 0.000020 0.000007 0.000001 0.000002 0.000000 0.000000 0.000000 0.000000 0.000000 0.000000 
t: 0.025000000000 start: 39 end: 92 0.000001 0.000000 0.000000 0.000001 0.000000 0.000005 0.000007 0.000019 0.000064 0.000126 0.000324 0.000655 0.001234 0.002431 0.004366 0.007447 0.011759 0.017786 0.025904 0.035954 0.046839 0.058283 0.069548 0.078316 0.084038 0.087027 0.085112 0.079240 0.071058 0.060177 0.049629 0.038546 0.028327 0.020099 0.013719 0.008905 0.005712 0.003330 0.001906 0.001026 0.000531 0.000319 0.000129 0.000057 0.000029 0.000008 0.000005 0.000001 0.000001 0.000000 0.000000 0.000000 0.000000 0.000000 
t: 0.024000000000 start: 42 end: 96 0.000001 0.000000 0.000001 0.000001 0.000003 0.000010 0.000035 0.000062 0.000141 0.000357 0.000635 0.001386 0.002531 0.004380 0.007466 0.011742 0.017897 0.025647 0.035167 0.045831 0.056688 0.068262 0.076527 0.082676 0.084938 0.084085 0.079280 0.071423 0.061101 0.050464 0.039737 0.030073 0.021720 0.014864 0.009913 0.006246 0.003875 0.002267 0.001226 0.000672 0.000345 0.000174 0.000086 0.000038 0.000016 0.000005 0.000005 0.000001 0.000000 0.000000 0.000000 0.000000 0.000000 0.000000 0.000000 
t: 0.023076923077 start: 43 end: 97 0.000001 0.000000 0.000000 0.000001 0.000002 0.000008 0.000009 0.000037 0.000074 0.000172 0.000390 0.000781 0.001426 0.002652 0.004599 0.007681 0.011867 0.017912 0.025836 0.034596 0.045168 0.056412 0.066784 0.074838 0.081213 0.084166 0.082859 0.078627 0.071113 0.061624 0.051115 0.041024 0.031021 0.022767 0.015742 0.010588 0.006924 0.004289 0.002600 0.001432 0.000838 0.000422 0.000188 0.000117 0.000050 0.000021 0.000007 0.000006 0.000001 0.000000 0.000000 0.000000 0.000000 0.000000 0.000000 
t: 0.022222222222 start: 47 end: 101 0.000002 0.000000 0.000003 0.000006 0.000015 0.000054 0.000091 0.000203 0.000412 0.000860 0.001580 0.002918 0.004842 0.007797 0.012336 0.018175 0.025966 0.034704 0.045272 0.055381 0.065760 0.073778 0.080205 0.082642 0.081962 0.077679 0.071006 0.062089 0.051375 0.041205 0.031884 0.023302 0.016622 0.011367 0.007404 0.004759 0.002841 0.001588 0.000936 0.000490 0.000254 0.000132 0.000057 0.000020 0.000020 0.000003 0.000002 0.000001 0.000000 0.000000 0.000000 0.000000 0.000000 0.000000 0.000000 
t: 0.021428571428 start: 50 end: 103 0.000001 0.000004 0.000008 0.000022 0.000048 0.000113 0.000232 0.000477 0.000969 0.001770 0.003117 0.005105 0.008402 0.012627 0.018520 0.026597 0.035071 0.045201 0.055597 0.064982 0.073273 0.079020 0.081172 0.081331 0.076807 0.070237 0.061330 0.051489 0.041690 0.031880 0.023791 0.017377 0.011966 0.007936 0.004900 0.002986 0.001812 0.001050 0.000528 0.000287 0.000141 0.000068 0.000043 0.000011 0.000009 0.000003 0.000000 0.000000 0.000000 0.000000 0.000000 0.000000 0.000000 0.000000 
t: 0.020689655172 start: 52 end: 106 0.000002 0.000002 0.000011 0.000025 0.000060 0.000132 0.000245 0.000572 0.001115 0.002005 0.003303 0.005474 0.008847 0.013445 0.019611 0.026928 0.035817 0.045834 0.055288 0.064934 0.072804 0.078168 0.080718 0.079440 0.075873 0.068946 0.060856 0.051299 0.041460 0.032198 0.024073 0.017449 0.012144 0.008208 0.005256 0.003206 0.001900 0.001113 0.000619 0.000312 0.000160 0.000075 0.000036 0.000025 0.000005 0.000004 0.000003 0.000000 0.000000 0.000000 0.000000 0.000000 0.000000 0.000000 0.000000 
t: 0.020000000000 start: 53 end: 109 0.000002 0.000002 0.000009 0.000013 0.000026 0.000076 0.000160 0.000339 0.000684 0.001226 0.002116 0.003760 0.006008 0.009496 0.014308 0.020481 0.028063 0.036590 0.046036 0.055993 0.064651 0.072585 0.077808 0.079594 0.078491 0.074618 0.068178 0.060124 0.050452 0.040878 0.031919 0.024155 0.017368 0.012229 0.008345 0.005404 0.003263 0.002051 0.001172 0.000664 0.000335 0.000166 0.000090 0.000037 0.000019 0.000008 0.000004 0.000003 0.000001 0.000000 0.000000 0.000000 0.000000 0.000000 0.000000 0.000000 0.000000 
t: 0.019354838710 start: 53 end: 111 0.000001 0.000001 0.000001 0.000002 0.000005 0.000020 0.000055 0.000092 0.000204 0.000423 0.000774 0.001367 0.002453 0.004183 0.006627 0.010332 0.015222 0.021519 0.028928 0.037718 0.046990 0.056537 0.064817 0.072533 0.077385 0.078884 0.077159 0.073373 0.066910 0.058842 0.049665 0.040172 0.031635 0.023892 0.017576 0.012115 0.008216 0.005267 0.003440 0.002036 0.001237 0.000685 0.000333 0.000192 0.000097 0.000045 0.000021 0.000009 0.000003 0.000004 0.000003 0.000000 0.000000 0.000000 0.000000 0.000000 0.000000 0.000000 0.000000 
t: 0.018750000000 start: 55 end: 114 0.000002 0.000000 0.000001 0.000003 0.000009 0.000025 0.000049 0.000130 0.000270 0.000532 0.000904 0.001588 0.002789 0.004634 0.007440 0.011170 0.016393 0.022749 0.030109 0.039176 0.048301 0.057160 0.065694 0.072459 0.076672 0.077551 0.076261 0.072344 0.065606 0.057123 0.048430 0.039507 0.030707 0.023670 0.017018 0.011722 0.008255 0.005392 0.003458 0.002088 0.001210 0.000635 0.000375 0.000191 0.000103 0.000048 0.000025 0.000010 0.000005 0.000002 0.000002 0.000001 0.000002 0.000000 0.000000 0.000000 0.000000 0.000000 0.000000 0.000000 
t: 0.018181818182 start: 58 end: 117 0.000001 0.000002 0.000008 0.000019 0.000033 0.000077 0.000176 0.000310 0.000598 0.001097 0.001905 0.003108 0.005423 0.008268 0.012280 0.017393 0.024030 0.031834 0.040668 0.049081 0.059032 0.066161 0.072252 0.076216 0.077128 0.075415 0.070428 0.063517 0.055895 0.047023 0.038237 0.030325 0.022711 0.016446 0.011633 0.007970 0.005262 0.003368 0.002050 0.001192 0.000652 0.000376 0.000203 0.000097 0.000050 0.000027 0.000010 0.000008 0.000001 0.000002 0.000001 0.000001 0.000000 0.000000 0.000000 0.000000 0.000000 0.000000 0.000000 0.000000 
t: 0.017647058823 start: 61 end: 119 0.000008 0.000015 0.000021 0.000045 0.000117 0.000187 0.000398 0.000746 0.001315 0.002254 0.003705 0.006020 0.009210 0.013384 0.019050 0.025686 0.033347 0.042586 0.050977 0.059860 0.067064 0.072650 0.075734 0.076012 0.073840 0.069058 0.061893 0.054122 0.045787 0.036714 0.028781 0.021697 0.015968 0.011171 0.007692 0.005065 0.003270 0.001957 0.001129 0.000700 0.000360 0.000204 0.000099 0.000054 0.000019 0.000013 0.000008 0.000005 0.000001 0.000000 0.000001 0.000001 0.000000 0.000000 0.000000 0.000000 0.000000 0.000000 0.000000 
t: 0.017142857143 start: 61 end: 121 0.000002 0.000003 0.000010 0.000016 0.000032 0.000066 0.000123 0.000267 0.000494 0.000928 0.001567 0.002680 0.004360 0.006800 0.010138 0.014867 0.020743 0.027605 0.035392 0.044649 0.052867 0.060921 0.067731 0.072619 0.075452 0.074615 0.072615 0.066991 0.059955 0.052436 0.043869 0.035539 0.027581 0.020801 0.015023 0.010699 0.007236 0.004797 0.003074 0.001910 0.001133 0.000654 0.000356 0.000179 0.000107 0.000047 0.000027 0.000013 0.000004 0.000002 0.000003 0.000000 0.000000 0.000001 0.000001 0.000000 0.000000 0.000000 0.000000 0.000000 0.000000 
t: 0.016666666667 start: 63 end: 122 0.000002 0.000008 0.000007 0.000017 0.000038 0.000085 0.000167 0.000354 0.000656 0.001068 0.001924 0.003092 0.005036 0.007810 0.011705 0.016472 0.022295 0.029731 0.037770 0.046369 0.054817 0.062188 0.068846 0.072555 0.074711 0.073954 0.070757 0.064989 0.058243 0.050391 0.041813 0.033464 0.026143 0.019676 0.014313 0.009936 0.007003 0.004531 0.002865 0.001778 0.001061 0.000628 0.000350 0.000176 0.000113 0.000041 0.000025 0.000015 0.000004 0.000004 0.000001 0.000000 0.000003 0.000000 0.000000 0.000000 0.000000 0.000000 0.000000 0.000000 
t: 0.016216216216 start: 64 end: 125 0.000002 0.000004 0.000003 0.000008 0.000024 0.000054 0.000137 0.000238 0.000436 0.000788 0.001341 0.002331 0.003729 0.006069 0.008932 0.013019 0.018122 0.024671 0.032081 0.040043 0.048443 0.056701 0.063649 0.069298 0.072798 0.074309 0.072458 0.068883 0.063099 0.056394 0.047489 0.039802 0.031825 0.024342 0.018570 0.013393 0.009473 0.006423 0.004051 0.002685 0.001617 0.000986 0.000602 0.000317 0.000169 0.000093 0.000041 0.000033 0.000012 0.000008 0.000001 0.000001 0.000002 0.000001 0.000000 0.000000 0.000000 0.000000 0.000000 0.000000 0.000000 0.000000 
t: 0.015789473684 start: 65 end: 126 0.000002 0.000001 0.000005 0.000004 0.000016 0.000036 0.000095 0.000147 0.000323 0.000551 0.001051 0.001669 0.002845 0.004411 0.007068 0.010358 0.014594 0.020229 0.026913 0.034098 0.042971 0.050892 0.058292 0.064822 0.069993 0.073168 0.073325 0.071190 0.066836 0.060805 0.053728 0.045230 0.037393 0.029979 0.022896 0.017126 0.012529 0.008781 0.005710 0.003876 0.002419 0.001550 0.000909 0.000544 0.000270 0.000157 0.000094 0.000054 0.000025 0.000010 0.000004 0.000004 0.000001 0.000001 0.000000 0.000000 0.000000 0.000000 0.000000 0.000000 0.000000 0.000000 
t: 0.015384615385 start: 65 end: 125 0.000001 0.000000 0.000001 0.000000 0.000007 0.000013 0.000024 0.000049 0.000126 0.000210 0.000394 0.000747 0.001267 0.002068 0.003380 0.005464 0.008089 0.011914 0.016403 0.022883 0.029291 0.037212 0.045092 0.052933 0.060210 0.066301 0.070333 0.073328 0.072470 0.069101 0.064376 0.058635 0.050979 0.042861 0.035127 0.027772 0.021447 0.015839 0.011446 0.007979 0.005338 0.003391 0.002241 0.001387 0.000790 0.000494 0.000266 0.000165 0.000068 0.000047 0.000026 0.000007 0.000003 0.000004 0.000000 0.000000 0.000001 0.000000 0.000000 0.000000 0.000000 
t: 0.015000000000 start: 66 end: 127 0.000001 0.000000 0.000000 0.000001 0.000002 0.000010 0.000016 0.000040 0.000066 0.000178 0.000286 0.000537 0.000952 0.001518 0.002607 0.004178 0.006346 0.009566 0.013671 0.018796 0.025031 0.032166 0.040028 0.047785 0.055209 0.062057 0.067653 0.071058 0.072662 0.070885 0.067415 0.062295 0.055664 0.048137 0.040240 0.032757 0.025834 0.019451 0.014535 0.010258 0.007250 0.004835 0.003159 0.001941 0.001269 0.000709 0.000418 0.000247 0.000144 0.000068 0.000032 0.000018 0.000009 0.000006 0.000002 0.000002 0.000000 0.000000 0.000000 0.000000 0.000000 0.000000 
t: 0.014634146341 start: 69 end: 131 0.000001 0.000001 0.000002 0.000006 0.000009 0.000016 0.000064 0.000108 0.000221 0.000400 0.000714 0.001143 0.001989 0.003137 0.005177 0.007572 0.011209 0.015753 0.021262 0.027696 0.035022 0.042329 0.050679 0.058012 0.063963 0.068661 0.071136 0.071592 0.069341 0.065434 0.059941 0.052590 0.045430 0.037715 0.030118 0.023542 0.017884 0.012930 0.009392 0.006441 0.004197 0.002819 0.001794 0.001084 0.000635 0.000366 0.000224 0.000124 0.000058 0.000033 0.000015 0.000010 0.000007 0.000001 0.000000 0.000001 0.000000 0.000000 0.000000 0.000000 0.000000 0.000000 0.000000 
t: 0.014285714286 start: 71 end: 133 0.000001 0.000001 0.000003 0.000010 0.000016 0.000045 0.000071 0.000168 0.000282 0.000540 0.000888 0.001561 0.002470 0.004080 0.006171 0.009133 0.012824 0.018094 0.023707 0.030556 0.038158 0.045299 0.053691 0.059905 0.065979 0.069055 0.071285 0.070229 0.067998 0.063036 0.056957 0.049769 0.042188 0.034680 0.027880 0.021379 0.016116 0.011861 0.008184 0.005716 0.003835 0.002394 0.001533 0.000963 0.000558 0.000325 0.000195 0.000097 0.000051 0.000030 0.000016 0.000009 0.000004 0.000003 0.000000 0.000001 0.000000 0.000000 0.000000 0.000000 0.000000 0.000000 0.000000 
t: 0.013953488372 start: 72 end: 133 0.000001 0.000000 0.000002 0.000005 0.000010 0.000037 0.000058 0.000132 0.000208 0.000377 0.000723 0.001200 0.002012 0.003235 0.005032 0.007476 0.010792 0.015364 0.020379 0.026459 0.033503 0.041085 0.049005 0.056116 0.062260 0.067113 0.069741 0.070488 0.068993 0.065131 0.060674 0.054362 0.046290 0.039197 0.032191 0.025127 0.019453 0.014303 0.010398 0.007404 0.005007 0.003333 0.002087 0.001340 0.000799 0.000505 0.000263 0.000149 0.000079 0.000051 0.000023 0.000016 0.000009 0.000002 0.000000 0.000001 0.000000 0.000000 0.000000 0.000000 0.000000 0.000000 
t: 0.013636363636 start: 73 end: 135 0.000001 0.000000 0.000001 0.000003 0.000014 0.000023 0.000043 0.000092 0.000161 0.000312 0.000590 0.000950 0.001517 0.002626 0.003937 0.006353 0.009030 0.012693 0.017656 0.023425 0.029531 0.036736 0.044648 0.051618 0.058877 0.064167 0.068196 0.069692 0.069248 0.067620 0.062997 0.057731 0.050642 0.043470 0.036220 0.028957 0.022992 0.017384 0.012662 0.009085 0.006421 0.004312 0.002898 0.001703 0.001163 0.000694 0.000403 0.000228 0.000119 0.000077 0.000047 0.000017 0.000009 0.000005 0.000003 0.000001 0.000000 0.000000 0.000000 0.000000 0.000000 0.000000 0.000000 
t: 0.013333333333 start: 74 end: 138 0.000001 0.000000 0.000001 0.000002 0.000007 0.000025 0.000029 0.000065 0.000122 0.000248 0.000472 0.000732 0.001215 0.002059 0.003368 0.005159 0.007567 0.010866 0.015111 0.020229 0.026303 0.032941 0.040323 0.047728 0.055148 0.061120 0.065618 0.068270 0.069626 0.068502 0.065430 0.060145 0.054236 0.047433 0.040192 0.033074 0.026258 0.020389 0.015468 0.011058 0.008015 0.005544 0.003751 0.002334 0.001558 0.000979 0.000550 0.000310 0.000187 0.000099 0.000070 0.000029 0.000016 0.000010 0.000004 0.000002 0.000001 0.000001 0.000000 0.000000 0.000000 0.000000 0.000000 0.000000 0.000000 
t: 0.013043478261 start: 77 end: 141 0.000001 0.000001 0.000010 0.000012 0.000023 0.000046 0.000109 0.000204 0.000360 0.000599 0.000985 0.001702 0.002738 0.004241 0.006371 0.009244 0.012843 0.017853 0.023079 0.029486 0.036412 0.044048 0.051261 0.057385 0.063011 0.067357 0.068688 0.068938 0.066499 0.062918 0.057424 0.050932 0.043809 0.036668 0.029781 0.023840 0.018162 0.013426 0.009842 0.006622 0.004705 0.003242 0.001992 0.001269 0.000791 0.000451 0.000270 0.000166 0.000089 0.000042 0.000021 0.000013 0.000007 0.000007 0.000003 0.000001 0.000001 0.000000 0.000000 0.000000 0.000000 0.000000 0.000000 0.000000 0.000000 
t: 0.012765957447 start: 78 end: 140 0.000001 0.000000 0.000005 0.000009 0.000016 0.000042 0.000093 0.000165 0.000282 0.000482 0.000812 0.001376 0.002185 0.003566 0.005454 0.007762 0.011211 0.015271 0.020438 0.026407 0.033466 0.040196 0.047475 0.053888 0.060479 0.064869 0.067590 0.068768 0.067715 0.064390 0.060112 0.054210 0.047295 0.040226 0.033403 0.026603 0.021113 0.015911 0.011638 0.008438 0.005871 0.003968 0.002572 0.001716 0.001052 0.000613 0.000369 0.000207 0.000133 0.000061 0.000034 0.000019 0.000006 0.000007 0.000009 0.000001 0.000000 0.000000 0.000000 0.000000 0.000000 0.000000 0.000000 
t: 0.012500000000 start: 80 end: 142 0.000001 0.000007 0.000005 0.000018 0.000032 0.000064 0.000122 0.000259 0.000384 0.000660 0.001089 0.001916 0.002952 0.004521 0.006721 0.009668 0.013404 0.018078 0.023626 0.029934 0.036923 0.044030 0.050801 0.057447 0.062268 0.066582 0.068187 0.067911 0.065559 0.062292 0.056816 0.050232 0.043927 0.036487 0.029944 0.023833 0.018609 0.013798 0.009943 0.007084 0.004915 0.003408 0.002146 0.001372 0.000841 0.000545 0.000261 0.000175 0.000088 0.000051 0.000026 0.000009 0.000022 0.000006 0.000001 0.000000 0.000000 0.000000 0.000000 0.000000 0.000000 0.000000 0.000000 
t: 0.012244897959 start: 81 end: 145 0.000002 0.000005 0.000005 0.000014 0.000024 0.000041 0.000109 0.000191 0.000331 0.000557 0.000977 0.001525 0.002475 0.003875 0.005812 0.008374 0.011831 0.016086 0.021113 0.027056 0.033597 0.040557 0.047833 0.054484 0.059815 0.064359 0.067434 0.067948 0.066549 0.063721 0.059190 0.052904 0.047009 0.039766 0.033183 0.026662 0.020969 0.015985 0.011794 0.008504 0.006081 0.003980 0.002812 0.001773 0.001103 0.000674 0.000404 0.000229 0.000119 0.000067 0.000036 0.000023 0.000018 0.000010 0.000003 0.000001 0.000001 0.000000 0.000000 0.000000 0.000000 0.000000 0.000000 0.000000 0.000000 
t: 0.012000000000 start: 82 end: 146 0.000001 0.000002 0.000008 0.000009 0.000014 0.000049 0.000084 0.000155 0.000276 0.000476 0.000793 0.001312 0.002122 0.003210 0.005141 0.007229 0.010308 0.014248 0.018985 0.024691 0.030778 0.037730 0.044313 0.051134 0.057475 0.062363 0.066205 0.067494 0.066737 0.064967 0.061115 0.055408 0.049779 0.042933 0.036085 0.029651 0.023419 0.018360 0.013469 0.010084 0.007140 0.005059 0.003443 0.002218 0.001383 0.000950 0.000507 0.000295 0.000168 0.000101 0.000056 0.000029 0.000018 0.000014 0.000005 0.000001 0.000000 0.000000 0.000001 0.000000 0.000000 0.000000 0.000000 0.000000 0.000000 
t: 0.011764705882 start: 84 end: 149 0.000003 0.000004 0.000007 0.000016 0.000031 0.000072 0.000140 0.000225 0.000389 0.000648 0.001156 0.001786 0.002845 0.004328 0.006410 0.009002 0.012711 0.016945 0.022564 0.028295 0.034860 0.041485 0.048237 0.054786 0.060119 0.064099 0.066917 0.066921 0.065862 0.062870 0.057617 0.052291 0.045517 0.039227 0.032215 0.025871 0.020493 0.015595 0.011564 0.008509 0.006081 0.003977 0.002724 0.001816 0.001148 0.000685 0.000417 0.000228 0.000125 0.000072 0.000039 0.000029 0.000018 0.000004 0.000002 0.000001 0.000001 0.000000 0.000001 0.000000 0.000000 0.000000 0.000000 0.000000 0.000000 0.000000 
t: 0.011538461538 start: 85 end: 150 0.000001 0.000005 0.000005 0.000012 0.000021 0.000056 0.000119 0.000178 0.000329 0.000571 0.000952 0.001576 0.002511 0.003804 0.005537 0.008088 0.011314 0.015317 0.020428 0.025687 0.032298 0.038811 0.045703 0.052185 0.057743 0.062652 0.065537 0.066882 0.066108 0.063874 0.059713 0.054443 0.048250 0.041452 0.034968 0.028576 0.022607 0.017691 0.013196 0.009838 0.006927 0.004987 0.003243 0.002234 0.001444 0.000890 0.000529 0.000322 0.000179 0.000083 0.000054 0.000036 0.000016 0.000010 0.000004 0.000002 0.000001 0.000001 0.000000 0.000000 0.000000 0.000000 0.000000 0.000000 0.000000 0.000000 
t: 0.011320754717 start: 87 end: 151 0.000004 0.000001 0.000012 0.000018 0.000044 0.000100 0.000148 0.000289 0.000500 0.000825 0.001308 0.002244 0.003353 0.004921 0.007285 0.010148 0.013760 0.018432 0.023580 0.030076 0.036519 0.043062 0.049531 0.055672 0.060760 0.064210 0.066072 0.066582 0.064152 0.061386 0.056598 0.050396 0.043908 0.037593 0.031230 0.024690 0.019529 0.014968 0.011141 0.008161 0.005783 0.003877 0.002688 0.001747 0.001091 0.000668 0.000427 0.000220 0.000139 0.000071 0.000031 0.000027 0.000011 0.000003 0.000004 0.000004 0.000001 0.000000 0.000000 0.000000 0.000000 0.000000 0.000000 0.000000 0.000000 
t: 0.011111111111 start: 88 end: 153 0.000002 0.000003 0.000011 0.000016 0.000046 0.000075 0.000130 0.000241 0.000426 0.000716 0.001135 0.001944 0.002878 0.004401 0.006550 0.009050 0.012563 0.016847 0.021977 0.027728 0.034094 0.040468 0.047474 0.053122 0.058877 0.062982 0.065314 0.066499 0.064571 0.062413 0.058098 0.052499 0.046542 0.039764 0.033389 0.027535 0.021485 0.016410 0.012648 0.009244 0.006666 0.004513 0.003110 0.002130 0.001329 0.000848 0.000561 0.000299 0.000155 0.000108 0.000050 0.000031 0.000015 0.000008 0.000006 0.000002 0.000001 0.000001 0.000000 0.000000 0.000000 0.000000 0.000000 0.000000 0.000000 0.000000 
t: 0.010909090909 start: 89 end: 154 0.000001 0.000007 0.000007 0.000018 0.000028 0.000071 0.000117 0.000194 0.000348 0.000663 0.001048 0.001651 0.002594 0.003906 0.005925 0.008246 0.011441 0.015338 0.020134 0.025671 0.032008 0.038638 0.044862 0.050950 0.056966 0.061200 0.064552 0.065679 0.065474 0.063076 0.059458 0.054585 0.048182 0.042342 0.035877 0.029398 0.023296 0.018269 0.014087 0.010506 0.007606 0.005289 0.003657 0.002472 0.001627 0.001023 0.000625 0.000375 0.000225 0.000140 0.000063 0.000037 0.000025 0.000012 0.000007 0.000001 0.000002 0.000001 0.000000 0.000000 0.000000 0.000000 0.000000 0.000000 0.000000 0.000000 
t: 0.010714285714 start: 90 end: 155 0.000001 0.000003 0.000009 0.000016 0.000028 0.000057 0.000094 0.000175 0.000333 0.000567 0.000904 0.001495 0.002347 0.003524 0.005260 0.007526 0.010518 0.014268 0.018476 0.023841 0.030058 0.036013 0.042962 0.049104 0.055080 0.059856 0.063144 0.065602 0.065150 0.063744 0.060791 0.055734 0.050581 0.043898 0.037966 0.031541 0.025352 0.020057 0.015767 0.011493 0.008390 0.005999 0.004232 0.002928 0.002021 0.001196 0.000774 0.000492 0.000279 0.000148 0.000107 0.000050 0.000019 0.000015 0.000006 0.000004 0.000003 0.000002 0.000000 0.000000 0.000000 0.000000 0.000000 0.000000 0.000000 0.000000 
t: 0.010526315789 start: 91 end: 156 0.000002 0.000002 0.000004 0.000023 0.000019 0.000045 0.000088 0.000168 0.000281 0.000507 0.000798 0.001370 0.002098 0.003229 0.004657 0.006853 0.009774 0.013039 0.017236 0.022331 0.027937 0.034256 0.041005 0.047053 0.053039 0.058096 0.062324 0.064679 0.065251 0.064095 0.061672 0.057269 0.052150 0.046109 0.039693 0.033213 0.027380 0.022006 0.016889 0.012864 0.009484 0.006750 0.004834 0.003340 0.002342 0.001479 0.000919 0.000562 0.000315 0.000219 0.000106 0.000065 0.000049 0.000014 0.000008 0.000006 0.000003 0.000000 0.000001 0.000000 0.000000 0.000000 0.000000 0.000000 0.000000 0.000000 
t: 0.010344827586 start: 92 end: 158 0.000001 0.000002 0.000009 0.000009 0.000022 0.000044 0.000087 0.000138 0.000269 0.000428 0.000755 0.001129 0.001980 0.002911 0.004253 0.006387 0.008789 0.012303 0.015953 0.021089 0.026249 0.032439 0.039219 0.045139 0.051344 0.056692 0.060816 0.063697 0.065187 0.064432 0.062258 0.058166 0.053747 0.047621 0.041570 0.035246 0.029143 0.023453 0.018457 0.014106 0.010386 0.007662 0.005466 0.003879 0.002534 0.001772 0.001150 0.000629 0.000411 0.000260 0.000135 0.000082 0.000048 0.000026 0.000004 0.000010 0.000005 0.000001 0.000001 0.000000 0.000000 0.000000 0.000000 0.000000 0.000000 0.000000 0.000000 
t: 0.010169491525 start: 93 end: 159 0.000002 0.000003 0.000010 0.000007 0.000016 0.000037 0.000068 0.000138 0.000221 0.000421 0.000670 0.001064 0.001748 0.002695 0.003907 0.005804 0.008258 0.011265 0.015228 0.019650 0.024863 0.030923 0.037080 0.043463 0.049710 0.055025 0.059982 0.062726 0.064582 0.064239 0.062641 0.059370 0.055112 0.048941 0.043384 0.036977 0.030886 0.025099 0.019960 0.015348 0.011330 0.008493 0.006173 0.004271 0.002920 0.001996 0.001307 0.000794 0.000511 0.000305 0.000167 0.000093 0.000052 0.000029 0.000018 0.000008 0.000007 0.000001 0.000000 0.000002 0.000000 0.000000 0.000000 0.000000 0.000000 0.000000 0.000000 
t: 0.010000000000 start: 93 end: 161 0.000001 0.000001 0.000003 0.000008 0.000011 0.000015 0.000026 0.000071 0.000119 0.000207 0.000382 0.000594 0.000997 0.001614 0.002426 0.003670 0.005329 0.007648 0.010505 0.014242 0.018576 0.023676 0.029357 0.035593 0.041613 0.047952 0.053823 0.058596 0.062050 0.063771 0.064499 0.062887 0.060307 0.055498 0.050550 0.045031 0.038525 0.032527 0.026800 0.021306 0.016531 0.012392 0.009380 0.006672 0.004739 0.003418 0.002288 0.001420 0.000939 0.000565 0.000379 0.000202 0.000123 0.000065 0.000041 0.000016 0.000007 0.000009 0.000005 0.000001 0.000002 0.000000 0.000000 0.000000 0.000000 0.000000 0.000000 0.000000 0.000000 
t: 0.008448275866 start: 105 end: 173 0.000001 0.000000 0.000001 0.000005 0.000012 0.000022 0.000040 0.000063 0.000121 0.000207 0.000345 0.000558 0.000922 0.001350 0.002130 0.003224 0.004694 0.006502 0.009072 0.012124 0.015966 0.020275 0.025199 0.031207 0.036570 0.042249 0.047870 0.052833 0.057305 0.059649 0.061500 0.061645 0.060489 0.057449 0.053509 0.049567 0.043604 0.037740 0.032000 0.026787 0.021719 0.017016 0.013108 0.009749 0.007349 0.005307 0.003713 0.002489 0.001686 0.001153 0.000739 0.000486 0.000297 0.000161 0.000097 0.000051 0.000040 0.000016 0.000011 0.000005 0.000001 0.000001 0.000000 0.000000 0.000000 0.000000 0.000000 0.000000 0.000000 
t: 0.007313432839 start: 117 end: 187 0.000002 0.000003 0.000003 0.000020 0.000033 0.000055 0.000073 0.000142 0.000228 0.000402 0.000630 0.000947 0.001537 0.002345 0.003396 0.004695 0.006737 0.008947 0.012103 0.015753 0.019939 0.024412 0.029838 0.035489 0.040793 0.045925 0.050987 0.054447 0.057320 0.059716 0.060019 0.059001 0.057144 0.053822 0.049272 0.044850 0.039552 0.033627 0.028203 0.023467 0.018855 0.014742 0.011552 0.008490 0.006319 0.004649 0.003185 0.002166 0.001535 0.000987 0.000647 0.000401 0.000262 0.000124 0.000086 0.000063 0.000033 0.000014 0.000009 0.000003 0.000002 0.000000 0.000000 0.000000 0.000001 0.000000 0.000001 0.000000 0.000000 0.000000 0.000000 
t: 0.006447368423 start: 125 end: 197 0.000002 0.000003 0.000003 0.000004 0.000015 0.000019 0.000035 0.000060 0.000114 0.000198 0.000293 0.000497 0.000787 0.001155 0.001834 0.002626 0.003760 0.005353 0.007360 0.009707 0.012840 0.016506 0.020786 0.025055 0.030177 0.035474 0.040878 0.045806 0.050545 0.053882 0.057030 0.058700 0.058787 0.058080 0.055762 0.052754 0.048114 0.043895 0.038875 0.033487 0.028399 0.023540 0.019105 0.015071 0.011834 0.008971 0.006630 0.004884 0.003286 0.002372 0.001640 0.001128 0.000732 0.000418 0.000295 0.000172 0.000112 0.000069 0.000037 0.000024 0.000011 0.000005 0.000002 0.000004 0.000001 0.000000 0.000000 0.000000 0.000000 0.000000 0.000000 0.000000 0.000000 
t: 0.005764705884 start: 134 end: 206 0.000002 0.000004 0.000000 0.000006 0.000015 0.000029 0.000051 0.000081 0.000161 0.000231 0.000405 0.000630 0.000911 0.001476 0.002143 0.003023 0.004260 0.006031 0.007959 0.010467 0.013727 0.017600 0.021730 0.026194 0.031020 0.036575 0.041635 0.046377 0.050562 0.053975 0.056560 0.057526 0.057961 0.056284 0.054937 0.051504 0.047204 0.043143 0.037981 0.032534 0.027837 0.023087 0.018748 0.014930 0.011550 0.008804 0.006555 0.004914 0.003462 0.002430 0.001704 0.001109 0.000734 0.000464 0.000277 0.000208 0.000119 0.000071 0.000036 0.000021 0.000010 0.000010 0.000001 0.000002 0.000002 0.000000 0.000001 0.000000 0.000000 0.000000 0.000000 0.000000 0.000000 
t: 0.005212765959 start: 141 end: 214 0.000002 0.000001 0.000003 0.000004 0.000010 0.000018 0.000044 0.000067 0.000115 0.000169 0.000300 0.000437 0.000704 0.001074 0.001600 0.002287 0.003403 0.004636 0.006342 0.008583 0.011163 0.014476 0.017954 0.022166 0.026905 0.031728 0.037101 0.041959 0.046112 0.050735 0.053654 0.056059 0.057009 0.057291 0.055851 0.054049 0.051313 0.046959 0.042093 0.036973 0.032422 0.027296 0.022617 0.018608 0.014897 0.011621 0.008926 0.006589 0.004853 0.003528 0.002488 0.001626 0.001161 0.000741 0.000491 0.000311 0.000194 0.000106 0.000067 0.000058 0.000020 0.000019 0.000008 0.000002 0.000001 0.000000 0.000001 0.000000 0.000000 0.000000 0.000000 0.000000 0.000000 0.000000 
t: 0.004757281555 start: 148 end: 222 0.000001 0.000001 0.000005 0.000009 0.000013 0.000019 0.000054 0.000057 0.000113 0.000203 0.000292 0.000463 0.000716 0.001062 0.001601 0.002367 0.003354 0.004690 0.006352 0.008462 0.011013 0.014166 0.017890 0.021704 0.026375 0.031118 0.036052 0.041383 0.045806 0.049612 0.052900 0.055695 0.056980 0.056684 0.055907 0.053881 0.050846 0.047110 0.042814 0.037727 0.032927 0.028243 0.023464 0.019177 0.015159 0.012144 0.009428 0.007012 0.005183 0.003778 0.002641 0.001917 0.001217 0.000814 0.000532 0.000338 0.000210 0.000136 0.000079 0.000046 0.000023 0.000014 0.000009 0.000008 0.000001 0.000001 0.000002 0.000000 0.000000 0.000000 0.000000 0.000000 0.000000 0.000000 0.000000 
t: 0.004375000001 start: 152 end: 225 0.000001 0.000000 0.000000 0.000000 0.000004 0.000003 0.000013 0.000018 0.000038 0.000077 0.000089 0.000156 0.000256 0.000426 0.000593 0.000961 0.001400 0.002091 0.003004 0.004081 0.005504 0.007601 0.009951 0.013004 0.016294 0.019925 0.024527 0.029416 0.034035 0.038589 0.043304 0.047911 0.051223 0.053962 0.056264 0.056911 0.056429 0.054822 0.052400 0.048556 0.044642 0.039854 0.035395 0.030407 0.025511 0.020995 0.016922 0.013596 0.010532 0.008076 0.006135 0.004409 0.003141 0.002229 0.001499 0.001037 0.000685 0.000416 0.000279 0.000181 0.000085 0.000058 0.000029 0.000023 0.000007 0.000009 0.000007 0.000001 0.000001 0.000000 0.000000 0.000000 0.000000 0.000000 
t: 0.004049586778 start: 160 end: 232 0.000001 0.000001 0.000001 0.000010 0.000004 0.000021 0.000043 0.000075 0.000120 0.000167 0.000287 0.000473 0.000689 0.001025 0.001511 0.002244 0.003164 0.004297 0.005837 0.008011 0.010456 0.013531 0.016811 0.020656 0.025157 0.029698 0.034699 0.039513 0.044070 0.048214 0.052318 0.054244 0.055873 0.056640 0.056230 0.054330 0.051438 0.048146 0.044196 0.039184 0.034339 0.030059 0.024669 0.020332 0.016738 0.013309 0.010029 0.007784 0.005745 0.004255 0.003100 0.002083 0.001489 0.000946 0.000670 0.000430 0.000252 0.000147 0.000104 0.000065 0.000031 0.000016 0.000013 0.000004 0.000006 0.000000 0.000000 0.000000 0.000000 0.000000 0.000000 0.000000 0.000000 
t: 0.003769230770 start: 165 end: 238 0.000002 0.000001 0.000004 0.000004 0.000006 0.000016 0.000052 0.000052 0.000092 0.000145 0.000234 0.000410 0.000606 0.000903 0.001356 0.001900 0.002890 0.004021 0.005321 0.007400 0.009582 0.012277 0.015548 0.019138 0.023700 0.028175 0.032812 0.038025 0.042476 0.046769 0.050503 0.053768 0.055274 0.056655 0.056141 0.055208 0.052844 0.049407 0.045198 0.040990 0.036381 0.031195 0.026504 0.022114 0.018146 0.014319 0.011082 0.008566 0.006462 0.004719 0.003403 0.002339 0.001667 0.001159 0.000731 0.000515 0.000321 0.000200 0.000115 0.000072 0.000025 0.000029 0.000013 0.000012 0.000004 0.000002 0.000000 0.000000 0.000000 0.000000 0.000000 0.000000 0.000000 0.000000 
t: 0.003525179857 start: 172 end: 244 0.000004 0.000004 0.000015 0.000022 0.000031 0.000059 0.000086 0.000155 0.000231 0.000429 0.000680 0.000957 0.001421 0.002095 0.002968 0.003984 0.005490 0.007389 0.009907 0.012665 0.016159 0.019536 0.024278 0.028767 0.033245 0.038195 0.042946 0.047025 0.050619 0.053856 0.055761 0.056401 0.056478 0.054729 0.052620 0.048768 0.044976 0.040980 0.035789 0.030989 0.025992 0.021635 0.017530 0.014069 0.010846 0.008292 0.006248 0.004561 0.003325 0.002254 0.001567 0.001055 0.000689 0.000456 0.000297 0.000196 0.000109 0.000086 0.000038 0.000023 0.000010 0.000005 0.000005 0.000002 0.000000 0.000000 0.000000 0.000001 0.000000 0.000000 0.000000 0.000000 0.000000 
t: 0.003310810811 start: 176 end: 248 0.000001 0.000003 0.000012 0.000016 0.000020 0.000045 0.000062 0.000123 0.000197 0.000327 0.000517 0.000803 0.001173 0.001786 0.002464 0.003442 0.004755 0.006375 0.008589 0.011079 0.014064 0.017836 0.021762 0.026297 0.031035 0.035537 0.040265 0.045368 0.049369 0.052745 0.054577 0.056156 0.056592 0.055861 0.053771 0.051026 0.047230 0.043003 0.038115 0.033732 0.028490 0.023799 0.019441 0.015698 0.012344 0.009540 0.007213 0.005251 0.003807 0.002786 0.001855 0.001257 0.000889 0.000593 0.000354 0.000222 0.000121 0.000089 0.000054 0.000032 0.000019 0.000007 0.000002 0.000004 0.000003 0.000000 0.000000 0.000000 0.000000 0.000000 0.000000 0.000000 0.000000 
t: 0.003121019109 start: 180 end: 255 0.000004 0.000001 0.000013 0.000009 0.000016 0.000035 0.000065 0.000103 0.000198 0.000298 0.000497 0.000736 0.001068 0.001606 0.002334 0.003343 0.004417 0.006068 0.008128 0.010704 0.013634 0.017057 0.021018 0.025437 0.030241 0.035197 0.039885 0.044560 0.048436 0.051691 0.054797 0.056098 0.056790 0.055820 0.054225 0.051725 0.048367 0.043844 0.039110 0.034087 0.029245 0.024521 0.020182 0.016150 0.012759 0.009929 0.007403 0.005417 0.004071 0.002864 0.001989 0.001367 0.000903 0.000591 0.000357 0.000225 0.000164 0.000090 0.000053 0.000017 0.000017 0.000009 0.000008 0.000001 0.000003 0.000001 0.000001 0.000001 0.000000 0.000000 0.000000 0.000000 0.000000 0.000000 0.000000 0.000000 
t: 0.002951807229 start: 184 end: 257 0.000001 0.000003 0.000004 0.000014 0.000026 0.000030 0.000085 0.000117 0.000190 0.000293 0.000505 0.000726 0.001179 0.001698 0.002374 0.003438 0.004620 0.006332 0.008390 0.010982 0.014145 0.017523 0.021696 0.025923 0.030975 0.035887 0.040304 0.045115 0.049136 0.052479 0.055047 0.056095 0.057164 0.056222 0.054167 0.051615 0.047356 0.043203 0.038223 0.033707 0.028574 0.023868 0.019680 0.015462 0.012192 0.009270 0.007038 0.005281 0.003681 0.002676 0.001849 0.001221 0.000834 0.000529 0.000325 0.000211 0.000144 0.000076 0.000043 0.000034 0.000007 0.000007 0.000005 0.000002 0.000000 0.000001 0.000001 0.000000 0.000000 0.000000 0.000000 0.000000 0.000000 0.000000 
t: 0.002800000000 start: 187 end: 258 0.000001 0.000000 0.000004 0.000011 0.000027 0.000031 0.000054 0.000074 0.000138 0.000238 0.000402 0.000593 0.000885 0.001308 0.001917 0.002692 0.003884 0.005216 0.006977 0.009488 0.012246 0.015238 0.019254 0.023196 0.028031 0.032876 0.037833 0.042366 0.046942 0.050765 0.053873 0.056162 0.056911 0.056705 0.055810 0.053422 0.049636 0.045962 0.041538 0.036062 0.031612 0.026472 0.022083 0.017715 0.014079 0.010645 0.008307 0.006176 0.004515 0.003140 0.002248 0.001517 0.001019 0.000616 0.000430 0.000283 0.000169 0.000083 0.000053 0.000028 0.000027 0.000009 0.000000 0.000001 0.000004 0.000000 0.000000 0.000000 0.000001 0.000000 0.000000 0.000000 
t: 0.002663043479 start: 190 end: 263 0.000002 0.000000 0.000003 0.000012 0.000011 0.000020 0.000056 0.000075 0.000111 0.000171 0.000309 0.000483 0.000833 0.001081 0.001722 0.002355 0.003450 0.004686 0.006325 0.008520 0.011185 0.013997 0.017819 0.021408 0.026269 0.031374 0.036082 0.040989 0.045639 0.049760 0.053070 0.055739 0.057039 0.057158 0.056291 0.054547 0.051530 0.047597 0.043053 0.038019 0.033032 0.028158 0.023297 0.018735 0.015064 0.011862 0.008881 0.006703 0.004928 0.003418 0.002427 0.001710 0.001081 0.000735 0.000445 0.000299 0.000186 0.000118 0.000061 0.000031 0.000017 0.000010 0.000006 0.000002 0.000001 0.000002 0.000001 0.000000 0.000000 0.000000 0.000000 0.000000 0.000000 0.000000 
t: 0.002538860104 start: 192 end: 266 0.000001 0.000001 0.000002 0.000003 0.000005 0.000014 0.000026 0.000035 0.000051 0.000116 0.000172 0.000288 0.000453 0.000745 0.001065 0.001554 0.002243 0.003183 0.004480 0.006204 0.007977 0.010523 0.013893 0.017324 0.020856 0.025749 0.030602 0.035413 0.040471 0.045254 0.049699 0.052572 0.055815 0.057686 0.057536 0.056534 0.054976 0.052123 0.047977 0.043657 0.038729 0.033457 0.028523 0.023840 0.019282 0.015486 0.011990 0.009008 0.006883 0.004951 0.003472 0.002450 0.001628 0.001170 0.000662 0.000481 0.000292 0.000180 0.000103 0.000055 0.000042 0.000021 0.000009 0.000003 0.000003 0.000001 0.000000 0.000001 0.000000 0.000000 0.000000 0.000000 0.000000 0.000000 0.000000 
t: 0.002425742574 start: 195 end: 267 0.000001 0.000002 0.000000 0.000004 0.000005 0.000017 0.000022 0.000040 0.000054 0.000096 0.000190 0.000285 0.000464 0.000682 0.001130 0.001559 0.002241 0.003293 0.004462 0.006239 0.008171 0.010789 0.013715 0.017373 0.021490 0.025965 0.031001 0.036108 0.040820 0.045602 0.049993 0.053679 0.056260 0.057348 0.057847 0.057170 0.054861 0.051980 0.047923 0.043415 0.038195 0.033087 0.028015 0.023073 0.018833 0.015198 0.011559 0.008746 0.006459 0.004740 0.003307 0.002287 0.001504 0.001040 0.000642 0.000411 0.000257 0.000146 0.000080 0.000058 0.000035 0.000016 0.000006 0.000005 0.000003 0.000002 0.000000 0.000000 0.000000 0.000000 0.000000 0.000000 0.000000 
t: 0.002322274882 start: 199 end: 271 0.000002 0.000004 0.000002 0.000013 0.000015 0.000036 0.000031 0.000078 0.000104 0.000182 0.000331 0.000481 0.000779 0.001202 0.001693 0.002508 0.003386 0.004846 0.006527 0.008731 0.011484 0.014460 0.018311 0.022677 0.027310 0.032456 0.037382 0.042047 0.046950 0.051147 0.054745 0.057158 0.057839 0.057836 0.056604 0.054595 0.051440 0.046850 0.042154 0.037097 0.031427 0.026619 0.021882 0.017739 0.013767 0.010612 0.007979 0.005889 0.004165 0.002918 0.001929 0.001357 0.000849 0.000555 0.000341 0.000193 0.000120 0.000083 0.000035 0.000021 0.000012 0.000008 0.000003 0.000003 0.000000 0.000000 0.000001 0.000000 0.000000 0.000000 0.000000 0.000000 0.000000 
t: 0.002227272727 start: 201 end: 274 0.000001 0.000002 0.000002 0.000007 0.000016 0.000017 0.000026 0.000058 0.000086 0.000137 0.000209 0.000359 0.000641 0.000887 0.001309 0.001980 0.002744 0.003921 0.005441 0.007441 0.009675 0.012618 0.015859 0.020048 0.024581 0.029279 0.034444 0.039530 0.044706 0.049077 0.052854 0.055983 0.058114 0.058342 0.057868 0.056196 0.053819 0.049673 0.044938 0.040088 0.034437 0.029207 0.024164 0.020015 0.015843 0.012207 0.009160 0.006827 0.004888 0.003509 0.002376 0.001635 0.001045 0.000690 0.000439 0.000243 0.000137 0.000098 0.000051 0.000022 0.000012 0.000009 0.000003 0.000003 0.000001 0.000003 0.000000 0.000000 0.000000 0.000000 0.000000 0.000000 0.000000 0.000000 
t: 0.002139737991 start: 202 end: 275 0.000001 0.000000 0.000001 0.000003 0.000003 0.000008 0.000010 0.000029 0.000033 0.000077 0.000100 0.000172 0.000292 0.000454 0.000755 0.001088 0.001581 0.002379 0.003380 0.004770 0.006337 0.008465 0.011178 0.014171 0.018055 0.022517 0.027118 0.032256 0.037599 0.042768 0.047628 0.051566 0.055522 0.057341 0.058401 0.058871 0.057302 0.055008 0.051750 0.047293 0.042082 0.036733 0.031368 0.026507 0.021309 0.017150 0.013620 0.010220 0.007711 0.005481 0.003828 0.002729 0.001822 0.001217 0.000786 0.000454 0.000272 0.000195 0.000106 0.000061 0.000030 0.000012 0.000012 0.000009 0.000002 0.000001 0.000001 0.000000 0.000000 0.000000 0.000000 0.000000 0.000000 0.000000 
t: 0.002058823530 start: 205 end: 278 0.000001 0.000002 0.000001 0.000002 0.000005 0.000011 0.000020 0.000039 0.000067 0.000077 0.000136 0.000243 0.000393 0.000612 0.000961 0.001453 0.002094 0.002946 0.004193 0.005793 0.007622 0.010218 0.013328 0.016668 0.021087 0.025732 0.030816 0.036253 0.041461 0.046215 0.050938 0.054355 0.057278 0.058615 0.059153 0.058173 0.056663 0.052686 0.048817 0.043454 0.038365 0.032991 0.027642 0.022417 0.018166 0.014360 0.011012 0.008257 0.005774 0.004224 0.002920 0.001927 0.001306 0.000792 0.000530 0.000292 0.000190 0.000125 0.000059 0.000024 0.000021 0.000011 0.000009 0.000003 0.000001 0.000001 0.000000 0.000000 0.000000 0.000000 0.000000 0.000000 0.000000 0.000000 
t: 0.001983805668 start: 207 end: 278 0.000002 0.000000 0.000001 0.000004 0.000004 0.000005 0.000020 0.000027 0.000046 0.000079 0.000126 0.000225 0.000375 0.000525 0.000874 0.001249 0.001935 0.002751 0.003921 0.005341 0.007330 0.009542 0.012483 0.016002 0.020378 0.025052 0.030193 0.035070 0.040709 0.045378 0.050780 0.054202 0.057095 0.058827 0.059899 0.058754 0.056450 0.053847 0.049563 0.044669 0.039091 0.033872 0.028369 0.023160 0.018800 0.014635 0.011321 0.008331 0.006065 0.004262 0.002984 0.002047 0.001262 0.000830 0.000470 0.000338 0.000192 0.000114 0.000049 0.000032 0.000023 0.000012 0.000006 0.000001 0.000001 0.000000 0.000000 0.000000 0.000000 0.000000 0.000000 0.000000 
t: 0.001914062500 start: 209 end: 279 0.000002 0.000000 0.000001 0.000001 0.000004 0.000012 0.000012 0.000026 0.000043 0.000061 0.000139 0.000212 0.000337 0.000514 0.000816 0.001205 0.001805 0.002724 0.003692 0.005301 0.007044 0.009466 0.012288 0.015808 0.019975 0.024754 0.029747 0.034983 0.040253 0.045860 0.050532 0.054196 0.057275 0.059340 0.060169 0.059332 0.056980 0.053842 0.049764 0.045138 0.039091 0.034078 0.028719 0.023203 0.018924 0.014726 0.011111 0.008227 0.005962 0.004209 0.002925 0.001929 0.001224 0.000799 0.000537 0.000297 0.000176 0.000096 0.000052 0.000032 0.000020 0.000006 0.000003 0.000000 0.000001 0.000000 0.000000 0.000000 0.000000 0.000000 0.000000 
t: 0.001849056604 start: 209 end: 280 0.000001 0.000001 0.000000 0.000000 0.000001 0.000003 0.000003 0.000009 0.000011 0.000018 0.000044 0.000067 0.000124 0.000201 0.000353 0.000514 0.000761 0.001261 0.001791 0.002609 0.003847 0.005202 0.007087 0.009422 0.012393 0.016113 0.020118 0.025159 0.029904 0.035365 0.040829 0.046092 0.051126 0.054813 0.057763 0.060008 0.060139 0.059578 0.057222 0.053853 0.049474 0.044630 0.039037 0.033749 0.028054 0.023112 0.018102 0.014277 0.010698 0.007899 0.005703 0.004046 0.002711 0.001696 0.001204 0.000726 0.000446 0.000284 0.000158 0.000082 0.000062 0.000024 0.000012 0.000006 0.000002 0.000000 0.000001 0.000000 0.000000 0.000000 0.000000 0.000000 
t: 0.001788321168 start: 212 end: 282 0.000001 0.000001 0.000000 0.000001 0.000005 0.000002 0.000008 0.000013 0.000017 0.000044 0.000076 0.000136 0.000195 0.000323 0.000529 0.000819 0.001293 0.001851 0.002748 0.003895 0.005362 0.007369 0.009881 0.012813 0.016707 0.020892 0.025618 0.030847 0.036313 0.041759 0.047218 0.052012 0.055375 0.058711 0.060035 0.060991 0.059668 0.057199 0.053547 0.048956 0.043578 0.038223 0.032372 0.027179 0.021961 0.017196 0.013391 0.010175 0.007292 0.005188 0.003605 0.002490 0.001574 0.001006 0.000645 0.000391 0.000227 0.000134 0.000077 0.000029 0.000014 0.000016 0.000003 0.000004 0.000000 0.000000 0.000000 0.000000 0.000000 0.000000 0.000000 
t: 0.001731448763 start: 216 end: 286 0.000002 0.000002 0.000002 0.000003 0.000009 0.000017 0.000018 0.000042 0.000095 0.000131 0.000224 0.000347 0.000610 0.000859 0.001324 0.001932 0.002942 0.004173 0.005776 0.007880 0.010595 0.013549 0.017605 0.021974 0.026734 0.032399 0.037810 0.043299 0.048397 0.053081 0.056876 0.059774 0.060977 0.060755 0.059489 0.056450 0.052888 0.047605 0.042597 0.036695 0.030941 0.025479 0.020239 0.016188 0.012198 0.009132 0.006607 0.004563 0.003174 0.002070 0.001386 0.000870 0.000533 0.000295 0.000180 0.000096 0.000057 0.000024 0.000016 0.000010 0.000002 0.000002 0.000001 0.000000 0.000000 0.000000 0.000000 0.000000 0.000000 0.000000 0.000000 
t: 0.001678082192 start: 217 end: 286 0.000001 0.000001 0.000004 0.000003 0.000003 0.000009 0.000014 0.000026 0.000053 0.000087 0.000173 0.000271 0.000404 0.000653 0.000994 0.001413 0.002200 0.003221 0.004616 0.006262 0.008623 0.011282 0.014818 0.018919 0.023409 0.028789 0.033965 0.039832 0.045243 0.050470 0.054424 0.058773 0.060296 0.061564 0.060786 0.058825 0.055833 0.051696 0.045715 0.040642 0.034509 0.029003 0.023563 0.018611 0.014491 0.010852 0.007939 0.005762 0.003887 0.002592 0.001770 0.001079 0.000684 0.000434 0.000230 0.000130 0.000070 0.000046 0.000020 0.000009 0.000006 0.000000 0.000000 0.000001 0.000000 0.000000 0.000000 0.000000 0.000000 0.000000 
t: 0.001627906977 start: 218 end: 287 0.000001 0.000001 0.000002 0.000003 0.000004 0.000003 0.000009 0.000018 0.000032 0.000048 0.000120 0.000196 0.000319 0.000492 0.000704 0.001116 0.001707 0.002461 0.003625 0.005116 0.007080 0.009610 0.012690 0.016243 0.020690 0.025331 0.031049 0.036641 0.042033 0.047747 0.052475 0.056383 0.059569 0.061983 0.061549 0.060854 0.058351 0.054080 0.049221 0.043669 0.038214 0.032213 0.026349 0.021091 0.016604 0.012649 0.009426 0.006774 0.004740 0.003160 0.002171 0.001374 0.000820 0.000506 0.000306 0.000178 0.000111 0.000047 0.000020 0.000012 0.000007 0.000000 0.000003 0.000000 0.000000 0.000000 0.000000 0.000000 0.000000 0.000000 
t: 0.001580645161 start: 219 end: 288 0.000001 0.000000 0.000002 0.000000 0.000001 0.000006 0.000008 0.000011 0.000016 0.000045 0.000069 0.000164 0.000229 0.000361 0.000526 0.000857 0.001366 0.002033 0.002860 0.004183 0.006016 0.008090 0.010897 0.014143 0.018342 0.022802 0.028104 0.034000 0.039211 0.045123 0.050006 0.054831 0.058650 0.061156 0.062151 0.061759 0.060085 0.056539 0.052327 0.046905 0.040966 0.034887 0.029131 0.023420 0.018744 0.014332 0.010844 0.007938 0.005555 0.003662 0.002517 0.001617 0.001069 0.000609 0.000354 0.000218 0.000136 0.000060 0.000036 0.000018 0.000004 0.000005 0.000002 0.000000 0.000001 0.000000 0.000000 0.000000 0.000000 0.000000 
t: 0.001536050157 start: 222 end: 290 0.000001 0.000000 0.000001 0.000007 0.000008 0.000001 0.000016 0.000023 0.000066 0.000122 0.000175 0.000288 0.000432 0.000703 0.001069 0.001627 0.002305 0.003532 0.005080 0.006982 0.009519 0.012490 0.016244 0.020542 0.025837 0.031281 0.036872 0.042498 0.048010 0.053339 0.057442 0.060413 0.062335 0.062788 0.061352 0.058222 0.054424 0.049310 0.043851 0.037545 0.031724 0.025839 0.020443 0.015840 0.012197 0.008880 0.006344 0.004329 0.002882 0.001874 0.001153 0.000731 0.000462 0.000254 0.000129 0.000085 0.000038 0.000023 0.000015 0.000002 0.000003 0.000000 0.000001 0.000000 0.000000 0.000000 0.000000 0.000000 0.000000 
t: 0.001493902439 start: 223 end: 292 0.000001 0.000000 0.000001 0.000001 0.000010 0.000003 0.000011 0.000019 0.000045 0.000076 0.000165 0.000215 0.000343 0.000602 0.000858 0.001322 0.002002 0.002965 0.004328 0.006054 0.008375 0.011225 0.014743 0.018721 0.023866 0.028883 0.034422 0.040684 0.045938 0.052076 0.056134 0.059693 0.061946 0.063206 0.062817 0.060094 0.055832 0.051669 0.045897 0.040014 0.033689 0.027816 0.022170 0.017472 0.013391 0.009703 0.007052 0.004871 0.003175 0.002107 0.001332 0.000831 0.000466 0.000300 0.000172 0.000092 0.000064 0.000024 0.000008 0.000003 0.000004 0.000001 0.000001 0.000000 0.000000 0.000000 0.000000 0.000000 0.000000 0.000000 
t: 0.001454005935 start: 224 end: 293 0.000001 0.000000 0.000000 0.000002 0.000000 0.000008 0.000015 0.000013 0.000025 0.000075 0.000100 0.000190 0.000297 0.000478 0.000735 0.001187 0.001720 0.002636 0.003714 0.005185 0.007543 0.010067 0.013159 0.017376 0.022210 0.027272 0.032645 0.038655 0.044779 0.050044 0.055515 0.058548 0.061762 0.063767 0.063360 0.061272 0.057657 0.053398 0.048006 0.041924 0.035438 0.029476 0.023729 0.018656 0.014433 0.010692 0.007451 0.005367 0.003423 0.002349 0.001438 0.000958 0.000541 0.000311 0.000189 0.000097 0.000063 0.000029 0.000010 0.000002 0.000004 0.000001 0.000001 0.000001 0.000000 0.000001 0.000000 0.000000 0.000000 0.000000 
t: 0.001416184971 start: 228 end: 295 0.000002 0.000002 0.000001 0.000011 0.000012 0.000029 0.000048 0.000080 0.000150 0.000253 0.000404 0.000668 0.001002 0.001567 0.002213 0.003324 0.004775 0.006639 0.009164 0.012108 0.016327 0.020662 0.025709 0.031083 0.037137 0.043245 0.049209 0.054037 0.058235 0.061831 0.063938 0.063783 0.062397 0.058873 0.054951 0.049386 0.043765 0.037026 0.030507 0.025336 0.019821 0.015184 0.011240 0.008017 0.005685 0.003775 0.002462 0.001611 0.000987 0.000569 0.000340 0.000198 0.000104 0.000067 0.000030 0.000011 0.000003 0.000002 0.000003 0.000000 0.000000 0.000002 0.000000 0.000000 0.000000 0.000000 0.000000 0.000000 
t: 0.001380281690 start: 228 end: 296 0.000001 0.000000 0.000001 0.000005 0.000003 0.000012 0.000026 0.000038 0.000066 0.000138 0.000208 0.000346 0.000573 0.000872 0.001394 0.002031 0.003009 0.004349 0.006195 0.008253 0.011540 0.015279 0.019348 0.024444 0.030059 0.036219 0.041776 0.047855 0.053738 0.057511 0.061616 0.064177 0.064075 0.063168 0.060063 0.056226 0.050856 0.044705 0.038023 0.032097 0.026418 0.020716 0.015861 0.011650 0.008420 0.005999 0.003980 0.002529 0.001721 0.001028 0.000614 0.000340 0.000209 0.000107 0.000058 0.000033 0.000008 0.000007 0.000003 0.000002 0.000000 0.000001 0.000001 0.000000 0.000000 0.000000 0.000000 0.000000 0.000000 
t: 0.001346153846 start: 230 end: 297 0.000001 0.000000 0.000004 0.000004 0.000009 0.000016 0.000039 0.000064 0.000112 0.000190 0.000291 0.000482 0.000804 0.001247 0.001923 0.002723 0.003989 0.005640 0.007855 0.011075 0.014374 0.018604 0.023492 0.029109 0.035046 0.041066 0.046989 0.052632 0.057570 0.061746 0.063744 0.065025 0.063450 0.060870 0.057140 0.052153 0.045921 0.039170 0.032821 0.027031 0.021361 0.016264 0.012039 0.008756 0.006063 0.004183 0.002690 0.001756 0.001077 0.000608 0.000357 0.000200 0.000110 0.000061 0.000027 0.000016 0.000005 0.000002 0.000001 0.000002 0.000001 0.000000 0.000000 0.000000 0.000000 0.000000 0.000000 0.000000 
t: 0.001313672922 start: 230 end: 296 0.000001 0.000000 0.000001 0.000000 0.000003 0.000003 0.000015 0.000035 0.000057 0.000115 0.000156 0.000253 0.000451 0.000736 0.001168 0.001722 0.002630 0.003650 0.005378 0.007769 0.010322 0.013733 0.017962 0.022821 0.028509 0.034298 0.040302 0.046335 0.052310 0.057628 0.061442 0.064220 0.065358 0.063485 0.061801 0.057902 0.053231 0.046477 0.040303 0.033365 0.027192 0.021818 0.016624 0.012242 0.008868 0.006121 0.004144 0.002773 0.001747 0.001143 0.000612 0.000359 0.000207 0.000100 0.000053 0.000028 0.000014 0.000002 0.000002 0.000003 0.000000 0.000000 0.000001 0.000000 0.000000 0.000000 0.000000 
t: 0.001282722513 start: 231 end: 297 0.000001 0.000000 0.000000 0.000003 0.000001 0.000006 0.000012 0.000024 0.000065 0.000090 0.000142 0.000268 0.000416 0.000686 0.001063 0.001684 0.002448 0.003493 0.005204 0.007359 0.009953 0.013389 0.017483 0.022496 0.027956 0.033515 0.039960 0.046627 0.052074 0.057485 0.061675 0.064374 0.065003 0.064660 0.062164 0.058832 0.053334 0.046957 0.040845 0.033946 0.027363 0.021942 0.016597 0.012342 0.008828 0.006130 0.004232 0.002727 0.001743 0.001066 0.000587 0.000352 0.000197 0.000098 0.000058 0.000028 0.000007 0.000005 0.000002 0.000000 0.000001 0.000002 0.000000 0.000000 0.000000 0.000000 0.000000 
t: 0.001253196931 start: 232 end: 299 0.000001 0.000000 0.000001 0.000002 0.000002 0.000007 0.000008 0.000021 0.000061 0.000079 0.000165 0.000224 0.000386 0.000654 0.000996 0.001664 0.002300 0.003531 0.005019 0.007024 0.009806 0.013034 0.017390 0.022096 0.027481 0.033333 0.040190 0.046335 0.052281 0.057491 0.061907 0.064649 0.065589 0.065054 0.062813 0.058673 0.054115 0.047235 0.040944 0.033790 0.027735 0.021639 0.016535 0.012141 0.008807 0.006088 0.004106 0.002638 0.001678 0.001017 0.000576 0.000327 0.000174 0.000097 0.000054 0.000015 0.000014 0.000002 0.000002 0.000002 0.000002 0.000000 0.000000 0.000000 0.000000 0.000000 0.000000 0.000000 
t: 0.001225000000 start: 233 end: 300 0.000001 0.000000 0.000001 0.000003 0.000002 0.000006 0.000005 0.000030 0.000048 0.000076 0.000161 0.000225 0.000391 0.000607 0.000956 0.001550 0.002369 0.003424 0.004927 0.006948 0.009509 0.013295 0.017066 0.022000 0.027467 0.033569 0.039960 0.046818 0.052631 0.057662 0.062300 0.065166 0.065979 0.065247 0.063119 0.059124 0.054055 0.047319 0.040521 0.033986 0.027116 0.021484 0.016173 0.012010 0.008589 0.005941 0.003932 0.002518 0.001612 0.000973 0.000504 0.000297 0.000165 0.000092 0.000032 0.000017 0.000012 0.000006 0.000001 0.000001 0.000002 0.000000 0.000000 0.000000 0.000000 0.000000 0.000000 0.000000 
t: 0.001198044010 start: 234 end: 300 0.000001 0.000001 0.000000 0.000001 0.000005 0.000004 0.000008 0.000025 0.000040 0.000083 0.000148 0.000221 0.000387 0.000575 0.001007 0.001517 0.002275 0.003432 0.004900 0.007019 0.009546 0.013066 0.017504 0.021876 0.027758 0.033627 0.040571 0.046926 0.053166 0.058570 0.062726 0.065520 0.065910 0.066141 0.062946 0.059333 0.054024 0.046753 0.040464 0.033213 0.027012 0.020865 0.015795 0.011636 0.008282 0.005674 0.003696 0.002365 0.001483 0.000840 0.000513 0.000259 0.000153 0.000077 0.000025 0.000014 0.000011 0.000005 0.000003 0.000003 0.000000 0.000000 0.000000 0.000000 0.000000 0.000000 0.000000 
t: 0.001172248804 start: 236 end: 302 0.000002 0.000001 0.000001 0.000004 0.000004 0.000007 0.000021 0.000046 0.000073 0.000141 0.000222 0.000387 0.000593 0.000999 0.001447 0.002346 0.003422 0.005072 0.006968 0.009777 0.013345 0.017449 0.022597 0.027993 0.034247 0.040669 0.047621 0.054149 0.059252 0.063499 0.065709 0.066879 0.065744 0.063416 0.059196 0.053004 0.046732 0.039636 0.032612 0.026148 0.020361 0.015331 0.011120 0.007815 0.005265 0.003436 0.002225 0.001286 0.000824 0.000406 0.000251 0.000133 0.000063 0.000021 0.000016 0.000008 0.000004 0.000004 0.000001 0.000000 0.000000 0.000000 0.000000 0.000000 0.000000 0.000000 0.000000 
t: 0.001147540984 start: 237 end: 303 0.000001 0.000001 0.000004 0.000001 0.000005 0.000008 0.000023 0.000041 0.000071 0.000125 0.000265 0.000369 0.000600 0.001008 0.001562 0.002351 0.003472 0.005122 0.007130 0.009969 0.013492 0.018071 0.022913 0.028823 0.034658 0.041610 0.048792 0.055096 0.060278 0.063729 0.066145 0.067272 0.066232 0.063501 0.058426 0.052706 0.045694 0.038851 0.031758 0.025250 0.019488 0.014553 0.010493 0.007234 0.004992 0.003151 0.001979 0.001198 0.000690 0.000378 0.000219 0.000102 0.000051 0.000023 0.000010 0.000006 0.000006 0.000001 0.000001 0.000000 0.000000 0.000000 0.000000 0.000000 0.000000 0.000000 0.000000 
t: 0.001123853211 start: 237 end: 302 0.000001 0.000000 0.000001 0.000001 0.000004 0.000003 0.000015 0.000020 0.000043 0.000062 0.000141 0.000261 0.000384 0.000657 0.000999 0.001553 0.002457 0.003657 0.005240 0.007376 0.010222 0.014102 0.018633 0.023454 0.029372 0.035965 0.042768 0.049889 0.055885 0.061254 0.064562 0.066980 0.067605 0.066296 0.062948 0.057944 0.051462 0.044933 0.037912 0.030631 0.024152 0.018673 0.013626 0.009744 0.006621 0.004566 0.002876 0.001756 0.001013 0.000597 0.000377 0.000147 0.000079 0.000039 0.000023 0.000010 0.000005 0.000002 0.000002 0.000000 0.000000 0.000000 0.000000 0.000000 0.000000 0.000000 
t: 0.001101123596 start: 239 end: 303 0.000001 0.000001 0.000001 0.000002 0.000005 0.000014 0.000026 0.000044 0.000078 0.000145 0.000249 0.000386 0.000674 0.001079 0.001662 0.002535 0.003767 0.005502 0.007797 0.010786 0.014542 0.019152 0.024410 0.030563 0.037277 0.044153 0.050786 0.057052 0.062116 0.065964 0.067491 0.067818 0.066433 0.062202 0.056986 0.050485 0.043944 0.036409 0.029283 0.023099 0.017496 0.012558 0.008898 0.006114 0.003974 0.002598 0.001490 0.000888 0.000530 0.000282 0.000116 0.000075 0.000031 0.000017 0.000009 0.000003 0.000002 0.000000 0.000000 0.000000 0.000000 0.000000 0.000000 0.000000 0.000000 
t: 0.001079295154 start: 240 end: 302 0.000001 0.000000 0.000004 0.000000 0.000007 0.000014 0.000027 0.000042 0.000090 0.000155 0.000268 0.000414 0.000724 0.001135 0.001767 0.002579 0.004089 0.005935 0.008026 0.011391 0.015419 0.019882 0.025471 0.031805 0.038862 0.045644 0.052382 0.058204 0.063176 0.066799 0.068101 0.068294 0.065839 0.061836 0.055625 0.049525 0.042255 0.034884 0.027739 0.021687 0.016051 0.011546 0.008231 0.005406 0.003573 0.002165 0.001296 0.000786 0.000437 0.000198 0.000098 0.000066 0.000026 0.000015 0.000004 0.000004 0.000001 0.000000 0.000000 0.000000 0.000000 0.000000 0.000000 
t: 0.001058315335 start: 241 end: 305 0.000001 0.000001 0.000001 0.000003 0.000004 0.000025 0.000019 0.000051 0.000098 0.000168 0.000264 0.000455 0.000765 0.001272 0.001816 0.002900 0.004391 0.006184 0.008769 0.012069 0.016067 0.021052 0.026899 0.033212 0.040016 0.047238 0.054443 0.059269 0.065158 0.067432 0.068982 0.067956 0.065224 0.061051 0.054586 0.047931 0.040353 0.032682 0.026410 0.020123 0.014732 0.010597 0.007133 0.004886 0.003059 0.001821 0.001094 0.000681 0.000326 0.000163 0.000092 0.000038 0.000024 0.000005 0.000007 0.000000 0.000001 0.000001 0.000000 0.000000 0.000000 0.000000 0.000000 0.000000 0.000000 
t: 0.001038135593 start: 242 end: 305 0.000001 0.000001 0.000000 0.000004 0.000006 0.000018 0.000026 0.000065 0.000099 0.000172 0.000285 0.000497 0.000844 0.001370 0.002025 0.003161 0.004613 0.006645 0.009505 0.012859 0.017107 0.022278 0.028315 0.034808 0.042098 0.049233 0.055744 0.061499 0.065920 0.068762 0.069323 0.067823 0.064495 0.059465 0.053499 0.045683 0.038168 0.031248 0.024502 0.018369 0.013528 0.009312 0.006380 0.004149 0.002583 0.001553 0.000916 0.000528 0.000259 0.000140 0.000057 0.000033 0.000013 0.000008 0.000004 0.000001 0.000001 0.000000 0.000000 0.000000 0.000000 0.000000 0.000000 0.000000 
t: 0.001018711019 start: 242 end: 305 0.000001 0.000001 0.000000 0.000002 0.000002 0.000010 0.000016 0.000032 0.000070 0.000102 0.000201 0.000316 0.000562 0.000960 0.001494 0.002198 0.003441 0.004892 0.007403 0.010108 0.013739 0.018314 0.024163 0.029713 0.037033 0.043962 0.051398 0.057485 0.063176 0.067269 0.069518 0.069652 0.067128 0.063587 0.058327 0.051338 0.043425 0.036161 0.029306 0.022315 0.016880 0.011987 0.008276 0.005583 0.003515 0.002144 0.001242 0.000758 0.000389 0.000223 0.000090 0.000055 0.000017 0.000014 0.000004 0.000002 0.000001 0.000000 0.000000 0.000000 0.000000 0.000000 0.000000 0.000000 
t: 0.001000000000 start: 243 end: 304 0.000002 0.000000 0.000000 0.000000 0.000005 0.000010 0.000024 0.000035 0.000068 0.000119 0.000221 0.000365 0.000642 0.001012 0.001617 0.002546 0.003739 0.005492 0.007856 0.010952 0.015126 0.019996 0.025341 0.031902 0.039046 0.046367 0.053346 0.059646 0.065294 0.067701 0.070470 0.069746 0.066484 0.062564 0.056420 0.048963 0.041070 0.034000 0.026968 0.020444 0.015028 0.010609 0.007108 0.004675 0.003076 0.001719 0.001012 0.000573 0.000310 0.000162 0.000065 0.000031 0.000021 0.000005 0.000004 0.000001 0.000002 0.000000 0.000000 0.000000 0.000000 0.000000 
