t: 0.059999999999 start: 15 end: 52 0.000001 0.000000 0.000005 0.000032 0.000115 0.000341 0.001146 0.003130 0.007230 0.015004 0.027813 0.046376 0.069988 0.093702 0.114113 0.124555 0.124059 0.110546 0.090444 0.067267 0.045642 0.027875 0.015984 0.008120 0.003856 0.001666 0.000637 0.000249 0.000073 0.000024 0.000007 0.000000 0.000000 0.000000 0.000000 0.000000 0.000000 0.000000 
t: 0.054545454544 start: 18 end: 58 0.000003 0.000007 0.000022 0.000079 0.000281 0.000827 0.002214 0.005218 0.010733 0.020521 0.035293 0.054985 0.076706 0.097725 0.113743 0.120486 0.116598 0.102427 0.082921 0.061511 0.041750 0.026184 0.014815 0.007980 0.004063 0.001765 0.000723 0.000280 0.000103 0.000027 0.000008 0.000001 0.000001 0.000000 0.000000 0.000000 0.000000 0.000000 0.000000 0.000000 0.000000 
t: 0.049999999999 start: 20 end: 60 0.000001 0.000007 0.000022 0.000047 0.000200 0.000637 0.001673 0.003795 0.008071 0.015554 0.027295 0.043444 0.063071 0.083533 0.100984 0.113363 0.115616 0.108781 0.094150 0.074953 0.055145 0.037785 0.023676 0.013829 0.007564 0.003805 0.001725 0.000821 0.000304 0.000090 0.000044 0.000011 0.000004 0.000000 0.000000 0.000000 0.000000 0.000000 0.000000 0.000000 0.000000 
t: 0.046153846153 start: 23 end: 64 0.000004 0.000017 0.000051 0.000170 0.000496 0.001321 0.002928 0.006269 0.012068 0.021285 0.035130 0.051965 0.071228 0.089495 0.103736 0.111400 0.109631 0.100992 0.085357 0.067178 0.049146 0.033471 0.021256 0.012408 0.006686 0.003570 0.001567 0.000673 0.000295 0.000132 0.000048 0.000015 0.000010 0.000002 0.000000 0.000000 0.000000 0.000000 0.000000 0.000000 0.000000 0.000000 
t: 0.042857142857 start: 25 end: 68 0.000001 0.000011 0.000059 0.000149 0.000384 0.001042 0.002467 0.004913 0.009603 0.017512 0.028602 0.043343 0.060718 0.078695 0.094162 0.104595 0.108158 0.104003 0.091916 0.077148 0.059638 0.043328 0.028812 0.018282 0.010926 0.005918 0.003041 0.001472 0.000637 0.000294 0.000102 0.000044 0.000016 0.000006 0.000002 0.000001 0.000000 0.000000 0.000000 0.000000 0.000000 0.000000 0.000000 0.000000 
t: 0.040000000000 start: 26 end: 71 0.000002 0.000004 0.000012 0.000038 0.000137 0.000332 0.000821 0.002021 0.004153 0.008153 0.014370 0.023619 0.036644 0.052097 0.069515 0.085096 0.098096 0.104269 0.103637 0.096474 0.083876 0.068545 0.052025 0.037084 0.024578 0.015442 0.009088 0.005057 0.002601 0.001250 0.000548 0.000254 0.000103 0.000035 0.000016 0.000005 0.000002 0.000001 0.000000 0.000000 0.000000 0.000000 0.000000 0.000000 0.000000 0.000000 
t: 0.037500000000 start: 27 end: 73 0.000001 0.000001 0.000007 0.000012 0.000036 0.000100 0.000310 0.000744 0.001634 0.003478 0.006971 0.012335 0.020243 0.031271 0.045304 0.061629 0.077642 0.090943 0.099246 0.102181 0.098161 0.088173 0.074995 0.059642 0.044505 0.031435 0.020733 0.012703 0.007539 0.004131 0.002028 0.001026 0.000479 0.000212 0.000088 0.000043 0.000013 0.000005 0.000001 0.000000 0.000000 0.000000 0.000000 0.000000 0.000000 0.000000 0.000000 
t: 0.035294117647 start: 30 end: 76 0.000001 0.000003 0.000014 0.000047 0.000094 0.000270 0.000646 0.001410 0.003099 0.005918 0.010420 0.017764 0.027551 0.040104 0.055202 0.070209 0.084168 0.094266 0.099306 0.098158 0.091447 0.079391 0.065985 0.051695 0.037473 0.025839 0.016588 0.010348 0.006102 0.003275 0.001722 0.000834 0.000380 0.000163 0.000070 0.000026 0.000008 0.000001 0.000003 0.000000 0.000000 0.000000 0.000000 0.000000 0.000000 0.000000 0.000000 
t: 0.033333333333 start: 33 end: 79 0.000004 0.000014 0.000033 0.000099 0.000264 0.000630 0.001321 0.002709 0.005187 0.009415 0.015751 0.024387 0.036455 0.049746 0.064148 0.077595 0.089309 0.095518 0.097715 0.092599 0.083158 0.070625 0.057216 0.043338 0.030821 0.020528 0.013515 0.008075 0.004748 0.002555 0.001347 0.000647 0.000312 0.000127 0.000056 0.000025 0.000006 0.000001 0.000001 0.000000 0.000000 0.000000 0.000000 0.000000 0.000000 0.000000 0.000000 
t: 0.031578947368 start: 35 end: 83 0.000006 0.000010 0.000039 0.000101 0.000256 0.000561 0.001251 0.002485 0.004760 0.008549 0.014103 0.022437 0.032541 0.045681 0.059539 0.072998 0.084055 0.092063 0.094854 0.092833 0.085786 0.074623 0.061480 0.047902 0.035601 0.025016 0.016405 0.010501 0.006233 0.003575 0.001898 0.000993 0.000471 0.000220 0.000109 0.000035 0.000019 0.000008 0.000001 0.000001 0.000000 0.000001 0.000000 0.000000 0.000000 0.000000 0.000000 0.000000 0.000000 
t: 0.030000000000 start: 36 end: 84 0.000002 0.000004 0.000011 0.000048 0.000098 0.000233 0.000568 0.001229 0.002372 0.004283 0.007852 0.013026 0.020736 0.030352 0.042338 0.055056 0.068694 0.079966 0.088122 0.092784 0.092228 0.086920 0.077258 0.065130 0.052119 0.039402 0.028522 0.019894 0.012773 0.007979 0.004620 0.002623 0.001441 0.000724 0.000340 0.000138 0.000072 0.000030 0.000009 0.000000 0.000003 0.000000 0.000001 0.000000 0.000000 0.000000 0.000000 0.000000 0.000000 
t: 0.028571428571 start: 38 end: 88 0.000001 0.000007 0.000019 0.000038 0.000104 0.000261 0.000554 0.001190 0.002108 0.004173 0.007443 0.012376 0.019435 0.028503 0.039406 0.052263 0.064893 0.076174 0.084896 0.090251 0.091407 0.087120 0.078530 0.067694 0.055572 0.042983 0.031950 0.022424 0.015146 0.010070 0.005926 0.003293 0.001849 0.001029 0.000500 0.000228 0.000117 0.000039 0.000018 0.000005 0.000002 0.000002 0.000000 0.000001 0.000000 0.000000 0.000000 0.000000 0.000000 0.000000 0.000000 
t: 0.027272727273 start: 39 end: 90 0.000001 0.000004 0.000007 0.000015 0.000049 0.000117 0.000265 0.000528 0.001155 0.002168 0.004140 0.007192 0.011681 0.018574 0.026780 0.037504 0.049785 0.061777 0.073326 0.081486 0.088455 0.089665 0.086374 0.079780 0.069943 0.058451 0.045878 0.034426 0.025173 0.017313 0.011375 0.007277 0.004280 0.002461 0.001324 0.000685 0.000312 0.000157 0.000073 0.000031 0.000006 0.000003 0.000003 0.000001 0.000000 0.000000 0.000000 0.000000 0.000000 0.000000 0.000000 0.000000 
t: 0.026086956522 start: 41 end: 91 0.000001 0.000001 0.000017 0.000020 0.000054 0.000117 0.000281 0.000552 0.001102 0.002204 0.004027 0.007166 0.011584 0.017881 0.025845 0.036099 0.047339 0.059411 0.070422 0.079447 0.085829 0.088286 0.086435 0.079828 0.071051 0.060035 0.048295 0.037139 0.027571 0.019146 0.012992 0.008370 0.005049 0.002925 0.001749 0.000886 0.000450 0.000211 0.000113 0.000042 0.000013 0.000010 0.000005 0.000000 0.000000 0.000000 0.000000 0.000000 0.000000 0.000000 0.000000 
t: 0.025000000000 start: 43 end: 94 0.000001 0.000003 0.000008 0.000021 0.000058 0.000134 0.000289 0.000617 0.001199 0.002252 0.004037 0.007160 0.011217 0.017239 0.025565 0.035071 0.045935 0.057425 0.068275 0.077949 0.083548 0.086533 0.085017 0.080470 0.071550 0.061544 0.050144 0.038980 0.029385 0.020890 0.014425 0.009368 0.005904 0.003505 0.002071 0.001045 0.000607 0.000289 0.000152 0.000077 0.000023 0.000011 0.000004 0.000003 0.000000 0.000000 0.000000 0.000000 0.000000 0.000000 0.000000 0.000000 
t: 0.024000000000 start: 44 end: 96 0.000001 0.000003 0.000002 0.000005 0.000024 0.000071 0.000159 0.000289 0.000657 0.001286 0.002299 0.004283 0.006967 0.011323 0.017218 0.025116 0.034635 0.044844 0.055746 0.066559 0.076201 0.081958 0.085115 0.084649 0.079494 0.072195 0.062066 0.051291 0.040700 0.030836 0.022384 0.015605 0.010285 0.006546 0.004049 0.002400 0.001318 0.000726 0.000347 0.000188 0.000090 0.000044 0.000017 0.000008 0.000000 0.000001 0.000000 0.000000 0.000000 0.000000 0.000000 0.000000 0.000000 
t: 0.023076923077 start: 45 end: 97 0.000001 0.000002 0.000002 0.000000 0.000013 0.000031 0.000073 0.000146 0.000328 0.000751 0.001339 0.002576 0.004318 0.007193 0.011391 0.017186 0.024933 0.034076 0.044302 0.055117 0.066124 0.074076 0.080586 0.083673 0.082936 0.079365 0.072223 0.062459 0.052247 0.041483 0.032255 0.023418 0.016591 0.011029 0.007403 0.004478 0.002642 0.001516 0.000853 0.000451 0.000218 0.000113 0.000049 0.000024 0.000009 0.000001 0.000000 0.000000 0.000000 0.000000 0.000000 0.000000 0.000000 
t: 0.022222222222 start: 48 end: 101 0.000001 0.000004 0.000005 0.000013 0.000026 0.000059 0.000184 0.000452 0.000728 0.001502 0.002738 0.004539 0.007440 0.011729 0.017460 0.025247 0.033897 0.044157 0.054605 0.065031 0.073140 0.079498 0.081893 0.081999 0.078477 0.071955 0.062856 0.052291 0.042535 0.032797 0.024119 0.017467 0.011776 0.007748 0.005091 0.002918 0.001690 0.000920 0.000520 0.000247 0.000140 0.000057 0.000025 0.000020 0.000003 0.000001 0.000000 0.000000 0.000000 0.000000 0.000000 0.000000 0.000000 0.000000 
t: 0.021428571428 start: 50 end: 104 0.000001 0.000005 0.000006 0.000012 0.000042 0.000101 0.000202 0.000468 0.000885 0.001604 0.002879 0.004910 0.007864 0.012196 0.018064 0.025363 0.034294 0.044136 0.054582 0.064209 0.072690 0.078239 0.081069 0.081381 0.077343 0.070604 0.062760 0.052689 0.042447 0.033240 0.024867 0.017540 0.012346 0.008377 0.005254 0.003235 0.001825 0.001079 0.000597 0.000313 0.000144 0.000072 0.000042 0.000018 0.000003 0.000001 0.000002 0.000000 0.000000 0.000000 0.000000 0.000000 0.000000 0.000000 0.000000 
t: 0.020689655172 start: 51 end: 105 0.000002 0.000003 0.000003 0.000007 0.000025 0.000053 0.000114 0.000243 0.000508 0.000987 0.001735 0.003155 0.005321 0.008335 0.012779 0.018716 0.025997 0.034763 0.044764 0.054529 0.063949 0.072264 0.077144 0.080211 0.079792 0.076745 0.070084 0.061988 0.052320 0.042291 0.033343 0.025141 0.018226 0.012410 0.008583 0.005564 0.003367 0.002057 0.001128 0.000647 0.000384 0.000156 0.000090 0.000044 0.000023 0.000007 0.000003 0.000000 0.000000 0.000000 0.000000 0.000000 0.000000 0.000000 0.000000 
t: 0.020000000000 start: 53 end: 107 0.000002 0.000005 0.000004 0.000020 0.000027 0.000065 0.000137 0.000305 0.000608 0.001134 0.001933 0.003483 0.005682 0.008997 0.013559 0.019541 0.026832 0.035914 0.045009 0.054842 0.063926 0.071464 0.077137 0.079981 0.078705 0.074832 0.069170 0.061016 0.051615 0.042217 0.033064 0.025177 0.018218 0.012844 0.008731 0.005501 0.003496 0.002116 0.001245 0.000695 0.000367 0.000191 0.000101 0.000044 0.000030 0.000014 0.000004 0.000000 0.000000 0.000000 0.000000 0.000000 0.000000 0.000000 0.000000 
t: 0.019354838710 start: 55 end: 111 0.000001 0.000005 0.000008 0.000018 0.000045 0.000075 0.000178 0.000388 0.000681 0.001244 0.002294 0.003901 0.006162 0.009934 0.014428 0.020546 0.027981 0.036774 0.045952 0.055528 0.064335 0.071295 0.076394 0.078546 0.077970 0.073996 0.068014 0.059929 0.050540 0.041444 0.032810 0.024758 0.018135 0.012741 0.008750 0.005612 0.003651 0.002173 0.001241 0.000718 0.000403 0.000196 0.000098 0.000056 0.000032 0.000013 0.000005 0.000001 0.000001 0.000000 0.000000 0.000000 0.000000 0.000000 0.000000 0.000000 0.000000 
t: 0.018750000000 start: 55 end: 111 0.000001 0.000000 0.000004 0.000001 0.000010 0.000024 0.000054 0.000104 0.000232 0.000445 0.000834 0.001474 0.002592 0.004297 0.006946 0.010825 0.015546 0.021875 0.029265 0.037769 0.047236 0.056612 0.064429 0.071425 0.075958 0.077668 0.076827 0.072662 0.066239 0.058597 0.049968 0.040306 0.032049 0.024464 0.017820 0.012533 0.008658 0.005612 0.003630 0.002168 0.001255 0.000747 0.000421 0.000198 0.000111 0.000053 0.000038 0.000014 0.000002 0.000002 0.000000 0.000000 0.000000 0.000000 0.000000 0.000000 0.000000 
t: 0.018181818182 start: 58 end: 115 0.000001 0.000003 0.000004 0.000011 0.000036 0.000064 0.000134 0.000289 0.000550 0.000969 0.001703 0.003008 0.004993 0.007808 0.011701 0.016893 0.023221 0.030473 0.039582 0.048592 0.057530 0.065444 0.071545 0.075734 0.076914 0.074910 0.070937 0.064788 0.057391 0.048531 0.039291 0.031242 0.023492 0.017538 0.012287 0.008364 0.005499 0.003481 0.002175 0.001279 0.000719 0.000441 0.000226 0.000110 0.000050 0.000031 0.000010 0.000004 0.000000 0.000001 0.000001 0.000000 0.000000 0.000000 0.000000 0.000000 0.000000 0.000000 
t: 0.017647058823 start: 60 end: 117 0.000001 0.000003 0.000005 0.000028 0.000042 0.000097 0.000170 0.000347 0.000627 0.001171 0.002075 0.003491 0.005553 0.008838 0.012873 0.018246 0.024593 0.032679 0.041047 0.050280 0.058387 0.066313 0.072124 0.074883 0.076264 0.073378 0.069608 0.063293 0.055378 0.046771 0.038458 0.029945 0.022649 0.016779 0.011900 0.008090 0.005206 0.003455 0.002153 0.001247 0.000725 0.000385 0.000216 0.000129 0.000049 0.000027 0.000012 0.000006 0.000001 0.000003 0.000000 0.000000 0.000000 0.000000 0.000000 0.000000 0.000000 0.000000 
t: 0.017142857143 start: 62 end: 119 0.000001 0.000002 0.000014 0.000042 0.000056 0.000122 0.000233 0.000423 0.000808 0.001441 0.002466 0.004117 0.006273 0.009687 0.014372 0.019724 0.026396 0.034528 0.043203 0.051780 0.060029 0.066625 0.072021 0.074599 0.075378 0.072880 0.067725 0.061096 0.053758 0.044934 0.036465 0.028880 0.021708 0.015953 0.011441 0.007729 0.005063 0.003266 0.002075 0.001166 0.000708 0.000357 0.000258 0.000104 0.000052 0.000022 0.000010 0.000006 0.000003 0.000000 0.000000 0.000001 0.000000 0.000000 0.000000 0.000000 0.000000 0.000000 
t: 0.016666666667 start: 64 end: 122 0.000004 0.000007 0.000021 0.000038 0.000076 0.000145 0.000301 0.000561 0.001022 0.001795 0.002906 0.004734 0.007368 0.011036 0.015556 0.021513 0.028700 0.036402 0.045298 0.053773 0.061322 0.067602 0.072308 0.073890 0.073953 0.071366 0.065979 0.059651 0.051478 0.042644 0.034978 0.027405 0.020510 0.015227 0.010692 0.007287 0.004789 0.003129 0.001901 0.001180 0.000670 0.000364 0.000210 0.000119 0.000048 0.000025 0.000005 0.000006 0.000001 0.000004 0.000001 0.000000 0.000000 0.000000 0.000000 0.000000 0.000000 0.000000 0.000000 
t: 0.016216216216 start: 64 end: 124 0.000001 0.000003 0.000009 0.000011 0.000023 0.000046 0.000117 0.000194 0.000388 0.000710 0.001295 0.002136 0.003434 0.005612 0.008609 0.012282 0.017223 0.023558 0.030841 0.038702 0.047314 0.055444 0.062913 0.068762 0.072120 0.074053 0.072988 0.068830 0.064285 0.057032 0.048928 0.041141 0.033201 0.025880 0.019309 0.014170 0.009952 0.006913 0.004471 0.002826 0.001871 0.001087 0.000607 0.000341 0.000183 0.000092 0.000055 0.000016 0.000013 0.000004 0.000003 0.000000 0.000001 0.000001 0.000000 0.000000 0.000000 0.000000 0.000000 0.000000 0.000000 
t: 0.015789473684 start: 67 end: 127 0.000006 0.000010 0.000012 0.000043 0.000069 0.000139 0.000262 0.000510 0.000917 0.001589 0.002606 0.004254 0.006535 0.009878 0.013914 0.019265 0.025562 0.033498 0.041065 0.049371 0.057474 0.064018 0.069219 0.072909 0.073320 0.071043 0.067707 0.061771 0.054588 0.046949 0.038716 0.031150 0.023979 0.018140 0.013058 0.009310 0.006469 0.004158 0.002590 0.001695 0.001011 0.000533 0.000316 0.000199 0.000084 0.000046 0.000020 0.000011 0.000005 0.000004 0.000001 0.000001 0.000001 0.000000 0.000000 0.000000 0.000000 0.000000 0.000000 0.000000 0.000000 
t: 0.015384615385 start: 67 end: 128 0.000001 0.000004 0.000004 0.000014 0.000029 0.000047 0.000109 0.000191 0.000353 0.000654 0.001161 0.001972 0.003223 0.005035 0.007826 0.010988 0.015742 0.021499 0.028087 0.035793 0.043372 0.051837 0.059412 0.065485 0.070319 0.072754 0.071987 0.069693 0.065478 0.059669 0.051926 0.044468 0.036542 0.029184 0.022272 0.016735 0.012149 0.008420 0.005865 0.003763 0.002387 0.001511 0.000883 0.000530 0.000303 0.000145 0.000101 0.000036 0.000024 0.000007 0.000005 0.000002 0.000003 0.000001 0.000000 0.000000 0.000000 0.000000 0.000000 0.000000 0.000000 0.000000 
t: 0.015000000000 start: 69 end: 129 0.000005 0.000003 0.000008 0.000022 0.000035 0.000072 0.000145 0.000258 0.000464 0.000864 0.001549 0.002408 0.003928 0.006036 0.008952 0.012871 0.017740 0.023771 0.030638 0.038218 0.046387 0.054302 0.061316 0.066969 0.070932 0.072019 0.071282 0.067817 0.063283 0.056846 0.049509 0.041529 0.033939 0.027222 0.020670 0.015227 0.011107 0.007746 0.005198 0.003431 0.002179 0.001289 0.000824 0.000444 0.000245 0.000154 0.000072 0.000038 0.000019 0.000009 0.000006 0.000002 0.000001 0.000000 0.000000 0.000000 0.000000 0.000000 0.000000 0.000000 0.000000 
t: 0.014634146341 start: 69 end: 130 0.000001 0.000002 0.000002 0.000008 0.000012 0.000027 0.000050 0.000095 0.000191 0.000373 0.000634 0.001137 0.001928 0.002967 0.004779 0.007196 0.010501 0.014831 0.020302 0.026250 0.033239 0.041164 0.049004 0.056731 0.063223 0.068109 0.071014 0.071742 0.069376 0.066408 0.060646 0.054026 0.046256 0.039200 0.031625 0.024580 0.018989 0.014022 0.010065 0.006875 0.004675 0.003034 0.001983 0.001154 0.000681 0.000421 0.000220 0.000115 0.000069 0.000030 0.000021 0.000010 0.000005 0.000002 0.000000 0.000000 0.000000 0.000000 0.000000 0.000000 0.000000 0.000000 
t: 0.014285714286 start: 71 end: 132 0.000001 0.000001 0.000006 0.000013 0.000017 0.000046 0.000061 0.000147 0.000259 0.000499 0.000806 0.001516 0.002442 0.003751 0.005877 0.008389 0.012356 0.016965 0.022582 0.029127 0.036540 0.044106 0.051766 0.059050 0.064936 0.068882 0.070695 0.070799 0.068013 0.064037 0.058019 0.051197 0.043679 0.036233 0.028825 0.022536 0.017217 0.012522 0.008962 0.006227 0.004099 0.002677 0.001699 0.001041 0.000602 0.000361 0.000198 0.000103 0.000060 0.000025 0.000021 0.000005 0.000006 0.000001 0.000000 0.000000 0.000000 0.000000 0.000000 0.000000 0.000000 0.000000 
t: 0.013953488372 start: 72 end: 134 0.000001 0.000000 0.000004 0.000005 0.000021 0.000030 0.000058 0.000098 0.000201 0.000355 0.000667 0.001202 0.001867 0.003056 0.004715 0.006978 0.010097 0.014354 0.019332 0.025122 0.032269 0.039695 0.047413 0.054341 0.061222 0.066294 0.069575 0.070104 0.069724 0.066270 0.061433 0.054783 0.048500 0.040720 0.033148 0.026270 0.020560 0.015457 0.011265 0.007895 0.005456 0.003552 0.002422 0.001390 0.000900 0.000509 0.000308 0.000183 0.000080 0.000053 0.000024 0.000013 0.000004 0.000002 0.000002 0.000001 0.000000 0.000000 0.000000 0.000000 0.000000 0.000000 0.000000 
t: 0.013636363636 start: 75 end: 136 0.000003 0.000006 0.000011 0.000022 0.000041 0.000093 0.000142 0.000264 0.000540 0.000900 0.001527 0.002435 0.003857 0.005688 0.008558 0.011917 0.016403 0.021944 0.028501 0.035328 0.043047 0.050339 0.057412 0.063221 0.067121 0.069353 0.070395 0.067939 0.063751 0.058837 0.052013 0.044591 0.037787 0.030207 0.023931 0.018369 0.013902 0.009789 0.006940 0.004880 0.003088 0.001916 0.001248 0.000748 0.000432 0.000257 0.000146 0.000081 0.000044 0.000015 0.000015 0.000002 0.000002 0.000002 0.000000 0.000000 0.000000 0.000000 0.000000 0.000000 0.000000 0.000000 
t: 0.013333333333 start: 75 end: 136 0.000001 0.000000 0.000003 0.000011 0.000022 0.000034 0.000056 0.000105 0.000222 0.000443 0.000728 0.001194 0.001878 0.003109 0.004819 0.007093 0.010004 0.014228 0.019026 0.024960 0.031532 0.038885 0.046384 0.053571 0.059991 0.064526 0.068018 0.069579 0.069110 0.065882 0.061456 0.055474 0.048811 0.041267 0.034306 0.027620 0.021639 0.016316 0.012239 0.008538 0.006069 0.004074 0.002630 0.001631 0.001041 0.000669 0.000364 0.000198 0.000116 0.000055 0.000045 0.000014 0.000008 0.000004 0.000002 0.000000 0.000000 0.000000 0.000000 0.000000 0.000000 0.000000 
t: 0.013043478261 start: 76 end: 137 0.000001 0.000000 0.000005 0.000005 0.000010 0.000027 0.000050 0.000085 0.000161 0.000332 0.000595 0.000982 0.001508 0.002588 0.003991 0.005816 0.008518 0.012075 0.016438 0.022028 0.028175 0.035315 0.042050 0.050019 0.056269 0.061626 0.066053 0.069235 0.069219 0.067148 0.063483 0.058503 0.052170 0.045306 0.038119 0.031298 0.024912 0.019096 0.014409 0.010530 0.007609 0.005078 0.003497 0.002218 0.001444 0.000857 0.000473 0.000311 0.000159 0.000095 0.000061 0.000025 0.000011 0.000008 0.000004 0.000000 0.000000 0.000000 0.000000 0.000000 0.000000 0.000000 
t: 0.012765957447 start: 78 end: 140 0.000001 0.000004 0.000005 0.000008 0.000016 0.000034 0.000072 0.000134 0.000265 0.000456 0.000755 0.001270 0.002186 0.003300 0.004929 0.007353 0.010300 0.014261 0.019142 0.025280 0.031703 0.038764 0.045981 0.052735 0.058758 0.063736 0.067956 0.068344 0.068034 0.065209 0.060976 0.055288 0.048948 0.041830 0.034798 0.028120 0.022123 0.016892 0.012735 0.008949 0.006443 0.004282 0.002967 0.001852 0.001170 0.000690 0.000409 0.000213 0.000162 0.000077 0.000043 0.000023 0.000012 0.000006 0.000001 0.000000 0.000000 0.000000 0.000000 0.000000 0.000000 0.000000 0.000000 
t: 0.012500000000 start: 79 end: 142 0.000002 0.000000 0.000004 0.000003 0.000014 0.000032 0.000060 0.000121 0.000185 0.000358 0.000644 0.001066 0.001736 0.002790 0.004268 0.006224 0.008848 0.012566 0.016865 0.022260 0.028418 0.035330 0.042363 0.049553 0.055920 0.061348 0.065652 0.067786 0.068587 0.066109 0.062943 0.057830 0.052007 0.045179 0.038110 0.031527 0.025188 0.019520 0.014721 0.010880 0.007815 0.005371 0.003570 0.002421 0.001519 0.000968 0.000554 0.000349 0.000167 0.000122 0.000061 0.000031 0.000019 0.000012 0.000002 0.000001 0.000001 0.000000 0.000000 0.000000 0.000000 0.000000 0.000000 0.000000 
t: 0.012244897959 start: 79 end: 143 0.000001 0.000000 0.000001 0.000001 0.000003 0.000008 0.000027 0.000050 0.000102 0.000148 0.000290 0.000488 0.000857 0.001473 0.002361 0.003529 0.005394 0.007773 0.010841 0.015129 0.019894 0.025557 0.031839 0.039128 0.046473 0.052623 0.058663 0.063734 0.066858 0.067927 0.067030 0.064127 0.060363 0.054924 0.047993 0.041818 0.034522 0.027822 0.022088 0.017231 0.012735 0.009139 0.006641 0.004461 0.003004 0.001950 0.001226 0.000719 0.000430 0.000292 0.000151 0.000069 0.000040 0.000034 0.000009 0.000008 0.000001 0.000001 0.000000 0.000000 0.000000 0.000000 0.000000 0.000000 0.000000 
t: 0.012000000000 start: 81 end: 145 0.000001 0.000002 0.000001 0.000003 0.000005 0.000018 0.000039 0.000072 0.000126 0.000255 0.000410 0.000703 0.001226 0.001967 0.002994 0.004675 0.006730 0.009570 0.013282 0.017916 0.023097 0.029111 0.036223 0.042779 0.049828 0.055866 0.061505 0.065362 0.067498 0.067077 0.065383 0.061808 0.057021 0.051159 0.044782 0.037574 0.030780 0.024906 0.019406 0.014606 0.010904 0.007745 0.005510 0.003803 0.002453 0.001465 0.000976 0.000585 0.000354 0.000210 0.000092 0.000066 0.000036 0.000017 0.000011 0.000006 0.000000 0.000001 0.000000 0.000000 0.000000 0.000000 0.000000 0.000000 0.000000 
t: 0.011764705882 start: 82 end: 147 0.000001 0.000001 0.000002 0.000002 0.000006 0.000013 0.000029 0.000060 0.000110 0.000194 0.000378 0.000604 0.000979 0.001659 0.002581 0.004077 0.005811 0.008412 0.011802 0.016129 0.020995 0.026630 0.033231 0.040012 0.046955 0.053371 0.058742 0.063342 0.066159 0.067081 0.066123 0.063327 0.059386 0.053488 0.047368 0.040753 0.033552 0.027247 0.021776 0.016833 0.012498 0.009292 0.006495 0.004528 0.002985 0.001930 0.001235 0.000738 0.000475 0.000262 0.000159 0.000082 0.000046 0.000030 0.000015 0.000004 0.000003 0.000000 0.000002 0.000000 0.000000 0.000000 0.000000 0.000000 0.000000 0.000000 
t: 0.011538461538 start: 84 end: 149 0.000003 0.000001 0.000001 0.000005 0.000010 0.000023 0.000039 0.000097 0.000179 0.000301 0.000513 0.000825 0.001392 0.002217 0.003388 0.005209 0.007387 0.010628 0.014312 0.019169 0.024247 0.030857 0.037094 0.044251 0.050770 0.056357 0.061420 0.064872 0.066533 0.066486 0.064427 0.060657 0.055659 0.049889 0.043200 0.036535 0.030260 0.024033 0.018757 0.014399 0.010663 0.007622 0.005279 0.003769 0.002397 0.001519 0.000978 0.000564 0.000350 0.000194 0.000120 0.000074 0.000033 0.000022 0.000010 0.000002 0.000001 0.000000 0.000001 0.000000 0.000000 0.000000 0.000000 0.000000 0.000000 0.000000 
t: 0.011320754717 start: 85 end: 149 0.000003 0.000000 0.000002 0.000003 0.000009 0.000016 0.000037 0.000072 0.000168 0.000266 0.000426 0.000692 0.001193 0.001953 0.002958 0.004610 0.006645 0.009295 0.013011 0.017210 0.022430 0.028495 0.034634 0.041291 0.048258 0.054373 0.059523 0.063356 0.065750 0.066240 0.065081 0.061893 0.057562 0.051890 0.045852 0.039221 0.032686 0.026272 0.021101 0.016071 0.012129 0.008802 0.006365 0.004410 0.002894 0.001877 0.001172 0.000734 0.000450 0.000280 0.000160 0.000081 0.000043 0.000038 0.000010 0.000005 0.000000 0.000001 0.000000 0.000001 0.000000 0.000000 0.000000 0.000000 0.000000 
t: 0.011111111111 start: 86 end: 151 0.000001 0.000002 0.000002 0.000000 0.000008 0.000013 0.000022 0.000071 0.000132 0.000213 0.000362 0.000643 0.001081 0.001591 0.002679 0.004035 0.005765 0.008531 0.011686 0.015758 0.020547 0.026367 0.032488 0.039098 0.045505 0.051889 0.057334 0.062025 0.064841 0.065791 0.065470 0.062786 0.059460 0.054090 0.047914 0.041563 0.034601 0.028953 0.023312 0.017800 0.013562 0.010039 0.007435 0.005129 0.003401 0.002262 0.001470 0.000933 0.000583 0.000315 0.000211 0.000107 0.000056 0.000041 0.000010 0.000009 0.000006 0.000001 0.000001 0.000000 0.000000 0.000000 0.000000 0.000000 0.000000 0.000000 
t: 0.010909090909 start: 86 end: 151 0.000001 0.000001 0.000001 0.000000 0.000000 0.000008 0.000010 0.000028 0.000049 0.000112 0.000178 0.000335 0.000600 0.000872 0.001504 0.002262 0.003516 0.005254 0.007708 0.010618 0.014417 0.018744 0.024312 0.030647 0.036569 0.043378 0.049628 0.055622 0.060512 0.063475 0.065527 0.065215 0.063835 0.060652 0.055531 0.050061 0.043508 0.037263 0.030978 0.025082 0.019925 0.015081 0.011497 0.008266 0.005848 0.004048 0.002724 0.001760 0.001124 0.000733 0.000421 0.000232 0.000156 0.000072 0.000049 0.000023 0.000017 0.000006 0.000004 0.000001 0.000000 0.000000 0.000000 0.000000 0.000000 0.000000 
t: 0.010714285714 start: 87 end: 153 0.000001 0.000001 0.000000 0.000001 0.000001 0.000004 0.000012 0.000022 0.000033 0.000094 0.000177 0.000298 0.000478 0.000794 0.001290 0.002087 0.003184 0.004722 0.006732 0.009746 0.013276 0.017601 0.022553 0.028290 0.034405 0.041154 0.047561 0.053382 0.058943 0.062620 0.064892 0.065177 0.064167 0.061306 0.057437 0.051703 0.045477 0.039236 0.033502 0.026922 0.021824 0.016748 0.012705 0.009407 0.006661 0.004652 0.003189 0.002063 0.001320 0.000910 0.000520 0.000332 0.000160 0.000105 0.000057 0.000027 0.000019 0.000012 0.000007 0.000001 0.000000 0.000000 0.000000 0.000000 0.000000 0.000000 0.000000 
t: 0.010526315789 start: 89 end: 154 0.000002 0.000001 0.000000 0.000001 0.000006 0.000010 0.000021 0.000041 0.000069 0.000136 0.000274 0.000415 0.000724 0.001161 0.001877 0.002800 0.004313 0.006286 0.008751 0.012313 0.016172 0.021094 0.026327 0.032640 0.039114 0.045611 0.051907 0.056595 0.061067 0.064102 0.064782 0.064502 0.062368 0.058685 0.053415 0.047369 0.041630 0.034862 0.028880 0.023590 0.018503 0.013980 0.010490 0.007505 0.005272 0.003672 0.002470 0.001611 0.001044 0.000648 0.000371 0.000217 0.000131 0.000083 0.000036 0.000025 0.000022 0.000006 0.000001 0.000000 0.000000 0.000000 0.000000 0.000000 0.000000 0.000000 
t: 0.010344827586 start: 90 end: 156 0.000002 0.000000 0.000001 0.000003 0.000004 0.000007 0.000017 0.000032 0.000075 0.000127 0.000233 0.000362 0.000651 0.001097 0.001618 0.002595 0.003959 0.005706 0.008033 0.011451 0.015086 0.019549 0.024656 0.030984 0.037269 0.043589 0.049685 0.055540 0.059550 0.062748 0.064556 0.064499 0.063309 0.059288 0.054838 0.049327 0.043359 0.036947 0.030596 0.025281 0.020108 0.015385 0.011558 0.008327 0.005883 0.004349 0.002781 0.001878 0.001196 0.000787 0.000479 0.000272 0.000177 0.000081 0.000045 0.000034 0.000013 0.000013 0.000003 0.000002 0.000000 0.000000 0.000000 0.000000 0.000000 0.000000 0.000000 
t: 0.010169491525 start: 90 end: 157 0.000001 0.000000 0.000000 0.000001 0.000003 0.000004 0.000008 0.000014 0.000039 0.000063 0.000097 0.000213 0.000327 0.000587 0.000977 0.001444 0.002403 0.003655 0.005214 0.007548 0.010462 0.014136 0.018186 0.023444 0.028863 0.035509 0.042126 0.047927 0.053812 0.058700 0.061561 0.063934 0.064485 0.063030 0.060158 0.056250 0.050992 0.044884 0.038984 0.032578 0.026621 0.021566 0.016799 0.012623 0.009201 0.006693 0.004821 0.003213 0.002201 0.001427 0.000879 0.000556 0.000334 0.000197 0.000118 0.000058 0.000033 0.000017 0.000017 0.000004 0.000001 0.000002 0.000000 0.000000 0.000000 0.000000 0.000000 0.000000 
t: 0.010000000000 start: 92 end: 159 0.000001 0.000000 0.000002 0.000001 0.000002 0.000006 0.000016 0.000033 0.000051 0.000108 0.000162 0.000327 0.000500 0.000844 0.001454 0.002116 0.003407 0.004855 0.006863 0.009840 0.013084 0.017063 0.022246 0.027795 0.033680 0.040102 0.046643 0.052456 0.056811 0.060801 0.063220 0.064131 0.062981 0.061231 0.057358 0.052033 0.046524 0.040387 0.034208 0.028491 0.023081 0.017900 0.013792 0.010246 0.007439 0.005246 0.003717 0.002485 0.001615 0.001010 0.000671 0.000420 0.000253 0.000133 0.000071 0.000043 0.000020 0.000012 0.000009 0.000002 0.000000 0.000002 0.000000 0.000000 0.000000 0.000000 0.000000 0.000000 
t: 0.008448275866 start: 105 end: 174 0.000001 0.000001 0.000000 0.000004 0.000003 0.000015 0.000032 0.000052 0.000111 0.000150 0.000274 0.000465 0.000765 0.001199 0.001826 0.002986 0.003983 0.005917 0.008204 0.011004 0.014564 0.018789 0.023543 0.028820 0.034796 0.039985 0.045988 0.051320 0.055254 0.059112 0.060803 0.061656 0.060864 0.058763 0.055037 0.051066 0.045438 0.039889 0.034390 0.028481 0.023302 0.018599 0.014543 0.011067 0.008120 0.006043 0.004320 0.002948 0.002007 0.001339 0.000832 0.000576 0.000315 0.000178 0.000125 0.000062 0.000033 0.000015 0.000014 0.000002 0.000006 0.000000 0.000002 0.000000 0.000002 0.000000 0.000000 0.000000 0.000000 0.000000 
t: 0.007313432839 start: 117 end: 189 0.000004 0.000001 0.000008 0.000007 0.000022 0.000041 0.000064 0.000135 0.000206 0.000318 0.000523 0.000797 0.001268 0.001950 0.002878 0.004280 0.005766 0.008129 0.010865 0.014204 0.018084 0.022465 0.027591 0.032769 0.038401 0.043771 0.048724 0.053213 0.056510 0.058957 0.059726 0.059877 0.058322 0.055165 0.051341 0.046245 0.041428 0.036027 0.030652 0.025589 0.020792 0.016362 0.012826 0.009793 0.007229 0.005342 0.003712 0.002664 0.001790 0.001190 0.000703 0.000492 0.000335 0.000182 0.000111 0.000072 0.000037 0.000025 0.000004 0.000006 0.000003 0.000002 0.000003 0.000001 0.000000 0.000000 0.000000 0.000001 0.000000 0.000000 0.000000 0.000000 0.000000 
t: 0.006447368423 start: 121 end: 195 0.000001 0.000000 0.000000 0.000000 0.000001 0.000001 0.000002 0.000002 0.000005 0.000017 0.000023 0.000045 0.000069 0.000164 0.000265 0.000428 0.000645 0.001010 0.001519 0.002118 0.003241 0.004633 0.006323 0.008618 0.011242 0.015066 0.018721 0.022914 0.028052 0.032747 0.038020 0.043840 0.048084 0.051935 0.055509 0.057571 0.059346 0.057810 0.057212 0.054185 0.051094 0.046221 0.041267 0.035954 0.030824 0.025656 0.021288 0.017099 0.013195 0.010049 0.007552 0.005729 0.004102 0.002898 0.002034 0.001288 0.000874 0.000583 0.000347 0.000232 0.000130 0.000081 0.000052 0.000021 0.000022 0.000007 0.000009 0.000004 0.000001 0.000003 0.000000 0.000000 0.000000 0.000000 0.000000 
t: 0.005764705884 start: 131 end: 205 0.000001 0.000000 0.000000 0.000001 0.000002 0.000006 0.000003 0.000008 0.000010 0.000037 0.000073 0.000120 0.000165 0.000288 0.000470 0.000796 0.001204 0.001769 0.002605 0.003645 0.005025 0.006931 0.009238 0.012123 0.015847 0.019437 0.023829 0.028231 0.033780 0.038677 0.043743 0.047970 0.052370 0.055046 0.057093 0.057452 0.057677 0.056099 0.053206 0.049663 0.045212 0.040337 0.035727 0.030473 0.025499 0.021042 0.016862 0.013284 0.010311 0.007705 0.005851 0.004244 0.002880 0.002047 0.001325 0.000942 0.000612 0.000397 0.000239 0.000152 0.000087 0.000056 0.000041 0.000011 0.000013 0.000005 0.000004 0.000001 0.000001 0.000000 0.000000 0.000000 0.000000 0.000000 0.000000 
t: 0.005212765959 start: 140 end: 213 0.000001 0.000000 0.000000 0.000002 0.000005 0.000010 0.000015 0.000024 0.000047 0.000089 0.000147 0.000223 0.000347 0.000561 0.000889 0.001308 0.001853 0.002745 0.003923 0.005358 0.007260 0.009646 0.012541 0.015892 0.019704 0.024854 0.028789 0.034047 0.038985 0.043657 0.047595 0.051845 0.054695 0.056708 0.057070 0.056409 0.055331 0.052550 0.049035 0.044841 0.040376 0.035169 0.030181 0.025942 0.021075 0.016833 0.013478 0.010413 0.007781 0.005913 0.004338 0.003171 0.002116 0.001514 0.000973 0.000650 0.000444 0.000247 0.000174 0.000093 0.000054 0.000028 0.000017 0.000008 0.000006 0.000001 0.000000 0.000002 0.000002 0.000000 0.000000 0.000000 0.000000 0.000000 
t: 0.004757281555 start: 149 end: 224 0.000002 0.000004 0.000004 0.000013 0.000014 0.000031 0.000046 0.000083 0.000152 0.000243 0.000334 0.000546 0.000859 0.001292 0.001898 0.002613 0.003829 0.005218 0.007080 0.009511 0.011935 0.015593 0.019515 0.023822 0.028455 0.033050 0.038067 0.042446 0.047068 0.050952 0.053828 0.055673 0.056642 0.056592 0.054936 0.052893 0.049572 0.045700 0.040911 0.036177 0.031243 0.026089 0.021948 0.017852 0.014215 0.011072 0.008566 0.006294 0.004746 0.003327 0.002330 0.001630 0.001099 0.000753 0.000483 0.000320 0.000185 0.000105 0.000067 0.000039 0.000013 0.000010 0.000008 0.000003 0.000000 0.000001 0.000001 0.000001 0.000000 0.000000 0.000001 0.000000 0.000000 0.000000 0.000000 0.000000 
t: 0.004375000001 start: 156 end: 229 0.000006 0.000006 0.000008 0.000008 0.000019 0.000044 0.000081 0.000124 0.000205 0.000293 0.000442 0.000740 0.001124 0.001561 0.002313 0.003293 0.004653 0.006281 0.008342 0.010978 0.014091 0.017423 0.021541 0.026015 0.030528 0.035934 0.040303 0.044757 0.049322 0.052254 0.054412 0.056287 0.056599 0.055646 0.053638 0.051267 0.047218 0.043064 0.038494 0.033632 0.029108 0.024108 0.019807 0.015994 0.012525 0.009796 0.007379 0.005443 0.004036 0.002897 0.001987 0.001387 0.000975 0.000602 0.000374 0.000267 0.000154 0.000096 0.000050 0.000038 0.000010 0.000008 0.000007 0.000004 0.000001 0.000000 0.000000 0.000000 0.000001 0.000000 0.000000 0.000000 0.000000 0.000000 
t: 0.004049586778 start: 162 end: 236 0.000005 0.000008 0.000006 0.000011 0.000024 0.000051 0.000087 0.000129 0.000196 0.000333 0.000538 0.000802 0.001193 0.001718 0.002373 0.003552 0.004890 0.006509 0.008609 0.011115 0.014204 0.017722 0.021941 0.026690 0.031524 0.036083 0.041065 0.045015 0.049107 0.052745 0.054894 0.056172 0.056333 0.055337 0.053292 0.050643 0.046681 0.042868 0.038047 0.033140 0.028432 0.023632 0.019629 0.015499 0.012571 0.009470 0.007106 0.005471 0.003876 0.002828 0.001968 0.001356 0.000910 0.000612 0.000389 0.000229 0.000148 0.000095 0.000053 0.000032 0.000026 0.000009 0.000003 0.000001 0.000001 0.000001 0.000000 0.000001 0.000000 0.000000 0.000000 0.000000 0.000000 0.000000 0.000000 
t: 0.003769230770 start: 165 end: 240 0.000002 0.000001 0.000003 0.000005 0.000006 0.000009 0.000027 0.000044 0.000061 0.000100 0.000185 0.000278 0.000432 0.000685 0.001001 0.001504 0.002193 0.003192 0.004322 0.005744 0.007749 0.010088 0.013183 0.016647 0.020356 0.024656 0.029244 0.034205 0.039157 0.043541 0.048057 0.051282 0.053777 0.055586 0.056398 0.055804 0.054474 0.051447 0.048398 0.044248 0.039758 0.035338 0.030169 0.025438 0.021320 0.016916 0.013782 0.010599 0.008051 0.006128 0.004465 0.003227 0.002220 0.001567 0.001033 0.000652 0.000488 0.000310 0.000196 0.000111 0.000066 0.000037 0.000019 0.000007 0.000008 0.000001 0.000002 0.000001 0.000000 0.000000 0.000000 0.000000 0.000000 0.000000 0.000000 0.000000 
t: 0.003525179857 start: 170 end: 245 0.000001 0.000001 0.000003 0.000006 0.000007 0.000015 0.000018 0.000030 0.000074 0.000118 0.000189 0.000285 0.000461 0.000699 0.001071 0.001604 0.002190 0.003103 0.004383 0.005907 0.007789 0.010409 0.013392 0.016599 0.020842 0.024702 0.029926 0.034365 0.039125 0.043796 0.048075 0.051230 0.054193 0.055894 0.056079 0.055861 0.054366 0.051466 0.048457 0.044342 0.039658 0.034688 0.029904 0.025044 0.020930 0.017044 0.013341 0.010537 0.007928 0.005894 0.004326 0.003156 0.002171 0.001468 0.000968 0.000681 0.000456 0.000285 0.000173 0.000120 0.000065 0.000043 0.000020 0.000016 0.000006 0.000002 0.000002 0.000000 0.000001 0.000000 0.000000 0.000000 0.000000 0.000000 0.000000 0.000000 
t: 0.003310810811 start: 176 end: 250 0.000002 0.000005 0.000004 0.000004 0.000015 0.000031 0.000044 0.000085 0.000148 0.000231 0.000395 0.000524 0.000825 0.001289 0.001833 0.002628 0.003570 0.004946 0.006857 0.008934 0.011640 0.014939 0.018357 0.022364 0.027022 0.031635 0.036592 0.041576 0.045820 0.049787 0.052740 0.054918 0.056117 0.056364 0.055116 0.052993 0.050419 0.046513 0.042417 0.037620 0.032771 0.027782 0.022992 0.019013 0.015283 0.011873 0.009224 0.006904 0.005139 0.003735 0.002660 0.001820 0.001205 0.000798 0.000536 0.000387 0.000233 0.000143 0.000070 0.000057 0.000024 0.000016 0.000008 0.000001 0.000005 0.000000 0.000001 0.000001 0.000000 0.000000 0.000000 0.000000 0.000000 0.000000 0.000000 
t: 0.003121019109 start: 179 end: 252 0.000001 0.000000 0.000003 0.000007 0.000002 0.000013 0.000024 0.000044 0.000078 0.000116 0.000225 0.000340 0.000477 0.000746 0.001168 0.001675 0.002426 0.003338 0.004807 0.006235 0.008531 0.011215 0.014031 0.017581 0.021670 0.025933 0.030525 0.036057 0.040064 0.044942 0.048987 0.052148 0.054721 0.056311 0.056640 0.055712 0.054002 0.050950 0.047338 0.043270 0.038522 0.033497 0.028561 0.024019 0.019845 0.015971 0.012427 0.009773 0.007181 0.005447 0.004032 0.002750 0.001959 0.001268 0.000855 0.000608 0.000351 0.000241 0.000145 0.000080 0.000059 0.000031 0.000013 0.000005 0.000003 0.000002 0.000000 0.000002 0.000000 0.000000 0.000000 0.000000 0.000000 0.000000 
t: 0.002951807229 start: 184 end: 257 0.000003 0.000000 0.000006 0.000012 0.000011 0.000022 0.000050 0.000075 0.000152 0.000196 0.000359 0.000487 0.000823 0.001188 0.001695 0.002449 0.003505 0.004734 0.006510 0.008883 0.011289 0.014432 0.018066 0.022069 0.026269 0.031122 0.035914 0.040956 0.045460 0.049567 0.052882 0.055205 0.056603 0.056669 0.055552 0.054130 0.050667 0.047033 0.042507 0.037588 0.032990 0.028475 0.023554 0.019186 0.015530 0.012244 0.009188 0.006954 0.005184 0.003751 0.002639 0.001829 0.001193 0.000812 0.000529 0.000331 0.000171 0.000123 0.000085 0.000044 0.000023 0.000012 0.000005 0.000001 0.000003 0.000003 0.000001 0.000000 0.000000 0.000000 0.000000 0.000000 0.000000 0.000000 
t: 0.002800000000 start: 186 end: 260 0.000001 0.000000 0.000001 0.000005 0.000007 0.000013 0.000016 0.000032 0.000059 0.000106 0.000164 0.000239 0.000403 0.000630 0.000920 0.001297 0.001928 0.002774 0.003932 0.005435 0.007383 0.009553 0.012296 0.015681 0.019375 0.023698 0.028460 0.032834 0.037885 0.042861 0.046793 0.050826 0.054138 0.056076 0.057376 0.056607 0.055301 0.053040 0.049606 0.045209 0.040922 0.035916 0.031293 0.026107 0.021789 0.017734 0.013954 0.010848 0.008223 0.006108 0.004538 0.003200 0.002219 0.001507 0.000977 0.000653 0.000401 0.000265 0.000181 0.000082 0.000058 0.000025 0.000017 0.000009 0.000009 0.000002 0.000002 0.000000 0.000001 0.000000 0.000000 0.000000 0.000000 0.000000 0.000000 
t: 0.002663043479 start: 190 end: 264 0.000001 0.000002 0.000001 0.000003 0.000011 0.000019 0.000029 0.000044 0.000071 0.000128 0.000219 0.000341 0.000522 0.000792 0.001153 0.001683 0.002352 0.003399 0.004829 0.006499 0.008591 0.011065 0.014391 0.017867 0.022079 0.026410 0.031294 0.036283 0.040960 0.045708 0.049740 0.052957 0.055580 0.056728 0.057460 0.056484 0.054257 0.050978 0.047303 0.042521 0.038055 0.032660 0.027673 0.023341 0.018949 0.015047 0.012050 0.009107 0.006678 0.004905 0.003613 0.002421 0.001760 0.001087 0.000747 0.000428 0.000297 0.000183 0.000105 0.000064 0.000030 0.000019 0.000017 0.000005 0.000003 0.000000 0.000001 0.000001 0.000000 0.000000 0.000000 0.000000 0.000000 0.000000 0.000000 
t: 0.002538860104 start: 193 end: 266 0.000001 0.000001 0.000001 0.000002 0.000007 0.000021 0.000023 0.000042 0.000064 0.000113 0.000195 0.000336 0.000446 0.000699 0.001056 0.001652 0.002211 0.003287 0.004506 0.006107 0.008199 0.010698 0.013877 0.017057 0.021234 0.025840 0.030590 0.035500 0.040431 0.045185 0.049400 0.052505 0.055842 0.056656 0.057642 0.056876 0.054283 0.051875 0.048229 0.043431 0.038713 0.033689 0.028262 0.023786 0.019487 0.015777 0.011964 0.009211 0.007079 0.005115 0.003586 0.002502 0.001654 0.001124 0.000720 0.000505 0.000304 0.000171 0.000091 0.000065 0.000038 0.000014 0.000011 0.000008 0.000002 0.000002 0.000000 0.000000 0.000000 0.000000 0.000000 0.000000 0.000000 0.000000 
t: 0.002425742574 start: 195 end: 267 0.000001 0.000000 0.000000 0.000004 0.000004 0.000009 0.000008 0.000023 0.000039 0.000076 0.000108 0.000185 0.000295 0.000468 0.000712 0.001085 0.001535 0.002284 0.003303 0.004497 0.006123 0.008184 0.010825 0.013874 0.017587 0.021238 0.025893 0.030894 0.035645 0.040558 0.045447 0.049899 0.053327 0.056130 0.057590 0.057583 0.056971 0.054751 0.051459 0.047587 0.043392 0.038550 0.033507 0.028328 0.023435 0.019058 0.014906 0.011978 0.008808 0.006744 0.004813 0.003484 0.002389 0.001587 0.001072 0.000646 0.000472 0.000282 0.000138 0.000105 0.000047 0.000029 0.000012 0.000006 0.000005 0.000005 0.000001 0.000000 0.000000 0.000000 0.000000 0.000000 0.000000 
t: 0.002322274882 start: 196 end: 268 0.000001 0.000000 0.000000 0.000000 0.000002 0.000001 0.000004 0.000011 0.000012 0.000021 0.000043 0.000064 0.000120 0.000205 0.000293 0.000520 0.000756 0.001148 0.001729 0.002433 0.003398 0.004760 0.006627 0.008713 0.011151 0.014611 0.018157 0.022514 0.026754 0.032216 0.037031 0.041743 0.046661 0.051192 0.054555 0.056579 0.057732 0.057614 0.056819 0.054579 0.051103 0.046720 0.042248 0.037214 0.032311 0.026928 0.022087 0.018130 0.014065 0.010933 0.008253 0.006031 0.004270 0.003038 0.002119 0.001402 0.000925 0.000612 0.000339 0.000230 0.000116 0.000070 0.000037 0.000021 0.000010 0.000010 0.000007 0.000000 0.000002 0.000000 0.000000 0.000000 0.000000 
t: 0.002227272727 start: 197 end: 268 0.000001 0.000000 0.000000 0.000000 0.000000 0.000003 0.000000 0.000001 0.000007 0.000005 0.000021 0.000024 0.000051 0.000108 0.000141 0.000198 0.000350 0.000578 0.000909 0.001296 0.001915 0.002763 0.003777 0.005417 0.007310 0.009519 0.012373 0.016072 0.019794 0.024096 0.028784 0.034206 0.039083 0.043907 0.048404 0.052835 0.055803 0.057982 0.058132 0.057669 0.055763 0.053536 0.050007 0.045220 0.040426 0.034986 0.029721 0.025027 0.020250 0.016297 0.012621 0.009527 0.007033 0.005136 0.003686 0.002507 0.001766 0.001167 0.000749 0.000449 0.000269 0.000155 0.000065 0.000044 0.000018 0.000018 0.000015 0.000006 0.000002 0.000000 0.000000 0.000000 
t: 0.002139737991 start: 197 end: 269 0.000001 0.000000 0.000000 0.000000 0.000000 0.000000 0.000001 0.000000 0.000001 0.000001 0.000000 0.000009 0.000016 0.000024 0.000045 0.000078 0.000090 0.000151 0.000276 0.000451 0.000692 0.001106 0.001520 0.002278 0.003247 0.004595 0.006256 0.008288 0.010995 0.014153 0.017764 0.022183 0.026768 0.032069 0.036942 0.041981 0.046692 0.051252 0.054645 0.057224 0.058087 0.058419 0.057224 0.055026 0.051891 0.047674 0.042491 0.037330 0.032103 0.027164 0.022224 0.017844 0.013916 0.010594 0.007958 0.005798 0.004099 0.002917 0.002001 0.001346 0.000857 0.000504 0.000326 0.000186 0.000107 0.000051 0.000024 0.000023 0.000012 0.000008 0.000001 0.000001 0.000000 
t: 0.002058823530 start: 200 end: 272 0.000001 0.000000 0.000000 0.000000 0.000000 0.000000 0.000000 0.000001 0.000003 0.000001 0.000006 0.000011 0.000015 0.000036 0.000044 0.000104 0.000127 0.000213 0.000413 0.000582 0.000893 0.001374 0.001946 0.002946 0.003964 0.005575 0.007532 0.009952 0.013107 0.016522 0.020787 0.025220 0.030139 0.035657 0.040537 0.045505 0.050248 0.053995 0.056667 0.058387 0.059042 0.057817 0.056076 0.053061 0.048746 0.044477 0.039219 0.033618 0.028415 0.023702 0.019011 0.014740 0.011227 0.008406 0.006326 0.004455 0.003186 0.002216 0.001498 0.000844 0.000609 0.000357 0.000193 0.000106 0.000066 0.000037 0.000022 0.000012 0.000003 0.000002 0.000001 0.000000 0.000000 
t: 0.001983805668 start: 204 end: 276 0.000001 0.000000 0.000000 0.000000 0.000002 0.000000 0.000002 0.000004 0.000008 0.000005 0.000011 0.000020 0.000043 0.000088 0.000117 0.000212 0.000326 0.000530 0.000770 0.001256 0.001797 0.002620 0.003756 0.005152 0.006992 0.009474 0.012462 0.015720 0.019744 0.024395 0.029581 0.034289 0.039888 0.045016 0.049174 0.053390 0.057033 0.058495 0.058780 0.058896 0.056782 0.053812 0.049726 0.045284 0.040069 0.034584 0.029521 0.024259 0.019531 0.015428 0.011853 0.008647 0.006427 0.004712 0.003296 0.002241 0.001444 0.000934 0.000598 0.000327 0.000223 0.000119 0.000063 0.000041 0.000018 0.000006 0.000003 0.000002 0.000001 0.000000 0.000000 0.000000 0.000000 
t: 0.001914062500 start: 208 end: 279 0.000001 0.000000 0.000000 0.000002 0.000002 0.000001 0.000005 0.000004 0.000011 0.000023 0.000041 0.000069 0.000114 0.000187 0.000314 0.000468 0.000769 0.001179 0.001722 0.002476 0.003540 0.005103 0.006800 0.009135 0.012134 0.015501 0.019472 0.023669 0.028892 0.034333 0.039350 0.044995 0.049213 0.053659 0.056664 0.058715 0.059635 0.059510 0.057084 0.054448 0.050099 0.045733 0.040548 0.034847 0.029557 0.024386 0.019390 0.015469 0.011894 0.008653 0.006432 0.004720 0.003184 0.002205 0.001387 0.000901 0.000592 0.000306 0.000215 0.000096 0.000077 0.000037 0.000018 0.000009 0.000003 0.000002 0.000000 0.000000 0.000000 0.000000 0.000000 0.000000 
t: 0.001849056604 start: 211 end: 281 0.000001 0.000000 0.000002 0.000000 0.000001 0.000005 0.000009 0.000010 0.000016 0.000038 0.000074 0.000113 0.000202 0.000280 0.000481 0.000766 0.001114 0.001712 0.002465 0.003571 0.004977 0.006860 0.009034 0.012114 0.015402 0.019512 0.024070 0.029101 0.034639 0.039967 0.044962 0.049524 0.054114 0.057390 0.059243 0.060109 0.059280 0.057465 0.054440 0.050605 0.045438 0.040193 0.034546 0.029030 0.023922 0.019161 0.014910 0.011470 0.008556 0.006222 0.004475 0.003025 0.002049 0.001301 0.000823 0.000484 0.000322 0.000185 0.000095 0.000063 0.000040 0.000008 0.000008 0.000004 0.000002 0.000000 0.000000 0.000000 0.000000 0.000000 0.000000 
t: 0.001788321168 start: 214 end: 282 0.000001 0.000000 0.000000 0.000003 0.000001 0.000010 0.000006 0.000023 0.000043 0.000072 0.000123 0.000189 0.000296 0.000456 0.000782 0.001213 0.001736 0.002542 0.003715 0.005225 0.006968 0.009314 0.012296 0.016113 0.019884 0.024712 0.029874 0.035321 0.040471 0.045769 0.050570 0.054804 0.058295 0.059808 0.060207 0.059774 0.057604 0.053860 0.050234 0.044778 0.039294 0.033755 0.028306 0.022877 0.018257 0.014255 0.010671 0.007985 0.005829 0.004087 0.002780 0.001884 0.001152 0.000743 0.000442 0.000261 0.000147 0.000071 0.000071 0.000018 0.000014 0.000005 0.000004 0.000000 0.000000 0.000000 0.000000 0.000000 0.000000 
t: 0.001731448763 start: 217 end: 286 0.000001 0.000002 0.000001 0.000003 0.000006 0.000012 0.000024 0.000039 0.000082 0.000117 0.000199 0.000324 0.000516 0.000835 0.001234 0.001855 0.002818 0.003875 0.005408 0.007490 0.009917 0.012939 0.016702 0.020928 0.025800 0.030999 0.036649 0.041894 0.047006 0.052465 0.055832 0.058715 0.060441 0.060986 0.059719 0.057110 0.053237 0.048750 0.043735 0.038429 0.032175 0.026827 0.021449 0.017009 0.013186 0.009867 0.007198 0.005024 0.003675 0.002455 0.001601 0.001009 0.000564 0.000380 0.000212 0.000133 0.000078 0.000035 0.000015 0.000005 0.000006 0.000003 0.000000 0.000000 0.000000 0.000000 0.000000 0.000000 0.000000 0.000000 
t: 0.001678082192 start: 221 end: 287 0.000005 0.000003 0.000009 0.000013 0.000026 0.000049 0.000075 0.000154 0.000218 0.000388 0.000561 0.000870 0.001408 0.002045 0.003073 0.004299 0.006025 0.008107 0.010641 0.013974 0.017859 0.022218 0.027662 0.032721 0.038156 0.043981 0.048809 0.053815 0.057251 0.059713 0.061239 0.060960 0.059537 0.056188 0.052448 0.047373 0.041942 0.036104 0.030143 0.024819 0.019979 0.015459 0.011804 0.008741 0.006378 0.004418 0.003080 0.002004 0.001290 0.000808 0.000517 0.000272 0.000179 0.000093 0.000049 0.000026 0.000012 0.000007 0.000003 0.000000 0.000000 0.000000 0.000000 0.000000 0.000000 0.000000 0.000000 
t: 0.001627906977 start: 222 end: 288 0.000002 0.000002 0.000004 0.000012 0.000018 0.000038 0.000053 0.000096 0.000175 0.000261 0.000411 0.000709 0.001034 0.001560 0.002303 0.003493 0.004822 0.006694 0.008960 0.011968 0.015287 0.019558 0.024189 0.029699 0.034818 0.040306 0.045824 0.051414 0.055686 0.058960 0.061036 0.061124 0.060815 0.058594 0.055312 0.050571 0.045229 0.039502 0.033805 0.028084 0.022430 0.017744 0.013757 0.010357 0.007602 0.005247 0.003816 0.002467 0.001619 0.001036 0.000646 0.000393 0.000204 0.000120 0.000071 0.000037 0.000016 0.000006 0.000004 0.000000 0.000000 0.000000 0.000000 0.000000 0.000000 0.000000 0.000000 
t: 0.001580645161 start: 224 end: 289 0.000001 0.000006 0.000004 0.000012 0.000019 0.000042 0.000075 0.000123 0.000197 0.000341 0.000507 0.000783 0.001178 0.001839 0.002812 0.003973 0.005531 0.007625 0.010143 0.013474 0.017008 0.021635 0.026521 0.031908 0.037491 0.043292 0.049059 0.053826 0.057703 0.060036 0.061912 0.061786 0.060042 0.057210 0.053716 0.048360 0.042746 0.036453 0.030927 0.024984 0.020140 0.015453 0.011777 0.008611 0.006418 0.004279 0.003007 0.001965 0.001262 0.000751 0.000476 0.000236 0.000162 0.000090 0.000046 0.000014 0.000008 0.000005 0.000000 0.000000 0.000000 0.000000 0.000000 0.000000 0.000000 0.000000 
t: 0.001536050157 start: 225 end: 292 0.000001 0.000002 0.000004 0.000009 0.000016 0.000027 0.000049 0.000102 0.000149 0.000235 0.000407 0.000603 0.000953 0.001514 0.002281 0.003300 0.004704 0.006422 0.008788 0.011823 0.015201 0.019402 0.024111 0.029485 0.034748 0.040989 0.046578 0.051803 0.056345 0.059550 0.061760 0.062558 0.061064 0.058970 0.055685 0.051013 0.045348 0.039450 0.033159 0.027722 0.022033 0.017067 0.013256 0.009837 0.007180 0.005014 0.003489 0.002185 0.001503 0.000913 0.000489 0.000308 0.000195 0.000096 0.000061 0.000025 0.000016 0.000001 0.000001 0.000001 0.000000 0.000000 0.000000 0.000000 0.000000 0.000000 0.000000 0.000000 
t: 0.001493902439 start: 226 end: 294 0.000001 0.000001 0.000004 0.000004 0.000013 0.000021 0.000040 0.000064 0.000101 0.000208 0.000310 0.000491 0.000801 0.001246 0.001905 0.002799 0.003959 0.005587 0.007737 0.010442 0.013513 0.017525 0.022106 0.027287 0.032860 0.038878 0.044168 0.050064 0.055173 0.058763 0.061464 0.062484 0.061949 0.060748 0.057406 0.052913 0.047806 0.041696 0.035632 0.029673 0.023905 0.018807 0.014508 0.010814 0.007973 0.005686 0.003709 0.002631 0.001684 0.001023 0.000650 0.000347 0.000188 0.000109 0.000060 0.000046 0.000010 0.000004 0.000002 0.000001 0.000001 0.000000 0.000000 0.000000 0.000000 0.000000 0.000000 0.000000 0.000000 
t: 0.001454005935 start: 227 end: 295 0.000002 0.000001 0.000001 0.000005 0.000008 0.000017 0.000028 0.000040 0.000102 0.000144 0.000249 0.000442 0.000599 0.001102 0.001606 0.002330 0.003550 0.004930 0.006790 0.009388 0.012187 0.015973 0.020420 0.025482 0.031173 0.036600 0.042422 0.048440 0.053702 0.058060 0.061337 0.062820 0.063233 0.061567 0.058492 0.054633 0.049864 0.043491 0.037580 0.031297 0.025810 0.020378 0.015572 0.011712 0.008681 0.006102 0.004253 0.002844 0.001792 0.001188 0.000692 0.000396 0.000217 0.000121 0.000071 0.000036 0.000014 0.000008 0.000002 0.000002 0.000002 0.000000 0.000000 0.000000 0.000000 0.000000 0.000000 0.000000 0.000000 
t: 0.001416184971 start: 228 end: 295 0.000001 0.000001 0.000000 0.000004 0.000007 0.000016 0.000021 0.000040 0.000066 0.000132 0.000214 0.000323 0.000598 0.000861 0.001405 0.002120 0.003094 0.004285 0.006086 0.008432 0.011257 0.014761 0.019163 0.023715 0.029584 0.035185 0.040978 0.047038 0.052663 0.056804 0.061234 0.062989 0.063614 0.062243 0.059865 0.056256 0.051415 0.045183 0.039375 0.032787 0.027372 0.021430 0.016505 0.012636 0.009198 0.006420 0.004614 0.003078 0.002002 0.001248 0.000758 0.000424 0.000224 0.000144 0.000070 0.000031 0.000018 0.000005 0.000004 0.000002 0.000002 0.000000 0.000000 0.000000 0.000000 0.000000 0.000000 0.000000 
t: 0.001380281690 start: 230 end: 298 0.000001 0.000001 0.000004 0.000003 0.000011 0.000015 0.000037 0.000055 0.000117 0.000170 0.000289 0.000515 0.000807 0.001178 0.001878 0.002713 0.003970 0.005527 0.007739 0.010429 0.013826 0.017863 0.022661 0.028191 0.034036 0.040007 0.045832 0.051297 0.056546 0.060556 0.062872 0.063886 0.063275 0.060933 0.057418 0.052563 0.046764 0.040591 0.034336 0.028113 0.022424 0.017900 0.013049 0.009486 0.006920 0.004803 0.003169 0.002143 0.001276 0.000861 0.000422 0.000255 0.000127 0.000074 0.000042 0.000008 0.000009 0.000001 0.000004 0.000001 0.000001 0.000000 0.000000 0.000000 0.000000 0.000000 0.000000 0.000000 0.000000 
t: 0.001346153846 start: 232 end: 297 0.000002 0.000002 0.000008 0.000006 0.000012 0.000031 0.000053 0.000086 0.000153 0.000269 0.000470 0.000679 0.001124 0.001647 0.002560 0.003504 0.005195 0.007198 0.009888 0.013027 0.016973 0.021613 0.027259 0.033036 0.038803 0.045153 0.050905 0.055883 0.059896 0.063062 0.063993 0.064096 0.061933 0.057900 0.053541 0.047839 0.041923 0.035380 0.029011 0.023577 0.018174 0.013494 0.009945 0.007105 0.004904 0.003302 0.002248 0.001341 0.000811 0.000445 0.000274 0.000132 0.000075 0.000031 0.000015 0.000005 0.000007 0.000000 0.000000 0.000002 0.000000 0.000000 0.000000 0.000000 0.000000 0.000000 
t: 0.001313672922 start: 233 end: 298 0.000001 0.000000 0.000008 0.000006 0.000014 0.000026 0.000051 0.000070 0.000127 0.000245 0.000414 0.000666 0.000980 0.001504 0.002296 0.003453 0.004775 0.006709 0.009435 0.012519 0.016389 0.021069 0.026304 0.032095 0.038428 0.044361 0.049991 0.055493 0.059904 0.063200 0.064566 0.064386 0.062517 0.059283 0.054077 0.048594 0.042765 0.035977 0.029722 0.024072 0.018360 0.013966 0.010195 0.007264 0.005035 0.003306 0.002242 0.001379 0.000788 0.000464 0.000242 0.000134 0.000068 0.000036 0.000017 0.000008 0.000002 0.000000 0.000001 0.000001 0.000000 0.000000 0.000000 0.000000 0.000000 0.000000 
t: 0.001282722513 start: 235 end: 300 0.000003 0.000003 0.000005 0.000017 0.000025 0.000032 0.000072 0.000132 0.000215 0.000359 0.000585 0.000944 0.001438 0.002179 0.003217 0.004613 0.006459 0.009026 0.012131 0.015829 0.020471 0.025764 0.031857 0.037688 0.043800 0.049803 0.055193 0.059904 0.063169 0.065270 0.064728 0.063342 0.059556 0.054874 0.049592 0.043049 0.036314 0.030284 0.024309 0.018505 0.014128 0.010255 0.007256 0.005006 0.003375 0.002168 0.001332 0.000811 0.000429 0.000229 0.000138 0.000061 0.000031 0.000017 0.000002 0.000002 0.000001 0.000003 0.000000 0.000000 0.000000 0.000000 0.000000 0.000000 0.000000 0.000000 
t: 0.001253196931 start: 235 end: 299 0.000001 0.000000 0.000005 0.000007 0.000014 0.000021 0.000032 0.000072 0.000132 0.000182 0.000350 0.000567 0.000909 0.001287 0.002069 0.003146 0.004404 0.006264 0.008892 0.011799 0.015552 0.020120 0.025725 0.031586 0.037184 0.043601 0.049713 0.055487 0.059799 0.063849 0.065302 0.065660 0.063177 0.059971 0.055716 0.049543 0.043206 0.036866 0.030229 0.024332 0.018600 0.013984 0.010257 0.007170 0.004890 0.003325 0.002064 0.001288 0.000777 0.000400 0.000264 0.000101 0.000056 0.000033 0.000009 0.000005 0.000003 0.000003 0.000000 0.000000 0.000000 0.000000 0.000000 0.000000 0.000000 
t: 0.001225000000 start: 236 end: 300 0.000001 0.000000 0.000004 0.000005 0.000010 0.000019 0.000036 0.000060 0.000132 0.000169 0.000347 0.000517 0.000870 0.001266 0.001963 0.003034 0.004419 0.006181 0.008777 0.011666 0.015383 0.020103 0.025399 0.031342 0.037505 0.043712 0.049713 0.055965 0.060579 0.063553 0.065607 0.065778 0.064011 0.060397 0.055459 0.049837 0.043473 0.036723 0.030090 0.024016 0.018416 0.013833 0.009939 0.007013 0.004868 0.003048 0.002018 0.001192 0.000739 0.000412 0.000192 0.000112 0.000062 0.000018 0.000007 0.000005 0.000003 0.000002 0.000000 0.000000 0.000000 0.000000 0.000000 0.000000 0.000000 
t: 0.001198044010 start: 237 end: 300 0.000001 0.000000 0.000003 0.000004 0.000011 0.000015 0.000036 0.000065 0.000124 0.000187 0.000314 0.000521 0.000833 0.001258 0.001908 0.003011 0.004372 0.006151 0.008587 0.011683 0.015591 0.020127 0.025583 0.031545 0.037207 0.043895 0.050703 0.056497 0.060618 0.064374 0.066151 0.066389 0.063783 0.060644 0.055468 0.049777 0.043096 0.036400 0.029909 0.023436 0.017945 0.013479 0.009609 0.006887 0.004473 0.002937 0.001866 0.001144 0.000680 0.000340 0.000201 0.000087 0.000037 0.000021 0.000011 0.000004 0.000000 0.000002 0.000000 0.000000 0.000000 0.000000 0.000000 0.000000 
t: 0.001172248804 start: 237 end: 301 0.000001 0.000000 0.000001 0.000001 0.000009 0.000004 0.000017 0.000037 0.000068 0.000109 0.000184 0.000313 0.000541 0.000803 0.001220 0.002045 0.002964 0.004273 0.006286 0.008668 0.011984 0.015721 0.020439 0.025969 0.031512 0.037959 0.044577 0.051177 0.056631 0.061291 0.065202 0.066901 0.066080 0.064202 0.060663 0.055264 0.049358 0.042694 0.035833 0.029052 0.022870 0.017418 0.013101 0.009339 0.006239 0.004256 0.002712 0.001714 0.001071 0.000597 0.000303 0.000185 0.000079 0.000032 0.000019 0.000008 0.000002 0.000000 0.000002 0.000000 0.000000 0.000000 0.000000 0.000000 0.000000 
t: 0.001147540984 start: 239 end: 302 0.000001 0.000001 0.000001 0.000004 0.000007 0.000022 0.000037 0.000062 0.000114 0.000189 0.000324 0.000510 0.000818 0.001316 0.001942 0.003019 0.004439 0.006321 0.008881 0.012334 0.016010 0.020777 0.026204 0.032552 0.038540 0.045196 0.052009 0.057450 0.062384 0.065723 0.066580 0.066877 0.064367 0.060130 0.055260 0.048723 0.041925 0.035049 0.028311 0.021913 0.016833 0.012312 0.008658 0.005986 0.003901 0.002436 0.001606 0.000885 0.000506 0.000281 0.000160 0.000065 0.000029 0.000012 0.000006 0.000000 0.000002 0.000000 0.000000 0.000000 0.000000 0.000000 0.000000 0.000000 
t: 0.001123853211 start: 240 end: 302 0.000002 0.000000 0.000002 0.000002 0.000010 0.000024 0.000040 0.000062 0.000107 0.000192 0.000330 0.000513 0.000861 0.001307 0.002047 0.003069 0.004571 0.006569 0.009192 0.012464 0.016660 0.021240 0.027143 0.033218 0.039288 0.046418 0.052921 0.058658 0.063080 0.066148 0.067619 0.066541 0.064196 0.060063 0.054511 0.048043 0.040967 0.033691 0.027280 0.021070 0.015738 0.011720 0.008040 0.005519 0.003568 0.002255 0.001380 0.000788 0.000407 0.000255 0.000117 0.000048 0.000028 0.000015 0.000001 0.000000 0.000000 0.000002 0.000000 0.000000 0.000000 0.000000 0.000000 
t: 0.001101123596 start: 240 end: 303 0.000001 0.000000 0.000001 0.000002 0.000001 0.000015 0.000021 0.000047 0.000068 0.000102 0.000193 0.000320 0.000533 0.000874 0.001400 0.002164 0.003188 0.004764 0.006883 0.009586 0.012927 0.017133 0.022197 0.027681 0.034255 0.040757 0.047697 0.053907 0.060047 0.064034 0.066756 0.067962 0.066740 0.063579 0.059485 0.053859 0.046965 0.039463 0.032599 0.026029 0.019827 0.014969 0.010832 0.007388 0.004991 0.003216 0.001954 0.001181 0.000684 0.000369 0.000187 0.000090 0.000044 0.000019 0.000010 0.000002 0.000000 0.000002 0.000000 0.000000 0.000000 0.000000 0.000000 0.000000 
t: 0.001079295154 start: 240 end: 304 0.000001 0.000000 0.000001 0.000000 0.000002 0.000002 0.000015 0.000024 0.000043 0.000075 0.000111 0.000198 0.000356 0.000556 0.000912 0.001470 0.002319 0.003408 0.004988 0.007206 0.010012 0.013703 0.017775 0.023030 0.028889 0.035503 0.042262 0.048804 0.055528 0.061241 0.065087 0.067418 0.068279 0.066682 0.063366 0.058657 0.052633 0.045379 0.038145 0.031120 0.024519 0.018737 0.013856 0.009748 0.006791 0.004462 0.002802 0.001708 0.001011 0.000557 0.000306 0.000152 0.000091 0.000037 0.000016 0.000003 0.000002 0.000001 0.000001 0.000000 0.000000 0.000000 0.000000 0.000000 0.000000 
t: 0.001058315335 start: 243 end: 306 0.000001 0.000001 0.000004 0.000002 0.000013 0.000024 0.000050 0.000067 0.000129 0.000230 0.000376 0.000613 0.000938 0.001583 0.002444 0.003622 0.005271 0.007724 0.010635 0.014357 0.018909 0.023750 0.030463 0.036914 0.043736 0.050620 0.057342 0.062324 0.065950 0.068512 0.068365 0.066476 0.062612 0.057627 0.051008 0.044129 0.036294 0.029450 0.023045 0.017329 0.012642 0.008868 0.005967 0.003931 0.002441 0.001445 0.000829 0.000452 0.000235 0.000145 0.000070 0.000020 0.000009 0.000003 0.000002 0.000002 0.000000 0.000000 0.000000 0.000000 0.000000 0.000000 0.000000 0.000000 
t: 0.001038135593 start: 245 end: 304 0.000002 0.000000 0.000006 0.000020 0.000016 0.000044 0.000067 0.000160 0.000278 0.000396 0.000645 0.001072 0.001637 0.002720 0.003919 0.005721 0.008213 0.011358 0.015048 0.019883 0.025537 0.031797 0.038563 0.045255 0.052923 0.058930 0.063682 0.067073 0.069049 0.068371 0.065959 0.062049 0.056140 0.049681 0.041838 0.034390 0.027800 0.021206 0.015987 0.011253 0.007945 0.005371 0.003344 0.002043 0.001218 0.000670 0.000343 0.000190 0.000111 0.000049 0.000017 0.000007 0.000000 0.000004 0.000000 0.000000 0.000000 0.000000 0.000000 0.000000 
t: 0.001018711019 start: 245 end: 307 0.000002 0.000000 0.000003 0.000008 0.000015 0.000021 0.000046 0.000100 0.000159 0.000263 0.000438 0.000745 0.001127 0.001882 0.002845 0.004226 0.006277 0.008887 0.012112 0.016150 0.021402 0.027002 0.033273 0.040443 0.047939 0.054713 0.060439 0.065121 0.068226 0.069137 0.068324 0.065646 0.060586 0.054693 0.047622 0.039722 0.032768 0.025613 0.019531 0.014193 0.010067 0.007037 0.004489 0.002863 0.001772 0.000961 0.000542 0.000277 0.000175 0.000076 0.000023 0.000012 0.000001 0.000004 0.000001 0.000001 0.000000 0.000000 0.000000 0.000000 0.000000 0.000000 0.000000 
t: 0.001000000000 start: 245 end: 308 0.000001 0.000000 0.000001 0.000004 0.000004 0.000012 0.000033 0.000061 0.000111 0.000174 0.000260 0.000516 0.000820 0.001258 0.002076 0.003094 0.004735 0.006910 0.009559 0.013040 0.017522 0.022791 0.028805 0.035299 0.042692 0.050001 0.056639 0.062349 0.066695 0.068679 0.069602 0.068357 0.064403 0.059495 0.052816 0.045386 0.037561 0.030166 0.023691 0.017549 0.012741 0.008765 0.005990 0.003869 0.002407 0.001421 0.000790 0.000427 0.000242 0.000097 0.000053 0.000013 0.000007 0.000006 0.000003 0.000001 0.000001 0.000000 0.000000 0.000000 0.000000 0.000000 0.000000 0.000000 
