t: 0.059999999999 start: 16 end: 54 0.000001 0.000004 0.000029 0.000099 0.000379 0.001056 0.002880 0.006859 0.014310 0.027151 0.045338 0.067955 0.092654 0.112364 0.123442 0.123845 0.112099 0.091742 0.069034 0.047076 0.029465 0.016560 0.008690 0.004055 0.001780 0.000727 0.000274 0.000093 0.000024 0.000012 0.000003 0.000000 0.000000 0.000000 0.000000 0.000000 0.000000 0.000000 0.000000 
t: 0.054545454544 start: 19 end: 57 0.000006 0.000021 0.000082 0.000247 0.000792 0.002066 0.004903 0.010231 0.019927 0.034191 0.052816 0.075135 0.095930 0.112671 0.120077 0.116593 0.103940 0.084841 0.062900 0.043409 0.027447 0.015962 0.008428 0.004213 0.001932 0.000739 0.000341 0.000119 0.000027 0.000010 0.000004 0.000000 0.000000 0.000000 0.000000 0.000000 0.000000 0.000000 0.000000 
t: 0.049999999999 start: 21 end: 63 0.000002 0.000011 0.000059 0.000189 0.000574 0.001536 0.003590 0.007776 0.014741 0.026020 0.041913 0.060491 0.081812 0.099837 0.112020 0.115444 0.109313 0.095435 0.077512 0.057324 0.039313 0.024897 0.014676 0.008154 0.004045 0.001949 0.000838 0.000355 0.000114 0.000046 0.000009 0.000001 0.000001 0.000002 0.000001 0.000000 0.000000 0.000000 0.000000 0.000000 0.000000 0.000000 0.000000 
t: 0.046153846153 start: 23 end: 64 0.000003 0.000011 0.000051 0.000166 0.000422 0.001177 0.002776 0.005818 0.011513 0.020457 0.032970 0.049923 0.068641 0.087479 0.102122 0.110465 0.110958 0.102409 0.087947 0.069341 0.050717 0.034970 0.022313 0.013143 0.007348 0.003776 0.001733 0.000802 0.000329 0.000148 0.000056 0.000007 0.000008 0.000001 0.000000 0.000000 0.000000 0.000000 0.000000 0.000000 0.000000 0.000000 
t: 0.042857142857 start: 25 end: 67 0.000003 0.000017 0.000036 0.000151 0.000339 0.000960 0.002188 0.004712 0.009092 0.016172 0.026707 0.041186 0.058607 0.076536 0.092627 0.103485 0.108430 0.104573 0.094442 0.079181 0.061497 0.045034 0.030482 0.019313 0.011612 0.006395 0.003361 0.001590 0.000731 0.000333 0.000135 0.000055 0.000012 0.000004 0.000000 0.000002 0.000000 0.000000 0.000000 0.000000 0.000000 0.000000 0.000000 
t: 0.040000000000 start: 27 end: 70 0.000005 0.000012 0.000040 0.000127 0.000328 0.000728 0.001785 0.003783 0.007418 0.013271 0.021986 0.034867 0.050365 0.066861 0.083433 0.096002 0.104092 0.104384 0.097819 0.085838 0.070406 0.053864 0.039135 0.026180 0.016504 0.009919 0.005476 0.002849 0.001375 0.000658 0.000305 0.000132 0.000038 0.000011 0.000002 0.000002 0.000000 0.000000 0.000000 0.000000 0.000000 0.000000 0.000000 0.000000 
t: 0.037500000000 start: 28 end: 73 0.000002 0.000002 0.000011 0.000040 0.000107 0.000281 0.000669 0.001522 0.003150 0.006066 0.011159 0.018759 0.029661 0.043404 0.059000 0.074679 0.088884 0.098816 0.102263 0.098911 0.090252 0.077023 0.062241 0.046710 0.032929 0.022355 0.013928 0.008147 0.004574 0.002330 0.001170 0.000530 0.000259 0.000118 0.000030 0.000015 0.000001 0.000002 0.000000 0.000000 0.000000 0.000000 0.000000 0.000000 0.000000 0.000000 
t: 0.035294117647 start: 30 end: 77 0.000002 0.000002 0.000020 0.000028 0.000099 0.000244 0.000558 0.001369 0.002681 0.005346 0.009597 0.016084 0.025550 0.037979 0.052663 0.067762 0.081509 0.093283 0.099235 0.098857 0.092451 0.081665 0.067936 0.054137 0.039703 0.027657 0.018332 0.011319 0.006692 0.003531 0.001943 0.000982 0.000455 0.000191 0.000088 0.000037 0.000008 0.000002 0.000002 0.000001 0.000000 0.000000 0.000000 0.000000 0.000000 0.000000 0.000000 0.000000 
t: 0.033333333333 start: 32 end: 80 0.000001 0.000003 0.000011 0.000037 0.000092 0.000215 0.000536 0.001174 0.002439 0.004738 0.008331 0.014376 0.022513 0.033993 0.047116 0.061327 0.075718 0.087156 0.095225 0.097026 0.093853 0.085151 0.073279 0.059417 0.045568 0.033342 0.022748 0.014485 0.009071 0.005261 0.002913 0.001488 0.000769 0.000367 0.000154 0.000072 0.000017 0.000012 0.000003 0.000002 0.000001 0.000000 0.000000 0.000000 0.000000 0.000000 0.000000 0.000000 0.000000 
t: 0.031578947368 start: 34 end: 83 0.000003 0.000006 0.000014 0.000032 0.000088 0.000218 0.000506 0.001072 0.002215 0.004292 0.007565 0.012868 0.020140 0.030545 0.042889 0.056604 0.070357 0.082005 0.091130 0.094611 0.093245 0.087240 0.076762 0.064203 0.050745 0.038107 0.027415 0.018041 0.011628 0.007016 0.004106 0.002126 0.001129 0.000584 0.000281 0.000125 0.000055 0.000016 0.000011 0.000003 0.000001 0.000000 0.000001 0.000000 0.000000 0.000000 0.000000 0.000000 0.000000 0.000000 
t: 0.030000000000 start: 36 end: 84 0.000001 0.000004 0.000017 0.000030 0.000075 0.000227 0.000481 0.001023 0.002097 0.003958 0.006950 0.011685 0.018779 0.027953 0.039244 0.052074 0.065423 0.077831 0.087305 0.092018 0.092800 0.087660 0.079394 0.067548 0.055310 0.042672 0.030956 0.021669 0.014339 0.008861 0.005348 0.002986 0.001661 0.000845 0.000441 0.000173 0.000101 0.000036 0.000020 0.000004 0.000000 0.000000 0.000000 0.000000 0.000000 0.000001 0.000000 0.000000 0.000000 
t: 0.028571428571 start: 37 end: 87 0.000002 0.000001 0.000007 0.000011 0.000052 0.000082 0.000206 0.000453 0.000974 0.002010 0.003739 0.006697 0.011000 0.017222 0.025674 0.036608 0.049182 0.061589 0.073460 0.083654 0.089329 0.091361 0.087536 0.081089 0.070760 0.058441 0.046349 0.034829 0.024576 0.016959 0.010932 0.006671 0.004041 0.002229 0.001147 0.000578 0.000285 0.000152 0.000073 0.000028 0.000007 0.000004 0.000000 0.000000 0.000000 0.000000 0.000001 0.000000 0.000000 0.000000 0.000000 
t: 0.027272727273 start: 38 end: 90 0.000001 0.000002 0.000001 0.000005 0.000023 0.000031 0.000083 0.000209 0.000447 0.000961 0.001869 0.003700 0.006315 0.010444 0.016295 0.024447 0.034410 0.046214 0.058394 0.070171 0.080311 0.086803 0.089863 0.087515 0.081308 0.072394 0.061345 0.049599 0.038071 0.027420 0.019326 0.012746 0.008299 0.005009 0.002771 0.001571 0.000837 0.000408 0.000216 0.000100 0.000043 0.000015 0.000006 0.000001 0.000000 0.000000 0.000001 0.000000 0.000000 0.000000 0.000000 0.000000 0.000000 
t: 0.026086956522 start: 39 end: 93 0.000001 0.000000 0.000002 0.000002 0.000004 0.000019 0.000048 0.000085 0.000199 0.000464 0.000955 0.001954 0.003525 0.006113 0.010175 0.015866 0.023057 0.033129 0.044019 0.055744 0.067344 0.077059 0.084907 0.088125 0.086639 0.081782 0.073795 0.062977 0.052002 0.040648 0.029895 0.021457 0.014755 0.009611 0.005991 0.003444 0.002017 0.001082 0.000586 0.000282 0.000117 0.000071 0.000031 0.000012 0.000005 0.000001 0.000003 0.000001 0.000000 0.000000 0.000000 0.000000 0.000000 0.000000 0.000000 
t: 0.025000000000 start: 41 end: 95 0.000001 0.000001 0.000000 0.000002 0.000008 0.000017 0.000058 0.000089 0.000207 0.000436 0.001036 0.001969 0.003545 0.006047 0.009885 0.015530 0.022880 0.031559 0.042501 0.053744 0.064905 0.074664 0.082400 0.086330 0.085811 0.081594 0.074603 0.064358 0.054142 0.042568 0.032453 0.023282 0.016242 0.010909 0.006847 0.004186 0.002425 0.001336 0.000702 0.000381 0.000184 0.000086 0.000034 0.000026 0.000007 0.000006 0.000003 0.000001 0.000000 0.000000 0.000000 0.000000 0.000000 0.000000 0.000000 
t: 0.024000000000 start: 44 end: 99 0.000001 0.000002 0.000004 0.000011 0.000019 0.000049 0.000122 0.000215 0.000499 0.001084 0.002018 0.003550 0.006253 0.009946 0.014897 0.022361 0.031314 0.040914 0.052355 0.063667 0.072710 0.080443 0.084226 0.084606 0.081497 0.074995 0.065482 0.054715 0.044436 0.033871 0.025230 0.017660 0.011912 0.007820 0.004825 0.002866 0.001590 0.000911 0.000449 0.000259 0.000104 0.000067 0.000022 0.000011 0.000007 0.000003 0.000001 0.000001 0.000000 0.000000 0.000000 0.000000 0.000000 0.000000 0.000000 0.000000 
t: 0.023076923077 start: 44 end: 98 0.000001 0.000001 0.000000 0.000000 0.000006 0.000007 0.000030 0.000050 0.000126 0.000268 0.000547 0.001171 0.002132 0.003723 0.006157 0.009983 0.015194 0.021953 0.030686 0.040484 0.051272 0.061910 0.071432 0.078653 0.082729 0.084193 0.080676 0.074398 0.066158 0.055954 0.044953 0.035176 0.026558 0.019016 0.013098 0.008487 0.005425 0.003252 0.001889 0.001100 0.000558 0.000287 0.000163 0.000067 0.000047 0.000015 0.000010 0.000002 0.000003 0.000000 0.000000 0.000000 0.000000 0.000000 0.000000 
t: 0.022222222222 start: 46 end: 101 0.000001 0.000000 0.000001 0.000000 0.000004 0.000010 0.000028 0.000056 0.000164 0.000291 0.000651 0.001228 0.002325 0.003906 0.006376 0.010196 0.015316 0.022243 0.030410 0.040424 0.050217 0.061132 0.070339 0.077179 0.081560 0.082112 0.079882 0.074281 0.066112 0.056229 0.046158 0.036240 0.027401 0.019797 0.013992 0.009253 0.005887 0.003743 0.002145 0.001292 0.000691 0.000364 0.000184 0.000096 0.000038 0.000028 0.000008 0.000004 0.000004 0.000002 0.000000 0.000000 0.000000 0.000000 0.000000 0.000000 
t: 0.021428571428 start: 47 end: 103 0.000001 0.000000 0.000000 0.000001 0.000001 0.000004 0.000013 0.000037 0.000088 0.000154 0.000361 0.000768 0.001356 0.002396 0.004044 0.006597 0.010627 0.015709 0.022375 0.030723 0.040116 0.050378 0.060066 0.069572 0.076395 0.080190 0.081140 0.079029 0.073552 0.065696 0.056592 0.046301 0.036764 0.027986 0.020536 0.014744 0.009823 0.006388 0.003940 0.002420 0.001464 0.000772 0.000443 0.000216 0.000107 0.000068 0.000022 0.000014 0.000005 0.000005 0.000001 0.000000 0.000000 0.000000 0.000000 0.000000 0.000000 
t: 0.020689655172 start: 50 end: 105 0.000001 0.000000 0.000000 0.000003 0.000004 0.000017 0.000049 0.000096 0.000186 0.000419 0.000859 0.001493 0.002584 0.004382 0.007060 0.010857 0.016265 0.022669 0.031404 0.040495 0.050308 0.059866 0.068784 0.075520 0.079165 0.080045 0.077995 0.073030 0.065128 0.056271 0.046492 0.036874 0.028427 0.021036 0.014863 0.010384 0.006616 0.004329 0.002621 0.001543 0.000876 0.000455 0.000277 0.000136 0.000067 0.000016 0.000018 0.000009 0.000004 0.000002 0.000000 0.000000 0.000000 0.000000 0.000000 0.000000 
t: 0.020000000000 start: 53 end: 109 0.000003 0.000001 0.000001 0.000009 0.000023 0.000063 0.000112 0.000255 0.000478 0.000938 0.001654 0.002868 0.004763 0.007447 0.011419 0.016697 0.023699 0.031804 0.040806 0.050968 0.059931 0.068189 0.074506 0.078513 0.079513 0.076760 0.071742 0.064300 0.055812 0.046315 0.037282 0.028457 0.021330 0.014980 0.010451 0.007031 0.004427 0.002764 0.001658 0.000963 0.000520 0.000267 0.000146 0.000081 0.000028 0.000015 0.000008 0.000002 0.000001 0.000000 0.000000 0.000000 0.000000 0.000000 0.000000 0.000000 0.000000 
t: 0.019354838710 start: 55 end: 109 0.000002 0.000000 0.000007 0.000016 0.000029 0.000062 0.000133 0.000299 0.000580 0.001033 0.001863 0.003156 0.005176 0.008036 0.012194 0.017530 0.024617 0.032483 0.041628 0.051068 0.060762 0.068144 0.074190 0.077520 0.078057 0.075797 0.070677 0.063540 0.055102 0.045717 0.036949 0.028224 0.021374 0.015217 0.010521 0.006989 0.004644 0.002823 0.001719 0.000971 0.000580 0.000285 0.000139 0.000087 0.000031 0.000015 0.000011 0.000003 0.000000 0.000000 0.000000 0.000000 0.000000 0.000000 0.000000 
t: 0.018750000000 start: 56 end: 112 0.000001 0.000000 0.000001 0.000009 0.000022 0.000041 0.000065 0.000165 0.000354 0.000645 0.001170 0.002136 0.003561 0.005643 0.008753 0.013057 0.018596 0.025632 0.033892 0.042705 0.051672 0.060604 0.068668 0.073669 0.076733 0.077224 0.074230 0.070029 0.062330 0.054115 0.044836 0.036180 0.028273 0.020831 0.014923 0.010665 0.007075 0.004591 0.002874 0.001785 0.001041 0.000597 0.000271 0.000182 0.000080 0.000041 0.000017 0.000012 0.000003 0.000001 0.000000 0.000000 0.000000 0.000000 0.000000 0.000000 0.000000 
t: 0.018181818182 start: 57 end: 115 0.000001 0.000000 0.000001 0.000003 0.000010 0.000024 0.000046 0.000085 0.000217 0.000415 0.000760 0.001413 0.002415 0.003970 0.006277 0.009602 0.013994 0.019886 0.026810 0.035118 0.043668 0.053019 0.061073 0.068919 0.073422 0.075932 0.076066 0.073711 0.068459 0.061032 0.052361 0.044170 0.035544 0.027393 0.020281 0.014812 0.010438 0.007061 0.004639 0.002872 0.001779 0.001054 0.000608 0.000312 0.000153 0.000084 0.000055 0.000019 0.000010 0.000004 0.000002 0.000001 0.000000 0.000000 0.000000 0.000000 0.000000 0.000000 0.000000 
t: 0.017647058823 start: 57 end: 115 0.000001 0.000000 0.000000 0.000000 0.000003 0.000005 0.000015 0.000023 0.000057 0.000124 0.000248 0.000509 0.000917 0.001688 0.002768 0.004486 0.007003 0.010449 0.015370 0.021058 0.028152 0.036524 0.045453 0.054046 0.061665 0.068934 0.073279 0.075485 0.075105 0.072372 0.067014 0.059590 0.051227 0.042822 0.034143 0.026802 0.019777 0.014364 0.010290 0.006791 0.004481 0.002880 0.001724 0.001097 0.000581 0.000352 0.000147 0.000093 0.000043 0.000022 0.000012 0.000006 0.000001 0.000002 0.000000 0.000000 0.000000 0.000000 0.000000 
t: 0.017142857143 start: 59 end: 118 0.000001 0.000000 0.000000 0.000001 0.000002 0.000005 0.000022 0.000031 0.000081 0.000165 0.000325 0.000617 0.001122 0.001893 0.003289 0.005039 0.007973 0.011490 0.016583 0.022359 0.030157 0.038311 0.046842 0.055169 0.062878 0.069324 0.073387 0.074542 0.074458 0.070500 0.065388 0.057557 0.049974 0.041341 0.032933 0.025699 0.019049 0.013971 0.009746 0.006641 0.004333 0.002802 0.001730 0.001016 0.000602 0.000310 0.000171 0.000079 0.000052 0.000021 0.000012 0.000004 0.000001 0.000002 0.000000 0.000000 0.000000 0.000000 0.000000 0.000000 
t: 0.016666666667 start: 62 end: 121 0.000001 0.000001 0.000000 0.000003 0.000008 0.000021 0.000051 0.000105 0.000230 0.000386 0.000782 0.001304 0.002266 0.003738 0.005832 0.008859 0.012836 0.017834 0.024470 0.031936 0.040100 0.048325 0.056410 0.064185 0.069657 0.073010 0.073953 0.073392 0.069379 0.063277 0.056246 0.047685 0.039714 0.031676 0.024411 0.018434 0.013280 0.009292 0.006292 0.004055 0.002702 0.001641 0.001003 0.000567 0.000298 0.000150 0.000103 0.000047 0.000032 0.000008 0.000009 0.000002 0.000002 0.000000 0.000000 0.000000 0.000000 0.000000 0.000000 0.000000 
t: 0.016216216216 start: 65 end: 123 0.000002 0.000002 0.000005 0.000010 0.000040 0.000058 0.000146 0.000293 0.000512 0.000923 0.001614 0.002697 0.004415 0.006771 0.009848 0.014333 0.019491 0.026501 0.033953 0.042027 0.050030 0.058224 0.064647 0.069937 0.072878 0.073542 0.071893 0.067893 0.061182 0.054087 0.046168 0.037651 0.030342 0.023325 0.017398 0.012389 0.008736 0.005971 0.003980 0.002512 0.001513 0.000909 0.000525 0.000288 0.000162 0.000086 0.000038 0.000033 0.000013 0.000005 0.000002 0.000000 0.000000 0.000000 0.000000 0.000000 0.000000 0.000000 0.000000 
t: 0.015789473684 start: 65 end: 123 0.000001 0.000000 0.000000 0.000000 0.000009 0.000020 0.000045 0.000093 0.000199 0.000359 0.000653 0.001201 0.001845 0.003233 0.005207 0.007681 0.011092 0.015828 0.021603 0.028642 0.036271 0.043968 0.052037 0.059607 0.065864 0.070134 0.072905 0.072911 0.070129 0.065691 0.059225 0.052097 0.043976 0.035828 0.028865 0.021645 0.016268 0.011621 0.008217 0.005676 0.003613 0.002396 0.001414 0.000860 0.000508 0.000251 0.000143 0.000079 0.000044 0.000023 0.000017 0.000004 0.000001 0.000001 0.000000 0.000000 0.000000 0.000000 0.000000 
t: 0.015384615385 start: 66 end: 124 0.000001 0.000000 0.000000 0.000000 0.000006 0.000014 0.000034 0.000068 0.000116 0.000229 0.000509 0.000838 0.001406 0.002392 0.003914 0.005999 0.008691 0.012828 0.017583 0.023650 0.030766 0.038580 0.046533 0.053903 0.061153 0.067167 0.070578 0.071996 0.072058 0.068571 0.063573 0.056932 0.049723 0.041547 0.033764 0.026771 0.020531 0.015142 0.010814 0.007639 0.005230 0.003474 0.002188 0.001311 0.000777 0.000481 0.000234 0.000130 0.000075 0.000042 0.000021 0.000013 0.000004 0.000000 0.000000 0.000001 0.000000 0.000000 0.000000 
t: 0.015000000000 start: 67 end: 127 0.000001 0.000000 0.000000 0.000001 0.000001 0.000009 0.000026 0.000035 0.000088 0.000167 0.000313 0.000648 0.001093 0.001790 0.002935 0.004542 0.006878 0.010266 0.014292 0.019800 0.026250 0.033251 0.040687 0.048819 0.056159 0.062757 0.067550 0.071185 0.071937 0.070051 0.066445 0.061648 0.054882 0.046946 0.039042 0.031738 0.025067 0.019169 0.013860 0.009988 0.006993 0.004781 0.003160 0.001931 0.001237 0.000719 0.000380 0.000221 0.000128 0.000065 0.000039 0.000018 0.000005 0.000003 0.000004 0.000000 0.000000 0.000000 0.000000 0.000000 0.000000 
t: 0.014634146341 start: 73 end: 131 0.000006 0.000014 0.000033 0.000052 0.000117 0.000224 0.000452 0.000839 0.001312 0.002218 0.003584 0.005494 0.008196 0.011601 0.016476 0.022001 0.028608 0.035791 0.043088 0.051622 0.058101 0.063966 0.068833 0.070733 0.071506 0.068685 0.064524 0.059146 0.051961 0.044105 0.036881 0.029571 0.023052 0.017485 0.012888 0.009149 0.006360 0.004268 0.002795 0.001741 0.001133 0.000620 0.000359 0.000186 0.000101 0.000068 0.000029 0.000012 0.000010 0.000003 0.000001 0.000000 0.000000 0.000000 0.000000 0.000000 0.000000 0.000000 0.000000 
t: 0.014285714286 start: 74 end: 133 0.000002 0.000017 0.000023 0.000041 0.000084 0.000153 0.000329 0.000616 0.000996 0.001733 0.002700 0.004307 0.006624 0.009642 0.013496 0.018392 0.024542 0.031086 0.038618 0.046295 0.053608 0.060413 0.065313 0.069171 0.070585 0.069983 0.067172 0.062811 0.055739 0.049466 0.041467 0.034222 0.027528 0.021225 0.015925 0.011639 0.008307 0.005710 0.003804 0.002457 0.001596 0.000934 0.000542 0.000317 0.000172 0.000100 0.000045 0.000030 0.000013 0.000006 0.000002 0.000002 0.000000 0.000000 0.000000 0.000000 0.000000 0.000000 0.000000 0.000000 
t: 0.013953488372 start: 75 end: 135 0.000007 0.000006 0.000012 0.000032 0.000068 0.000118 0.000247 0.000446 0.000767 0.001302 0.002129 0.003377 0.005263 0.007850 0.011364 0.015351 0.020675 0.027202 0.033862 0.041756 0.049297 0.056023 0.062206 0.066301 0.069484 0.070380 0.068728 0.064952 0.059669 0.053414 0.046377 0.038891 0.031775 0.025358 0.019340 0.014167 0.010423 0.007487 0.005233 0.003299 0.002176 0.001309 0.000811 0.000485 0.000266 0.000154 0.000079 0.000041 0.000020 0.000012 0.000006 0.000002 0.000000 0.000001 0.000000 0.000000 0.000000 0.000000 0.000000 0.000000 0.000000 
t: 0.013636363636 start: 75 end: 136 0.000001 0.000006 0.000004 0.000006 0.000024 0.000057 0.000085 0.000175 0.000329 0.000574 0.000994 0.001691 0.002734 0.004147 0.006503 0.009304 0.013023 0.017774 0.023342 0.029980 0.037398 0.044446 0.051772 0.058494 0.063947 0.067781 0.068934 0.069364 0.067056 0.062819 0.057226 0.050499 0.042885 0.036381 0.029156 0.022776 0.017518 0.012855 0.009400 0.006474 0.004501 0.002950 0.001881 0.001108 0.000716 0.000399 0.000254 0.000109 0.000079 0.000032 0.000022 0.000010 0.000003 0.000002 0.000000 0.000000 0.000000 0.000000 0.000000 0.000000 0.000000 0.000000 
t: 0.013333333333 start: 76 end: 137 0.000003 0.000000 0.000002 0.000007 0.000018 0.000044 0.000061 0.000125 0.000249 0.000453 0.000755 0.001282 0.002193 0.003468 0.005256 0.007808 0.010853 0.015207 0.020412 0.026408 0.033217 0.040180 0.047593 0.054114 0.060909 0.065164 0.068068 0.069221 0.067807 0.065222 0.060468 0.054005 0.047423 0.040426 0.033218 0.026258 0.020704 0.015634 0.011497 0.008133 0.005744 0.003920 0.002493 0.001627 0.001011 0.000618 0.000320 0.000183 0.000108 0.000054 0.000033 0.000013 0.000005 0.000005 0.000001 0.000000 0.000000 0.000000 0.000000 0.000000 0.000000 0.000000 
t: 0.013043478261 start: 77 end: 140 0.000001 0.000001 0.000003 0.000004 0.000019 0.000028 0.000042 0.000104 0.000186 0.000327 0.000646 0.001028 0.001759 0.002789 0.004198 0.006523 0.009241 0.013093 0.017649 0.023323 0.029306 0.036365 0.043453 0.050742 0.056942 0.062528 0.066174 0.068311 0.068342 0.066565 0.062991 0.057310 0.051384 0.044194 0.036927 0.030067 0.024045 0.018478 0.013866 0.010255 0.007154 0.004888 0.003194 0.002172 0.001445 0.000819 0.000512 0.000271 0.000165 0.000073 0.000051 0.000028 0.000013 0.000003 0.000002 0.000000 0.000001 0.000000 0.000000 0.000000 0.000000 0.000000 0.000000 0.000000 
t: 0.012765957447 start: 79 end: 141 0.000001 0.000000 0.000006 0.000009 0.000023 0.000035 0.000086 0.000161 0.000263 0.000494 0.000886 0.001404 0.002199 0.003562 0.005368 0.007986 0.011183 0.015159 0.020287 0.026318 0.032409 0.039922 0.046771 0.053557 0.059388 0.064219 0.066893 0.068344 0.067416 0.064815 0.059981 0.054462 0.048118 0.040437 0.033859 0.027491 0.021302 0.016454 0.012197 0.008842 0.006134 0.004144 0.002766 0.001863 0.001143 0.000721 0.000421 0.000226 0.000143 0.000063 0.000036 0.000014 0.000007 0.000007 0.000004 0.000000 0.000001 0.000000 0.000000 0.000000 0.000000 0.000000 0.000000 
t: 0.012500000000 start: 79 end: 143 0.000001 0.000000 0.000001 0.000001 0.000008 0.000018 0.000030 0.000066 0.000124 0.000243 0.000376 0.000711 0.001137 0.001812 0.002919 0.004502 0.006732 0.009674 0.013213 0.017775 0.023216 0.029645 0.036182 0.042879 0.050296 0.056384 0.061333 0.065240 0.067807 0.067864 0.065753 0.062202 0.057203 0.050822 0.044419 0.037821 0.030459 0.024784 0.018760 0.014486 0.010610 0.007546 0.005170 0.003620 0.002337 0.001543 0.000975 0.000575 0.000310 0.000193 0.000112 0.000059 0.000026 0.000014 0.000004 0.000003 0.000004 0.000001 0.000000 0.000000 0.000000 0.000000 0.000000 0.000000 0.000000 
t: 0.012244897959 start: 82 end: 145 0.000002 0.000003 0.000003 0.000007 0.000028 0.000044 0.000107 0.000177 0.000323 0.000583 0.000924 0.001492 0.002487 0.003761 0.005649 0.008255 0.011465 0.015669 0.020715 0.026254 0.033143 0.039806 0.046635 0.053182 0.058883 0.063491 0.065656 0.067896 0.066877 0.064037 0.059284 0.054094 0.047480 0.040800 0.034230 0.027670 0.021711 0.016678 0.012544 0.009096 0.006391 0.004395 0.002972 0.002029 0.001207 0.000812 0.000459 0.000277 0.000146 0.000091 0.000039 0.000022 0.000009 0.000006 0.000003 0.000000 0.000000 0.000000 0.000001 0.000000 0.000000 0.000000 0.000000 0.000000 
t: 0.012000000000 start: 82 end: 144 0.000001 0.000000 0.000000 0.000006 0.000006 0.000018 0.000034 0.000066 0.000167 0.000283 0.000476 0.000734 0.001272 0.002091 0.003157 0.004892 0.007053 0.010004 0.013595 0.018313 0.023884 0.029759 0.036752 0.043740 0.050031 0.056269 0.061221 0.064489 0.066893 0.066774 0.065299 0.061441 0.056407 0.050248 0.044176 0.037388 0.030535 0.024512 0.019331 0.014632 0.010529 0.007806 0.005396 0.003649 0.002507 0.001639 0.001069 0.000597 0.000381 0.000213 0.000143 0.000060 0.000028 0.000019 0.000012 0.000002 0.000000 0.000000 0.000000 0.000001 0.000000 0.000000 0.000000 
t: 0.011764705882 start: 85 end: 149 0.000001 0.000005 0.000004 0.000016 0.000023 0.000070 0.000115 0.000230 0.000363 0.000650 0.001061 0.001711 0.002735 0.004329 0.006052 0.008744 0.012253 0.016381 0.021144 0.027356 0.033423 0.040365 0.047387 0.053319 0.058716 0.062899 0.065855 0.067035 0.065755 0.063005 0.058298 0.053113 0.046931 0.040085 0.033736 0.027311 0.021846 0.016587 0.012570 0.009147 0.006399 0.004641 0.003044 0.002001 0.001346 0.000804 0.000460 0.000316 0.000178 0.000088 0.000042 0.000030 0.000015 0.000006 0.000001 0.000002 0.000000 0.000001 0.000000 0.000000 0.000000 0.000000 0.000000 0.000000 0.000000 
t: 0.011538461538 start: 86 end: 150 0.000001 0.000004 0.000001 0.000011 0.000022 0.000051 0.000096 0.000192 0.000296 0.000555 0.000893 0.001483 0.002378 0.003654 0.005216 0.007751 0.010841 0.014610 0.019215 0.024905 0.030621 0.037540 0.044380 0.050549 0.056493 0.060843 0.064478 0.066413 0.065938 0.063877 0.060619 0.055573 0.049200 0.043017 0.036641 0.030073 0.023976 0.019023 0.014320 0.010585 0.007680 0.005511 0.003764 0.002565 0.001606 0.000998 0.000667 0.000391 0.000207 0.000121 0.000070 0.000050 0.000021 0.000007 0.000004 0.000002 0.000002 0.000000 0.000000 0.000000 0.000000 0.000000 0.000000 0.000000 0.000000 
t: 0.011320754717 start: 86 end: 151 0.000001 0.000002 0.000001 0.000004 0.000006 0.000015 0.000037 0.000087 0.000164 0.000258 0.000468 0.000754 0.001218 0.002035 0.003202 0.004587 0.006827 0.009519 0.013288 0.017351 0.022556 0.028176 0.034980 0.041265 0.048144 0.053825 0.058972 0.062947 0.065548 0.065957 0.064853 0.061834 0.057087 0.051630 0.045899 0.039317 0.032601 0.026456 0.021200 0.016425 0.012197 0.008990 0.006518 0.004375 0.003079 0.002078 0.001301 0.000782 0.000527 0.000292 0.000162 0.000104 0.000046 0.000024 0.000015 0.000007 0.000004 0.000003 0.000000 0.000000 0.000000 0.000000 0.000000 0.000000 0.000000 0.000000 
t: 0.011111111111 start: 87 end: 153 0.000001 0.000000 0.000004 0.000002 0.000001 0.000014 0.000040 0.000057 0.000146 0.000224 0.000418 0.000635 0.001022 0.001746 0.002733 0.004167 0.006052 0.008573 0.011754 0.015763 0.020533 0.026170 0.032578 0.038731 0.045285 0.051421 0.056975 0.061079 0.064384 0.065654 0.065246 0.062915 0.059088 0.053703 0.047842 0.041636 0.035345 0.029100 0.023352 0.018367 0.013641 0.010399 0.007554 0.005326 0.003698 0.002492 0.001617 0.001013 0.000598 0.000390 0.000225 0.000142 0.000066 0.000042 0.000016 0.000014 0.000004 0.000002 0.000004 0.000001 0.000000 0.000000 0.000000 0.000000 0.000000 0.000000 0.000000 
t: 0.010909090909 start: 90 end: 155 0.000003 0.000001 0.000003 0.000014 0.000020 0.000057 0.000109 0.000203 0.000343 0.000536 0.000905 0.001503 0.002413 0.003718 0.005336 0.007523 0.010560 0.014391 0.018789 0.024325 0.030071 0.036590 0.042929 0.049117 0.054628 0.059478 0.062978 0.065134 0.064946 0.063782 0.060681 0.055581 0.050177 0.043741 0.037656 0.031332 0.025713 0.020135 0.015625 0.011652 0.008761 0.006099 0.004329 0.002952 0.002030 0.001225 0.000759 0.000483 0.000283 0.000166 0.000107 0.000052 0.000027 0.000013 0.000009 0.000002 0.000004 0.000001 0.000000 0.000000 0.000000 0.000000 0.000000 0.000000 0.000000 0.000000 
t: 0.010714285714 start: 92 end: 156 0.000004 0.000001 0.000015 0.000024 0.000058 0.000076 0.000160 0.000266 0.000500 0.000836 0.001297 0.002049 0.003272 0.004857 0.006788 0.009575 0.013176 0.017337 0.022226 0.027879 0.034579 0.040445 0.046931 0.052489 0.057812 0.061542 0.064274 0.064721 0.064382 0.061100 0.057397 0.051940 0.046269 0.040033 0.033673 0.027783 0.022075 0.017221 0.013282 0.009820 0.007109 0.005031 0.003393 0.002372 0.001569 0.000931 0.000580 0.000342 0.000230 0.000126 0.000074 0.000033 0.000022 0.000015 0.000004 0.000003 0.000000 0.000002 0.000000 0.000000 0.000000 0.000000 0.000000 0.000000 0.000000 
t: 0.010526315789 start: 93 end: 158 0.000002 0.000005 0.000010 0.000023 0.000044 0.000069 0.000136 0.000227 0.000437 0.000701 0.001165 0.001849 0.002986 0.004134 0.006310 0.008800 0.011905 0.015900 0.020742 0.025995 0.032087 0.038460 0.044752 0.050592 0.056073 0.059971 0.063121 0.064993 0.063986 0.062237 0.058387 0.053899 0.048212 0.042100 0.035816 0.029785 0.024099 0.019166 0.014706 0.010979 0.008003 0.005756 0.003932 0.002723 0.001791 0.001142 0.000703 0.000443 0.000280 0.000156 0.000099 0.000054 0.000023 0.000018 0.000011 0.000002 0.000002 0.000001 0.000000 0.000000 0.000000 0.000000 0.000000 0.000000 0.000000 0.000000 
t: 0.010344827586 start: 94 end: 160 0.000001 0.000004 0.000011 0.000018 0.000039 0.000053 0.000115 0.000213 0.000384 0.000637 0.001063 0.001612 0.002560 0.003818 0.005526 0.008106 0.010976 0.014618 0.019060 0.024403 0.029897 0.036651 0.042929 0.048967 0.054127 0.058513 0.062008 0.063961 0.064213 0.062719 0.059773 0.055420 0.049998 0.043920 0.037922 0.031672 0.026062 0.020792 0.016055 0.012220 0.009210 0.006445 0.004583 0.003093 0.002134 0.001303 0.000856 0.000564 0.000301 0.000219 0.000109 0.000059 0.000045 0.000025 0.000009 0.000006 0.000001 0.000001 0.000001 0.000000 0.000000 0.000000 0.000000 0.000000 0.000000 0.000000 0.000000 
t: 0.010169491525 start: 96 end: 160 0.000002 0.000012 0.000016 0.000027 0.000062 0.000100 0.000181 0.000338 0.000531 0.000935 0.001498 0.002297 0.003406 0.005088 0.007359 0.010295 0.013520 0.017710 0.022632 0.028349 0.034952 0.040636 0.047249 0.052585 0.056796 0.060929 0.063308 0.064087 0.062715 0.060637 0.056499 0.051761 0.046047 0.039794 0.033781 0.027729 0.022288 0.017514 0.013489 0.009993 0.007412 0.005203 0.003645 0.002406 0.001581 0.001003 0.000648 0.000377 0.000251 0.000130 0.000097 0.000055 0.000019 0.000013 0.000007 0.000004 0.000002 0.000000 0.000000 0.000000 0.000000 0.000000 0.000000 0.000000 0.000000 
t: 0.010000000000 start: 97 end: 162 0.000005 0.000006 0.000017 0.000024 0.000058 0.000090 0.000181 0.000296 0.000484 0.000829 0.001359 0.002023 0.003143 0.004684 0.006724 0.009465 0.012792 0.016448 0.021287 0.026620 0.032921 0.039227 0.044994 0.050939 0.055942 0.059981 0.062154 0.063465 0.063018 0.061381 0.057661 0.053150 0.047579 0.041731 0.035313 0.029633 0.023902 0.018870 0.014659 0.011139 0.008078 0.005901 0.004122 0.002801 0.001809 0.001190 0.000763 0.000451 0.000280 0.000179 0.000107 0.000054 0.000033 0.000018 0.000010 0.000005 0.000003 0.000002 0.000000 0.000000 0.000000 0.000000 0.000000 0.000000 0.000000 0.000000 
t: 0.008448275866 start: 107 end: 176 0.000001 0.000003 0.000002 0.000003 0.000019 0.000020 0.000041 0.000094 0.000136 0.000247 0.000404 0.000676 0.001093 0.001648 0.002519 0.003669 0.005141 0.007204 0.009773 0.013153 0.016987 0.021598 0.026583 0.032062 0.037990 0.043040 0.048837 0.053514 0.056867 0.060118 0.060984 0.060822 0.059199 0.056336 0.052921 0.047775 0.042583 0.036990 0.031050 0.025636 0.020693 0.016384 0.012653 0.009357 0.007162 0.005181 0.003637 0.002592 0.001699 0.001125 0.000705 0.000409 0.000294 0.000169 0.000080 0.000051 0.000034 0.000017 0.000010 0.000004 0.000004 0.000002 0.000000 0.000000 0.000000 0.000000 0.000000 0.000000 0.000000 0.000000 
t: 0.007313432839 start: 117 end: 188 0.000001 0.000001 0.000004 0.000005 0.000005 0.000018 0.000029 0.000066 0.000093 0.000137 0.000257 0.000412 0.000638 0.001047 0.001627 0.002329 0.003354 0.004803 0.006671 0.009134 0.011954 0.015588 0.019545 0.024295 0.029075 0.034233 0.039786 0.044863 0.049752 0.054103 0.057387 0.059150 0.059518 0.058764 0.057075 0.054004 0.049638 0.044909 0.039854 0.034198 0.028951 0.024128 0.019416 0.015552 0.012022 0.009079 0.006759 0.005090 0.003534 0.002470 0.001676 0.001127 0.000722 0.000441 0.000285 0.000193 0.000099 0.000061 0.000037 0.000013 0.000016 0.000003 0.000001 0.000003 0.000000 0.000000 0.000000 0.000000 0.000000 0.000000 0.000000 0.000000 
t: 0.006447368423 start: 127 end: 198 0.000002 0.000001 0.000004 0.000005 0.000012 0.000011 0.000043 0.000054 0.000100 0.000167 0.000277 0.000463 0.000728 0.001139 0.001622 0.002407 0.003483 0.004938 0.006706 0.008816 0.011706 0.015222 0.019061 0.023369 0.028439 0.033082 0.038337 0.043722 0.048252 0.052235 0.055322 0.057452 0.058348 0.058034 0.055802 0.053490 0.050761 0.045968 0.041194 0.035592 0.030129 0.025418 0.020740 0.016991 0.013209 0.010523 0.007735 0.005714 0.004202 0.002972 0.002025 0.001482 0.000929 0.000596 0.000378 0.000236 0.000149 0.000094 0.000048 0.000028 0.000020 0.000008 0.000007 0.000000 0.000001 0.000000 0.000000 0.000000 0.000000 0.000000 0.000000 0.000000 
t: 0.005764705884 start: 134 end: 209 0.000001 0.000000 0.000001 0.000003 0.000003 0.000006 0.000015 0.000018 0.000045 0.000081 0.000111 0.000209 0.000345 0.000523 0.000812 0.001189 0.001708 0.002496 0.003574 0.005041 0.006720 0.009067 0.011771 0.015232 0.018822 0.023259 0.027873 0.032941 0.037705 0.042656 0.047152 0.051510 0.054098 0.056521 0.057556 0.057202 0.055818 0.053303 0.049789 0.045735 0.041152 0.036275 0.031009 0.026568 0.021971 0.017627 0.014188 0.010744 0.008363 0.006221 0.004691 0.003299 0.002470 0.001578 0.001084 0.000667 0.000472 0.000265 0.000207 0.000092 0.000059 0.000037 0.000020 0.000014 0.000008 0.000003 0.000002 0.000002 0.000000 0.000001 0.000000 0.000000 0.000000 0.000000 0.000000 0.000000 
t: 0.005212765959 start: 143 end: 218 0.000001 0.000004 0.000005 0.000003 0.000007 0.000010 0.000024 0.000046 0.000079 0.000140 0.000180 0.000351 0.000546 0.000784 0.001222 0.001782 0.002590 0.003537 0.004964 0.006625 0.008766 0.011572 0.014911 0.018581 0.022639 0.027022 0.032107 0.036926 0.041864 0.046727 0.050428 0.052885 0.055651 0.056337 0.056185 0.055999 0.053105 0.050169 0.046004 0.041959 0.037326 0.031837 0.027494 0.022762 0.018638 0.015008 0.011566 0.009085 0.006861 0.004935 0.003803 0.002723 0.001812 0.001242 0.000787 0.000552 0.000341 0.000192 0.000127 0.000072 0.000046 0.000025 0.000014 0.000007 0.000004 0.000002 0.000001 0.000000 0.000000 0.000001 0.000000 0.000000 0.000000 0.000000 0.000000 0.000000 
t: 0.004757281555 start: 149 end: 227 0.000001 0.000001 0.000002 0.000001 0.000005 0.000007 0.000007 0.000023 0.000045 0.000075 0.000103 0.000196 0.000324 0.000506 0.000739 0.001126 0.001567 0.002295 0.003298 0.004596 0.006072 0.008177 0.010740 0.013747 0.017320 0.021106 0.025567 0.030662 0.035357 0.039744 0.044630 0.048716 0.051900 0.054415 0.055936 0.055944 0.055428 0.053864 0.051287 0.047706 0.043132 0.038753 0.033864 0.029018 0.024697 0.020095 0.016501 0.013077 0.010155 0.007861 0.005857 0.004360 0.003098 0.002150 0.001461 0.000957 0.000617 0.000454 0.000285 0.000163 0.000086 0.000048 0.000028 0.000022 0.000007 0.000009 0.000003 0.000003 0.000002 0.000001 0.000000 0.000000 0.000001 0.000000 0.000000 0.000000 0.000000 0.000000 0.000000 
t: 0.004375000001 start: 154 end: 231 0.000001 0.000000 0.000001 0.000000 0.000001 0.000003 0.000006 0.000011 0.000016 0.000029 0.000060 0.000090 0.000157 0.000252 0.000375 0.000567 0.000926 0.001310 0.001884 0.002712 0.003735 0.005104 0.006933 0.009185 0.011866 0.014817 0.018579 0.022937 0.026934 0.032123 0.036595 0.041194 0.045854 0.049212 0.052866 0.054628 0.055836 0.055927 0.054824 0.052903 0.049690 0.046277 0.041910 0.037243 0.032411 0.027355 0.023218 0.018956 0.015612 0.012367 0.009628 0.007155 0.005347 0.003894 0.002784 0.001907 0.001346 0.000894 0.000560 0.000401 0.000235 0.000150 0.000081 0.000054 0.000032 0.000018 0.000010 0.000007 0.000002 0.000001 0.000001 0.000001 0.000000 0.000000 0.000000 0.000000 0.000000 0.000000 
t: 0.004049586778 start: 163 end: 238 0.000001 0.000002 0.000004 0.000006 0.000011 0.000027 0.000039 0.000052 0.000080 0.000156 0.000217 0.000406 0.000604 0.000900 0.001278 0.001908 0.002738 0.003600 0.005115 0.006844 0.009164 0.011533 0.014945 0.018417 0.022285 0.027092 0.031376 0.036394 0.040815 0.044902 0.048951 0.052384 0.054648 0.055736 0.056028 0.054583 0.052789 0.050021 0.046069 0.042590 0.037383 0.032784 0.028017 0.023573 0.019386 0.015878 0.012584 0.009801 0.007369 0.005545 0.004009 0.002882 0.001995 0.001411 0.001019 0.000631 0.000390 0.000271 0.000149 0.000091 0.000055 0.000030 0.000014 0.000009 0.000006 0.000004 0.000003 0.000001 0.000000 0.000000 0.000000 0.000000 0.000000 0.000000 0.000000 0.000000 
t: 0.003769230770 start: 169 end: 244 0.000002 0.000004 0.000005 0.000011 0.000016 0.000025 0.000042 0.000069 0.000115 0.000212 0.000284 0.000477 0.000706 0.001078 0.001527 0.002243 0.003187 0.004421 0.005921 0.007666 0.010268 0.013087 0.016241 0.020231 0.024267 0.028867 0.033728 0.038211 0.043038 0.046600 0.050822 0.053159 0.055235 0.055818 0.055337 0.053627 0.051862 0.048504 0.044308 0.040063 0.035738 0.030737 0.026218 0.021598 0.017797 0.014488 0.011153 0.008524 0.006497 0.004865 0.003522 0.002436 0.001759 0.001225 0.000849 0.000502 0.000313 0.000205 0.000117 0.000067 0.000036 0.000028 0.000023 0.000007 0.000006 0.000002 0.000002 0.000002 0.000000 0.000000 0.000000 0.000000 0.000000 0.000000 0.000000 0.000000 
t: 0.003525179857 start: 174 end: 247 0.000002 0.000005 0.000004 0.000005 0.000020 0.000020 0.000034 0.000062 0.000099 0.000206 0.000289 0.000443 0.000702 0.001022 0.001533 0.002196 0.003108 0.004185 0.005807 0.007530 0.010152 0.012863 0.016177 0.019863 0.023817 0.028574 0.032876 0.037532 0.042430 0.046628 0.050225 0.052953 0.054602 0.055933 0.055221 0.054349 0.051952 0.048931 0.045080 0.040646 0.036354 0.031115 0.026436 0.022034 0.018051 0.014442 0.011496 0.008895 0.006729 0.004969 0.003590 0.002526 0.001786 0.001212 0.000851 0.000575 0.000330 0.000224 0.000117 0.000082 0.000047 0.000030 0.000018 0.000008 0.000005 0.000002 0.000000 0.000000 0.000000 0.000000 0.000000 0.000000 0.000000 0.000000 
t: 0.003310810811 start: 178 end: 253 0.000001 0.000002 0.000005 0.000006 0.000010 0.000012 0.000025 0.000060 0.000069 0.000137 0.000204 0.000345 0.000490 0.000750 0.001167 0.001727 0.002455 0.003428 0.004682 0.006240 0.008364 0.010761 0.013698 0.017406 0.021116 0.025107 0.029578 0.034168 0.039364 0.043485 0.047625 0.051232 0.053929 0.055118 0.055976 0.055560 0.053580 0.051395 0.047656 0.043551 0.039130 0.034587 0.030208 0.025134 0.020685 0.016844 0.013562 0.010528 0.008179 0.006081 0.004542 0.003231 0.002229 0.001574 0.001081 0.000687 0.000498 0.000280 0.000182 0.000120 0.000078 0.000032 0.000024 0.000008 0.000005 0.000004 0.000002 0.000001 0.000000 0.000000 0.000000 0.000000 0.000000 0.000000 0.000000 0.000000 
t: 0.003121019109 start: 181 end: 256 0.000001 0.000000 0.000002 0.000001 0.000002 0.000009 0.000015 0.000028 0.000044 0.000062 0.000121 0.000178 0.000298 0.000410 0.000667 0.001003 0.001515 0.002191 0.003128 0.004095 0.005752 0.007468 0.009872 0.012755 0.015884 0.019607 0.023763 0.028053 0.032886 0.037626 0.042208 0.046218 0.050502 0.052656 0.054727 0.055829 0.055907 0.054435 0.052201 0.049391 0.045294 0.040839 0.036251 0.031529 0.026488 0.022155 0.018199 0.014598 0.011595 0.008851 0.006588 0.004942 0.003530 0.002505 0.001814 0.001155 0.000796 0.000512 0.000343 0.000192 0.000149 0.000083 0.000037 0.000018 0.000012 0.000008 0.000003 0.000002 0.000002 0.000000 0.000000 0.000000 0.000000 0.000000 0.000000 0.000000 
t: 0.002951807229 start: 187 end: 261 0.000002 0.000001 0.000005 0.000009 0.000012 0.000023 0.000042 0.000067 0.000107 0.000175 0.000260 0.000458 0.000671 0.001014 0.001455 0.001994 0.002959 0.004273 0.005681 0.007447 0.009638 0.012643 0.015775 0.019505 0.023791 0.028258 0.032703 0.037295 0.042042 0.046392 0.049654 0.052748 0.055059 0.056131 0.055852 0.054698 0.052513 0.049675 0.045316 0.041178 0.035956 0.031811 0.026859 0.022396 0.018246 0.014540 0.011542 0.008669 0.006516 0.005012 0.003479 0.002487 0.001771 0.001142 0.000737 0.000473 0.000366 0.000189 0.000131 0.000073 0.000039 0.000017 0.000013 0.000006 0.000007 0.000000 0.000001 0.000001 0.000000 0.000000 0.000000 0.000000 0.000000 0.000000 0.000000 
t: 0.002800000000 start: 190 end: 263 0.000001 0.000001 0.000000 0.000007 0.000011 0.000011 0.000027 0.000042 0.000061 0.000127 0.000185 0.000310 0.000499 0.000667 0.001121 0.001609 0.002344 0.003259 0.004428 0.005903 0.007942 0.010450 0.013132 0.016563 0.020485 0.025027 0.029504 0.033902 0.038751 0.043364 0.047112 0.050777 0.053744 0.055258 0.056425 0.056022 0.054470 0.051889 0.048478 0.044297 0.039984 0.035310 0.030337 0.025574 0.021187 0.017043 0.013696 0.010588 0.007979 0.006041 0.004495 0.003068 0.002208 0.001472 0.001051 0.000632 0.000476 0.000255 0.000169 0.000111 0.000053 0.000032 0.000015 0.000009 0.000007 0.000001 0.000002 0.000000 0.000000 0.000000 0.000000 0.000000 0.000000 0.000000 
t: 0.002663043479 start: 194 end: 267 0.000001 0.000001 0.000003 0.000008 0.000008 0.000024 0.000027 0.000045 0.000087 0.000171 0.000213 0.000375 0.000614 0.000864 0.001295 0.001915 0.002697 0.003665 0.005094 0.006929 0.009024 0.011756 0.014962 0.018467 0.022788 0.026908 0.031787 0.036667 0.041186 0.045662 0.049140 0.052632 0.054796 0.055743 0.056582 0.055446 0.053424 0.050603 0.046698 0.042536 0.037265 0.032581 0.027834 0.023130 0.018977 0.015237 0.011749 0.009185 0.006986 0.004917 0.003681 0.002575 0.001778 0.001187 0.000751 0.000513 0.000334 0.000200 0.000121 0.000074 0.000042 0.000022 0.000006 0.000006 0.000003 0.000003 0.000000 0.000000 0.000000 0.000000 0.000000 0.000000 0.000000 0.000000 
t: 0.002538860104 start: 196 end: 270 0.000001 0.000001 0.000000 0.000002 0.000002 0.000008 0.000016 0.000035 0.000045 0.000074 0.000131 0.000200 0.000317 0.000518 0.000756 0.001171 0.001679 0.002336 0.003424 0.004680 0.006451 0.008473 0.010722 0.014054 0.017465 0.021237 0.025678 0.030752 0.035250 0.040235 0.044616 0.048465 0.052121 0.054334 0.056149 0.056459 0.056104 0.054431 0.051811 0.047789 0.043260 0.038912 0.033996 0.028816 0.024226 0.020112 0.015822 0.012504 0.009771 0.007280 0.005362 0.003831 0.002670 0.001965 0.001258 0.000835 0.000563 0.000342 0.000207 0.000120 0.000073 0.000038 0.000018 0.000013 0.000005 0.000004 0.000003 0.000002 0.000000 0.000000 0.000000 0.000000 0.000000 0.000000 0.000000 
t: 0.002425742574 start: 199 end: 272 0.000001 0.000001 0.000000 0.000002 0.000001 0.000003 0.000012 0.000035 0.000040 0.000072 0.000112 0.000180 0.000304 0.000485 0.000720 0.001114 0.001606 0.002398 0.003226 0.004527 0.006277 0.008278 0.010682 0.013802 0.017202 0.020928 0.025325 0.030158 0.035214 0.039998 0.044417 0.048696 0.051962 0.054513 0.056495 0.057114 0.056204 0.054596 0.051799 0.048170 0.043822 0.038884 0.034309 0.029358 0.024517 0.019900 0.015708 0.012692 0.009645 0.007398 0.005310 0.003827 0.002602 0.001903 0.001317 0.000786 0.000547 0.000324 0.000216 0.000113 0.000062 0.000038 0.000023 0.000015 0.000011 0.000002 0.000002 0.000000 0.000000 0.000000 0.000000 0.000000 0.000000 0.000000 
t: 0.002322274882 start: 203 end: 275 0.000001 0.000000 0.000001 0.000006 0.000005 0.000013 0.000029 0.000039 0.000066 0.000126 0.000197 0.000307 0.000503 0.000775 0.001077 0.001724 0.002396 0.003388 0.004755 0.006332 0.008422 0.010931 0.014192 0.017573 0.021372 0.026152 0.031041 0.035449 0.040603 0.045326 0.049691 0.052735 0.054994 0.056505 0.057262 0.056392 0.054712 0.051294 0.047494 0.043178 0.039121 0.033072 0.028735 0.023555 0.019196 0.015421 0.012015 0.009150 0.006824 0.005042 0.003532 0.002561 0.001645 0.001166 0.000753 0.000447 0.000320 0.000154 0.000106 0.000061 0.000029 0.000019 0.000006 0.000006 0.000005 0.000001 0.000000 0.000000 0.000000 0.000000 0.000000 0.000000 0.000000 
t: 0.002227272727 start: 207 end: 279 0.000003 0.000002 0.000003 0.000009 0.000015 0.000032 0.000057 0.000068 0.000134 0.000236 0.000352 0.000520 0.000832 0.001255 0.001917 0.002675 0.003638 0.005046 0.006860 0.009055 0.011775 0.015022 0.018810 0.022963 0.027256 0.032327 0.037176 0.042178 0.046636 0.050906 0.053514 0.056358 0.057200 0.057405 0.056233 0.053604 0.050482 0.046674 0.041961 0.036734 0.032037 0.026818 0.022410 0.017865 0.014063 0.011020 0.008158 0.006167 0.004421 0.003017 0.002154 0.001453 0.000952 0.000603 0.000397 0.000225 0.000139 0.000087 0.000043 0.000023 0.000009 0.000008 0.000006 0.000001 0.000001 0.000000 0.000000 0.000000 0.000000 0.000000 0.000000 0.000000 0.000000 
t: 0.002139737991 start: 208 end: 280 0.000001 0.000001 0.000001 0.000003 0.000008 0.000011 0.000023 0.000029 0.000054 0.000096 0.000179 0.000259 0.000405 0.000636 0.001000 0.001447 0.002105 0.003077 0.004229 0.005701 0.007866 0.010258 0.013123 0.016560 0.020632 0.024898 0.029828 0.034553 0.039655 0.044010 0.048659 0.052823 0.054983 0.057307 0.057619 0.057200 0.055411 0.052704 0.048775 0.044527 0.039543 0.034678 0.029455 0.024668 0.019947 0.016077 0.012554 0.009353 0.007116 0.005068 0.003581 0.002511 0.001753 0.001108 0.000784 0.000441 0.000312 0.000168 0.000113 0.000056 0.000026 0.000018 0.000007 0.000006 0.000001 0.000000 0.000000 0.000000 0.000000 0.000000 0.000000 0.000000 0.000000 
t: 0.002058823530 start: 211 end: 283 0.000001 0.000001 0.000003 0.000005 0.000004 0.000013 0.000033 0.000048 0.000075 0.000130 0.000214 0.000309 0.000517 0.000795 0.001247 0.001778 0.002612 0.003689 0.005052 0.006867 0.009036 0.012020 0.015047 0.018615 0.023212 0.027987 0.032706 0.037502 0.042418 0.047237 0.051352 0.054368 0.057059 0.058022 0.057717 0.056475 0.054333 0.050525 0.046553 0.041549 0.036722 0.031277 0.026218 0.021698 0.017491 0.013474 0.010511 0.007681 0.005638 0.004029 0.002791 0.001926 0.001276 0.000823 0.000550 0.000323 0.000175 0.000142 0.000055 0.000037 0.000021 0.000010 0.000002 0.000002 0.000002 0.000000 0.000000 0.000000 0.000000 0.000000 0.000000 0.000000 0.000000 
t: 0.001983805668 start: 214 end: 285 0.000001 0.000000 0.000002 0.000008 0.000015 0.000022 0.000039 0.000060 0.000109 0.000182 0.000277 0.000440 0.000679 0.001051 0.001567 0.002353 0.003360 0.004505 0.006326 0.008407 0.011042 0.013848 0.017697 0.022058 0.026399 0.031300 0.036245 0.041611 0.046537 0.050680 0.053974 0.056290 0.058030 0.058571 0.057068 0.054965 0.051847 0.047752 0.043230 0.037889 0.032646 0.027702 0.022635 0.018118 0.014270 0.011025 0.008266 0.005889 0.004376 0.002964 0.001966 0.001375 0.000909 0.000595 0.000361 0.000207 0.000122 0.000072 0.000031 0.000019 0.000008 0.000004 0.000002 0.000001 0.000001 0.000000 0.000000 0.000000 0.000000 0.000000 0.000000 0.000000 
t: 0.001914062500 start: 215 end: 286 0.000001 0.000000 0.000001 0.000001 0.000005 0.000010 0.000020 0.000035 0.000045 0.000095 0.000166 0.000263 0.000406 0.000616 0.000973 0.001416 0.002165 0.003086 0.004315 0.005968 0.008010 0.010365 0.013454 0.017282 0.020976 0.025730 0.030697 0.035531 0.040782 0.045889 0.050065 0.054099 0.056599 0.058178 0.058866 0.057545 0.055896 0.052537 0.048550 0.043941 0.038597 0.033295 0.028146 0.023233 0.018632 0.014619 0.011261 0.008404 0.006140 0.004342 0.002959 0.002077 0.001424 0.000899 0.000561 0.000374 0.000215 0.000088 0.000072 0.000051 0.000017 0.000009 0.000004 0.000001 0.000001 0.000000 0.000000 0.000000 0.000000 0.000000 0.000000 0.000000 
t: 0.001849056604 start: 218 end: 289 0.000001 0.000002 0.000002 0.000004 0.000013 0.000017 0.000029 0.000050 0.000073 0.000149 0.000246 0.000371 0.000612 0.000930 0.001366 0.002071 0.002925 0.004213 0.005708 0.007710 0.010263 0.013433 0.016972 0.020987 0.025327 0.030533 0.035516 0.040676 0.045605 0.050409 0.054035 0.057088 0.058598 0.058885 0.058146 0.056226 0.053001 0.048751 0.043998 0.038683 0.033317 0.028380 0.022944 0.018926 0.014596 0.011135 0.008338 0.005894 0.004364 0.002972 0.001974 0.001309 0.000940 0.000530 0.000311 0.000198 0.000120 0.000077 0.000030 0.000012 0.000002 0.000002 0.000003 0.000002 0.000000 0.000000 0.000000 0.000000 0.000000 0.000000 0.000000 0.000000 
t: 0.001788321168 start: 221 end: 290 0.000003 0.000004 0.000005 0.000006 0.000017 0.000034 0.000051 0.000078 0.000129 0.000229 0.000381 0.000646 0.000876 0.001440 0.002058 0.002988 0.004186 0.005776 0.007778 0.010385 0.013507 0.016903 0.021293 0.025682 0.030762 0.036001 0.041355 0.046182 0.050850 0.054737 0.056947 0.059113 0.059538 0.058420 0.055988 0.052769 0.048736 0.044014 0.038514 0.032901 0.027487 0.022631 0.018192 0.014261 0.010618 0.007831 0.005743 0.004072 0.002830 0.001889 0.001202 0.000787 0.000497 0.000293 0.000190 0.000096 0.000061 0.000020 0.000007 0.000006 0.000004 0.000001 0.000000 0.000000 0.000000 0.000000 0.000000 0.000000 0.000000 0.000000 
t: 0.001731448763 start: 222 end: 292 0.000001 0.000004 0.000004 0.000006 0.000007 0.000019 0.000032 0.000040 0.000084 0.000126 0.000293 0.000427 0.000583 0.000969 0.001468 0.002106 0.003055 0.004232 0.006049 0.008128 0.010657 0.013861 0.017548 0.022020 0.026383 0.031795 0.036881 0.042169 0.047732 0.051436 0.055281 0.057930 0.059588 0.059438 0.058618 0.056135 0.052715 0.047868 0.043121 0.037340 0.031954 0.026604 0.021585 0.017140 0.013387 0.009994 0.007212 0.005393 0.003730 0.002382 0.001696 0.001109 0.000668 0.000415 0.000270 0.000158 0.000081 0.000043 0.000013 0.000007 0.000007 0.000001 0.000002 0.000000 0.000000 0.000000 0.000000 0.000000 0.000000 0.000000 0.000000 
t: 0.001678082192 start: 224 end: 293 0.000003 0.000001 0.000004 0.000007 0.000015 0.000020 0.000029 0.000049 0.000083 0.000159 0.000298 0.000420 0.000648 0.001067 0.001484 0.002290 0.003299 0.004645 0.006361 0.008547 0.011559 0.014557 0.018561 0.023026 0.027869 0.032805 0.038374 0.043575 0.048798 0.053053 0.056612 0.058614 0.059911 0.060156 0.058131 0.055447 0.051268 0.047065 0.041583 0.036224 0.030389 0.025124 0.020284 0.015936 0.012227 0.009131 0.006567 0.004618 0.003326 0.002116 0.001388 0.000899 0.000562 0.000361 0.000220 0.000129 0.000051 0.000031 0.000012 0.000006 0.000004 0.000002 0.000000 0.000000 0.000000 0.000000 0.000000 0.000000 0.000000 0.000000 
t: 0.001627906977 start: 224 end: 293 0.000001 0.000000 0.000000 0.000001 0.000008 0.000009 0.000015 0.000023 0.000036 0.000055 0.000097 0.000195 0.000309 0.000472 0.000718 0.001108 0.001778 0.002538 0.003605 0.005038 0.006976 0.009435 0.012387 0.015802 0.019955 0.024480 0.029305 0.034826 0.040292 0.045950 0.050084 0.054518 0.057611 0.059659 0.060595 0.059911 0.057769 0.053984 0.050279 0.045543 0.039674 0.034009 0.028602 0.023505 0.018556 0.014314 0.010749 0.007953 0.005821 0.003999 0.002757 0.001778 0.001111 0.000756 0.000466 0.000268 0.000167 0.000073 0.000046 0.000011 0.000010 0.000004 0.000003 0.000001 0.000000 0.000000 0.000000 0.000000 0.000000 0.000000 
t: 0.001580645161 start: 225 end: 293 0.000001 0.000000 0.000000 0.000000 0.000004 0.000004 0.000012 0.000018 0.000023 0.000044 0.000081 0.000112 0.000194 0.000358 0.000542 0.000862 0.001316 0.001980 0.002869 0.003972 0.005789 0.007771 0.010473 0.013627 0.017350 0.021741 0.026390 0.031539 0.037137 0.042421 0.047980 0.052588 0.056308 0.059108 0.060415 0.060868 0.059132 0.056727 0.053092 0.048695 0.042876 0.037241 0.031779 0.026382 0.020865 0.016429 0.012547 0.009525 0.006854 0.004844 0.003234 0.002226 0.001400 0.000939 0.000567 0.000330 0.000220 0.000100 0.000054 0.000023 0.000012 0.000005 0.000004 0.000000 0.000000 0.000001 0.000000 0.000000 0.000000 
t: 0.001536050157 start: 226 end: 294 0.000001 0.000000 0.000000 0.000000 0.000002 0.000003 0.000007 0.000012 0.000013 0.000031 0.000050 0.000087 0.000162 0.000254 0.000415 0.000651 0.001050 0.001575 0.002202 0.003418 0.004685 0.006618 0.008938 0.011803 0.015105 0.019371 0.023731 0.028849 0.034315 0.039711 0.045576 0.050383 0.054933 0.057957 0.060171 0.060918 0.060768 0.058622 0.055438 0.050926 0.045973 0.040312 0.035012 0.028485 0.023284 0.018530 0.014324 0.010869 0.007906 0.005677 0.003809 0.002616 0.001745 0.001132 0.000637 0.000440 0.000231 0.000138 0.000066 0.000039 0.000016 0.000001 0.000006 0.000000 0.000000 0.000000 0.000001 0.000000 0.000000 
t: 0.001493902439 start: 229 end: 296 0.000001 0.000000 0.000000 0.000001 0.000002 0.000008 0.000012 0.000026 0.000035 0.000060 0.000115 0.000200 0.000302 0.000522 0.000870 0.001250 0.001898 0.002782 0.003991 0.005611 0.007502 0.010518 0.013300 0.017102 0.021709 0.026756 0.031706 0.037385 0.043025 0.048642 0.052789 0.057181 0.059746 0.061281 0.061367 0.059774 0.057431 0.053729 0.048137 0.042878 0.037109 0.031260 0.025652 0.020375 0.015797 0.012280 0.008824 0.006320 0.004428 0.003066 0.002055 0.001300 0.000790 0.000507 0.000293 0.000135 0.000093 0.000044 0.000018 0.000006 0.000003 0.000000 0.000000 0.000000 0.000000 0.000000 0.000001 0.000000 
t: 0.001454005935 start: 231 end: 298 0.000001 0.000000 0.000000 0.000001 0.000003 0.000011 0.000022 0.000031 0.000052 0.000077 0.000144 0.000269 0.000412 0.000680 0.000994 0.001580 0.002410 0.003383 0.004892 0.006617 0.009047 0.012179 0.015433 0.019701 0.024600 0.029767 0.035503 0.040805 0.046620 0.050762 0.056337 0.059346 0.061478 0.061923 0.060924 0.058770 0.055212 0.050471 0.045471 0.039216 0.033177 0.027495 0.022359 0.017372 0.013261 0.009743 0.007178 0.004938 0.003411 0.002280 0.001489 0.000890 0.000548 0.000318 0.000182 0.000119 0.000055 0.000028 0.000009 0.000002 0.000001 0.000000 0.000000 0.000000 0.000001 0.000000 0.000000 0.000000 
t: 0.001416184971 start: 234 end: 301 0.000002 0.000001 0.000000 0.000007 0.000014 0.000021 0.000041 0.000077 0.000119 0.000208 0.000334 0.000569 0.000859 0.001332 0.002035 0.002957 0.004327 0.005842 0.007835 0.011078 0.014108 0.018109 0.022851 0.028292 0.033269 0.039403 0.044427 0.050023 0.054673 0.058797 0.061567 0.062362 0.062020 0.059805 0.056656 0.052351 0.047274 0.041216 0.035156 0.029218 0.023622 0.018893 0.014275 0.010682 0.007617 0.005351 0.003812 0.002511 0.001625 0.000986 0.000614 0.000356 0.000206 0.000114 0.000052 0.000032 0.000010 0.000004 0.000001 0.000001 0.000000 0.000001 0.000000 0.000000 0.000000 0.000000 0.000000 0.000000 
t: 0.001380281690 start: 234 end: 302 0.000001 0.000000 0.000001 0.000001 0.000006 0.000008 0.000016 0.000028 0.000061 0.000095 0.000193 0.000259 0.000477 0.000745 0.001141 0.001754 0.002719 0.003814 0.005269 0.007241 0.009795 0.013090 0.016994 0.021323 0.026278 0.032038 0.037774 0.043404 0.048882 0.053795 0.058160 0.061067 0.062838 0.062239 0.061018 0.057897 0.054192 0.048754 0.042429 0.036953 0.030838 0.024955 0.019769 0.015409 0.011174 0.008236 0.005834 0.003993 0.002749 0.001694 0.001115 0.000622 0.000401 0.000222 0.000126 0.000065 0.000023 0.000017 0.000004 0.000001 0.000003 0.000001 0.000000 0.000000 0.000000 0.000000 0.000000 0.000000 0.000000 
t: 0.001346153846 start: 236 end: 302 0.000001 0.000001 0.000000 0.000004 0.000005 0.000013 0.000021 0.000040 0.000099 0.000134 0.000269 0.000376 0.000654 0.001100 0.001590 0.002233 0.003457 0.004777 0.006631 0.009397 0.012186 0.015765 0.020130 0.025149 0.030631 0.036624 0.042462 0.047848 0.053149 0.057544 0.060717 0.062414 0.062815 0.061941 0.059319 0.055450 0.049980 0.043852 0.038436 0.031811 0.025894 0.020890 0.015841 0.011798 0.008689 0.006255 0.004211 0.002845 0.001879 0.001102 0.000651 0.000425 0.000254 0.000125 0.000052 0.000039 0.000018 0.000001 0.000002 0.000004 0.000000 0.000000 0.000000 0.000000 0.000000 0.000000 0.000000 
t: 0.001313672922 start: 237 end: 303 0.000001 0.000001 0.000000 0.000004 0.000006 0.000011 0.000016 0.000034 0.000071 0.000123 0.000241 0.000330 0.000637 0.000918 0.001433 0.002098 0.003074 0.004454 0.006353 0.008705 0.011347 0.015105 0.019187 0.024218 0.029559 0.035645 0.041351 0.047017 0.052802 0.057455 0.060366 0.062584 0.063013 0.062829 0.060250 0.056171 0.050859 0.045488 0.039125 0.032565 0.027035 0.021330 0.016576 0.012257 0.008948 0.006405 0.004371 0.002984 0.001883 0.001125 0.000707 0.000435 0.000240 0.000130 0.000073 0.000031 0.000011 0.000006 0.000006 0.000001 0.000000 0.000000 0.000000 0.000000 0.000000 0.000000 0.000000 
t: 0.001282722513 start: 238 end: 304 0.000001 0.000000 0.000001 0.000002 0.000007 0.000008 0.000012 0.000038 0.000064 0.000106 0.000194 0.000341 0.000556 0.000880 0.001310 0.001923 0.002800 0.004142 0.005967 0.008160 0.011070 0.014405 0.018581 0.023476 0.028994 0.034722 0.040418 0.046600 0.052277 0.056902 0.060482 0.062823 0.063801 0.063346 0.060746 0.056970 0.051746 0.046235 0.039684 0.033541 0.027429 0.022099 0.016928 0.012409 0.009025 0.006613 0.004442 0.002984 0.001936 0.001172 0.000696 0.000429 0.000255 0.000138 0.000060 0.000026 0.000012 0.000012 0.000003 0.000001 0.000000 0.000000 0.000000 0.000000 0.000000 0.000000 0.000000 
t: 0.001253196931 start: 239 end: 304 0.000001 0.000000 0.000000 0.000003 0.000004 0.000010 0.000019 0.000024 0.000056 0.000103 0.000182 0.000306 0.000510 0.000819 0.001207 0.001823 0.002725 0.004000 0.005562 0.007701 0.010636 0.014100 0.018012 0.023304 0.028293 0.033858 0.040265 0.046488 0.051538 0.056833 0.060801 0.063249 0.064224 0.063869 0.061090 0.057711 0.052192 0.046818 0.040390 0.033674 0.027874 0.022239 0.016972 0.012670 0.009161 0.006509 0.004535 0.003028 0.001838 0.001160 0.000721 0.000395 0.000241 0.000148 0.000051 0.000031 0.000014 0.000008 0.000004 0.000001 0.000000 0.000000 0.000000 0.000000 0.000000 0.000000 
t: 0.001225000000 start: 239 end: 304 0.000001 0.000000 0.000000 0.000001 0.000000 0.000006 0.000009 0.000016 0.000034 0.000041 0.000105 0.000156 0.000264 0.000481 0.000804 0.001172 0.001738 0.002552 0.003791 0.005437 0.007490 0.010277 0.013782 0.017913 0.022848 0.028049 0.033840 0.039954 0.045933 0.051994 0.056997 0.060923 0.063310 0.064464 0.064398 0.061567 0.057672 0.052876 0.047258 0.040388 0.034048 0.027977 0.022332 0.016966 0.012660 0.009170 0.006501 0.004384 0.002902 0.001822 0.001147 0.000695 0.000414 0.000229 0.000102 0.000057 0.000027 0.000015 0.000008 0.000002 0.000000 0.000001 0.000000 0.000000 0.000000 0.000000 
t: 0.001198044010 start: 242 end: 307 0.000001 0.000000 0.000004 0.000002 0.000008 0.000016 0.000026 0.000050 0.000092 0.000148 0.000266 0.000474 0.000746 0.001121 0.001712 0.002456 0.003664 0.005319 0.007480 0.010207 0.013819 0.017667 0.022727 0.028056 0.033545 0.039815 0.046284 0.051867 0.057293 0.061290 0.064068 0.064839 0.064196 0.061916 0.058056 0.053208 0.047442 0.040330 0.033952 0.027947 0.021928 0.016755 0.012575 0.009022 0.006225 0.004284 0.002810 0.001764 0.001092 0.000639 0.000392 0.000191 0.000117 0.000049 0.000023 0.000013 0.000010 0.000001 0.000001 0.000000 0.000000 0.000000 0.000000 0.000000 0.000000 0.000000 
t: 0.001172248804 start: 243 end: 308 0.000001 0.000002 0.000001 0.000002 0.000011 0.000009 0.000027 0.000053 0.000079 0.000151 0.000263 0.000458 0.000741 0.001116 0.001611 0.002465 0.003612 0.005307 0.007397 0.010226 0.013668 0.017824 0.022759 0.028036 0.033640 0.040451 0.046554 0.052212 0.057615 0.061391 0.064413 0.065617 0.064046 0.062360 0.058500 0.053190 0.047150 0.040397 0.033775 0.027311 0.021475 0.016357 0.012181 0.008684 0.006093 0.004112 0.002642 0.001694 0.001015 0.000602 0.000328 0.000182 0.000106 0.000042 0.000028 0.000009 0.000007 0.000002 0.000000 0.000000 0.000000 0.000000 0.000000 0.000000 0.000000 0.000000 
t: 0.001147540984 start: 243 end: 308 0.000001 0.000000 0.000001 0.000002 0.000002 0.000006 0.000013 0.000030 0.000048 0.000083 0.000148 0.000259 0.000457 0.000726 0.001135 0.001583 0.002455 0.003587 0.005424 0.007410 0.010317 0.013741 0.018143 0.022795 0.028215 0.034191 0.041018 0.046880 0.053269 0.057984 0.062151 0.064680 0.065612 0.064826 0.062356 0.058397 0.052779 0.047205 0.039609 0.033207 0.026751 0.020903 0.015778 0.011629 0.008444 0.005776 0.003902 0.002468 0.001529 0.000904 0.000533 0.000300 0.000157 0.000097 0.000050 0.000016 0.000011 0.000003 0.000004 0.000000 0.000000 0.000000 0.000000 0.000000 0.000000 0.000000 
t: 0.001123853211 start: 243 end: 308 0.000001 0.000000 0.000000 0.000001 0.000002 0.000002 0.000008 0.000011 0.000028 0.000052 0.000076 0.000152 0.000271 0.000432 0.000718 0.001116 0.001618 0.002540 0.003729 0.005352 0.007481 0.010465 0.014174 0.018353 0.023121 0.028848 0.035071 0.041383 0.047739 0.053995 0.058610 0.062922 0.064998 0.066256 0.064910 0.062669 0.058044 0.052673 0.045896 0.039246 0.032060 0.026123 0.019994 0.015295 0.011204 0.007879 0.005439 0.003557 0.002195 0.001407 0.000855 0.000469 0.000266 0.000149 0.000074 0.000040 0.000016 0.000007 0.000007 0.000001 0.000000 0.000000 0.000000 0.000000 0.000000 0.000000 
t: 0.001101123596 start: 246 end: 310 0.000001 0.000001 0.000002 0.000003 0.000007 0.000013 0.000027 0.000041 0.000088 0.000170 0.000266 0.000451 0.000705 0.001129 0.001748 0.002548 0.003757 0.005586 0.007685 0.010918 0.014398 0.018672 0.023899 0.029615 0.035867 0.042364 0.048882 0.054788 0.059624 0.063322 0.065695 0.066480 0.065143 0.062155 0.057649 0.051932 0.045367 0.038032 0.031217 0.025145 0.019153 0.014299 0.010669 0.007377 0.004994 0.003214 0.002036 0.001215 0.000740 0.000443 0.000235 0.000119 0.000057 0.000031 0.000014 0.000008 0.000004 0.000000 0.000000 0.000000 0.000000 0.000000 0.000000 0.000000 0.000000 
t: 0.001079295154 start: 247 end: 311 0.000001 0.000001 0.000003 0.000003 0.000006 0.000013 0.000021 0.000051 0.000095 0.000157 0.000293 0.000476 0.000737 0.001130 0.001836 0.002640 0.004012 0.005720 0.008078 0.011178 0.014946 0.019351 0.024649 0.030599 0.036855 0.043380 0.050076 0.055916 0.060478 0.064018 0.066481 0.066782 0.065437 0.061545 0.057015 0.051080 0.043669 0.037121 0.030229 0.023947 0.018143 0.013524 0.009800 0.006829 0.004531 0.002895 0.001791 0.001093 0.000604 0.000375 0.000206 0.000096 0.000044 0.000025 0.000011 0.000006 0.000002 0.000000 0.000000 0.000000 0.000000 0.000000 0.000000 0.000000 0.000000 
t: 0.001058315335 start: 248 end: 311 0.000001 0.000000 0.000003 0.000003 0.000010 0.000009 0.000034 0.000047 0.000096 0.000164 0.000315 0.000480 0.000797 0.001233 0.001907 0.002783 0.004213 0.005970 0.008459 0.011736 0.015538 0.020085 0.025524 0.031772 0.038100 0.044992 0.051275 0.057007 0.061255 0.065237 0.067015 0.067180 0.065288 0.061190 0.056000 0.049527 0.042705 0.035581 0.028792 0.022627 0.017103 0.012535 0.009029 0.006061 0.004110 0.002591 0.001529 0.000932 0.000551 0.000321 0.000154 0.000069 0.000030 0.000020 0.000008 0.000005 0.000002 0.000000 0.000000 0.000000 0.000000 0.000000 0.000000 0.000000 
t: 0.001038135593 start: 248 end: 312 0.000001 0.000000 0.000001 0.000001 0.000005 0.000006 0.000019 0.000032 0.000045 0.000096 0.000218 0.000291 0.000571 0.000833 0.001344 0.001978 0.002979 0.004431 0.006402 0.008947 0.012258 0.016459 0.021051 0.026830 0.033079 0.039583 0.046479 0.052467 0.058291 0.062805 0.065624 0.067750 0.067774 0.064803 0.060166 0.054757 0.048210 0.041178 0.033968 0.027228 0.021343 0.015773 0.011510 0.007993 0.005495 0.003701 0.002158 0.001327 0.000812 0.000455 0.000253 0.000110 0.000061 0.000028 0.000010 0.000007 0.000002 0.000002 0.000000 0.000000 0.000000 0.000000 0.000000 0.000000 0.000000 
t: 0.001018711019 start: 250 end: 314 0.000002 0.000001 0.000002 0.000005 0.000009 0.000014 0.000037 0.000055 0.000126 0.000186 0.000359 0.000548 0.000925 0.001446 0.002135 0.003190 0.004738 0.006866 0.009570 0.013187 0.017119 0.022529 0.028214 0.034228 0.041369 0.047951 0.054175 0.060027 0.063984 0.066989 0.068044 0.067666 0.063775 0.059185 0.053644 0.046515 0.039532 0.031975 0.025664 0.019567 0.014428 0.010517 0.007145 0.004854 0.003104 0.001875 0.001152 0.000638 0.000382 0.000179 0.000090 0.000056 0.000011 0.000009 0.000001 0.000004 0.000002 0.000000 0.000000 0.000000 0.000000 0.000000 0.000000 0.000000 0.000000 
t: 0.001000000000 start: 250 end: 314 0.000001 0.000001 0.000000 0.000005 0.000005 0.000011 0.000016 0.000042 0.000074 0.000124 0.000219 0.000373 0.000625 0.000998 0.001560 0.002328 0.003423 0.005225 0.007332 0.010430 0.013872 0.018523 0.023761 0.029670 0.036175 0.043117 0.049749 0.055797 0.061417 0.065569 0.067879 0.068598 0.066877 0.062994 0.058292 0.051637 0.044766 0.037231 0.030410 0.023632 0.018046 0.013225 0.009183 0.006405 0.004191 0.002625 0.001552 0.000903 0.000538 0.000299 0.000144 0.000063 0.000038 0.000017 0.000007 0.000002 0.000003 0.000001 0.000000 0.000000 0.000000 0.000000 0.000000 0.000000 0.000000 
