t: 0.059999999999 start: 15 end: 55 0.000002 0.000001 0.000003 0.000022 0.000104 0.000352 0.001114 0.002863 0.006579 0.014098 0.026689 0.045192 0.067997 0.092182 0.111966 0.123814 0.123826 0.112525 0.092012 0.069260 0.047143 0.029460 0.016781 0.008831 0.004299 0.001778 0.000715 0.000262 0.000082 0.000038 0.000008 0.000001 0.000000 0.000001 0.000000 0.000000 0.000000 0.000000 0.000000 0.000000 0.000000 
t: 0.054545454544 start: 17 end: 56 0.000002 0.000000 0.000002 0.000018 0.000087 0.000260 0.000789 0.002038 0.004714 0.010129 0.019372 0.033668 0.052943 0.074674 0.096269 0.112374 0.119770 0.116654 0.104172 0.084823 0.063293 0.044001 0.027663 0.016099 0.008714 0.004301 0.001919 0.000795 0.000294 0.000104 0.000041 0.000013 0.000005 0.000000 0.000000 0.000000 0.000000 0.000000 0.000000 0.000000 
t: 0.049999999999 start: 18 end: 58 0.000001 0.000000 0.000000 0.000001 0.000015 0.000064 0.000211 0.000546 0.001459 0.003547 0.007468 0.014471 0.025838 0.041708 0.060445 0.081290 0.099375 0.111522 0.115823 0.109186 0.095792 0.077820 0.057898 0.039629 0.025286 0.015054 0.008167 0.004150 0.001837 0.000849 0.000355 0.000140 0.000035 0.000014 0.000004 0.000000 0.000000 0.000000 0.000000 0.000000 0.000000 
t: 0.046153846153 start: 21 end: 64 0.000001 0.000001 0.000002 0.000009 0.000046 0.000160 0.000420 0.001102 0.002674 0.005718 0.011307 0.020177 0.033058 0.049146 0.068546 0.086930 0.102530 0.110615 0.110410 0.102047 0.087706 0.069904 0.051609 0.035176 0.022522 0.013731 0.007542 0.003777 0.001746 0.000823 0.000343 0.000145 0.000057 0.000013 0.000006 0.000001 0.000000 0.000000 0.000000 0.000000 0.000000 0.000000 0.000000 0.000000 
t: 0.042857142857 start: 25 end: 67 0.000003 0.000007 0.000040 0.000141 0.000340 0.000878 0.002029 0.004630 0.008851 0.016206 0.026503 0.040968 0.057822 0.076014 0.092247 0.103359 0.107844 0.104292 0.094735 0.079669 0.062213 0.045451 0.031189 0.020039 0.011638 0.006496 0.003417 0.001649 0.000779 0.000337 0.000150 0.000042 0.000017 0.000003 0.000000 0.000002 0.000000 0.000000 0.000000 0.000000 0.000000 0.000000 0.000000 
t: 0.040000000000 start: 27 end: 70 0.000001 0.000009 0.000035 0.000104 0.000248 0.000742 0.001697 0.003665 0.007174 0.013158 0.021899 0.034166 0.049704 0.066008 0.082900 0.096113 0.103166 0.104644 0.098174 0.086172 0.070532 0.054871 0.039797 0.026732 0.016970 0.010043 0.005662 0.002973 0.001484 0.000694 0.000278 0.000118 0.000045 0.000013 0.000007 0.000002 0.000000 0.000000 0.000000 0.000000 0.000000 0.000000 0.000000 0.000000 
t: 0.037500000000 start: 30 end: 72 0.000008 0.000031 0.000110 0.000204 0.000605 0.001417 0.003151 0.005985 0.010971 0.018558 0.029290 0.042829 0.058475 0.074281 0.088025 0.097981 0.102417 0.098608 0.090870 0.078081 0.062780 0.047214 0.033569 0.022459 0.014129 0.008469 0.004725 0.002536 0.001251 0.000566 0.000235 0.000106 0.000037 0.000018 0.000009 0.000000 0.000000 0.000000 0.000000 0.000000 0.000000 0.000000 0.000000 
t: 0.035294117647 start: 30 end: 77 0.000001 0.000003 0.000009 0.000016 0.000088 0.000223 0.000553 0.001228 0.002628 0.005198 0.009419 0.015859 0.025601 0.037624 0.051862 0.066945 0.080772 0.092331 0.098873 0.098152 0.093137 0.082804 0.069172 0.054320 0.040316 0.028227 0.018521 0.011800 0.006711 0.003838 0.002006 0.000983 0.000460 0.000174 0.000087 0.000032 0.000018 0.000007 0.000001 0.000001 0.000000 0.000000 0.000000 0.000000 0.000000 0.000000 0.000000 0.000000 
t: 0.033333333333 start: 32 end: 79 0.000001 0.000002 0.000007 0.000037 0.000074 0.000194 0.000478 0.001157 0.002351 0.004673 0.008258 0.014017 0.022384 0.033216 0.046334 0.060691 0.075045 0.086668 0.094649 0.096662 0.093609 0.085896 0.074272 0.060024 0.046247 0.034041 0.023142 0.015299 0.009281 0.005337 0.003009 0.001521 0.000788 0.000376 0.000160 0.000058 0.000023 0.000010 0.000005 0.000004 0.000000 0.000000 0.000000 0.000000 0.000000 0.000000 0.000000 0.000000 
t: 0.031578947368 start: 34 end: 83 0.000001 0.000002 0.000013 0.000025 0.000070 0.000170 0.000484 0.001047 0.002178 0.004076 0.007377 0.012668 0.020159 0.029768 0.042249 0.055502 0.069644 0.081324 0.090336 0.094091 0.093994 0.087477 0.077464 0.064869 0.051730 0.038968 0.027610 0.019024 0.011747 0.007238 0.004220 0.002234 0.001150 0.000596 0.000277 0.000136 0.000050 0.000016 0.000011 0.000003 0.000001 0.000000 0.000001 0.000000 0.000000 0.000000 0.000000 0.000000 0.000000 0.000000 
t: 0.030000000000 start: 36 end: 85 0.000001 0.000006 0.000008 0.000025 0.000075 0.000194 0.000473 0.000992 0.002008 0.003729 0.006771 0.011532 0.018201 0.027337 0.038786 0.051481 0.065071 0.076445 0.086185 0.092275 0.092657 0.088760 0.079682 0.068486 0.055851 0.043052 0.031816 0.022110 0.014701 0.009308 0.005528 0.003123 0.001652 0.000893 0.000443 0.000179 0.000087 0.000037 0.000026 0.000010 0.000002 0.000002 0.000000 0.000000 0.000000 0.000000 0.000000 0.000000 0.000000 0.000000 
t: 0.028571428571 start: 37 end: 88 0.000001 0.000003 0.000004 0.000009 0.000029 0.000086 0.000185 0.000462 0.000959 0.001864 0.003428 0.006412 0.010948 0.016958 0.025139 0.036080 0.048105 0.060690 0.072712 0.082689 0.089159 0.091424 0.088301 0.081602 0.071251 0.059395 0.047288 0.035085 0.025394 0.017326 0.011153 0.006979 0.004128 0.002311 0.001246 0.000647 0.000292 0.000130 0.000078 0.000031 0.000008 0.000003 0.000004 0.000002 0.000000 0.000000 0.000000 0.000000 0.000000 0.000000 0.000000 0.000000 
t: 0.027272727273 start: 38 end: 91 0.000001 0.000001 0.000003 0.000003 0.000012 0.000033 0.000081 0.000183 0.000444 0.000932 0.001812 0.003479 0.006076 0.010186 0.015849 0.024041 0.033727 0.045400 0.057551 0.069510 0.079275 0.086494 0.089540 0.087474 0.082265 0.073671 0.062003 0.050132 0.038604 0.028646 0.019559 0.013262 0.008322 0.005200 0.002910 0.001610 0.000885 0.000434 0.000207 0.000114 0.000041 0.000016 0.000003 0.000005 0.000003 0.000001 0.000000 0.000000 0.000000 0.000000 0.000000 0.000000 0.000000 0.000000 
t: 0.026086956522 start: 41 end: 92 0.000002 0.000001 0.000004 0.000014 0.000031 0.000090 0.000208 0.000430 0.000922 0.001824 0.003365 0.006012 0.009796 0.015355 0.022690 0.032043 0.043091 0.055141 0.066860 0.076715 0.083581 0.087460 0.087080 0.082544 0.074182 0.064685 0.052652 0.041054 0.031124 0.021978 0.015042 0.009932 0.006120 0.003544 0.002114 0.001162 0.000606 0.000284 0.000153 0.000069 0.000025 0.000006 0.000006 0.000003 0.000000 0.000000 0.000000 0.000000 0.000000 0.000000 0.000000 0.000000 
t: 0.025000000000 start: 43 end: 96 0.000002 0.000001 0.000005 0.000019 0.000049 0.000087 0.000212 0.000482 0.000958 0.001831 0.003406 0.005947 0.009595 0.014928 0.021888 0.030664 0.041570 0.053223 0.064047 0.074246 0.082139 0.086006 0.085974 0.081905 0.074914 0.065647 0.054632 0.043342 0.033244 0.023837 0.016945 0.011186 0.007139 0.004444 0.002503 0.001418 0.000785 0.000408 0.000212 0.000093 0.000038 0.000018 0.000007 0.000001 0.000002 0.000001 0.000000 0.000000 0.000000 0.000000 0.000000 0.000000 0.000000 0.000000 
t: 0.024000000000 start: 43 end: 96 0.000001 0.000000 0.000002 0.000000 0.000003 0.000025 0.000044 0.000104 0.000237 0.000528 0.001048 0.001906 0.003361 0.005968 0.009416 0.014776 0.021635 0.030185 0.040204 0.051283 0.062257 0.072372 0.080022 0.084880 0.084419 0.081432 0.075251 0.066546 0.055912 0.045284 0.034556 0.025704 0.018498 0.012230 0.008081 0.005072 0.003015 0.001704 0.001003 0.000565 0.000256 0.000121 0.000047 0.000029 0.000010 0.000005 0.000002 0.000000 0.000001 0.000000 0.000000 0.000000 0.000000 0.000000 
t: 0.023076923077 start: 46 end: 99 0.000001 0.000000 0.000001 0.000010 0.000025 0.000059 0.000125 0.000264 0.000534 0.001073 0.002018 0.003455 0.005958 0.009377 0.014751 0.021507 0.029739 0.039261 0.050485 0.060957 0.070639 0.078450 0.082367 0.083707 0.081193 0.075087 0.066713 0.057146 0.046503 0.036285 0.026988 0.019603 0.013130 0.008958 0.005742 0.003489 0.002018 0.001176 0.000608 0.000325 0.000153 0.000062 0.000036 0.000012 0.000008 0.000001 0.000000 0.000000 0.000000 0.000001 0.000000 0.000000 0.000000 0.000000 
t: 0.022222222222 start: 50 end: 102 0.000002 0.000012 0.000022 0.000060 0.000147 0.000325 0.000624 0.001152 0.002057 0.003694 0.006109 0.009695 0.014708 0.021204 0.029976 0.038958 0.049389 0.059871 0.069696 0.077191 0.080922 0.082244 0.080435 0.075092 0.066881 0.057494 0.047109 0.037155 0.028114 0.020575 0.014403 0.009600 0.006153 0.003801 0.002303 0.001385 0.000737 0.000371 0.000178 0.000092 0.000036 0.000016 0.000007 0.000004 0.000000 0.000000 0.000001 0.000000 0.000000 0.000000 0.000000 0.000000 0.000000 
t: 0.021428571428 start: 50 end: 105 0.000001 0.000002 0.000004 0.000010 0.000024 0.000075 0.000161 0.000358 0.000701 0.001262 0.002289 0.003865 0.006515 0.009974 0.014812 0.021759 0.029546 0.039069 0.049219 0.059723 0.068143 0.075566 0.079650 0.081749 0.079605 0.074173 0.066502 0.057712 0.047707 0.037856 0.028976 0.021272 0.015085 0.010131 0.006640 0.004147 0.002583 0.001460 0.000864 0.000410 0.000193 0.000115 0.000048 0.000023 0.000012 0.000007 0.000000 0.000001 0.000000 0.000000 0.000001 0.000000 0.000000 0.000000 0.000000 0.000000 
t: 0.020689655172 start: 52 end: 108 0.000002 0.000002 0.000008 0.000012 0.000036 0.000093 0.000217 0.000376 0.000770 0.001416 0.002455 0.004290 0.006544 0.010447 0.015486 0.021996 0.030241 0.039180 0.049481 0.058719 0.067774 0.074621 0.079031 0.080333 0.078784 0.073328 0.066166 0.057377 0.047989 0.037991 0.029211 0.021857 0.015325 0.010702 0.006996 0.004491 0.002761 0.001596 0.000939 0.000487 0.000226 0.000121 0.000057 0.000040 0.000014 0.000005 0.000005 0.000001 0.000000 0.000001 0.000000 0.000000 0.000000 0.000000 0.000000 0.000000 0.000000 
t: 0.020000000000 start: 55 end: 110 0.000002 0.000009 0.000019 0.000051 0.000122 0.000212 0.000477 0.000851 0.001594 0.002729 0.004414 0.007099 0.010852 0.016122 0.022789 0.030798 0.039741 0.049466 0.059194 0.067636 0.073842 0.078069 0.078978 0.077609 0.072710 0.065366 0.056904 0.047563 0.038365 0.029161 0.021924 0.015809 0.010865 0.007312 0.004631 0.002898 0.001741 0.000993 0.000519 0.000282 0.000144 0.000077 0.000033 0.000013 0.000009 0.000002 0.000001 0.000003 0.000000 0.000000 0.000000 0.000000 0.000000 0.000000 0.000000 0.000000 
t: 0.019354838710 start: 56 end: 112 0.000002 0.000003 0.000008 0.000023 0.000071 0.000124 0.000291 0.000518 0.000974 0.001753 0.003027 0.004809 0.007618 0.011704 0.016984 0.023210 0.031649 0.040551 0.050253 0.059146 0.067623 0.073350 0.077143 0.078495 0.076317 0.071379 0.064836 0.055974 0.047314 0.037484 0.029382 0.021712 0.015974 0.011060 0.007380 0.004809 0.003123 0.001734 0.000978 0.000598 0.000299 0.000165 0.000083 0.000032 0.000016 0.000011 0.000006 0.000001 0.000004 0.000000 0.000000 0.000000 0.000000 0.000000 0.000000 0.000000 0.000000 
t: 0.018750000000 start: 58 end: 115 0.000004 0.000004 0.000012 0.000033 0.000075 0.000151 0.000319 0.000631 0.001078 0.001936 0.003364 0.005334 0.008503 0.012479 0.017838 0.024739 0.032311 0.041348 0.050897 0.059883 0.067059 0.073124 0.076589 0.077539 0.075401 0.070504 0.063190 0.055355 0.046095 0.037251 0.028807 0.021806 0.015985 0.010908 0.007406 0.004839 0.002997 0.001815 0.001118 0.000598 0.000345 0.000144 0.000108 0.000038 0.000015 0.000014 0.000005 0.000002 0.000003 0.000000 0.000000 0.000000 0.000001 0.000000 0.000000 0.000000 0.000000 0.000000 
t: 0.018181818182 start: 59 end: 118 0.000001 0.000002 0.000007 0.000021 0.000042 0.000093 0.000210 0.000384 0.000681 0.001262 0.002283 0.003770 0.005946 0.009253 0.013234 0.019025 0.025992 0.033811 0.042766 0.051449 0.060508 0.067174 0.073082 0.076405 0.076383 0.074092 0.069187 0.061890 0.053851 0.045039 0.036471 0.028690 0.021216 0.015409 0.010820 0.007439 0.004710 0.003061 0.001888 0.001112 0.000636 0.000343 0.000170 0.000106 0.000044 0.000021 0.000010 0.000006 0.000001 0.000002 0.000001 0.000001 0.000000 0.000000 0.000000 0.000000 0.000000 0.000000 0.000000 0.000000 
t: 0.017647058823 start: 59 end: 119 0.000001 0.000000 0.000001 0.000003 0.000010 0.000028 0.000058 0.000123 0.000268 0.000434 0.000815 0.001525 0.002649 0.004288 0.006503 0.010052 0.014538 0.020177 0.027291 0.035785 0.043912 0.052354 0.060922 0.068196 0.072750 0.076074 0.075646 0.072466 0.067412 0.060618 0.052480 0.043612 0.035707 0.027575 0.020745 0.015054 0.010790 0.007134 0.004714 0.003017 0.001871 0.001096 0.000612 0.000303 0.000195 0.000096 0.000051 0.000024 0.000012 0.000007 0.000002 0.000002 0.000001 0.000001 0.000000 0.000000 0.000000 0.000000 0.000000 0.000000 0.000000 
t: 0.017142857143 start: 61 end: 122 0.000001 0.000001 0.000001 0.000004 0.000017 0.000034 0.000085 0.000153 0.000283 0.000561 0.000995 0.001861 0.002894 0.004817 0.007449 0.011056 0.015679 0.021921 0.028958 0.036842 0.045378 0.054168 0.062135 0.068481 0.072975 0.075362 0.074108 0.071156 0.065959 0.058980 0.050807 0.042579 0.034205 0.026589 0.019954 0.014449 0.010365 0.006980 0.004532 0.002972 0.001817 0.001107 0.000612 0.000343 0.000177 0.000088 0.000055 0.000030 0.000012 0.000003 0.000004 0.000002 0.000003 0.000001 0.000000 0.000000 0.000000 0.000000 0.000000 0.000000 0.000000 0.000000 
t: 0.016666666667 start: 62 end: 123 0.000001 0.000001 0.000002 0.000002 0.000008 0.000020 0.000046 0.000094 0.000199 0.000388 0.000710 0.001189 0.002058 0.003536 0.005545 0.008359 0.012241 0.017409 0.023253 0.030531 0.038709 0.047539 0.055410 0.063108 0.068980 0.072942 0.074438 0.073060 0.069720 0.064943 0.056914 0.048767 0.040635 0.032803 0.025590 0.019088 0.013847 0.009975 0.006624 0.004329 0.002835 0.001794 0.001014 0.000598 0.000353 0.000185 0.000097 0.000057 0.000025 0.000013 0.000006 0.000004 0.000004 0.000002 0.000000 0.000000 0.000000 0.000000 0.000000 0.000000 0.000000 0.000000 
t: 0.016216216216 start: 63 end: 124 0.000001 0.000000 0.000002 0.000002 0.000007 0.000012 0.000030 0.000072 0.000124 0.000246 0.000491 0.000835 0.001500 0.002452 0.004045 0.006382 0.009479 0.013489 0.018942 0.024989 0.032695 0.040603 0.048979 0.057291 0.064419 0.069304 0.072717 0.073467 0.072167 0.068526 0.062272 0.055542 0.046961 0.038944 0.031224 0.023993 0.018193 0.013097 0.009324 0.006399 0.004248 0.002632 0.001605 0.001038 0.000583 0.000302 0.000177 0.000079 0.000063 0.000032 0.000010 0.000006 0.000004 0.000003 0.000001 0.000000 0.000000 0.000000 0.000000 0.000000 0.000000 0.000000 
t: 0.015789473684 start: 64 end: 124 0.000001 0.000001 0.000000 0.000000 0.000002 0.000009 0.000023 0.000042 0.000082 0.000191 0.000328 0.000610 0.001016 0.001831 0.002985 0.004716 0.007274 0.010525 0.015037 0.020703 0.027073 0.035018 0.042523 0.051413 0.058600 0.065539 0.070421 0.072139 0.072403 0.070969 0.066280 0.060543 0.052938 0.045060 0.037132 0.029676 0.022670 0.017098 0.012376 0.008651 0.005869 0.004089 0.002524 0.001557 0.000885 0.000512 0.000312 0.000172 0.000085 0.000047 0.000025 0.000009 0.000009 0.000006 0.000001 0.000000 0.000000 0.000000 0.000000 0.000000 0.000000 
t: 0.015384615385 start: 67 end: 127 0.000001 0.000000 0.000003 0.000004 0.000015 0.000027 0.000063 0.000136 0.000216 0.000405 0.000781 0.001283 0.002300 0.003553 0.005500 0.008212 0.011992 0.016918 0.022629 0.029621 0.036916 0.045469 0.053021 0.060174 0.066387 0.070251 0.072287 0.071717 0.068895 0.064422 0.058318 0.050670 0.043150 0.034940 0.027954 0.021415 0.015984 0.011543 0.007990 0.005502 0.003646 0.002326 0.001396 0.000866 0.000497 0.000265 0.000167 0.000086 0.000036 0.000022 0.000018 0.000007 0.000001 0.000003 0.000000 0.000000 0.000000 0.000000 0.000000 0.000000 0.000000 
t: 0.015000000000 start: 68 end: 131 0.000001 0.000000 0.000003 0.000002 0.000007 0.000027 0.000042 0.000073 0.000176 0.000287 0.000544 0.001012 0.001663 0.002703 0.004105 0.006558 0.009418 0.013800 0.018677 0.025014 0.031841 0.039878 0.047820 0.054886 0.061936 0.067124 0.070480 0.071852 0.070341 0.067407 0.062101 0.055930 0.048686 0.040465 0.032680 0.026061 0.019995 0.014966 0.010679 0.007205 0.005144 0.003206 0.002132 0.001289 0.000766 0.000473 0.000266 0.000107 0.000082 0.000044 0.000023 0.000011 0.000007 0.000002 0.000001 0.000000 0.000001 0.000001 0.000000 0.000000 0.000000 0.000000 0.000000 0.000000 
t: 0.014634146341 start: 70 end: 133 0.000001 0.000000 0.000003 0.000008 0.000016 0.000026 0.000061 0.000118 0.000219 0.000420 0.000716 0.001231 0.002080 0.003152 0.005066 0.007544 0.011144 0.015313 0.020876 0.027714 0.034588 0.042125 0.050091 0.057274 0.063519 0.067742 0.070714 0.071089 0.069130 0.065354 0.059941 0.053179 0.045749 0.038461 0.030660 0.024028 0.018436 0.013621 0.009714 0.006728 0.004535 0.002919 0.001920 0.001198 0.000698 0.000409 0.000219 0.000131 0.000051 0.000031 0.000017 0.000011 0.000004 0.000002 0.000002 0.000000 0.000001 0.000000 0.000001 0.000000 0.000000 0.000000 0.000000 0.000000 
t: 0.014285714286 start: 71 end: 135 0.000001 0.000001 0.000001 0.000003 0.000009 0.000019 0.000040 0.000090 0.000181 0.000275 0.000562 0.000913 0.001595 0.002448 0.003975 0.006119 0.008783 0.012780 0.017746 0.023283 0.029849 0.037561 0.044948 0.052407 0.059083 0.064913 0.068403 0.070178 0.070327 0.068227 0.063118 0.057201 0.051081 0.042639 0.035592 0.028666 0.022132 0.016886 0.012352 0.008731 0.005959 0.004052 0.002768 0.001662 0.001050 0.000599 0.000384 0.000195 0.000097 0.000056 0.000024 0.000018 0.000008 0.000006 0.000001 0.000002 0.000000 0.000000 0.000001 0.000000 0.000000 0.000000 0.000000 0.000000 0.000000 
t: 0.013953488372 start: 73 end: 136 0.000001 0.000002 0.000001 0.000005 0.000013 0.000029 0.000056 0.000144 0.000209 0.000425 0.000717 0.001178 0.001925 0.003113 0.004838 0.007206 0.010630 0.014612 0.019876 0.025906 0.032715 0.040013 0.047910 0.054980 0.060997 0.065746 0.069336 0.069729 0.069248 0.065695 0.061475 0.054865 0.047790 0.039946 0.032766 0.026106 0.020483 0.015435 0.011059 0.007906 0.005318 0.003657 0.002335 0.001465 0.000927 0.000534 0.000313 0.000171 0.000089 0.000052 0.000028 0.000014 0.000007 0.000001 0.000002 0.000000 0.000000 0.000001 0.000000 0.000000 0.000000 0.000000 0.000000 0.000000 
t: 0.013636363636 start: 75 end: 139 0.000001 0.000003 0.000001 0.000011 0.000025 0.000050 0.000079 0.000171 0.000320 0.000552 0.000948 0.001519 0.002399 0.003926 0.005869 0.008707 0.012271 0.016890 0.022465 0.028288 0.035729 0.043558 0.050303 0.056759 0.063221 0.067043 0.069301 0.069303 0.067658 0.063652 0.058660 0.051986 0.044656 0.037307 0.030183 0.023816 0.018559 0.013796 0.009928 0.007024 0.004696 0.003194 0.002064 0.001317 0.000762 0.000437 0.000261 0.000161 0.000080 0.000042 0.000023 0.000016 0.000004 0.000002 0.000001 0.000002 0.000001 0.000000 0.000000 0.000000 0.000000 0.000000 0.000000 0.000000 0.000000 
t: 0.013333333333 start: 76 end: 140 0.000002 0.000001 0.000002 0.000007 0.000020 0.000027 0.000070 0.000122 0.000239 0.000434 0.000734 0.001250 0.001931 0.003088 0.004694 0.007177 0.010318 0.014441 0.019312 0.024973 0.031482 0.039219 0.045869 0.053275 0.059715 0.063999 0.067881 0.069600 0.068179 0.065722 0.061420 0.055553 0.048665 0.041995 0.034080 0.027825 0.021792 0.016530 0.012165 0.008730 0.006176 0.004086 0.002798 0.001781 0.001078 0.000667 0.000364 0.000238 0.000130 0.000072 0.000044 0.000012 0.000009 0.000003 0.000002 0.000001 0.000000 0.000001 0.000000 0.000000 0.000000 0.000000 0.000000 0.000000 0.000000 
t: 0.013043478261 start: 77 end: 141 0.000001 0.000000 0.000003 0.000009 0.000010 0.000034 0.000046 0.000081 0.000190 0.000295 0.000584 0.001027 0.001535 0.002465 0.003856 0.005909 0.008675 0.012186 0.016602 0.021917 0.028033 0.034969 0.042039 0.049364 0.055901 0.061396 0.065831 0.068063 0.068611 0.067083 0.063680 0.058490 0.052481 0.045691 0.038577 0.031512 0.025317 0.019286 0.014805 0.010833 0.007673 0.005309 0.003505 0.002402 0.001525 0.000914 0.000524 0.000341 0.000191 0.000103 0.000071 0.000028 0.000015 0.000005 0.000002 0.000002 0.000002 0.000001 0.000000 0.000000 0.000000 0.000000 0.000000 0.000000 0.000000 
t: 0.012765957447 start: 78 end: 143 0.000001 0.000001 0.000004 0.000001 0.000010 0.000019 0.000043 0.000066 0.000127 0.000234 0.000507 0.000729 0.001260 0.001989 0.003154 0.004995 0.007223 0.010435 0.014266 0.018897 0.024928 0.031531 0.037916 0.045514 0.051796 0.058538 0.063693 0.066712 0.067939 0.068112 0.065391 0.061036 0.055316 0.049140 0.042504 0.035472 0.028784 0.022499 0.017560 0.013004 0.009340 0.006659 0.004467 0.003093 0.001997 0.001229 0.000794 0.000494 0.000263 0.000133 0.000082 0.000049 0.000034 0.000009 0.000006 0.000003 0.000001 0.000001 0.000000 0.000000 0.000000 0.000000 0.000000 0.000000 0.000000 0.000000 
t: 0.012500000000 start: 80 end: 143 0.000002 0.000003 0.000002 0.000007 0.000019 0.000029 0.000049 0.000105 0.000207 0.000326 0.000620 0.001025 0.001639 0.002635 0.004118 0.006122 0.008784 0.012291 0.016833 0.022038 0.027987 0.034868 0.041393 0.048927 0.054756 0.060538 0.064737 0.067328 0.067836 0.066749 0.063134 0.058163 0.052694 0.045817 0.038716 0.032170 0.025750 0.020338 0.015459 0.011401 0.008181 0.005689 0.003802 0.002474 0.001669 0.001072 0.000610 0.000388 0.000227 0.000128 0.000064 0.000043 0.000022 0.000009 0.000006 0.000001 0.000000 0.000000 0.000000 0.000000 0.000000 0.000000 0.000000 0.000000 
t: 0.012244897959 start: 82 end: 146 0.000002 0.000003 0.000006 0.000013 0.000022 0.000045 0.000081 0.000154 0.000295 0.000508 0.000767 0.001405 0.002165 0.003449 0.005171 0.007689 0.010676 0.014549 0.019642 0.025141 0.031199 0.038528 0.044723 0.051932 0.058035 0.062323 0.065780 0.067872 0.066762 0.064546 0.060565 0.055409 0.048563 0.042523 0.035794 0.029089 0.023021 0.017882 0.013361 0.009871 0.006921 0.004739 0.003165 0.002152 0.001381 0.000847 0.000501 0.000327 0.000179 0.000114 0.000065 0.000022 0.000014 0.000006 0.000003 0.000002 0.000001 0.000000 0.000000 0.000000 0.000000 0.000000 0.000000 0.000000 0.000000 
t: 0.012000000000 start: 82 end: 146 0.000001 0.000000 0.000005 0.000002 0.000009 0.000020 0.000036 0.000076 0.000114 0.000231 0.000382 0.000650 0.001111 0.001877 0.002887 0.004460 0.006408 0.009312 0.012933 0.017282 0.022448 0.028395 0.035083 0.041613 0.048629 0.054996 0.060124 0.064404 0.066259 0.067249 0.065520 0.062411 0.057880 0.051801 0.045227 0.038872 0.032244 0.026078 0.020294 0.015509 0.011727 0.008388 0.005801 0.003993 0.002722 0.001704 0.001148 0.000697 0.000425 0.000247 0.000146 0.000084 0.000050 0.000019 0.000010 0.000002 0.000002 0.000003 0.000000 0.000000 0.000000 0.000000 0.000000 0.000000 0.000000 
t: 0.011764705882 start: 84 end: 149 0.000001 0.000002 0.000004 0.000007 0.000021 0.000036 0.000044 0.000115 0.000184 0.000327 0.000541 0.000897 0.001581 0.002464 0.003777 0.005582 0.008078 0.011385 0.015289 0.020089 0.025880 0.031817 0.038823 0.045716 0.051934 0.057563 0.062044 0.065673 0.066660 0.066030 0.063799 0.059380 0.054553 0.048387 0.041840 0.035395 0.028982 0.022926 0.017642 0.013357 0.009897 0.007048 0.005049 0.003315 0.002252 0.001401 0.000897 0.000557 0.000329 0.000194 0.000122 0.000055 0.000024 0.000025 0.000006 0.000001 0.000001 0.000002 0.000000 0.000000 0.000000 0.000000 0.000000 0.000000 0.000000 0.000000 
t: 0.011538461538 start: 85 end: 151 0.000001 0.000001 0.000004 0.000006 0.000017 0.000025 0.000057 0.000092 0.000138 0.000282 0.000448 0.000757 0.001294 0.002081 0.003250 0.004871 0.007088 0.009997 0.013460 0.018205 0.023292 0.029402 0.036051 0.042423 0.049309 0.055048 0.059777 0.063946 0.065938 0.066323 0.064812 0.061302 0.056694 0.050887 0.044566 0.038191 0.031703 0.025579 0.020057 0.015288 0.011471 0.008456 0.005943 0.004077 0.002730 0.001826 0.001108 0.000704 0.000462 0.000252 0.000136 0.000082 0.000047 0.000022 0.000011 0.000008 0.000001 0.000001 0.000001 0.000000 0.000000 0.000000 0.000000 0.000000 0.000000 0.000000 0.000000 
t: 0.011320754717 start: 87 end: 152 0.000002 0.000003 0.000005 0.000011 0.000027 0.000043 0.000069 0.000129 0.000223 0.000402 0.000639 0.001069 0.001776 0.002798 0.004277 0.006195 0.008724 0.012129 0.016416 0.021310 0.027131 0.032889 0.039597 0.046261 0.052893 0.057721 0.062208 0.064831 0.066140 0.065493 0.062424 0.058550 0.052962 0.047284 0.041150 0.034417 0.027859 0.022308 0.017601 0.013113 0.009898 0.006891 0.004899 0.003373 0.002210 0.001414 0.000905 0.000539 0.000355 0.000195 0.000106 0.000058 0.000046 0.000014 0.000011 0.000004 0.000002 0.000000 0.000001 0.000000 0.000000 0.000000 0.000000 0.000000 0.000000 0.000000 
t: 0.011111111111 start: 88 end: 152 0.000002 0.000001 0.000004 0.000013 0.000019 0.000034 0.000064 0.000095 0.000203 0.000346 0.000538 0.000917 0.001545 0.002427 0.003676 0.005485 0.007849 0.010952 0.014767 0.019302 0.024647 0.030609 0.036826 0.043867 0.050437 0.055357 0.060397 0.063767 0.065565 0.065460 0.063382 0.059945 0.055294 0.049466 0.043796 0.036610 0.030644 0.024689 0.019646 0.014962 0.011148 0.008151 0.005770 0.004078 0.002648 0.001808 0.001111 0.000672 0.000454 0.000245 0.000127 0.000092 0.000044 0.000024 0.000010 0.000010 0.000000 0.000003 0.000000 0.000000 0.000000 0.000000 0.000000 0.000000 0.000000 
t: 0.010909090909 start: 90 end: 156 0.000002 0.000005 0.000007 0.000015 0.000034 0.000053 0.000099 0.000171 0.000275 0.000471 0.000743 0.001307 0.002107 0.003306 0.004854 0.006985 0.009637 0.013450 0.017416 0.022865 0.028568 0.034556 0.041300 0.047592 0.053379 0.058368 0.062446 0.064661 0.065391 0.064496 0.061014 0.056957 0.051730 0.045256 0.039508 0.033214 0.026952 0.021723 0.016956 0.012437 0.009289 0.006725 0.004801 0.003260 0.002092 0.001382 0.000878 0.000551 0.000303 0.000187 0.000100 0.000061 0.000035 0.000018 0.000004 0.000002 0.000002 0.000003 0.000001 0.000000 0.000000 0.000000 0.000000 0.000000 0.000000 0.000000 0.000000 
t: 0.010714285714 start: 92 end: 157 0.000005 0.000007 0.000014 0.000026 0.000053 0.000087 0.000162 0.000250 0.000391 0.000666 0.001138 0.001826 0.002894 0.004260 0.006201 0.008840 0.011981 0.016209 0.020838 0.026478 0.032398 0.038995 0.045022 0.051304 0.056892 0.060919 0.063775 0.065091 0.064419 0.062198 0.058364 0.053371 0.047779 0.041617 0.035244 0.029194 0.023871 0.018650 0.014199 0.010473 0.007790 0.005457 0.003824 0.002498 0.001696 0.001030 0.000655 0.000375 0.000278 0.000134 0.000071 0.000044 0.000021 0.000014 0.000007 0.000001 0.000002 0.000002 0.000000 0.000000 0.000000 0.000000 0.000000 0.000000 0.000000 0.000000 
t: 0.010526315789 start: 93 end: 158 0.000002 0.000008 0.000018 0.000019 0.000045 0.000074 0.000138 0.000218 0.000364 0.000625 0.000995 0.001631 0.002444 0.003839 0.005616 0.007913 0.011041 0.014685 0.019345 0.024591 0.030517 0.036705 0.042713 0.049360 0.054793 0.059328 0.063107 0.064215 0.064730 0.062501 0.059355 0.054932 0.050081 0.043686 0.037508 0.031494 0.025547 0.020471 0.015674 0.012047 0.008651 0.006322 0.004392 0.003007 0.001919 0.001323 0.000772 0.000531 0.000291 0.000199 0.000096 0.000064 0.000028 0.000016 0.000009 0.000001 0.000000 0.000003 0.000001 0.000000 0.000000 0.000000 0.000000 0.000000 0.000000 0.000000 
t: 0.010344827586 start: 94 end: 161 0.000002 0.000006 0.000011 0.000015 0.000045 0.000074 0.000101 0.000191 0.000326 0.000576 0.000869 0.001424 0.002195 0.003392 0.005016 0.007186 0.010145 0.013623 0.017756 0.023025 0.028787 0.034613 0.040631 0.047256 0.052873 0.057832 0.061501 0.064144 0.064001 0.063113 0.060312 0.056637 0.051438 0.045760 0.039669 0.033246 0.027520 0.022331 0.017359 0.013227 0.009894 0.007073 0.004957 0.003514 0.002334 0.001466 0.001012 0.000632 0.000370 0.000214 0.000149 0.000077 0.000036 0.000026 0.000010 0.000001 0.000003 0.000002 0.000001 0.000001 0.000000 0.000000 0.000000 0.000000 0.000000 0.000000 0.000000 0.000000 
t: 0.010169491525 start: 95 end: 162 0.000002 0.000004 0.000008 0.000017 0.000040 0.000055 0.000103 0.000160 0.000293 0.000501 0.000806 0.001266 0.001966 0.003147 0.004401 0.006599 0.009268 0.012564 0.016646 0.021344 0.026718 0.032849 0.039238 0.045112 0.050981 0.056083 0.060252 0.063258 0.063784 0.063352 0.061316 0.057583 0.052953 0.047466 0.041673 0.035093 0.029511 0.023960 0.018988 0.014565 0.010871 0.007970 0.005700 0.003923 0.002734 0.001842 0.001158 0.000762 0.000458 0.000280 0.000166 0.000104 0.000056 0.000030 0.000009 0.000003 0.000004 0.000002 0.000002 0.000000 0.000001 0.000000 0.000000 0.000000 0.000000 0.000000 0.000000 0.000000 
t: 0.010000000000 start: 95 end: 163 0.000001 0.000001 0.000001 0.000009 0.000015 0.000028 0.000056 0.000096 0.000145 0.000261 0.000443 0.000733 0.001183 0.001755 0.002741 0.004151 0.006043 0.008531 0.011636 0.015486 0.019916 0.025146 0.031197 0.037218 0.043328 0.049565 0.054065 0.059128 0.062272 0.063596 0.063400 0.061324 0.058886 0.054309 0.049265 0.043209 0.037122 0.031222 0.025496 0.020420 0.016114 0.011871 0.008771 0.006433 0.004516 0.003211 0.002141 0.001331 0.000859 0.000550 0.000315 0.000206 0.000128 0.000079 0.000038 0.000020 0.000008 0.000004 0.000003 0.000002 0.000001 0.000000 0.000000 0.000000 0.000000 0.000000 0.000000 0.000000 0.000000 
t: 0.008448275866 start: 107 end: 175 0.000002 0.000000 0.000004 0.000004 0.000008 0.000015 0.000034 0.000055 0.000136 0.000196 0.000343 0.000565 0.000943 0.001403 0.002104 0.003195 0.004597 0.006375 0.008887 0.011602 0.015559 0.020034 0.024660 0.030278 0.036058 0.041360 0.046728 0.052004 0.056243 0.059403 0.060765 0.060884 0.060371 0.057310 0.053858 0.049558 0.044009 0.038652 0.033025 0.027417 0.022736 0.018037 0.013836 0.010624 0.007893 0.005810 0.004134 0.002834 0.002037 0.001246 0.000851 0.000524 0.000323 0.000202 0.000122 0.000058 0.000044 0.000021 0.000010 0.000007 0.000004 0.000003 0.000000 0.000000 0.000000 0.000000 0.000000 0.000000 0.000000 
t: 0.007313432839 start: 117 end: 188 0.000001 0.000001 0.000001 0.000006 0.000005 0.000014 0.000019 0.000044 0.000062 0.000102 0.000214 0.000354 0.000568 0.000867 0.001285 0.002086 0.002924 0.004169 0.005859 0.007930 0.010670 0.013997 0.017922 0.022125 0.027168 0.032429 0.037863 0.043219 0.047842 0.052179 0.055823 0.058097 0.059559 0.059145 0.057833 0.055080 0.051220 0.046795 0.041829 0.036352 0.031478 0.026017 0.021670 0.017118 0.013424 0.010352 0.007663 0.005839 0.004247 0.002836 0.002003 0.001368 0.000892 0.000562 0.000316 0.000232 0.000144 0.000083 0.000051 0.000024 0.000009 0.000008 0.000004 0.000002 0.000000 0.000000 0.000000 0.000000 0.000000 0.000000 0.000000 0.000000 
t: 0.006447368423 start: 127 end: 198 0.000001 0.000000 0.000001 0.000008 0.000005 0.000018 0.000025 0.000037 0.000072 0.000140 0.000231 0.000345 0.000597 0.000911 0.001379 0.001998 0.003004 0.004215 0.005723 0.007950 0.010427 0.013424 0.017360 0.021348 0.026153 0.031077 0.035929 0.040986 0.046122 0.050631 0.053807 0.056397 0.057666 0.057991 0.057283 0.055073 0.051461 0.047920 0.042909 0.038014 0.032798 0.027934 0.023260 0.018947 0.015131 0.011832 0.008874 0.006796 0.004868 0.003530 0.002491 0.001710 0.001150 0.000749 0.000522 0.000311 0.000197 0.000109 0.000074 0.000042 0.000018 0.000010 0.000004 0.000003 0.000002 0.000000 0.000000 0.000000 0.000000 0.000000 0.000000 0.000000 
t: 0.005764705884 start: 136 end: 208 0.000001 0.000001 0.000004 0.000006 0.000009 0.000013 0.000019 0.000061 0.000104 0.000158 0.000245 0.000412 0.000599 0.001041 0.001413 0.002060 0.003021 0.004269 0.005698 0.007855 0.010290 0.013446 0.017021 0.021086 0.025471 0.030491 0.035283 0.040137 0.044969 0.048833 0.052450 0.055327 0.056434 0.057263 0.057003 0.054373 0.051642 0.047652 0.044041 0.038342 0.034048 0.029312 0.024095 0.019648 0.016035 0.012731 0.009877 0.007379 0.005519 0.004035 0.002872 0.001986 0.001387 0.000896 0.000627 0.000405 0.000247 0.000165 0.000074 0.000046 0.000037 0.000017 0.000009 0.000006 0.000004 0.000000 0.000000 0.000000 0.000000 0.000000 0.000000 0.000000 0.000000 
t: 0.005212765959 start: 141 end: 217 0.000001 0.000001 0.000001 0.000001 0.000000 0.000003 0.000009 0.000013 0.000018 0.000033 0.000051 0.000077 0.000158 0.000264 0.000400 0.000648 0.000957 0.001347 0.002124 0.002915 0.004183 0.005572 0.007604 0.010203 0.012955 0.016376 0.020371 0.024731 0.029252 0.033874 0.039177 0.043724 0.047694 0.051470 0.054327 0.055549 0.056594 0.056010 0.054627 0.051985 0.048143 0.044541 0.039805 0.035050 0.030051 0.025333 0.021093 0.017327 0.013667 0.010750 0.008136 0.006062 0.004458 0.003330 0.002320 0.001681 0.001046 0.000671 0.000481 0.000278 0.000200 0.000114 0.000063 0.000042 0.000029 0.000015 0.000010 0.000003 0.000001 0.000001 0.000000 0.000000 0.000000 0.000000 0.000000 0.000000 0.000000 
t: 0.004757281555 start: 150 end: 225 0.000001 0.000001 0.000006 0.000003 0.000004 0.000006 0.000020 0.000030 0.000053 0.000091 0.000150 0.000218 0.000390 0.000582 0.000901 0.001235 0.001882 0.002640 0.003694 0.005223 0.006997 0.009207 0.012015 0.015052 0.018828 0.022925 0.027331 0.032345 0.036986 0.041419 0.046196 0.049935 0.052261 0.054681 0.056247 0.055973 0.054621 0.052741 0.049381 0.046059 0.041689 0.036804 0.032288 0.027216 0.023102 0.019102 0.015427 0.012034 0.009302 0.007059 0.005190 0.003850 0.002835 0.001927 0.001316 0.000881 0.000598 0.000401 0.000257 0.000171 0.000078 0.000061 0.000036 0.000023 0.000011 0.000007 0.000003 0.000000 0.000002 0.000000 0.000000 0.000000 0.000000 0.000000 0.000000 0.000000 
t: 0.004375000001 start: 159 end: 233 0.000005 0.000004 0.000008 0.000019 0.000025 0.000042 0.000076 0.000111 0.000162 0.000296 0.000439 0.000658 0.001040 0.001463 0.002129 0.003052 0.004296 0.005728 0.007649 0.010041 0.012719 0.016305 0.020049 0.024083 0.028981 0.033257 0.038388 0.042945 0.046935 0.050746 0.052446 0.054985 0.055872 0.055243 0.054046 0.051575 0.048517 0.044643 0.040472 0.035455 0.030917 0.026539 0.022016 0.017816 0.014409 0.011611 0.008801 0.006561 0.004861 0.003610 0.002568 0.001830 0.001170 0.000817 0.000611 0.000341 0.000268 0.000141 0.000081 0.000055 0.000033 0.000018 0.000010 0.000008 0.000001 0.000001 0.000001 0.000000 0.000000 0.000000 0.000000 0.000000 0.000000 0.000000 0.000000 
t: 0.004049586778 start: 163 end: 238 0.000003 0.000000 0.000007 0.000004 0.000007 0.000013 0.000029 0.000035 0.000060 0.000102 0.000176 0.000261 0.000435 0.000721 0.000951 0.001392 0.002145 0.003009 0.004108 0.005579 0.007584 0.009838 0.012511 0.015914 0.019567 0.023834 0.028257 0.032999 0.037535 0.042310 0.046305 0.049854 0.052410 0.054725 0.055548 0.054856 0.053964 0.051989 0.048664 0.045228 0.040768 0.036475 0.031595 0.027027 0.022465 0.018623 0.014887 0.011807 0.009133 0.006986 0.005114 0.003806 0.002698 0.001864 0.001352 0.000834 0.000612 0.000367 0.000279 0.000160 0.000096 0.000054 0.000027 0.000024 0.000007 0.000004 0.000003 0.000000 0.000003 0.000001 0.000000 0.000000 0.000000 0.000000 0.000000 0.000000 
t: 0.003769230770 start: 168 end: 245 0.000001 0.000001 0.000002 0.000005 0.000005 0.000008 0.000015 0.000027 0.000055 0.000093 0.000141 0.000211 0.000344 0.000558 0.000815 0.001205 0.001730 0.002363 0.003487 0.004666 0.006390 0.008488 0.010836 0.013922 0.017502 0.021481 0.025493 0.030035 0.034825 0.039614 0.043584 0.047552 0.051135 0.053378 0.054723 0.055407 0.054748 0.053158 0.050874 0.047445 0.043534 0.039322 0.034420 0.029278 0.025227 0.020940 0.017114 0.013562 0.010656 0.008237 0.006288 0.004593 0.003265 0.002338 0.001672 0.001144 0.000763 0.000520 0.000321 0.000182 0.000128 0.000061 0.000052 0.000025 0.000018 0.000006 0.000004 0.000003 0.000003 0.000002 0.000000 0.000000 0.000000 0.000000 0.000000 0.000000 0.000000 0.000000 
t: 0.003525179857 start: 169 end: 248 0.000001 0.000000 0.000000 0.000001 0.000000 0.000001 0.000000 0.000006 0.000001 0.000006 0.000026 0.000029 0.000051 0.000070 0.000119 0.000208 0.000334 0.000516 0.000784 0.001110 0.001668 0.002312 0.003341 0.004455 0.006104 0.008238 0.010656 0.013355 0.016853 0.020730 0.025055 0.029596 0.033836 0.038703 0.043120 0.047291 0.050361 0.053247 0.054960 0.055271 0.055396 0.053627 0.050917 0.047933 0.044037 0.039432 0.035097 0.030434 0.025802 0.021558 0.017563 0.014105 0.011039 0.008495 0.006472 0.004768 0.003278 0.002442 0.001760 0.001227 0.000813 0.000547 0.000331 0.000206 0.000127 0.000079 0.000037 0.000026 0.000016 0.000007 0.000005 0.000004 0.000001 0.000002 0.000001 0.000001 0.000000 0.000000 0.000000 0.000000 
t: 0.003310810811 start: 175 end: 253 0.000001 0.000000 0.000000 0.000000 0.000001 0.000001 0.000003 0.000006 0.000015 0.000022 0.000030 0.000045 0.000081 0.000144 0.000252 0.000406 0.000555 0.000889 0.001258 0.001834 0.002549 0.003533 0.004965 0.006589 0.008885 0.011306 0.014442 0.017934 0.021734 0.026021 0.030740 0.035081 0.039854 0.044052 0.048123 0.051214 0.054157 0.055152 0.055670 0.054721 0.053350 0.050053 0.047272 0.042956 0.038278 0.033593 0.029314 0.024723 0.020249 0.016562 0.012993 0.010206 0.007942 0.005937 0.004418 0.003118 0.002266 0.001594 0.000990 0.000726 0.000478 0.000288 0.000175 0.000090 0.000070 0.000038 0.000023 0.000012 0.000012 0.000003 0.000003 0.000000 0.000001 0.000001 0.000000 0.000001 0.000000 0.000000 0.000000 
t: 0.003121019109 start: 183 end: 260 0.000001 0.000001 0.000006 0.000004 0.000016 0.000012 0.000025 0.000039 0.000066 0.000107 0.000204 0.000292 0.000531 0.000750 0.001107 0.001592 0.002289 0.003177 0.004290 0.006050 0.007996 0.010229 0.013005 0.016351 0.019889 0.024690 0.029027 0.033700 0.038058 0.042451 0.047075 0.050293 0.053034 0.054724 0.055724 0.055123 0.054016 0.051661 0.048534 0.044415 0.040240 0.035718 0.030606 0.026440 0.021864 0.017793 0.014244 0.011177 0.008667 0.006588 0.004963 0.003592 0.002450 0.001768 0.001166 0.000825 0.000504 0.000327 0.000200 0.000131 0.000073 0.000046 0.000024 0.000016 0.000010 0.000004 0.000004 0.000003 0.000002 0.000001 0.000000 0.000000 0.000000 0.000000 0.000000 0.000000 0.000000 0.000000 
t: 0.002951807229 start: 187 end: 261 0.000002 0.000000 0.000004 0.000004 0.000010 0.000017 0.000028 0.000041 0.000067 0.000108 0.000205 0.000283 0.000486 0.000706 0.001094 0.001508 0.002252 0.003076 0.004358 0.005827 0.007746 0.010098 0.012779 0.016190 0.020061 0.024048 0.028209 0.033136 0.037926 0.042702 0.047087 0.050117 0.052979 0.054914 0.055617 0.055249 0.054133 0.051980 0.048573 0.045100 0.040626 0.036194 0.031042 0.026356 0.021828 0.017958 0.014474 0.011366 0.008814 0.006650 0.004916 0.003514 0.002546 0.001702 0.001164 0.000793 0.000510 0.000314 0.000211 0.000117 0.000078 0.000048 0.000027 0.000013 0.000007 0.000008 0.000002 0.000002 0.000000 0.000000 0.000000 0.000000 0.000000 0.000000 0.000000 
t: 0.002800000000 start: 188 end: 263 0.000001 0.000000 0.000001 0.000000 0.000001 0.000004 0.000008 0.000011 0.000020 0.000025 0.000042 0.000076 0.000120 0.000210 0.000321 0.000489 0.000763 0.001178 0.001641 0.002361 0.003329 0.004504 0.006203 0.008242 0.010807 0.013518 0.016921 0.020666 0.024731 0.029473 0.034364 0.038732 0.043853 0.047873 0.051128 0.053628 0.055472 0.055849 0.055312 0.053923 0.051045 0.048630 0.044176 0.039337 0.035118 0.029870 0.025156 0.021001 0.017149 0.013614 0.010556 0.008144 0.006212 0.004449 0.003151 0.002161 0.001541 0.001030 0.000729 0.000452 0.000289 0.000156 0.000093 0.000059 0.000034 0.000016 0.000014 0.000009 0.000007 0.000002 0.000000 0.000000 0.000000 0.000000 0.000000 0.000000 
t: 0.002663043479 start: 193 end: 268 0.000002 0.000000 0.000002 0.000003 0.000003 0.000007 0.000014 0.000025 0.000031 0.000055 0.000099 0.000152 0.000257 0.000393 0.000618 0.000843 0.001424 0.001997 0.002784 0.003720 0.005066 0.007002 0.009461 0.011902 0.014951 0.018727 0.022598 0.027187 0.031573 0.036763 0.041269 0.045827 0.049964 0.052501 0.054747 0.055927 0.056040 0.054849 0.053066 0.050135 0.046081 0.042212 0.037116 0.032624 0.027765 0.023015 0.018958 0.015231 0.012095 0.009206 0.006868 0.005232 0.003728 0.002668 0.001802 0.001239 0.000819 0.000533 0.000320 0.000198 0.000141 0.000071 0.000036 0.000023 0.000021 0.000007 0.000003 0.000001 0.000003 0.000000 0.000000 0.000000 0.000000 0.000000 0.000000 0.000000 
t: 0.002538860104 start: 196 end: 270 0.000001 0.000000 0.000000 0.000003 0.000002 0.000006 0.000007 0.000018 0.000031 0.000051 0.000075 0.000129 0.000213 0.000336 0.000492 0.000820 0.001247 0.001755 0.002506 0.003383 0.004604 0.006371 0.008535 0.011095 0.014030 0.017374 0.021451 0.025794 0.030775 0.035148 0.039993 0.044463 0.048306 0.052489 0.054401 0.055783 0.056345 0.055851 0.054026 0.051033 0.047659 0.043345 0.038703 0.033952 0.028981 0.024192 0.020065 0.016057 0.012796 0.009786 0.007435 0.005542 0.004007 0.002907 0.001921 0.001397 0.000892 0.000549 0.000334 0.000219 0.000124 0.000090 0.000048 0.000027 0.000015 0.000003 0.000009 0.000001 0.000002 0.000000 0.000000 0.000000 0.000000 0.000000 0.000000 
t: 0.002425742574 start: 201 end: 274 0.000002 0.000002 0.000002 0.000003 0.000005 0.000015 0.000037 0.000047 0.000077 0.000108 0.000203 0.000296 0.000495 0.000757 0.001178 0.001641 0.002331 0.003300 0.004576 0.006316 0.008092 0.010690 0.013618 0.017042 0.021094 0.025626 0.030114 0.034918 0.039633 0.044512 0.048315 0.051966 0.054525 0.056511 0.056519 0.055465 0.054264 0.051739 0.048056 0.043943 0.039258 0.034082 0.029359 0.024693 0.020258 0.016139 0.012853 0.009925 0.007497 0.005544 0.004020 0.002789 0.001960 0.001328 0.000877 0.000484 0.000385 0.000218 0.000134 0.000077 0.000028 0.000027 0.000010 0.000012 0.000007 0.000003 0.000000 0.000000 0.000000 0.000000 0.000000 0.000000 0.000000 0.000000 
t: 0.002322274882 start: 204 end: 277 0.000001 0.000000 0.000004 0.000007 0.000006 0.000012 0.000022 0.000047 0.000082 0.000108 0.000209 0.000328 0.000487 0.000743 0.001211 0.001664 0.002487 0.003378 0.004677 0.006257 0.008398 0.010829 0.013953 0.017426 0.021521 0.025977 0.030649 0.035398 0.040291 0.044903 0.048974 0.052234 0.055197 0.056365 0.057254 0.056245 0.054253 0.051456 0.048123 0.043124 0.038373 0.033679 0.028758 0.024005 0.019606 0.015726 0.012253 0.009597 0.007166 0.005155 0.003747 0.002563 0.001840 0.001202 0.000784 0.000485 0.000293 0.000206 0.000119 0.000070 0.000030 0.000017 0.000006 0.000010 0.000008 0.000001 0.000001 0.000000 0.000000 0.000000 0.000000 0.000000 0.000000 0.000000 
t: 0.002227272727 start: 208 end: 279 0.000001 0.000002 0.000002 0.000012 0.000022 0.000030 0.000047 0.000083 0.000141 0.000213 0.000348 0.000515 0.000844 0.001274 0.001814 0.002654 0.003659 0.004984 0.006748 0.009073 0.011660 0.014695 0.018353 0.022511 0.027380 0.032212 0.036830 0.041476 0.045935 0.050450 0.053480 0.055881 0.057473 0.056990 0.056090 0.053999 0.050560 0.046636 0.041859 0.037330 0.032463 0.027073 0.022586 0.018144 0.014575 0.011552 0.008634 0.006398 0.004542 0.003297 0.002232 0.001461 0.001114 0.000688 0.000399 0.000236 0.000156 0.000083 0.000043 0.000018 0.000014 0.000019 0.000006 0.000001 0.000000 0.000000 0.000000 0.000000 0.000000 0.000000 0.000000 0.000000 
t: 0.002139737991 start: 209 end: 281 0.000001 0.000001 0.000001 0.000000 0.000007 0.000012 0.000025 0.000039 0.000070 0.000098 0.000157 0.000248 0.000446 0.000643 0.000952 0.001446 0.002100 0.003022 0.004139 0.005707 0.007568 0.009909 0.012936 0.016269 0.020323 0.024481 0.029160 0.034186 0.039136 0.043723 0.047980 0.052071 0.055238 0.056679 0.057655 0.057450 0.055363 0.052711 0.049251 0.044762 0.040080 0.034804 0.029796 0.024923 0.020548 0.016549 0.013019 0.009904 0.007417 0.005405 0.003795 0.002730 0.001777 0.001223 0.000808 0.000524 0.000316 0.000184 0.000100 0.000056 0.000037 0.000018 0.000015 0.000001 0.000005 0.000001 0.000000 0.000000 0.000000 0.000000 0.000000 0.000000 0.000000 
t: 0.002058823530 start: 211 end: 283 0.000001 0.000001 0.000001 0.000000 0.000004 0.000008 0.000020 0.000033 0.000046 0.000087 0.000126 0.000193 0.000338 0.000529 0.000813 0.001157 0.001757 0.002462 0.003569 0.004916 0.006775 0.008778 0.011573 0.014719 0.018410 0.022703 0.027321 0.032128 0.036691 0.042022 0.046674 0.050469 0.054237 0.056441 0.057566 0.057941 0.056860 0.054421 0.051017 0.046852 0.042297 0.036651 0.032131 0.027043 0.022082 0.017850 0.014021 0.010976 0.008151 0.006107 0.004285 0.003012 0.002026 0.001340 0.000891 0.000598 0.000388 0.000219 0.000107 0.000079 0.000042 0.000018 0.000014 0.000005 0.000007 0.000000 0.000001 0.000000 0.000000 0.000000 0.000000 0.000000 0.000000 
t: 0.001983805668 start: 214 end: 285 0.000002 0.000000 0.000002 0.000002 0.000010 0.000016 0.000025 0.000040 0.000061 0.000103 0.000189 0.000262 0.000421 0.000722 0.001007 0.001559 0.002249 0.003190 0.004400 0.005983 0.008083 0.010367 0.013828 0.017323 0.021522 0.025852 0.030454 0.035657 0.040610 0.045617 0.049699 0.053446 0.056284 0.057812 0.058511 0.057292 0.055618 0.052436 0.048471 0.042995 0.038533 0.033569 0.027778 0.023425 0.018889 0.014812 0.011664 0.008768 0.006546 0.004558 0.003213 0.002193 0.001467 0.000902 0.000635 0.000404 0.000223 0.000130 0.000078 0.000035 0.000026 0.000018 0.000009 0.000003 0.000002 0.000000 0.000000 0.000000 0.000000 0.000000 0.000000 0.000000 
t: 0.001914062500 start: 216 end: 288 0.000002 0.000001 0.000001 0.000004 0.000005 0.000013 0.000020 0.000027 0.000060 0.000089 0.000155 0.000265 0.000402 0.000595 0.000912 0.001503 0.001994 0.002874 0.004186 0.005650 0.007579 0.009915 0.012929 0.016543 0.020885 0.024849 0.030107 0.034764 0.039938 0.045104 0.049308 0.053007 0.056580 0.058040 0.058261 0.057987 0.056330 0.052908 0.049180 0.044483 0.039218 0.033917 0.028924 0.023750 0.019462 0.015396 0.011897 0.008970 0.006683 0.004707 0.003380 0.002275 0.001449 0.000969 0.000626 0.000395 0.000213 0.000154 0.000069 0.000036 0.000026 0.000010 0.000015 0.000003 0.000001 0.000000 0.000000 0.000000 0.000000 0.000000 0.000000 0.000000 0.000000 
t: 0.001849056604 start: 219 end: 289 0.000001 0.000003 0.000004 0.000006 0.000010 0.000015 0.000033 0.000041 0.000092 0.000140 0.000245 0.000365 0.000559 0.000891 0.001312 0.002016 0.002777 0.003951 0.005473 0.007556 0.009694 0.012789 0.016127 0.020046 0.024798 0.029855 0.034703 0.039848 0.044719 0.049413 0.053631 0.056488 0.058336 0.058849 0.058127 0.056484 0.053388 0.049494 0.044698 0.039639 0.034186 0.029147 0.023958 0.019218 0.015394 0.011908 0.009063 0.006567 0.004601 0.003240 0.002198 0.001503 0.000918 0.000596 0.000382 0.000212 0.000126 0.000084 0.000039 0.000021 0.000014 0.000007 0.000002 0.000000 0.000000 0.000000 0.000000 0.000000 0.000000 0.000000 0.000000 
t: 0.001788321168 start: 222 end: 290 0.000004 0.000001 0.000004 0.000013 0.000013 0.000024 0.000058 0.000077 0.000153 0.000219 0.000337 0.000583 0.000873 0.001296 0.002019 0.002846 0.003941 0.005446 0.007329 0.009813 0.012905 0.016244 0.020377 0.024792 0.030010 0.035225 0.040034 0.045638 0.050017 0.053813 0.056825 0.058576 0.059047 0.058594 0.056803 0.053533 0.048923 0.044672 0.039416 0.033962 0.028470 0.023648 0.018985 0.014997 0.011450 0.008498 0.006396 0.004429 0.003059 0.002100 0.001369 0.000826 0.000549 0.000316 0.000207 0.000106 0.000073 0.000037 0.000016 0.000010 0.000004 0.000000 0.000000 0.000000 0.000000 0.000000 0.000000 0.000000 0.000000 
t: 0.001731448763 start: 223 end: 292 0.000001 0.000002 0.000001 0.000007 0.000004 0.000019 0.000028 0.000033 0.000095 0.000155 0.000233 0.000359 0.000568 0.000898 0.001363 0.002057 0.002932 0.004051 0.005551 0.007647 0.010195 0.013134 0.016838 0.020801 0.025742 0.030685 0.036125 0.041152 0.046099 0.050816 0.054560 0.057743 0.058769 0.059631 0.058521 0.056739 0.052823 0.048953 0.043622 0.038826 0.032906 0.027559 0.022790 0.018445 0.014158 0.010784 0.008047 0.005872 0.003970 0.002724 0.001853 0.001216 0.000786 0.000460 0.000280 0.000175 0.000089 0.000050 0.000033 0.000015 0.000008 0.000000 0.000002 0.000000 0.000000 0.000000 0.000000 0.000000 0.000000 0.000000 
t: 0.001678082192 start: 225 end: 293 0.000003 0.000000 0.000002 0.000002 0.000011 0.000018 0.000028 0.000051 0.000095 0.000156 0.000280 0.000403 0.000584 0.001004 0.001463 0.002160 0.003037 0.004317 0.006128 0.008048 0.010637 0.013909 0.017555 0.021978 0.026760 0.031989 0.037346 0.042402 0.047258 0.052150 0.055648 0.058395 0.059781 0.060067 0.058462 0.055776 0.052530 0.047504 0.042675 0.037259 0.031633 0.026388 0.021481 0.016891 0.013307 0.010006 0.007229 0.005053 0.003601 0.002317 0.001605 0.001041 0.000680 0.000391 0.000218 0.000142 0.000074 0.000036 0.000017 0.000008 0.000005 0.000006 0.000000 0.000000 0.000000 0.000000 0.000000 0.000000 0.000000 
t: 0.001627906977 start: 226 end: 296 0.000001 0.000001 0.000001 0.000003 0.000010 0.000008 0.000011 0.000040 0.000061 0.000085 0.000177 0.000282 0.000472 0.000766 0.001061 0.001607 0.002302 0.003472 0.004625 0.006430 0.008716 0.011768 0.015177 0.018657 0.023230 0.028598 0.033530 0.038909 0.044086 0.049128 0.053647 0.056877 0.059466 0.060018 0.060037 0.058434 0.055129 0.051055 0.046042 0.040945 0.035655 0.029843 0.024519 0.019808 0.015605 0.011794 0.008874 0.006273 0.004362 0.002979 0.001983 0.001361 0.000909 0.000496 0.000284 0.000185 0.000106 0.000047 0.000026 0.000014 0.000008 0.000002 0.000003 0.000000 0.000000 0.000000 0.000000 0.000000 0.000000 0.000000 0.000000 
t: 0.001580645161 start: 228 end: 296 0.000001 0.000000 0.000003 0.000003 0.000006 0.000009 0.000023 0.000045 0.000073 0.000128 0.000190 0.000329 0.000552 0.000837 0.001199 0.001805 0.002661 0.003851 0.005296 0.007007 0.009969 0.012634 0.016551 0.020534 0.025061 0.030392 0.035802 0.041078 0.046454 0.050998 0.055528 0.058211 0.060211 0.060749 0.059420 0.057848 0.054165 0.049154 0.044237 0.038793 0.033032 0.027572 0.022557 0.017674 0.013820 0.010280 0.007506 0.005346 0.003660 0.002471 0.001629 0.001093 0.000656 0.000392 0.000212 0.000140 0.000075 0.000044 0.000020 0.000008 0.000002 0.000004 0.000000 0.000000 0.000000 0.000000 0.000000 0.000000 0.000000 
t: 0.001536050157 start: 230 end: 299 0.000002 0.000000 0.000002 0.000002 0.000010 0.000011 0.000033 0.000053 0.000088 0.000146 0.000243 0.000394 0.000644 0.000967 0.001441 0.002120 0.003060 0.004292 0.006118 0.008255 0.010953 0.014526 0.017921 0.022587 0.027424 0.032809 0.038705 0.043765 0.048848 0.053665 0.056676 0.060179 0.060796 0.060738 0.058951 0.056335 0.052046 0.047384 0.041785 0.035962 0.030143 0.025004 0.020002 0.015641 0.011839 0.008710 0.006354 0.004260 0.002958 0.001955 0.001254 0.000814 0.000503 0.000251 0.000180 0.000097 0.000054 0.000033 0.000005 0.000004 0.000001 0.000001 0.000000 0.000001 0.000000 0.000000 0.000000 0.000000 0.000000 0.000000 
t: 0.001493902439 start: 230 end: 299 0.000001 0.000000 0.000001 0.000001 0.000003 0.000004 0.000018 0.000020 0.000033 0.000074 0.000113 0.000169 0.000333 0.000494 0.000734 0.001149 0.001778 0.002508 0.003567 0.005135 0.007143 0.009670 0.012661 0.016005 0.020259 0.024861 0.030322 0.036122 0.041300 0.046982 0.051771 0.055884 0.059060 0.060849 0.061459 0.060389 0.057657 0.054414 0.049567 0.044456 0.038613 0.033136 0.027186 0.021982 0.017307 0.013314 0.009923 0.007152 0.005001 0.003359 0.002288 0.001501 0.000972 0.000550 0.000309 0.000207 0.000128 0.000049 0.000027 0.000019 0.000006 0.000004 0.000000 0.000001 0.000000 0.000000 0.000000 0.000000 0.000000 0.000000 
t: 0.001454005935 start: 231 end: 299 0.000001 0.000000 0.000000 0.000000 0.000003 0.000004 0.000011 0.000017 0.000035 0.000051 0.000084 0.000141 0.000243 0.000407 0.000591 0.000950 0.001476 0.002074 0.003038 0.004402 0.006167 0.008529 0.011239 0.014345 0.018343 0.023107 0.027980 0.033776 0.039025 0.044739 0.050068 0.054908 0.058349 0.060891 0.061509 0.061274 0.059596 0.056262 0.051428 0.046544 0.041355 0.035202 0.029174 0.023851 0.018955 0.014620 0.010851 0.008088 0.005603 0.003826 0.002572 0.001651 0.001095 0.000703 0.000364 0.000237 0.000112 0.000067 0.000035 0.000019 0.000005 0.000005 0.000001 0.000002 0.000000 0.000000 0.000000 0.000000 0.000000 
t: 0.001416184971 start: 234 end: 304 0.000001 0.000002 0.000002 0.000002 0.000005 0.000015 0.000031 0.000036 0.000064 0.000123 0.000202 0.000302 0.000487 0.000808 0.001185 0.001836 0.002697 0.003781 0.005340 0.007541 0.009919 0.013187 0.016984 0.021229 0.026328 0.031851 0.037422 0.042700 0.048419 0.053273 0.057909 0.060730 0.061897 0.061927 0.060517 0.057566 0.053608 0.048539 0.043119 0.036939 0.031144 0.025524 0.020495 0.015697 0.011813 0.008693 0.006235 0.004205 0.002887 0.001887 0.001198 0.000711 0.000453 0.000234 0.000143 0.000080 0.000044 0.000019 0.000010 0.000001 0.000002 0.000001 0.000001 0.000000 0.000000 0.000000 0.000000 0.000000 0.000000 0.000000 0.000000 
t: 0.001380281690 start: 236 end: 304 0.000001 0.000004 0.000003 0.000004 0.000012 0.000015 0.000035 0.000054 0.000109 0.000131 0.000268 0.000447 0.000694 0.001012 0.001524 0.002346 0.003427 0.004720 0.006672 0.009118 0.012061 0.015733 0.019870 0.024913 0.030192 0.035854 0.041514 0.046604 0.052367 0.056670 0.060301 0.061852 0.062881 0.061388 0.058648 0.055319 0.050007 0.045153 0.038654 0.032524 0.027094 0.021449 0.016871 0.012684 0.009349 0.006570 0.004587 0.003090 0.002052 0.001291 0.000809 0.000471 0.000265 0.000145 0.000084 0.000046 0.000023 0.000009 0.000006 0.000003 0.000000 0.000001 0.000000 0.000000 0.000000 0.000000 0.000000 0.000000 0.000000 
t: 0.001346153846 start: 236 end: 305 0.000001 0.000001 0.000004 0.000001 0.000004 0.000008 0.000013 0.000020 0.000052 0.000069 0.000138 0.000224 0.000396 0.000546 0.000887 0.001432 0.002062 0.003047 0.004313 0.006117 0.008399 0.011172 0.014698 0.018628 0.023633 0.028863 0.034540 0.040414 0.045773 0.050952 0.055889 0.059958 0.062501 0.062592 0.062424 0.060025 0.056416 0.051580 0.045969 0.039881 0.034190 0.028300 0.022451 0.017558 0.013409 0.009732 0.007041 0.004965 0.003189 0.002206 0.001397 0.000833 0.000497 0.000257 0.000166 0.000078 0.000048 0.000018 0.000011 0.000007 0.000004 0.000001 0.000000 0.000000 0.000000 0.000000 0.000000 0.000000 0.000000 0.000000 
t: 0.001313672922 start: 238 end: 306 0.000002 0.000002 0.000003 0.000003 0.000005 0.000010 0.000021 0.000040 0.000061 0.000097 0.000215 0.000335 0.000505 0.000838 0.001186 0.001967 0.002781 0.003930 0.005586 0.007884 0.010589 0.013723 0.017883 0.022459 0.027994 0.033458 0.038754 0.045199 0.050821 0.055193 0.059708 0.062096 0.062982 0.062941 0.060980 0.057570 0.052266 0.047029 0.041535 0.035061 0.028925 0.023423 0.018282 0.014072 0.010062 0.007252 0.005190 0.003420 0.002219 0.001443 0.000890 0.000495 0.000296 0.000163 0.000069 0.000040 0.000021 0.000018 0.000005 0.000002 0.000001 0.000000 0.000000 0.000000 0.000000 0.000000 0.000000 0.000000 0.000000 
t: 0.001282722513 start: 239 end: 308 0.000001 0.000001 0.000002 0.000007 0.000005 0.000005 0.000022 0.000029 0.000046 0.000101 0.000169 0.000304 0.000482 0.000700 0.001137 0.001779 0.002596 0.003666 0.005260 0.007365 0.009919 0.013208 0.017247 0.021816 0.026917 0.032794 0.038142 0.044490 0.050245 0.055142 0.059152 0.062070 0.063597 0.063330 0.061681 0.058077 0.053273 0.048057 0.042192 0.035844 0.029726 0.024046 0.018766 0.014291 0.010311 0.007567 0.005147 0.003505 0.002352 0.001393 0.000920 0.000515 0.000275 0.000136 0.000092 0.000048 0.000027 0.000008 0.000002 0.000001 0.000001 0.000000 0.000000 0.000001 0.000000 0.000000 0.000000 0.000000 0.000000 0.000000 
t: 0.001253196931 start: 241 end: 307 0.000003 0.000000 0.000003 0.000004 0.000008 0.000019 0.000033 0.000042 0.000089 0.000158 0.000256 0.000422 0.000656 0.001130 0.001662 0.002383 0.003439 0.004906 0.006936 0.009636 0.012944 0.016498 0.021422 0.026388 0.031980 0.037906 0.044008 0.049549 0.054705 0.059565 0.062381 0.064151 0.063254 0.062005 0.058908 0.053765 0.048907 0.042946 0.036252 0.030416 0.024271 0.019076 0.014361 0.010443 0.007579 0.005248 0.003565 0.002240 0.001483 0.000901 0.000510 0.000273 0.000157 0.000080 0.000044 0.000020 0.000008 0.000003 0.000000 0.000002 0.000000 0.000001 0.000000 0.000000 0.000000 0.000000 0.000000 
t: 0.001225000000 start: 241 end: 309 0.000001 0.000002 0.000001 0.000001 0.000008 0.000009 0.000018 0.000023 0.000045 0.000071 0.000140 0.000257 0.000381 0.000632 0.001092 0.001536 0.002272 0.003390 0.004720 0.006751 0.009327 0.012421 0.016338 0.020829 0.026013 0.031908 0.037289 0.043996 0.049729 0.054755 0.059231 0.062854 0.064101 0.063958 0.062471 0.059185 0.054617 0.049369 0.043067 0.036886 0.030254 0.024353 0.019053 0.014289 0.010617 0.007550 0.005167 0.003403 0.002239 0.001485 0.000863 0.000475 0.000279 0.000138 0.000072 0.000035 0.000019 0.000007 0.000003 0.000004 0.000000 0.000000 0.000001 0.000000 0.000000 0.000000 0.000000 0.000000 0.000000 
t: 0.001198044010 start: 242 end: 309 0.000001 0.000000 0.000002 0.000005 0.000003 0.000007 0.000019 0.000027 0.000043 0.000062 0.000117 0.000244 0.000373 0.000623 0.001025 0.001507 0.002162 0.003301 0.004675 0.006564 0.009134 0.012172 0.016172 0.020675 0.026043 0.031188 0.037615 0.043790 0.049859 0.055250 0.059457 0.062973 0.064264 0.064396 0.062972 0.059558 0.055225 0.049276 0.043206 0.036627 0.030421 0.024289 0.018851 0.014225 0.010473 0.007448 0.004982 0.003345 0.002211 0.001332 0.000844 0.000445 0.000261 0.000121 0.000068 0.000039 0.000016 0.000009 0.000003 0.000004 0.000000 0.000001 0.000000 0.000000 0.000000 0.000000 0.000000 0.000000 
t: 0.001172248804 start: 242 end: 310 0.000001 0.000000 0.000000 0.000001 0.000002 0.000008 0.000006 0.000013 0.000029 0.000038 0.000065 0.000113 0.000239 0.000346 0.000638 0.000987 0.001409 0.002196 0.003242 0.004581 0.006614 0.008970 0.012283 0.016046 0.020759 0.025555 0.031650 0.037614 0.043954 0.050492 0.055258 0.060145 0.063501 0.064508 0.064858 0.062910 0.059966 0.055235 0.049273 0.043098 0.036410 0.030023 0.024061 0.018431 0.014180 0.010076 0.007161 0.004856 0.003222 0.002015 0.001319 0.000765 0.000411 0.000220 0.000130 0.000055 0.000033 0.000017 0.000006 0.000003 0.000001 0.000001 0.000001 0.000000 0.000000 0.000000 0.000000 0.000000 0.000000 
t: 0.001147540984 start: 242 end: 310 0.000001 0.000000 0.000000 0.000001 0.000001 0.000005 0.000002 0.000007 0.000012 0.000027 0.000031 0.000056 0.000119 0.000207 0.000374 0.000606 0.000957 0.001491 0.002117 0.003157 0.004741 0.006536 0.009216 0.012184 0.016107 0.020817 0.026058 0.031804 0.037934 0.044620 0.050685 0.056006 0.060650 0.063678 0.065058 0.065060 0.063520 0.060069 0.054965 0.049140 0.042774 0.035827 0.029480 0.023445 0.017977 0.013763 0.009802 0.006810 0.004515 0.003012 0.001884 0.001223 0.000672 0.000385 0.000216 0.000099 0.000053 0.000026 0.000006 0.000007 0.000001 0.000000 0.000003 0.000000 0.000001 0.000000 0.000000 0.000000 0.000000 
t: 0.001123853211 start: 243 end: 309 0.000001 0.000000 0.000000 0.000001 0.000000 0.000005 0.000002 0.000009 0.000013 0.000021 0.000034 0.000062 0.000113 0.000227 0.000366 0.000577 0.000982 0.001452 0.002136 0.003313 0.004714 0.006689 0.009232 0.012445 0.016489 0.021122 0.026341 0.032349 0.038490 0.045272 0.051448 0.056755 0.061388 0.063771 0.065592 0.065893 0.063231 0.059954 0.054517 0.048842 0.041829 0.035238 0.028966 0.022747 0.017570 0.013036 0.009326 0.006319 0.004314 0.002685 0.001754 0.001053 0.000611 0.000343 0.000189 0.000104 0.000034 0.000015 0.000009 0.000006 0.000000 0.000003 0.000000 0.000001 0.000000 0.000000 0.000000 
t: 0.001101123596 start: 243 end: 311 0.000001 0.000000 0.000000 0.000000 0.000001 0.000001 0.000001 0.000005 0.000003 0.000015 0.000027 0.000040 0.000054 0.000115 0.000218 0.000383 0.000624 0.000944 0.001498 0.002289 0.003309 0.004884 0.006814 0.009531 0.012745 0.016831 0.021626 0.026998 0.032991 0.039520 0.046094 0.052079 0.057685 0.061658 0.064799 0.066445 0.065349 0.063700 0.059587 0.053916 0.048150 0.040910 0.034692 0.027934 0.021844 0.016746 0.012286 0.008596 0.006017 0.003846 0.002540 0.001586 0.000948 0.000521 0.000287 0.000173 0.000071 0.000046 0.000014 0.000006 0.000002 0.000003 0.000001 0.000001 0.000000 0.000000 0.000000 0.000000 0.000000 
t: 0.001079295154 start: 246 end: 312 0.000001 0.000000 0.000001 0.000000 0.000002 0.000003 0.000004 0.000020 0.000023 0.000047 0.000064 0.000124 0.000210 0.000395 0.000623 0.000999 0.001559 0.002321 0.003482 0.005046 0.007075 0.009748 0.013288 0.017301 0.022204 0.027597 0.034160 0.040649 0.047003 0.053528 0.058320 0.062688 0.065495 0.066587 0.065905 0.063203 0.059080 0.053559 0.046901 0.040064 0.033285 0.026721 0.021011 0.015789 0.011432 0.008087 0.005397 0.003551 0.002245 0.001454 0.000815 0.000413 0.000273 0.000132 0.000062 0.000031 0.000015 0.000003 0.000003 0.000000 0.000001 0.000001 0.000000 0.000000 0.000000 0.000000 0.000000 
t: 0.001058315335 start: 248 end: 314 0.000001 0.000001 0.000000 0.000002 0.000001 0.000012 0.000014 0.000023 0.000049 0.000068 0.000135 0.000223 0.000383 0.000655 0.001115 0.001607 0.002455 0.003619 0.005222 0.007474 0.010099 0.013927 0.017966 0.023004 0.028826 0.035152 0.041706 0.048629 0.054393 0.059557 0.063772 0.066100 0.067235 0.065642 0.062854 0.058384 0.052483 0.045731 0.038765 0.032117 0.025477 0.019699 0.014723 0.010542 0.007419 0.004870 0.003157 0.001997 0.001244 0.000682 0.000402 0.000195 0.000100 0.000043 0.000032 0.000010 0.000003 0.000002 0.000001 0.000001 0.000000 0.000000 0.000000 0.000000 0.000000 0.000000 0.000000 
t: 0.001038135593 start: 250 end: 315 0.000002 0.000001 0.000001 0.000002 0.000016 0.000013 0.000023 0.000048 0.000097 0.000128 0.000210 0.000413 0.000745 0.001147 0.001726 0.002570 0.003856 0.005613 0.007706 0.010623 0.014550 0.018874 0.024174 0.029999 0.036254 0.043429 0.049728 0.055764 0.061218 0.064602 0.066796 0.067096 0.065707 0.062414 0.057549 0.051150 0.044398 0.037396 0.030370 0.024230 0.018453 0.013488 0.009768 0.006475 0.004348 0.002800 0.001780 0.001033 0.000568 0.000335 0.000162 0.000089 0.000032 0.000020 0.000006 0.000002 0.000002 0.000000 0.000000 0.000001 0.000000 0.000000 0.000000 0.000000 0.000000 0.000000 
t: 0.001018711019 start: 251 end: 314 0.000001 0.000000 0.000002 0.000006 0.000010 0.000016 0.000028 0.000055 0.000093 0.000130 0.000248 0.000444 0.000814 0.001205 0.001855 0.002816 0.004092 0.005876 0.008199 0.011481 0.015438 0.019833 0.025331 0.031452 0.038073 0.044728 0.051191 0.057287 0.062555 0.065586 0.067234 0.067239 0.065705 0.061694 0.056067 0.049629 0.043122 0.035604 0.028715 0.022844 0.016762 0.012364 0.008761 0.005744 0.003881 0.002428 0.001543 0.000839 0.000484 0.000261 0.000127 0.000054 0.000034 0.000011 0.000004 0.000004 0.000000 0.000000 0.000001 0.000000 0.000000 0.000000 0.000000 0.000000 
t: 0.001000000000 start: 252 end: 315 0.000001 0.000000 0.000004 0.000006 0.000010 0.000012 0.000043 0.000053 0.000080 0.000153 0.000278 0.000497 0.000865 0.001327 0.002022 0.003028 0.004453 0.006287 0.008888 0.012229 0.016291 0.021208 0.026584 0.033064 0.040011 0.046366 0.053286 0.058854 0.063432 0.066584 0.068279 0.067170 0.065087 0.060353 0.055159 0.047877 0.040746 0.033808 0.027220 0.020830 0.015454 0.011091 0.007721 0.005183 0.003278 0.002132 0.001244 0.000684 0.000379 0.000217 0.000092 0.000043 0.000023 0.000007 0.000005 0.000001 0.000000 0.000001 0.000000 0.000000 0.000000 0.000000 0.000000 0.000000 
