t: 0.059999999999 start: 16 end: 55 0.000001 0.000007 0.000014 0.000083 0.000308 0.000962 0.002491 0.006095 0.013223 0.024791 0.042876 0.064804 0.088372 0.109080 0.123300 0.125132 0.113734 0.095077 0.072411 0.049771 0.031399 0.018230 0.009741 0.004617 0.002109 0.000871 0.000338 0.000120 0.000028 0.000010 0.000004 0.000001 0.000000 0.000000 0.000000 0.000000 0.000000 0.000000 0.000000 0.000000 
t: 0.054545454544 start: 18 end: 58 0.000001 0.000005 0.000016 0.000060 0.000211 0.000650 0.001731 0.004265 0.009172 0.017809 0.031330 0.049642 0.071369 0.093086 0.109985 0.119278 0.118206 0.106258 0.087877 0.066732 0.046551 0.029856 0.017606 0.009568 0.004905 0.002248 0.000990 0.000389 0.000136 0.000043 0.000017 0.000006 0.000002 0.000000 0.000000 0.000000 0.000000 0.000000 0.000000 0.000000 0.000000 
t: 0.049999999999 start: 21 end: 62 0.000002 0.000013 0.000046 0.000135 0.000493 0.001266 0.003141 0.006584 0.013094 0.023573 0.038198 0.057230 0.077405 0.096517 0.110871 0.115083 0.111034 0.099182 0.080286 0.060718 0.042391 0.027774 0.016760 0.009326 0.004873 0.002287 0.001014 0.000430 0.000181 0.000068 0.000019 0.000002 0.000002 0.000002 0.000000 0.000000 0.000000 0.000000 0.000000 0.000000 0.000000 0.000000 
t: 0.046153846153 start: 22 end: 64 0.000001 0.000000 0.000010 0.000028 0.000117 0.000373 0.001023 0.002214 0.005055 0.009814 0.018200 0.030081 0.045768 0.064267 0.083601 0.099337 0.109583 0.111019 0.104333 0.090806 0.072962 0.055325 0.038774 0.025022 0.015146 0.008608 0.004476 0.002268 0.001029 0.000492 0.000180 0.000052 0.000025 0.000008 0.000002 0.000001 0.000000 0.000000 0.000000 0.000000 0.000000 0.000000 0.000000 
t: 0.042857142857 start: 25 end: 67 0.000005 0.000011 0.000026 0.000109 0.000307 0.000772 0.001800 0.003832 0.007669 0.014213 0.023947 0.037732 0.053851 0.071378 0.088434 0.100529 0.107691 0.106200 0.097685 0.082766 0.065936 0.049628 0.034247 0.022265 0.013469 0.007662 0.004006 0.002126 0.000996 0.000429 0.000169 0.000076 0.000021 0.000011 0.000002 0.000000 0.000000 0.000000 0.000000 0.000000 0.000000 0.000000 0.000000 
t: 0.040000000000 start: 26 end: 70 0.000001 0.000002 0.000004 0.000020 0.000076 0.000243 0.000658 0.001441 0.003130 0.006126 0.011314 0.019536 0.030822 0.045394 0.061920 0.077974 0.092919 0.101864 0.104772 0.100239 0.089326 0.074942 0.058681 0.043545 0.030051 0.019474 0.011741 0.006763 0.003601 0.001861 0.000901 0.000401 0.000165 0.000062 0.000020 0.000006 0.000005 0.000000 0.000000 0.000000 0.000000 0.000000 0.000000 0.000000 0.000000 
t: 0.037500000000 start: 27 end: 73 0.000001 0.000000 0.000001 0.000006 0.000018 0.000077 0.000189 0.000521 0.001228 0.002524 0.004904 0.009534 0.015995 0.025890 0.038761 0.053830 0.069538 0.084057 0.095554 0.100829 0.100577 0.093676 0.081610 0.067232 0.051701 0.037812 0.025452 0.016514 0.010118 0.005759 0.003136 0.001664 0.000729 0.000348 0.000131 0.000060 0.000012 0.000008 0.000003 0.000001 0.000000 0.000000 0.000000 0.000000 0.000000 0.000000 0.000000 
t: 0.035294117647 start: 32 end: 76 0.000004 0.000019 0.000066 0.000185 0.000448 0.000997 0.002144 0.004291 0.007830 0.013621 0.022045 0.033453 0.046980 0.062382 0.076679 0.088718 0.096157 0.099079 0.095234 0.086344 0.073668 0.059387 0.044444 0.032192 0.021530 0.013822 0.008398 0.004825 0.002629 0.001305 0.000659 0.000268 0.000125 0.000046 0.000016 0.000009 0.000001 0.000000 0.000000 0.000000 0.000000 0.000000 0.000000 0.000000 0.000000 
t: 0.033333333333 start: 33 end: 79 0.000001 0.000005 0.000025 0.000071 0.000174 0.000377 0.000875 0.001814 0.003681 0.006785 0.011683 0.019178 0.029163 0.041598 0.055808 0.069758 0.082535 0.091302 0.096447 0.096056 0.088834 0.078180 0.065497 0.051442 0.037820 0.026774 0.017916 0.011312 0.006969 0.003978 0.002002 0.001050 0.000498 0.000232 0.000096 0.000037 0.000013 0.000012 0.000002 0.000000 0.000000 0.000000 0.000000 0.000000 0.000000 0.000000 0.000000 
t: 0.031578947368 start: 34 end: 83 0.000001 0.000003 0.000003 0.000019 0.000074 0.000142 0.000373 0.000734 0.001685 0.003208 0.005936 0.010302 0.016841 0.026168 0.037253 0.050127 0.064035 0.076756 0.087268 0.092880 0.094409 0.089689 0.082029 0.070304 0.056800 0.043753 0.031881 0.022100 0.014536 0.009112 0.005390 0.003100 0.001578 0.000837 0.000365 0.000178 0.000088 0.000032 0.000003 0.000005 0.000002 0.000001 0.000000 0.000000 0.000000 0.000000 0.000000 0.000000 0.000000 0.000000 
t: 0.030000000000 start: 36 end: 84 0.000002 0.000003 0.000006 0.000031 0.000055 0.000128 0.000329 0.000726 0.001505 0.003029 0.005367 0.009152 0.015259 0.023102 0.033697 0.046117 0.059183 0.071820 0.082012 0.089890 0.092406 0.090452 0.083764 0.073225 0.061630 0.048566 0.036615 0.026331 0.017792 0.011657 0.007200 0.004186 0.002400 0.001251 0.000628 0.000287 0.000108 0.000055 0.000024 0.000005 0.000005 0.000000 0.000000 0.000000 0.000000 0.000000 0.000000 0.000000 0.000000 
t: 0.028571428571 start: 38 end: 88 0.000003 0.000003 0.000005 0.000020 0.000053 0.000148 0.000327 0.000650 0.001385 0.002792 0.004960 0.008561 0.013733 0.021336 0.031025 0.042108 0.055105 0.067307 0.078232 0.086284 0.090228 0.089873 0.084756 0.076045 0.064801 0.053083 0.040656 0.029934 0.020965 0.014377 0.009098 0.005392 0.003268 0.001738 0.000937 0.000444 0.000208 0.000077 0.000051 0.000027 0.000002 0.000001 0.000002 0.000000 0.000000 0.000000 0.000000 0.000000 0.000000 0.000000 0.000000 
t: 0.027272727273 start: 40 end: 91 0.000003 0.000002 0.000008 0.000032 0.000055 0.000128 0.000311 0.000667 0.001373 0.002541 0.004542 0.008089 0.012886 0.019755 0.028665 0.039422 0.051286 0.063352 0.074743 0.082778 0.088532 0.089179 0.084921 0.077046 0.067518 0.056395 0.044428 0.033643 0.024171 0.016644 0.011056 0.006899 0.004139 0.002289 0.001279 0.000628 0.000318 0.000150 0.000079 0.000028 0.000012 0.000005 0.000002 0.000000 0.000000 0.000001 0.000000 0.000000 0.000000 0.000000 0.000000 0.000000 
t: 0.026086956522 start: 42 end: 94 0.000001 0.000004 0.000008 0.000031 0.000060 0.000126 0.000325 0.000646 0.001278 0.002489 0.004490 0.007429 0.012217 0.018696 0.027066 0.037055 0.048906 0.059999 0.071226 0.080056 0.085687 0.087417 0.084998 0.078728 0.069561 0.058905 0.047356 0.036571 0.026874 0.018920 0.013062 0.008316 0.005128 0.002995 0.001636 0.000861 0.000454 0.000218 0.000115 0.000056 0.000020 0.000008 0.000004 0.000000 0.000001 0.000001 0.000000 0.000000 0.000000 0.000000 0.000000 0.000000 0.000000 
t: 0.025000000000 start: 44 end: 96 0.000003 0.000003 0.000009 0.000032 0.000057 0.000140 0.000322 0.000668 0.001244 0.002410 0.004334 0.007329 0.011733 0.017692 0.025931 0.035411 0.046558 0.057815 0.068312 0.077264 0.083134 0.085733 0.084594 0.078869 0.070980 0.061384 0.050048 0.039019 0.029416 0.021026 0.014651 0.009647 0.006153 0.003659 0.002074 0.001170 0.000581 0.000336 0.000136 0.000070 0.000031 0.000013 0.000007 0.000000 0.000001 0.000000 0.000000 0.000001 0.000000 0.000000 0.000000 0.000000 0.000000 
t: 0.024000000000 start: 44 end: 98 0.000001 0.000000 0.000002 0.000002 0.000014 0.000028 0.000059 0.000160 0.000309 0.000622 0.001266 0.002413 0.004369 0.007067 0.011434 0.017306 0.024873 0.034384 0.044381 0.055438 0.066305 0.075075 0.081119 0.084629 0.083226 0.078813 0.072398 0.062434 0.051839 0.041315 0.031671 0.023166 0.016119 0.010873 0.006940 0.004401 0.002524 0.001431 0.000801 0.000393 0.000206 0.000113 0.000054 0.000014 0.000008 0.000003 0.000001 0.000000 0.000001 0.000000 0.000000 0.000000 0.000000 0.000000 0.000000 
t: 0.023076923077 start: 47 end: 99 0.000001 0.000000 0.000006 0.000013 0.000028 0.000074 0.000154 0.000315 0.000682 0.001315 0.002464 0.004376 0.007082 0.011207 0.016963 0.024087 0.033178 0.043359 0.054001 0.064262 0.073001 0.079519 0.082711 0.082927 0.078638 0.072265 0.063301 0.053264 0.043105 0.033621 0.024846 0.017637 0.011963 0.007953 0.004976 0.003046 0.001725 0.000899 0.000515 0.000249 0.000144 0.000076 0.000032 0.000017 0.000000 0.000000 0.000002 0.000001 0.000000 0.000000 0.000000 0.000000 0.000000 
t: 0.022222222222 start: 48 end: 103 0.000001 0.000000 0.000003 0.000003 0.000015 0.000028 0.000092 0.000175 0.000334 0.000693 0.001405 0.002637 0.004412 0.007186 0.011264 0.016753 0.023949 0.032212 0.042418 0.052556 0.063037 0.071424 0.077953 0.081349 0.081673 0.078174 0.072461 0.064024 0.054482 0.044348 0.034439 0.026357 0.018829 0.012973 0.008834 0.005634 0.003450 0.002013 0.001150 0.000606 0.000324 0.000173 0.000091 0.000038 0.000020 0.000003 0.000002 0.000000 0.000002 0.000000 0.000001 0.000000 0.000000 0.000000 0.000000 0.000000 
t: 0.021428571428 start: 49 end: 104 0.000001 0.000000 0.000000 0.000003 0.000012 0.000012 0.000032 0.000087 0.000191 0.000388 0.000768 0.001548 0.002632 0.004637 0.007257 0.011182 0.016873 0.023747 0.031935 0.041903 0.051793 0.061596 0.070667 0.076392 0.080254 0.080534 0.078019 0.071863 0.063937 0.055268 0.045194 0.035755 0.027237 0.019783 0.013939 0.009447 0.006075 0.003809 0.002388 0.001300 0.000760 0.000394 0.000193 0.000101 0.000052 0.000024 0.000011 0.000005 0.000000 0.000001 0.000000 0.000001 0.000000 0.000000 0.000000 0.000000 
t: 0.020689655172 start: 54 end: 109 0.000006 0.000009 0.000018 0.000049 0.000097 0.000206 0.000444 0.000837 0.001621 0.002874 0.004710 0.007658 0.011462 0.016892 0.023931 0.031975 0.041603 0.051362 0.061039 0.069056 0.075383 0.078968 0.079850 0.076810 0.071716 0.063786 0.055319 0.045943 0.036596 0.027878 0.020638 0.014642 0.009987 0.006549 0.004229 0.002646 0.001440 0.000854 0.000447 0.000230 0.000122 0.000066 0.000025 0.000012 0.000011 0.000002 0.000000 0.000000 0.000001 0.000000 0.000001 0.000000 0.000000 0.000000 0.000000 0.000000 
t: 0.020000000000 start: 55 end: 111 0.000002 0.000004 0.000017 0.000025 0.000054 0.000098 0.000222 0.000495 0.000937 0.001808 0.002995 0.004998 0.007889 0.011982 0.017191 0.024267 0.032276 0.041554 0.050905 0.060706 0.068345 0.074748 0.077888 0.078685 0.076224 0.070770 0.064011 0.055098 0.046038 0.036708 0.028287 0.021134 0.015148 0.010500 0.007062 0.004493 0.002780 0.001655 0.000925 0.000490 0.000288 0.000172 0.000059 0.000035 0.000014 0.000012 0.000004 0.000000 0.000000 0.000001 0.000000 0.000001 0.000000 0.000000 0.000000 0.000000 0.000000 
t: 0.019354838710 start: 57 end: 113 0.000001 0.000007 0.000007 0.000033 0.000048 0.000141 0.000287 0.000532 0.001051 0.001935 0.003354 0.005255 0.008305 0.012290 0.017887 0.024633 0.032557 0.042052 0.051050 0.060085 0.068300 0.073456 0.077304 0.077680 0.075091 0.070618 0.062893 0.054813 0.045807 0.037065 0.028839 0.021237 0.015452 0.011014 0.007214 0.004759 0.002954 0.001728 0.001044 0.000580 0.000332 0.000144 0.000089 0.000044 0.000017 0.000012 0.000002 0.000000 0.000000 0.000001 0.000001 0.000000 0.000000 0.000000 0.000000 0.000000 0.000000 
t: 0.018750000000 start: 59 end: 115 0.000001 0.000006 0.000017 0.000027 0.000081 0.000150 0.000341 0.000644 0.001189 0.002160 0.003641 0.005619 0.008775 0.012902 0.018599 0.025422 0.033273 0.042399 0.051466 0.060178 0.067765 0.073231 0.076355 0.076713 0.074371 0.069304 0.062254 0.054226 0.045476 0.036854 0.028726 0.021576 0.015684 0.010935 0.007548 0.004800 0.003027 0.001832 0.001150 0.000626 0.000308 0.000171 0.000097 0.000045 0.000021 0.000007 0.000005 0.000001 0.000000 0.000002 0.000000 0.000000 0.000000 0.000000 0.000000 0.000000 0.000000 
t: 0.018181818182 start: 60 end: 117 0.000001 0.000001 0.000013 0.000021 0.000042 0.000088 0.000212 0.000369 0.000803 0.001422 0.002309 0.003966 0.006115 0.009332 0.013673 0.019420 0.026086 0.034510 0.042898 0.052189 0.060341 0.067478 0.072833 0.075702 0.076016 0.073349 0.068086 0.061335 0.053575 0.044803 0.036473 0.028279 0.021744 0.015614 0.011002 0.007474 0.004944 0.003041 0.001916 0.001104 0.000671 0.000377 0.000203 0.000093 0.000044 0.000019 0.000009 0.000003 0.000000 0.000001 0.000001 0.000000 0.000000 0.000000 0.000000 0.000000 0.000000 0.000000 
t: 0.017647058823 start: 60 end: 116 0.000001 0.000000 0.000000 0.000004 0.000012 0.000021 0.000068 0.000107 0.000245 0.000506 0.000922 0.001488 0.002649 0.004351 0.006733 0.010054 0.014650 0.020411 0.027261 0.035383 0.044058 0.052382 0.060869 0.067542 0.072603 0.074961 0.075046 0.072446 0.066792 0.060194 0.052562 0.044064 0.035878 0.028123 0.021210 0.015449 0.010848 0.007564 0.004913 0.003130 0.001877 0.001162 0.000681 0.000394 0.000195 0.000099 0.000054 0.000025 0.000008 0.000002 0.000000 0.000003 0.000000 0.000000 0.000000 0.000000 0.000000 
t: 0.017142857143 start: 61 end: 120 0.000001 0.000000 0.000001 0.000003 0.000007 0.000010 0.000034 0.000071 0.000158 0.000310 0.000589 0.001050 0.001771 0.002980 0.004832 0.007461 0.011107 0.015446 0.021567 0.028547 0.036547 0.045011 0.053679 0.061146 0.067365 0.072460 0.074422 0.074066 0.071213 0.066118 0.058910 0.051384 0.042714 0.034985 0.027545 0.020712 0.015147 0.010792 0.007247 0.004889 0.003120 0.001959 0.001145 0.000679 0.000364 0.000216 0.000114 0.000060 0.000032 0.000007 0.000003 0.000003 0.000000 0.000001 0.000000 0.000000 0.000000 0.000000 0.000000 0.000000 
t: 0.016666666667 start: 64 end: 124 0.000001 0.000002 0.000003 0.000010 0.000018 0.000039 0.000105 0.000175 0.000409 0.000690 0.001227 0.002017 0.003449 0.005364 0.008144 0.011956 0.016941 0.022933 0.030017 0.037851 0.046566 0.054628 0.061136 0.067930 0.072064 0.074108 0.073072 0.069924 0.064982 0.057518 0.049811 0.042142 0.033571 0.026255 0.020185 0.014943 0.010405 0.007123 0.004721 0.003026 0.001900 0.001152 0.000708 0.000359 0.000200 0.000109 0.000062 0.000030 0.000012 0.000004 0.000001 0.000001 0.000000 0.000001 0.000000 0.000000 0.000000 0.000000 0.000000 0.000000 0.000000 
t: 0.016216216216 start: 66 end: 126 0.000003 0.000001 0.000003 0.000010 0.000031 0.000061 0.000129 0.000226 0.000461 0.000887 0.001457 0.002405 0.003823 0.006045 0.009073 0.013285 0.018293 0.024330 0.031312 0.039760 0.047750 0.055534 0.062692 0.067945 0.072449 0.073082 0.071802 0.068597 0.063056 0.056117 0.048399 0.040577 0.032299 0.025785 0.019289 0.014110 0.010007 0.006875 0.004603 0.002976 0.001866 0.001119 0.000679 0.000361 0.000212 0.000103 0.000072 0.000021 0.000016 0.000007 0.000002 0.000002 0.000000 0.000000 0.000001 0.000000 0.000000 0.000000 0.000000 0.000000 0.000000 
t: 0.015789473684 start: 68 end: 127 0.000004 0.000001 0.000003 0.000022 0.000039 0.000092 0.000147 0.000299 0.000604 0.000995 0.001750 0.002813 0.004478 0.006844 0.010154 0.014516 0.019773 0.025918 0.033195 0.041120 0.049618 0.056727 0.063281 0.069214 0.071916 0.072360 0.070277 0.067142 0.061449 0.054485 0.046909 0.038792 0.030955 0.024420 0.018561 0.013475 0.009502 0.006563 0.004338 0.002950 0.001811 0.001099 0.000590 0.000373 0.000194 0.000109 0.000062 0.000034 0.000015 0.000003 0.000007 0.000000 0.000002 0.000000 0.000000 0.000000 0.000000 0.000000 0.000000 0.000000 
t: 0.015384615385 start: 68 end: 129 0.000001 0.000002 0.000000 0.000003 0.000011 0.000026 0.000053 0.000080 0.000212 0.000424 0.000725 0.001278 0.002010 0.003338 0.005157 0.007700 0.011331 0.015769 0.021549 0.027871 0.035245 0.043306 0.050959 0.058292 0.064614 0.069274 0.071170 0.071462 0.069217 0.065566 0.059489 0.052553 0.044933 0.037028 0.029784 0.023162 0.017394 0.012874 0.009170 0.006151 0.004052 0.002696 0.001697 0.001002 0.000606 0.000360 0.000190 0.000105 0.000056 0.000024 0.000012 0.000010 0.000003 0.000003 0.000001 0.000000 0.000000 0.000000 0.000000 0.000000 0.000000 0.000000 
t: 0.015000000000 start: 71 end: 131 0.000001 0.000002 0.000009 0.000015 0.000046 0.000055 0.000136 0.000297 0.000496 0.000901 0.001497 0.002490 0.003799 0.005965 0.008883 0.012850 0.017410 0.023096 0.030085 0.037550 0.045187 0.052312 0.059838 0.065041 0.069690 0.070706 0.070747 0.068486 0.062990 0.057862 0.050394 0.042793 0.035374 0.028491 0.021811 0.016439 0.011893 0.008428 0.005752 0.003857 0.002479 0.001643 0.000963 0.000528 0.000336 0.000170 0.000115 0.000036 0.000030 0.000017 0.000002 0.000004 0.000003 0.000000 0.000000 0.000000 0.000000 0.000000 0.000000 0.000000 0.000000 
t: 0.014634146341 start: 73 end: 134 0.000003 0.000003 0.000016 0.000025 0.000034 0.000112 0.000204 0.000379 0.000607 0.001123 0.001803 0.002942 0.004508 0.006847 0.010251 0.014258 0.019110 0.025195 0.032206 0.039507 0.047378 0.054255 0.061643 0.065545 0.069611 0.070421 0.069744 0.066634 0.061635 0.055593 0.048003 0.040866 0.033570 0.026576 0.020262 0.015356 0.011216 0.007818 0.005353 0.003553 0.002277 0.001495 0.000903 0.000509 0.000321 0.000149 0.000085 0.000046 0.000024 0.000013 0.000006 0.000004 0.000002 0.000001 0.000000 0.000000 0.000000 0.000000 0.000000 0.000000 0.000000 0.000000 
t: 0.014285714286 start: 74 end: 135 0.000001 0.000005 0.000010 0.000015 0.000032 0.000072 0.000147 0.000263 0.000465 0.000766 0.001348 0.002218 0.003511 0.005472 0.008121 0.011482 0.015705 0.021133 0.027460 0.034327 0.042046 0.049305 0.056337 0.062335 0.067298 0.069185 0.070077 0.068646 0.064939 0.059436 0.052807 0.046037 0.038442 0.031331 0.024929 0.019294 0.014171 0.010163 0.007122 0.004916 0.003280 0.002095 0.001341 0.000846 0.000499 0.000267 0.000129 0.000083 0.000040 0.000026 0.000012 0.000007 0.000005 0.000000 0.000001 0.000000 0.000000 0.000000 0.000000 0.000000 0.000000 0.000000 
t: 0.013953488372 start: 76 end: 138 0.000002 0.000008 0.000011 0.000020 0.000050 0.000090 0.000173 0.000356 0.000569 0.000992 0.001709 0.002720 0.004270 0.006420 0.009250 0.012883 0.017863 0.023297 0.029791 0.037087 0.044233 0.051684 0.058048 0.063849 0.067190 0.069625 0.069277 0.066489 0.063077 0.057335 0.050609 0.043387 0.036443 0.029372 0.023069 0.017650 0.012920 0.009372 0.006635 0.004360 0.003033 0.001847 0.001237 0.000723 0.000434 0.000248 0.000132 0.000077 0.000036 0.000029 0.000008 0.000005 0.000003 0.000002 0.000001 0.000000 0.000000 0.000000 0.000000 0.000000 0.000000 0.000000 0.000000 
t: 0.013636363636 start: 76 end: 139 0.000001 0.000000 0.000003 0.000007 0.000019 0.000042 0.000062 0.000133 0.000247 0.000441 0.000787 0.001270 0.002086 0.003282 0.005091 0.007501 0.010704 0.014660 0.019883 0.025614 0.032756 0.039373 0.046668 0.053633 0.059993 0.064609 0.068265 0.068874 0.068381 0.065267 0.060799 0.054879 0.047948 0.040891 0.034147 0.027291 0.021149 0.016130 0.011793 0.008333 0.005992 0.004051 0.002707 0.001680 0.001057 0.000643 0.000388 0.000201 0.000123 0.000068 0.000035 0.000021 0.000008 0.000008 0.000002 0.000003 0.000001 0.000000 0.000000 0.000000 0.000000 0.000000 0.000000 0.000000 
t: 0.013333333333 start: 79 end: 141 0.000004 0.000004 0.000009 0.000034 0.000048 0.000097 0.000177 0.000355 0.000575 0.000980 0.001637 0.002581 0.004106 0.006023 0.008665 0.012249 0.016804 0.022119 0.028417 0.035009 0.042052 0.049623 0.056132 0.061340 0.065918 0.068263 0.068534 0.066669 0.063419 0.058283 0.052155 0.045297 0.038501 0.031398 0.025201 0.019454 0.014556 0.010717 0.007611 0.005277 0.003606 0.002349 0.001525 0.000910 0.000580 0.000307 0.000186 0.000108 0.000069 0.000034 0.000018 0.000008 0.000003 0.000003 0.000000 0.000001 0.000000 0.000000 0.000000 0.000000 0.000000 0.000000 0.000000 
t: 0.013043478261 start: 80 end: 143 0.000004 0.000001 0.000016 0.000016 0.000053 0.000065 0.000130 0.000243 0.000425 0.000748 0.001345 0.002073 0.003239 0.004926 0.007108 0.010189 0.014185 0.018976 0.024912 0.030795 0.037705 0.045060 0.051777 0.058373 0.063095 0.066598 0.068110 0.067649 0.065242 0.061266 0.055733 0.048889 0.042788 0.035985 0.028887 0.023172 0.017541 0.013161 0.009595 0.006844 0.004620 0.003181 0.002103 0.001242 0.000814 0.000472 0.000284 0.000165 0.000096 0.000050 0.000030 0.000013 0.000007 0.000002 0.000001 0.000000 0.000001 0.000000 0.000000 0.000000 0.000000 0.000000 0.000000 0.000000 
t: 0.012765957447 start: 81 end: 144 0.000001 0.000005 0.000008 0.000016 0.000032 0.000056 0.000099 0.000208 0.000321 0.000598 0.001031 0.001636 0.002637 0.003947 0.005866 0.008496 0.011971 0.016455 0.021382 0.027234 0.033983 0.040748 0.047860 0.054620 0.059799 0.064569 0.066807 0.067565 0.066538 0.063813 0.058653 0.052638 0.046577 0.039751 0.033147 0.026574 0.020769 0.015800 0.011737 0.008629 0.006082 0.004108 0.002719 0.001731 0.001118 0.000673 0.000425 0.000252 0.000161 0.000066 0.000045 0.000030 0.000008 0.000002 0.000002 0.000002 0.000000 0.000000 0.000000 0.000000 0.000000 0.000000 0.000000 0.000000 
t: 0.012500000000 start: 82 end: 146 0.000002 0.000002 0.000005 0.000013 0.000023 0.000027 0.000090 0.000166 0.000251 0.000479 0.000806 0.001311 0.002134 0.003245 0.004798 0.007158 0.010061 0.013956 0.018520 0.024025 0.030554 0.036855 0.044202 0.050672 0.056327 0.061831 0.065218 0.067288 0.066757 0.065479 0.061103 0.056022 0.049989 0.043511 0.036944 0.030177 0.024278 0.018597 0.014073 0.010535 0.007532 0.005240 0.003551 0.002325 0.001516 0.000947 0.000560 0.000380 0.000211 0.000112 0.000066 0.000047 0.000016 0.000006 0.000003 0.000003 0.000001 0.000000 0.000000 0.000000 0.000000 0.000000 0.000000 0.000000 0.000000 
t: 0.012244897959 start: 82 end: 146 0.000001 0.000001 0.000001 0.000004 0.000009 0.000015 0.000033 0.000064 0.000094 0.000237 0.000384 0.000641 0.001079 0.001659 0.002653 0.004062 0.006028 0.008503 0.011903 0.016126 0.021304 0.027280 0.033048 0.040133 0.046957 0.053485 0.058794 0.063323 0.066032 0.066369 0.066315 0.063102 0.058737 0.053313 0.046937 0.040367 0.034111 0.027412 0.021658 0.016949 0.012480 0.008962 0.006508 0.004647 0.003123 0.001995 0.001189 0.000810 0.000474 0.000327 0.000153 0.000097 0.000057 0.000029 0.000015 0.000006 0.000005 0.000000 0.000000 0.000000 0.000000 0.000000 0.000000 0.000000 0.000000 
t: 0.012000000000 start: 84 end: 149 0.000001 0.000001 0.000002 0.000003 0.000015 0.000019 0.000055 0.000092 0.000166 0.000269 0.000508 0.000883 0.001343 0.002161 0.003472 0.004963 0.007322 0.010379 0.013973 0.018688 0.023936 0.030187 0.036552 0.043240 0.050091 0.055996 0.060657 0.064466 0.065998 0.066517 0.064279 0.061152 0.055741 0.050470 0.043948 0.037251 0.030797 0.024595 0.019507 0.014851 0.011089 0.007906 0.005583 0.004004 0.002545 0.001623 0.001083 0.000654 0.000425 0.000230 0.000153 0.000077 0.000037 0.000021 0.000014 0.000004 0.000005 0.000001 0.000000 0.000000 0.000000 0.000000 0.000000 0.000000 0.000000 0.000000 
t: 0.011764705882 start: 85 end: 149 0.000001 0.000001 0.000000 0.000006 0.000010 0.000017 0.000041 0.000063 0.000119 0.000254 0.000441 0.000686 0.001052 0.001809 0.002813 0.004234 0.006294 0.008937 0.012273 0.016314 0.021204 0.027151 0.033384 0.040012 0.046811 0.052806 0.058201 0.062265 0.065260 0.065995 0.065332 0.062377 0.058462 0.052930 0.047057 0.040925 0.033885 0.027806 0.022117 0.017277 0.012927 0.009651 0.006994 0.004780 0.003303 0.002154 0.001375 0.000860 0.000535 0.000367 0.000187 0.000128 0.000043 0.000043 0.000015 0.000011 0.000002 0.000003 0.000000 0.000000 0.000000 0.000000 0.000000 0.000000 0.000000 
t: 0.011538461538 start: 85 end: 150 0.000001 0.000001 0.000000 0.000000 0.000002 0.000007 0.000016 0.000025 0.000059 0.000104 0.000213 0.000319 0.000553 0.000921 0.001478 0.002310 0.003576 0.005466 0.007726 0.010525 0.014611 0.018860 0.024394 0.030409 0.037010 0.043396 0.049747 0.055752 0.060147 0.063460 0.065832 0.065422 0.063267 0.060530 0.055668 0.049722 0.043552 0.037284 0.030762 0.024977 0.019612 0.015233 0.011457 0.008151 0.005917 0.004114 0.002672 0.001827 0.001150 0.000729 0.000429 0.000259 0.000152 0.000092 0.000045 0.000030 0.000014 0.000007 0.000005 0.000001 0.000000 0.000000 0.000000 0.000000 0.000000 0.000000 
t: 0.011320754717 start: 86 end: 152 0.000001 0.000000 0.000000 0.000001 0.000002 0.000004 0.000014 0.000022 0.000035 0.000093 0.000170 0.000278 0.000442 0.000774 0.001230 0.001992 0.003095 0.004631 0.006638 0.009269 0.012905 0.016825 0.021976 0.027862 0.033883 0.040310 0.046836 0.052999 0.057636 0.061837 0.064825 0.065382 0.064105 0.061795 0.057632 0.052500 0.046293 0.040083 0.034137 0.027561 0.022457 0.017259 0.013107 0.009732 0.007027 0.004922 0.003322 0.002258 0.001512 0.000917 0.000610 0.000319 0.000226 0.000116 0.000059 0.000046 0.000014 0.000013 0.000007 0.000003 0.000001 0.000000 0.000000 0.000000 0.000000 0.000000 0.000000 
t: 0.011111111111 start: 88 end: 154 0.000001 0.000000 0.000000 0.000001 0.000003 0.000009 0.000018 0.000036 0.000066 0.000130 0.000252 0.000363 0.000627 0.001058 0.001694 0.002590 0.004017 0.005820 0.008269 0.011291 0.015106 0.019600 0.025348 0.031506 0.037283 0.044031 0.050215 0.055324 0.059953 0.063285 0.064622 0.064717 0.062915 0.059402 0.054600 0.049117 0.042865 0.036757 0.030396 0.024857 0.019650 0.014981 0.011299 0.008230 0.005962 0.004055 0.002839 0.001831 0.001165 0.000747 0.000484 0.000272 0.000141 0.000089 0.000057 0.000022 0.000013 0.000014 0.000003 0.000000 0.000001 0.000001 0.000000 0.000000 0.000000 0.000000 0.000000 
t: 0.010909090909 start: 90 end: 156 0.000001 0.000001 0.000000 0.000001 0.000011 0.000011 0.000024 0.000057 0.000122 0.000182 0.000317 0.000523 0.000862 0.001494 0.002247 0.003511 0.004995 0.007332 0.009942 0.013582 0.017891 0.022793 0.028745 0.034727 0.041549 0.047251 0.053206 0.057947 0.061995 0.063761 0.064627 0.063319 0.060762 0.056670 0.051169 0.045680 0.039613 0.033004 0.027286 0.021770 0.017087 0.012983 0.009699 0.006940 0.004886 0.003241 0.002290 0.001536 0.000929 0.000598 0.000353 0.000195 0.000143 0.000062 0.000032 0.000021 0.000015 0.000006 0.000002 0.000000 0.000002 0.000000 0.000000 0.000000 0.000000 0.000000 0.000000 
t: 0.010714285714 start: 92 end: 158 0.000002 0.000000 0.000004 0.000006 0.000011 0.000024 0.000041 0.000093 0.000170 0.000272 0.000432 0.000781 0.001180 0.002010 0.003052 0.004281 0.006418 0.008964 0.012111 0.016248 0.020855 0.026240 0.032512 0.038487 0.044977 0.050772 0.056062 0.060296 0.062684 0.064191 0.063813 0.061585 0.058116 0.053404 0.048078 0.042014 0.035899 0.029734 0.023812 0.019029 0.014821 0.011210 0.008003 0.005707 0.004005 0.002794 0.001777 0.001191 0.000790 0.000430 0.000247 0.000163 0.000090 0.000047 0.000032 0.000015 0.000013 0.000002 0.000002 0.000000 0.000000 0.000000 0.000001 0.000000 0.000000 0.000000 0.000000 
t: 0.010526315789 start: 93 end: 159 0.000001 0.000000 0.000005 0.000007 0.000008 0.000014 0.000039 0.000076 0.000141 0.000232 0.000387 0.000622 0.001111 0.001695 0.002652 0.003880 0.005703 0.007764 0.011031 0.014745 0.018876 0.024371 0.030042 0.036272 0.042276 0.048333 0.054185 0.058443 0.061775 0.063435 0.063699 0.062344 0.059610 0.055228 0.049989 0.044401 0.038459 0.031858 0.026062 0.021215 0.016591 0.012437 0.009162 0.006698 0.004822 0.003323 0.002210 0.001434 0.000940 0.000545 0.000379 0.000210 0.000115 0.000062 0.000029 0.000031 0.000013 0.000010 0.000000 0.000002 0.000000 0.000000 0.000001 0.000000 0.000000 0.000000 0.000000 
t: 0.010344827586 start: 95 end: 162 0.000001 0.000002 0.000009 0.000008 0.000008 0.000027 0.000079 0.000107 0.000200 0.000318 0.000566 0.000991 0.001471 0.002339 0.003440 0.004971 0.007148 0.009860 0.013277 0.017436 0.022518 0.027937 0.033749 0.039983 0.046180 0.051983 0.056590 0.060313 0.063093 0.063307 0.062911 0.060279 0.056620 0.052015 0.046731 0.040590 0.034134 0.028534 0.022829 0.018317 0.014090 0.010773 0.007531 0.005534 0.003888 0.002660 0.001748 0.001136 0.000743 0.000422 0.000242 0.000172 0.000074 0.000054 0.000028 0.000021 0.000006 0.000003 0.000003 0.000000 0.000000 0.000000 0.000000 0.000001 0.000000 0.000000 0.000000 0.000000 
t: 0.010169491525 start: 96 end: 164 0.000001 0.000001 0.000005 0.000009 0.000012 0.000026 0.000049 0.000107 0.000174 0.000298 0.000445 0.000850 0.001347 0.002044 0.003056 0.004540 0.006366 0.008900 0.012047 0.016167 0.020595 0.026174 0.031574 0.037743 0.044369 0.049572 0.054750 0.059443 0.061422 0.063275 0.062651 0.061129 0.057852 0.053881 0.048276 0.042929 0.036578 0.030556 0.024864 0.020001 0.015706 0.011775 0.008786 0.006365 0.004528 0.003133 0.002048 0.001373 0.000882 0.000541 0.000328 0.000196 0.000113 0.000056 0.000046 0.000025 0.000009 0.000006 0.000003 0.000002 0.000000 0.000000 0.000000 0.000001 0.000000 0.000000 0.000000 0.000000 0.000000 
t: 0.010000000000 start: 96 end: 163 0.000001 0.000000 0.000000 0.000005 0.000006 0.000014 0.000025 0.000045 0.000092 0.000149 0.000258 0.000411 0.000743 0.001190 0.001822 0.002678 0.004023 0.005784 0.008060 0.010986 0.014949 0.019232 0.024245 0.029823 0.035998 0.041542 0.047584 0.052994 0.057732 0.060712 0.062434 0.062903 0.061812 0.059156 0.055022 0.049885 0.044815 0.038408 0.032780 0.026969 0.021821 0.016952 0.013135 0.009947 0.007334 0.005152 0.003567 0.002431 0.001639 0.001097 0.000645 0.000414 0.000241 0.000155 0.000076 0.000054 0.000027 0.000016 0.000003 0.000003 0.000003 0.000000 0.000000 0.000000 0.000001 0.000000 0.000000 0.000000 
t: 0.008448275866 start: 110 end: 181 0.000002 0.000004 0.000002 0.000008 0.000016 0.000036 0.000049 0.000086 0.000150 0.000273 0.000462 0.000695 0.001034 0.001755 0.002579 0.003717 0.005343 0.007275 0.009980 0.013206 0.016945 0.021443 0.026319 0.031829 0.037657 0.042757 0.047966 0.051673 0.056708 0.058820 0.059991 0.060083 0.058573 0.056550 0.051926 0.048192 0.042771 0.037571 0.031550 0.026292 0.021586 0.017110 0.013547 0.010213 0.007614 0.005586 0.004017 0.002799 0.001909 0.001260 0.000769 0.000526 0.000346 0.000174 0.000103 0.000066 0.000036 0.000029 0.000009 0.000004 0.000002 0.000003 0.000002 0.000002 0.000000 0.000000 0.000000 0.000000 0.000000 0.000000 0.000000 0.000000 
t: 0.007313432839 start: 121 end: 194 0.000001 0.000002 0.000004 0.000007 0.000014 0.000025 0.000044 0.000079 0.000144 0.000197 0.000354 0.000547 0.000840 0.001344 0.001912 0.002968 0.004122 0.005711 0.007760 0.010449 0.013512 0.017290 0.021634 0.026323 0.031426 0.036432 0.041829 0.046575 0.050924 0.054561 0.056632 0.058312 0.058206 0.056921 0.055061 0.051964 0.047846 0.043010 0.037749 0.032636 0.027459 0.022561 0.018327 0.014759 0.011400 0.008674 0.006479 0.004750 0.003380 0.002314 0.001624 0.001125 0.000670 0.000436 0.000277 0.000162 0.000104 0.000044 0.000036 0.000024 0.000015 0.000002 0.000005 0.000004 0.000001 0.000001 0.000000 0.000000 0.000000 0.000000 0.000000 0.000000 0.000000 0.000000 
t: 0.006447368423 start: 129 end: 202 0.000001 0.000000 0.000001 0.000001 0.000007 0.000011 0.000008 0.000037 0.000046 0.000061 0.000132 0.000173 0.000290 0.000499 0.000721 0.001190 0.001721 0.002489 0.003428 0.005063 0.006738 0.008904 0.011778 0.015181 0.018622 0.022960 0.027358 0.032652 0.038007 0.042601 0.047213 0.050811 0.053825 0.056187 0.057162 0.057017 0.055550 0.053473 0.050048 0.045956 0.041426 0.036392 0.031289 0.026443 0.022290 0.018013 0.014591 0.011106 0.008554 0.006438 0.004729 0.003530 0.002471 0.001626 0.001114 0.000764 0.000510 0.000308 0.000216 0.000116 0.000067 0.000036 0.000026 0.000014 0.000005 0.000001 0.000003 0.000000 0.000000 0.000000 0.000000 0.000000 0.000000 0.000000 
t: 0.005764705884 start: 139 end: 214 0.000001 0.000003 0.000002 0.000004 0.000005 0.000019 0.000016 0.000036 0.000066 0.000109 0.000184 0.000270 0.000454 0.000672 0.001049 0.001497 0.002279 0.003153 0.004340 0.005891 0.008119 0.010428 0.013169 0.016792 0.020823 0.025100 0.029694 0.034724 0.039375 0.043727 0.048266 0.051143 0.054103 0.055719 0.056092 0.055413 0.054494 0.051516 0.047903 0.043700 0.039326 0.034670 0.029790 0.025088 0.020593 0.016950 0.013681 0.010603 0.008102 0.005972 0.004547 0.003219 0.002357 0.001660 0.001131 0.000755 0.000443 0.000289 0.000210 0.000112 0.000074 0.000032 0.000024 0.000009 0.000007 0.000004 0.000001 0.000001 0.000000 0.000000 0.000000 0.000000 0.000000 0.000000 0.000000 0.000000 
t: 0.005212765959 start: 149 end: 222 0.000004 0.000003 0.000003 0.000008 0.000021 0.000033 0.000050 0.000091 0.000165 0.000249 0.000361 0.000603 0.000846 0.001367 0.001918 0.002684 0.003733 0.005168 0.006801 0.009133 0.011710 0.014712 0.018447 0.022940 0.026804 0.031606 0.036203 0.040839 0.045149 0.048617 0.051893 0.053761 0.055373 0.055443 0.054862 0.052482 0.049351 0.046373 0.042319 0.037411 0.032743 0.028259 0.023927 0.019568 0.015875 0.012769 0.009927 0.007754 0.005763 0.004176 0.003084 0.002231 0.001493 0.001015 0.000690 0.000479 0.000274 0.000168 0.000112 0.000064 0.000051 0.000022 0.000011 0.000004 0.000002 0.000000 0.000000 0.000003 0.000000 0.000000 0.000000 0.000000 0.000000 0.000000 
t: 0.004757281555 start: 156 end: 233 0.000001 0.000003 0.000006 0.000008 0.000014 0.000018 0.000038 0.000073 0.000107 0.000188 0.000326 0.000453 0.000684 0.000967 0.001462 0.002090 0.003027 0.004194 0.005672 0.007478 0.009830 0.012700 0.015659 0.019458 0.023669 0.027665 0.032719 0.036819 0.041445 0.045270 0.049090 0.051788 0.053910 0.054830 0.054747 0.053764 0.051527 0.048798 0.045011 0.041280 0.036981 0.032169 0.027615 0.023180 0.019058 0.015495 0.012226 0.009842 0.007357 0.005594 0.004276 0.003005 0.002094 0.001507 0.000992 0.000669 0.000415 0.000292 0.000196 0.000105 0.000060 0.000037 0.000017 0.000016 0.000007 0.000002 0.000001 0.000002 0.000001 0.000000 0.000000 0.000000 0.000001 0.000000 0.000000 0.000000 0.000000 0.000000 
t: 0.004375000001 start: 162 end: 239 0.000002 0.000001 0.000001 0.000007 0.000008 0.000014 0.000028 0.000047 0.000069 0.000117 0.000164 0.000296 0.000472 0.000671 0.001079 0.001512 0.002112 0.003066 0.004067 0.005624 0.007637 0.009844 0.012520 0.015685 0.019149 0.023133 0.027495 0.031914 0.036486 0.041048 0.044529 0.048152 0.051549 0.053318 0.054546 0.054567 0.053425 0.051753 0.048953 0.045535 0.040906 0.037190 0.032638 0.027871 0.023771 0.019729 0.016197 0.012786 0.010145 0.007832 0.005909 0.004350 0.003146 0.002261 0.001578 0.001071 0.000731 0.000497 0.000308 0.000204 0.000108 0.000068 0.000049 0.000022 0.000020 0.000009 0.000004 0.000003 0.000001 0.000000 0.000000 0.000000 0.000000 0.000001 0.000000 0.000000 0.000000 0.000000 
t: 0.004049586778 start: 166 end: 244 0.000001 0.000000 0.000000 0.000001 0.000003 0.000004 0.000006 0.000007 0.000017 0.000028 0.000060 0.000091 0.000160 0.000275 0.000406 0.000638 0.000872 0.001365 0.001823 0.002710 0.003636 0.004972 0.006614 0.008796 0.011385 0.014185 0.017620 0.021272 0.025441 0.030059 0.034669 0.038407 0.042737 0.046059 0.050171 0.052211 0.053927 0.054264 0.053812 0.053374 0.049496 0.046814 0.043109 0.038779 0.034832 0.030139 0.026158 0.021734 0.017747 0.014431 0.011546 0.009051 0.006856 0.005115 0.003742 0.002660 0.001924 0.001271 0.000873 0.000613 0.000395 0.000254 0.000144 0.000095 0.000056 0.000044 0.000020 0.000012 0.000004 0.000005 0.000001 0.000001 0.000000 0.000001 0.000000 0.000000 0.000000 0.000000 0.000000 
t: 0.003769230770 start: 173 end: 249 0.000001 0.000000 0.000000 0.000004 0.000004 0.000008 0.000012 0.000025 0.000042 0.000060 0.000113 0.000184 0.000250 0.000423 0.000662 0.000972 0.001412 0.001915 0.002700 0.003801 0.005169 0.006891 0.008938 0.011706 0.014697 0.017909 0.021750 0.025469 0.030133 0.034829 0.039028 0.043017 0.046761 0.049866 0.052106 0.053735 0.054259 0.053791 0.052051 0.049981 0.046470 0.042726 0.038589 0.034336 0.029964 0.025688 0.021399 0.017686 0.014414 0.011637 0.008778 0.006693 0.004943 0.003804 0.002544 0.001876 0.001288 0.000883 0.000595 0.000360 0.000249 0.000170 0.000095 0.000055 0.000029 0.000024 0.000014 0.000010 0.000004 0.000002 0.000001 0.000000 0.000000 0.000000 0.000000 0.000000 0.000000 
t: 0.003525179857 start: 180 end: 255 0.000002 0.000001 0.000005 0.000007 0.000013 0.000016 0.000035 0.000058 0.000091 0.000132 0.000216 0.000351 0.000585 0.000828 0.001150 0.001619 0.002453 0.003417 0.004513 0.006138 0.008053 0.010413 0.012923 0.016318 0.020103 0.023908 0.028093 0.032681 0.036938 0.041187 0.045203 0.048467 0.051480 0.053173 0.054132 0.054020 0.052689 0.050748 0.047874 0.044692 0.040680 0.036781 0.031871 0.027456 0.023254 0.019399 0.015768 0.012595 0.009861 0.007687 0.005855 0.004242 0.003122 0.002149 0.001510 0.001072 0.000724 0.000470 0.000289 0.000204 0.000109 0.000069 0.000055 0.000025 0.000012 0.000009 0.000004 0.000003 0.000000 0.000000 0.000000 0.000000 0.000000 0.000000 0.000000 0.000000 
t: 0.003310810811 start: 185 end: 261 0.000003 0.000003 0.000007 0.000007 0.000006 0.000022 0.000036 0.000060 0.000076 0.000136 0.000235 0.000352 0.000555 0.000802 0.001188 0.001661 0.002449 0.003316 0.004609 0.006103 0.008083 0.010316 0.012813 0.016027 0.019769 0.023876 0.028124 0.032647 0.036803 0.041001 0.045281 0.048266 0.050985 0.053299 0.053898 0.053964 0.052975 0.050961 0.048349 0.044798 0.041045 0.036500 0.032099 0.027477 0.023487 0.019224 0.015943 0.012589 0.009972 0.007655 0.005905 0.004358 0.003133 0.002216 0.001553 0.001022 0.000703 0.000472 0.000300 0.000187 0.000124 0.000075 0.000034 0.000024 0.000027 0.000010 0.000003 0.000001 0.000000 0.000001 0.000000 0.000000 0.000000 0.000000 0.000000 0.000000 0.000000 
t: 0.003121019109 start: 189 end: 265 0.000002 0.000001 0.000005 0.000006 0.000009 0.000014 0.000016 0.000045 0.000064 0.000098 0.000182 0.000279 0.000421 0.000613 0.000969 0.001329 0.001875 0.002716 0.003814 0.005121 0.006606 0.008689 0.011232 0.014009 0.017413 0.021174 0.024905 0.029787 0.033943 0.038645 0.042457 0.046292 0.049256 0.051706 0.053444 0.054170 0.053804 0.052720 0.050182 0.047283 0.043382 0.039535 0.035005 0.030608 0.026324 0.021771 0.018150 0.014549 0.011655 0.009195 0.006906 0.005229 0.003827 0.002720 0.001886 0.001355 0.000922 0.000609 0.000393 0.000263 0.000176 0.000095 0.000064 0.000038 0.000026 0.000009 0.000007 0.000004 0.000001 0.000000 0.000000 0.000000 0.000000 0.000000 0.000000 0.000000 0.000000 
t: 0.002951807229 start: 192 end: 269 0.000001 0.000000 0.000002 0.000001 0.000002 0.000010 0.000015 0.000020 0.000030 0.000059 0.000093 0.000156 0.000252 0.000378 0.000511 0.000781 0.001218 0.001737 0.002405 0.003419 0.004505 0.005991 0.008028 0.010291 0.013203 0.016121 0.019837 0.024092 0.028202 0.032674 0.036941 0.041563 0.045089 0.048282 0.051134 0.053084 0.054050 0.054130 0.053203 0.051131 0.048069 0.044801 0.040937 0.036354 0.032143 0.027629 0.023326 0.019429 0.015633 0.012433 0.009770 0.007496 0.005679 0.004152 0.003033 0.002099 0.001483 0.001025 0.000695 0.000434 0.000267 0.000179 0.000105 0.000084 0.000056 0.000024 0.000012 0.000005 0.000003 0.000003 0.000000 0.000001 0.000000 0.000000 0.000000 0.000000 0.000000 0.000000 
t: 0.002800000000 start: 198 end: 272 0.000002 0.000000 0.000005 0.000009 0.000011 0.000021 0.000031 0.000060 0.000098 0.000145 0.000241 0.000351 0.000530 0.000817 0.001246 0.001649 0.002374 0.003269 0.004558 0.006023 0.007704 0.010325 0.013060 0.015949 0.019707 0.023828 0.028304 0.032337 0.036942 0.041369 0.045239 0.048340 0.051313 0.053426 0.054345 0.053916 0.053267 0.051490 0.048373 0.044732 0.040852 0.036523 0.032197 0.027782 0.023418 0.019323 0.015750 0.012462 0.009702 0.007470 0.005581 0.004164 0.003004 0.002109 0.001464 0.000975 0.000631 0.000477 0.000279 0.000165 0.000121 0.000066 0.000032 0.000023 0.000009 0.000007 0.000007 0.000000 0.000000 0.000001 0.000000 0.000000 0.000000 0.000000 0.000000 
t: 0.002663043479 start: 202 end: 277 0.000001 0.000003 0.000005 0.000005 0.000018 0.000021 0.000034 0.000071 0.000098 0.000151 0.000259 0.000388 0.000559 0.000914 0.001260 0.001810 0.002536 0.003495 0.004807 0.006529 0.008258 0.010863 0.013707 0.017082 0.020572 0.024543 0.029005 0.033743 0.038292 0.042346 0.046440 0.049224 0.052212 0.053743 0.054341 0.054498 0.052563 0.050616 0.047971 0.044417 0.039569 0.035391 0.031042 0.026807 0.022069 0.018210 0.014621 0.011861 0.009033 0.006910 0.005025 0.003803 0.002695 0.001843 0.001289 0.000876 0.000581 0.000355 0.000241 0.000174 0.000094 0.000037 0.000040 0.000016 0.000013 0.000002 0.000001 0.000000 0.000002 0.000000 0.000000 0.000000 0.000000 0.000000 0.000000 0.000000 
t: 0.002538860104 start: 205 end: 280 0.000001 0.000000 0.000003 0.000006 0.000008 0.000014 0.000029 0.000045 0.000082 0.000125 0.000193 0.000307 0.000477 0.000701 0.001053 0.001508 0.002126 0.002955 0.004037 0.005569 0.007241 0.009526 0.012068 0.015185 0.018552 0.022490 0.026687 0.031607 0.035840 0.040348 0.044542 0.048198 0.050946 0.053155 0.054055 0.054553 0.053871 0.052658 0.049689 0.046045 0.042014 0.038116 0.033078 0.028810 0.024139 0.020305 0.016120 0.013095 0.010233 0.007856 0.005725 0.004296 0.003092 0.002199 0.001525 0.001056 0.000668 0.000460 0.000284 0.000166 0.000116 0.000063 0.000046 0.000018 0.000017 0.000005 0.000001 0.000000 0.000000 0.000001 0.000000 0.000001 0.000000 0.000000 0.000000 0.000000 
t: 0.002425742574 start: 209 end: 283 0.000002 0.000000 0.000001 0.000004 0.000014 0.000024 0.000037 0.000060 0.000114 0.000184 0.000275 0.000415 0.000621 0.000917 0.001310 0.001871 0.002662 0.003708 0.004979 0.006764 0.008502 0.011391 0.014172 0.017612 0.021244 0.025565 0.030051 0.034494 0.038811 0.043324 0.047259 0.050512 0.052801 0.054374 0.054886 0.054609 0.052868 0.050754 0.047213 0.043641 0.039131 0.034551 0.029678 0.025502 0.021295 0.017521 0.013854 0.010860 0.008326 0.006100 0.004669 0.003430 0.002329 0.001545 0.001141 0.000737 0.000510 0.000289 0.000219 0.000114 0.000066 0.000039 0.000024 0.000016 0.000005 0.000002 0.000000 0.000000 0.000001 0.000000 0.000001 0.000000 0.000000 0.000000 0.000000 
t: 0.002322274882 start: 210 end: 284 0.000001 0.000000 0.000000 0.000000 0.000003 0.000005 0.000013 0.000015 0.000041 0.000057 0.000119 0.000168 0.000243 0.000378 0.000603 0.000869 0.001235 0.001706 0.002671 0.003466 0.004826 0.006543 0.008443 0.010775 0.013870 0.017121 0.020952 0.025302 0.029583 0.034142 0.038846 0.042571 0.046794 0.049975 0.052928 0.054752 0.055399 0.055041 0.053503 0.050635 0.047931 0.043953 0.039774 0.034940 0.030277 0.025572 0.021570 0.017474 0.014078 0.011095 0.008474 0.006306 0.004705 0.003270 0.002295 0.001656 0.001036 0.000729 0.000479 0.000335 0.000186 0.000117 0.000071 0.000039 0.000020 0.000011 0.000005 0.000006 0.000001 0.000001 0.000000 0.000000 0.000000 0.000000 0.000000 
t: 0.002227272727 start: 212 end: 286 0.000001 0.000000 0.000000 0.000000 0.000003 0.000003 0.000004 0.000007 0.000027 0.000035 0.000075 0.000098 0.000150 0.000259 0.000384 0.000603 0.000841 0.001320 0.001731 0.002546 0.003479 0.004867 0.006563 0.008716 0.011072 0.014311 0.017334 0.021309 0.025405 0.029810 0.034953 0.038980 0.043231 0.047420 0.050548 0.053266 0.055044 0.055455 0.054980 0.053761 0.051069 0.047556 0.043570 0.039273 0.034661 0.029889 0.025125 0.020856 0.017058 0.013535 0.010527 0.008090 0.006173 0.004392 0.003117 0.002211 0.001540 0.000966 0.000704 0.000412 0.000267 0.000190 0.000101 0.000052 0.000028 0.000020 0.000013 0.000010 0.000003 0.000000 0.000001 0.000000 0.000000 0.000000 0.000000 
t: 0.002139737991 start: 214 end: 289 0.000001 0.000000 0.000000 0.000001 0.000000 0.000002 0.000003 0.000005 0.000017 0.000024 0.000036 0.000052 0.000118 0.000168 0.000256 0.000412 0.000611 0.000962 0.001357 0.001932 0.002763 0.003812 0.005240 0.006936 0.009137 0.011879 0.014707 0.018319 0.022126 0.026476 0.031313 0.035824 0.039971 0.044622 0.048431 0.051777 0.054397 0.055530 0.055598 0.055000 0.052875 0.050589 0.046859 0.042453 0.038425 0.033502 0.028477 0.023858 0.019737 0.015956 0.012473 0.009779 0.007414 0.005372 0.003973 0.002862 0.001915 0.001361 0.000883 0.000515 0.000348 0.000255 0.000118 0.000083 0.000046 0.000028 0.000014 0.000010 0.000001 0.000003 0.000001 0.000000 0.000000 0.000000 0.000000 0.000000 
t: 0.002058823530 start: 214 end: 287 0.000001 0.000000 0.000000 0.000000 0.000000 0.000000 0.000000 0.000002 0.000003 0.000003 0.000009 0.000015 0.000030 0.000050 0.000057 0.000121 0.000201 0.000291 0.000505 0.000677 0.001136 0.001579 0.002070 0.003008 0.004299 0.005893 0.007750 0.010034 0.012955 0.015900 0.019765 0.023890 0.028681 0.032878 0.037532 0.042319 0.046405 0.050218 0.053050 0.054882 0.056174 0.056103 0.054371 0.052398 0.049208 0.045339 0.040608 0.036095 0.031613 0.026363 0.022112 0.018307 0.014284 0.011147 0.008467 0.006363 0.004652 0.003350 0.002390 0.001578 0.001088 0.000685 0.000427 0.000287 0.000155 0.000096 0.000057 0.000035 0.000023 0.000009 0.000004 0.000003 0.000000 0.000000 
t: 0.001983805668 start: 216 end: 291 0.000001 0.000000 0.000000 0.000000 0.000000 0.000000 0.000001 0.000002 0.000001 0.000006 0.000004 0.000014 0.000016 0.000034 0.000049 0.000102 0.000153 0.000230 0.000367 0.000590 0.000923 0.001261 0.001797 0.002605 0.003643 0.005024 0.006587 0.008805 0.011407 0.014338 0.018255 0.022017 0.026440 0.030861 0.035376 0.040465 0.045029 0.048846 0.051843 0.054354 0.056222 0.056108 0.055563 0.053955 0.050927 0.047231 0.042548 0.038366 0.033469 0.028520 0.024166 0.019987 0.015661 0.012382 0.009499 0.007082 0.005200 0.003775 0.002769 0.001814 0.001169 0.000850 0.000508 0.000330 0.000189 0.000115 0.000065 0.000044 0.000021 0.000009 0.000005 0.000004 0.000001 0.000000 0.000000 0.000000 
t: 0.001914062500 start: 220 end: 293 0.000001 0.000000 0.000000 0.000000 0.000000 0.000001 0.000000 0.000002 0.000004 0.000014 0.000022 0.000018 0.000045 0.000074 0.000115 0.000205 0.000312 0.000448 0.000760 0.001091 0.001592 0.002345 0.003199 0.004506 0.005919 0.008092 0.010359 0.013219 0.016866 0.020701 0.024818 0.029272 0.034289 0.038590 0.043834 0.047586 0.051527 0.053720 0.056161 0.056860 0.056407 0.054430 0.051879 0.048889 0.044492 0.039690 0.035017 0.030049 0.025410 0.020947 0.016764 0.013341 0.010241 0.007663 0.005710 0.004034 0.002906 0.001960 0.001380 0.000826 0.000549 0.000356 0.000226 0.000110 0.000074 0.000041 0.000022 0.000008 0.000009 0.000001 0.000002 0.000000 0.000000 0.000000 
t: 0.001849056604 start: 228 end: 300 0.000001 0.000002 0.000003 0.000006 0.000016 0.000028 0.000034 0.000039 0.000106 0.000183 0.000275 0.000422 0.000658 0.000924 0.001473 0.002118 0.002995 0.004015 0.005649 0.007453 0.009831 0.012562 0.015901 0.019648 0.024171 0.028460 0.033058 0.037954 0.042716 0.047281 0.050571 0.053976 0.055933 0.057292 0.056912 0.055360 0.052591 0.049243 0.045687 0.041345 0.035605 0.030837 0.026404 0.021514 0.017483 0.013682 0.010600 0.008026 0.005958 0.004206 0.002958 0.002057 0.001433 0.000879 0.000614 0.000380 0.000195 0.000126 0.000070 0.000040 0.000020 0.000010 0.000006 0.000002 0.000000 0.000003 0.000000 0.000000 0.000000 0.000000 0.000000 0.000000 0.000000 
t: 0.001788321168 start: 230 end: 301 0.000001 0.000000 0.000005 0.000005 0.000012 0.000017 0.000035 0.000066 0.000100 0.000151 0.000243 0.000397 0.000600 0.000893 0.001352 0.002058 0.002749 0.003948 0.005211 0.007225 0.009623 0.012285 0.015269 0.019462 0.023515 0.027908 0.032567 0.037539 0.042374 0.046894 0.051117 0.053896 0.056281 0.056868 0.057272 0.055913 0.053447 0.050170 0.046246 0.041221 0.036324 0.031316 0.026309 0.021753 0.017708 0.013888 0.010812 0.008001 0.006025 0.004155 0.003014 0.002104 0.001351 0.000913 0.000561 0.000352 0.000203 0.000129 0.000068 0.000034 0.000021 0.000012 0.000004 0.000006 0.000002 0.000000 0.000000 0.000000 0.000000 0.000000 0.000000 0.000000 
t: 0.001731448763 start: 232 end: 303 0.000001 0.000001 0.000001 0.000005 0.000012 0.000020 0.000032 0.000071 0.000094 0.000158 0.000262 0.000358 0.000569 0.000861 0.001349 0.001938 0.002726 0.003845 0.005328 0.007053 0.009411 0.012228 0.015283 0.019111 0.023421 0.028206 0.032597 0.037719 0.042582 0.047361 0.051164 0.054450 0.056418 0.057435 0.057351 0.055967 0.053856 0.050689 0.046052 0.041256 0.036219 0.031025 0.026208 0.021518 0.017409 0.013766 0.010580 0.007910 0.005773 0.004069 0.002921 0.001875 0.001305 0.000888 0.000509 0.000344 0.000191 0.000121 0.000052 0.000040 0.000017 0.000008 0.000006 0.000005 0.000000 0.000000 0.000000 0.000000 0.000000 0.000000 0.000000 0.000000 
t: 0.001678082192 start: 236 end: 306 0.000004 0.000010 0.000008 0.000020 0.000040 0.000058 0.000093 0.000144 0.000238 0.000356 0.000613 0.000887 0.001344 0.001964 0.002852 0.003867 0.005319 0.007244 0.009557 0.012391 0.015720 0.019379 0.023874 0.028251 0.033394 0.038361 0.043316 0.047995 0.051827 0.054730 0.057011 0.057582 0.057854 0.055785 0.054030 0.050480 0.045764 0.040941 0.035490 0.030347 0.025478 0.021155 0.016815 0.013136 0.010009 0.007438 0.005389 0.003818 0.002758 0.001753 0.001210 0.000803 0.000475 0.000255 0.000153 0.000109 0.000055 0.000019 0.000016 0.000007 0.000004 0.000004 0.000001 0.000000 0.000000 0.000000 0.000000 0.000000 0.000000 0.000000 0.000000 
t: 0.001627906977 start: 236 end: 307 0.000001 0.000000 0.000006 0.000007 0.000015 0.000018 0.000027 0.000057 0.000096 0.000168 0.000244 0.000407 0.000577 0.000970 0.001362 0.002102 0.003036 0.003982 0.005449 0.007721 0.010027 0.012861 0.016068 0.020175 0.024549 0.028965 0.034557 0.039704 0.044414 0.049015 0.052833 0.055469 0.057291 0.058367 0.057808 0.056193 0.053416 0.049441 0.044778 0.039766 0.034804 0.029401 0.024501 0.020028 0.015896 0.012238 0.009212 0.006928 0.005009 0.003453 0.002398 0.001589 0.001067 0.000627 0.000394 0.000241 0.000117 0.000075 0.000043 0.000017 0.000011 0.000001 0.000004 0.000003 0.000001 0.000000 0.000000 0.000000 0.000000 0.000000 0.000000 0.000000 
t: 0.001580645161 start: 237 end: 308 0.000001 0.000000 0.000001 0.000009 0.000010 0.000013 0.000016 0.000030 0.000079 0.000097 0.000184 0.000267 0.000445 0.000632 0.000973 0.001465 0.002303 0.003184 0.004392 0.005990 0.008162 0.010596 0.013552 0.017365 0.021142 0.025738 0.030744 0.035589 0.041138 0.045778 0.050107 0.053950 0.056490 0.058146 0.058995 0.057896 0.055626 0.052730 0.047891 0.043602 0.038480 0.033163 0.027750 0.023335 0.018566 0.014623 0.011232 0.008296 0.006157 0.004515 0.003105 0.001949 0.001390 0.000851 0.000544 0.000341 0.000175 0.000096 0.000042 0.000035 0.000008 0.000009 0.000006 0.000003 0.000001 0.000000 0.000000 0.000000 0.000000 0.000000 0.000000 0.000000 
t: 0.001536050157 start: 240 end: 309 0.000003 0.000002 0.000003 0.000016 0.000014 0.000024 0.000035 0.000073 0.000131 0.000219 0.000299 0.000473 0.000689 0.001115 0.001721 0.002451 0.003467 0.004836 0.006627 0.008876 0.011471 0.014740 0.018409 0.022685 0.027578 0.032373 0.037524 0.042922 0.047417 0.052122 0.055324 0.057408 0.058764 0.058730 0.057681 0.054787 0.051606 0.047141 0.041835 0.036453 0.030943 0.026203 0.021189 0.017018 0.013144 0.009872 0.007358 0.005513 0.003705 0.002538 0.001720 0.001091 0.000728 0.000397 0.000246 0.000143 0.000076 0.000034 0.000018 0.000009 0.000008 0.000003 0.000000 0.000000 0.000000 0.000000 0.000000 0.000000 0.000000 0.000000 
t: 0.001493902439 start: 241 end: 310 0.000001 0.000002 0.000005 0.000005 0.000011 0.000015 0.000028 0.000045 0.000091 0.000140 0.000240 0.000350 0.000582 0.000836 0.001273 0.001888 0.002763 0.003945 0.005485 0.007379 0.009740 0.012736 0.016126 0.020142 0.024738 0.029605 0.034730 0.039798 0.044893 0.049622 0.053571 0.056782 0.058529 0.059253 0.058592 0.056825 0.054131 0.050036 0.045092 0.039575 0.033872 0.028903 0.023953 0.019255 0.014865 0.011499 0.008566 0.006396 0.004476 0.003148 0.002046 0.001321 0.000864 0.000542 0.000315 0.000186 0.000084 0.000060 0.000020 0.000019 0.000007 0.000003 0.000000 0.000000 0.000000 0.000000 0.000000 0.000000 0.000000 0.000000 
t: 0.001454005935 start: 243 end: 311 0.000001 0.000001 0.000005 0.000008 0.000011 0.000032 0.000033 0.000051 0.000106 0.000153 0.000281 0.000404 0.000712 0.000976 0.001575 0.002249 0.003236 0.004512 0.006145 0.008510 0.010891 0.014246 0.017749 0.022543 0.027089 0.032096 0.037395 0.042269 0.047453 0.051797 0.055302 0.058222 0.059513 0.059351 0.058123 0.055887 0.052723 0.047653 0.042361 0.036840 0.031326 0.026400 0.021427 0.016783 0.013016 0.009908 0.007300 0.005101 0.003703 0.002417 0.001645 0.000982 0.000643 0.000391 0.000203 0.000131 0.000054 0.000034 0.000019 0.000011 0.000002 0.000000 0.000000 0.000000 0.000000 0.000000 0.000000 0.000000 0.000000 
t: 0.001416184971 start: 246 end: 312 0.000006 0.000003 0.000010 0.000018 0.000036 0.000042 0.000070 0.000123 0.000191 0.000348 0.000548 0.000855 0.001271 0.001812 0.002652 0.003861 0.005261 0.007189 0.009716 0.012690 0.016097 0.020287 0.024635 0.029735 0.034751 0.040712 0.045259 0.049755 0.054389 0.057662 0.059122 0.059798 0.059132 0.057826 0.054417 0.050174 0.044503 0.039359 0.033854 0.028468 0.023306 0.018692 0.014447 0.011088 0.008156 0.005885 0.004178 0.002760 0.001848 0.001217 0.000782 0.000459 0.000251 0.000124 0.000084 0.000051 0.000020 0.000009 0.000006 0.000000 0.000000 0.000000 0.000000 0.000000 0.000000 0.000000 0.000000 
t: 0.001380281690 start: 246 end: 314 0.000001 0.000002 0.000002 0.000007 0.000016 0.000018 0.000042 0.000067 0.000090 0.000147 0.000272 0.000464 0.000749 0.001011 0.001487 0.002232 0.003197 0.004681 0.006349 0.008648 0.011341 0.014275 0.018424 0.022923 0.027760 0.032683 0.038350 0.043720 0.048522 0.052938 0.056786 0.058975 0.059826 0.060277 0.058786 0.056017 0.051841 0.046897 0.041762 0.036142 0.030180 0.025109 0.020012 0.015796 0.012247 0.009058 0.006601 0.004505 0.003250 0.002095 0.001348 0.000896 0.000520 0.000317 0.000150 0.000092 0.000052 0.000025 0.000013 0.000006 0.000001 0.000000 0.000000 0.000000 0.000000 0.000000 0.000000 0.000000 0.000000 
t: 0.001346153846 start: 247 end: 316 0.000001 0.000001 0.000001 0.000008 0.000007 0.000021 0.000029 0.000056 0.000077 0.000121 0.000227 0.000355 0.000584 0.000900 0.001305 0.001916 0.002883 0.003933 0.005815 0.007676 0.010165 0.013181 0.016848 0.021072 0.025953 0.031265 0.036481 0.042116 0.046722 0.052394 0.055968 0.058153 0.060090 0.060691 0.059948 0.057514 0.053532 0.048897 0.043441 0.037568 0.031990 0.026800 0.021397 0.017298 0.012975 0.009804 0.007124 0.005046 0.003523 0.002334 0.001509 0.000961 0.000592 0.000338 0.000187 0.000110 0.000047 0.000031 0.000008 0.000006 0.000003 0.000002 0.000000 0.000000 0.000000 0.000000 0.000000 0.000000 0.000000 0.000000 
t: 0.001313672922 start: 249 end: 318 0.000001 0.000002 0.000004 0.000007 0.000015 0.000022 0.000049 0.000055 0.000111 0.000170 0.000287 0.000506 0.000771 0.001074 0.001752 0.002503 0.003583 0.005046 0.006993 0.009366 0.012029 0.015700 0.019713 0.024849 0.029799 0.034926 0.040143 0.046104 0.050940 0.055280 0.057947 0.060560 0.060814 0.060076 0.058648 0.055598 0.049974 0.045126 0.039246 0.033632 0.027840 0.022887 0.017967 0.013879 0.010420 0.007718 0.005370 0.003836 0.002472 0.001718 0.001044 0.000637 0.000369 0.000190 0.000117 0.000059 0.000038 0.000008 0.000006 0.000001 0.000002 0.000001 0.000000 0.000000 0.000000 0.000000 0.000000 0.000000 0.000000 0.000000 
t: 0.001282722513 start: 251 end: 318 0.000001 0.000002 0.000006 0.000011 0.000024 0.000035 0.000045 0.000086 0.000140 0.000240 0.000437 0.000659 0.000955 0.001571 0.002289 0.003245 0.004549 0.006311 0.008550 0.011364 0.014593 0.018837 0.023464 0.028639 0.033658 0.039180 0.045044 0.050127 0.054468 0.057493 0.060609 0.061015 0.060510 0.059632 0.056514 0.051920 0.046376 0.040611 0.034797 0.029192 0.023633 0.018701 0.014651 0.010947 0.008021 0.005808 0.003925 0.002758 0.001708 0.001123 0.000687 0.000383 0.000197 0.000120 0.000082 0.000032 0.000015 0.000005 0.000003 0.000002 0.000000 0.000000 0.000000 0.000000 0.000000 0.000000 0.000000 0.000000 
t: 0.001253196931 start: 252 end: 320 0.000001 0.000001 0.000005 0.000003 0.000026 0.000024 0.000053 0.000074 0.000117 0.000228 0.000375 0.000536 0.000881 0.001435 0.002066 0.003003 0.004233 0.005797 0.008067 0.010560 0.013903 0.017869 0.022626 0.027554 0.032699 0.038483 0.043901 0.049291 0.053877 0.057836 0.060481 0.060977 0.061490 0.059823 0.057230 0.052525 0.048193 0.041751 0.035740 0.030070 0.024323 0.019734 0.014961 0.011487 0.008376 0.005827 0.004241 0.002741 0.001800 0.001127 0.000698 0.000406 0.000219 0.000128 0.000078 0.000027 0.000013 0.000005 0.000003 0.000001 0.000000 0.000001 0.000000 0.000000 0.000000 0.000000 0.000000 0.000000 0.000000 
t: 0.001225000000 start: 252 end: 320 0.000001 0.000000 0.000000 0.000001 0.000011 0.000010 0.000030 0.000040 0.000068 0.000123 0.000197 0.000314 0.000507 0.000801 0.001310 0.001928 0.002766 0.003900 0.005483 0.007760 0.010069 0.013206 0.017212 0.021693 0.026749 0.031968 0.037670 0.043302 0.048598 0.053931 0.057711 0.060052 0.061420 0.061975 0.060560 0.057490 0.053762 0.048696 0.042757 0.036753 0.030797 0.025122 0.019988 0.015341 0.011780 0.008449 0.006109 0.004113 0.002866 0.001838 0.001161 0.000702 0.000419 0.000232 0.000139 0.000065 0.000036 0.000010 0.000003 0.000003 0.000001 0.000001 0.000000 0.000001 0.000000 0.000000 0.000000 0.000000 0.000000 
t: 0.001198044010 start: 254 end: 321 0.000001 0.000000 0.000003 0.000004 0.000008 0.000020 0.000042 0.000073 0.000103 0.000172 0.000298 0.000445 0.000781 0.001196 0.001797 0.002601 0.003772 0.005311 0.007183 0.009716 0.012869 0.016612 0.021008 0.026080 0.031622 0.037133 0.042691 0.048555 0.053601 0.057409 0.060741 0.061738 0.061800 0.061113 0.057917 0.054355 0.049577 0.043597 0.037273 0.031322 0.025302 0.020453 0.015585 0.011839 0.008596 0.006140 0.004189 0.002806 0.001818 0.001175 0.000662 0.000406 0.000243 0.000120 0.000080 0.000028 0.000010 0.000005 0.000001 0.000002 0.000000 0.000001 0.000000 0.000000 0.000000 0.000000 0.000000 0.000000 
t: 0.001172248804 start: 255 end: 322 0.000001 0.000001 0.000002 0.000005 0.000007 0.000021 0.000037 0.000058 0.000075 0.000186 0.000261 0.000464 0.000705 0.001137 0.001658 0.002578 0.003566 0.004983 0.007145 0.009328 0.012613 0.016216 0.020731 0.025724 0.031014 0.036769 0.042749 0.048147 0.053433 0.057700 0.060749 0.062153 0.062709 0.061066 0.058437 0.054850 0.049861 0.044286 0.037453 0.031406 0.025701 0.020314 0.015635 0.011953 0.008541 0.006209 0.004177 0.002809 0.001734 0.001121 0.000693 0.000369 0.000233 0.000120 0.000060 0.000026 0.000012 0.000004 0.000004 0.000000 0.000001 0.000000 0.000000 0.000000 0.000000 0.000000 0.000000 0.000000 
t: 0.001147540984 start: 257 end: 324 0.000001 0.000003 0.000002 0.000012 0.000019 0.000033 0.000048 0.000084 0.000151 0.000259 0.000447 0.000713 0.001068 0.001607 0.002431 0.003509 0.004993 0.006836 0.009306 0.012221 0.016170 0.020476 0.025369 0.031078 0.036765 0.042575 0.048163 0.053839 0.057714 0.060804 0.062783 0.062495 0.061459 0.059174 0.055148 0.050039 0.044054 0.037880 0.031240 0.025970 0.020075 0.015719 0.011738 0.008532 0.005982 0.004093 0.002723 0.001725 0.001063 0.000639 0.000362 0.000200 0.000107 0.000066 0.000018 0.000010 0.000007 0.000001 0.000001 0.000001 0.000000 0.000000 0.000000 0.000000 0.000000 0.000000 0.000000 0.000000 
t: 0.001123853211 start: 258 end: 325 0.000001 0.000001 0.000007 0.000008 0.000015 0.000034 0.000048 0.000083 0.000147 0.000270 0.000403 0.000656 0.001037 0.001632 0.002345 0.003561 0.004852 0.006745 0.009207 0.012187 0.016017 0.020454 0.025408 0.030942 0.037004 0.042474 0.048997 0.053629 0.058335 0.061168 0.062928 0.062963 0.061676 0.059537 0.055310 0.049708 0.044376 0.037388 0.031521 0.025413 0.019970 0.015440 0.011538 0.008250 0.005835 0.003914 0.002609 0.001650 0.001010 0.000582 0.000325 0.000184 0.000121 0.000046 0.000028 0.000001 0.000006 0.000002 0.000001 0.000001 0.000000 0.000000 0.000000 0.000000 0.000000 0.000000 0.000000 0.000000 
t: 0.001101123596 start: 260 end: 325 0.000002 0.000003 0.000013 0.000015 0.000025 0.000050 0.000092 0.000140 0.000258 0.000398 0.000656 0.001042 0.001584 0.002326 0.003513 0.004855 0.006779 0.009171 0.012253 0.016088 0.020499 0.025578 0.031304 0.037316 0.043044 0.049317 0.053968 0.058666 0.061609 0.063230 0.063481 0.062197 0.059386 0.055270 0.049698 0.043823 0.037369 0.030800 0.025107 0.019614 0.015013 0.010979 0.008015 0.005600 0.003720 0.002498 0.001540 0.000894 0.000591 0.000269 0.000170 0.000084 0.000054 0.000019 0.000011 0.000000 0.000002 0.000001 0.000000 0.000001 0.000000 0.000000 0.000000 0.000000 0.000000 0.000000 
t: 0.001079295154 start: 260 end: 327 0.000001 0.000001 0.000006 0.000010 0.000014 0.000024 0.000058 0.000093 0.000132 0.000234 0.000409 0.000676 0.001004 0.001655 0.002340 0.003493 0.004944 0.006818 0.009330 0.012404 0.016161 0.020831 0.025964 0.031699 0.037872 0.043796 0.049599 0.054755 0.059135 0.061937 0.063548 0.064092 0.062459 0.059348 0.054985 0.049558 0.043096 0.036574 0.030376 0.024393 0.019203 0.014329 0.010754 0.007513 0.005236 0.003555 0.002261 0.001460 0.000832 0.000483 0.000266 0.000133 0.000075 0.000046 0.000021 0.000003 0.000003 0.000001 0.000001 0.000000 0.000001 0.000000 0.000000 0.000000 0.000000 0.000000 0.000000 0.000000 
t: 0.001058315335 start: 261 end: 327 0.000001 0.000001 0.000004 0.000006 0.000021 0.000026 0.000061 0.000093 0.000155 0.000227 0.000403 0.000669 0.001085 0.001609 0.002429 0.003527 0.005032 0.006969 0.009560 0.012640 0.016615 0.021143 0.026635 0.032364 0.038536 0.044454 0.050060 0.055642 0.059603 0.062583 0.064350 0.064225 0.062304 0.059388 0.054774 0.048864 0.042172 0.035878 0.029683 0.023679 0.018253 0.013900 0.010152 0.007077 0.004874 0.003231 0.002109 0.001264 0.000766 0.000423 0.000231 0.000133 0.000064 0.000029 0.000014 0.000006 0.000001 0.000002 0.000000 0.000001 0.000000 0.000000 0.000000 0.000000 0.000000 0.000000 0.000000 
t: 0.001038135593 start: 264 end: 328 0.000005 0.000008 0.000020 0.000025 0.000060 0.000096 0.000173 0.000242 0.000392 0.000717 0.001115 0.001649 0.002529 0.003598 0.005218 0.007179 0.009831 0.012963 0.017102 0.021860 0.027353 0.033175 0.039065 0.045170 0.051468 0.056254 0.060646 0.063411 0.064596 0.064416 0.062381 0.058983 0.054038 0.047875 0.041573 0.034880 0.028589 0.022861 0.017503 0.013116 0.009307 0.006696 0.004445 0.002941 0.001859 0.001137 0.000693 0.000384 0.000194 0.000117 0.000054 0.000021 0.000010 0.000004 0.000001 0.000001 0.000000 0.000001 0.000000 0.000000 0.000000 0.000000 0.000000 0.000000 0.000000 
t: 0.001018711019 start: 264 end: 328 0.000002 0.000004 0.000007 0.000017 0.000030 0.000056 0.000104 0.000152 0.000275 0.000442 0.000762 0.001052 0.001791 0.002608 0.003807 0.005396 0.007451 0.010167 0.013627 0.017784 0.022583 0.027848 0.034149 0.040264 0.046497 0.052323 0.057576 0.061271 0.064020 0.065077 0.064646 0.062341 0.058234 0.053218 0.047236 0.040179 0.033580 0.027496 0.021788 0.016508 0.012300 0.008600 0.006207 0.004067 0.002602 0.001593 0.001024 0.000573 0.000321 0.000172 0.000101 0.000037 0.000022 0.000008 0.000003 0.000001 0.000000 0.000000 0.000001 0.000000 0.000000 0.000000 0.000000 0.000000 0.000000 
t: 0.001000000000 start: 265 end: 328 0.000005 0.000001 0.000002 0.000022 0.000038 0.000063 0.000096 0.000172 0.000279 0.000483 0.000748 0.001230 0.001870 0.002667 0.004042 0.005700 0.007810 0.010609 0.014133 0.018398 0.023445 0.029358 0.035298 0.041482 0.047579 0.053449 0.058669 0.062378 0.064678 0.065721 0.064721 0.061868 0.057603 0.052084 0.045740 0.039100 0.032291 0.026278 0.020438 0.015532 0.011114 0.008118 0.005447 0.003669 0.002251 0.001442 0.000845 0.000466 0.000292 0.000144 0.000073 0.000035 0.000011 0.000010 0.000002 0.000000 0.000000 0.000001 0.000000 0.000000 0.000000 0.000000 0.000000 0.000000 
