t: 0.059999999999 start: 16 end: 55 0.000001 0.000008 0.000020 0.000074 0.000278 0.000896 0.002390 0.006042 0.012909 0.024351 0.041849 0.064362 0.087662 0.109304 0.122908 0.124206 0.114307 0.095874 0.073350 0.050407 0.032158 0.018342 0.010068 0.004722 0.002151 0.000880 0.000334 0.000098 0.000033 0.000013 0.000002 0.000001 0.000000 0.000000 0.000000 0.000000 0.000000 0.000000 0.000000 0.000000 
t: 0.054545454544 start: 18 end: 58 0.000001 0.000004 0.000016 0.000068 0.000214 0.000591 0.001592 0.004158 0.008901 0.017484 0.030631 0.048918 0.070299 0.091907 0.109929 0.119322 0.118092 0.106915 0.089090 0.067315 0.047395 0.030190 0.018232 0.009810 0.004981 0.002329 0.001006 0.000397 0.000137 0.000052 0.000018 0.000004 0.000002 0.000000 0.000000 0.000000 0.000000 0.000000 0.000000 0.000000 0.000000 
t: 0.049999999999 start: 20 end: 61 0.000001 0.000001 0.000015 0.000041 0.000129 0.000441 0.001235 0.002997 0.006475 0.012704 0.022795 0.037650 0.055985 0.076902 0.095415 0.109262 0.115552 0.111557 0.099754 0.081692 0.062151 0.043529 0.028227 0.016992 0.009538 0.004856 0.002382 0.001036 0.000436 0.000157 0.000062 0.000023 0.000007 0.000001 0.000000 0.000000 0.000000 0.000000 0.000000 0.000000 0.000000 0.000000 
t: 0.046153846153 start: 22 end: 64 0.000002 0.000003 0.000007 0.000039 0.000098 0.000321 0.000931 0.002195 0.005012 0.009525 0.017529 0.029494 0.044762 0.063289 0.082499 0.098050 0.109024 0.111071 0.105351 0.091659 0.074524 0.056597 0.039388 0.025510 0.015629 0.008876 0.004605 0.002247 0.001036 0.000429 0.000184 0.000076 0.000026 0.000010 0.000002 0.000000 0.000000 0.000000 0.000000 0.000000 0.000000 0.000000 0.000000 
t: 0.042857142857 start: 24 end: 67 0.000001 0.000001 0.000012 0.000029 0.000080 0.000277 0.000715 0.001686 0.003747 0.007281 0.013588 0.023329 0.036386 0.052790 0.070637 0.087438 0.100431 0.107288 0.106102 0.098304 0.084458 0.067299 0.050520 0.035090 0.022647 0.013849 0.007894 0.004251 0.002097 0.001016 0.000443 0.000196 0.000080 0.000027 0.000009 0.000002 0.000000 0.000000 0.000000 0.000000 0.000000 0.000000 0.000000 0.000000 
t: 0.040000000000 start: 27 end: 70 0.000004 0.000006 0.000025 0.000096 0.000223 0.000591 0.001338 0.002780 0.005841 0.011182 0.019049 0.029830 0.044190 0.060300 0.077449 0.091469 0.101481 0.104677 0.100844 0.090771 0.076422 0.060593 0.044062 0.030296 0.019941 0.012245 0.006938 0.003776 0.001904 0.000951 0.000436 0.000184 0.000066 0.000032 0.000005 0.000003 0.000000 0.000000 0.000000 0.000000 0.000000 0.000000 0.000000 0.000000 
t: 0.037500000000 start: 30 end: 73 0.000008 0.000019 0.000080 0.000194 0.000471 0.001126 0.002400 0.004831 0.008971 0.015679 0.024709 0.037587 0.052346 0.067766 0.083210 0.095128 0.101272 0.101067 0.094508 0.083099 0.067857 0.052939 0.038590 0.026311 0.017220 0.010305 0.006006 0.003227 0.001605 0.000828 0.000385 0.000158 0.000068 0.000023 0.000004 0.000003 0.000000 0.000000 0.000000 0.000000 0.000000 0.000000 0.000000 0.000000 
t: 0.035294117647 start: 31 end: 76 0.000001 0.000004 0.000022 0.000065 0.000147 0.000436 0.000979 0.002049 0.004071 0.007525 0.012965 0.021375 0.032363 0.045280 0.060325 0.075556 0.087609 0.096418 0.099883 0.095824 0.087647 0.074473 0.060526 0.045577 0.033099 0.022373 0.014332 0.008691 0.005025 0.002727 0.001460 0.000651 0.000289 0.000143 0.000059 0.000021 0.000008 0.000000 0.000002 0.000000 0.000000 0.000000 0.000000 0.000000 0.000000 0.000000 
t: 0.033333333333 start: 34 end: 80 0.000011 0.000025 0.000050 0.000169 0.000370 0.000890 0.001749 0.003519 0.006435 0.011229 0.018311 0.027871 0.040506 0.054129 0.068395 0.081749 0.091351 0.096124 0.095496 0.089945 0.079744 0.066410 0.052521 0.039276 0.027486 0.018663 0.011949 0.007193 0.004065 0.002218 0.001120 0.000579 0.000263 0.000100 0.000050 0.000028 0.000009 0.000001 0.000001 0.000000 0.000000 0.000000 0.000000 0.000000 0.000000 0.000000 0.000000 
t: 0.031578947368 start: 35 end: 82 0.000003 0.000008 0.000018 0.000064 0.000135 0.000352 0.000788 0.001606 0.003101 0.005705 0.009853 0.015953 0.024872 0.035994 0.048904 0.062182 0.076149 0.085886 0.092974 0.094225 0.091131 0.082737 0.071349 0.057913 0.045333 0.032742 0.022954 0.015071 0.009589 0.005742 0.003237 0.001756 0.000904 0.000439 0.000188 0.000077 0.000040 0.000017 0.000007 0.000002 0.000000 0.000000 0.000000 0.000000 0.000000 0.000000 0.000000 0.000000 
t: 0.030000000000 start: 37 end: 85 0.000004 0.000012 0.000015 0.000046 0.000149 0.000305 0.000713 0.001448 0.002862 0.005146 0.008851 0.014321 0.022261 0.032496 0.044361 0.057393 0.070262 0.081110 0.089546 0.092726 0.090691 0.084492 0.074702 0.063021 0.049917 0.037989 0.027046 0.018726 0.012229 0.007557 0.004428 0.002554 0.001335 0.000679 0.000340 0.000156 0.000075 0.000020 0.000014 0.000001 0.000001 0.000000 0.000000 0.000000 0.000000 0.000000 0.000000 0.000000 0.000000 
t: 0.028571428571 start: 38 end: 87 0.000001 0.000003 0.000009 0.000022 0.000071 0.000143 0.000267 0.000690 0.001323 0.002628 0.004683 0.007972 0.013312 0.020311 0.029600 0.040842 0.053053 0.065765 0.077156 0.085941 0.089698 0.090134 0.085268 0.077368 0.066316 0.054631 0.041885 0.031240 0.022050 0.015152 0.009442 0.005819 0.003346 0.001874 0.000995 0.000514 0.000271 0.000121 0.000060 0.000019 0.000003 0.000002 0.000000 0.000000 0.000000 0.000000 0.000000 0.000000 0.000000 0.000000 
t: 0.027272727273 start: 41 end: 91 0.000003 0.000007 0.000024 0.000059 0.000116 0.000292 0.000681 0.001260 0.002493 0.004403 0.007425 0.012167 0.018855 0.027443 0.037718 0.049749 0.061912 0.073662 0.081997 0.087210 0.088781 0.085861 0.079357 0.068792 0.057749 0.045848 0.034751 0.025317 0.017505 0.011654 0.007173 0.004432 0.002501 0.001404 0.000681 0.000396 0.000193 0.000075 0.000034 0.000011 0.000006 0.000002 0.000001 0.000000 0.000000 0.000000 0.000000 0.000000 0.000000 0.000000 0.000000 
t: 0.026086956522 start: 43 end: 93 0.000002 0.000008 0.000025 0.000063 0.000144 0.000286 0.000602 0.001200 0.002343 0.004128 0.007292 0.011507 0.017550 0.025666 0.035774 0.046967 0.058956 0.069587 0.078870 0.084569 0.087587 0.085330 0.079788 0.071358 0.060096 0.048959 0.038073 0.028463 0.020161 0.013555 0.008608 0.005401 0.003191 0.001818 0.001056 0.000556 0.000263 0.000113 0.000051 0.000018 0.000012 0.000002 0.000002 0.000000 0.000000 0.000000 0.000000 0.000000 0.000000 0.000000 0.000000 
t: 0.025000000000 start: 44 end: 97 0.000001 0.000002 0.000011 0.000028 0.000057 0.000167 0.000272 0.000586 0.001187 0.002268 0.004079 0.006795 0.011105 0.016638 0.024734 0.033782 0.044740 0.055779 0.067309 0.075829 0.082435 0.085835 0.084394 0.080137 0.072524 0.062843 0.051455 0.040693 0.030976 0.022307 0.015346 0.010351 0.006379 0.003869 0.002352 0.001349 0.000758 0.000348 0.000163 0.000062 0.000027 0.000019 0.000004 0.000002 0.000002 0.000001 0.000000 0.000000 0.000000 0.000000 0.000000 0.000000 0.000000 0.000000 
t: 0.024000000000 start: 46 end: 99 0.000004 0.000002 0.000008 0.000017 0.000071 0.000136 0.000319 0.000623 0.001252 0.002214 0.003968 0.006793 0.010634 0.016255 0.023741 0.032539 0.042730 0.053819 0.064024 0.073788 0.080474 0.083701 0.084514 0.080377 0.072705 0.064247 0.053340 0.043265 0.032915 0.024398 0.017046 0.011542 0.007536 0.004691 0.002896 0.001607 0.000934 0.000448 0.000217 0.000134 0.000039 0.000020 0.000009 0.000005 0.000002 0.000001 0.000000 0.000000 0.000000 0.000000 0.000000 0.000000 0.000000 0.000000 
t: 0.023076923077 start: 47 end: 102 0.000002 0.000002 0.000007 0.000010 0.000027 0.000064 0.000156 0.000311 0.000669 0.001247 0.002257 0.004013 0.006663 0.010475 0.015992 0.022984 0.031503 0.040928 0.051791 0.062765 0.071963 0.078390 0.082304 0.083041 0.080004 0.073906 0.064602 0.054932 0.044958 0.035030 0.026166 0.018464 0.012885 0.008471 0.005453 0.003353 0.001961 0.001092 0.000579 0.000305 0.000160 0.000060 0.000028 0.000019 0.000003 0.000002 0.000002 0.000001 0.000000 0.000000 0.000000 0.000000 0.000000 0.000000 0.000000 0.000000 
t: 0.022222222222 start: 48 end: 104 0.000001 0.000001 0.000006 0.000004 0.000011 0.000035 0.000079 0.000154 0.000348 0.000661 0.001305 0.002431 0.004118 0.006661 0.010597 0.015674 0.022494 0.030694 0.040696 0.050684 0.060774 0.069459 0.077061 0.081044 0.081992 0.079145 0.073649 0.065557 0.056132 0.046270 0.036291 0.027832 0.019843 0.014014 0.009560 0.005951 0.003814 0.002162 0.001359 0.000704 0.000385 0.000183 0.000087 0.000038 0.000021 0.000011 0.000004 0.000003 0.000001 0.000000 0.000000 0.000000 0.000000 0.000000 0.000000 0.000000 0.000000 
t: 0.021428571428 start: 52 end: 106 0.000005 0.000011 0.000013 0.000039 0.000085 0.000154 0.000377 0.000720 0.001398 0.002508 0.004346 0.006862 0.010520 0.015518 0.022267 0.030802 0.039763 0.049909 0.059362 0.068668 0.075063 0.079936 0.080891 0.078542 0.073206 0.065874 0.056690 0.047059 0.037383 0.028889 0.021373 0.014958 0.010036 0.006721 0.004255 0.002549 0.001516 0.000833 0.000458 0.000243 0.000096 0.000048 0.000027 0.000012 0.000007 0.000006 0.000002 0.000000 0.000000 0.000000 0.000000 0.000000 0.000000 0.000000 0.000000 
t: 0.020689655172 start: 53 end: 109 0.000001 0.000001 0.000007 0.000024 0.000038 0.000097 0.000185 0.000411 0.000839 0.001502 0.002596 0.004387 0.007130 0.010653 0.015747 0.022299 0.030584 0.039641 0.049353 0.058795 0.067156 0.074104 0.078763 0.080041 0.077390 0.072926 0.065924 0.057218 0.047063 0.038272 0.029661 0.022131 0.015749 0.010863 0.007133 0.004729 0.002909 0.001664 0.000905 0.000534 0.000303 0.000142 0.000068 0.000033 0.000014 0.000008 0.000005 0.000000 0.000001 0.000001 0.000000 0.000000 0.000000 0.000000 0.000000 0.000000 0.000000 
t: 0.020000000000 start: 55 end: 112 0.000001 0.000003 0.000005 0.000032 0.000052 0.000123 0.000236 0.000446 0.000864 0.001631 0.002633 0.004723 0.007320 0.010878 0.016149 0.022829 0.030781 0.039877 0.048932 0.057743 0.066494 0.073360 0.077403 0.078900 0.076894 0.072229 0.065493 0.057350 0.047619 0.038662 0.029996 0.022746 0.016329 0.011282 0.007733 0.004951 0.003059 0.001881 0.001114 0.000570 0.000351 0.000162 0.000094 0.000034 0.000020 0.000007 0.000006 0.000001 0.000001 0.000000 0.000001 0.000000 0.000000 0.000000 0.000000 0.000000 0.000000 0.000000 
t: 0.019354838710 start: 57 end: 113 0.000001 0.000004 0.000014 0.000031 0.000076 0.000127 0.000261 0.000500 0.000936 0.001711 0.002884 0.004984 0.007431 0.011654 0.016751 0.023181 0.031353 0.039346 0.048691 0.057917 0.066313 0.072646 0.076752 0.077556 0.076037 0.071578 0.065090 0.056874 0.047695 0.038440 0.030651 0.023036 0.016654 0.011637 0.007993 0.005275 0.003338 0.001998 0.001210 0.000634 0.000344 0.000189 0.000114 0.000051 0.000023 0.000011 0.000003 0.000003 0.000000 0.000002 0.000000 0.000000 0.000000 0.000000 0.000000 0.000000 0.000000 
t: 0.018750000000 start: 59 end: 116 0.000002 0.000004 0.000012 0.000042 0.000079 0.000190 0.000287 0.000581 0.001047 0.001851 0.003140 0.005241 0.007999 0.012179 0.017356 0.023914 0.031426 0.040306 0.048696 0.058016 0.066030 0.072283 0.075854 0.076393 0.075352 0.070699 0.064146 0.056131 0.047464 0.038655 0.030645 0.023103 0.016906 0.011949 0.008230 0.005470 0.003454 0.002065 0.001267 0.000715 0.000397 0.000194 0.000118 0.000057 0.000027 0.000014 0.000007 0.000003 0.000002 0.000000 0.000002 0.000000 0.000000 0.000000 0.000000 0.000000 0.000000 0.000000 
t: 0.018181818182 start: 60 end: 119 0.000002 0.000004 0.000005 0.000019 0.000046 0.000115 0.000174 0.000380 0.000669 0.001200 0.002134 0.003528 0.005621 0.008593 0.012766 0.018041 0.024570 0.032403 0.040715 0.049671 0.058166 0.065622 0.071893 0.074958 0.076184 0.073854 0.069766 0.063115 0.055907 0.046652 0.038584 0.030195 0.022880 0.016984 0.012073 0.008335 0.005513 0.003516 0.002129 0.001363 0.000728 0.000429 0.000253 0.000124 0.000059 0.000031 0.000015 0.000007 0.000004 0.000001 0.000003 0.000001 0.000000 0.000000 0.000000 0.000000 0.000000 0.000000 0.000000 0.000000 
t: 0.017647058823 start: 62 end: 120 0.000001 0.000008 0.000007 0.000035 0.000053 0.000116 0.000217 0.000433 0.000797 0.001375 0.002381 0.003864 0.006006 0.009379 0.013628 0.019130 0.025551 0.033228 0.041705 0.050189 0.058838 0.065936 0.071027 0.074387 0.075077 0.073023 0.068936 0.062242 0.054349 0.046377 0.037587 0.030012 0.022547 0.016881 0.012020 0.008225 0.005462 0.003565 0.002265 0.001380 0.000768 0.000468 0.000260 0.000124 0.000091 0.000023 0.000013 0.000005 0.000006 0.000001 0.000002 0.000000 0.000000 0.000000 0.000000 0.000000 0.000000 0.000000 0.000000 
t: 0.017142857143 start: 63 end: 122 0.000003 0.000004 0.000004 0.000017 0.000027 0.000077 0.000140 0.000232 0.000517 0.000931 0.001577 0.002756 0.004256 0.006726 0.010020 0.014655 0.020009 0.026713 0.034491 0.042419 0.051580 0.059122 0.066241 0.070888 0.073680 0.074538 0.071834 0.067266 0.060936 0.053554 0.045186 0.037100 0.029402 0.022097 0.016421 0.011870 0.008208 0.005496 0.003511 0.002281 0.001409 0.000813 0.000456 0.000237 0.000144 0.000089 0.000032 0.000020 0.000009 0.000003 0.000002 0.000001 0.000000 0.000000 0.000000 0.000000 0.000000 0.000000 0.000000 0.000000 
t: 0.016666666667 start: 66 end: 125 0.000006 0.000008 0.000026 0.000047 0.000080 0.000167 0.000305 0.000606 0.001095 0.001841 0.003036 0.004922 0.007313 0.011076 0.015621 0.021181 0.028062 0.035682 0.044062 0.052093 0.059945 0.066008 0.071090 0.073442 0.073255 0.070864 0.066693 0.059403 0.052065 0.043970 0.035855 0.028335 0.021837 0.016133 0.011505 0.008040 0.005386 0.003468 0.002283 0.001397 0.000789 0.000440 0.000261 0.000150 0.000081 0.000041 0.000018 0.000011 0.000002 0.000001 0.000002 0.000001 0.000000 0.000000 0.000000 0.000000 0.000000 0.000000 0.000000 0.000000 
t: 0.016216216216 start: 66 end: 126 0.000001 0.000002 0.000008 0.000018 0.000024 0.000051 0.000126 0.000217 0.000368 0.000724 0.001288 0.002148 0.003588 0.005479 0.008138 0.011936 0.016856 0.022657 0.029440 0.037165 0.045385 0.053426 0.060289 0.066840 0.071053 0.073144 0.072387 0.069498 0.064583 0.058214 0.050609 0.042906 0.034902 0.027324 0.020888 0.015459 0.011257 0.007630 0.005184 0.003387 0.002203 0.001408 0.000792 0.000443 0.000254 0.000160 0.000070 0.000037 0.000017 0.000006 0.000005 0.000003 0.000003 0.000000 0.000000 0.000000 0.000000 0.000000 0.000000 0.000000 0.000000 
t: 0.015789473684 start: 68 end: 129 0.000002 0.000003 0.000005 0.000022 0.000035 0.000073 0.000137 0.000281 0.000483 0.000868 0.001500 0.002562 0.003991 0.006072 0.009206 0.013178 0.018146 0.024182 0.031212 0.038787 0.046807 0.054492 0.061639 0.067066 0.070827 0.072497 0.071868 0.067902 0.063148 0.056250 0.049241 0.041210 0.033494 0.026249 0.020055 0.015041 0.010649 0.007327 0.005059 0.003322 0.002074 0.001254 0.000796 0.000459 0.000230 0.000139 0.000091 0.000031 0.000016 0.000012 0.000006 0.000002 0.000001 0.000001 0.000000 0.000000 0.000000 0.000000 0.000000 0.000000 0.000000 0.000000 
t: 0.015384615385 start: 68 end: 129 0.000002 0.000000 0.000000 0.000006 0.000010 0.000025 0.000040 0.000111 0.000209 0.000319 0.000620 0.001075 0.001803 0.002914 0.004628 0.006914 0.010148 0.014605 0.019568 0.025834 0.032931 0.040734 0.048543 0.055948 0.062140 0.067717 0.071090 0.072011 0.069854 0.066941 0.061208 0.054697 0.047542 0.039484 0.031912 0.025130 0.019196 0.014214 0.010068 0.007118 0.004846 0.002970 0.001953 0.001196 0.000736 0.000437 0.000266 0.000138 0.000079 0.000031 0.000016 0.000012 0.000004 0.000005 0.000001 0.000001 0.000000 0.000000 0.000000 0.000000 0.000000 0.000000 
t: 0.015000000000 start: 69 end: 132 0.000001 0.000000 0.000001 0.000004 0.000008 0.000019 0.000030 0.000069 0.000132 0.000226 0.000439 0.000766 0.001274 0.002200 0.003422 0.005243 0.007927 0.011498 0.015726 0.021108 0.027815 0.035064 0.042770 0.050272 0.057177 0.063601 0.068134 0.070659 0.070940 0.068885 0.065286 0.059310 0.052943 0.045484 0.037844 0.030309 0.023780 0.018157 0.013194 0.009703 0.006629 0.004532 0.002803 0.001877 0.001136 0.000694 0.000402 0.000217 0.000142 0.000071 0.000044 0.000015 0.000006 0.000008 0.000000 0.000002 0.000000 0.000001 0.000001 0.000000 0.000000 0.000000 0.000000 0.000000 
t: 0.014634146341 start: 72 end: 135 0.000002 0.000003 0.000002 0.000013 0.000022 0.000042 0.000086 0.000171 0.000294 0.000573 0.000877 0.001648 0.002587 0.004157 0.006015 0.008934 0.012689 0.017435 0.023162 0.029840 0.037284 0.044746 0.052411 0.058757 0.064299 0.067913 0.070590 0.070206 0.067648 0.063273 0.057441 0.050858 0.043358 0.035757 0.028824 0.022514 0.017063 0.012440 0.008830 0.006014 0.004170 0.002808 0.001646 0.001136 0.000626 0.000353 0.000226 0.000122 0.000059 0.000040 0.000017 0.000009 0.000004 0.000004 0.000000 0.000000 0.000001 0.000000 0.000001 0.000000 0.000000 0.000000 0.000000 0.000000 
t: 0.014285714286 start: 73 end: 137 0.000001 0.000001 0.000004 0.000010 0.000012 0.000028 0.000071 0.000109 0.000201 0.000385 0.000687 0.001201 0.001981 0.003123 0.004659 0.007151 0.010195 0.014270 0.019312 0.025072 0.032185 0.039701 0.046995 0.053976 0.060044 0.065042 0.068885 0.070130 0.068801 0.066226 0.061217 0.055649 0.048116 0.041355 0.033721 0.027005 0.020873 0.015908 0.011546 0.008264 0.005722 0.003761 0.002498 0.001567 0.000960 0.000581 0.000345 0.000220 0.000117 0.000062 0.000027 0.000013 0.000006 0.000003 0.000003 0.000000 0.000002 0.000000 0.000001 0.000000 0.000000 0.000000 0.000000 0.000000 0.000000 
t: 0.013953488372 start: 73 end: 138 0.000001 0.000000 0.000001 0.000002 0.000008 0.000014 0.000023 0.000038 0.000069 0.000153 0.000245 0.000509 0.000901 0.001452 0.002430 0.003651 0.005605 0.008216 0.011667 0.015903 0.021318 0.027597 0.034385 0.042053 0.049180 0.055796 0.061589 0.065984 0.068592 0.069521 0.068101 0.064217 0.059413 0.052857 0.046162 0.038784 0.031727 0.025304 0.019249 0.014582 0.010699 0.007579 0.005143 0.003442 0.002253 0.001473 0.000854 0.000497 0.000334 0.000204 0.000109 0.000052 0.000034 0.000012 0.000008 0.000003 0.000001 0.000002 0.000000 0.000002 0.000000 0.000000 0.000000 0.000000 0.000000 0.000000 
t: 0.013636363636 start: 76 end: 141 0.000002 0.000001 0.000005 0.000009 0.000020 0.000031 0.000053 0.000100 0.000189 0.000360 0.000641 0.001117 0.001796 0.002920 0.004484 0.006511 0.009498 0.013210 0.018045 0.023706 0.029788 0.036931 0.044205 0.051602 0.057477 0.063030 0.066808 0.068437 0.068591 0.067111 0.062040 0.057068 0.050434 0.043468 0.036457 0.029557 0.023318 0.017917 0.013448 0.009771 0.006885 0.004580 0.003168 0.001989 0.001290 0.000750 0.000512 0.000306 0.000172 0.000088 0.000054 0.000026 0.000010 0.000007 0.000003 0.000001 0.000002 0.000001 0.000000 0.000000 0.000000 0.000000 0.000000 0.000000 0.000000 0.000000 
t: 0.013333333333 start: 77 end: 142 0.000002 0.000001 0.000004 0.000004 0.000013 0.000019 0.000034 0.000097 0.000133 0.000274 0.000501 0.000819 0.001355 0.002301 0.003549 0.005276 0.007669 0.010990 0.014997 0.020142 0.025802 0.032964 0.039487 0.046949 0.053448 0.059388 0.064377 0.066998 0.068153 0.067640 0.064908 0.060669 0.054289 0.047587 0.041130 0.034055 0.027226 0.021762 0.016355 0.012072 0.008760 0.006218 0.004287 0.002676 0.001792 0.001066 0.000758 0.000433 0.000255 0.000145 0.000076 0.000047 0.000024 0.000009 0.000008 0.000003 0.000000 0.000002 0.000002 0.000000 0.000000 0.000000 0.000000 0.000000 0.000000 0.000000 
t: 0.013043478261 start: 78 end: 143 0.000001 0.000002 0.000004 0.000002 0.000011 0.000008 0.000036 0.000071 0.000082 0.000203 0.000369 0.000639 0.001090 0.001742 0.002837 0.004329 0.006268 0.009037 0.012563 0.017136 0.022432 0.028782 0.035695 0.042215 0.049036 0.055742 0.061329 0.064832 0.067388 0.067490 0.066451 0.063100 0.057885 0.052147 0.044846 0.038258 0.031687 0.025287 0.019589 0.015029 0.010881 0.007898 0.005341 0.003758 0.002487 0.001568 0.000968 0.000592 0.000366 0.000222 0.000118 0.000069 0.000036 0.000029 0.000007 0.000004 0.000004 0.000000 0.000002 0.000000 0.000000 0.000000 0.000000 0.000000 0.000000 0.000000 
t: 0.012765957447 start: 79 end: 144 0.000001 0.000000 0.000002 0.000005 0.000004 0.000014 0.000026 0.000052 0.000073 0.000143 0.000261 0.000522 0.000844 0.001390 0.002254 0.003513 0.005117 0.007357 0.010727 0.014637 0.019385 0.025055 0.031417 0.037964 0.045240 0.052002 0.057514 0.062401 0.065997 0.067618 0.066440 0.064786 0.060983 0.055391 0.049241 0.042136 0.035715 0.028890 0.023270 0.018015 0.013404 0.009596 0.006834 0.004865 0.003265 0.002160 0.001347 0.000890 0.000512 0.000333 0.000155 0.000111 0.000056 0.000037 0.000015 0.000011 0.000002 0.000003 0.000002 0.000000 0.000000 0.000000 0.000000 0.000000 0.000000 0.000000 
t: 0.012500000000 start: 80 end: 146 0.000001 0.000001 0.000002 0.000001 0.000004 0.000010 0.000020 0.000041 0.000059 0.000113 0.000200 0.000360 0.000708 0.001122 0.001749 0.002805 0.004299 0.006144 0.008783 0.012463 0.016754 0.021835 0.027810 0.034477 0.041409 0.047663 0.054028 0.059278 0.064131 0.066284 0.066846 0.065872 0.063386 0.058389 0.052425 0.046067 0.039237 0.032947 0.026603 0.021041 0.016180 0.011860 0.008590 0.006166 0.004216 0.002839 0.001866 0.001151 0.000711 0.000449 0.000280 0.000142 0.000087 0.000048 0.000023 0.000014 0.000003 0.000005 0.000003 0.000000 0.000000 0.000000 0.000000 0.000000 0.000000 0.000000 0.000000 
t: 0.012244897959 start: 82 end: 148 0.000001 0.000001 0.000003 0.000005 0.000004 0.000015 0.000024 0.000046 0.000091 0.000158 0.000289 0.000518 0.000904 0.001456 0.002227 0.003522 0.005110 0.007488 0.010662 0.014522 0.019162 0.024102 0.031150 0.037411 0.043919 0.050679 0.056210 0.061303 0.064831 0.066751 0.066520 0.064698 0.060476 0.055407 0.049412 0.043217 0.036599 0.029919 0.024259 0.019000 0.014340 0.010490 0.007601 0.005337 0.003662 0.002457 0.001527 0.000998 0.000620 0.000395 0.000230 0.000133 0.000067 0.000033 0.000016 0.000009 0.000004 0.000008 0.000002 0.000000 0.000000 0.000000 0.000000 0.000000 0.000000 0.000000 0.000000 
t: 0.012000000000 start: 85 end: 150 0.000003 0.000004 0.000008 0.000008 0.000017 0.000042 0.000076 0.000124 0.000222 0.000398 0.000713 0.001194 0.001784 0.002950 0.004339 0.006330 0.009148 0.012495 0.016508 0.021658 0.027481 0.034010 0.040521 0.046721 0.053070 0.058926 0.062904 0.065621 0.066580 0.065238 0.062270 0.057967 0.052731 0.046546 0.040172 0.033548 0.027312 0.022080 0.016668 0.012543 0.009358 0.006483 0.004675 0.003121 0.002052 0.001296 0.000808 0.000524 0.000329 0.000188 0.000117 0.000062 0.000028 0.000008 0.000011 0.000005 0.000004 0.000001 0.000000 0.000000 0.000000 0.000000 0.000000 0.000000 0.000000 0.000000 
t: 0.011764705882 start: 86 end: 151 0.000002 0.000003 0.000005 0.000008 0.000015 0.000028 0.000052 0.000099 0.000189 0.000323 0.000598 0.000877 0.001556 0.002376 0.003598 0.005379 0.007716 0.010913 0.014400 0.019102 0.024868 0.030668 0.037004 0.043535 0.050057 0.055858 0.060452 0.064356 0.065785 0.065389 0.063505 0.060265 0.055412 0.049707 0.043545 0.036693 0.030712 0.024801 0.019424 0.014836 0.011148 0.008018 0.005621 0.003978 0.002588 0.001667 0.001138 0.000712 0.000459 0.000242 0.000134 0.000091 0.000045 0.000020 0.000013 0.000006 0.000006 0.000003 0.000000 0.000000 0.000000 0.000000 0.000000 0.000000 0.000000 0.000000 
t: 0.011538461538 start: 87 end: 154 0.000001 0.000002 0.000007 0.000003 0.000011 0.000029 0.000043 0.000075 0.000155 0.000275 0.000461 0.000729 0.001250 0.002001 0.003092 0.004460 0.006676 0.009372 0.012565 0.016826 0.022151 0.027799 0.034063 0.040619 0.046425 0.052770 0.058408 0.062464 0.064670 0.065716 0.063961 0.061360 0.057973 0.052884 0.046148 0.040301 0.033761 0.027735 0.022154 0.017190 0.012830 0.009537 0.006990 0.004816 0.003269 0.002218 0.001446 0.000906 0.000583 0.000350 0.000201 0.000126 0.000064 0.000036 0.000019 0.000010 0.000006 0.000006 0.000001 0.000001 0.000000 0.000000 0.000000 0.000000 0.000000 0.000000 0.000000 0.000000 
t: 0.011320754717 start: 88 end: 154 0.000001 0.000000 0.000002 0.000009 0.000008 0.000020 0.000038 0.000065 0.000118 0.000221 0.000372 0.000619 0.000999 0.001647 0.002577 0.003993 0.005623 0.008295 0.010942 0.015093 0.019577 0.025338 0.030988 0.037540 0.043614 0.049767 0.055670 0.060069 0.063636 0.064895 0.064381 0.062684 0.059706 0.055078 0.049452 0.042925 0.036621 0.030856 0.024890 0.019613 0.015113 0.011084 0.008417 0.005880 0.004022 0.002696 0.001830 0.001154 0.000785 0.000420 0.000282 0.000160 0.000086 0.000069 0.000032 0.000011 0.000008 0.000007 0.000001 0.000001 0.000000 0.000000 0.000000 0.000000 0.000000 0.000000 0.000000 
t: 0.011111111111 start: 91 end: 157 0.000005 0.000006 0.000006 0.000016 0.000034 0.000054 0.000093 0.000179 0.000330 0.000525 0.000822 0.001371 0.002172 0.003442 0.004929 0.007065 0.009966 0.013196 0.017461 0.022870 0.028564 0.034463 0.040899 0.047023 0.052577 0.057580 0.062208 0.064294 0.064276 0.063890 0.060625 0.057104 0.052114 0.045788 0.039483 0.033338 0.027656 0.022222 0.017096 0.013132 0.009770 0.006804 0.004926 0.003504 0.002269 0.001484 0.000909 0.000578 0.000368 0.000224 0.000123 0.000079 0.000040 0.000024 0.000015 0.000003 0.000003 0.000001 0.000002 0.000000 0.000000 0.000000 0.000000 0.000000 0.000000 0.000000 0.000000 
t: 0.010909090909 start: 91 end: 158 0.000001 0.000003 0.000005 0.000008 0.000006 0.000037 0.000038 0.000085 0.000147 0.000278 0.000438 0.000724 0.001126 0.001814 0.002855 0.004316 0.006230 0.008754 0.011890 0.015779 0.020533 0.025909 0.031956 0.037954 0.044218 0.050126 0.055388 0.060269 0.062787 0.064436 0.063744 0.062039 0.058646 0.054191 0.048299 0.042355 0.036353 0.030133 0.024472 0.019538 0.014951 0.011251 0.008141 0.005900 0.004098 0.002859 0.001812 0.001211 0.000737 0.000472 0.000283 0.000183 0.000088 0.000054 0.000040 0.000019 0.000010 0.000006 0.000001 0.000004 0.000000 0.000000 0.000000 0.000000 0.000000 0.000000 0.000000 0.000000 
t: 0.010714285714 start: 91 end: 158 0.000001 0.000000 0.000001 0.000004 0.000005 0.000009 0.000022 0.000043 0.000065 0.000109 0.000199 0.000405 0.000612 0.000969 0.001644 0.002414 0.003762 0.005356 0.007680 0.010681 0.014260 0.018596 0.023721 0.029508 0.035321 0.041912 0.047357 0.052958 0.058192 0.061589 0.063749 0.064092 0.062828 0.059635 0.055919 0.050639 0.044957 0.038840 0.032459 0.027280 0.021530 0.016833 0.012983 0.009562 0.006875 0.004777 0.003440 0.002263 0.001459 0.000995 0.000568 0.000386 0.000219 0.000129 0.000089 0.000042 0.000029 0.000016 0.000007 0.000001 0.000004 0.000000 0.000000 0.000000 0.000000 0.000000 0.000000 0.000000 
t: 0.010526315789 start: 93 end: 161 0.000001 0.000002 0.000004 0.000006 0.000005 0.000014 0.000042 0.000058 0.000088 0.000187 0.000333 0.000521 0.000872 0.001407 0.002082 0.003238 0.004749 0.006781 0.009485 0.012981 0.016897 0.021633 0.026896 0.033311 0.038967 0.045260 0.050962 0.056227 0.060139 0.062157 0.064120 0.062870 0.060897 0.057485 0.052964 0.046898 0.041185 0.035359 0.029273 0.023943 0.018887 0.014449 0.010897 0.007979 0.005739 0.004067 0.002760 0.001843 0.001191 0.000742 0.000461 0.000274 0.000180 0.000101 0.000056 0.000032 0.000025 0.000007 0.000005 0.000005 0.000001 0.000000 0.000000 0.000000 0.000000 0.000000 0.000000 0.000000 0.000000 
t: 0.010344827586 start: 94 end: 161 0.000001 0.000000 0.000005 0.000006 0.000005 0.000012 0.000029 0.000044 0.000092 0.000161 0.000270 0.000463 0.000730 0.001206 0.001905 0.002837 0.004223 0.006033 0.008521 0.011588 0.015496 0.019710 0.025145 0.030728 0.036698 0.042799 0.048585 0.054368 0.058628 0.061796 0.063290 0.062813 0.061305 0.058243 0.054870 0.049184 0.043743 0.037521 0.031709 0.026031 0.020883 0.016013 0.012419 0.009232 0.006618 0.004714 0.003283 0.002214 0.001449 0.000939 0.000568 0.000344 0.000233 0.000122 0.000076 0.000045 0.000021 0.000014 0.000013 0.000006 0.000000 0.000001 0.000000 0.000000 0.000000 0.000000 0.000000 0.000000 
t: 0.010169491525 start: 95 end: 163 0.000001 0.000003 0.000002 0.000005 0.000006 0.000014 0.000020 0.000035 0.000068 0.000142 0.000217 0.000404 0.000667 0.001071 0.001639 0.002498 0.003764 0.005452 0.007649 0.010443 0.014052 0.018212 0.023069 0.028995 0.034225 0.040756 0.046282 0.051956 0.057000 0.060587 0.062817 0.062871 0.062044 0.059399 0.056016 0.051376 0.045649 0.039380 0.034153 0.028081 0.022540 0.017740 0.013982 0.010391 0.007567 0.005517 0.003871 0.002675 0.001754 0.001160 0.000668 0.000438 0.000277 0.000165 0.000101 0.000058 0.000034 0.000023 0.000011 0.000006 0.000000 0.000002 0.000000 0.000000 0.000000 0.000000 0.000000 0.000000 0.000000 
t: 0.010000000000 start: 95 end: 165 0.000001 0.000001 0.000001 0.000002 0.000004 0.000005 0.000009 0.000019 0.000028 0.000068 0.000099 0.000182 0.000346 0.000587 0.000913 0.001470 0.002306 0.003350 0.004886 0.006720 0.009627 0.012692 0.016885 0.021692 0.026491 0.032475 0.038444 0.044363 0.050103 0.055342 0.059231 0.061615 0.062791 0.062129 0.060471 0.057260 0.052693 0.047488 0.041795 0.036032 0.029990 0.024399 0.019868 0.015259 0.011678 0.008690 0.006192 0.004340 0.003163 0.002185 0.001401 0.000848 0.000556 0.000311 0.000205 0.000126 0.000072 0.000048 0.000021 0.000020 0.000006 0.000003 0.000003 0.000000 0.000000 0.000000 0.000000 0.000000 0.000000 0.000000 0.000000 
t: 0.008448275866 start: 109 end: 179 0.000001 0.000001 0.000003 0.000002 0.000005 0.000008 0.000019 0.000028 0.000058 0.000112 0.000182 0.000329 0.000520 0.000860 0.001350 0.002057 0.002895 0.004244 0.006160 0.008189 0.010975 0.014382 0.018671 0.023160 0.027932 0.033734 0.038906 0.044530 0.049285 0.053797 0.056889 0.059580 0.060191 0.059691 0.057827 0.054892 0.050675 0.046055 0.040541 0.035308 0.030006 0.024978 0.020307 0.015903 0.012403 0.009381 0.006892 0.005169 0.003551 0.002541 0.001694 0.001139 0.000762 0.000484 0.000309 0.000169 0.000104 0.000066 0.000052 0.000026 0.000012 0.000005 0.000003 0.000000 0.000000 0.000000 0.000000 0.000000 0.000000 0.000000 0.000000 
t: 0.007313432839 start: 121 end: 195 0.000002 0.000001 0.000004 0.000005 0.000002 0.000014 0.000028 0.000047 0.000093 0.000139 0.000212 0.000403 0.000629 0.000901 0.001476 0.002172 0.003254 0.004502 0.006278 0.008408 0.011329 0.014507 0.018155 0.022440 0.027224 0.032372 0.037883 0.042831 0.047481 0.051765 0.055034 0.057005 0.057965 0.058089 0.056938 0.054308 0.050813 0.046459 0.041400 0.036252 0.031507 0.026533 0.021910 0.017904 0.013874 0.010724 0.008211 0.006130 0.004578 0.003232 0.002243 0.001507 0.001008 0.000689 0.000449 0.000243 0.000183 0.000094 0.000062 0.000047 0.000023 0.000015 0.000004 0.000004 0.000004 0.000001 0.000000 0.000000 0.000001 0.000000 0.000000 0.000000 0.000000 0.000000 0.000000 
t: 0.006447368423 start: 130 end: 203 0.000001 0.000000 0.000000 0.000002 0.000005 0.000004 0.000014 0.000019 0.000035 0.000075 0.000132 0.000204 0.000325 0.000566 0.000828 0.001211 0.001801 0.002604 0.003665 0.005080 0.007062 0.009551 0.012118 0.015462 0.019222 0.023852 0.028389 0.033141 0.038203 0.042860 0.047309 0.051046 0.054353 0.056268 0.056949 0.056223 0.055251 0.052698 0.049458 0.045542 0.040663 0.036071 0.030880 0.026073 0.021723 0.017768 0.014054 0.011037 0.008468 0.006453 0.004710 0.003341 0.002383 0.001649 0.001137 0.000811 0.000500 0.000298 0.000176 0.000091 0.000067 0.000052 0.000030 0.000017 0.000011 0.000006 0.000001 0.000002 0.000000 0.000000 0.000000 0.000000 0.000000 0.000000 
t: 0.005764705884 start: 140 end: 214 0.000001 0.000001 0.000000 0.000001 0.000009 0.000014 0.000023 0.000034 0.000066 0.000108 0.000167 0.000294 0.000447 0.000694 0.001040 0.001565 0.002227 0.003211 0.004486 0.006011 0.008105 0.010466 0.013479 0.016710 0.020717 0.025043 0.030069 0.034965 0.039430 0.043836 0.047986 0.051305 0.054095 0.055396 0.055714 0.055103 0.053791 0.051233 0.047583 0.044002 0.039275 0.034329 0.030023 0.025031 0.020953 0.017106 0.013854 0.010477 0.008341 0.006159 0.004459 0.003348 0.002361 0.001646 0.001123 0.000737 0.000536 0.000291 0.000214 0.000122 0.000076 0.000042 0.000034 0.000017 0.000009 0.000005 0.000003 0.000002 0.000000 0.000000 0.000000 0.000000 0.000000 0.000000 0.000000 
t: 0.005212765959 start: 144 end: 221 0.000001 0.000000 0.000000 0.000000 0.000002 0.000000 0.000001 0.000001 0.000004 0.000005 0.000021 0.000026 0.000052 0.000096 0.000131 0.000226 0.000376 0.000572 0.000864 0.001314 0.001862 0.002612 0.003669 0.005130 0.006743 0.008800 0.011482 0.014714 0.018171 0.022246 0.026694 0.031068 0.035724 0.040556 0.044494 0.048124 0.051519 0.054119 0.054916 0.054989 0.054922 0.052471 0.049734 0.046477 0.042257 0.037512 0.033343 0.028968 0.024151 0.020199 0.016466 0.013217 0.010287 0.007959 0.006015 0.004450 0.003185 0.002251 0.001615 0.001197 0.000741 0.000470 0.000303 0.000176 0.000112 0.000079 0.000044 0.000043 0.000012 0.000012 0.000003 0.000003 0.000001 0.000000 0.000001 0.000000 0.000000 0.000000 
t: 0.004757281555 start: 154 end: 229 0.000001 0.000000 0.000001 0.000000 0.000003 0.000003 0.000005 0.000014 0.000022 0.000042 0.000058 0.000102 0.000176 0.000277 0.000429 0.000631 0.000968 0.001383 0.002059 0.002926 0.003990 0.005358 0.007232 0.009411 0.012028 0.015148 0.018607 0.022814 0.027178 0.031400 0.036465 0.040470 0.044664 0.048016 0.051341 0.053102 0.054298 0.055001 0.053577 0.052019 0.049312 0.045917 0.041818 0.037570 0.033040 0.028424 0.023875 0.020186 0.016505 0.013049 0.010107 0.007891 0.005988 0.004544 0.003369 0.002342 0.001662 0.001165 0.000721 0.000442 0.000321 0.000205 0.000134 0.000078 0.000050 0.000027 0.000016 0.000010 0.000008 0.000005 0.000000 0.000000 0.000000 0.000000 0.000000 0.000000 
t: 0.004375000001 start: 165 end: 239 0.000002 0.000006 0.000002 0.000011 0.000019 0.000038 0.000078 0.000108 0.000182 0.000261 0.000412 0.000608 0.000959 0.001505 0.001952 0.002756 0.003869 0.005169 0.007037 0.009136 0.011640 0.014859 0.018244 0.022195 0.025971 0.031021 0.035184 0.039870 0.043513 0.047268 0.049940 0.052971 0.054160 0.054149 0.053927 0.052251 0.049258 0.046313 0.042430 0.037892 0.034188 0.029443 0.025164 0.020929 0.016978 0.013826 0.010685 0.008639 0.006385 0.004815 0.003689 0.002659 0.001814 0.001286 0.000808 0.000553 0.000371 0.000241 0.000145 0.000088 0.000050 0.000025 0.000018 0.000018 0.000013 0.000002 0.000002 0.000000 0.000000 0.000000 0.000000 0.000000 0.000000 0.000000 0.000000 
t: 0.004049586778 start: 168 end: 245 0.000001 0.000000 0.000000 0.000003 0.000004 0.000006 0.000006 0.000014 0.000029 0.000050 0.000068 0.000143 0.000233 0.000338 0.000555 0.000808 0.001153 0.001669 0.002352 0.003364 0.004501 0.006039 0.008032 0.010367 0.012946 0.016392 0.020016 0.024039 0.028296 0.032840 0.037087 0.041485 0.045432 0.048794 0.051167 0.052924 0.054328 0.053599 0.052674 0.050854 0.047945 0.044591 0.040884 0.036029 0.031848 0.027481 0.023159 0.019168 0.015858 0.012677 0.009857 0.007554 0.005839 0.004353 0.003150 0.002288 0.001581 0.001088 0.000721 0.000504 0.000287 0.000223 0.000123 0.000061 0.000051 0.000025 0.000024 0.000009 0.000010 0.000000 0.000001 0.000002 0.000001 0.000000 0.000000 0.000000 0.000000 0.000000 
t: 0.003769230770 start: 174 end: 254 0.000001 0.000001 0.000001 0.000001 0.000006 0.000005 0.000005 0.000016 0.000029 0.000063 0.000076 0.000148 0.000218 0.000407 0.000539 0.000823 0.001220 0.001671 0.002363 0.003383 0.004627 0.006097 0.008054 0.010254 0.013473 0.016240 0.020150 0.023845 0.028485 0.032696 0.037071 0.041109 0.045178 0.048674 0.050857 0.052973 0.054013 0.053728 0.052422 0.050397 0.048181 0.044668 0.040414 0.036227 0.032030 0.027444 0.023236 0.019497 0.015866 0.012822 0.010148 0.007709 0.005809 0.004353 0.003216 0.002320 0.001642 0.001046 0.000743 0.000493 0.000286 0.000202 0.000113 0.000081 0.000050 0.000038 0.000018 0.000012 0.000010 0.000002 0.000003 0.000000 0.000001 0.000000 0.000000 0.000001 0.000000 0.000000 0.000000 0.000000 0.000000 
t: 0.003525179857 start: 179 end: 259 0.000001 0.000000 0.000001 0.000003 0.000003 0.000001 0.000006 0.000013 0.000026 0.000038 0.000067 0.000110 0.000173 0.000334 0.000458 0.000703 0.000984 0.001414 0.002067 0.002901 0.003939 0.005294 0.007052 0.009184 0.011553 0.014837 0.018129 0.021990 0.026025 0.030305 0.034801 0.039091 0.042876 0.046903 0.049967 0.051656 0.052772 0.054128 0.053238 0.051593 0.049843 0.046371 0.042747 0.038378 0.034356 0.029943 0.025864 0.021051 0.017626 0.014268 0.011523 0.008932 0.006878 0.005218 0.003731 0.002770 0.001931 0.001346 0.000938 0.000580 0.000397 0.000260 0.000165 0.000083 0.000057 0.000037 0.000027 0.000021 0.000012 0.000005 0.000003 0.000001 0.000000 0.000001 0.000000 0.000000 0.000001 0.000000 0.000000 0.000000 0.000000 
t: 0.003310810811 start: 187 end: 265 0.000001 0.000004 0.000004 0.000009 0.000008 0.000031 0.000047 0.000060 0.000115 0.000195 0.000273 0.000476 0.000631 0.000939 0.001450 0.001944 0.002764 0.003879 0.005094 0.006910 0.008921 0.011650 0.014255 0.017795 0.021627 0.025594 0.030087 0.034297 0.038924 0.042387 0.046400 0.049499 0.051019 0.053224 0.053707 0.053354 0.051946 0.049740 0.046607 0.043120 0.039158 0.035097 0.030438 0.025962 0.021837 0.018006 0.014547 0.011782 0.009017 0.006975 0.005294 0.004004 0.002786 0.002067 0.001355 0.000957 0.000631 0.000414 0.000276 0.000132 0.000099 0.000068 0.000046 0.000032 0.000014 0.000009 0.000004 0.000003 0.000001 0.000001 0.000000 0.000001 0.000000 0.000000 0.000000 0.000000 0.000000 0.000000 0.000000 
t: 0.003121019109 start: 192 end: 269 0.000002 0.000005 0.000004 0.000008 0.000020 0.000026 0.000039 0.000092 0.000125 0.000211 0.000326 0.000539 0.000715 0.001062 0.001545 0.002183 0.003079 0.004221 0.005512 0.007477 0.009643 0.012238 0.015297 0.018797 0.022724 0.026566 0.031119 0.035553 0.039637 0.043555 0.047328 0.050212 0.052402 0.053594 0.053408 0.053096 0.051482 0.048640 0.046192 0.042153 0.038104 0.033541 0.029243 0.024612 0.020904 0.016967 0.013730 0.010770 0.008498 0.006407 0.004910 0.003530 0.002575 0.001840 0.001254 0.000865 0.000524 0.000330 0.000217 0.000126 0.000099 0.000045 0.000036 0.000023 0.000010 0.000006 0.000002 0.000002 0.000002 0.000001 0.000000 0.000000 0.000000 0.000000 0.000000 0.000000 0.000000 0.000000 
t: 0.002951807229 start: 196 end: 271 0.000002 0.000003 0.000007 0.000003 0.000004 0.000024 0.000037 0.000080 0.000113 0.000166 0.000265 0.000435 0.000623 0.000948 0.001428 0.001861 0.002639 0.003723 0.005024 0.006612 0.008725 0.011304 0.013892 0.017430 0.021198 0.024848 0.029213 0.033710 0.038274 0.042232 0.046263 0.049089 0.051530 0.053041 0.053791 0.053635 0.052563 0.049490 0.047337 0.043755 0.039824 0.035134 0.031109 0.026625 0.022306 0.018205 0.014865 0.011824 0.009287 0.007180 0.005335 0.003967 0.002860 0.002030 0.001439 0.000951 0.000648 0.000412 0.000259 0.000184 0.000092 0.000062 0.000037 0.000021 0.000014 0.000007 0.000004 0.000000 0.000002 0.000000 0.000000 0.000000 0.000000 0.000000 0.000000 0.000000 
t: 0.002800000000 start: 199 end: 274 0.000002 0.000000 0.000000 0.000003 0.000011 0.000007 0.000014 0.000045 0.000048 0.000092 0.000185 0.000255 0.000407 0.000590 0.000866 0.001281 0.001855 0.002644 0.003532 0.004978 0.006484 0.008511 0.010976 0.013538 0.017017 0.020900 0.024454 0.028807 0.033378 0.037802 0.042063 0.046065 0.049004 0.051562 0.053263 0.053609 0.053654 0.052539 0.050963 0.047336 0.043619 0.040143 0.035704 0.031157 0.026925 0.022527 0.018779 0.015305 0.012029 0.009182 0.007172 0.005427 0.004063 0.002935 0.002109 0.001454 0.000985 0.000614 0.000449 0.000276 0.000171 0.000101 0.000056 0.000033 0.000019 0.000008 0.000014 0.000001 0.000002 0.000000 0.000000 0.000001 0.000000 0.000000 0.000000 0.000000 
t: 0.002663043479 start: 204 end: 279 0.000001 0.000002 0.000007 0.000009 0.000014 0.000025 0.000045 0.000056 0.000114 0.000160 0.000260 0.000422 0.000636 0.000978 0.001336 0.001946 0.002778 0.003750 0.005191 0.006811 0.008820 0.011320 0.014175 0.017601 0.021342 0.025642 0.029749 0.034380 0.038365 0.042923 0.046423 0.049459 0.052376 0.053324 0.054603 0.053548 0.052256 0.050047 0.047122 0.042877 0.039404 0.034773 0.030452 0.026188 0.021957 0.018060 0.014293 0.011150 0.008750 0.006838 0.005136 0.003796 0.002585 0.001971 0.001252 0.000935 0.000581 0.000361 0.000272 0.000163 0.000083 0.000053 0.000018 0.000012 0.000012 0.000007 0.000001 0.000004 0.000000 0.000000 0.000000 0.000000 0.000000 0.000000 0.000000 0.000000 
t: 0.002538860104 start: 207 end: 284 0.000001 0.000003 0.000004 0.000005 0.000015 0.000019 0.000023 0.000046 0.000075 0.000130 0.000194 0.000338 0.000492 0.000743 0.001049 0.001666 0.002302 0.003048 0.004295 0.005820 0.007511 0.009863 0.012532 0.015576 0.019122 0.023012 0.027260 0.032048 0.036006 0.040439 0.044750 0.047576 0.051054 0.053158 0.054197 0.054484 0.053156 0.051356 0.049046 0.045706 0.041615 0.037183 0.033027 0.028819 0.024184 0.019881 0.016257 0.012697 0.010045 0.007785 0.006062 0.004298 0.003214 0.002223 0.001583 0.001033 0.000750 0.000475 0.000290 0.000177 0.000117 0.000072 0.000036 0.000033 0.000011 0.000005 0.000004 0.000001 0.000002 0.000000 0.000000 0.000000 0.000000 0.000001 0.000000 0.000000 0.000000 0.000000 
t: 0.002425742574 start: 211 end: 286 0.000001 0.000002 0.000006 0.000012 0.000012 0.000029 0.000036 0.000064 0.000094 0.000153 0.000274 0.000422 0.000627 0.000980 0.001331 0.001965 0.002718 0.003838 0.005301 0.006880 0.008903 0.011487 0.014495 0.018064 0.021621 0.025382 0.030267 0.034505 0.039102 0.043312 0.046770 0.050440 0.052333 0.054111 0.054743 0.053997 0.052262 0.050292 0.047226 0.042956 0.038960 0.034494 0.030384 0.025508 0.021077 0.017214 0.013856 0.010766 0.008537 0.006415 0.004845 0.003370 0.002487 0.001747 0.001181 0.000798 0.000490 0.000346 0.000200 0.000125 0.000091 0.000041 0.000029 0.000012 0.000005 0.000006 0.000000 0.000002 0.000000 0.000000 0.000000 0.000000 0.000001 0.000000 0.000000 0.000000 
t: 0.002322274882 start: 213 end: 290 0.000001 0.000002 0.000003 0.000005 0.000008 0.000013 0.000018 0.000037 0.000049 0.000092 0.000150 0.000243 0.000365 0.000629 0.000876 0.001259 0.001869 0.002622 0.003524 0.004903 0.006587 0.008710 0.011065 0.013935 0.017246 0.020866 0.025323 0.029337 0.033998 0.038139 0.042690 0.046687 0.050216 0.052466 0.054172 0.054595 0.054446 0.052923 0.051162 0.047518 0.043777 0.039664 0.035292 0.030382 0.026106 0.021841 0.017712 0.014154 0.011196 0.008581 0.006481 0.004816 0.003650 0.002492 0.001717 0.001199 0.000818 0.000526 0.000322 0.000220 0.000128 0.000079 0.000044 0.000018 0.000018 0.000007 0.000005 0.000001 0.000004 0.000000 0.000000 0.000000 0.000000 0.000000 0.000001 0.000000 0.000000 0.000000 
t: 0.002227272727 start: 217 end: 293 0.000001 0.000002 0.000006 0.000008 0.000013 0.000017 0.000029 0.000074 0.000094 0.000159 0.000236 0.000370 0.000592 0.000862 0.001312 0.001749 0.002555 0.003601 0.004902 0.006568 0.008684 0.011046 0.013986 0.017512 0.021197 0.025192 0.029783 0.033780 0.038754 0.043112 0.047147 0.050334 0.052707 0.054616 0.054803 0.054229 0.053305 0.051045 0.047496 0.043828 0.039436 0.034927 0.030274 0.025770 0.021341 0.017568 0.014034 0.010826 0.008499 0.006248 0.004718 0.003521 0.002352 0.001614 0.001175 0.000741 0.000490 0.000272 0.000206 0.000122 0.000079 0.000032 0.000019 0.000013 0.000008 0.000006 0.000001 0.000001 0.000000 0.000000 0.000000 0.000000 0.000001 0.000000 0.000000 0.000000 0.000000 
t: 0.002139737991 start: 220 end: 294 0.000002 0.000003 0.000005 0.000008 0.000011 0.000014 0.000034 0.000072 0.000104 0.000172 0.000248 0.000409 0.000628 0.000912 0.001333 0.001957 0.002772 0.003773 0.005148 0.006788 0.009010 0.011728 0.014585 0.017999 0.021886 0.026308 0.030332 0.035342 0.039513 0.044230 0.048136 0.050940 0.053333 0.054763 0.055043 0.054936 0.053356 0.050157 0.046909 0.043007 0.038407 0.033963 0.029112 0.024542 0.020599 0.016753 0.013204 0.010200 0.007619 0.005890 0.004411 0.003089 0.002128 0.001455 0.001039 0.000648 0.000399 0.000263 0.000151 0.000093 0.000053 0.000033 0.000019 0.000014 0.000005 0.000004 0.000000 0.000000 0.000000 0.000000 0.000001 0.000000 0.000000 0.000000 0.000000 
t: 0.002058823530 start: 223 end: 297 0.000003 0.000003 0.000011 0.000004 0.000012 0.000017 0.000043 0.000067 0.000127 0.000204 0.000287 0.000432 0.000726 0.001037 0.001447 0.002138 0.003050 0.004224 0.005755 0.007583 0.009677 0.012547 0.015866 0.019347 0.023320 0.027331 0.032366 0.036885 0.041447 0.045909 0.049369 0.051967 0.054774 0.055206 0.055527 0.054572 0.052278 0.048905 0.045840 0.041710 0.037106 0.032171 0.027137 0.023010 0.018826 0.015124 0.011820 0.009278 0.006798 0.005107 0.003783 0.002631 0.001791 0.001243 0.000797 0.000573 0.000315 0.000187 0.000120 0.000074 0.000042 0.000028 0.000011 0.000006 0.000002 0.000006 0.000000 0.000000 0.000001 0.000000 0.000000 0.000000 0.000000 0.000000 0.000000 
t: 0.001983805668 start: 224 end: 300 0.000001 0.000002 0.000002 0.000006 0.000007 0.000012 0.000009 0.000041 0.000041 0.000087 0.000124 0.000241 0.000367 0.000561 0.000826 0.001215 0.001778 0.002509 0.003522 0.004834 0.006454 0.008588 0.011157 0.013802 0.017413 0.021309 0.025445 0.029856 0.034795 0.039133 0.044207 0.047496 0.051102 0.053641 0.055497 0.056102 0.055421 0.053655 0.050911 0.047956 0.043872 0.039153 0.034428 0.029609 0.024891 0.020728 0.016599 0.013227 0.010345 0.007804 0.005821 0.004279 0.003038 0.002024 0.001478 0.000959 0.000634 0.000406 0.000252 0.000136 0.000082 0.000050 0.000023 0.000022 0.000010 0.000002 0.000000 0.000001 0.000001 0.000001 0.000000 0.000000 0.000000 0.000000 0.000000 0.000000 0.000000 
t: 0.001914062500 start: 227 end: 302 0.000001 0.000000 0.000003 0.000010 0.000006 0.000014 0.000019 0.000027 0.000082 0.000126 0.000170 0.000284 0.000467 0.000702 0.001033 0.001493 0.002209 0.003192 0.004209 0.005735 0.007635 0.009919 0.012801 0.016158 0.019604 0.023907 0.028395 0.032752 0.037953 0.042407 0.046472 0.050110 0.053263 0.054879 0.056102 0.056209 0.054471 0.052499 0.049352 0.045376 0.040706 0.036170 0.031471 0.026757 0.022052 0.017784 0.014320 0.011142 0.008497 0.006364 0.004623 0.003261 0.002328 0.001600 0.001027 0.000669 0.000504 0.000291 0.000160 0.000090 0.000059 0.000030 0.000024 0.000014 0.000005 0.000003 0.000001 0.000001 0.000001 0.000000 0.000000 0.000000 0.000000 0.000000 0.000000 0.000000 
t: 0.001849056604 start: 229 end: 303 0.000002 0.000001 0.000000 0.000004 0.000004 0.000011 0.000018 0.000036 0.000055 0.000086 0.000164 0.000259 0.000412 0.000624 0.000948 0.001350 0.001943 0.002852 0.003906 0.005188 0.006958 0.009350 0.012091 0.015206 0.018716 0.022646 0.027088 0.031863 0.036720 0.041283 0.045535 0.049735 0.052520 0.055213 0.056423 0.056613 0.055280 0.053336 0.050068 0.046494 0.042158 0.036917 0.032463 0.027864 0.023091 0.018819 0.014881 0.011633 0.009058 0.006617 0.004869 0.003496 0.002421 0.001686 0.001132 0.000700 0.000517 0.000268 0.000169 0.000100 0.000062 0.000033 0.000026 0.000009 0.000005 0.000003 0.000001 0.000001 0.000000 0.000000 0.000000 0.000000 0.000000 0.000000 0.000000 
t: 0.001788321168 start: 231 end: 304 0.000002 0.000000 0.000000 0.000004 0.000005 0.000013 0.000014 0.000030 0.000066 0.000094 0.000116 0.000242 0.000372 0.000574 0.000880 0.001246 0.001776 0.002665 0.003652 0.004975 0.006630 0.008949 0.011517 0.014502 0.018261 0.022291 0.026249 0.031070 0.036265 0.040944 0.045116 0.049236 0.052729 0.055425 0.056355 0.056806 0.055833 0.054025 0.050834 0.047087 0.042768 0.037831 0.032804 0.028572 0.023327 0.019112 0.015398 0.011881 0.009135 0.006678 0.004938 0.003526 0.002439 0.001691 0.001130 0.000764 0.000467 0.000281 0.000170 0.000112 0.000059 0.000032 0.000013 0.000011 0.000004 0.000004 0.000002 0.000001 0.000000 0.000000 0.000000 0.000000 0.000000 0.000000 
t: 0.001731448763 start: 233 end: 305 0.000001 0.000000 0.000000 0.000003 0.000006 0.000011 0.000024 0.000034 0.000049 0.000081 0.000143 0.000198 0.000359 0.000563 0.000787 0.001198 0.001793 0.002531 0.003525 0.004870 0.006509 0.008807 0.011298 0.014372 0.017892 0.022099 0.026406 0.031366 0.036122 0.040576 0.044898 0.049330 0.053088 0.055399 0.056970 0.057245 0.056052 0.053962 0.051430 0.047199 0.043185 0.037989 0.032785 0.028355 0.023647 0.019104 0.014989 0.011781 0.009067 0.006719 0.004867 0.003375 0.002386 0.001667 0.001093 0.000707 0.000418 0.000289 0.000163 0.000100 0.000061 0.000018 0.000024 0.000005 0.000004 0.000004 0.000002 0.000000 0.000000 0.000000 0.000000 0.000000 0.000000 
t: 0.001678082192 start: 234 end: 308 0.000001 0.000000 0.000000 0.000003 0.000001 0.000006 0.000011 0.000017 0.000023 0.000053 0.000084 0.000130 0.000214 0.000359 0.000544 0.000822 0.001247 0.001739 0.002526 0.003593 0.004953 0.006549 0.008738 0.011375 0.014522 0.018073 0.022059 0.027199 0.031388 0.036622 0.041008 0.045364 0.050013 0.053346 0.056113 0.056903 0.057806 0.055817 0.054396 0.051512 0.046968 0.042634 0.037882 0.032608 0.027894 0.022848 0.018565 0.014848 0.011348 0.008772 0.006419 0.004464 0.003290 0.002258 0.001485 0.000969 0.000664 0.000386 0.000247 0.000144 0.000077 0.000044 0.000034 0.000007 0.000007 0.000005 0.000001 0.000001 0.000002 0.000000 0.000000 0.000000 0.000000 0.000000 0.000000 
t: 0.001627906977 start: 239 end: 311 0.000004 0.000004 0.000005 0.000007 0.000016 0.000030 0.000048 0.000079 0.000139 0.000219 0.000362 0.000553 0.000863 0.001220 0.001909 0.002645 0.003653 0.005109 0.006788 0.009013 0.011794 0.014812 0.018629 0.022979 0.027550 0.032501 0.037127 0.042273 0.046355 0.050846 0.053855 0.056430 0.057966 0.057711 0.056309 0.053855 0.050976 0.046543 0.041733 0.036772 0.032039 0.026642 0.022050 0.017883 0.014142 0.010941 0.008094 0.005845 0.004127 0.002909 0.002070 0.001337 0.000844 0.000546 0.000387 0.000197 0.000122 0.000073 0.000032 0.000015 0.000010 0.000006 0.000003 0.000002 0.000002 0.000000 0.000000 0.000000 0.000000 0.000000 0.000000 0.000000 0.000000 
t: 0.001580645161 start: 240 end: 313 0.000001 0.000002 0.000002 0.000008 0.000009 0.000014 0.000022 0.000060 0.000094 0.000169 0.000223 0.000410 0.000588 0.000923 0.001287 0.001992 0.002894 0.003771 0.005411 0.007301 0.009579 0.012253 0.015680 0.019524 0.023841 0.028595 0.033717 0.038591 0.043041 0.048103 0.051460 0.055295 0.057497 0.057923 0.058057 0.055935 0.053518 0.050051 0.045736 0.040696 0.035665 0.030238 0.025519 0.020868 0.016736 0.012979 0.009979 0.007335 0.005217 0.003763 0.002591 0.001804 0.001117 0.000742 0.000491 0.000278 0.000187 0.000105 0.000057 0.000027 0.000014 0.000007 0.000004 0.000001 0.000002 0.000000 0.000001 0.000000 0.000000 0.000000 0.000000 0.000000 0.000000 0.000000 
t: 0.001536050157 start: 242 end: 313 0.000001 0.000000 0.000003 0.000005 0.000013 0.000020 0.000036 0.000056 0.000106 0.000171 0.000293 0.000406 0.000668 0.000984 0.001467 0.002089 0.003122 0.004394 0.005823 0.007906 0.010191 0.013189 0.016841 0.020820 0.025017 0.030175 0.035181 0.040502 0.045057 0.049595 0.053013 0.056078 0.058140 0.058466 0.057378 0.055527 0.052882 0.048551 0.044650 0.039314 0.033980 0.028352 0.023655 0.019326 0.015435 0.011690 0.009046 0.006401 0.004560 0.003334 0.002152 0.001462 0.000952 0.000622 0.000398 0.000220 0.000134 0.000062 0.000035 0.000033 0.000012 0.000003 0.000003 0.000001 0.000002 0.000000 0.000000 0.000000 0.000000 0.000000 0.000000 0.000000 
t: 0.001493902439 start: 243 end: 315 0.000001 0.000001 0.000002 0.000001 0.000010 0.000012 0.000018 0.000045 0.000074 0.000136 0.000180 0.000317 0.000497 0.000730 0.001086 0.001662 0.002497 0.003543 0.004800 0.006378 0.008650 0.011162 0.014436 0.018181 0.022270 0.027062 0.032347 0.037338 0.042471 0.047206 0.051298 0.054382 0.057065 0.058600 0.058498 0.057398 0.054625 0.051938 0.047582 0.042136 0.037156 0.031669 0.026514 0.021670 0.017515 0.013749 0.010346 0.007646 0.005603 0.003860 0.002719 0.001854 0.001179 0.000739 0.000491 0.000283 0.000175 0.000084 0.000054 0.000029 0.000018 0.000007 0.000003 0.000001 0.000001 0.000000 0.000000 0.000000 0.000000 0.000000 0.000000 0.000000 0.000000 
t: 0.001454005935 start: 244 end: 316 0.000001 0.000000 0.000001 0.000002 0.000002 0.000007 0.000020 0.000027 0.000060 0.000083 0.000147 0.000245 0.000381 0.000537 0.000893 0.001358 0.001917 0.002798 0.003981 0.005525 0.007200 0.009803 0.012311 0.015980 0.019795 0.024518 0.029196 0.034676 0.040066 0.044945 0.049254 0.052824 0.056470 0.058355 0.058935 0.058349 0.056838 0.053684 0.049882 0.045358 0.039643 0.034546 0.029151 0.024177 0.019470 0.015510 0.012056 0.008853 0.006434 0.004603 0.003240 0.002124 0.001482 0.000897 0.000595 0.000353 0.000174 0.000131 0.000060 0.000046 0.000016 0.000008 0.000004 0.000001 0.000001 0.000001 0.000000 0.000000 0.000000 0.000000 0.000000 0.000000 0.000000 
t: 0.001416184971 start: 247 end: 318 0.000001 0.000003 0.000002 0.000008 0.000015 0.000021 0.000045 0.000058 0.000087 0.000185 0.000315 0.000433 0.000742 0.000997 0.001580 0.002397 0.003259 0.004515 0.006399 0.008424 0.010978 0.014084 0.017769 0.022300 0.026891 0.031863 0.037563 0.042772 0.047336 0.051748 0.055443 0.057647 0.059041 0.059276 0.058033 0.055462 0.051826 0.047413 0.042552 0.037105 0.031648 0.026144 0.021655 0.017224 0.013338 0.010095 0.007411 0.005313 0.003593 0.002548 0.001726 0.001095 0.000676 0.000430 0.000214 0.000141 0.000070 0.000051 0.000020 0.000010 0.000003 0.000005 0.000001 0.000000 0.000001 0.000000 0.000000 0.000000 0.000000 0.000000 0.000000 0.000000 
t: 0.001380281690 start: 248 end: 318 0.000001 0.000004 0.000001 0.000006 0.000008 0.000018 0.000027 0.000051 0.000075 0.000136 0.000218 0.000394 0.000564 0.000884 0.001277 0.001987 0.002729 0.003880 0.005563 0.007353 0.009779 0.012650 0.016109 0.020310 0.024785 0.030032 0.035218 0.040426 0.045682 0.050085 0.054192 0.057017 0.059608 0.059567 0.058672 0.057237 0.053581 0.049396 0.044669 0.039385 0.033844 0.028405 0.023243 0.018702 0.014814 0.011220 0.008146 0.005962 0.004092 0.002891 0.001923 0.001241 0.000822 0.000493 0.000272 0.000177 0.000081 0.000043 0.000029 0.000009 0.000009 0.000004 0.000000 0.000002 0.000000 0.000000 0.000000 0.000000 0.000000 0.000000 0.000000 
t: 0.001346153846 start: 250 end: 321 0.000002 0.000004 0.000004 0.000005 0.000016 0.000018 0.000039 0.000052 0.000104 0.000181 0.000321 0.000482 0.000703 0.001108 0.001647 0.002395 0.003299 0.004775 0.006599 0.008777 0.011331 0.014902 0.018705 0.022985 0.028114 0.033177 0.038855 0.043868 0.048764 0.053208 0.056675 0.058791 0.060144 0.059594 0.057931 0.055046 0.051238 0.046987 0.041283 0.035651 0.030163 0.024876 0.020101 0.016020 0.012096 0.008965 0.006573 0.004645 0.003173 0.002045 0.001393 0.000874 0.000565 0.000334 0.000186 0.000100 0.000049 0.000032 0.000016 0.000006 0.000003 0.000003 0.000001 0.000001 0.000000 0.000000 0.000000 0.000000 0.000000 0.000000 0.000000 0.000000 
t: 0.001313672922 start: 251 end: 321 0.000001 0.000001 0.000003 0.000007 0.000012 0.000015 0.000035 0.000045 0.000080 0.000140 0.000279 0.000379 0.000618 0.000953 0.001367 0.002141 0.002913 0.004292 0.005783 0.007778 0.010578 0.013634 0.017466 0.021604 0.026479 0.031496 0.037263 0.042407 0.047537 0.052012 0.055598 0.058878 0.060435 0.060153 0.058719 0.056034 0.053310 0.048282 0.043160 0.037354 0.031643 0.026298 0.021403 0.016910 0.013044 0.009746 0.007066 0.005024 0.003475 0.002289 0.001476 0.000988 0.000602 0.000353 0.000222 0.000094 0.000054 0.000041 0.000015 0.000006 0.000005 0.000004 0.000001 0.000000 0.000000 0.000000 0.000000 0.000000 0.000000 0.000000 0.000000 
t: 0.001282722513 start: 252 end: 321 0.000001 0.000000 0.000001 0.000006 0.000012 0.000016 0.000022 0.000044 0.000063 0.000115 0.000210 0.000345 0.000552 0.000799 0.001236 0.001850 0.002705 0.003800 0.005189 0.007152 0.009664 0.012649 0.016274 0.020513 0.024967 0.030323 0.035907 0.041174 0.046468 0.050965 0.055218 0.058495 0.060573 0.060257 0.059999 0.057208 0.054322 0.049361 0.044843 0.038536 0.033253 0.027376 0.022520 0.017885 0.013685 0.010244 0.007644 0.005324 0.003694 0.002377 0.001627 0.001032 0.000662 0.000360 0.000227 0.000129 0.000057 0.000033 0.000018 0.000008 0.000008 0.000002 0.000001 0.000000 0.000000 0.000000 0.000000 0.000000 0.000000 0.000000 
t: 0.001253196931 start: 254 end: 323 0.000001 0.000002 0.000003 0.000008 0.000014 0.000021 0.000033 0.000057 0.000111 0.000167 0.000313 0.000479 0.000715 0.001127 0.001670 0.002387 0.003437 0.004731 0.006650 0.008970 0.011911 0.015282 0.019439 0.024134 0.029185 0.034916 0.040007 0.045148 0.050547 0.054826 0.057916 0.060317 0.060864 0.060661 0.058637 0.054741 0.050991 0.045514 0.039932 0.034479 0.028532 0.023252 0.018557 0.014366 0.010680 0.007989 0.005603 0.003735 0.002598 0.001676 0.001094 0.000695 0.000378 0.000218 0.000141 0.000062 0.000040 0.000019 0.000012 0.000006 0.000002 0.000002 0.000000 0.000000 0.000000 0.000000 0.000000 0.000000 0.000000 0.000000 
t: 0.001225000000 start: 257 end: 324 0.000007 0.000006 0.000008 0.000022 0.000025 0.000049 0.000090 0.000151 0.000257 0.000436 0.000684 0.000994 0.001511 0.002140 0.003252 0.004474 0.006120 0.008508 0.011298 0.014624 0.018620 0.023079 0.028459 0.033876 0.039263 0.044648 0.049899 0.054392 0.057418 0.060515 0.061519 0.061214 0.059121 0.056248 0.051460 0.046532 0.040830 0.035121 0.029193 0.024042 0.019369 0.014622 0.010969 0.008236 0.005676 0.003905 0.002688 0.001746 0.001093 0.000694 0.000367 0.000248 0.000129 0.000068 0.000042 0.000020 0.000014 0.000006 0.000001 0.000002 0.000000 0.000000 0.000000 0.000000 0.000000 0.000000 0.000000 0.000000 
t: 0.001198044010 start: 257 end: 324 0.000001 0.000002 0.000006 0.000008 0.000022 0.000020 0.000044 0.000088 0.000149 0.000242 0.000367 0.000578 0.000998 0.001343 0.002064 0.003003 0.004130 0.005901 0.008059 0.010675 0.014127 0.018096 0.022546 0.027560 0.033099 0.038564 0.044180 0.049187 0.054285 0.058080 0.060529 0.061578 0.061675 0.059859 0.056648 0.052227 0.047376 0.041550 0.035496 0.029977 0.024621 0.019505 0.015039 0.011217 0.008334 0.005779 0.004070 0.002586 0.001780 0.001140 0.000676 0.000416 0.000221 0.000125 0.000074 0.000038 0.000023 0.000005 0.000008 0.000004 0.000000 0.000000 0.000000 0.000000 0.000000 0.000000 0.000000 0.000000 
t: 0.001172248804 start: 258 end: 326 0.000001 0.000001 0.000003 0.000010 0.000013 0.000023 0.000054 0.000069 0.000133 0.000219 0.000354 0.000545 0.000872 0.001341 0.002015 0.002764 0.003918 0.005697 0.007662 0.010471 0.013668 0.017628 0.022052 0.027205 0.032689 0.038062 0.043791 0.049050 0.054287 0.057918 0.060756 0.062099 0.062097 0.060106 0.057266 0.052965 0.047784 0.042114 0.035974 0.030113 0.025032 0.019472 0.015077 0.011412 0.008284 0.005825 0.003969 0.002679 0.001809 0.001124 0.000636 0.000425 0.000204 0.000114 0.000072 0.000039 0.000020 0.000008 0.000006 0.000003 0.000001 0.000000 0.000000 0.000000 0.000000 0.000000 0.000000 0.000000 0.000000 
t: 0.001147540984 start: 258 end: 326 0.000001 0.000000 0.000001 0.000005 0.000006 0.000008 0.000019 0.000037 0.000091 0.000117 0.000215 0.000285 0.000537 0.000857 0.001252 0.001901 0.002806 0.003816 0.005343 0.007462 0.010252 0.013352 0.017379 0.021839 0.026838 0.032606 0.037722 0.043522 0.049120 0.054200 0.058258 0.060948 0.062458 0.062370 0.060621 0.057540 0.053411 0.047962 0.042615 0.036233 0.030506 0.024783 0.019384 0.015183 0.011365 0.008120 0.005720 0.003969 0.002693 0.001725 0.001099 0.000610 0.000382 0.000198 0.000117 0.000069 0.000037 0.000018 0.000009 0.000003 0.000004 0.000000 0.000001 0.000000 0.000000 0.000000 0.000000 0.000000 0.000000 
t: 0.001123853211 start: 259 end: 327 0.000001 0.000000 0.000001 0.000004 0.000005 0.000012 0.000024 0.000030 0.000076 0.000117 0.000181 0.000306 0.000516 0.000768 0.001265 0.001874 0.002664 0.003793 0.005227 0.007475 0.009924 0.013355 0.017020 0.021774 0.026888 0.032346 0.037902 0.043486 0.049471 0.054256 0.058362 0.061113 0.063205 0.062548 0.060838 0.058341 0.053234 0.048407 0.042362 0.036161 0.030535 0.024644 0.019310 0.014891 0.011124 0.008054 0.005621 0.003803 0.002643 0.001655 0.001037 0.000598 0.000339 0.000180 0.000102 0.000066 0.000032 0.000020 0.000005 0.000006 0.000002 0.000001 0.000000 0.000000 0.000000 0.000000 0.000000 0.000000 0.000000 
t: 0.001101123596 start: 259 end: 328 0.000001 0.000000 0.000001 0.000002 0.000004 0.000004 0.000012 0.000031 0.000022 0.000073 0.000124 0.000193 0.000295 0.000499 0.000767 0.001200 0.001819 0.002659 0.003673 0.005307 0.007293 0.010054 0.013240 0.017091 0.021726 0.027093 0.032450 0.037992 0.044183 0.049315 0.054785 0.058780 0.061819 0.062814 0.063444 0.061158 0.057859 0.053735 0.048311 0.042297 0.035922 0.030087 0.024204 0.019076 0.014646 0.010785 0.007720 0.005486 0.003753 0.002431 0.001569 0.000961 0.000530 0.000329 0.000174 0.000098 0.000047 0.000027 0.000017 0.000007 0.000004 0.000001 0.000000 0.000001 0.000000 0.000000 0.000000 0.000000 0.000000 0.000000 
t: 0.001079295154 start: 259 end: 328 0.000001 0.000000 0.000000 0.000002 0.000001 0.000003 0.000003 0.000017 0.000015 0.000046 0.000070 0.000103 0.000206 0.000287 0.000447 0.000791 0.001221 0.001822 0.002572 0.003802 0.005339 0.007260 0.010063 0.013326 0.017258 0.021939 0.027236 0.032740 0.038595 0.044361 0.050244 0.055162 0.059278 0.062025 0.063440 0.063310 0.061535 0.057841 0.053791 0.047713 0.042083 0.035786 0.029357 0.023782 0.018640 0.014104 0.010436 0.007535 0.005236 0.003479 0.002260 0.001452 0.000861 0.000514 0.000282 0.000151 0.000085 0.000050 0.000023 0.000009 0.000005 0.000003 0.000001 0.000000 0.000000 0.000001 0.000000 0.000000 0.000000 0.000000 
t: 0.001058315335 start: 259 end: 328 0.000001 0.000000 0.000000 0.000000 0.000001 0.000003 0.000002 0.000003 0.000009 0.000025 0.000041 0.000077 0.000112 0.000181 0.000290 0.000460 0.000790 0.001205 0.001860 0.002691 0.003805 0.005328 0.007620 0.010145 0.013473 0.017539 0.022276 0.027753 0.033092 0.038988 0.045284 0.051009 0.055799 0.059497 0.062641 0.063612 0.064107 0.061188 0.057918 0.053227 0.047754 0.041295 0.035047 0.028827 0.023073 0.017822 0.013712 0.009968 0.007135 0.004919 0.003223 0.002089 0.001351 0.000770 0.000418 0.000249 0.000132 0.000088 0.000037 0.000016 0.000013 0.000006 0.000002 0.000001 0.000000 0.000001 0.000000 0.000000 0.000000 0.000000 
t: 0.001038135593 start: 261 end: 330 0.000001 0.000000 0.000001 0.000001 0.000000 0.000004 0.000005 0.000012 0.000023 0.000042 0.000070 0.000109 0.000177 0.000301 0.000487 0.000780 0.001282 0.001821 0.002722 0.003931 0.005521 0.007807 0.010497 0.013748 0.018098 0.022617 0.028135 0.033857 0.039895 0.046248 0.051554 0.056581 0.060719 0.062756 0.064113 0.064131 0.061384 0.057504 0.053014 0.046870 0.040763 0.033831 0.028011 0.022229 0.017354 0.012734 0.009349 0.006805 0.004561 0.002918 0.001959 0.001158 0.000648 0.000384 0.000227 0.000119 0.000070 0.000028 0.000016 0.000012 0.000003 0.000001 0.000001 0.000001 0.000000 0.000000 0.000000 0.000000 0.000000 0.000000 
t: 0.001018711019 start: 262 end: 331 0.000001 0.000001 0.000001 0.000000 0.000001 0.000002 0.000005 0.000013 0.000024 0.000050 0.000064 0.000123 0.000178 0.000296 0.000538 0.000813 0.001291 0.001854 0.002864 0.004052 0.005781 0.007980 0.010699 0.014345 0.018575 0.023310 0.028906 0.034840 0.040960 0.047150 0.052642 0.057451 0.061200 0.063687 0.064581 0.063766 0.061318 0.057209 0.052274 0.046030 0.039511 0.033034 0.027273 0.021103 0.016143 0.012079 0.008965 0.006164 0.004095 0.002731 0.001672 0.001026 0.000583 0.000375 0.000160 0.000098 0.000060 0.000023 0.000017 0.000009 0.000002 0.000000 0.000001 0.000001 0.000000 0.000000 0.000000 0.000000 0.000000 0.000000 
t: 0.001000000000 start: 264 end: 332 0.000002 0.000001 0.000000 0.000001 0.000003 0.000008 0.000010 0.000031 0.000035 0.000077 0.000125 0.000195 0.000340 0.000520 0.000849 0.001290 0.002014 0.002981 0.004208 0.005919 0.008355 0.011397 0.014656 0.019214 0.024249 0.029935 0.035787 0.042438 0.048281 0.053537 0.058294 0.062558 0.064255 0.064871 0.063467 0.060718 0.057001 0.051074 0.044818 0.038699 0.031974 0.025946 0.019909 0.015169 0.011475 0.008097 0.005656 0.003700 0.002386 0.001502 0.000843 0.000526 0.000283 0.000149 0.000088 0.000031 0.000029 0.000014 0.000007 0.000001 0.000001 0.000001 0.000000 0.000000 0.000000 0.000000 0.000000 0.000000 0.000000 
