t: 0.059999999999 start: 7 end: 34 0.000005 0.000027 0.000153 0.000834 0.003599 0.011969 0.031991 0.067179 0.114571 0.158751 0.179706 0.164916 0.124959 0.077450 0.039549 0.016611 0.005684 0.001606 0.000361 0.000065 0.000014 0.000000 0.000000 0.000000 0.000000 0.000000 0.000000 0.000000 
t: 0.054545454544 start: 7 end: 34 0.000001 0.000008 0.000045 0.000278 0.001302 0.005092 0.015816 0.038419 0.076503 0.123471 0.163730 0.177041 0.156835 0.115687 0.070351 0.034755 0.014192 0.004763 0.001338 0.000312 0.000054 0.000007 0.000000 0.000000 0.000000 0.000000 0.000000 0.000000 
t: 0.049999999999 start: 8 end: 34 0.000004 0.000007 0.000089 0.000490 0.002164 0.007532 0.021041 0.048045 0.088870 0.135354 0.168551 0.173244 0.146700 0.103711 0.059465 0.028770 0.011195 0.003563 0.000964 0.000214 0.000025 0.000002 0.000000 0.000000 0.000000 0.000000 0.000000 
t: 0.046153846153 start: 8 end: 34 0.000001 0.000005 0.000033 0.000188 0.000904 0.003553 0.011332 0.028935 0.060546 0.104617 0.147653 0.172134 0.166906 0.133286 0.088670 0.048158 0.021737 0.008155 0.002470 0.000605 0.000095 0.000017 0.000000 0.000000 0.000000 0.000000 0.000000 
t: 0.042857142857 start: 8 end: 34 0.000001 0.000002 0.000011 0.000063 0.000390 0.001672 0.006062 0.017116 0.039922 0.076597 0.121595 0.159710 0.173449 0.155790 0.116864 0.071689 0.036620 0.015257 0.005344 0.001468 0.000332 0.000043 0.000003 0.000000 0.000000 0.000000 0.000000 
t: 0.040000000000 start: 9 end: 34 0.000001 0.000002 0.000025 0.000161 0.000838 0.003218 0.009892 0.025712 0.054577 0.095990 0.139402 0.168732 0.168818 0.140564 0.097090 0.055161 0.025952 0.009849 0.003091 0.000775 0.000132 0.000017 0.000001 0.000000 0.000000 0.000000 
t: 0.037500000000 start: 9 end: 34 0.000001 0.000001 0.000013 0.000069 0.000401 0.001691 0.005710 0.016285 0.038010 0.073001 0.117244 0.155956 0.172114 0.158541 0.120761 0.076225 0.039292 0.016862 0.005838 0.001596 0.000335 0.000049 0.000004 0.000001 0.000000 0.000000 
t: 0.035294117647 start: 10 end: 34 0.000001 0.000005 0.000033 0.000206 0.000860 0.003383 0.010252 0.026212 0.054389 0.095342 0.138503 0.167656 0.169032 0.141135 0.097791 0.055489 0.025946 0.009928 0.003014 0.000687 0.000120 0.000013 0.000002 0.000001 0.000000 
t: 0.033333333333 start: 11 end: 34 0.000001 0.000011 0.000100 0.000486 0.001917 0.006390 0.017820 0.040038 0.075789 0.119557 0.157341 0.172855 0.156373 0.118346 0.073266 0.037469 0.015345 0.005283 0.001344 0.000218 0.000044 0.000006 0.000001 0.000000 
t: 0.031578947368 start: 12 end: 34 0.000007 0.000048 0.000262 0.001104 0.004034 0.011933 0.029088 0.059317 0.101339 0.143034 0.170264 0.166554 0.136687 0.091921 0.050493 0.022764 0.008220 0.002373 0.000479 0.000070 0.000008 0.000001 0.000000 
t: 0.030000000000 start: 12 end: 34 0.000003 0.000025 0.000132 0.000655 0.002524 0.007960 0.021112 0.045777 0.084182 0.127146 0.163257 0.171615 0.151353 0.109950 0.065467 0.031612 0.012408 0.003777 0.000884 0.000140 0.000020 0.000001 0.000000 
t: 0.028571428571 start: 12 end: 34 0.000002 0.000010 0.000073 0.000398 0.001538 0.005323 0.015134 0.034915 0.068735 0.111441 0.152746 0.172082 0.162785 0.126468 0.080950 0.042195 0.017632 0.005817 0.001461 0.000254 0.000037 0.000004 0.000000 
t: 0.027272727273 start: 13 end: 34 0.000003 0.000044 0.000235 0.000985 0.003577 0.010756 0.026748 0.055569 0.096046 0.140261 0.168749 0.170004 0.141321 0.096498 0.053818 0.024195 0.008361 0.002295 0.000467 0.000060 0.000008 0.000000 
t: 0.026086956522 start: 13 end: 34 0.000001 0.000025 0.000133 0.000670 0.002420 0.007466 0.020441 0.044506 0.081746 0.126477 0.163003 0.173770 0.153181 0.112018 0.066393 0.031561 0.011919 0.003403 0.000757 0.000099 0.000011 0.000000 
t: 0.025000000000 start: 14 end: 34 0.000017 0.000093 0.000415 0.001670 0.005377 0.015197 0.035659 0.069189 0.112725 0.154203 0.174063 0.163105 0.126310 0.079523 0.040130 0.016048 0.004930 0.001176 0.000151 0.000019 0.000000 
t: 0.024000000000 start: 14 end: 34 0.000011 0.000056 0.000277 0.001098 0.003880 0.011388 0.028221 0.057932 0.100013 0.143550 0.172256 0.170145 0.139185 0.092668 0.049377 0.021082 0.006872 0.001692 0.000271 0.000026 0.000000 
t: 0.023076923077 start: 14 end: 34 0.000003 0.000038 0.000174 0.000728 0.002792 0.008500 0.022285 0.048434 0.087676 0.132563 0.167649 0.174877 0.150350 0.105693 0.059310 0.026797 0.009270 0.002399 0.000424 0.000037 0.000001 
t: 0.022222222222 start: 14 end: 34 0.000001 0.000024 0.000109 0.000494 0.002033 0.006459 0.017504 0.040289 0.076181 0.121464 0.161149 0.176984 0.159781 0.118194 0.070160 0.033082 0.012131 0.003278 0.000620 0.000060 0.000003 
t: 0.021428571428 start: 15 end: 34 0.000012 0.000070 0.000339 0.001464 0.004827 0.013929 0.033157 0.065947 0.110223 0.153551 0.177058 0.167326 0.129885 0.081198 0.040254 0.015343 0.004439 0.000877 0.000098 0.000003 
t: 0.020689655172 start: 15 end: 34 0.000009 0.000045 0.000223 0.001048 0.003707 0.011036 0.027148 0.056948 0.099638 0.144557 0.174980 0.173120 0.141301 0.091984 0.047913 0.019203 0.005756 0.001235 0.000146 0.000003 
t: 0.020000000000 start: 15 end: 34 0.000006 0.000024 0.000181 0.000726 0.002839 0.008686 0.022190 0.049065 0.089432 0.135610 0.171028 0.177385 0.151089 0.103073 0.055914 0.023524 0.007356 0.001645 0.000220 0.000007 
t: 0.019354838710 start: 15 end: 34 0.000003 0.000020 0.000136 0.000514 0.002139 0.006898 0.018336 0.041851 0.079929 0.126511 0.165799 0.180158 0.159643 0.113391 0.064532 0.028435 0.009284 0.002101 0.000311 0.000009 
t: 0.018750000000 start: 15 end: 34 0.000003 0.000013 0.000090 0.000373 0.001646 0.005433 0.015126 0.035808 0.071072 0.117173 0.160224 0.180822 0.166886 0.123774 0.073294 0.033673 0.011436 0.002733 0.000399 0.000022 
t: 0.018181818182 start: 15 end: 34 0.000001 0.000008 0.000065 0.000262 0.001238 0.004290 0.012364 0.030573 0.063273 0.107996 0.153415 0.180292 0.172782 0.134083 0.082185 0.039261 0.013917 0.003421 0.000542 0.000032 
t: 0.017647058823 start: 15 end: 34 0.000001 0.000005 0.000045 0.000198 0.000942 0.003432 0.010129 0.026059 0.055736 0.099336 0.146316 0.178655 0.177619 0.143402 0.091237 0.045102 0.016751 0.004307 0.000684 0.000044 
t: 0.017142857143 start: 15 end: 34 0.000001 0.000003 0.000028 0.000149 0.000719 0.002691 0.008425 0.022097 0.049187 0.090934 0.138905 0.176041 0.181272 0.151667 0.100463 0.051420 0.019725 0.005323 0.000888 0.000062 
t: 0.016666666667 start: 15 end: 34 0.000001 0.000003 0.000017 0.000117 0.000549 0.002144 0.006985 0.018853 0.043363 0.082803 0.131428 0.172217 0.183901 0.159209 0.109710 0.057966 0.023089 0.006449 0.001114 0.000082 
t: 0.016216216216 start: 15 end: 34 0.000001 0.000002 0.000011 0.000092 0.000396 0.001732 0.005749 0.016174 0.038120 0.075139 0.123908 0.167637 0.185598 0.166287 0.118343 0.064799 0.026834 0.007682 0.001387 0.000109 
t: 0.015789473684 start: 16 end: 34 0.000002 0.000008 0.000066 0.000315 0.001373 0.004704 0.013831 0.033653 0.068088 0.116211 0.162702 0.186431 0.172226 0.127053 0.071696 0.030691 0.009090 0.001708 0.000152 
t: 0.015384615385 start: 16 end: 34 0.000001 0.000007 0.000047 0.000251 0.001083 0.003903 0.011775 0.029509 0.061943 0.108699 0.157228 0.186049 0.177518 0.135449 0.078758 0.034882 0.010664 0.002045 0.000189 
t: 0.015000000000 start: 17 end: 34 0.000005 0.000041 0.000196 0.000866 0.003194 0.010068 0.025930 0.056233 0.101373 0.151667 0.184963 0.181906 0.143070 0.086129 0.039239 0.012416 0.002476 0.000228 
t: 0.014634146341 start: 17 end: 34 0.000003 0.000029 0.000147 0.000691 0.002658 0.008614 0.022753 0.050710 0.094472 0.145717 0.183428 0.185514 0.150281 0.093651 0.043856 0.014236 0.002969 0.000271 
t: 0.014285714286 start: 17 end: 34 0.000003 0.000019 0.000127 0.000546 0.002214 0.007274 0.020122 0.045658 0.087732 0.139986 0.180606 0.188627 0.157243 0.101188 0.048537 0.016305 0.003476 0.000337 
t: 0.013953488372 start: 17 end: 34 0.000003 0.000015 0.000105 0.000434 0.001868 0.006133 0.017689 0.041342 0.081409 0.133908 0.177593 0.190714 0.163769 0.108474 0.053589 0.018445 0.004093 0.000417 
t: 0.013636363636 start: 17 end: 34 0.000003 0.000012 0.000083 0.000349 0.001563 0.005251 0.015488 0.037362 0.075460 0.127652 0.174231 0.192219 0.169758 0.115689 0.058917 0.020773 0.004692 0.000498 
t: 0.013333333333 start: 17 end: 34 0.000002 0.000010 0.000066 0.000293 0.001291 0.004524 0.013569 0.033689 0.069850 0.121424 0.170385 0.193412 0.175395 0.122640 0.064208 0.023312 0.005345 0.000585 
t: 0.013043478261 start: 17 end: 34 0.000002 0.000004 0.000061 0.000232 0.001057 0.003888 0.011917 0.030466 0.064724 0.115196 0.166082 0.194021 0.180154 0.129929 0.069525 0.025944 0.006117 0.000681 
t: 0.012765957447 start: 18 end: 34 0.000005 0.000043 0.000187 0.000894 0.003328 0.010461 0.027496 0.059993 0.109011 0.161850 0.193583 0.184800 0.136692 0.075100 0.028833 0.006936 0.000788 
t: 0.012500000000 start: 18 end: 34 0.000005 0.000032 0.000154 0.000750 0.002900 0.009193 0.024687 0.055508 0.103539 0.157225 0.192746 0.188989 0.143017 0.080725 0.031789 0.007844 0.000897 
t: 0.012244897959 start: 18 end: 34 0.000004 0.000025 0.000133 0.000627 0.002483 0.008086 0.022283 0.051347 0.097718 0.152741 0.191525 0.192594 0.149280 0.086470 0.034850 0.008794 0.001040 
t: 0.012000000000 start: 18 end: 34 0.000003 0.000021 0.000104 0.000540 0.002137 0.007111 0.020054 0.047493 0.092264 0.148028 0.189983 0.195402 0.155358 0.092428 0.038045 0.009821 0.001208 
t: 0.011764705882 start: 18 end: 34 0.000003 0.000017 0.000088 0.000452 0.001831 0.006314 0.018061 0.043852 0.087267 0.142895 0.187963 0.198276 0.161068 0.098302 0.041284 0.010921 0.001406 
t: 0.011538461538 start: 18 end: 34 0.000003 0.000014 0.000073 0.000371 0.001580 0.005565 0.016352 0.040297 0.082440 0.138091 0.185666 0.200301 0.166912 0.103871 0.044752 0.012119 0.001593 
t: 0.011320754717 start: 18 end: 34 0.000002 0.000014 0.000057 0.000321 0.001362 0.004893 0.014727 0.037279 0.077733 0.133245 0.183101 0.202031 0.172060 0.109457 0.048626 0.013292 0.001800 
t: 0.011111111111 start: 18 end: 34 0.000002 0.000009 0.000048 0.000263 0.001182 0.004317 0.013359 0.034349 0.073130 0.128372 0.180522 0.203378 0.177123 0.114916 0.052320 0.014708 0.002002 
t: 0.010909090909 start: 18 end: 34 0.000001 0.000009 0.000033 0.000234 0.001014 0.003819 0.012062 0.031745 0.068961 0.123602 0.177418 0.204244 0.181853 0.120554 0.056022 0.016195 0.002234 
t: 0.010714285714 start: 18 end: 34 0.000001 0.000005 0.000031 0.000193 0.000888 0.003403 0.010979 0.029088 0.065055 0.118929 0.174317 0.204611 0.186611 0.125812 0.059844 0.017706 0.002527 
t: 0.010526315789 start: 19 end: 34 0.000004 0.000024 0.000171 0.000769 0.002994 0.009896 0.026862 0.061262 0.114229 0.171319 0.204528 0.190704 0.131486 0.063609 0.019325 0.002818 
t: 0.010344827586 start: 19 end: 34 0.000003 0.000021 0.000143 0.000666 0.002678 0.008983 0.024789 0.057577 0.109831 0.167617 0.204590 0.194430 0.137045 0.067504 0.021002 0.003121 
t: 0.010169491525 start: 19 end: 34 0.000003 0.000018 0.000119 0.000573 0.002339 0.008184 0.022950 0.054057 0.105359 0.164188 0.204090 0.198001 0.142532 0.071473 0.022680 0.003434 
t: 0.010000000000 start: 19 end: 34 0.000003 0.000017 0.000094 0.000512 0.002074 0.007380 0.021260 0.050808 0.100962 0.160432 0.203584 0.201281 0.147871 0.075508 0.024422 0.003792 
t: 0.008448275866 start: 20 end: 34 0.000002 0.000024 0.000128 0.000608 0.002485 0.008975 0.025905 0.061958 0.119614 0.184682 0.219654 0.196689 0.122624 0.047790 0.008862 
t: 0.007313432839 start: 21 end: 34 0.000005 0.000041 0.000192 0.001000 0.003958 0.013307 0.037416 0.085083 0.154702 0.216292 0.227623 0.167057 0.076575 0.016749 
t: 0.006447368423 start: 21 end: 34 0.000001 0.000011 0.000061 0.000410 0.001806 0.007123 0.022920 0.059779 0.124473 0.201163 0.241841 0.205201 0.108238 0.026973 
t: 0.005764705884 start: 22 end: 34 0.000004 0.000023 0.000157 0.000902 0.003924 0.014324 0.041791 0.098995 0.179864 0.245317 0.235114 0.140113 0.039472 
t: 0.005212765959 start: 22 end: 34 0.000003 0.000010 0.000070 0.000439 0.002239 0.009074 0.029581 0.077875 0.158350 0.240822 0.256825 0.170933 0.053779 
t: 0.004757281555 start: 22 end: 34 0.000001 0.000004 0.000031 0.000219 0.001322 0.005867 0.021092 0.061563 0.137631 0.231119 0.271887 0.199775 0.069489 
t: 0.004375000001 start: 22 end: 34 0.000001 0.000002 0.000011 0.000127 0.000804 0.003904 0.015258 0.048596 0.119287 0.218541 0.281356 0.226107 0.086006 
t: 0.004049586778 start: 23 end: 34 0.000001 0.000010 0.000062 0.000485 0.002636 0.011117 0.038605 0.103296 0.204488 0.286305 0.249636 0.103359 
t: 0.003769230770 start: 24 end: 34 0.000007 0.000033 0.000307 0.001764 0.008357 0.030728 0.088961 0.190407 0.288046 0.270564 0.120826 
t: 0.003525179857 start: 24 end: 34 0.000005 0.000020 0.000195 0.001198 0.006255 0.024903 0.076696 0.176616 0.286559 0.289008 0.138545 
t: 0.003310810811 start: 24 end: 34 0.000003 0.000017 0.000116 0.000878 0.004702 0.020179 0.066411 0.162894 0.283582 0.304969 0.156249 
t: 0.003121019109 start: 24 end: 34 0.000002 0.000011 0.000076 0.000638 0.003554 0.016435 0.057572 0.150497 0.278680 0.318762 0.173773 
t: 0.002951807229 start: 25 end: 34 0.000008 0.000060 0.000444 0.002747 0.013466 0.050089 0.138849 0.272500 0.331126 0.190711 
t: 0.002800000000 start: 25 end: 34 0.000005 0.000038 0.000327 0.002129 0.011047 0.043755 0.128290 0.265432 0.341420 0.207557 
t: 0.002663043479 start: 26 end: 34 0.000030 0.000246 0.001633 0.009250 0.038259 0.118363 0.257949 0.350271 0.223999 
t: 0.002538860104 start: 26 end: 34 0.000021 0.000177 0.001300 0.007668 0.033711 0.109093 0.250762 0.357057 0.240211 
t: 0.002425742574 start: 26 end: 34 0.000015 0.000137 0.001044 0.006436 0.029692 0.100738 0.242962 0.362855 0.256121 
t: 0.002322274882 start: 26 end: 34 0.000011 0.000102 0.000821 0.005431 0.026337 0.093210 0.235021 0.367577 0.271490 
t: 0.002227272727 start: 26 end: 34 0.000008 0.000075 0.000655 0.004629 0.023359 0.086346 0.227221 0.371511 0.286196 
t: 0.002139737991 start: 26 end: 34 0.000006 0.000063 0.000532 0.003929 0.020761 0.080129 0.219512 0.374413 0.300655 
t: 0.002058823530 start: 26 end: 34 0.000004 0.000054 0.000421 0.003387 0.018426 0.074516 0.212153 0.376240 0.314799 
t: 0.001983805668 start: 26 end: 34 0.000004 0.000048 0.000350 0.002907 0.016439 0.069231 0.205046 0.377676 0.328299 
t: 0.001914062500 start: 26 end: 34 0.000003 0.000039 0.000300 0.002485 0.014748 0.064368 0.198057 0.378492 0.341508 
t: 0.001849056604 start: 26 end: 34 0.000002 0.000032 0.000250 0.002162 0.013306 0.059952 0.191306 0.378664 0.354326 
t: 0.001788321168 start: 26 end: 34 0.000001 0.000028 0.000219 0.001878 0.012034 0.055981 0.184635 0.378471 0.366753 
t: 0.001731448763 start: 26 end: 34 0.000001 0.000024 0.000188 0.001630 0.010869 0.052285 0.178267 0.378100 0.378636 
t: 0.001678082192 start: 26 end: 34 0.000001 0.000017 0.000168 0.001438 0.009865 0.048929 0.172051 0.377386 0.390145 
t: 0.001627906977 start: 26 end: 34 0.000001 0.000011 0.000137 0.001265 0.008984 0.045876 0.166350 0.376140 0.401236 
t: 0.001580645161 start: 26 end: 34 0.000001 0.000009 0.000112 0.001130 0.008135 0.043144 0.160702 0.374863 0.411904 
t: 0.001536050157 start: 26 end: 34 0.000001 0.000008 0.000096 0.001002 0.007416 0.040551 0.155337 0.373236 0.422353 
t: 0.001493902439 start: 26 end: 34 0.000001 0.000008 0.000084 0.000896 0.006734 0.038143 0.150343 0.371309 0.432482 
t: 0.001454005935 start: 26 end: 34 0.000001 0.000007 0.000075 0.000797 0.006158 0.035865 0.145450 0.369305 0.442342 
t: 0.001416184971 start: 26 end: 34 0.000001 0.000007 0.000065 0.000696 0.005675 0.033763 0.140685 0.367328 0.451780 
t: 0.001380281690 start: 26 end: 34 0.000001 0.000006 0.000061 0.000622 0.005195 0.031817 0.136272 0.365107 0.460919 
t: 0.001346153846 start: 26 end: 34 0.000001 0.000006 0.000055 0.000568 0.004778 0.030024 0.131943 0.362729 0.469896 
t: 0.001313672922 start: 26 end: 34 0.000001 0.000005 0.000051 0.000512 0.004403 0.028418 0.127652 0.360466 0.478492 
t: 0.001282722513 start: 26 end: 34 0.000001 0.000003 0.000048 0.000462 0.004085 0.026874 0.123841 0.357920 0.486766 
t: 0.001253196931 start: 26 end: 34 0.000001 0.000003 0.000044 0.000420 0.003736 0.025484 0.120025 0.355437 0.494850 
t: 0.001225000000 start: 27 end: 34 0.000004 0.000037 0.000384 0.003448 0.024127 0.116458 0.352884 0.502658 
t: 0.001198044010 start: 27 end: 34 0.000004 0.000030 0.000353 0.003182 0.022893 0.113090 0.350051 0.510397 
t: 0.001172248804 start: 27 end: 34 0.000002 0.000030 0.000316 0.002947 0.021727 0.109766 0.347161 0.518051 
t: 0.001147540984 start: 27 end: 34 0.000002 0.000028 0.000293 0.002740 0.020651 0.106647 0.344355 0.525284 
t: 0.001123853211 start: 27 end: 34 0.000002 0.000026 0.000261 0.002554 0.019560 0.103692 0.341715 0.532190 
t: 0.001101123596 start: 27 end: 34 0.000002 0.000025 0.000238 0.002377 0.018639 0.100675 0.339059 0.538985 
t: 0.001079295154 start: 27 end: 34 0.000002 0.000022 0.000217 0.002221 0.017713 0.097948 0.336244 0.545633 
t: 0.001058315335 start: 27 end: 34 0.000002 0.000022 0.000203 0.002069 0.016926 0.095189 0.333477 0.552112 
t: 0.001038135593 start: 27 end: 34 0.000001 0.000022 0.000174 0.001951 0.016142 0.092671 0.330610 0.558429 
t: 0.001018711019 start: 28 end: 34 0.000021 0.000157 0.001828 0.015364 0.090157 0.327922 0.564551 
t: 0.001000000000 start: 28 end: 34 0.000021 0.000138 0.001746 0.014678 0.087708 0.325280 0.570429 
