t: 0.059999999999 start: 15 end: 55 0.000001 0.000001 0.000006 0.000017 0.000076 0.000282 0.000886 0.002498 0.005962 0.012665 0.024156 0.041394 0.063331 0.087464 0.109532 0.122675 0.124335 0.114570 0.095811 0.073698 0.050741 0.032324 0.018797 0.010168 0.004966 0.002217 0.000937 0.000330 0.000109 0.000036 0.000011 0.000002 0.000002 0.000000 0.000000 0.000000 0.000000 0.000000 0.000000 0.000000 0.000000 
t: 0.054545454544 start: 19 end: 58 0.000001 0.000018 0.000065 0.000177 0.000636 0.001698 0.004019 0.008898 0.017409 0.030095 0.048241 0.070070 0.091481 0.109582 0.118378 0.117884 0.107366 0.089483 0.068106 0.048124 0.030738 0.018180 0.010090 0.005209 0.002398 0.001004 0.000416 0.000146 0.000060 0.000023 0.000003 0.000002 0.000000 0.000000 0.000000 0.000000 0.000000 0.000000 0.000000 0.000000 
t: 0.049999999999 start: 21 end: 61 0.000001 0.000016 0.000039 0.000163 0.000449 0.001184 0.002906 0.006463 0.012556 0.022835 0.037367 0.055541 0.076221 0.094627 0.109418 0.115043 0.111663 0.099320 0.082261 0.062613 0.044011 0.028676 0.017461 0.009838 0.005030 0.002465 0.001111 0.000456 0.000183 0.000054 0.000020 0.000008 0.000000 0.000001 0.000000 0.000000 0.000000 0.000000 0.000000 0.000000 0.000000 
t: 0.046153846153 start: 23 end: 65 0.000003 0.000009 0.000030 0.000114 0.000384 0.000862 0.002190 0.004801 0.009513 0.017313 0.028878 0.044782 0.062473 0.081969 0.098398 0.108408 0.110941 0.104861 0.092731 0.074799 0.056304 0.039888 0.026212 0.016023 0.009004 0.004866 0.002397 0.001054 0.000486 0.000182 0.000085 0.000030 0.000005 0.000004 0.000001 0.000000 0.000000 0.000000 0.000000 0.000000 0.000000 0.000000 0.000000 
t: 0.042857142857 start: 25 end: 69 0.000003 0.000010 0.000027 0.000095 0.000275 0.000657 0.001674 0.003719 0.007349 0.013654 0.023167 0.035892 0.052147 0.069759 0.087024 0.099757 0.107195 0.106092 0.098471 0.084330 0.068095 0.050903 0.035557 0.022973 0.014374 0.008335 0.004441 0.002227 0.001061 0.000431 0.000179 0.000085 0.000031 0.000007 0.000001 0.000002 0.000001 0.000000 0.000000 0.000000 0.000000 0.000000 0.000000 0.000000 0.000000 
t: 0.040000000000 start: 26 end: 71 0.000001 0.000001 0.000009 0.000024 0.000074 0.000225 0.000604 0.001339 0.002863 0.005754 0.010972 0.018791 0.029518 0.043662 0.059894 0.076367 0.090947 0.101286 0.104644 0.100590 0.091352 0.076612 0.060612 0.044890 0.031384 0.020332 0.012521 0.007212 0.003879 0.001968 0.000971 0.000408 0.000181 0.000072 0.000024 0.000011 0.000005 0.000001 0.000000 0.000000 0.000000 0.000000 0.000000 0.000000 0.000000 0.000000 
t: 0.037500000000 start: 29 end: 73 0.000004 0.000013 0.000023 0.000076 0.000198 0.000492 0.001028 0.002366 0.004819 0.008871 0.015103 0.024807 0.036982 0.051539 0.067742 0.082457 0.094587 0.100582 0.100442 0.094706 0.083708 0.068945 0.053517 0.039087 0.026981 0.017506 0.010659 0.006207 0.003341 0.001744 0.000831 0.000379 0.000163 0.000055 0.000030 0.000009 0.000000 0.000000 0.000000 0.000001 0.000000 0.000000 0.000000 0.000000 0.000000 
t: 0.035294117647 start: 31 end: 77 0.000003 0.000005 0.000030 0.000068 0.000166 0.000412 0.000976 0.002018 0.003924 0.007345 0.012932 0.021062 0.031468 0.044984 0.059958 0.075123 0.087328 0.096031 0.098860 0.096250 0.087605 0.075059 0.060964 0.046419 0.033734 0.022987 0.014595 0.008998 0.005163 0.002795 0.001488 0.000678 0.000325 0.000151 0.000052 0.000032 0.000010 0.000001 0.000000 0.000001 0.000000 0.000000 0.000000 0.000000 0.000000 0.000000 0.000000 
t: 0.033333333333 start: 33 end: 79 0.000005 0.000008 0.000023 0.000063 0.000160 0.000333 0.000793 0.001790 0.003482 0.006449 0.010978 0.017979 0.027788 0.039503 0.053340 0.067877 0.081284 0.090610 0.096134 0.095974 0.089731 0.080008 0.067116 0.053244 0.039592 0.028439 0.019036 0.012112 0.007361 0.004272 0.002266 0.001175 0.000613 0.000248 0.000128 0.000051 0.000020 0.000010 0.000005 0.000000 0.000000 0.000000 0.000000 0.000000 0.000000 0.000000 0.000000 
t: 0.031578947368 start: 35 end: 83 0.000002 0.000008 0.000022 0.000052 0.000150 0.000309 0.000743 0.001488 0.003068 0.005681 0.009782 0.015635 0.024410 0.035240 0.047909 0.061967 0.074954 0.086123 0.092077 0.094776 0.091164 0.083157 0.071541 0.058980 0.045451 0.033393 0.023755 0.015668 0.009617 0.005928 0.003340 0.001841 0.000934 0.000450 0.000223 0.000104 0.000041 0.000007 0.000005 0.000003 0.000002 0.000000 0.000000 0.000000 0.000000 0.000000 0.000000 0.000000 0.000000 
t: 0.030000000000 start: 38 end: 86 0.000006 0.000023 0.000050 0.000126 0.000303 0.000674 0.001419 0.002751 0.005042 0.008769 0.014057 0.021770 0.031828 0.043482 0.056561 0.069598 0.080619 0.088926 0.092548 0.091065 0.085227 0.075403 0.063161 0.050972 0.038651 0.027873 0.019098 0.012383 0.007654 0.004591 0.002645 0.001329 0.000746 0.000369 0.000168 0.000073 0.000022 0.000011 0.000004 0.000002 0.000000 0.000001 0.000000 0.000000 0.000000 0.000000 0.000000 0.000000 0.000000 
t: 0.028571428571 start: 38 end: 90 0.000001 0.000001 0.000003 0.000025 0.000066 0.000131 0.000292 0.000630 0.001304 0.002596 0.004542 0.007857 0.012931 0.019760 0.028852 0.040190 0.052525 0.064917 0.075791 0.084917 0.089836 0.090797 0.086381 0.077587 0.066991 0.055053 0.042981 0.032130 0.022514 0.015221 0.009597 0.006019 0.003477 0.002022 0.001026 0.000551 0.000265 0.000126 0.000054 0.000026 0.000010 0.000001 0.000002 0.000001 0.000000 0.000001 0.000000 0.000000 0.000000 0.000000 0.000000 0.000000 0.000000 
t: 0.027272727273 start: 41 end: 91 0.000001 0.000009 0.000016 0.000041 0.000129 0.000305 0.000626 0.001233 0.002391 0.004227 0.007428 0.011809 0.018140 0.026832 0.037494 0.048519 0.060700 0.072537 0.081770 0.087558 0.089164 0.085980 0.079782 0.069647 0.058526 0.046565 0.035570 0.025819 0.017824 0.011846 0.007391 0.004565 0.002666 0.001406 0.000752 0.000397 0.000175 0.000090 0.000044 0.000014 0.000010 0.000001 0.000001 0.000000 0.000000 0.000000 0.000000 0.000000 0.000000 0.000000 0.000000 
t: 0.026086956522 start: 42 end: 93 0.000001 0.000003 0.000006 0.000022 0.000049 0.000108 0.000278 0.000590 0.001154 0.002348 0.004064 0.006959 0.011199 0.017062 0.024913 0.034849 0.046153 0.057995 0.068776 0.078318 0.084815 0.087382 0.086060 0.080690 0.071935 0.060698 0.050238 0.038540 0.028678 0.020315 0.013802 0.008987 0.005737 0.003287 0.001878 0.001013 0.000570 0.000279 0.000151 0.000059 0.000022 0.000009 0.000007 0.000001 0.000000 0.000000 0.000000 0.000000 0.000000 0.000000 0.000000 0.000000 
t: 0.025000000000 start: 45 end: 95 0.000002 0.000010 0.000016 0.000058 0.000130 0.000268 0.000575 0.001177 0.002160 0.003999 0.006611 0.010787 0.016315 0.023579 0.033073 0.043857 0.055292 0.066103 0.075615 0.082240 0.085788 0.084862 0.080608 0.073348 0.062983 0.052634 0.041588 0.031279 0.022658 0.015658 0.010549 0.006744 0.004219 0.002423 0.001326 0.000731 0.000374 0.000192 0.000093 0.000048 0.000018 0.000004 0.000006 0.000000 0.000000 0.000000 0.000000 0.000000 0.000000 0.000000 0.000000 
t: 0.024000000000 start: 45 end: 99 0.000001 0.000001 0.000003 0.000008 0.000022 0.000069 0.000137 0.000283 0.000615 0.001155 0.002158 0.003792 0.006593 0.010322 0.015645 0.023064 0.031814 0.041983 0.052698 0.063968 0.072921 0.080329 0.083779 0.084274 0.080346 0.073588 0.064873 0.054352 0.043698 0.033676 0.024963 0.017568 0.011976 0.007850 0.004894 0.002954 0.001745 0.000910 0.000506 0.000251 0.000115 0.000065 0.000020 0.000009 0.000003 0.000002 0.000002 0.000000 0.000000 0.000000 0.000000 0.000000 0.000000 0.000000 0.000000 
t: 0.023076923077 start: 47 end: 101 0.000002 0.000001 0.000001 0.000016 0.000021 0.000064 0.000160 0.000308 0.000619 0.001217 0.002152 0.003941 0.006404 0.010229 0.015325 0.022202 0.031044 0.040345 0.051214 0.062031 0.071013 0.077782 0.082078 0.083008 0.080335 0.074185 0.065743 0.055923 0.045547 0.035293 0.026749 0.019387 0.013237 0.008934 0.005678 0.003357 0.002024 0.001155 0.000646 0.000329 0.000156 0.000087 0.000028 0.000019 0.000006 0.000003 0.000002 0.000000 0.000000 0.000000 0.000000 0.000000 0.000000 0.000000 0.000000 
t: 0.022222222222 start: 50 end: 104 0.000005 0.000001 0.000011 0.000036 0.000071 0.000164 0.000314 0.000686 0.001230 0.002234 0.003865 0.006583 0.010190 0.015234 0.021782 0.029976 0.039693 0.050305 0.059805 0.069079 0.076667 0.080720 0.082107 0.079592 0.074240 0.065892 0.057137 0.046747 0.036939 0.028180 0.020559 0.014443 0.009784 0.006494 0.003936 0.002336 0.001352 0.000809 0.000424 0.000186 0.000107 0.000048 0.000016 0.000012 0.000006 0.000001 0.000002 0.000000 0.000000 0.000000 0.000000 0.000000 0.000000 0.000000 0.000000 
t: 0.021428571428 start: 50 end: 105 0.000001 0.000000 0.000003 0.000004 0.000016 0.000036 0.000085 0.000184 0.000349 0.000694 0.001300 0.002299 0.004065 0.006454 0.010097 0.015360 0.021823 0.029991 0.038764 0.048842 0.059086 0.067772 0.075359 0.079156 0.080525 0.079148 0.073836 0.066703 0.057280 0.047625 0.038145 0.029436 0.021730 0.015567 0.010622 0.006997 0.004462 0.002681 0.001626 0.000888 0.000506 0.000252 0.000121 0.000061 0.000030 0.000013 0.000003 0.000002 0.000001 0.000000 0.000000 0.000000 0.000000 0.000000 0.000000 0.000000 
t: 0.020689655172 start: 54 end: 107 0.000002 0.000008 0.000022 0.000034 0.000100 0.000214 0.000400 0.000764 0.001373 0.002428 0.004146 0.006766 0.010333 0.015346 0.021971 0.029844 0.038713 0.048287 0.057668 0.066747 0.073755 0.078076 0.079794 0.078127 0.073646 0.066344 0.057767 0.048355 0.039233 0.030102 0.022648 0.016367 0.011250 0.007471 0.004838 0.003076 0.001818 0.001018 0.000566 0.000305 0.000147 0.000071 0.000042 0.000011 0.000006 0.000000 0.000001 0.000000 0.000000 0.000000 0.000000 0.000000 0.000000 0.000000 
t: 0.020000000000 start: 55 end: 110 0.000001 0.000004 0.000006 0.000021 0.000055 0.000082 0.000217 0.000438 0.000835 0.001534 0.002662 0.004376 0.006811 0.010639 0.015844 0.022365 0.029621 0.038592 0.047879 0.057364 0.065856 0.072705 0.077337 0.078666 0.077352 0.072681 0.066267 0.057810 0.048783 0.039405 0.031087 0.023191 0.016910 0.011750 0.007966 0.005133 0.003287 0.001974 0.001135 0.000648 0.000326 0.000217 0.000085 0.000053 0.000016 0.000011 0.000002 0.000001 0.000000 0.000000 0.000000 0.000000 0.000000 0.000000 0.000000 0.000000 
t: 0.019354838710 start: 57 end: 112 0.000003 0.000005 0.000009 0.000021 0.000053 0.000111 0.000240 0.000505 0.000905 0.001658 0.002838 0.004634 0.007139 0.011191 0.016268 0.022546 0.030311 0.038337 0.048072 0.057149 0.065352 0.071788 0.076533 0.078037 0.076224 0.072057 0.065635 0.057631 0.048614 0.039642 0.031354 0.023636 0.017244 0.012130 0.008188 0.005512 0.003447 0.002177 0.001276 0.000722 0.000404 0.000227 0.000091 0.000048 0.000017 0.000008 0.000009 0.000002 0.000000 0.000000 0.000000 0.000000 0.000000 0.000000 0.000000 0.000000 
t: 0.018750000000 start: 58 end: 114 0.000002 0.000003 0.000006 0.000006 0.000032 0.000069 0.000125 0.000273 0.000572 0.000995 0.001830 0.003047 0.004980 0.007893 0.011481 0.016876 0.023347 0.030264 0.039142 0.048135 0.056847 0.065054 0.071679 0.075362 0.077240 0.075725 0.071165 0.064497 0.057239 0.048322 0.039521 0.031518 0.024047 0.017300 0.012293 0.008455 0.005758 0.003666 0.002210 0.001385 0.000765 0.000419 0.000216 0.000115 0.000071 0.000028 0.000017 0.000006 0.000002 0.000000 0.000000 0.000000 0.000000 0.000000 0.000000 0.000000 0.000000 
t: 0.018181818182 start: 60 end: 118 0.000002 0.000004 0.000006 0.000013 0.000043 0.000073 0.000168 0.000343 0.000623 0.001132 0.002045 0.003321 0.005432 0.008296 0.012140 0.017685 0.023801 0.031090 0.040043 0.048596 0.057321 0.064686 0.070804 0.074772 0.076439 0.074751 0.070154 0.063912 0.056264 0.047817 0.039601 0.031064 0.023566 0.017635 0.012444 0.008846 0.005796 0.003740 0.002345 0.001430 0.000802 0.000463 0.000230 0.000131 0.000073 0.000034 0.000014 0.000004 0.000004 0.000001 0.000001 0.000000 0.000000 0.000000 0.000000 0.000000 0.000000 0.000000 0.000000 
t: 0.017647058823 start: 61 end: 119 0.000001 0.000003 0.000004 0.000011 0.000018 0.000055 0.000102 0.000189 0.000387 0.000716 0.001332 0.002282 0.003780 0.005782 0.008910 0.013072 0.018496 0.024478 0.032163 0.040821 0.049453 0.057659 0.065248 0.070262 0.074208 0.075309 0.073798 0.069133 0.062604 0.055839 0.047083 0.038599 0.030723 0.023555 0.017247 0.012546 0.008673 0.005962 0.003867 0.002322 0.001426 0.000805 0.000506 0.000278 0.000150 0.000085 0.000031 0.000014 0.000004 0.000005 0.000004 0.000000 0.000000 0.000000 0.000000 0.000000 0.000000 0.000000 0.000000 
t: 0.017142857143 start: 64 end: 122 0.000005 0.000012 0.000009 0.000029 0.000062 0.000136 0.000253 0.000470 0.000858 0.001489 0.002599 0.004097 0.006364 0.009714 0.013829 0.019417 0.025957 0.033174 0.041766 0.050158 0.058096 0.065056 0.070836 0.073763 0.074565 0.072224 0.067568 0.061938 0.054464 0.046042 0.038143 0.029967 0.023207 0.017066 0.012519 0.008656 0.005803 0.003870 0.002378 0.001494 0.000879 0.000499 0.000272 0.000144 0.000074 0.000043 0.000023 0.000008 0.000003 0.000001 0.000000 0.000000 0.000001 0.000000 0.000000 0.000000 0.000000 0.000000 0.000000 
t: 0.016666666667 start: 64 end: 125 0.000001 0.000002 0.000004 0.000008 0.000009 0.000054 0.000073 0.000160 0.000293 0.000582 0.000976 0.001788 0.002863 0.004609 0.006947 0.010445 0.015122 0.020687 0.027040 0.034493 0.042865 0.050729 0.059184 0.065490 0.070923 0.073825 0.073094 0.070724 0.066282 0.060818 0.053256 0.045245 0.036717 0.029223 0.022620 0.016717 0.012386 0.008535 0.005654 0.003679 0.002384 0.001483 0.000898 0.000523 0.000303 0.000127 0.000082 0.000046 0.000015 0.000008 0.000006 0.000001 0.000001 0.000001 0.000000 0.000000 0.000000 0.000000 0.000000 0.000000 0.000000 0.000000 
t: 0.016216216216 start: 66 end: 127 0.000001 0.000001 0.000004 0.000015 0.000019 0.000054 0.000098 0.000210 0.000357 0.000666 0.001183 0.002055 0.003292 0.005019 0.007935 0.011551 0.016198 0.021788 0.028604 0.035934 0.044042 0.052311 0.060172 0.065686 0.070679 0.072822 0.072448 0.069713 0.065157 0.059142 0.051768 0.043939 0.035615 0.028346 0.021847 0.016298 0.011665 0.008345 0.005576 0.003661 0.002381 0.001486 0.000822 0.000490 0.000286 0.000168 0.000064 0.000045 0.000022 0.000012 0.000005 0.000001 0.000001 0.000000 0.000001 0.000000 0.000000 0.000000 0.000000 0.000000 0.000000 0.000000 
t: 0.015789473684 start: 68 end: 128 0.000003 0.000003 0.000008 0.000007 0.000047 0.000054 0.000109 0.000283 0.000419 0.000826 0.001387 0.002381 0.003792 0.005786 0.008786 0.012792 0.017405 0.023020 0.030182 0.037978 0.045335 0.053693 0.060712 0.066518 0.070526 0.072346 0.071280 0.068499 0.064134 0.057627 0.049766 0.042164 0.034559 0.027268 0.021021 0.015694 0.011255 0.007755 0.005437 0.003557 0.002230 0.001428 0.000863 0.000499 0.000254 0.000154 0.000084 0.000038 0.000015 0.000010 0.000007 0.000003 0.000000 0.000001 0.000000 0.000000 0.000000 0.000000 0.000000 0.000000 0.000000 
t: 0.015384615385 start: 68 end: 130 0.000001 0.000000 0.000004 0.000004 0.000012 0.000015 0.000037 0.000088 0.000171 0.000302 0.000572 0.000907 0.001690 0.002784 0.004370 0.006735 0.009761 0.013827 0.018895 0.025004 0.031779 0.039439 0.047441 0.055074 0.061805 0.066789 0.070079 0.071573 0.070568 0.067199 0.062272 0.055471 0.048440 0.040849 0.033139 0.026225 0.019865 0.014723 0.010706 0.007524 0.005092 0.003365 0.002192 0.001340 0.000864 0.000468 0.000255 0.000131 0.000069 0.000048 0.000017 0.000013 0.000003 0.000002 0.000001 0.000000 0.000001 0.000000 0.000000 0.000000 0.000000 0.000000 0.000000 
t: 0.015000000000 start: 70 end: 133 0.000001 0.000001 0.000004 0.000010 0.000011 0.000027 0.000059 0.000114 0.000188 0.000380 0.000698 0.001180 0.001951 0.003310 0.005044 0.007624 0.011010 0.015107 0.020316 0.026807 0.033683 0.041461 0.049316 0.056450 0.062648 0.067687 0.070336 0.070689 0.069303 0.065562 0.060342 0.053955 0.046212 0.039075 0.031598 0.024700 0.019022 0.014042 0.010112 0.006953 0.004802 0.003115 0.002063 0.001298 0.000765 0.000409 0.000267 0.000144 0.000073 0.000036 0.000017 0.000012 0.000004 0.000003 0.000003 0.000001 0.000000 0.000000 0.000000 0.000000 0.000000 0.000000 0.000000 0.000000 
t: 0.014634146341 start: 71 end: 134 0.000001 0.000002 0.000002 0.000006 0.000008 0.000018 0.000050 0.000072 0.000135 0.000271 0.000457 0.000848 0.001516 0.002424 0.003887 0.005784 0.008574 0.012036 0.016762 0.022340 0.028381 0.036187 0.043648 0.051043 0.057594 0.063994 0.068136 0.069881 0.069972 0.067911 0.063983 0.058495 0.051830 0.044361 0.036568 0.029974 0.023650 0.017859 0.013310 0.009409 0.006574 0.004431 0.002956 0.001911 0.001132 0.000700 0.000420 0.000211 0.000130 0.000070 0.000037 0.000024 0.000012 0.000007 0.000005 0.000001 0.000000 0.000000 0.000000 0.000000 0.000000 0.000000 0.000000 0.000000 
t: 0.014285714286 start: 74 end: 136 0.000003 0.000004 0.000006 0.000016 0.000030 0.000045 0.000097 0.000196 0.000344 0.000619 0.001053 0.001851 0.002868 0.004657 0.006594 0.009784 0.013607 0.018432 0.024086 0.030901 0.038067 0.045717 0.053031 0.059656 0.064762 0.068444 0.069375 0.068744 0.066647 0.062361 0.056259 0.049402 0.042190 0.034845 0.028407 0.022056 0.016755 0.012250 0.008685 0.006055 0.004108 0.002737 0.001715 0.001032 0.000640 0.000388 0.000220 0.000117 0.000054 0.000046 0.000023 0.000006 0.000005 0.000007 0.000001 0.000000 0.000000 0.000000 0.000000 0.000000 0.000000 0.000000 0.000000 
t: 0.013953488372 start: 75 end: 138 0.000001 0.000003 0.000003 0.000017 0.000016 0.000039 0.000077 0.000145 0.000238 0.000465 0.000790 0.001379 0.002194 0.003475 0.005366 0.007687 0.011202 0.015220 0.020179 0.026356 0.033036 0.040728 0.047796 0.054946 0.061157 0.065792 0.068169 0.069220 0.067762 0.064846 0.059902 0.054127 0.047247 0.040113 0.033024 0.026464 0.020372 0.015468 0.011146 0.008173 0.005610 0.003709 0.002471 0.001513 0.000979 0.000602 0.000338 0.000202 0.000107 0.000055 0.000036 0.000017 0.000008 0.000007 0.000004 0.000002 0.000000 0.000000 0.000000 0.000000 0.000000 0.000000 0.000000 0.000000 
t: 0.013636363636 start: 75 end: 140 0.000001 0.000000 0.000002 0.000003 0.000006 0.000014 0.000034 0.000059 0.000087 0.000177 0.000319 0.000598 0.001011 0.001733 0.002713 0.004113 0.006304 0.009008 0.012523 0.017016 0.022270 0.028658 0.035782 0.043162 0.050232 0.056898 0.062281 0.066121 0.068680 0.068431 0.066282 0.063005 0.057847 0.051725 0.044818 0.037870 0.030634 0.024626 0.019025 0.014313 0.010176 0.007277 0.005113 0.003372 0.002205 0.001413 0.000853 0.000518 0.000274 0.000199 0.000098 0.000064 0.000020 0.000017 0.000008 0.000006 0.000004 0.000001 0.000001 0.000000 0.000000 0.000000 0.000000 0.000000 0.000000 0.000000 
t: 0.013333333333 start: 77 end: 143 0.000001 0.000001 0.000002 0.000003 0.000010 0.000023 0.000033 0.000077 0.000133 0.000249 0.000416 0.000773 0.001328 0.002076 0.003391 0.004910 0.007283 0.010366 0.014111 0.019137 0.024681 0.031346 0.038645 0.045761 0.052227 0.058670 0.063541 0.067030 0.067677 0.067467 0.065163 0.060822 0.055421 0.049059 0.042522 0.035201 0.028811 0.022779 0.017342 0.012866 0.009315 0.006610 0.004664 0.003082 0.001870 0.001289 0.000757 0.000427 0.000273 0.000164 0.000089 0.000047 0.000030 0.000014 0.000008 0.000004 0.000000 0.000001 0.000001 0.000001 0.000000 0.000000 0.000000 0.000000 0.000000 0.000000 0.000000 
t: 0.013043478261 start: 78 end: 145 0.000001 0.000002 0.000001 0.000002 0.000006 0.000009 0.000028 0.000050 0.000108 0.000180 0.000343 0.000551 0.001057 0.001649 0.002612 0.003898 0.005972 0.008432 0.011897 0.016279 0.021395 0.027388 0.034035 0.041227 0.048347 0.054557 0.060644 0.064339 0.067185 0.067171 0.066453 0.063416 0.058670 0.052817 0.046497 0.039878 0.032595 0.026511 0.020803 0.015661 0.011707 0.008443 0.006030 0.004085 0.002657 0.001708 0.001119 0.000691 0.000363 0.000226 0.000143 0.000070 0.000036 0.000035 0.000011 0.000006 0.000001 0.000001 0.000001 0.000001 0.000000 0.000000 0.000000 0.000000 0.000000 0.000000 0.000000 0.000000 
t: 0.012765957447 start: 80 end: 146 0.000001 0.000003 0.000002 0.000005 0.000005 0.000018 0.000045 0.000069 0.000143 0.000226 0.000456 0.000822 0.001298 0.002054 0.003240 0.004849 0.007017 0.010043 0.013688 0.018275 0.023762 0.029863 0.036973 0.043932 0.050992 0.056997 0.062065 0.064823 0.066870 0.067342 0.064994 0.061244 0.056392 0.050173 0.043727 0.036966 0.030331 0.024246 0.018780 0.014231 0.010392 0.007564 0.005358 0.003591 0.002340 0.001499 0.000951 0.000550 0.000331 0.000196 0.000124 0.000055 0.000049 0.000018 0.000010 0.000007 0.000001 0.000001 0.000000 0.000001 0.000000 0.000000 0.000000 0.000000 0.000000 0.000000 0.000000 
t: 0.012500000000 start: 81 end: 146 0.000001 0.000001 0.000002 0.000004 0.000006 0.000011 0.000031 0.000049 0.000090 0.000219 0.000333 0.000614 0.001050 0.001635 0.002581 0.004041 0.005870 0.008290 0.011728 0.015783 0.020621 0.026520 0.033330 0.039665 0.046766 0.053319 0.058424 0.063266 0.065946 0.066820 0.065720 0.063500 0.059299 0.053690 0.047131 0.040925 0.034258 0.027753 0.021890 0.016782 0.012839 0.009397 0.006663 0.004695 0.003107 0.002020 0.001326 0.000836 0.000472 0.000292 0.000178 0.000093 0.000050 0.000037 0.000011 0.000009 0.000009 0.000000 0.000000 0.000002 0.000000 0.000000 0.000000 0.000000 0.000000 0.000000 
t: 0.012244897959 start: 83 end: 151 0.000001 0.000001 0.000002 0.000008 0.000011 0.000016 0.000043 0.000071 0.000148 0.000270 0.000484 0.000843 0.001345 0.002076 0.003224 0.004859 0.007041 0.009873 0.013552 0.018240 0.023454 0.029449 0.036134 0.042744 0.049493 0.055235 0.060633 0.063819 0.066261 0.066327 0.064765 0.061463 0.056824 0.050817 0.044345 0.037897 0.031264 0.025198 0.020007 0.015088 0.011418 0.008127 0.005884 0.003993 0.002668 0.001849 0.001077 0.000686 0.000424 0.000233 0.000144 0.000070 0.000051 0.000026 0.000010 0.000009 0.000002 0.000001 0.000001 0.000001 0.000000 0.000001 0.000000 0.000000 0.000000 0.000000 0.000000 0.000000 0.000000 
t: 0.012000000000 start: 84 end: 151 0.000001 0.000000 0.000002 0.000004 0.000011 0.000017 0.000030 0.000057 0.000113 0.000203 0.000375 0.000649 0.001141 0.001634 0.002692 0.004016 0.005864 0.008466 0.011688 0.015916 0.020768 0.026219 0.032556 0.039037 0.045636 0.052240 0.057538 0.061841 0.065130 0.066042 0.065187 0.063220 0.059207 0.054043 0.047861 0.041428 0.034692 0.028401 0.023105 0.017665 0.013567 0.010066 0.007104 0.005016 0.003420 0.002339 0.001535 0.000911 0.000564 0.000337 0.000184 0.000123 0.000068 0.000033 0.000016 0.000011 0.000005 0.000002 0.000001 0.000002 0.000000 0.000000 0.000001 0.000000 0.000000 0.000000 0.000000 0.000000 
t: 0.011764705882 start: 86 end: 154 0.000002 0.000002 0.000002 0.000006 0.000017 0.000021 0.000028 0.000106 0.000155 0.000279 0.000565 0.000875 0.001391 0.002206 0.003387 0.004951 0.007267 0.010222 0.013666 0.018200 0.023335 0.029326 0.035666 0.042454 0.048932 0.054272 0.059416 0.063204 0.065707 0.065525 0.064295 0.061020 0.056520 0.051156 0.044749 0.038006 0.031781 0.025942 0.020383 0.015836 0.011776 0.008863 0.006252 0.004274 0.002845 0.001955 0.001277 0.000773 0.000444 0.000301 0.000166 0.000079 0.000058 0.000031 0.000014 0.000009 0.000005 0.000002 0.000001 0.000001 0.000000 0.000000 0.000000 0.000000 0.000001 0.000000 0.000000 0.000000 0.000000 
t: 0.011538461538 start: 86 end: 152 0.000001 0.000000 0.000000 0.000006 0.000006 0.000013 0.000013 0.000032 0.000063 0.000131 0.000233 0.000445 0.000713 0.001131 0.001791 0.002849 0.004297 0.006168 0.008697 0.012032 0.016078 0.020818 0.026375 0.032437 0.038947 0.045607 0.051543 0.057124 0.061401 0.064335 0.064942 0.064800 0.062380 0.058684 0.053566 0.048253 0.041449 0.035181 0.028678 0.023251 0.017939 0.013965 0.010431 0.007601 0.005315 0.003663 0.002415 0.001600 0.001017 0.000661 0.000405 0.000236 0.000120 0.000073 0.000043 0.000020 0.000012 0.000009 0.000001 0.000003 0.000000 0.000000 0.000000 0.000000 0.000001 0.000000 0.000000 
t: 0.011320754717 start: 88 end: 156 0.000001 0.000001 0.000003 0.000005 0.000011 0.000011 0.000027 0.000053 0.000091 0.000192 0.000391 0.000563 0.000946 0.001494 0.002411 0.003537 0.005316 0.007638 0.010451 0.014341 0.018480 0.023731 0.029718 0.035680 0.042175 0.048519 0.054775 0.059179 0.062276 0.065012 0.065047 0.063257 0.059990 0.056588 0.050455 0.044462 0.038048 0.031785 0.025814 0.020756 0.016200 0.012181 0.008976 0.006316 0.004587 0.003074 0.002018 0.001325 0.000857 0.000512 0.000338 0.000152 0.000108 0.000055 0.000030 0.000026 0.000008 0.000002 0.000002 0.000002 0.000000 0.000000 0.000001 0.000000 0.000000 0.000000 0.000000 0.000000 0.000000 
t: 0.011111111111 start: 89 end: 158 0.000001 0.000001 0.000001 0.000006 0.000007 0.000011 0.000019 0.000041 0.000078 0.000157 0.000265 0.000509 0.000764 0.001278 0.001997 0.003058 0.004620 0.006508 0.009229 0.012611 0.016687 0.021260 0.027151 0.033100 0.039079 0.045485 0.051451 0.056779 0.061318 0.063873 0.064877 0.063616 0.061724 0.057829 0.052940 0.047020 0.041112 0.034860 0.028758 0.023286 0.018156 0.014139 0.010477 0.007644 0.005516 0.003747 0.002470 0.001699 0.001101 0.000735 0.000407 0.000227 0.000135 0.000085 0.000041 0.000026 0.000016 0.000007 0.000002 0.000002 0.000001 0.000000 0.000000 0.000001 0.000000 0.000000 0.000000 0.000000 0.000000 0.000000 
t: 0.010909090909 start: 91 end: 159 0.000001 0.000003 0.000004 0.000003 0.000010 0.000025 0.000028 0.000063 0.000126 0.000222 0.000393 0.000638 0.001122 0.001670 0.002685 0.003930 0.005711 0.008021 0.011171 0.015019 0.019036 0.024858 0.030321 0.036578 0.042480 0.048904 0.054604 0.059111 0.062599 0.064016 0.064320 0.062308 0.059432 0.055064 0.049810 0.043587 0.037644 0.031359 0.025815 0.020556 0.015805 0.012128 0.008990 0.006592 0.004541 0.003043 0.002083 0.001430 0.000858 0.000513 0.000329 0.000192 0.000104 0.000073 0.000030 0.000022 0.000009 0.000005 0.000003 0.000002 0.000000 0.000001 0.000000 0.000000 0.000000 0.000000 0.000000 0.000000 0.000000 
t: 0.010714285714 start: 92 end: 161 0.000002 0.000001 0.000003 0.000002 0.000009 0.000016 0.000027 0.000057 0.000093 0.000179 0.000339 0.000547 0.000956 0.001450 0.002300 0.003447 0.004914 0.007168 0.009705 0.013469 0.017582 0.022453 0.027853 0.033922 0.039930 0.046216 0.052237 0.056893 0.060972 0.063370 0.063954 0.063061 0.060410 0.056971 0.052334 0.046106 0.039970 0.033841 0.028418 0.022866 0.017873 0.013950 0.010198 0.007698 0.005428 0.003769 0.002545 0.001686 0.001134 0.000679 0.000406 0.000251 0.000155 0.000085 0.000039 0.000029 0.000015 0.000008 0.000005 0.000002 0.000001 0.000001 0.000000 0.000000 0.000000 0.000000 0.000000 0.000000 0.000000 0.000000 
t: 0.010526315789 start: 93 end: 163 0.000002 0.000002 0.000002 0.000002 0.000011 0.000013 0.000024 0.000043 0.000077 0.000185 0.000271 0.000451 0.000801 0.001303 0.001909 0.002943 0.004441 0.006271 0.008745 0.012003 0.015850 0.020465 0.025622 0.031815 0.037336 0.043817 0.049571 0.054784 0.059417 0.062271 0.063638 0.063316 0.061243 0.058735 0.054142 0.048372 0.042171 0.036407 0.030640 0.025045 0.020180 0.015535 0.011674 0.008799 0.006535 0.004396 0.003060 0.002110 0.001405 0.000850 0.000528 0.000316 0.000203 0.000102 0.000065 0.000046 0.000019 0.000012 0.000005 0.000001 0.000001 0.000001 0.000001 0.000000 0.000000 0.000000 0.000000 0.000000 0.000000 0.000000 0.000000 
t: 0.010344827586 start: 94 end: 163 0.000002 0.000002 0.000003 0.000003 0.000006 0.000013 0.000017 0.000038 0.000080 0.000121 0.000212 0.000431 0.000683 0.001047 0.001729 0.002579 0.003902 0.005567 0.007843 0.010550 0.014628 0.018820 0.023581 0.029435 0.035257 0.041288 0.047358 0.052497 0.057504 0.060851 0.062851 0.063318 0.062215 0.059621 0.055669 0.050538 0.044687 0.038745 0.032715 0.027492 0.022402 0.017188 0.013367 0.009941 0.007411 0.005129 0.003623 0.002601 0.001689 0.001075 0.000687 0.000409 0.000241 0.000148 0.000081 0.000054 0.000027 0.000009 0.000010 0.000005 0.000002 0.000003 0.000000 0.000000 0.000000 0.000000 0.000000 0.000000 0.000000 0.000000 
t: 0.010169491525 start: 95 end: 165 0.000001 0.000002 0.000003 0.000003 0.000006 0.000009 0.000011 0.000038 0.000060 0.000111 0.000194 0.000338 0.000565 0.001002 0.001430 0.002309 0.003359 0.005009 0.007111 0.009701 0.013015 0.017214 0.021894 0.027256 0.033086 0.039058 0.045120 0.050691 0.055434 0.059460 0.061953 0.063325 0.062529 0.060365 0.056825 0.052439 0.046876 0.040858 0.035111 0.029680 0.024175 0.019071 0.014909 0.011336 0.008227 0.006133 0.004308 0.002979 0.001967 0.001295 0.000884 0.000510 0.000299 0.000189 0.000116 0.000066 0.000037 0.000019 0.000013 0.000008 0.000004 0.000002 0.000002 0.000000 0.000000 0.000000 0.000000 0.000000 0.000000 0.000000 0.000000 
t: 0.010000000000 start: 97 end: 167 0.000001 0.000004 0.000003 0.000006 0.000007 0.000013 0.000025 0.000053 0.000085 0.000162 0.000316 0.000526 0.000807 0.001271 0.002065 0.003001 0.004451 0.006325 0.008919 0.011923 0.015844 0.020195 0.025174 0.031286 0.036850 0.042923 0.048477 0.053550 0.058220 0.060895 0.062893 0.062555 0.060960 0.057996 0.054138 0.048449 0.043259 0.037254 0.031706 0.026025 0.020995 0.016367 0.012670 0.009356 0.006987 0.004926 0.003489 0.002429 0.001548 0.001003 0.000645 0.000391 0.000241 0.000142 0.000090 0.000044 0.000029 0.000018 0.000007 0.000006 0.000003 0.000001 0.000001 0.000000 0.000000 0.000000 0.000000 0.000000 0.000000 0.000000 0.000000 
t: 0.008448275866 start: 112 end: 181 0.000002 0.000003 0.000009 0.000015 0.000024 0.000043 0.000108 0.000168 0.000287 0.000476 0.000736 0.001242 0.001738 0.002562 0.003812 0.005496 0.007449 0.010130 0.013204 0.017191 0.021729 0.026825 0.031897 0.036972 0.042580 0.048203 0.052515 0.056326 0.058380 0.059769 0.059864 0.057931 0.056335 0.052195 0.047531 0.042319 0.037212 0.031539 0.026268 0.021435 0.017377 0.013786 0.010347 0.007904 0.005683 0.004143 0.002852 0.001862 0.001262 0.000836 0.000562 0.000350 0.000222 0.000130 0.000074 0.000041 0.000020 0.000013 0.000010 0.000003 0.000000 0.000002 0.000000 0.000001 0.000000 0.000000 0.000000 0.000000 0.000000 0.000000 
t: 0.007313432839 start: 121 end: 191 0.000001 0.000000 0.000000 0.000003 0.000004 0.000014 0.000027 0.000050 0.000074 0.000113 0.000217 0.000347 0.000548 0.000861 0.001240 0.001913 0.002780 0.003929 0.005683 0.007692 0.010074 0.012959 0.017042 0.021032 0.025503 0.030400 0.035707 0.041108 0.045483 0.049951 0.053370 0.056100 0.057695 0.058212 0.057588 0.055381 0.052108 0.048101 0.043608 0.038503 0.033375 0.028300 0.023437 0.019384 0.015369 0.012113 0.009251 0.006900 0.005114 0.003667 0.002544 0.001785 0.001221 0.000786 0.000518 0.000309 0.000225 0.000124 0.000070 0.000045 0.000016 0.000013 0.000008 0.000000 0.000001 0.000004 0.000000 0.000000 0.000000 0.000000 0.000000 
t: 0.006447368423 start: 135 end: 206 0.000005 0.000004 0.000020 0.000038 0.000055 0.000129 0.000167 0.000271 0.000423 0.000703 0.001068 0.001546 0.002215 0.003227 0.004579 0.006262 0.008354 0.010993 0.013997 0.017729 0.021851 0.026182 0.031290 0.036010 0.040753 0.045309 0.049062 0.052915 0.055230 0.056418 0.057003 0.055391 0.053591 0.051098 0.047451 0.042706 0.038230 0.033114 0.028405 0.023755 0.019636 0.015794 0.012171 0.009662 0.007222 0.005471 0.003943 0.002790 0.001873 0.001343 0.000890 0.000618 0.000419 0.000232 0.000151 0.000094 0.000060 0.000034 0.000017 0.000015 0.000009 0.000005 0.000001 0.000000 0.000000 0.000001 0.000000 0.000000 0.000000 0.000000 0.000000 0.000000 
t: 0.005764705884 start: 143 end: 218 0.000002 0.000004 0.000004 0.000013 0.000027 0.000060 0.000078 0.000161 0.000238 0.000371 0.000599 0.000830 0.001330 0.001921 0.002674 0.003748 0.005240 0.006925 0.009419 0.011983 0.015189 0.018926 0.023457 0.027694 0.032054 0.036934 0.041525 0.045860 0.049289 0.052477 0.054650 0.055972 0.055899 0.054599 0.052462 0.049476 0.045835 0.041424 0.036877 0.031981 0.027289 0.023020 0.019233 0.015349 0.012216 0.009384 0.007244 0.005434 0.003846 0.002784 0.001991 0.001395 0.000941 0.000630 0.000407 0.000223 0.000176 0.000087 0.000058 0.000040 0.000022 0.000007 0.000007 0.000003 0.000002 0.000002 0.000002 0.000001 0.000000 0.000000 0.000000 0.000000 0.000000 0.000000 0.000000 0.000000 
t: 0.005212765959 start: 149 end: 227 0.000001 0.000001 0.000001 0.000003 0.000004 0.000009 0.000020 0.000046 0.000070 0.000129 0.000184 0.000290 0.000461 0.000691 0.001145 0.001575 0.002145 0.003108 0.004329 0.005925 0.007617 0.010092 0.012989 0.016428 0.019922 0.024262 0.028756 0.033366 0.037671 0.042263 0.046265 0.049593 0.052166 0.054296 0.055380 0.054738 0.053806 0.051238 0.048455 0.044457 0.040443 0.035456 0.031254 0.026838 0.022508 0.018541 0.014952 0.011832 0.009250 0.007061 0.005362 0.003927 0.002826 0.001914 0.001371 0.000880 0.000621 0.000409 0.000263 0.000144 0.000104 0.000064 0.000029 0.000029 0.000008 0.000004 0.000002 0.000005 0.000001 0.000004 0.000001 0.000000 0.000000 0.000000 0.000000 0.000000 0.000000 0.000000 0.000000 
t: 0.004757281555 start: 157 end: 233 0.000001 0.000000 0.000001 0.000004 0.000007 0.000018 0.000027 0.000047 0.000076 0.000145 0.000208 0.000357 0.000536 0.000764 0.001161 0.001677 0.002353 0.003311 0.004674 0.006202 0.008175 0.010461 0.013327 0.016484 0.020535 0.024345 0.029153 0.033409 0.037954 0.042299 0.045737 0.049672 0.051911 0.053574 0.054562 0.054266 0.053576 0.050972 0.047852 0.044125 0.039895 0.035180 0.031026 0.026828 0.022487 0.018639 0.015103 0.011883 0.009296 0.007278 0.005396 0.003992 0.002846 0.002042 0.001414 0.000949 0.000661 0.000402 0.000288 0.000158 0.000103 0.000073 0.000037 0.000027 0.000017 0.000006 0.000010 0.000003 0.000002 0.000000 0.000000 0.000001 0.000000 0.000000 0.000000 0.000000 0.000000 
t: 0.004375000001 start: 166 end: 241 0.000003 0.000005 0.000010 0.000011 0.000031 0.000057 0.000092 0.000138 0.000193 0.000330 0.000479 0.000736 0.001053 0.001612 0.002330 0.003191 0.004340 0.005903 0.007960 0.010265 0.012791 0.015918 0.019627 0.023928 0.027598 0.032335 0.036769 0.041045 0.045084 0.048414 0.050939 0.053329 0.053910 0.053914 0.053460 0.051008 0.048604 0.045141 0.040921 0.036390 0.031965 0.027914 0.023595 0.019633 0.016058 0.012566 0.010006 0.007857 0.005884 0.004443 0.003306 0.002273 0.001577 0.001033 0.000719 0.000464 0.000317 0.000193 0.000124 0.000069 0.000062 0.000032 0.000019 0.000006 0.000011 0.000003 0.000003 0.000004 0.000000 0.000000 0.000000 0.000000 0.000000 0.000000 0.000000 0.000000 
t: 0.004049586778 start: 168 end: 245 0.000001 0.000000 0.000000 0.000001 0.000001 0.000003 0.000004 0.000017 0.000018 0.000042 0.000066 0.000124 0.000173 0.000242 0.000396 0.000626 0.000909 0.001274 0.001934 0.002700 0.003880 0.005044 0.006690 0.008637 0.011436 0.014322 0.017634 0.021119 0.025219 0.029636 0.033950 0.038418 0.042577 0.046186 0.049535 0.051713 0.053503 0.053955 0.053461 0.052470 0.049965 0.046930 0.043237 0.039074 0.035125 0.030393 0.026149 0.021890 0.018232 0.014810 0.011934 0.009140 0.006997 0.005303 0.003864 0.002893 0.002019 0.001477 0.000918 0.000624 0.000405 0.000259 0.000171 0.000105 0.000068 0.000039 0.000023 0.000017 0.000011 0.000007 0.000004 0.000001 0.000000 0.000000 0.000000 0.000000 0.000000 0.000000 
t: 0.003769230770 start: 177 end: 253 0.000001 0.000005 0.000002 0.000007 0.000011 0.000022 0.000042 0.000063 0.000114 0.000181 0.000281 0.000405 0.000605 0.000905 0.001330 0.001932 0.002670 0.003842 0.005018 0.006706 0.008617 0.011464 0.014161 0.017527 0.020877 0.025141 0.029409 0.033885 0.038352 0.042117 0.045969 0.049062 0.051592 0.053196 0.053780 0.053645 0.051832 0.050006 0.047076 0.043483 0.039119 0.035169 0.030550 0.026566 0.022510 0.018517 0.015038 0.011953 0.009405 0.007152 0.005414 0.003944 0.003007 0.002019 0.001485 0.001044 0.000653 0.000412 0.000273 0.000167 0.000106 0.000059 0.000037 0.000031 0.000016 0.000011 0.000006 0.000003 0.000001 0.000000 0.000000 0.000000 0.000000 0.000000 0.000000 0.000000 0.000000 
t: 0.003525179857 start: 182 end: 258 0.000001 0.000001 0.000001 0.000005 0.000009 0.000021 0.000028 0.000060 0.000079 0.000126 0.000210 0.000371 0.000495 0.000746 0.001115 0.001608 0.002292 0.003088 0.004275 0.005798 0.007740 0.009950 0.012379 0.015425 0.018990 0.022926 0.026865 0.031641 0.035801 0.039711 0.043697 0.047315 0.050452 0.052697 0.052904 0.053510 0.052853 0.051143 0.048978 0.045246 0.041655 0.037645 0.033462 0.028629 0.024491 0.020796 0.017105 0.013709 0.010948 0.008404 0.006450 0.004812 0.003473 0.002535 0.001740 0.001246 0.000840 0.000582 0.000333 0.000231 0.000134 0.000084 0.000056 0.000043 0.000023 0.000012 0.000004 0.000004 0.000002 0.000000 0.000000 0.000000 0.000000 0.000000 0.000000 0.000000 0.000000 
t: 0.003310810811 start: 188 end: 262 0.000002 0.000001 0.000004 0.000006 0.000014 0.000051 0.000052 0.000065 0.000134 0.000205 0.000317 0.000478 0.000727 0.001128 0.001575 0.002147 0.003012 0.004213 0.005577 0.007252 0.009568 0.012098 0.015004 0.018655 0.022433 0.026151 0.030833 0.035270 0.039190 0.043332 0.046829 0.049888 0.052155 0.053176 0.053295 0.053304 0.051184 0.048927 0.046416 0.042285 0.038268 0.033449 0.029366 0.025343 0.021285 0.017711 0.014115 0.011320 0.008648 0.006711 0.004886 0.003707 0.002605 0.001860 0.001340 0.000895 0.000564 0.000363 0.000228 0.000147 0.000110 0.000057 0.000032 0.000019 0.000013 0.000004 0.000000 0.000001 0.000000 0.000000 0.000000 0.000000 0.000000 0.000000 0.000000 
t: 0.003121019109 start: 193 end: 268 0.000003 0.000002 0.000009 0.000014 0.000014 0.000046 0.000053 0.000085 0.000144 0.000238 0.000354 0.000545 0.000788 0.001189 0.001646 0.002349 0.003329 0.004461 0.005856 0.007966 0.010045 0.012821 0.015624 0.019336 0.023420 0.027662 0.031916 0.036007 0.040594 0.043850 0.047451 0.050516 0.052121 0.053452 0.054079 0.052844 0.050998 0.048226 0.044962 0.041540 0.037149 0.032858 0.028557 0.024185 0.020476 0.016676 0.013327 0.010618 0.008179 0.006055 0.004528 0.003359 0.002421 0.001710 0.001159 0.000850 0.000470 0.000360 0.000192 0.000110 0.000090 0.000064 0.000029 0.000008 0.000008 0.000005 0.000001 0.000001 0.000000 0.000000 0.000000 0.000000 0.000000 0.000000 0.000000 0.000000 
t: 0.002951807229 start: 197 end: 272 0.000004 0.000004 0.000005 0.000008 0.000015 0.000029 0.000052 0.000065 0.000113 0.000174 0.000292 0.000459 0.000697 0.000997 0.001473 0.002104 0.002901 0.003910 0.005214 0.006925 0.008993 0.011543 0.014437 0.017832 0.021797 0.025381 0.029820 0.034449 0.038826 0.042657 0.046301 0.049546 0.051402 0.053309 0.053822 0.053387 0.051876 0.049650 0.046489 0.042942 0.039318 0.034858 0.030454 0.026030 0.021728 0.018058 0.014515 0.011595 0.009038 0.006965 0.005152 0.003848 0.002710 0.001993 0.001322 0.000864 0.000621 0.000411 0.000279 0.000126 0.000086 0.000064 0.000034 0.000013 0.000011 0.000005 0.000001 0.000001 0.000000 0.000000 0.000000 0.000000 0.000000 0.000000 0.000000 0.000000 
t: 0.002800000000 start: 200 end: 276 0.000001 0.000004 0.000002 0.000002 0.000009 0.000017 0.000020 0.000037 0.000071 0.000096 0.000172 0.000267 0.000471 0.000617 0.000962 0.001332 0.002069 0.002674 0.003783 0.005142 0.006730 0.008665 0.011387 0.014020 0.017156 0.020977 0.025102 0.029366 0.033980 0.038428 0.042130 0.045968 0.049214 0.051516 0.052952 0.054191 0.053545 0.052294 0.049959 0.047055 0.043862 0.039849 0.035273 0.030832 0.026282 0.022159 0.018415 0.014724 0.012055 0.009265 0.007013 0.005285 0.003848 0.002819 0.001944 0.001344 0.000981 0.000635 0.000393 0.000255 0.000163 0.000086 0.000063 0.000039 0.000019 0.000009 0.000002 0.000001 0.000002 0.000000 0.000000 0.000000 0.000000 0.000000 0.000000 0.000000 0.000000 
t: 0.002663043479 start: 203 end: 279 0.000002 0.000002 0.000000 0.000003 0.000007 0.000009 0.000009 0.000022 0.000045 0.000055 0.000095 0.000186 0.000291 0.000470 0.000660 0.001006 0.001455 0.002100 0.002804 0.003935 0.005238 0.007216 0.009093 0.011381 0.014522 0.018003 0.021352 0.025857 0.030292 0.034504 0.038839 0.043042 0.046253 0.049637 0.052290 0.053440 0.054209 0.053535 0.052131 0.049588 0.046652 0.043367 0.038921 0.034718 0.030184 0.025608 0.021617 0.017599 0.014272 0.011365 0.008929 0.006579 0.004932 0.003611 0.002588 0.001850 0.001281 0.000848 0.000559 0.000352 0.000238 0.000140 0.000090 0.000058 0.000034 0.000016 0.000009 0.000001 0.000003 0.000001 0.000000 0.000000 0.000000 0.000000 0.000000 0.000000 0.000000 
t: 0.002538860104 start: 206 end: 282 0.000001 0.000001 0.000001 0.000002 0.000004 0.000004 0.000010 0.000026 0.000026 0.000036 0.000082 0.000142 0.000227 0.000308 0.000532 0.000796 0.001145 0.001622 0.002343 0.003236 0.004361 0.005958 0.007793 0.010015 0.012694 0.015808 0.019328 0.023295 0.027167 0.031875 0.036424 0.040016 0.044699 0.048089 0.051238 0.053171 0.053819 0.054124 0.053106 0.051424 0.048701 0.045663 0.041331 0.037456 0.033254 0.028354 0.023727 0.019471 0.016085 0.012951 0.010097 0.007867 0.005995 0.004323 0.003111 0.002212 0.001526 0.001033 0.000665 0.000446 0.000319 0.000203 0.000114 0.000055 0.000042 0.000032 0.000009 0.000006 0.000004 0.000000 0.000000 0.000000 0.000000 0.000000 0.000000 0.000000 0.000000 
t: 0.002425742574 start: 210 end: 286 0.000001 0.000001 0.000001 0.000005 0.000002 0.000008 0.000008 0.000020 0.000051 0.000083 0.000112 0.000162 0.000302 0.000406 0.000648 0.000988 0.001438 0.002084 0.002798 0.003855 0.005304 0.006988 0.009068 0.011580 0.014378 0.018028 0.021750 0.025651 0.030334 0.034434 0.038732 0.043604 0.046993 0.050021 0.052293 0.054178 0.054544 0.053675 0.052478 0.050375 0.046512 0.043176 0.039150 0.034734 0.029679 0.025339 0.020973 0.017445 0.013925 0.010998 0.008413 0.006516 0.004814 0.003452 0.002398 0.001731 0.001248 0.000744 0.000541 0.000329 0.000218 0.000123 0.000065 0.000039 0.000026 0.000010 0.000013 0.000006 0.000002 0.000000 0.000000 0.000000 0.000000 0.000000 0.000000 0.000000 0.000000 
t: 0.002322274882 start: 214 end: 288 0.000003 0.000000 0.000005 0.000003 0.000007 0.000010 0.000019 0.000044 0.000063 0.000093 0.000166 0.000221 0.000428 0.000623 0.000931 0.001269 0.001939 0.002652 0.003586 0.004942 0.006620 0.008558 0.011032 0.014132 0.017254 0.020766 0.024820 0.029631 0.033750 0.038518 0.042498 0.046555 0.049737 0.051997 0.054170 0.054708 0.054587 0.052914 0.050627 0.047548 0.044091 0.039708 0.035102 0.030459 0.026187 0.021874 0.017865 0.014318 0.011364 0.008797 0.006619 0.004899 0.003555 0.002569 0.001768 0.001197 0.000771 0.000546 0.000373 0.000207 0.000128 0.000080 0.000044 0.000030 0.000011 0.000005 0.000004 0.000003 0.000000 0.000000 0.000000 0.000000 0.000000 0.000000 0.000000 
t: 0.002227272727 start: 218 end: 292 0.000003 0.000004 0.000004 0.000005 0.000013 0.000017 0.000041 0.000050 0.000087 0.000169 0.000272 0.000370 0.000605 0.000924 0.001264 0.001900 0.002569 0.003614 0.004940 0.006576 0.008593 0.010927 0.014023 0.017329 0.020939 0.024876 0.029621 0.034038 0.038294 0.042853 0.046654 0.050026 0.052248 0.054627 0.054759 0.054525 0.053200 0.050717 0.047906 0.043914 0.039377 0.035670 0.030478 0.026043 0.021549 0.017687 0.014069 0.011024 0.008523 0.006464 0.004763 0.003455 0.002481 0.001653 0.001178 0.000786 0.000482 0.000334 0.000213 0.000113 0.000068 0.000037 0.000023 0.000017 0.000012 0.000004 0.000001 0.000000 0.000000 0.000000 0.000000 0.000000 0.000000 0.000000 0.000000 
t: 0.002139737991 start: 219 end: 294 0.000002 0.000000 0.000002 0.000002 0.000003 0.000007 0.000013 0.000029 0.000023 0.000064 0.000094 0.000154 0.000290 0.000457 0.000616 0.000906 0.001367 0.001897 0.002757 0.003796 0.005135 0.006766 0.008971 0.011539 0.014387 0.017902 0.021438 0.025641 0.030634 0.034751 0.039801 0.043806 0.047383 0.050729 0.052824 0.055057 0.055113 0.054432 0.052881 0.050874 0.047553 0.042949 0.038845 0.034278 0.029513 0.025068 0.020615 0.016981 0.013188 0.010337 0.007963 0.006020 0.004392 0.003133 0.002280 0.001517 0.001017 0.000682 0.000447 0.000306 0.000144 0.000093 0.000054 0.000038 0.000017 0.000017 0.000008 0.000001 0.000001 0.000000 0.000000 0.000000 0.000000 0.000000 0.000000 0.000000 
t: 0.002058823530 start: 222 end: 297 0.000002 0.000000 0.000001 0.000001 0.000005 0.000010 0.000018 0.000024 0.000039 0.000058 0.000136 0.000191 0.000304 0.000435 0.000698 0.001044 0.001426 0.002238 0.002973 0.004177 0.005497 0.007543 0.009721 0.012302 0.015466 0.019062 0.023148 0.027304 0.031844 0.036426 0.041104 0.045454 0.048681 0.051999 0.053767 0.054796 0.055120 0.055236 0.052510 0.050011 0.046099 0.041554 0.037355 0.032585 0.027806 0.023398 0.019204 0.015385 0.012169 0.009338 0.007053 0.005213 0.003828 0.002731 0.001911 0.001352 0.000859 0.000533 0.000354 0.000199 0.000125 0.000081 0.000051 0.000017 0.000014 0.000007 0.000006 0.000001 0.000000 0.000001 0.000000 0.000000 0.000000 0.000000 0.000000 0.000000 
t: 0.001983805668 start: 225 end: 300 0.000002 0.000000 0.000002 0.000001 0.000005 0.000013 0.000018 0.000028 0.000049 0.000102 0.000157 0.000220 0.000331 0.000547 0.000836 0.001144 0.001733 0.002535 0.003461 0.004857 0.006362 0.008251 0.010754 0.013731 0.017021 0.021241 0.025071 0.029500 0.034061 0.038936 0.043182 0.047064 0.050640 0.053292 0.055014 0.055623 0.055517 0.054041 0.051492 0.047983 0.044034 0.039791 0.035064 0.030244 0.025348 0.021217 0.017300 0.013544 0.010597 0.008068 0.005881 0.004425 0.003203 0.002266 0.001497 0.001057 0.000630 0.000382 0.000250 0.000170 0.000082 0.000060 0.000038 0.000020 0.000009 0.000003 0.000001 0.000001 0.000000 0.000001 0.000000 0.000000 0.000000 0.000000 0.000000 0.000000 
t: 0.001914062500 start: 226 end: 300 0.000001 0.000000 0.000000 0.000001 0.000003 0.000006 0.000007 0.000010 0.000031 0.000045 0.000069 0.000105 0.000197 0.000263 0.000458 0.000672 0.001011 0.001454 0.002148 0.002968 0.004291 0.005645 0.007462 0.009629 0.012383 0.015822 0.019357 0.023610 0.027647 0.032396 0.037107 0.041051 0.046125 0.049646 0.052562 0.054629 0.056093 0.055817 0.054728 0.052740 0.049741 0.046229 0.041419 0.036680 0.032031 0.027367 0.022737 0.018441 0.014720 0.011490 0.008827 0.006668 0.004758 0.003520 0.002483 0.001700 0.001119 0.000726 0.000472 0.000265 0.000172 0.000109 0.000056 0.000036 0.000017 0.000018 0.000006 0.000001 0.000003 0.000000 0.000000 0.000000 0.000000 0.000000 0.000000 
t: 0.001849056604 start: 229 end: 304 0.000001 0.000001 0.000001 0.000007 0.000001 0.000007 0.000006 0.000024 0.000042 0.000055 0.000100 0.000153 0.000235 0.000365 0.000591 0.000913 0.001254 0.001854 0.002743 0.003749 0.005115 0.006897 0.008971 0.011480 0.014752 0.018218 0.022543 0.026799 0.031273 0.035525 0.040541 0.044907 0.048871 0.052533 0.054505 0.055559 0.056407 0.055599 0.053576 0.050539 0.047329 0.042607 0.038143 0.033126 0.028439 0.023667 0.019593 0.015629 0.012028 0.009287 0.006940 0.005142 0.003728 0.002582 0.001765 0.001259 0.000780 0.000474 0.000340 0.000192 0.000096 0.000055 0.000039 0.000028 0.000010 0.000002 0.000005 0.000003 0.000000 0.000000 0.000000 0.000000 0.000000 0.000000 0.000000 0.000000 
t: 0.001788321168 start: 232 end: 306 0.000002 0.000000 0.000004 0.000006 0.000003 0.000006 0.000018 0.000029 0.000067 0.000081 0.000116 0.000217 0.000344 0.000568 0.000792 0.001178 0.001763 0.002500 0.003452 0.004863 0.006523 0.008533 0.011134 0.014094 0.017660 0.021567 0.025978 0.030487 0.035294 0.039708 0.044689 0.048803 0.051797 0.054430 0.056120 0.056590 0.055987 0.053891 0.051471 0.047955 0.043329 0.039072 0.033987 0.028836 0.024463 0.020123 0.015706 0.012338 0.009626 0.006934 0.005276 0.003792 0.002685 0.001810 0.001209 0.000830 0.000507 0.000343 0.000179 0.000104 0.000050 0.000038 0.000020 0.000010 0.000005 0.000004 0.000002 0.000002 0.000000 0.000000 0.000000 0.000000 0.000000 0.000000 0.000000 
t: 0.001731448763 start: 234 end: 309 0.000001 0.000002 0.000002 0.000005 0.000003 0.000007 0.000016 0.000038 0.000051 0.000078 0.000118 0.000184 0.000352 0.000516 0.000762 0.001125 0.001646 0.002460 0.003314 0.004684 0.006278 0.008267 0.010914 0.013813 0.017417 0.021507 0.025695 0.030238 0.035207 0.039864 0.044539 0.048410 0.052230 0.054897 0.056036 0.057048 0.056524 0.054533 0.051278 0.048096 0.043982 0.039231 0.033978 0.029127 0.024480 0.019929 0.015980 0.012242 0.009396 0.006971 0.005186 0.003669 0.002711 0.001794 0.001179 0.000803 0.000478 0.000293 0.000184 0.000098 0.000056 0.000044 0.000014 0.000007 0.000008 0.000002 0.000002 0.000001 0.000000 0.000000 0.000000 0.000000 0.000000 0.000000 0.000000 0.000000 
t: 0.001678082192 start: 236 end: 310 0.000001 0.000002 0.000000 0.000008 0.000003 0.000006 0.000011 0.000040 0.000046 0.000081 0.000115 0.000203 0.000313 0.000501 0.000764 0.001178 0.001650 0.002351 0.003306 0.004555 0.006545 0.008448 0.010930 0.013812 0.017439 0.021419 0.026059 0.030842 0.035185 0.040209 0.045132 0.048926 0.052117 0.054988 0.056947 0.057240 0.056210 0.054651 0.051584 0.048568 0.043963 0.038814 0.033717 0.028933 0.023930 0.019524 0.015331 0.011970 0.009162 0.006864 0.004820 0.003531 0.002441 0.001711 0.001102 0.000711 0.000435 0.000275 0.000177 0.000079 0.000054 0.000034 0.000019 0.000008 0.000005 0.000003 0.000001 0.000001 0.000000 0.000000 0.000000 0.000000 0.000000 0.000000 0.000000 
t: 0.001627906977 start: 239 end: 312 0.000002 0.000003 0.000001 0.000006 0.000005 0.000016 0.000042 0.000045 0.000082 0.000139 0.000184 0.000322 0.000528 0.000777 0.001106 0.001709 0.002446 0.003518 0.004718 0.006495 0.008638 0.011325 0.014249 0.017946 0.022152 0.026481 0.031127 0.036177 0.041230 0.045890 0.049647 0.053215 0.055521 0.057242 0.057570 0.056297 0.054533 0.051293 0.047833 0.043394 0.038173 0.033189 0.027911 0.023108 0.018485 0.014850 0.011230 0.008642 0.006415 0.004554 0.003203 0.002294 0.001472 0.000963 0.000610 0.000430 0.000270 0.000125 0.000067 0.000049 0.000025 0.000014 0.000008 0.000004 0.000003 0.000002 0.000000 0.000000 0.000000 0.000000 0.000000 0.000000 0.000000 0.000000 
t: 0.001580645161 start: 240 end: 313 0.000001 0.000002 0.000000 0.000004 0.000005 0.000012 0.000019 0.000034 0.000064 0.000084 0.000138 0.000208 0.000365 0.000552 0.000783 0.001220 0.001727 0.002676 0.003652 0.005118 0.006834 0.009021 0.011760 0.015016 0.018832 0.023202 0.027414 0.032227 0.037241 0.042312 0.046916 0.051122 0.054245 0.056640 0.057637 0.057422 0.056091 0.054482 0.050811 0.046687 0.042183 0.037083 0.031742 0.026776 0.021706 0.017703 0.013711 0.010511 0.007822 0.005809 0.004078 0.002905 0.001938 0.001261 0.000867 0.000549 0.000340 0.000197 0.000098 0.000061 0.000037 0.000015 0.000017 0.000008 0.000005 0.000001 0.000001 0.000000 0.000000 0.000000 0.000000 0.000000 0.000000 0.000000 
t: 0.001536050157 start: 243 end: 314 0.000004 0.000000 0.000003 0.000009 0.000013 0.000022 0.000036 0.000064 0.000094 0.000143 0.000273 0.000372 0.000563 0.000841 0.001338 0.001976 0.002785 0.004093 0.005412 0.007356 0.009795 0.012746 0.016060 0.020017 0.024128 0.028899 0.034091 0.038876 0.043573 0.048616 0.052457 0.055189 0.057449 0.058003 0.057405 0.056271 0.053317 0.049912 0.045530 0.040595 0.035192 0.030252 0.025187 0.020253 0.016000 0.012591 0.009635 0.007038 0.004991 0.003584 0.002478 0.001668 0.001048 0.000719 0.000440 0.000246 0.000157 0.000079 0.000047 0.000030 0.000015 0.000009 0.000009 0.000005 0.000000 0.000000 0.000001 0.000000 0.000000 0.000000 0.000000 0.000000 
t: 0.001493902439 start: 245 end: 318 0.000002 0.000003 0.000006 0.000006 0.000008 0.000031 0.000044 0.000062 0.000109 0.000164 0.000291 0.000439 0.000644 0.000984 0.001480 0.002240 0.003169 0.004409 0.005956 0.008188 0.010859 0.013714 0.017471 0.021435 0.025849 0.030784 0.036058 0.040849 0.046163 0.049877 0.053918 0.056666 0.057599 0.058341 0.057404 0.055737 0.052484 0.048187 0.043885 0.038374 0.033295 0.027817 0.023262 0.018618 0.014635 0.011029 0.008389 0.006084 0.004401 0.003048 0.001999 0.001347 0.000856 0.000554 0.000324 0.000189 0.000114 0.000076 0.000035 0.000014 0.000009 0.000008 0.000004 0.000002 0.000001 0.000001 0.000000 0.000000 0.000000 0.000000 0.000000 0.000000 0.000000 0.000000 
t: 0.001454005935 start: 246 end: 318 0.000001 0.000001 0.000005 0.000006 0.000007 0.000021 0.000032 0.000042 0.000085 0.000131 0.000219 0.000305 0.000486 0.000773 0.001162 0.001727 0.002535 0.003518 0.005109 0.006858 0.009244 0.011790 0.015379 0.019000 0.023153 0.027960 0.033244 0.038198 0.043651 0.047917 0.052062 0.055641 0.057398 0.058657 0.058545 0.056846 0.054667 0.050717 0.046396 0.041542 0.035982 0.030979 0.025733 0.020791 0.016511 0.012712 0.009625 0.007225 0.005080 0.003616 0.002441 0.001599 0.001058 0.000666 0.000388 0.000233 0.000145 0.000090 0.000040 0.000025 0.000013 0.000006 0.000005 0.000005 0.000002 0.000000 0.000000 0.000000 0.000000 0.000000 0.000000 0.000000 0.000000 
t: 0.001416184971 start: 247 end: 319 0.000001 0.000003 0.000001 0.000004 0.000006 0.000016 0.000019 0.000034 0.000054 0.000100 0.000179 0.000250 0.000372 0.000598 0.000944 0.001361 0.002042 0.002992 0.004192 0.005943 0.007905 0.010186 0.013529 0.016977 0.020994 0.025713 0.030603 0.035836 0.041250 0.045709 0.050461 0.054196 0.056921 0.058439 0.059361 0.058473 0.056010 0.052847 0.048649 0.044213 0.038752 0.033204 0.028067 0.022941 0.018308 0.014303 0.010961 0.008077 0.005810 0.004218 0.002867 0.001997 0.001184 0.000774 0.000468 0.000288 0.000171 0.000106 0.000050 0.000040 0.000013 0.000010 0.000003 0.000003 0.000002 0.000000 0.000000 0.000000 0.000000 0.000000 0.000000 0.000000 0.000000 
t: 0.001380281690 start: 249 end: 321 0.000004 0.000002 0.000003 0.000002 0.000006 0.000018 0.000025 0.000046 0.000078 0.000119 0.000201 0.000335 0.000452 0.000768 0.001132 0.001685 0.002498 0.003593 0.005070 0.006746 0.009211 0.011992 0.015221 0.019242 0.023667 0.028260 0.033906 0.038625 0.044028 0.048802 0.052478 0.056055 0.058508 0.059724 0.059076 0.057456 0.054770 0.050591 0.045983 0.041431 0.035793 0.030218 0.024700 0.020038 0.015848 0.012170 0.008978 0.006544 0.004792 0.003293 0.002104 0.001437 0.000912 0.000550 0.000351 0.000198 0.000123 0.000059 0.000043 0.000020 0.000011 0.000004 0.000003 0.000001 0.000001 0.000000 0.000000 0.000000 0.000000 0.000000 0.000000 0.000000 0.000000 
t: 0.001346153846 start: 250 end: 322 0.000002 0.000004 0.000002 0.000003 0.000004 0.000010 0.000020 0.000037 0.000055 0.000092 0.000170 0.000278 0.000364 0.000632 0.000937 0.001393 0.002149 0.003108 0.004357 0.005980 0.008191 0.010803 0.013825 0.017502 0.021901 0.026394 0.031608 0.037396 0.042279 0.046852 0.051532 0.054972 0.058306 0.059498 0.059613 0.058589 0.056234 0.052629 0.047970 0.043372 0.037487 0.032232 0.026776 0.021308 0.017305 0.013041 0.010087 0.007351 0.005129 0.003603 0.002442 0.001596 0.001075 0.000598 0.000382 0.000245 0.000110 0.000071 0.000047 0.000029 0.000011 0.000006 0.000002 0.000003 0.000001 0.000000 0.000000 0.000000 0.000000 0.000000 0.000000 0.000000 0.000000 
t: 0.001313672922 start: 252 end: 322 0.000001 0.000003 0.000007 0.000003 0.000010 0.000012 0.000021 0.000039 0.000088 0.000150 0.000212 0.000324 0.000507 0.000780 0.001254 0.001785 0.002708 0.003869 0.005276 0.007336 0.009715 0.012736 0.016113 0.020331 0.024809 0.030035 0.035604 0.041057 0.045759 0.049837 0.055167 0.057336 0.058997 0.060199 0.059555 0.057620 0.053693 0.049891 0.044663 0.039560 0.034129 0.027814 0.023113 0.018368 0.014156 0.010641 0.007813 0.005586 0.003983 0.002733 0.001770 0.001117 0.000717 0.000435 0.000240 0.000142 0.000079 0.000044 0.000032 0.000014 0.000008 0.000002 0.000000 0.000002 0.000000 0.000000 0.000000 0.000000 0.000000 0.000000 0.000000 
t: 0.001282722513 start: 254 end: 324 0.000003 0.000006 0.000005 0.000005 0.000009 0.000022 0.000034 0.000064 0.000117 0.000175 0.000292 0.000432 0.000679 0.001037 0.001644 0.002379 0.003381 0.004806 0.006716 0.008969 0.011505 0.015047 0.019208 0.023406 0.028742 0.034077 0.039584 0.044683 0.049373 0.053829 0.057023 0.058871 0.060502 0.060337 0.058255 0.055385 0.051180 0.046306 0.040801 0.035149 0.029615 0.024044 0.019489 0.015106 0.011270 0.008343 0.006020 0.004186 0.002938 0.001895 0.001172 0.000801 0.000462 0.000281 0.000152 0.000085 0.000044 0.000030 0.000016 0.000010 0.000001 0.000000 0.000001 0.000001 0.000000 0.000000 0.000000 0.000000 0.000000 0.000000 0.000000 
t: 0.001253196931 start: 256 end: 325 0.000009 0.000004 0.000002 0.000008 0.000020 0.000024 0.000053 0.000102 0.000156 0.000265 0.000376 0.000575 0.000903 0.001494 0.002098 0.003074 0.004371 0.006104 0.008292 0.010834 0.014147 0.018035 0.022597 0.027464 0.032927 0.038286 0.043614 0.048910 0.052779 0.056918 0.058864 0.060826 0.060767 0.058881 0.056175 0.052493 0.047828 0.041828 0.036853 0.030408 0.024957 0.020376 0.015642 0.011822 0.008701 0.006427 0.004459 0.003026 0.002041 0.001246 0.000821 0.000481 0.000281 0.000167 0.000076 0.000057 0.000026 0.000020 0.000007 0.000001 0.000001 0.000000 0.000001 0.000000 0.000000 0.000000 0.000000 0.000000 0.000000 0.000000 
t: 0.001225000000 start: 256 end: 325 0.000001 0.000003 0.000004 0.000005 0.000008 0.000016 0.000028 0.000052 0.000061 0.000138 0.000227 0.000341 0.000529 0.000864 0.001336 0.001801 0.002858 0.004090 0.005715 0.007693 0.010190 0.013472 0.017171 0.021799 0.026583 0.031865 0.037615 0.042712 0.047739 0.052689 0.056441 0.059264 0.060777 0.061092 0.059836 0.056910 0.053307 0.048797 0.043047 0.037511 0.031187 0.026210 0.020805 0.016154 0.012239 0.009160 0.006684 0.004448 0.003119 0.002134 0.001305 0.000841 0.000478 0.000295 0.000155 0.000094 0.000048 0.000031 0.000018 0.000004 0.000002 0.000000 0.000002 0.000000 0.000000 0.000000 0.000000 0.000000 0.000000 0.000000 
t: 0.001198044010 start: 258 end: 327 0.000003 0.000007 0.000003 0.000004 0.000014 0.000023 0.000033 0.000070 0.000116 0.000197 0.000307 0.000510 0.000807 0.001133 0.001816 0.002567 0.003924 0.005250 0.007278 0.009894 0.012892 0.016577 0.020932 0.025712 0.031477 0.036421 0.042202 0.047408 0.052357 0.056527 0.059049 0.061219 0.061251 0.060378 0.057784 0.054059 0.049339 0.044114 0.037986 0.032024 0.026491 0.021219 0.016668 0.012696 0.009350 0.006660 0.004598 0.003163 0.002089 0.001384 0.000836 0.000544 0.000278 0.000166 0.000085 0.000060 0.000032 0.000007 0.000004 0.000004 0.000001 0.000001 0.000000 0.000000 0.000000 0.000000 0.000000 0.000000 0.000000 0.000000 
t: 0.001172248804 start: 259 end: 327 0.000001 0.000003 0.000006 0.000005 0.000015 0.000021 0.000032 0.000053 0.000099 0.000163 0.000308 0.000460 0.000764 0.001053 0.001657 0.002556 0.003612 0.005090 0.006970 0.009568 0.012381 0.016158 0.020566 0.025223 0.030715 0.036060 0.041693 0.046973 0.052191 0.056472 0.059386 0.061338 0.061987 0.060552 0.058442 0.054313 0.050158 0.044476 0.038385 0.032865 0.026607 0.021417 0.017056 0.012866 0.009421 0.006645 0.004637 0.003173 0.002105 0.001331 0.000834 0.000484 0.000296 0.000175 0.000088 0.000050 0.000024 0.000011 0.000004 0.000003 0.000003 0.000000 0.000000 0.000000 0.000000 0.000000 0.000000 0.000000 0.000000 
t: 0.001147540984 start: 261 end: 328 0.000002 0.000006 0.000006 0.000010 0.000020 0.000032 0.000055 0.000089 0.000167 0.000271 0.000436 0.000686 0.001030 0.001629 0.002351 0.003508 0.004929 0.006813 0.009198 0.012084 0.015996 0.020083 0.024991 0.030490 0.036010 0.041158 0.047000 0.052181 0.056385 0.059799 0.061206 0.062394 0.061075 0.058672 0.055328 0.050173 0.044844 0.038759 0.032779 0.026967 0.021729 0.016816 0.012653 0.009515 0.006581 0.004646 0.003187 0.002083 0.001287 0.000795 0.000484 0.000272 0.000174 0.000081 0.000041 0.000024 0.000009 0.000007 0.000003 0.000001 0.000000 0.000000 0.000000 0.000000 0.000000 0.000000 0.000000 0.000000 
t: 0.001123853211 start: 261 end: 328 0.000002 0.000001 0.000003 0.000006 0.000006 0.000023 0.000026 0.000045 0.000087 0.000158 0.000266 0.000413 0.000663 0.001024 0.001551 0.002276 0.003392 0.004855 0.006581 0.008963 0.012184 0.015750 0.019895 0.024934 0.030208 0.035619 0.041543 0.047068 0.052258 0.056922 0.059752 0.061753 0.062346 0.061726 0.059086 0.055219 0.050423 0.045033 0.038996 0.032590 0.026898 0.021621 0.016753 0.012663 0.009222 0.006546 0.004561 0.003097 0.001986 0.001220 0.000766 0.000446 0.000285 0.000138 0.000079 0.000035 0.000024 0.000006 0.000005 0.000003 0.000000 0.000000 0.000000 0.000000 0.000000 0.000000 0.000000 0.000000 
t: 0.001101123596 start: 261 end: 330 0.000001 0.000001 0.000002 0.000003 0.000002 0.000009 0.000015 0.000034 0.000038 0.000089 0.000151 0.000231 0.000367 0.000657 0.001071 0.001480 0.002285 0.003356 0.004737 0.006537 0.009031 0.012008 0.015742 0.019800 0.024924 0.030531 0.035656 0.041654 0.046767 0.052994 0.056846 0.060401 0.061969 0.063105 0.061978 0.059396 0.055051 0.050612 0.044871 0.038951 0.032445 0.026572 0.021320 0.016505 0.012355 0.009072 0.006329 0.004404 0.002897 0.001909 0.001146 0.000762 0.000404 0.000255 0.000135 0.000077 0.000029 0.000015 0.000009 0.000005 0.000001 0.000001 0.000000 0.000000 0.000000 0.000000 0.000000 0.000000 0.000000 0.000000 
t: 0.001079295154 start: 262 end: 329 0.000002 0.000000 0.000000 0.000003 0.000003 0.000009 0.000019 0.000033 0.000047 0.000087 0.000126 0.000227 0.000370 0.000667 0.001023 0.001486 0.002264 0.003317 0.004682 0.006634 0.008977 0.012007 0.015769 0.020110 0.025149 0.030535 0.036150 0.041920 0.047569 0.053086 0.057553 0.060914 0.062576 0.063308 0.061938 0.059317 0.055195 0.050554 0.044573 0.038613 0.031927 0.026379 0.020725 0.016069 0.011866 0.008798 0.006187 0.004054 0.002786 0.001774 0.001119 0.000662 0.000376 0.000227 0.000124 0.000057 0.000030 0.000014 0.000009 0.000002 0.000002 0.000001 0.000000 0.000000 0.000000 0.000000 0.000000 0.000000 
t: 0.001058315335 start: 262 end: 329 0.000001 0.000001 0.000000 0.000000 0.000003 0.000001 0.000015 0.000009 0.000024 0.000056 0.000081 0.000122 0.000210 0.000410 0.000684 0.000976 0.001564 0.002303 0.003235 0.004761 0.006705 0.009181 0.012219 0.015914 0.020430 0.025406 0.030794 0.036806 0.042583 0.048047 0.053773 0.058130 0.061167 0.063473 0.063275 0.062256 0.059317 0.055104 0.049941 0.044251 0.038016 0.031460 0.025719 0.019923 0.015588 0.011432 0.008341 0.005809 0.003815 0.002659 0.001648 0.001021 0.000581 0.000364 0.000197 0.000099 0.000057 0.000019 0.000012 0.000008 0.000002 0.000002 0.000000 0.000000 0.000000 0.000000 0.000000 0.000000 
t: 0.001038135593 start: 263 end: 331 0.000001 0.000000 0.000001 0.000001 0.000001 0.000006 0.000003 0.000021 0.000026 0.000053 0.000081 0.000125 0.000239 0.000397 0.000690 0.001002 0.001563 0.002345 0.003373 0.004881 0.006764 0.009446 0.012404 0.016296 0.020677 0.026044 0.031557 0.037587 0.043023 0.049065 0.054599 0.058646 0.061536 0.063739 0.063486 0.062274 0.059463 0.054905 0.049522 0.043694 0.037014 0.030920 0.024789 0.019308 0.014743 0.010948 0.007727 0.005366 0.003647 0.002373 0.001514 0.000924 0.000526 0.000338 0.000160 0.000087 0.000042 0.000021 0.000007 0.000006 0.000002 0.000002 0.000000 0.000000 0.000000 0.000000 0.000000 0.000000 0.000000 
t: 0.001018711019 start: 264 end: 330 0.000001 0.000000 0.000000 0.000002 0.000000 0.000003 0.000012 0.000016 0.000022 0.000047 0.000089 0.000143 0.000218 0.000451 0.000676 0.001039 0.001561 0.002461 0.003582 0.004954 0.006988 0.009502 0.012839 0.016696 0.021402 0.026952 0.032367 0.038224 0.044065 0.049925 0.055686 0.059130 0.062539 0.063964 0.063696 0.062248 0.059256 0.054423 0.048887 0.042435 0.036429 0.029924 0.023589 0.018532 0.014115 0.009968 0.007298 0.004993 0.003266 0.002265 0.001289 0.000782 0.000481 0.000278 0.000154 0.000057 0.000048 0.000014 0.000009 0.000004 0.000003 0.000001 0.000000 0.000000 0.000000 0.000000 0.000000 
t: 0.001000000000 start: 267 end: 333 0.000002 0.000000 0.000001 0.000005 0.000010 0.000017 0.000021 0.000053 0.000087 0.000136 0.000295 0.000402 0.000685 0.001070 0.001674 0.002612 0.003626 0.005291 0.007204 0.009928 0.013210 0.017491 0.022104 0.027731 0.033611 0.038800 0.045568 0.051158 0.056303 0.059795 0.063367 0.064474 0.064349 0.062042 0.058620 0.053755 0.047648 0.041433 0.035239 0.028770 0.022528 0.017628 0.012910 0.009360 0.006794 0.004544 0.002966 0.001938 0.001160 0.000714 0.000397 0.000226 0.000132 0.000072 0.000019 0.000011 0.000008 0.000003 0.000002 0.000001 0.000000 0.000000 0.000000 0.000000 0.000000 0.000000 0.000000 
