t: 0.059999999999 start: 16 end: 54 0.000001 0.000007 0.000020 0.000065 0.000297 0.000901 0.002313 0.005876 0.012442 0.023949 0.040423 0.062723 0.087092 0.108247 0.121998 0.124339 0.114923 0.097122 0.074187 0.051900 0.032880 0.019214 0.010260 0.005069 0.002298 0.000913 0.000348 0.000137 0.000047 0.000006 0.000003 0.000000 0.000000 0.000000 0.000000 0.000000 0.000000 0.000000 0.000000 
t: 0.054545454544 start: 18 end: 57 0.000001 0.000002 0.000010 0.000053 0.000228 0.000587 0.001551 0.004005 0.008772 0.016748 0.029690 0.047891 0.069231 0.090764 0.108308 0.118792 0.117646 0.107764 0.090408 0.068921 0.048790 0.031400 0.018749 0.010221 0.005297 0.002452 0.001101 0.000410 0.000141 0.000043 0.000022 0.000002 0.000000 0.000000 0.000000 0.000000 0.000000 0.000000 0.000000 0.000000 
t: 0.049999999999 start: 19 end: 59 0.000001 0.000000 0.000001 0.000015 0.000040 0.000134 0.000393 0.001171 0.002922 0.006077 0.012301 0.022268 0.036521 0.054787 0.075226 0.094140 0.108611 0.114983 0.111906 0.100840 0.082997 0.063231 0.044741 0.029149 0.017811 0.010000 0.005302 0.002533 0.001124 0.000506 0.000188 0.000049 0.000022 0.000010 0.000000 0.000000 0.000000 0.000000 0.000000 0.000000 0.000000 
t: 0.046153846153 start: 22 end: 66 0.000001 0.000001 0.000009 0.000031 0.000106 0.000311 0.000929 0.002018 0.004563 0.009072 0.016716 0.028534 0.043686 0.062120 0.081099 0.097223 0.108275 0.111123 0.105571 0.092751 0.075696 0.058079 0.040573 0.026653 0.016301 0.009300 0.004914 0.002415 0.001179 0.000474 0.000166 0.000075 0.000027 0.000006 0.000001 0.000000 0.000001 0.000001 0.000000 0.000000 0.000000 0.000000 0.000000 0.000000 0.000000 
t: 0.042857142857 start: 24 end: 68 0.000001 0.000003 0.000006 0.000026 0.000090 0.000258 0.000671 0.001556 0.003533 0.007202 0.013061 0.022177 0.035220 0.051406 0.069411 0.086113 0.099260 0.107073 0.106408 0.098865 0.085387 0.068795 0.051198 0.036390 0.024254 0.014582 0.008386 0.004541 0.002239 0.001103 0.000475 0.000205 0.000064 0.000030 0.000006 0.000003 0.000000 0.000000 0.000002 0.000000 0.000000 0.000000 0.000000 0.000000 0.000000 
t: 0.040000000000 start: 26 end: 71 0.000002 0.000002 0.000006 0.000023 0.000078 0.000192 0.000522 0.001189 0.002847 0.005578 0.010516 0.018023 0.028773 0.042859 0.058772 0.075657 0.090330 0.100840 0.104453 0.101717 0.091302 0.078132 0.061571 0.045575 0.031796 0.021029 0.013016 0.007474 0.003893 0.002108 0.000983 0.000433 0.000188 0.000079 0.000025 0.000013 0.000002 0.000000 0.000002 0.000000 0.000000 0.000000 0.000000 0.000000 0.000000 0.000000 
t: 0.037500000000 start: 29 end: 75 0.000001 0.000005 0.000028 0.000070 0.000152 0.000398 0.001001 0.002267 0.004547 0.008322 0.014797 0.024200 0.035776 0.050677 0.066834 0.082322 0.093516 0.100470 0.101058 0.095427 0.083576 0.069862 0.054667 0.039780 0.027730 0.018043 0.010942 0.006587 0.003553 0.001843 0.000894 0.000390 0.000167 0.000064 0.000019 0.000011 0.000002 0.000001 0.000001 0.000000 0.000000 0.000000 0.000000 0.000000 0.000000 0.000000 0.000000 
t: 0.035294117647 start: 31 end: 78 0.000002 0.000009 0.000019 0.000061 0.000136 0.000354 0.000844 0.001912 0.003757 0.007078 0.012233 0.020423 0.030719 0.043944 0.058601 0.074191 0.086675 0.095424 0.098165 0.096662 0.088703 0.076541 0.061893 0.047903 0.034549 0.023469 0.015189 0.009257 0.005506 0.002910 0.001537 0.000746 0.000358 0.000143 0.000057 0.000017 0.000010 0.000001 0.000001 0.000001 0.000000 0.000000 0.000000 0.000000 0.000000 0.000000 0.000000 0.000000 
t: 0.033333333333 start: 33 end: 79 0.000001 0.000006 0.000021 0.000054 0.000131 0.000328 0.000767 0.001567 0.003196 0.006047 0.010704 0.017407 0.026701 0.038488 0.052144 0.066837 0.079929 0.090446 0.095792 0.095999 0.090284 0.081125 0.068371 0.054199 0.041098 0.029367 0.019679 0.012567 0.007663 0.004354 0.002412 0.001224 0.000634 0.000263 0.000127 0.000045 0.000013 0.000007 0.000003 0.000000 0.000000 0.000000 0.000000 0.000000 0.000000 0.000000 0.000000 
t: 0.031578947368 start: 35 end: 82 0.000002 0.000007 0.000021 0.000053 0.000115 0.000301 0.000645 0.001419 0.002929 0.005259 0.009115 0.015301 0.023655 0.033990 0.047021 0.060566 0.073940 0.085235 0.092088 0.094386 0.091199 0.083911 0.073203 0.060196 0.046521 0.034627 0.024261 0.016185 0.010305 0.006216 0.003564 0.001954 0.000949 0.000485 0.000211 0.000098 0.000051 0.000011 0.000004 0.000001 0.000000 0.000000 0.000000 0.000000 0.000000 0.000000 0.000000 0.000000 
t: 0.030000000000 start: 37 end: 84 0.000003 0.000005 0.000014 0.000051 0.000119 0.000249 0.000605 0.001299 0.002572 0.004806 0.008159 0.013605 0.020880 0.030938 0.042282 0.055597 0.068110 0.080279 0.088138 0.092103 0.091633 0.085215 0.077087 0.064556 0.051724 0.039726 0.028383 0.019951 0.013225 0.008162 0.004919 0.002758 0.001418 0.000748 0.000403 0.000160 0.000073 0.000028 0.000015 0.000002 0.000000 0.000000 0.000000 0.000000 0.000000 0.000000 0.000000 0.000000 
t: 0.028571428571 start: 38 end: 88 0.000001 0.000003 0.000007 0.000015 0.000048 0.000093 0.000226 0.000617 0.001209 0.002316 0.004330 0.007627 0.012139 0.019028 0.028198 0.038876 0.051284 0.063439 0.075336 0.083984 0.089699 0.090576 0.086604 0.078732 0.068329 0.056402 0.043878 0.032977 0.023493 0.015798 0.010276 0.006402 0.003845 0.002025 0.001117 0.000575 0.000268 0.000135 0.000055 0.000027 0.000007 0.000003 0.000001 0.000000 0.000000 0.000000 0.000000 0.000000 0.000000 0.000000 0.000000 
t: 0.027272727273 start: 39 end: 89 0.000001 0.000000 0.000003 0.000007 0.000012 0.000041 0.000097 0.000255 0.000530 0.001137 0.002220 0.003908 0.006879 0.011348 0.017482 0.025864 0.036098 0.047885 0.059288 0.071198 0.080489 0.086997 0.089169 0.086599 0.080261 0.071017 0.059965 0.047845 0.036708 0.026812 0.018607 0.012297 0.008045 0.004890 0.002850 0.001557 0.000856 0.000413 0.000200 0.000104 0.000041 0.000015 0.000007 0.000003 0.000000 0.000000 0.000000 0.000000 0.000000 0.000000 0.000000 
t: 0.026086956522 start: 43 end: 93 0.000002 0.000003 0.000017 0.000048 0.000115 0.000232 0.000486 0.001075 0.002109 0.003768 0.006638 0.010590 0.016425 0.024244 0.033277 0.044622 0.056200 0.067975 0.077166 0.084242 0.087761 0.085695 0.081400 0.072983 0.062400 0.051200 0.040168 0.029712 0.021187 0.014649 0.009559 0.006099 0.003621 0.002063 0.001125 0.000599 0.000276 0.000143 0.000076 0.000029 0.000014 0.000005 0.000002 0.000000 0.000000 0.000000 0.000000 0.000000 0.000000 0.000000 0.000000 
t: 0.025000000000 start: 45 end: 97 0.000001 0.000006 0.000023 0.000044 0.000111 0.000224 0.000507 0.001054 0.002045 0.003622 0.006284 0.010133 0.015474 0.023025 0.031653 0.042138 0.053316 0.064808 0.074816 0.081845 0.085197 0.085380 0.081635 0.073636 0.064165 0.054166 0.043094 0.032661 0.023830 0.016574 0.011259 0.007278 0.004431 0.002528 0.001435 0.000806 0.000416 0.000213 0.000086 0.000045 0.000021 0.000006 0.000004 0.000002 0.000003 0.000000 0.000000 0.000000 0.000000 0.000000 0.000000 0.000000 0.000000 
t: 0.024000000000 start: 47 end: 100 0.000005 0.000008 0.000020 0.000044 0.000128 0.000211 0.000538 0.001069 0.001988 0.003576 0.006153 0.009622 0.015261 0.021849 0.030238 0.040473 0.051393 0.061978 0.072002 0.079221 0.083528 0.084133 0.081467 0.074567 0.065918 0.056157 0.045254 0.035149 0.025911 0.018531 0.012912 0.008252 0.005341 0.003189 0.001841 0.001003 0.000534 0.000279 0.000148 0.000057 0.000029 0.000016 0.000003 0.000002 0.000001 0.000000 0.000001 0.000000 0.000000 0.000000 0.000000 0.000000 0.000000 0.000000 
t: 0.023076923077 start: 48 end: 101 0.000002 0.000004 0.000006 0.000022 0.000054 0.000126 0.000261 0.000547 0.001130 0.001988 0.003586 0.005852 0.009544 0.014706 0.020987 0.029602 0.038962 0.049533 0.060143 0.069939 0.077415 0.081774 0.082629 0.081006 0.075096 0.066758 0.057648 0.046897 0.037306 0.027864 0.020218 0.014315 0.009395 0.005921 0.003794 0.002263 0.001290 0.000719 0.000329 0.000191 0.000095 0.000041 0.000027 0.000009 0.000004 0.000002 0.000000 0.000000 0.000000 0.000000 0.000000 0.000000 0.000000 0.000000 
t: 0.022222222222 start: 49 end: 104 0.000001 0.000001 0.000001 0.000008 0.000024 0.000064 0.000138 0.000287 0.000612 0.001106 0.002079 0.003544 0.005806 0.009549 0.014187 0.020914 0.028641 0.038192 0.048157 0.058197 0.068312 0.075448 0.079987 0.081607 0.080353 0.075335 0.067683 0.058364 0.048523 0.038729 0.029500 0.021972 0.015391 0.010383 0.006774 0.004260 0.002515 0.001514 0.000901 0.000462 0.000253 0.000119 0.000055 0.000032 0.000011 0.000007 0.000001 0.000001 0.000000 0.000000 0.000000 0.000000 0.000000 0.000000 0.000000 0.000000 
t: 0.021428571428 start: 51 end: 107 0.000001 0.000002 0.000004 0.000011 0.000024 0.000070 0.000162 0.000332 0.000636 0.001214 0.002152 0.003678 0.005971 0.009484 0.014258 0.020497 0.028364 0.037499 0.047336 0.056567 0.066765 0.073607 0.078649 0.080902 0.079584 0.074885 0.067691 0.059266 0.049770 0.039715 0.030898 0.023036 0.016523 0.011394 0.007503 0.004705 0.002905 0.001762 0.001032 0.000568 0.000290 0.000147 0.000064 0.000045 0.000017 0.000008 0.000004 0.000002 0.000000 0.000001 0.000000 0.000000 0.000000 0.000000 0.000000 0.000000 0.000000 
t: 0.020689655172 start: 54 end: 109 0.000004 0.000007 0.000017 0.000029 0.000083 0.000187 0.000340 0.000716 0.001309 0.002200 0.003807 0.006082 0.009620 0.014440 0.020642 0.028193 0.036923 0.046655 0.055898 0.065179 0.072725 0.077451 0.080103 0.078338 0.074049 0.067991 0.059352 0.050086 0.040820 0.032099 0.023974 0.017495 0.012014 0.008052 0.005263 0.003258 0.002044 0.001199 0.000651 0.000342 0.000170 0.000097 0.000049 0.000027 0.000012 0.000002 0.000004 0.000002 0.000000 0.000000 0.000000 0.000000 0.000000 0.000000 0.000000 0.000000 
t: 0.020000000000 start: 54 end: 111 0.000001 0.000002 0.000001 0.000009 0.000015 0.000040 0.000089 0.000199 0.000433 0.000740 0.001359 0.002423 0.003855 0.006412 0.009783 0.014990 0.020881 0.028100 0.036695 0.046118 0.055633 0.064374 0.071625 0.076573 0.078465 0.077667 0.073629 0.067477 0.059656 0.050387 0.041475 0.032622 0.024783 0.017906 0.012677 0.008601 0.005654 0.003532 0.002220 0.001340 0.000716 0.000438 0.000184 0.000094 0.000071 0.000024 0.000019 0.000006 0.000004 0.000003 0.000000 0.000000 0.000000 0.000000 0.000000 0.000000 0.000000 0.000000 
t: 0.019354838710 start: 56 end: 112 0.000001 0.000002 0.000006 0.000007 0.000018 0.000041 0.000099 0.000233 0.000440 0.000842 0.001463 0.002533 0.004162 0.006741 0.010288 0.015009 0.021190 0.028507 0.037034 0.046400 0.055226 0.063949 0.070722 0.075465 0.077340 0.077117 0.072519 0.066834 0.059577 0.050557 0.041684 0.032778 0.025149 0.018508 0.013075 0.009163 0.005970 0.003761 0.002417 0.001366 0.000862 0.000440 0.000233 0.000125 0.000074 0.000036 0.000023 0.000011 0.000003 0.000000 0.000000 0.000000 0.000000 0.000000 0.000000 0.000000 0.000000 
t: 0.018750000000 start: 58 end: 115 0.000001 0.000002 0.000002 0.000009 0.000024 0.000065 0.000141 0.000264 0.000462 0.000879 0.001590 0.002800 0.004537 0.006911 0.010856 0.015515 0.021532 0.029064 0.037341 0.046258 0.055243 0.063411 0.070386 0.074638 0.076825 0.075713 0.072357 0.066627 0.058935 0.050067 0.041450 0.033022 0.025231 0.018799 0.013494 0.009317 0.006351 0.003868 0.002475 0.001592 0.000898 0.000493 0.000270 0.000137 0.000071 0.000042 0.000017 0.000012 0.000005 0.000001 0.000000 0.000000 0.000000 0.000000 0.000000 0.000000 0.000000 0.000000 
t: 0.018181818182 start: 60 end: 117 0.000001 0.000002 0.000005 0.000013 0.000034 0.000069 0.000174 0.000317 0.000562 0.001024 0.001728 0.003027 0.004855 0.007474 0.011406 0.016067 0.022514 0.029313 0.037814 0.046811 0.055083 0.063662 0.069859 0.074144 0.076171 0.074860 0.071149 0.065772 0.058164 0.049816 0.040624 0.033119 0.025494 0.018883 0.013591 0.009504 0.006311 0.004240 0.002591 0.001678 0.000967 0.000520 0.000283 0.000150 0.000078 0.000038 0.000023 0.000010 0.000003 0.000003 0.000000 0.000000 0.000000 0.000000 0.000000 0.000000 0.000000 0.000000 
t: 0.017647058823 start: 63 end: 120 0.000003 0.000006 0.000026 0.000042 0.000094 0.000191 0.000343 0.000693 0.001176 0.001936 0.003299 0.005263 0.008092 0.011872 0.016993 0.023180 0.030396 0.038412 0.047475 0.056103 0.063487 0.069048 0.073784 0.075372 0.073465 0.070655 0.064597 0.057561 0.049108 0.040441 0.032486 0.025063 0.018943 0.013631 0.009525 0.006398 0.004260 0.002717 0.001646 0.001066 0.000536 0.000285 0.000168 0.000078 0.000053 0.000014 0.000013 0.000003 0.000001 0.000000 0.000001 0.000000 0.000000 0.000000 0.000000 0.000000 0.000000 0.000000 
t: 0.017142857143 start: 65 end: 122 0.000005 0.000018 0.000029 0.000070 0.000111 0.000217 0.000418 0.000752 0.001361 0.002198 0.003760 0.005774 0.008673 0.012714 0.018057 0.024148 0.031330 0.039306 0.048388 0.056715 0.063410 0.068859 0.073259 0.074537 0.073081 0.069225 0.063703 0.056331 0.048091 0.039853 0.031925 0.024823 0.018549 0.013301 0.009526 0.006516 0.004262 0.002764 0.001710 0.000965 0.000607 0.000314 0.000155 0.000097 0.000051 0.000027 0.000008 0.000005 0.000001 0.000000 0.000001 0.000000 0.000000 0.000000 0.000000 0.000000 0.000000 0.000000 
t: 0.016666666667 start: 65 end: 124 0.000001 0.000002 0.000009 0.000015 0.000042 0.000070 0.000137 0.000268 0.000516 0.000819 0.001549 0.002632 0.004054 0.006503 0.009504 0.013601 0.018935 0.025308 0.032604 0.040968 0.049057 0.057067 0.063999 0.069200 0.072600 0.073695 0.072010 0.067971 0.062077 0.055037 0.047630 0.038737 0.031320 0.023902 0.018180 0.013293 0.009364 0.006399 0.004206 0.002757 0.001697 0.000984 0.000605 0.000300 0.000177 0.000093 0.000054 0.000028 0.000013 0.000009 0.000001 0.000000 0.000001 0.000000 0.000000 0.000000 0.000000 0.000000 0.000000 0.000000 
t: 0.016216216216 start: 67 end: 127 0.000002 0.000004 0.000012 0.000019 0.000052 0.000084 0.000176 0.000305 0.000593 0.001090 0.001733 0.002913 0.004622 0.006959 0.010392 0.014857 0.020005 0.026545 0.034350 0.042427 0.050149 0.058116 0.064063 0.069056 0.072538 0.072946 0.070728 0.066676 0.060697 0.053813 0.045757 0.037930 0.030329 0.023365 0.017733 0.012848 0.009172 0.006185 0.004187 0.002677 0.001641 0.000984 0.000548 0.000342 0.000173 0.000104 0.000053 0.000021 0.000012 0.000011 0.000004 0.000001 0.000001 0.000000 0.000000 0.000000 0.000000 0.000000 0.000000 0.000000 0.000000 
t: 0.015789473684 start: 67 end: 127 0.000001 0.000000 0.000003 0.000006 0.000016 0.000017 0.000060 0.000123 0.000209 0.000416 0.000711 0.001249 0.002074 0.003269 0.005144 0.007880 0.011390 0.015723 0.021575 0.028203 0.036026 0.043540 0.051762 0.058583 0.064733 0.069444 0.072101 0.071948 0.069351 0.065561 0.059168 0.052185 0.044528 0.036700 0.028980 0.022738 0.016968 0.012321 0.008826 0.005924 0.004078 0.002616 0.001679 0.000913 0.000552 0.000331 0.000169 0.000106 0.000052 0.000029 0.000006 0.000009 0.000003 0.000001 0.000000 0.000000 0.000000 0.000000 0.000000 0.000000 0.000000 
t: 0.015384615385 start: 69 end: 129 0.000002 0.000000 0.000003 0.000007 0.000019 0.000032 0.000075 0.000149 0.000280 0.000443 0.000841 0.001511 0.002470 0.003794 0.005854 0.008616 0.012539 0.017307 0.023158 0.030071 0.037426 0.045198 0.052899 0.059820 0.065593 0.069867 0.071275 0.071086 0.068350 0.063662 0.057007 0.051041 0.042625 0.035174 0.027827 0.021579 0.016133 0.012073 0.008403 0.005808 0.003836 0.002445 0.001539 0.000952 0.000535 0.000292 0.000187 0.000097 0.000049 0.000031 0.000010 0.000007 0.000002 0.000000 0.000001 0.000000 0.000000 0.000000 0.000000 0.000000 0.000000 
t: 0.015000000000 start: 70 end: 132 0.000001 0.000001 0.000001 0.000006 0.000011 0.000024 0.000050 0.000113 0.000176 0.000314 0.000607 0.001034 0.001762 0.002801 0.004454 0.006568 0.009730 0.013676 0.018857 0.024881 0.031927 0.039474 0.046796 0.054410 0.060915 0.066195 0.069483 0.071104 0.070178 0.067026 0.061767 0.055357 0.049028 0.040852 0.033647 0.026610 0.020669 0.015407 0.011341 0.007799 0.005515 0.003569 0.002351 0.001424 0.000938 0.000507 0.000304 0.000155 0.000092 0.000057 0.000020 0.000009 0.000003 0.000003 0.000000 0.000001 0.000000 0.000000 0.000000 0.000000 0.000000 0.000000 0.000000 
t: 0.014634146341 start: 72 end: 134 0.000002 0.000002 0.000001 0.000010 0.000016 0.000032 0.000063 0.000134 0.000221 0.000422 0.000734 0.001272 0.002016 0.003334 0.005067 0.007561 0.011023 0.015052 0.020395 0.026775 0.034032 0.041255 0.048638 0.055974 0.062021 0.066406 0.069897 0.070174 0.069197 0.065516 0.060164 0.053762 0.046215 0.039177 0.032170 0.025545 0.019395 0.014553 0.010408 0.007388 0.005150 0.003446 0.002110 0.001359 0.000805 0.000489 0.000311 0.000163 0.000074 0.000044 0.000009 0.000011 0.000008 0.000001 0.000001 0.000000 0.000000 0.000000 0.000000 0.000000 0.000000 0.000000 0.000000 
t: 0.014285714286 start: 73 end: 134 0.000002 0.000000 0.000001 0.000009 0.000010 0.000027 0.000037 0.000070 0.000170 0.000274 0.000576 0.000854 0.001573 0.002397 0.003831 0.006019 0.008673 0.012067 0.016920 0.022545 0.028781 0.036065 0.043132 0.050563 0.057741 0.063189 0.067115 0.069464 0.069515 0.067977 0.063370 0.057932 0.051604 0.044852 0.036947 0.030400 0.023903 0.018385 0.013560 0.009759 0.006936 0.004613 0.003171 0.001985 0.001232 0.000770 0.000447 0.000252 0.000149 0.000073 0.000030 0.000021 0.000006 0.000005 0.000001 0.000000 0.000000 0.000000 0.000000 0.000000 0.000000 0.000000 
t: 0.013953488372 start: 74 end: 136 0.000002 0.000000 0.000001 0.000003 0.000009 0.000011 0.000028 0.000062 0.000110 0.000178 0.000389 0.000671 0.001097 0.001847 0.002939 0.004688 0.006936 0.009787 0.013559 0.018751 0.024274 0.031400 0.038173 0.045470 0.052795 0.058959 0.064257 0.067309 0.069516 0.068724 0.065792 0.061882 0.055870 0.049520 0.042175 0.035543 0.028099 0.022363 0.017043 0.012724 0.009072 0.006297 0.004334 0.002794 0.001844 0.001146 0.000638 0.000415 0.000257 0.000123 0.000065 0.000028 0.000020 0.000006 0.000004 0.000001 0.000000 0.000000 0.000000 0.000000 0.000000 0.000000 0.000000 
t: 0.013636363636 start: 77 end: 139 0.000002 0.000002 0.000002 0.000012 0.000021 0.000040 0.000068 0.000145 0.000257 0.000494 0.000857 0.001407 0.002296 0.003527 0.005399 0.007861 0.011256 0.015561 0.020654 0.026552 0.033439 0.040688 0.047579 0.054757 0.060779 0.065008 0.068068 0.068671 0.067401 0.064222 0.059545 0.054164 0.047133 0.040011 0.032953 0.026356 0.020764 0.015799 0.011601 0.008300 0.005847 0.003947 0.002466 0.001641 0.001011 0.000607 0.000383 0.000228 0.000089 0.000062 0.000038 0.000020 0.000006 0.000002 0.000002 0.000000 0.000000 0.000000 0.000000 0.000000 0.000000 0.000000 0.000000 
t: 0.013333333333 start: 79 end: 140 0.000001 0.000002 0.000005 0.000014 0.000025 0.000072 0.000093 0.000189 0.000344 0.000660 0.001100 0.001721 0.002791 0.004290 0.006225 0.009294 0.012864 0.017240 0.022700 0.029175 0.036047 0.043118 0.049928 0.056708 0.061999 0.065739 0.067918 0.068111 0.066286 0.062225 0.057563 0.051820 0.044455 0.037504 0.030840 0.024693 0.019099 0.014583 0.010440 0.007449 0.005284 0.003504 0.002301 0.001481 0.000877 0.000526 0.000294 0.000187 0.000102 0.000047 0.000038 0.000016 0.000011 0.000002 0.000000 0.000000 0.000000 0.000000 0.000000 0.000000 0.000000 0.000000 
t: 0.013043478261 start: 82 end: 143 0.000004 0.000009 0.000024 0.000051 0.000071 0.000135 0.000254 0.000459 0.000877 0.001335 0.002241 0.003323 0.005070 0.007378 0.010641 0.014540 0.019339 0.025407 0.031594 0.038618 0.045940 0.052773 0.058368 0.062908 0.066030 0.067903 0.067243 0.064905 0.060407 0.055159 0.048350 0.042165 0.035193 0.028688 0.022728 0.017484 0.013117 0.009632 0.006698 0.004679 0.003046 0.002113 0.001234 0.000782 0.000442 0.000288 0.000179 0.000071 0.000058 0.000020 0.000014 0.000007 0.000005 0.000001 0.000000 0.000000 0.000000 0.000000 0.000000 0.000000 0.000000 0.000000 
t: 0.012765957447 start: 83 end: 145 0.000003 0.000006 0.000012 0.000041 0.000056 0.000081 0.000203 0.000364 0.000618 0.001043 0.001711 0.002666 0.004087 0.006077 0.008952 0.012353 0.016552 0.021584 0.027761 0.034502 0.041817 0.048433 0.054442 0.059953 0.064092 0.066768 0.067557 0.065539 0.062956 0.057896 0.052530 0.045945 0.039319 0.032942 0.026570 0.020982 0.015826 0.011859 0.008542 0.006011 0.004146 0.002658 0.001748 0.001182 0.000643 0.000435 0.000239 0.000136 0.000083 0.000032 0.000021 0.000014 0.000007 0.000002 0.000003 0.000000 0.000000 0.000000 0.000000 0.000000 0.000000 0.000000 0.000000 
t: 0.012500000000 start: 84 end: 146 0.000001 0.000004 0.000013 0.000028 0.000038 0.000069 0.000144 0.000286 0.000436 0.000815 0.001352 0.002169 0.003267 0.005061 0.007384 0.010248 0.014286 0.018710 0.024244 0.030471 0.037425 0.044313 0.050966 0.056521 0.061604 0.064746 0.066949 0.066699 0.064017 0.060909 0.055856 0.049870 0.043187 0.036759 0.030177 0.024405 0.018810 0.014215 0.010787 0.007501 0.005376 0.003612 0.002375 0.001479 0.000966 0.000634 0.000358 0.000218 0.000098 0.000061 0.000037 0.000021 0.000011 0.000007 0.000005 0.000000 0.000000 0.000000 0.000000 0.000000 0.000000 0.000000 0.000000 
t: 0.012244897959 start: 85 end: 150 0.000002 0.000001 0.000011 0.000016 0.000032 0.000057 0.000120 0.000192 0.000387 0.000634 0.001028 0.001735 0.002640 0.004184 0.006052 0.008684 0.012065 0.016330 0.021231 0.026989 0.033634 0.040465 0.046719 0.053460 0.058217 0.062748 0.066094 0.066212 0.065364 0.062922 0.058434 0.053375 0.046849 0.040311 0.034023 0.027573 0.022125 0.017135 0.012733 0.009351 0.006701 0.004709 0.003092 0.001990 0.001279 0.000857 0.000530 0.000316 0.000168 0.000105 0.000055 0.000026 0.000019 0.000012 0.000004 0.000001 0.000001 0.000001 0.000000 0.000000 0.000000 0.000000 0.000000 0.000000 0.000000 0.000000 
t: 0.012000000000 start: 86 end: 151 0.000002 0.000003 0.000006 0.000007 0.000027 0.000039 0.000091 0.000155 0.000301 0.000501 0.000811 0.001359 0.002237 0.003496 0.004986 0.007367 0.010157 0.014264 0.018404 0.023889 0.030045 0.036610 0.043151 0.049695 0.055482 0.060232 0.064024 0.066215 0.065419 0.064228 0.060636 0.056152 0.050535 0.043844 0.037577 0.031257 0.024968 0.019854 0.015538 0.011202 0.008184 0.005795 0.004011 0.002600 0.001771 0.001156 0.000700 0.000442 0.000233 0.000150 0.000086 0.000049 0.000025 0.000018 0.000008 0.000002 0.000003 0.000001 0.000000 0.000000 0.000000 0.000000 0.000000 0.000000 0.000000 0.000000 
t: 0.011764705882 start: 87 end: 152 0.000001 0.000004 0.000006 0.000007 0.000016 0.000039 0.000054 0.000130 0.000245 0.000389 0.000691 0.001099 0.001750 0.002905 0.004238 0.006075 0.008938 0.012172 0.016158 0.021323 0.026685 0.033149 0.039580 0.046342 0.052233 0.057688 0.062184 0.064503 0.065762 0.064513 0.062619 0.058065 0.053333 0.047635 0.041080 0.034653 0.028314 0.022698 0.017854 0.013286 0.009885 0.007200 0.004953 0.003410 0.002232 0.001523 0.000978 0.000590 0.000338 0.000203 0.000115 0.000071 0.000037 0.000029 0.000009 0.000005 0.000002 0.000004 0.000000 0.000000 0.000000 0.000000 0.000000 0.000000 0.000000 0.000000 
t: 0.011538461538 start: 88 end: 153 0.000002 0.000004 0.000002 0.000005 0.000011 0.000021 0.000055 0.000103 0.000193 0.000325 0.000540 0.000910 0.001429 0.002408 0.003497 0.005202 0.007543 0.010514 0.014406 0.018599 0.024260 0.029676 0.036349 0.043001 0.049233 0.054568 0.059833 0.063308 0.065081 0.064834 0.062982 0.060263 0.055897 0.050339 0.044549 0.037838 0.031819 0.025767 0.020352 0.015464 0.011749 0.008528 0.006214 0.004350 0.002901 0.001898 0.001211 0.000797 0.000474 0.000284 0.000182 0.000094 0.000064 0.000038 0.000017 0.000008 0.000005 0.000004 0.000000 0.000000 0.000000 0.000000 0.000000 0.000000 0.000000 0.000000 
t: 0.011320754717 start: 89 end: 156 0.000002 0.000001 0.000003 0.000002 0.000012 0.000018 0.000046 0.000079 0.000142 0.000277 0.000446 0.000727 0.001214 0.001986 0.002943 0.004413 0.006444 0.009241 0.012456 0.016481 0.021575 0.026836 0.033131 0.039661 0.046034 0.052094 0.057439 0.061290 0.063971 0.064497 0.064227 0.061466 0.057740 0.053010 0.047749 0.041238 0.034640 0.028523 0.023227 0.017751 0.013769 0.010063 0.007371 0.005340 0.003753 0.002457 0.001617 0.001016 0.000633 0.000390 0.000225 0.000144 0.000083 0.000050 0.000025 0.000021 0.000005 0.000003 0.000001 0.000002 0.000000 0.000000 0.000000 0.000000 0.000000 0.000000 0.000000 0.000000 
t: 0.011111111111 start: 91 end: 157 0.000001 0.000002 0.000003 0.000008 0.000017 0.000036 0.000068 0.000112 0.000206 0.000357 0.000617 0.001028 0.001641 0.002574 0.003784 0.005475 0.007925 0.010992 0.014664 0.019293 0.024414 0.029997 0.036705 0.042853 0.049249 0.054988 0.059165 0.062773 0.063997 0.064249 0.062561 0.059714 0.055282 0.050222 0.043854 0.037457 0.031785 0.025664 0.020552 0.015590 0.011855 0.008784 0.006378 0.004465 0.003157 0.002042 0.001282 0.000880 0.000534 0.000292 0.000201 0.000106 0.000068 0.000041 0.000016 0.000013 0.000005 0.000005 0.000000 0.000002 0.000000 0.000000 0.000000 0.000000 0.000000 0.000000 0.000000 
t: 0.010909090909 start: 92 end: 160 0.000001 0.000002 0.000003 0.000008 0.000009 0.000032 0.000059 0.000085 0.000154 0.000316 0.000515 0.000800 0.001362 0.002229 0.003187 0.004775 0.006880 0.009637 0.012793 0.017515 0.022080 0.027560 0.033896 0.040038 0.046051 0.052133 0.057243 0.061248 0.063549 0.063751 0.063332 0.060849 0.057069 0.052147 0.046746 0.040830 0.034196 0.028361 0.022895 0.017910 0.013759 0.010381 0.007550 0.005256 0.003781 0.002587 0.001635 0.001081 0.000699 0.000420 0.000246 0.000167 0.000077 0.000055 0.000029 0.000011 0.000009 0.000005 0.000003 0.000002 0.000001 0.000000 0.000000 0.000000 0.000000 0.000000 0.000000 0.000000 0.000000 
t: 0.010714285714 start: 93 end: 162 0.000002 0.000001 0.000002 0.000009 0.000010 0.000023 0.000044 0.000070 0.000142 0.000241 0.000422 0.000673 0.001220 0.001902 0.002819 0.004098 0.005916 0.008453 0.011769 0.015382 0.020171 0.024976 0.031201 0.037379 0.043726 0.049211 0.055070 0.058913 0.062381 0.063948 0.063666 0.061489 0.058591 0.054265 0.048919 0.043570 0.036892 0.030706 0.025444 0.020262 0.015763 0.011918 0.008698 0.006343 0.004575 0.003088 0.002065 0.001344 0.000873 0.000547 0.000330 0.000207 0.000119 0.000062 0.000051 0.000015 0.000008 0.000007 0.000006 0.000001 0.000001 0.000000 0.000000 0.000001 0.000000 0.000000 0.000000 0.000000 0.000000 0.000000 
t: 0.010526315789 start: 93 end: 162 0.000001 0.000002 0.000000 0.000002 0.000006 0.000012 0.000023 0.000024 0.000065 0.000111 0.000187 0.000355 0.000613 0.001015 0.001592 0.002433 0.003626 0.005198 0.007555 0.010331 0.013865 0.018126 0.023172 0.028622 0.034791 0.040893 0.046830 0.052493 0.057597 0.060680 0.062982 0.063514 0.062501 0.060103 0.055850 0.051217 0.045500 0.039344 0.033815 0.027526 0.022595 0.017584 0.013492 0.010130 0.007541 0.005293 0.003714 0.002553 0.001702 0.001085 0.000694 0.000418 0.000268 0.000155 0.000079 0.000058 0.000033 0.000016 0.000008 0.000004 0.000004 0.000001 0.000000 0.000001 0.000000 0.000000 0.000000 0.000000 0.000000 0.000000 
t: 0.010344827586 start: 96 end: 164 0.000001 0.000003 0.000003 0.000013 0.000021 0.000022 0.000060 0.000086 0.000161 0.000273 0.000551 0.000855 0.001365 0.002099 0.003221 0.004547 0.006697 0.009242 0.012512 0.016384 0.021222 0.026400 0.032468 0.038267 0.044690 0.050166 0.055265 0.059444 0.061677 0.063217 0.062791 0.061155 0.057560 0.053074 0.047460 0.042097 0.035769 0.030257 0.024896 0.019226 0.015328 0.011649 0.008508 0.006297 0.004328 0.003058 0.002118 0.001283 0.000870 0.000523 0.000339 0.000209 0.000107 0.000070 0.000040 0.000031 0.000013 0.000004 0.000005 0.000000 0.000002 0.000000 0.000001 0.000000 0.000000 0.000000 0.000000 0.000000 0.000000 
t: 0.010169491525 start: 98 end: 165 0.000004 0.000003 0.000009 0.000018 0.000022 0.000048 0.000077 0.000140 0.000243 0.000452 0.000781 0.001136 0.001864 0.002716 0.004058 0.005948 0.008210 0.011349 0.015075 0.019414 0.024556 0.030142 0.036064 0.042280 0.047728 0.053002 0.057948 0.061006 0.062096 0.062866 0.061530 0.059018 0.054944 0.049684 0.044000 0.038402 0.032356 0.026885 0.021301 0.017051 0.012984 0.009813 0.007088 0.005229 0.003617 0.002477 0.001609 0.001032 0.000669 0.000425 0.000263 0.000139 0.000105 0.000058 0.000027 0.000019 0.000011 0.000005 0.000000 0.000003 0.000000 0.000001 0.000000 0.000000 0.000000 0.000000 0.000000 0.000000 
t: 0.010000000000 start: 98 end: 167 0.000001 0.000001 0.000005 0.000009 0.000015 0.000018 0.000043 0.000072 0.000116 0.000221 0.000375 0.000645 0.001055 0.001584 0.002442 0.003728 0.005193 0.007418 0.010218 0.013826 0.017777 0.022785 0.028068 0.033853 0.039833 0.045886 0.050945 0.056118 0.059160 0.061661 0.062821 0.062107 0.059828 0.056217 0.051770 0.046186 0.040298 0.034658 0.028793 0.023307 0.018702 0.014520 0.011023 0.008189 0.006053 0.004200 0.002924 0.001944 0.001244 0.000838 0.000494 0.000323 0.000196 0.000129 0.000080 0.000031 0.000029 0.000012 0.000006 0.000003 0.000001 0.000003 0.000000 0.000000 0.000000 0.000000 0.000000 0.000000 0.000000 0.000000 
t: 0.008448275866 start: 111 end: 183 0.000001 0.000001 0.000005 0.000007 0.000012 0.000020 0.000038 0.000060 0.000105 0.000206 0.000363 0.000546 0.000878 0.001381 0.002026 0.003114 0.004448 0.006259 0.008423 0.011309 0.014382 0.018642 0.023411 0.028498 0.033933 0.039406 0.044418 0.049941 0.053778 0.056910 0.059114 0.059763 0.059083 0.057525 0.054596 0.050386 0.045695 0.041093 0.034894 0.029802 0.024414 0.020183 0.016054 0.012412 0.009375 0.007043 0.005133 0.003643 0.002479 0.001710 0.001114 0.000736 0.000430 0.000330 0.000176 0.000126 0.000072 0.000041 0.000023 0.000011 0.000017 0.000003 0.000001 0.000001 0.000001 0.000000 0.000000 0.000000 0.000000 0.000000 0.000000 0.000000 0.000000 
t: 0.007313432839 start: 122 end: 195 0.000001 0.000000 0.000004 0.000004 0.000006 0.000013 0.000019 0.000049 0.000069 0.000145 0.000238 0.000368 0.000609 0.000898 0.001449 0.002108 0.003122 0.004486 0.006120 0.008158 0.010877 0.013987 0.017783 0.022193 0.026923 0.031854 0.036849 0.041771 0.046874 0.051176 0.054282 0.056743 0.057629 0.057862 0.055866 0.054691 0.051244 0.046976 0.042488 0.037072 0.032328 0.027326 0.022490 0.018485 0.014731 0.011333 0.008674 0.006488 0.004697 0.003424 0.002291 0.001626 0.001079 0.000770 0.000459 0.000296 0.000205 0.000119 0.000079 0.000035 0.000029 0.000015 0.000006 0.000004 0.000002 0.000002 0.000000 0.000001 0.000000 0.000000 0.000000 0.000000 0.000000 0.000000 
t: 0.006447368423 start: 134 end: 206 0.000002 0.000002 0.000009 0.000008 0.000020 0.000028 0.000069 0.000122 0.000186 0.000292 0.000490 0.000762 0.001118 0.001673 0.002488 0.003403 0.004800 0.006556 0.008733 0.011426 0.014670 0.018370 0.022348 0.026931 0.032169 0.036541 0.041175 0.045522 0.049502 0.053193 0.055493 0.056455 0.056150 0.055885 0.053330 0.050220 0.046399 0.042232 0.037361 0.032741 0.027720 0.023146 0.018877 0.015654 0.011931 0.009237 0.007045 0.005290 0.003831 0.002733 0.001887 0.001320 0.000900 0.000573 0.000356 0.000230 0.000167 0.000092 0.000061 0.000034 0.000016 0.000017 0.000006 0.000000 0.000002 0.000000 0.000000 0.000001 0.000000 0.000000 0.000000 0.000000 0.000000 
t: 0.005764705884 start: 144 end: 216 0.000003 0.000005 0.000008 0.000021 0.000028 0.000056 0.000083 0.000133 0.000257 0.000374 0.000583 0.000910 0.001311 0.002002 0.002757 0.003939 0.005371 0.007297 0.009582 0.012226 0.015254 0.019462 0.023106 0.027707 0.032359 0.036846 0.041332 0.045741 0.049377 0.052557 0.055151 0.055516 0.055609 0.053969 0.051970 0.049522 0.045625 0.041130 0.036905 0.032206 0.027369 0.023009 0.018822 0.015265 0.012243 0.009497 0.007186 0.005348 0.003944 0.002879 0.002048 0.001335 0.000990 0.000640 0.000417 0.000285 0.000177 0.000111 0.000053 0.000041 0.000019 0.000019 0.000007 0.000003 0.000003 0.000000 0.000000 0.000000 0.000000 0.000000 0.000000 0.000000 0.000000 
t: 0.005212765959 start: 150 end: 227 0.000001 0.000000 0.000004 0.000002 0.000008 0.000016 0.000020 0.000046 0.000054 0.000136 0.000189 0.000277 0.000477 0.000742 0.001058 0.001552 0.002191 0.003099 0.004255 0.005794 0.007725 0.010275 0.012655 0.016135 0.019826 0.023855 0.028250 0.032461 0.037260 0.041658 0.045847 0.049720 0.051985 0.054229 0.054948 0.054366 0.053452 0.051593 0.048652 0.044802 0.040589 0.036356 0.031361 0.026931 0.022732 0.018781 0.015393 0.012383 0.009566 0.007285 0.005536 0.004034 0.003032 0.002077 0.001463 0.001031 0.000692 0.000415 0.000280 0.000172 0.000110 0.000066 0.000044 0.000022 0.000015 0.000010 0.000004 0.000001 0.000001 0.000001 0.000002 0.000000 0.000000 0.000000 0.000000 0.000000 0.000000 0.000000 
t: 0.004757281555 start: 156 end: 234 0.000001 0.000000 0.000001 0.000003 0.000003 0.000009 0.000009 0.000020 0.000029 0.000051 0.000072 0.000119 0.000192 0.000314 0.000508 0.000770 0.001123 0.001653 0.002377 0.003222 0.004400 0.005930 0.007884 0.010110 0.012729 0.016159 0.019670 0.023726 0.028130 0.032347 0.037107 0.041307 0.045616 0.048871 0.051241 0.053159 0.054100 0.054437 0.053285 0.051063 0.048329 0.044704 0.040767 0.036157 0.031827 0.027328 0.023530 0.019240 0.015729 0.012817 0.010004 0.007645 0.005763 0.004361 0.003131 0.002272 0.001585 0.001062 0.000689 0.000502 0.000306 0.000189 0.000121 0.000085 0.000049 0.000032 0.000011 0.000006 0.000002 0.000006 0.000003 0.000000 0.000001 0.000000 0.000000 0.000000 0.000000 0.000000 0.000000 
t: 0.004375000001 start: 163 end: 244 0.000001 0.000001 0.000002 0.000001 0.000005 0.000004 0.000013 0.000021 0.000019 0.000045 0.000077 0.000122 0.000183 0.000306 0.000481 0.000722 0.001046 0.001532 0.002090 0.003043 0.004119 0.005577 0.007490 0.009456 0.012204 0.015290 0.018626 0.022622 0.026583 0.030865 0.035569 0.039896 0.043615 0.047390 0.050505 0.052884 0.053246 0.053288 0.053147 0.051754 0.049166 0.045995 0.041894 0.037776 0.033277 0.029313 0.024671 0.020570 0.017116 0.013833 0.010863 0.008592 0.006506 0.004838 0.003617 0.002581 0.001880 0.001267 0.000830 0.000587 0.000343 0.000261 0.000133 0.000103 0.000072 0.000037 0.000016 0.000010 0.000003 0.000005 0.000001 0.000000 0.000002 0.000001 0.000000 0.000000 0.000001 0.000000 0.000000 0.000000 0.000000 0.000000 
t: 0.004049586778 start: 169 end: 248 0.000001 0.000000 0.000001 0.000001 0.000004 0.000009 0.000008 0.000015 0.000020 0.000034 0.000043 0.000094 0.000153 0.000216 0.000375 0.000594 0.000841 0.001210 0.001809 0.002346 0.003413 0.004555 0.006171 0.008423 0.010469 0.013159 0.016330 0.019643 0.023781 0.028278 0.032504 0.036648 0.040830 0.044847 0.048605 0.050877 0.052607 0.053509 0.053522 0.052370 0.050628 0.047566 0.044649 0.040595 0.036535 0.032557 0.027558 0.023640 0.019607 0.015840 0.012975 0.010143 0.008017 0.006059 0.004544 0.003341 0.002337 0.001712 0.001128 0.000800 0.000523 0.000356 0.000232 0.000135 0.000080 0.000058 0.000030 0.000021 0.000006 0.000004 0.000005 0.000002 0.000002 0.000000 0.000000 0.000000 0.000000 0.000000 0.000000 0.000000 
t: 0.003769230770 start: 177 end: 254 0.000002 0.000002 0.000003 0.000010 0.000007 0.000015 0.000022 0.000030 0.000051 0.000093 0.000158 0.000231 0.000377 0.000485 0.000814 0.001195 0.001665 0.002441 0.003369 0.004659 0.005932 0.007917 0.010289 0.012884 0.015823 0.019409 0.023357 0.027461 0.031734 0.036240 0.040553 0.044342 0.047397 0.050378 0.052429 0.053345 0.052911 0.052530 0.050406 0.048414 0.045093 0.041177 0.037145 0.032953 0.028398 0.024089 0.020215 0.016507 0.013478 0.010676 0.008191 0.006447 0.004771 0.003512 0.002524 0.001767 0.001222 0.000826 0.000597 0.000398 0.000227 0.000169 0.000091 0.000063 0.000041 0.000016 0.000008 0.000005 0.000012 0.000002 0.000000 0.000000 0.000000 0.000000 0.000000 0.000000 0.000000 0.000000 
t: 0.003525179857 start: 183 end: 261 0.000001 0.000006 0.000005 0.000004 0.000014 0.000015 0.000023 0.000043 0.000066 0.000115 0.000196 0.000275 0.000423 0.000611 0.000921 0.001353 0.002025 0.002779 0.003814 0.005017 0.006847 0.008481 0.011124 0.013895 0.017282 0.020809 0.024953 0.029073 0.033492 0.037657 0.041332 0.045444 0.048711 0.050938 0.052647 0.053174 0.052871 0.052290 0.049787 0.046879 0.043868 0.040056 0.035273 0.031207 0.026690 0.022763 0.018992 0.015689 0.012343 0.009890 0.007632 0.005744 0.004288 0.003129 0.002240 0.001622 0.001107 0.000693 0.000506 0.000318 0.000208 0.000137 0.000090 0.000047 0.000030 0.000014 0.000012 0.000011 0.000005 0.000003 0.000001 0.000000 0.000000 0.000000 0.000000 0.000000 0.000000 0.000000 0.000000 
t: 0.003310810811 start: 188 end: 266 0.000001 0.000002 0.000009 0.000003 0.000010 0.000014 0.000021 0.000031 0.000071 0.000109 0.000177 0.000263 0.000375 0.000560 0.000889 0.001284 0.001871 0.002533 0.003647 0.004770 0.006474 0.008137 0.010607 0.013333 0.016530 0.020211 0.024193 0.028153 0.032282 0.036417 0.040854 0.044405 0.047769 0.050577 0.052417 0.053283 0.053280 0.052446 0.050402 0.047679 0.044334 0.040520 0.036300 0.032097 0.027768 0.023523 0.019912 0.016293 0.013136 0.010479 0.008021 0.006085 0.004492 0.003361 0.002391 0.001715 0.001199 0.000812 0.000542 0.000333 0.000232 0.000144 0.000098 0.000055 0.000028 0.000018 0.000010 0.000006 0.000001 0.000003 0.000003 0.000000 0.000000 0.000000 0.000000 0.000000 0.000000 0.000000 0.000000 
t: 0.003121019109 start: 193 end: 272 0.000002 0.000003 0.000002 0.000005 0.000006 0.000015 0.000026 0.000048 0.000081 0.000097 0.000186 0.000258 0.000423 0.000608 0.000937 0.001393 0.002017 0.002805 0.003773 0.005031 0.006549 0.008671 0.011088 0.013893 0.016955 0.020791 0.024697 0.028753 0.033230 0.037685 0.041231 0.044878 0.048530 0.050734 0.052608 0.053136 0.053530 0.052243 0.050062 0.046962 0.043673 0.040017 0.035522 0.031457 0.027213 0.022949 0.019041 0.015765 0.012475 0.009779 0.007739 0.005809 0.004351 0.003228 0.002250 0.001530 0.001149 0.000748 0.000505 0.000336 0.000213 0.000121 0.000072 0.000046 0.000036 0.000015 0.000007 0.000003 0.000001 0.000005 0.000002 0.000000 0.000000 0.000001 0.000000 0.000000 0.000000 0.000000 0.000000 0.000000 
t: 0.002951807229 start: 196 end: 275 0.000001 0.000000 0.000001 0.000002 0.000002 0.000008 0.000019 0.000022 0.000038 0.000054 0.000091 0.000135 0.000225 0.000321 0.000532 0.000781 0.001170 0.001631 0.002355 0.003253 0.004344 0.005750 0.007620 0.009855 0.012543 0.015340 0.018880 0.022713 0.026736 0.030995 0.035447 0.039419 0.043365 0.047181 0.049748 0.051767 0.053403 0.053817 0.052638 0.051159 0.048166 0.045802 0.041759 0.037858 0.033649 0.029253 0.024882 0.020698 0.017098 0.014120 0.011086 0.008622 0.006583 0.005008 0.003686 0.002674 0.001848 0.001277 0.000933 0.000614 0.000371 0.000256 0.000153 0.000105 0.000052 0.000048 0.000016 0.000007 0.000008 0.000002 0.000001 0.000003 0.000000 0.000000 0.000001 0.000000 0.000000 0.000000 0.000000 0.000000 
t: 0.002800000000 start: 200 end: 278 0.000002 0.000000 0.000000 0.000004 0.000002 0.000004 0.000011 0.000018 0.000036 0.000043 0.000092 0.000125 0.000215 0.000306 0.000491 0.000657 0.001087 0.001572 0.002178 0.003057 0.004092 0.005411 0.007130 0.009388 0.011957 0.014977 0.018371 0.021867 0.025890 0.030379 0.034606 0.039157 0.042400 0.046362 0.049438 0.051691 0.053177 0.053555 0.053001 0.051464 0.049471 0.046429 0.042405 0.038883 0.034432 0.029833 0.025795 0.021377 0.017599 0.014493 0.011525 0.009025 0.006931 0.005136 0.003790 0.002679 0.001958 0.001327 0.000987 0.000622 0.000384 0.000273 0.000187 0.000100 0.000062 0.000041 0.000012 0.000013 0.000008 0.000006 0.000001 0.000002 0.000001 0.000000 0.000000 0.000000 0.000000 0.000000 0.000000 
t: 0.002663043479 start: 203 end: 282 0.000001 0.000000 0.000000 0.000001 0.000003 0.000004 0.000003 0.000009 0.000016 0.000030 0.000056 0.000084 0.000121 0.000217 0.000357 0.000498 0.000747 0.001117 0.001598 0.002200 0.003003 0.004277 0.005498 0.007337 0.009585 0.012120 0.015091 0.018687 0.022274 0.026497 0.030807 0.034999 0.039300 0.043423 0.046478 0.049831 0.051598 0.053456 0.053929 0.053093 0.051428 0.049368 0.046116 0.042093 0.038544 0.033925 0.029714 0.024960 0.021146 0.017378 0.013797 0.011179 0.008708 0.006598 0.004854 0.003661 0.002503 0.001897 0.001250 0.000907 0.000612 0.000394 0.000242 0.000159 0.000097 0.000056 0.000031 0.000017 0.000010 0.000002 0.000006 0.000001 0.000001 0.000001 0.000000 0.000000 0.000000 0.000000 0.000000 0.000000 
t: 0.002538860104 start: 208 end: 285 0.000001 0.000000 0.000001 0.000002 0.000002 0.000006 0.000015 0.000026 0.000032 0.000063 0.000091 0.000143 0.000221 0.000398 0.000603 0.000873 0.001286 0.001799 0.002427 0.003255 0.004518 0.006133 0.008022 0.010234 0.013028 0.016407 0.019924 0.023709 0.028101 0.032141 0.036361 0.040715 0.045064 0.047838 0.051062 0.052058 0.053435 0.053906 0.053047 0.051073 0.048495 0.044820 0.041358 0.036731 0.032515 0.027741 0.023594 0.019578 0.016098 0.012724 0.010122 0.007899 0.005833 0.004355 0.003218 0.002158 0.001555 0.001122 0.000748 0.000495 0.000322 0.000202 0.000124 0.000068 0.000043 0.000031 0.000012 0.000012 0.000001 0.000005 0.000001 0.000000 0.000000 0.000000 0.000000 0.000000 0.000000 0.000000 
t: 0.002425742574 start: 213 end: 289 0.000001 0.000002 0.000005 0.000010 0.000002 0.000016 0.000027 0.000042 0.000086 0.000109 0.000223 0.000330 0.000492 0.000697 0.001059 0.001516 0.002058 0.002881 0.003947 0.005305 0.007173 0.009218 0.011783 0.014986 0.018460 0.021963 0.025897 0.030137 0.034642 0.039034 0.043563 0.046831 0.049834 0.052100 0.053431 0.053912 0.053608 0.052182 0.049864 0.046193 0.042757 0.038950 0.034294 0.029802 0.025460 0.021139 0.017132 0.014003 0.011247 0.008600 0.006621 0.004947 0.003548 0.002483 0.001769 0.001261 0.000882 0.000554 0.000350 0.000227 0.000145 0.000079 0.000055 0.000039 0.000012 0.000011 0.000008 0.000005 0.000001 0.000000 0.000000 0.000000 0.000000 0.000000 0.000000 0.000000 0.000000 
t: 0.002322274882 start: 216 end: 292 0.000002 0.000002 0.000004 0.000008 0.000003 0.000015 0.000020 0.000036 0.000075 0.000115 0.000177 0.000294 0.000440 0.000615 0.000917 0.001341 0.001913 0.002686 0.003671 0.005040 0.006751 0.008664 0.011134 0.014058 0.017426 0.021146 0.025042 0.029060 0.033828 0.038326 0.042592 0.045786 0.049430 0.051891 0.053606 0.054217 0.054168 0.052653 0.050525 0.047643 0.043469 0.039637 0.035239 0.030764 0.026187 0.021784 0.018158 0.014634 0.011772 0.009058 0.006895 0.005010 0.003624 0.002779 0.001924 0.001261 0.000894 0.000601 0.000400 0.000237 0.000146 0.000085 0.000046 0.000034 0.000018 0.000011 0.000008 0.000004 0.000001 0.000000 0.000000 0.000000 0.000000 0.000000 0.000000 0.000000 0.000000 
t: 0.002227272727 start: 219 end: 295 0.000001 0.000002 0.000005 0.000006 0.000009 0.000010 0.000016 0.000028 0.000066 0.000123 0.000178 0.000271 0.000379 0.000601 0.000900 0.001310 0.001905 0.002677 0.003495 0.004976 0.006545 0.008522 0.011015 0.014033 0.017201 0.020753 0.024890 0.029042 0.033654 0.038399 0.041918 0.046206 0.049696 0.052125 0.053980 0.054289 0.054411 0.053049 0.050487 0.047711 0.043696 0.039891 0.035425 0.030781 0.026311 0.021940 0.018191 0.014539 0.011686 0.009087 0.006819 0.005024 0.003615 0.002617 0.001800 0.001287 0.000894 0.000559 0.000389 0.000225 0.000139 0.000083 0.000057 0.000022 0.000017 0.000014 0.000006 0.000001 0.000000 0.000000 0.000001 0.000000 0.000000 0.000000 0.000000 0.000000 0.000000 
t: 0.002139737991 start: 222 end: 298 0.000001 0.000001 0.000005 0.000005 0.000004 0.000025 0.000022 0.000040 0.000065 0.000109 0.000169 0.000277 0.000417 0.000636 0.000950 0.001350 0.001915 0.002698 0.003717 0.005134 0.006660 0.008572 0.011458 0.014319 0.017558 0.021434 0.025418 0.029584 0.034254 0.039066 0.042919 0.047128 0.049881 0.052410 0.054456 0.054895 0.054409 0.053166 0.050213 0.046907 0.043633 0.039157 0.034834 0.029971 0.025553 0.021320 0.017612 0.014113 0.011035 0.008658 0.006480 0.004647 0.003434 0.002336 0.001727 0.001133 0.000756 0.000520 0.000306 0.000223 0.000124 0.000081 0.000040 0.000035 0.000013 0.000006 0.000001 0.000003 0.000002 0.000000 0.000000 0.000000 0.000000 0.000000 0.000000 0.000000 0.000000 
t: 0.002058823530 start: 224 end: 300 0.000001 0.000002 0.000001 0.000002 0.000009 0.000008 0.000019 0.000031 0.000041 0.000076 0.000138 0.000172 0.000299 0.000469 0.000699 0.001022 0.001419 0.002099 0.002997 0.004002 0.005461 0.007088 0.009467 0.012172 0.014980 0.018535 0.022619 0.026801 0.031058 0.035760 0.039838 0.044743 0.047912 0.051025 0.053763 0.054725 0.054879 0.054266 0.052235 0.049872 0.046373 0.042297 0.038190 0.033321 0.028648 0.023965 0.020152 0.016274 0.013023 0.010067 0.007747 0.005697 0.004267 0.002932 0.002201 0.001396 0.000986 0.000664 0.000456 0.000226 0.000187 0.000086 0.000064 0.000036 0.000017 0.000011 0.000006 0.000004 0.000002 0.000000 0.000000 0.000000 0.000000 0.000000 0.000000 0.000000 0.000000 
t: 0.001983805668 start: 228 end: 303 0.000002 0.000003 0.000002 0.000007 0.000012 0.000029 0.000041 0.000049 0.000089 0.000145 0.000225 0.000346 0.000546 0.000744 0.001188 0.001728 0.002425 0.003376 0.004533 0.006122 0.008068 0.010392 0.013204 0.016427 0.020330 0.024309 0.028749 0.033321 0.037210 0.042602 0.046224 0.049633 0.052669 0.054650 0.054942 0.055069 0.053952 0.051463 0.048528 0.044748 0.040422 0.035752 0.031314 0.026421 0.022316 0.018152 0.014566 0.011559 0.008721 0.006704 0.004893 0.003559 0.002483 0.001742 0.001217 0.000766 0.000531 0.000299 0.000200 0.000109 0.000078 0.000039 0.000025 0.000017 0.000007 0.000002 0.000003 0.000001 0.000000 0.000000 0.000000 0.000000 0.000000 0.000000 0.000000 0.000000 
t: 0.001914062500 start: 230 end: 304 0.000001 0.000002 0.000001 0.000006 0.000007 0.000022 0.000024 0.000042 0.000067 0.000109 0.000181 0.000304 0.000411 0.000650 0.000953 0.001437 0.002112 0.002890 0.003857 0.005312 0.007093 0.009288 0.011906 0.014857 0.018652 0.022842 0.026524 0.031097 0.035958 0.040332 0.044828 0.048519 0.051887 0.053573 0.055489 0.055653 0.054508 0.053141 0.049978 0.046913 0.041982 0.037803 0.033122 0.028552 0.024092 0.019499 0.015771 0.012759 0.009731 0.007382 0.005421 0.003961 0.002871 0.001957 0.001300 0.000861 0.000577 0.000360 0.000250 0.000148 0.000082 0.000042 0.000023 0.000013 0.000006 0.000008 0.000001 0.000000 0.000000 0.000000 0.000000 0.000000 0.000000 0.000000 0.000000 
t: 0.001849056604 start: 231 end: 306 0.000001 0.000000 0.000002 0.000001 0.000003 0.000004 0.000016 0.000026 0.000030 0.000062 0.000100 0.000156 0.000224 0.000356 0.000558 0.000850 0.001255 0.001776 0.002515 0.003540 0.004816 0.006505 0.008462 0.010923 0.013866 0.017297 0.021206 0.025460 0.030003 0.034522 0.039193 0.043685 0.047728 0.051014 0.053803 0.054631 0.056378 0.054968 0.053646 0.051327 0.048051 0.043607 0.039336 0.034611 0.029999 0.024755 0.020877 0.017080 0.013264 0.010480 0.007851 0.005779 0.004220 0.003070 0.002094 0.001424 0.000916 0.000619 0.000438 0.000273 0.000161 0.000094 0.000035 0.000028 0.000014 0.000007 0.000006 0.000002 0.000001 0.000000 0.000000 0.000000 0.000000 0.000000 0.000000 0.000000 
t: 0.001788321168 start: 233 end: 307 0.000001 0.000000 0.000000 0.000001 0.000002 0.000003 0.000016 0.000021 0.000028 0.000047 0.000078 0.000150 0.000191 0.000348 0.000480 0.000793 0.001142 0.001644 0.002351 0.003240 0.004482 0.006042 0.008053 0.010360 0.013082 0.016528 0.020494 0.024490 0.029037 0.033808 0.038394 0.042855 0.047113 0.050577 0.053516 0.055326 0.056200 0.055858 0.054133 0.051936 0.048815 0.045052 0.040335 0.035184 0.030133 0.026029 0.021599 0.017524 0.013789 0.010835 0.007983 0.006072 0.004447 0.003093 0.002097 0.001533 0.000964 0.000664 0.000417 0.000260 0.000168 0.000089 0.000052 0.000015 0.000017 0.000007 0.000004 0.000002 0.000001 0.000000 0.000000 0.000000 0.000000 0.000000 0.000000 
t: 0.001731448763 start: 237 end: 311 0.000001 0.000001 0.000002 0.000007 0.000005 0.000022 0.000033 0.000059 0.000068 0.000122 0.000182 0.000313 0.000466 0.000702 0.001095 0.001551 0.002197 0.003139 0.004245 0.005825 0.007791 0.010090 0.012779 0.016054 0.020151 0.024335 0.028582 0.033371 0.038028 0.042612 0.046793 0.050784 0.053406 0.055656 0.056806 0.055699 0.055296 0.052158 0.049248 0.045029 0.040758 0.035651 0.030687 0.026261 0.021869 0.017418 0.013985 0.010755 0.008174 0.005982 0.004416 0.003111 0.002194 0.001441 0.000965 0.000677 0.000372 0.000246 0.000151 0.000093 0.000039 0.000017 0.000020 0.000006 0.000006 0.000001 0.000002 0.000000 0.000000 0.000000 0.000000 0.000000 0.000000 0.000000 0.000000 
t: 0.001678082192 start: 237 end: 310 0.000001 0.000000 0.000000 0.000002 0.000001 0.000003 0.000009 0.000020 0.000032 0.000041 0.000082 0.000120 0.000185 0.000291 0.000466 0.000688 0.001016 0.001510 0.002237 0.003008 0.004354 0.005670 0.007566 0.010146 0.013060 0.016157 0.019894 0.024044 0.028751 0.033363 0.038476 0.042785 0.046926 0.050897 0.053918 0.056086 0.056860 0.056531 0.055318 0.052438 0.049118 0.045223 0.040520 0.035700 0.030638 0.025994 0.021330 0.017157 0.013621 0.010817 0.007834 0.005882 0.004354 0.003029 0.001974 0.001432 0.000940 0.000597 0.000375 0.000217 0.000137 0.000068 0.000034 0.000032 0.000015 0.000003 0.000004 0.000003 0.000000 0.000000 0.000000 0.000000 0.000000 0.000000 
t: 0.001627906977 start: 240 end: 313 0.000001 0.000000 0.000001 0.000003 0.000001 0.000010 0.000018 0.000027 0.000045 0.000086 0.000128 0.000184 0.000287 0.000472 0.000702 0.001019 0.001524 0.002284 0.003064 0.004212 0.005908 0.007943 0.010226 0.013218 0.016468 0.020462 0.024534 0.029110 0.034047 0.038753 0.043870 0.047459 0.051464 0.054282 0.056715 0.057351 0.056563 0.055022 0.052336 0.049151 0.044496 0.040167 0.034925 0.030352 0.025230 0.020592 0.016783 0.013022 0.010193 0.007592 0.005701 0.003962 0.002719 0.001903 0.001248 0.000844 0.000534 0.000342 0.000191 0.000117 0.000057 0.000041 0.000021 0.000006 0.000006 0.000004 0.000002 0.000000 0.000000 0.000000 0.000000 0.000000 0.000000 0.000000 
t: 0.001580645161 start: 243 end: 315 0.000001 0.000001 0.000004 0.000002 0.000006 0.000017 0.000035 0.000044 0.000084 0.000124 0.000211 0.000323 0.000473 0.000702 0.001127 0.001634 0.002312 0.003223 0.004534 0.006087 0.008294 0.010649 0.013574 0.017170 0.021260 0.025243 0.030257 0.034844 0.039968 0.044240 0.048928 0.052595 0.055232 0.056941 0.057551 0.056474 0.054825 0.052393 0.048316 0.044003 0.039113 0.033974 0.028802 0.024354 0.019785 0.015825 0.012258 0.009281 0.007153 0.005044 0.003593 0.002456 0.001752 0.001063 0.000740 0.000452 0.000294 0.000161 0.000091 0.000048 0.000027 0.000021 0.000005 0.000006 0.000001 0.000000 0.000000 0.000000 0.000000 0.000000 0.000000 0.000000 0.000000 
t: 0.001536050157 start: 245 end: 315 0.000001 0.000000 0.000003 0.000004 0.000007 0.000021 0.000031 0.000061 0.000090 0.000144 0.000217 0.000355 0.000530 0.000760 0.001180 0.001756 0.002505 0.003579 0.004764 0.006552 0.008681 0.011252 0.014342 0.018215 0.022213 0.026734 0.031907 0.035838 0.041290 0.045912 0.050453 0.053736 0.056091 0.057580 0.057581 0.056127 0.054539 0.051416 0.047307 0.042903 0.037742 0.032579 0.027412 0.022944 0.018406 0.014468 0.011332 0.008611 0.006183 0.004484 0.003158 0.002101 0.001493 0.000924 0.000596 0.000368 0.000228 0.000123 0.000083 0.000038 0.000031 0.000010 0.000006 0.000003 0.000000 0.000000 0.000000 0.000000 0.000000 0.000000 0.000000 
t: 0.001493902439 start: 248 end: 319 0.000002 0.000004 0.000003 0.000013 0.000026 0.000035 0.000066 0.000094 0.000173 0.000252 0.000365 0.000568 0.000928 0.001342 0.001960 0.002711 0.003880 0.005338 0.007229 0.009332 0.012169 0.015593 0.019278 0.023958 0.028557 0.033271 0.037852 0.043044 0.047712 0.051635 0.055093 0.057099 0.057858 0.057534 0.056421 0.053864 0.049817 0.045884 0.041146 0.035954 0.030899 0.025661 0.020934 0.016901 0.013213 0.010153 0.007425 0.005317 0.003905 0.002616 0.001830 0.001176 0.000711 0.000496 0.000308 0.000168 0.000101 0.000063 0.000031 0.000021 0.000008 0.000001 0.000001 0.000001 0.000000 0.000000 0.000000 0.000000 0.000000 0.000000 0.000000 0.000000 
t: 0.001454005935 start: 248 end: 320 0.000001 0.000000 0.000002 0.000003 0.000011 0.000018 0.000025 0.000043 0.000069 0.000103 0.000209 0.000287 0.000448 0.000649 0.001101 0.001521 0.002147 0.003080 0.004429 0.005889 0.007998 0.010587 0.013261 0.017058 0.021383 0.025518 0.030556 0.035335 0.040359 0.045169 0.049250 0.053610 0.056284 0.057741 0.058243 0.057520 0.055886 0.052297 0.048593 0.043747 0.039105 0.033770 0.028371 0.023530 0.019171 0.015384 0.011607 0.008599 0.006333 0.004449 0.003241 0.002222 0.001412 0.000939 0.000582 0.000348 0.000209 0.000131 0.000086 0.000045 0.000018 0.000010 0.000003 0.000003 0.000001 0.000001 0.000000 0.000000 0.000000 0.000000 0.000000 0.000000 0.000000 
t: 0.001416184971 start: 250 end: 320 0.000001 0.000002 0.000000 0.000009 0.000013 0.000018 0.000029 0.000053 0.000078 0.000153 0.000219 0.000353 0.000516 0.000847 0.001224 0.001709 0.002596 0.003634 0.004918 0.006795 0.009101 0.011939 0.014985 0.018736 0.023201 0.027705 0.032780 0.038065 0.042923 0.047740 0.051863 0.054605 0.057638 0.058494 0.058569 0.056943 0.054556 0.050687 0.046514 0.041869 0.036602 0.030767 0.025697 0.021287 0.017070 0.013081 0.009977 0.007240 0.005265 0.003712 0.002603 0.001741 0.001137 0.000719 0.000433 0.000230 0.000154 0.000091 0.000063 0.000024 0.000018 0.000006 0.000000 0.000002 0.000001 0.000000 0.000000 0.000000 0.000000 0.000000 0.000000 
t: 0.001380281690 start: 250 end: 322 0.000001 0.000001 0.000000 0.000001 0.000005 0.000008 0.000013 0.000020 0.000042 0.000072 0.000084 0.000178 0.000278 0.000430 0.000615 0.000918 0.001517 0.002156 0.003055 0.004236 0.005833 0.007807 0.010559 0.013533 0.016786 0.020988 0.025432 0.030442 0.035826 0.040555 0.045993 0.050318 0.053921 0.056717 0.058371 0.059068 0.058064 0.056119 0.052677 0.048700 0.044154 0.038891 0.033361 0.028142 0.023068 0.018591 0.014555 0.011068 0.008242 0.005923 0.004299 0.003023 0.002005 0.001274 0.000866 0.000504 0.000292 0.000178 0.000096 0.000064 0.000031 0.000021 0.000007 0.000004 0.000001 0.000001 0.000000 0.000000 0.000000 0.000000 0.000000 0.000000 0.000000 
t: 0.001346153846 start: 250 end: 321 0.000001 0.000001 0.000000 0.000000 0.000000 0.000006 0.000003 0.000015 0.000011 0.000029 0.000053 0.000068 0.000132 0.000219 0.000354 0.000520 0.000820 0.001214 0.001865 0.002487 0.003610 0.005074 0.007065 0.009214 0.011999 0.015450 0.019312 0.023486 0.028573 0.033665 0.038629 0.044204 0.048768 0.052930 0.056003 0.058561 0.059109 0.058968 0.056935 0.054190 0.050430 0.046357 0.040995 0.035395 0.030048 0.025035 0.020149 0.015928 0.012068 0.009200 0.006614 0.004792 0.003292 0.002256 0.001491 0.001006 0.000608 0.000333 0.000204 0.000125 0.000062 0.000026 0.000024 0.000013 0.000004 0.000001 0.000001 0.000000 0.000000 0.000000 0.000000 0.000000 
t: 0.001313672922 start: 252 end: 323 0.000001 0.000000 0.000001 0.000002 0.000002 0.000006 0.000004 0.000013 0.000027 0.000036 0.000064 0.000127 0.000135 0.000302 0.000450 0.000685 0.001028 0.001500 0.002209 0.003166 0.004570 0.006100 0.008325 0.010843 0.014235 0.017769 0.022020 0.026611 0.031862 0.037087 0.042428 0.047689 0.051323 0.055504 0.057936 0.059866 0.059375 0.058014 0.055493 0.052389 0.047788 0.042702 0.037397 0.031719 0.026628 0.021463 0.017206 0.013139 0.009759 0.007265 0.005390 0.003567 0.002514 0.001595 0.001095 0.000692 0.000363 0.000243 0.000124 0.000074 0.000035 0.000026 0.000009 0.000007 0.000003 0.000000 0.000000 0.000000 0.000000 0.000000 0.000000 0.000000 
t: 0.001282722513 start: 252 end: 322 0.000001 0.000000 0.000000 0.000001 0.000001 0.000002 0.000003 0.000006 0.000016 0.000013 0.000031 0.000056 0.000088 0.000154 0.000219 0.000385 0.000584 0.000932 0.001320 0.001936 0.002789 0.003994 0.005416 0.007564 0.010087 0.012969 0.016650 0.020634 0.025174 0.030309 0.035504 0.040891 0.046266 0.050612 0.055025 0.057804 0.059617 0.059568 0.059031 0.057018 0.053411 0.049188 0.044294 0.038854 0.033345 0.028004 0.022754 0.018150 0.013968 0.010618 0.007760 0.005620 0.004016 0.002704 0.001782 0.001174 0.000688 0.000464 0.000221 0.000139 0.000080 0.000047 0.000033 0.000009 0.000007 0.000000 0.000000 0.000000 0.000000 0.000000 0.000000 
t: 0.001253196931 start: 257 end: 325 0.000002 0.000003 0.000002 0.000001 0.000011 0.000017 0.000028 0.000045 0.000075 0.000115 0.000204 0.000340 0.000521 0.000743 0.001215 0.001730 0.002540 0.003500 0.004920 0.006947 0.009409 0.012082 0.015616 0.019630 0.023914 0.028766 0.034237 0.039744 0.044919 0.050409 0.054132 0.057128 0.059619 0.060310 0.059429 0.057846 0.054636 0.050357 0.045626 0.040378 0.034848 0.029239 0.023585 0.019125 0.014590 0.011291 0.008255 0.005894 0.004260 0.002840 0.001878 0.001200 0.000785 0.000440 0.000281 0.000155 0.000091 0.000054 0.000027 0.000011 0.000005 0.000000 0.000000 0.000000 0.000000 0.000000 0.000000 0.000000 0.000000 
t: 0.001225000000 start: 258 end: 328 0.000002 0.000001 0.000002 0.000001 0.000007 0.000017 0.000024 0.000045 0.000058 0.000110 0.000184 0.000314 0.000443 0.000698 0.001028 0.001577 0.002279 0.003160 0.004698 0.006364 0.008628 0.011459 0.014810 0.018602 0.023149 0.027565 0.032959 0.039147 0.044093 0.049513 0.053591 0.056996 0.059447 0.060688 0.060131 0.058522 0.055466 0.051792 0.046422 0.041502 0.036062 0.029808 0.024662 0.019474 0.015575 0.011562 0.008605 0.006280 0.004404 0.002944 0.001953 0.001297 0.000782 0.000478 0.000265 0.000169 0.000094 0.000041 0.000034 0.000013 0.000002 0.000001 0.000001 0.000000 0.000000 0.000000 0.000000 0.000000 0.000000 0.000000 0.000000 
t: 0.001198044010 start: 260 end: 328 0.000001 0.000001 0.000004 0.000004 0.000009 0.000020 0.000032 0.000070 0.000103 0.000161 0.000256 0.000428 0.000625 0.000958 0.001449 0.002117 0.003024 0.004188 0.005973 0.008272 0.010763 0.014227 0.018094 0.022024 0.026956 0.032256 0.037931 0.043515 0.048542 0.053720 0.056332 0.059709 0.060898 0.060989 0.058981 0.056435 0.052134 0.047741 0.042237 0.036692 0.030970 0.024995 0.020314 0.015732 0.012136 0.008819 0.006448 0.004428 0.002957 0.002033 0.001382 0.000829 0.000454 0.000271 0.000181 0.000089 0.000049 0.000028 0.000008 0.000004 0.000002 0.000000 0.000000 0.000000 0.000000 0.000000 0.000000 0.000000 0.000000 
t: 0.001172248804 start: 261 end: 330 0.000001 0.000002 0.000002 0.000003 0.000006 0.000020 0.000032 0.000057 0.000097 0.000157 0.000232 0.000379 0.000562 0.000917 0.001323 0.001983 0.002768 0.004119 0.005625 0.007673 0.010548 0.013671 0.017360 0.021652 0.026343 0.031934 0.037265 0.042736 0.048381 0.052797 0.056737 0.059775 0.061076 0.061539 0.059663 0.056725 0.052946 0.048356 0.043003 0.037384 0.031309 0.025585 0.020609 0.016186 0.012242 0.008935 0.006433 0.004520 0.003013 0.002079 0.001339 0.000795 0.000484 0.000284 0.000164 0.000079 0.000045 0.000035 0.000010 0.000003 0.000001 0.000001 0.000000 0.000000 0.000000 0.000000 0.000000 0.000000 0.000000 0.000000 
t: 0.001147540984 start: 264 end: 331 0.000002 0.000003 0.000008 0.000012 0.000031 0.000048 0.000090 0.000143 0.000224 0.000347 0.000540 0.000840 0.001244 0.001821 0.002736 0.003903 0.005407 0.007539 0.010153 0.013102 0.017135 0.021211 0.026002 0.031303 0.037149 0.042488 0.047852 0.052776 0.056757 0.059840 0.061499 0.061642 0.060153 0.057622 0.053536 0.048691 0.043764 0.037451 0.031553 0.025826 0.020703 0.016219 0.012301 0.009044 0.006474 0.004493 0.003134 0.002043 0.001295 0.000791 0.000470 0.000292 0.000136 0.000081 0.000041 0.000026 0.000007 0.000004 0.000002 0.000001 0.000000 0.000000 0.000000 0.000000 0.000000 0.000000 0.000000 0.000000 
t: 0.001123853211 start: 265 end: 332 0.000001 0.000003 0.000010 0.000010 0.000027 0.000045 0.000080 0.000129 0.000211 0.000334 0.000501 0.000843 0.001195 0.001813 0.002527 0.003828 0.005284 0.007274 0.009857 0.012985 0.016757 0.021101 0.025670 0.031663 0.036725 0.041989 0.047974 0.052806 0.057233 0.060067 0.061737 0.061650 0.060690 0.057963 0.053705 0.049467 0.043726 0.037556 0.031606 0.026028 0.020565 0.016121 0.012275 0.009029 0.006348 0.004492 0.003080 0.001970 0.001310 0.000751 0.000441 0.000273 0.000134 0.000065 0.000043 0.000017 0.000009 0.000004 0.000002 0.000001 0.000000 0.000000 0.000000 0.000000 0.000000 0.000000 0.000000 0.000000 
t: 0.001101123596 start: 267 end: 332 0.000002 0.000011 0.000009 0.000017 0.000041 0.000073 0.000113 0.000195 0.000342 0.000518 0.000738 0.001204 0.001742 0.002516 0.003743 0.005165 0.007247 0.009705 0.012933 0.016610 0.020661 0.026126 0.031389 0.036773 0.042009 0.048253 0.052822 0.057681 0.060454 0.061671 0.062139 0.061266 0.057806 0.054356 0.049658 0.043772 0.037334 0.031501 0.025882 0.020436 0.015990 0.011936 0.008761 0.006300 0.004388 0.002988 0.001883 0.001206 0.000724 0.000422 0.000224 0.000131 0.000074 0.000027 0.000016 0.000010 0.000006 0.000001 0.000000 0.000000 0.000000 0.000000 0.000000 0.000000 0.000000 0.000000 
t: 0.001079295154 start: 268 end: 334 0.000003 0.000006 0.000007 0.000028 0.000033 0.000065 0.000112 0.000185 0.000294 0.000520 0.000744 0.001226 0.001727 0.002513 0.003600 0.005192 0.007140 0.009834 0.012851 0.016490 0.021041 0.025948 0.031387 0.037354 0.042469 0.048258 0.053598 0.057774 0.060601 0.062603 0.062097 0.061316 0.058341 0.054302 0.049143 0.043603 0.037482 0.031116 0.025508 0.020103 0.015601 0.011839 0.008495 0.006041 0.004188 0.002830 0.001764 0.001111 0.000677 0.000376 0.000227 0.000126 0.000052 0.000026 0.000024 0.000002 0.000005 0.000001 0.000001 0.000000 0.000000 0.000000 0.000000 0.000000 0.000000 0.000000 0.000000 
t: 0.001058315335 start: 268 end: 334 0.000002 0.000005 0.000003 0.000008 0.000024 0.000049 0.000062 0.000106 0.000182 0.000295 0.000496 0.000722 0.001163 0.001741 0.002621 0.003588 0.005279 0.007252 0.009860 0.012765 0.016734 0.021268 0.026226 0.031868 0.037313 0.043218 0.049282 0.054065 0.057967 0.061150 0.062624 0.062787 0.061214 0.058418 0.054107 0.049132 0.043311 0.036565 0.030884 0.024830 0.019865 0.015070 0.011447 0.008161 0.005679 0.003943 0.002618 0.001664 0.001031 0.000613 0.000335 0.000189 0.000102 0.000045 0.000028 0.000014 0.000007 0.000001 0.000002 0.000000 0.000000 0.000000 0.000000 0.000000 0.000000 0.000000 0.000000 
t: 0.001038135593 start: 269 end: 335 0.000007 0.000002 0.000002 0.000012 0.000017 0.000040 0.000074 0.000103 0.000177 0.000309 0.000494 0.000741 0.001152 0.001792 0.002538 0.003864 0.005206 0.007362 0.009970 0.013168 0.016764 0.021658 0.026744 0.032279 0.037804 0.044410 0.049440 0.054795 0.058940 0.061575 0.062908 0.062891 0.061530 0.058006 0.054142 0.048656 0.042460 0.036465 0.030084 0.024137 0.018850 0.014608 0.010926 0.007724 0.005438 0.003660 0.002403 0.001575 0.000928 0.000516 0.000307 0.000173 0.000091 0.000044 0.000023 0.000010 0.000004 0.000001 0.000001 0.000000 0.000000 0.000000 0.000000 0.000000 0.000000 0.000000 0.000000 
t: 0.001018711019 start: 269 end: 335 0.000002 0.000003 0.000003 0.000006 0.000009 0.000021 0.000035 0.000073 0.000113 0.000181 0.000304 0.000485 0.000775 0.001223 0.001722 0.002797 0.003723 0.005475 0.007556 0.010283 0.013363 0.017525 0.022131 0.027267 0.032580 0.039114 0.044727 0.050482 0.055592 0.059709 0.061823 0.063534 0.063202 0.061411 0.058076 0.053519 0.047903 0.041781 0.035590 0.029140 0.023123 0.018404 0.013985 0.010140 0.007367 0.004885 0.003384 0.002180 0.001431 0.000797 0.000509 0.000242 0.000157 0.000071 0.000038 0.000019 0.000005 0.000003 0.000002 0.000000 0.000000 0.000000 0.000000 0.000000 0.000000 0.000000 0.000000 
t: 0.001000000000 start: 269 end: 336 0.000001 0.000001 0.000004 0.000001 0.000002 0.000018 0.000020 0.000038 0.000075 0.000109 0.000190 0.000305 0.000515 0.000825 0.001230 0.001863 0.002771 0.003987 0.005657 0.007752 0.010506 0.013978 0.018066 0.022720 0.028112 0.033479 0.039987 0.045817 0.051340 0.056469 0.060207 0.062870 0.063873 0.063191 0.061591 0.057591 0.052628 0.047398 0.040591 0.034512 0.027937 0.022421 0.017557 0.013102 0.009524 0.006736 0.004614 0.002993 0.002031 0.001223 0.000709 0.000390 0.000243 0.000111 0.000064 0.000034 0.000013 0.000003 0.000004 0.000000 0.000001 0.000000 0.000000 0.000000 0.000000 0.000000 0.000000 0.000000 
