t: 0.059999999999 start: 17 end: 54 0.000001 0.000019 0.000093 0.000294 0.000820 0.002333 0.005755 0.012456 0.023683 0.041041 0.062388 0.086507 0.108348 0.121279 0.124538 0.115230 0.097234 0.074203 0.052114 0.033112 0.019335 0.010375 0.005139 0.002236 0.000929 0.000383 0.000106 0.000035 0.000011 0.000003 0.000000 0.000000 0.000000 0.000000 0.000000 0.000000 0.000000 0.000000 
t: 0.054545454544 start: 18 end: 58 0.000001 0.000007 0.000015 0.000056 0.000210 0.000581 0.001624 0.003927 0.008549 0.016973 0.029594 0.047604 0.068901 0.090707 0.108296 0.117973 0.118002 0.108018 0.090156 0.069294 0.048992 0.031729 0.018982 0.010262 0.005298 0.002483 0.001088 0.000435 0.000166 0.000050 0.000020 0.000006 0.000001 0.000000 0.000000 0.000000 0.000000 0.000000 0.000000 0.000000 0.000000 
t: 0.049999999999 start: 21 end: 62 0.000007 0.000010 0.000040 0.000151 0.000446 0.001172 0.002749 0.006077 0.011995 0.022214 0.036630 0.054560 0.074924 0.094196 0.108443 0.114121 0.112184 0.100332 0.083413 0.064378 0.044642 0.029471 0.017933 0.010090 0.005306 0.002585 0.001149 0.000503 0.000184 0.000070 0.000014 0.000006 0.000003 0.000002 0.000000 0.000000 0.000000 0.000000 0.000000 0.000000 0.000000 0.000000 
t: 0.046153846153 start: 24 end: 65 0.000008 0.000035 0.000117 0.000317 0.000871 0.002083 0.004451 0.009126 0.016854 0.028230 0.043408 0.061610 0.080803 0.096421 0.107755 0.111231 0.105238 0.093323 0.076379 0.058089 0.041102 0.026911 0.016571 0.009480 0.005119 0.002485 0.001153 0.000494 0.000224 0.000073 0.000026 0.000007 0.000005 0.000001 0.000000 0.000000 0.000000 0.000000 0.000000 0.000000 0.000000 0.000000 
t: 0.042857142857 start: 25 end: 68 0.000001 0.000008 0.000036 0.000096 0.000231 0.000651 0.001568 0.003489 0.006984 0.012925 0.022314 0.035180 0.051078 0.068429 0.085683 0.099057 0.106685 0.106077 0.098761 0.085479 0.069537 0.052285 0.036665 0.024221 0.014893 0.008664 0.004656 0.002417 0.001093 0.000513 0.000211 0.000078 0.000027 0.000002 0.000005 0.000001 0.000000 0.000000 0.000000 0.000000 0.000000 0.000000 0.000000 0.000000 
t: 0.040000000000 start: 27 end: 71 0.000002 0.000008 0.000027 0.000066 0.000190 0.000565 0.001174 0.002762 0.005563 0.010155 0.017866 0.028604 0.042977 0.058526 0.075189 0.089918 0.100182 0.104189 0.100931 0.091555 0.078611 0.061961 0.046405 0.032394 0.021319 0.013111 0.007655 0.004136 0.002129 0.000999 0.000504 0.000211 0.000073 0.000028 0.000009 0.000003 0.000003 0.000000 0.000000 0.000000 0.000000 0.000000 0.000000 0.000000 0.000000 
t: 0.037500000000 start: 29 end: 74 0.000003 0.000001 0.000020 0.000056 0.000153 0.000410 0.001075 0.002207 0.004466 0.008511 0.014522 0.023882 0.035905 0.050234 0.065988 0.080842 0.093489 0.100242 0.100579 0.095349 0.084231 0.070653 0.055067 0.040202 0.028377 0.018493 0.011224 0.006721 0.003665 0.001843 0.000894 0.000396 0.000166 0.000080 0.000038 0.000011 0.000003 0.000000 0.000002 0.000000 0.000000 0.000000 0.000000 0.000000 0.000000 0.000000 
t: 0.035294117647 start: 32 end: 77 0.000007 0.000022 0.000047 0.000147 0.000334 0.000834 0.001907 0.003792 0.007159 0.012284 0.019901 0.030480 0.043234 0.058484 0.073045 0.086425 0.095420 0.098561 0.095880 0.088548 0.076725 0.062491 0.048337 0.035155 0.024131 0.015472 0.009665 0.005506 0.003023 0.001537 0.000791 0.000364 0.000158 0.000078 0.000037 0.000012 0.000005 0.000002 0.000000 0.000000 0.000000 0.000000 0.000000 0.000000 0.000000 0.000000 
t: 0.033333333333 start: 33 end: 80 0.000002 0.000001 0.000016 0.000050 0.000116 0.000316 0.000753 0.001558 0.003309 0.006066 0.010487 0.017204 0.026434 0.037671 0.051672 0.066069 0.079639 0.089629 0.095837 0.095908 0.090274 0.081200 0.068509 0.055552 0.041600 0.029688 0.020196 0.012924 0.007885 0.004551 0.002434 0.001274 0.000655 0.000292 0.000126 0.000055 0.000031 0.000011 0.000005 0.000001 0.000000 0.000000 0.000000 0.000000 0.000000 0.000000 0.000000 0.000000 
t: 0.031578947368 start: 34 end: 83 0.000001 0.000001 0.000004 0.000018 0.000038 0.000104 0.000294 0.000648 0.001454 0.002803 0.005262 0.009162 0.014872 0.022974 0.033543 0.046273 0.060231 0.073358 0.084366 0.091703 0.094558 0.091446 0.084135 0.073355 0.060779 0.047235 0.035449 0.024700 0.016552 0.010602 0.006533 0.003660 0.001969 0.001011 0.000492 0.000233 0.000103 0.000042 0.000020 0.000013 0.000002 0.000002 0.000000 0.000000 0.000000 0.000000 0.000000 0.000000 0.000000 0.000000 
t: 0.030000000000 start: 36 end: 85 0.000001 0.000001 0.000002 0.000014 0.000048 0.000102 0.000291 0.000589 0.001242 0.002532 0.004659 0.008206 0.013235 0.020534 0.030234 0.041824 0.055023 0.067720 0.079022 0.087558 0.092065 0.091236 0.086360 0.076743 0.065487 0.052735 0.040319 0.029101 0.020416 0.013378 0.008499 0.004954 0.002859 0.001515 0.000769 0.000383 0.000196 0.000086 0.000037 0.000018 0.000004 0.000003 0.000000 0.000000 0.000000 0.000000 0.000000 0.000000 0.000000 0.000000 
t: 0.028571428571 start: 38 end: 88 0.000001 0.000000 0.000004 0.000021 0.000044 0.000106 0.000255 0.000553 0.001143 0.002279 0.004278 0.007402 0.011890 0.018888 0.027366 0.038288 0.050504 0.063053 0.074856 0.084091 0.088596 0.090566 0.086731 0.079212 0.068682 0.056854 0.044828 0.033776 0.023932 0.016280 0.010592 0.006684 0.003828 0.002173 0.001146 0.000568 0.000299 0.000138 0.000054 0.000024 0.000009 0.000004 0.000001 0.000000 0.000001 0.000000 0.000000 0.000000 0.000000 0.000000 0.000000 
t: 0.027272727273 start: 39 end: 91 0.000001 0.000000 0.000002 0.000005 0.000018 0.000042 0.000106 0.000225 0.000516 0.001089 0.002176 0.003805 0.006788 0.011104 0.017345 0.025355 0.035289 0.047141 0.059294 0.070250 0.079769 0.086675 0.088365 0.087145 0.080812 0.071171 0.060625 0.048704 0.037489 0.027474 0.019079 0.012803 0.008122 0.005061 0.002949 0.001560 0.000828 0.000426 0.000234 0.000088 0.000034 0.000019 0.000011 0.000003 0.000001 0.000000 0.000002 0.000000 0.000000 0.000000 0.000000 0.000000 0.000000 
t: 0.026086956522 start: 42 end: 95 0.000001 0.000004 0.000004 0.000021 0.000038 0.000100 0.000228 0.000529 0.001027 0.002041 0.003577 0.006435 0.010369 0.016085 0.023644 0.033104 0.044002 0.055944 0.067078 0.076774 0.083316 0.086584 0.086552 0.081465 0.073088 0.063425 0.052085 0.040774 0.030575 0.021968 0.014975 0.009858 0.006103 0.003804 0.002100 0.001184 0.000577 0.000276 0.000163 0.000073 0.000031 0.000010 0.000005 0.000001 0.000001 0.000002 0.000000 0.000000 0.000000 0.000000 0.000000 0.000000 0.000000 0.000000 
t: 0.025000000000 start: 44 end: 98 0.000002 0.000003 0.000009 0.000012 0.000040 0.000098 0.000245 0.000479 0.001057 0.001949 0.003459 0.006109 0.009881 0.015224 0.022350 0.031280 0.041478 0.052991 0.063960 0.073771 0.080713 0.085236 0.085168 0.081732 0.074534 0.065630 0.054804 0.043305 0.033485 0.024644 0.017169 0.011336 0.007435 0.004562 0.002738 0.001467 0.000815 0.000445 0.000202 0.000103 0.000047 0.000014 0.000008 0.000007 0.000002 0.000001 0.000001 0.000000 0.000000 0.000000 0.000000 0.000000 0.000000 0.000000 0.000000 
t: 0.024000000000 start: 46 end: 100 0.000001 0.000003 0.000010 0.000015 0.000041 0.000104 0.000221 0.000527 0.001033 0.001904 0.003505 0.005818 0.009450 0.014700 0.021228 0.029817 0.039947 0.050454 0.061239 0.070956 0.078901 0.083283 0.084330 0.081721 0.075544 0.066820 0.056274 0.045847 0.035941 0.027014 0.019057 0.012728 0.008719 0.005539 0.003295 0.001888 0.001026 0.000592 0.000271 0.000123 0.000060 0.000028 0.000009 0.000006 0.000007 0.000003 0.000000 0.000000 0.000001 0.000000 0.000000 0.000000 0.000000 0.000000 0.000000 
t: 0.023076923077 start: 48 end: 103 0.000001 0.000002 0.000019 0.000021 0.000046 0.000129 0.000241 0.000544 0.001046 0.001922 0.003401 0.005777 0.009299 0.014100 0.020638 0.028929 0.038438 0.048874 0.058546 0.068850 0.076898 0.081410 0.083307 0.081262 0.075546 0.067915 0.058201 0.047954 0.037885 0.028515 0.020851 0.014388 0.009745 0.006400 0.003860 0.002318 0.001319 0.000711 0.000367 0.000167 0.000092 0.000032 0.000018 0.000008 0.000005 0.000001 0.000001 0.000001 0.000000 0.000000 0.000000 0.000000 0.000000 0.000000 0.000000 0.000000 
t: 0.022222222222 start: 50 end: 103 0.000001 0.000009 0.000010 0.000024 0.000054 0.000119 0.000268 0.000579 0.001083 0.001978 0.003468 0.005756 0.009212 0.013839 0.020105 0.028190 0.037226 0.047175 0.057512 0.066905 0.074388 0.080047 0.082141 0.080683 0.075831 0.068150 0.059235 0.049385 0.039411 0.030648 0.022181 0.015920 0.010751 0.007164 0.004495 0.002689 0.001580 0.000871 0.000467 0.000223 0.000125 0.000051 0.000027 0.000012 0.000009 0.000000 0.000003 0.000000 0.000000 0.000000 0.000000 0.000000 0.000000 0.000000 
t: 0.021428571428 start: 51 end: 108 0.000001 0.000007 0.000004 0.000013 0.000020 0.000065 0.000128 0.000283 0.000583 0.001178 0.002056 0.003463 0.005940 0.009186 0.013854 0.020002 0.027458 0.036714 0.046127 0.056400 0.064994 0.073515 0.078387 0.080776 0.079470 0.075304 0.068918 0.059969 0.050339 0.040564 0.031946 0.023555 0.016898 0.011858 0.007801 0.005082 0.003119 0.001764 0.001109 0.000567 0.000295 0.000144 0.000061 0.000045 0.000026 0.000008 0.000001 0.000001 0.000001 0.000001 0.000000 0.000000 0.000000 0.000000 0.000000 0.000000 0.000000 0.000000 
t: 0.020689655172 start: 53 end: 110 0.000002 0.000004 0.000007 0.000007 0.000031 0.000061 0.000157 0.000328 0.000655 0.001203 0.002200 0.003678 0.006008 0.009189 0.013825 0.020028 0.027441 0.036324 0.045394 0.055189 0.064236 0.071661 0.077292 0.079722 0.078750 0.074768 0.068685 0.060699 0.051070 0.041698 0.032598 0.024499 0.017898 0.012530 0.008425 0.005488 0.003559 0.002116 0.001152 0.000708 0.000362 0.000179 0.000088 0.000043 0.000022 0.000011 0.000003 0.000005 0.000001 0.000001 0.000000 0.000000 0.000000 0.000000 0.000000 0.000000 0.000000 0.000000 
t: 0.020000000000 start: 55 end: 111 0.000002 0.000006 0.000006 0.000014 0.000034 0.000087 0.000179 0.000383 0.000699 0.001286 0.002241 0.003869 0.006165 0.009393 0.014397 0.019977 0.027440 0.035953 0.045203 0.054419 0.063449 0.070855 0.075949 0.078484 0.078127 0.074659 0.068083 0.060596 0.051455 0.042169 0.033337 0.025319 0.018569 0.013270 0.008882 0.006013 0.003797 0.002203 0.001372 0.000762 0.000433 0.000240 0.000117 0.000059 0.000027 0.000010 0.000007 0.000002 0.000000 0.000002 0.000000 0.000000 0.000000 0.000000 0.000000 0.000000 0.000000 
t: 0.019354838710 start: 56 end: 113 0.000001 0.000002 0.000005 0.000005 0.000019 0.000045 0.000088 0.000212 0.000400 0.000798 0.001397 0.002457 0.004008 0.006522 0.009912 0.014436 0.020384 0.027622 0.036120 0.044979 0.054415 0.062802 0.069648 0.075563 0.077442 0.076901 0.073576 0.068053 0.060490 0.051152 0.042249 0.033725 0.026165 0.019280 0.013436 0.009556 0.006263 0.004069 0.002441 0.001467 0.000891 0.000474 0.000265 0.000140 0.000068 0.000035 0.000014 0.000001 0.000004 0.000000 0.000003 0.000000 0.000000 0.000000 0.000000 0.000000 0.000000 0.000000 
t: 0.018750000000 start: 57 end: 115 0.000001 0.000002 0.000000 0.000004 0.000006 0.000020 0.000054 0.000128 0.000233 0.000487 0.000875 0.001561 0.002516 0.004383 0.006696 0.010404 0.015146 0.020794 0.028001 0.036417 0.045215 0.054294 0.062247 0.069710 0.074484 0.076666 0.075762 0.073083 0.067348 0.059520 0.051080 0.042209 0.033925 0.026276 0.019542 0.014139 0.009809 0.006584 0.004159 0.002634 0.001509 0.000983 0.000499 0.000290 0.000166 0.000071 0.000041 0.000015 0.000003 0.000003 0.000005 0.000001 0.000000 0.000000 0.000000 0.000000 0.000000 0.000000 0.000000 
t: 0.018181818182 start: 59 end: 118 0.000001 0.000002 0.000000 0.000005 0.000014 0.000033 0.000072 0.000149 0.000277 0.000489 0.000998 0.001754 0.002886 0.004639 0.007124 0.010749 0.015784 0.021536 0.028598 0.036873 0.045551 0.054295 0.062841 0.069306 0.073296 0.075871 0.075340 0.071680 0.066793 0.058846 0.050547 0.042018 0.033755 0.026286 0.019809 0.014324 0.009857 0.006655 0.004400 0.002736 0.001606 0.000969 0.000576 0.000332 0.000161 0.000079 0.000055 0.000016 0.000005 0.000007 0.000001 0.000002 0.000002 0.000000 0.000000 0.000000 0.000000 0.000000 0.000000 0.000000 
t: 0.017647058823 start: 60 end: 120 0.000001 0.000000 0.000001 0.000001 0.000009 0.000020 0.000041 0.000087 0.000186 0.000311 0.000588 0.001098 0.001972 0.003137 0.005001 0.007811 0.011409 0.016436 0.022647 0.029413 0.037260 0.046186 0.054889 0.062721 0.068855 0.073038 0.075070 0.074008 0.070909 0.065484 0.058175 0.049935 0.041999 0.033084 0.025991 0.019685 0.014302 0.010076 0.006818 0.004502 0.002794 0.001707 0.001081 0.000570 0.000307 0.000190 0.000097 0.000050 0.000021 0.000015 0.000004 0.000004 0.000003 0.000000 0.000001 0.000000 0.000000 0.000000 0.000000 0.000000 0.000000 
t: 0.017142857143 start: 62 end: 121 0.000001 0.000000 0.000002 0.000002 0.000016 0.000024 0.000056 0.000112 0.000192 0.000386 0.000687 0.001254 0.002168 0.003513 0.005493 0.008329 0.012459 0.017026 0.023508 0.030201 0.038651 0.046806 0.055640 0.062519 0.068597 0.073157 0.073815 0.073556 0.070124 0.064263 0.056825 0.049328 0.040939 0.032802 0.025669 0.019334 0.014255 0.010073 0.006762 0.004513 0.002741 0.001820 0.001061 0.000602 0.000336 0.000182 0.000094 0.000057 0.000022 0.000016 0.000005 0.000006 0.000000 0.000000 0.000000 0.000001 0.000000 0.000000 0.000000 0.000000 
t: 0.016666666667 start: 66 end: 125 0.000005 0.000006 0.000015 0.000039 0.000075 0.000126 0.000233 0.000441 0.000841 0.001462 0.002400 0.003948 0.006091 0.009239 0.013017 0.018097 0.024347 0.031806 0.039719 0.047662 0.055788 0.063467 0.068800 0.072452 0.073205 0.072498 0.068879 0.063176 0.055624 0.048169 0.039757 0.032605 0.025189 0.019048 0.013770 0.009804 0.006703 0.004500 0.002813 0.001763 0.001032 0.000636 0.000347 0.000201 0.000097 0.000058 0.000025 0.000013 0.000007 0.000002 0.000001 0.000000 0.000002 0.000000 0.000000 0.000000 0.000000 0.000000 0.000000 0.000000 
t: 0.016216216216 start: 68 end: 128 0.000006 0.000009 0.000024 0.000053 0.000089 0.000133 0.000284 0.000561 0.000956 0.001677 0.002912 0.004453 0.006636 0.009927 0.013979 0.019350 0.025660 0.032893 0.040855 0.049126 0.057059 0.063817 0.068807 0.071981 0.072769 0.071030 0.067603 0.061943 0.054381 0.046837 0.039063 0.031331 0.024421 0.018509 0.013364 0.009512 0.006620 0.004336 0.002822 0.001741 0.001077 0.000626 0.000360 0.000192 0.000111 0.000050 0.000028 0.000015 0.000003 0.000004 0.000001 0.000003 0.000000 0.000001 0.000000 0.000000 0.000000 0.000000 0.000000 0.000000 0.000000 
t: 0.015789473684 start: 68 end: 130 0.000001 0.000004 0.000007 0.000012 0.000033 0.000057 0.000104 0.000188 0.000357 0.000662 0.001147 0.001990 0.003154 0.005049 0.007491 0.010671 0.015129 0.020649 0.027096 0.034722 0.042719 0.050077 0.057934 0.064285 0.068801 0.071733 0.071910 0.070084 0.065931 0.060427 0.053006 0.045731 0.037814 0.029973 0.023667 0.017443 0.013258 0.009243 0.006268 0.004250 0.002765 0.001764 0.000993 0.000643 0.000407 0.000150 0.000106 0.000047 0.000027 0.000010 0.000004 0.000003 0.000002 0.000001 0.000000 0.000001 0.000000 0.000000 0.000000 0.000000 0.000000 0.000000 0.000000 
t: 0.015384615385 start: 69 end: 131 0.000001 0.000002 0.000008 0.000004 0.000017 0.000036 0.000081 0.000142 0.000246 0.000465 0.000784 0.001351 0.002317 0.003661 0.005576 0.008308 0.011840 0.016429 0.022177 0.029058 0.036210 0.043736 0.052001 0.058591 0.064989 0.069095 0.071135 0.071152 0.069210 0.064268 0.058632 0.051729 0.043924 0.036236 0.029003 0.022513 0.017019 0.012563 0.008790 0.006039 0.003947 0.002675 0.001665 0.001055 0.000608 0.000350 0.000172 0.000083 0.000062 0.000024 0.000007 0.000008 0.000003 0.000002 0.000000 0.000001 0.000000 0.000000 0.000000 0.000000 0.000000 0.000000 0.000000 
t: 0.015000000000 start: 70 end: 133 0.000001 0.000001 0.000005 0.000005 0.000008 0.000018 0.000060 0.000104 0.000171 0.000332 0.000508 0.001013 0.001640 0.002670 0.004226 0.006398 0.009253 0.012998 0.018057 0.023941 0.030570 0.038219 0.045450 0.053170 0.060338 0.064995 0.069412 0.070567 0.070536 0.067400 0.062926 0.056596 0.049973 0.042280 0.034728 0.027746 0.021405 0.016374 0.011773 0.008251 0.005711 0.003839 0.002584 0.001587 0.000913 0.000571 0.000321 0.000170 0.000086 0.000052 0.000031 0.000008 0.000004 0.000003 0.000001 0.000001 0.000000 0.000000 0.000000 0.000000 0.000000 0.000000 0.000000 0.000000 
t: 0.014634146341 start: 72 end: 133 0.000001 0.000001 0.000006 0.000005 0.000015 0.000031 0.000062 0.000127 0.000238 0.000384 0.000696 0.001228 0.001860 0.003190 0.004998 0.007085 0.010466 0.014485 0.019487 0.025745 0.032421 0.039990 0.047870 0.054761 0.060910 0.066060 0.069143 0.070155 0.069032 0.066187 0.060879 0.055060 0.047897 0.040444 0.033076 0.026400 0.020459 0.015268 0.011182 0.007768 0.005432 0.003556 0.002363 0.001526 0.000886 0.000519 0.000310 0.000147 0.000091 0.000058 0.000019 0.000008 0.000004 0.000009 0.000000 0.000000 0.000000 0.000000 0.000000 0.000000 0.000000 0.000000 
t: 0.014285714286 start: 72 end: 136 0.000001 0.000001 0.000001 0.000001 0.000005 0.000009 0.000026 0.000041 0.000082 0.000140 0.000308 0.000511 0.000850 0.001416 0.002410 0.003713 0.005631 0.008210 0.011788 0.015876 0.021412 0.027898 0.034242 0.042085 0.049724 0.056015 0.062442 0.066487 0.069081 0.069640 0.067904 0.064123 0.059610 0.052943 0.045477 0.038533 0.031481 0.024830 0.019191 0.014414 0.010321 0.007287 0.005048 0.003336 0.002150 0.001420 0.000835 0.000492 0.000238 0.000168 0.000071 0.000040 0.000020 0.000011 0.000008 0.000002 0.000001 0.000000 0.000000 0.000000 0.000000 0.000000 0.000000 0.000000 0.000000 
t: 0.013953488372 start: 73 end: 137 0.000001 0.000000 0.000001 0.000001 0.000001 0.000004 0.000016 0.000037 0.000063 0.000114 0.000190 0.000351 0.000627 0.001072 0.001799 0.002872 0.004424 0.006379 0.009463 0.013127 0.017804 0.023358 0.029876 0.036564 0.044221 0.051605 0.057710 0.063170 0.067286 0.068987 0.068638 0.066782 0.062981 0.056646 0.050844 0.043446 0.036470 0.029763 0.023336 0.017763 0.013075 0.009737 0.006729 0.004561 0.003093 0.001946 0.001303 0.000790 0.000435 0.000245 0.000144 0.000075 0.000034 0.000022 0.000012 0.000005 0.000001 0.000001 0.000000 0.000000 0.000000 0.000000 0.000000 0.000000 0.000000 
t: 0.013636363636 start: 75 end: 139 0.000002 0.000000 0.000001 0.000001 0.000002 0.000006 0.000018 0.000047 0.000079 0.000146 0.000266 0.000460 0.000788 0.001336 0.002181 0.003437 0.005150 0.007413 0.010621 0.014980 0.019620 0.025553 0.032222 0.039100 0.046289 0.052802 0.059904 0.064086 0.067496 0.068827 0.068122 0.065003 0.060648 0.054843 0.048686 0.041019 0.033897 0.027759 0.021961 0.016503 0.012274 0.008714 0.006270 0.004192 0.002749 0.001854 0.001084 0.000714 0.000391 0.000225 0.000120 0.000065 0.000041 0.000020 0.000008 0.000003 0.000001 0.000001 0.000000 0.000000 0.000000 0.000000 0.000000 0.000000 0.000000 
t: 0.013333333333 start: 76 end: 139 0.000001 0.000000 0.000000 0.000001 0.000002 0.000003 0.000013 0.000034 0.000062 0.000100 0.000194 0.000332 0.000613 0.001012 0.001624 0.002622 0.003949 0.006008 0.008698 0.012292 0.016588 0.021857 0.027964 0.034700 0.041558 0.048607 0.055286 0.060908 0.064803 0.067746 0.067783 0.067109 0.063833 0.057989 0.053013 0.045417 0.038684 0.032098 0.025905 0.020092 0.015322 0.011299 0.008022 0.005570 0.003683 0.002519 0.001641 0.001040 0.000612 0.000355 0.000211 0.000103 0.000060 0.000031 0.000019 0.000009 0.000003 0.000001 0.000000 0.000000 0.000000 0.000000 0.000000 0.000000 
t: 0.013043478261 start: 79 end: 142 0.000002 0.000000 0.000000 0.000005 0.000014 0.000016 0.000037 0.000079 0.000136 0.000235 0.000435 0.000801 0.001293 0.002030 0.003188 0.004852 0.006975 0.010156 0.013920 0.018647 0.024073 0.030584 0.037055 0.044208 0.050845 0.057483 0.061975 0.065870 0.067258 0.067024 0.065587 0.061591 0.056370 0.049772 0.043194 0.036555 0.029842 0.023662 0.018511 0.014101 0.010238 0.007174 0.005020 0.003365 0.002216 0.001440 0.000897 0.000573 0.000313 0.000196 0.000083 0.000049 0.000028 0.000011 0.000010 0.000004 0.000001 0.000001 0.000000 0.000000 0.000000 0.000000 0.000000 0.000000 
t: 0.012765957447 start: 80 end: 144 0.000001 0.000000 0.000001 0.000002 0.000004 0.000012 0.000042 0.000047 0.000116 0.000195 0.000295 0.000636 0.000962 0.001558 0.002595 0.003835 0.005750 0.008477 0.011615 0.015901 0.020743 0.026687 0.033043 0.039923 0.046661 0.053530 0.058758 0.063255 0.065839 0.067416 0.066661 0.063424 0.058997 0.053888 0.047565 0.040529 0.033862 0.027655 0.021884 0.016888 0.012626 0.009086 0.006487 0.004461 0.002995 0.002004 0.001263 0.000730 0.000474 0.000277 0.000167 0.000090 0.000042 0.000021 0.000016 0.000005 0.000001 0.000003 0.000000 0.000000 0.000000 0.000000 0.000000 0.000000 0.000000 
t: 0.012500000000 start: 81 end: 145 0.000001 0.000000 0.000001 0.000000 0.000004 0.000009 0.000025 0.000040 0.000085 0.000149 0.000253 0.000433 0.000776 0.001288 0.002027 0.003086 0.004765 0.006928 0.009840 0.013263 0.017778 0.023250 0.029497 0.035966 0.042438 0.049396 0.055550 0.060477 0.063961 0.066613 0.066549 0.065331 0.061457 0.056826 0.051181 0.044610 0.037947 0.031275 0.025598 0.019926 0.015243 0.011248 0.008093 0.005859 0.003970 0.002657 0.001684 0.001069 0.000656 0.000409 0.000221 0.000142 0.000074 0.000032 0.000023 0.000013 0.000003 0.000004 0.000001 0.000000 0.000000 0.000000 0.000000 0.000000 0.000000 
t: 0.012244897959 start: 81 end: 146 0.000001 0.000000 0.000000 0.000000 0.000001 0.000002 0.000007 0.000020 0.000037 0.000053 0.000113 0.000206 0.000357 0.000601 0.000992 0.001580 0.002543 0.003869 0.005743 0.008118 0.011283 0.015444 0.020363 0.026073 0.032298 0.038222 0.045608 0.052043 0.056953 0.061947 0.065114 0.066290 0.065965 0.063641 0.059334 0.054287 0.048363 0.041659 0.035355 0.029011 0.022965 0.018037 0.013706 0.010058 0.007143 0.005079 0.003508 0.002303 0.001441 0.000952 0.000562 0.000320 0.000195 0.000114 0.000063 0.000031 0.000012 0.000004 0.000007 0.000003 0.000000 0.000000 0.000001 0.000000 0.000000 0.000000 
t: 0.012000000000 start: 82 end: 147 0.000001 0.000000 0.000000 0.000000 0.000000 0.000002 0.000007 0.000010 0.000026 0.000044 0.000096 0.000168 0.000278 0.000442 0.000799 0.001313 0.002029 0.003259 0.004709 0.006863 0.009591 0.013293 0.017793 0.022756 0.028695 0.034980 0.041810 0.048108 0.054163 0.059306 0.063029 0.065601 0.065955 0.064319 0.061597 0.057219 0.051692 0.045317 0.038910 0.032420 0.026422 0.020913 0.016264 0.012127 0.008779 0.006398 0.004343 0.003066 0.001935 0.001253 0.000826 0.000441 0.000285 0.000168 0.000079 0.000055 0.000022 0.000010 0.000008 0.000001 0.000004 0.000000 0.000000 0.000000 0.000001 0.000000 
t: 0.011764705882 start: 83 end: 146 0.000001 0.000000 0.000000 0.000000 0.000000 0.000001 0.000004 0.000008 0.000017 0.000033 0.000065 0.000138 0.000200 0.000391 0.000613 0.001047 0.001683 0.002712 0.003999 0.005819 0.008127 0.011506 0.015334 0.020082 0.025674 0.031511 0.038221 0.044660 0.050830 0.056529 0.061060 0.064278 0.065126 0.064896 0.062994 0.059570 0.054505 0.048669 0.042451 0.035956 0.029584 0.024003 0.018720 0.014342 0.010636 0.007836 0.005552 0.003831 0.002521 0.001639 0.001048 0.000677 0.000395 0.000246 0.000115 0.000071 0.000039 0.000012 0.000012 0.000010 0.000000 0.000000 0.000000 0.000000 
t: 0.011538461538 start: 84 end: 150 0.000001 0.000000 0.000000 0.000000 0.000000 0.000000 0.000004 0.000007 0.000016 0.000021 0.000052 0.000103 0.000163 0.000293 0.000478 0.000914 0.001396 0.002170 0.003321 0.004892 0.006992 0.009881 0.013279 0.017750 0.022893 0.028679 0.034629 0.041188 0.047609 0.053693 0.058558 0.062462 0.064525 0.065109 0.063964 0.061290 0.056409 0.051935 0.045734 0.039093 0.033074 0.026713 0.021415 0.016734 0.012709 0.009312 0.006897 0.004740 0.003240 0.002070 0.001341 0.000915 0.000558 0.000336 0.000198 0.000119 0.000066 0.000029 0.000023 0.000002 0.000003 0.000001 0.000001 0.000000 0.000000 0.000001 0.000000 
t: 0.011320754717 start: 86 end: 153 0.000001 0.000000 0.000000 0.000000 0.000001 0.000002 0.000008 0.000007 0.000023 0.000029 0.000064 0.000147 0.000237 0.000432 0.000701 0.001177 0.001797 0.002794 0.004086 0.006207 0.008368 0.011907 0.015379 0.020237 0.025933 0.031715 0.038126 0.044147 0.050363 0.056059 0.060383 0.063681 0.064768 0.064036 0.062186 0.059178 0.054384 0.048413 0.042498 0.035890 0.030091 0.024137 0.019241 0.014658 0.011061 0.008090 0.005877 0.004004 0.002689 0.001844 0.001167 0.000713 0.000431 0.000270 0.000175 0.000094 0.000049 0.000026 0.000011 0.000004 0.000002 0.000001 0.000000 0.000001 0.000000 0.000000 0.000000 0.000000 
t: 0.011111111111 start: 89 end: 154 0.000001 0.000000 0.000000 0.000003 0.000005 0.000007 0.000012 0.000022 0.000062 0.000108 0.000205 0.000310 0.000637 0.000943 0.001499 0.002424 0.003609 0.005057 0.007422 0.010206 0.013686 0.018105 0.023033 0.028908 0.035284 0.041567 0.047208 0.053274 0.057929 0.062174 0.063895 0.064269 0.063176 0.060539 0.056259 0.051462 0.045333 0.039117 0.032829 0.026911 0.021852 0.016808 0.012864 0.009572 0.006887 0.004982 0.003366 0.002364 0.001461 0.000900 0.000598 0.000349 0.000228 0.000129 0.000077 0.000040 0.000020 0.000006 0.000006 0.000000 0.000000 0.000001 0.000000 0.000000 0.000000 0.000000 
t: 0.010909090909 start: 89 end: 156 0.000001 0.000000 0.000000 0.000000 0.000002 0.000002 0.000009 0.000005 0.000020 0.000051 0.000093 0.000161 0.000268 0.000480 0.000782 0.001311 0.002061 0.003029 0.004410 0.006382 0.008920 0.012178 0.016261 0.020679 0.026352 0.032366 0.038643 0.044535 0.050679 0.056038 0.060355 0.062369 0.063685 0.063716 0.061633 0.058253 0.053318 0.047872 0.042063 0.035612 0.029991 0.024342 0.019208 0.014756 0.011184 0.008017 0.005948 0.004200 0.002783 0.001868 0.001180 0.000724 0.000522 0.000308 0.000163 0.000095 0.000068 0.000025 0.000010 0.000009 0.000001 0.000002 0.000002 0.000000 0.000000 0.000000 0.000000 0.000000 
t: 0.010714285714 start: 91 end: 158 0.000001 0.000000 0.000001 0.000000 0.000002 0.000002 0.000007 0.000020 0.000040 0.000079 0.000132 0.000221 0.000375 0.000670 0.001080 0.001770 0.002546 0.003902 0.005562 0.007852 0.010908 0.014384 0.018702 0.024085 0.029557 0.035727 0.041890 0.048089 0.053431 0.058023 0.061591 0.063434 0.063767 0.062282 0.059418 0.055237 0.050335 0.044833 0.038456 0.032477 0.026676 0.021558 0.016707 0.012835 0.009598 0.006991 0.004961 0.003479 0.002247 0.001538 0.000967 0.000636 0.000413 0.000217 0.000120 0.000082 0.000041 0.000026 0.000012 0.000005 0.000002 0.000000 0.000001 0.000000 0.000000 0.000000 0.000000 0.000000 
t: 0.010526315789 start: 92 end: 160 0.000001 0.000000 0.000001 0.000000 0.000002 0.000003 0.000004 0.000014 0.000033 0.000057 0.000106 0.000201 0.000332 0.000556 0.000918 0.001447 0.002268 0.003438 0.004805 0.007050 0.009566 0.012829 0.017087 0.021905 0.027302 0.032968 0.039114 0.045408 0.050997 0.056107 0.060182 0.062480 0.063612 0.062960 0.060257 0.056993 0.052533 0.047280 0.041092 0.034908 0.028954 0.023808 0.018637 0.014679 0.011033 0.008186 0.005766 0.004149 0.002839 0.001874 0.001273 0.000772 0.000540 0.000278 0.000174 0.000093 0.000054 0.000038 0.000021 0.000013 0.000001 0.000000 0.000001 0.000001 0.000000 0.000000 0.000000 0.000000 0.000000 
t: 0.010344827586 start: 95 end: 164 0.000001 0.000000 0.000002 0.000001 0.000007 0.000011 0.000028 0.000045 0.000093 0.000174 0.000272 0.000471 0.000782 0.001234 0.001957 0.002952 0.004277 0.006291 0.008528 0.011555 0.015429 0.019968 0.024990 0.030851 0.036920 0.042658 0.048537 0.054253 0.058346 0.061328 0.062984 0.062948 0.061564 0.058317 0.054264 0.048967 0.043283 0.037623 0.031591 0.025934 0.020998 0.016160 0.012631 0.009385 0.006836 0.004884 0.003293 0.002312 0.001486 0.000999 0.000681 0.000380 0.000206 0.000141 0.000074 0.000048 0.000030 0.000009 0.000004 0.000003 0.000001 0.000002 0.000001 0.000000 0.000000 0.000000 0.000000 0.000000 0.000000 0.000000 
t: 0.010169491525 start: 98 end: 167 0.000002 0.000001 0.000004 0.000014 0.000021 0.000046 0.000062 0.000154 0.000242 0.000420 0.000658 0.001144 0.001653 0.002513 0.003816 0.005526 0.007697 0.010465 0.014121 0.018016 0.023355 0.028388 0.034350 0.040525 0.046429 0.051817 0.056358 0.060126 0.062318 0.062775 0.061740 0.059730 0.055931 0.050886 0.045883 0.039667 0.033696 0.028198 0.023094 0.018204 0.014029 0.010655 0.007886 0.005699 0.003969 0.002747 0.001780 0.001220 0.000791 0.000512 0.000278 0.000174 0.000086 0.000050 0.000039 0.000017 0.000012 0.000005 0.000002 0.000002 0.000001 0.000001 0.000000 0.000000 0.000000 0.000000 0.000000 0.000000 0.000000 0.000000 
t: 0.010000000000 start: 100 end: 167 0.000002 0.000005 0.000007 0.000013 0.000037 0.000055 0.000133 0.000212 0.000350 0.000611 0.000942 0.001428 0.002259 0.003361 0.004961 0.006908 0.009332 0.012775 0.016791 0.021218 0.026479 0.032451 0.037983 0.044135 0.049866 0.054832 0.058164 0.061466 0.062913 0.062142 0.060181 0.057106 0.052698 0.047607 0.042152 0.035840 0.030376 0.024913 0.020224 0.015609 0.011986 0.008991 0.006519 0.004713 0.003185 0.002169 0.001442 0.000996 0.000593 0.000337 0.000238 0.000125 0.000068 0.000048 0.000027 0.000011 0.000011 0.000001 0.000002 0.000000 0.000000 0.000001 0.000000 0.000000 0.000000 0.000000 0.000000 0.000000 
t: 0.008448275866 start: 111 end: 182 0.000001 0.000000 0.000001 0.000006 0.000006 0.000014 0.000025 0.000064 0.000114 0.000175 0.000324 0.000467 0.000752 0.001209 0.001827 0.002706 0.004018 0.005597 0.007801 0.010218 0.013491 0.017479 0.021850 0.026511 0.032060 0.037418 0.042996 0.047853 0.052070 0.056044 0.058585 0.059517 0.059802 0.058001 0.055679 0.052191 0.047422 0.041992 0.036736 0.031635 0.026247 0.021623 0.017515 0.013479 0.010365 0.007653 0.005890 0.004111 0.002888 0.002044 0.001286 0.000845 0.000492 0.000370 0.000208 0.000138 0.000076 0.000059 0.000022 0.000013 0.000009 0.000006 0.000002 0.000001 0.000000 0.000000 0.000001 0.000000 0.000000 0.000000 0.000000 0.000000 
t: 0.007313432839 start: 122 end: 193 0.000001 0.000000 0.000001 0.000003 0.000008 0.000015 0.000024 0.000047 0.000077 0.000127 0.000201 0.000311 0.000527 0.000842 0.001279 0.001904 0.002711 0.003886 0.005438 0.007324 0.009799 0.012680 0.016283 0.020472 0.025211 0.029916 0.034754 0.039868 0.044695 0.048958 0.052839 0.055649 0.057399 0.057948 0.057345 0.055339 0.052658 0.048523 0.044336 0.039045 0.034284 0.029331 0.024449 0.019996 0.016074 0.012677 0.009639 0.007304 0.005429 0.003843 0.002818 0.002057 0.001318 0.000885 0.000559 0.000350 0.000227 0.000130 0.000079 0.000039 0.000028 0.000020 0.000013 0.000005 0.000003 0.000000 0.000000 0.000000 0.000000 0.000000 0.000000 0.000000 
t: 0.006447368423 start: 132 end: 206 0.000002 0.000000 0.000003 0.000000 0.000004 0.000016 0.000021 0.000019 0.000063 0.000086 0.000168 0.000256 0.000419 0.000649 0.000964 0.001439 0.002012 0.002955 0.004147 0.005794 0.007575 0.010201 0.012940 0.016551 0.020643 0.024778 0.029531 0.034384 0.039121 0.043527 0.048448 0.051612 0.054390 0.056074 0.056473 0.055798 0.054422 0.051635 0.048416 0.044151 0.039569 0.035056 0.029589 0.025181 0.020885 0.016997 0.013504 0.010642 0.008181 0.006214 0.004523 0.003262 0.002204 0.001542 0.001038 0.000673 0.000482 0.000305 0.000196 0.000098 0.000074 0.000048 0.000021 0.000014 0.000008 0.000003 0.000001 0.000001 0.000002 0.000000 0.000000 0.000000 0.000000 0.000000 0.000000 
t: 0.005764705884 start: 143 end: 218 0.000002 0.000003 0.000004 0.000005 0.000015 0.000026 0.000041 0.000085 0.000126 0.000219 0.000292 0.000514 0.000779 0.001120 0.001626 0.002329 0.003300 0.004553 0.006132 0.008328 0.010688 0.013748 0.017236 0.021032 0.025405 0.030088 0.034866 0.039430 0.043360 0.047753 0.050730 0.053474 0.055484 0.055389 0.055047 0.053214 0.050780 0.047682 0.043573 0.039073 0.034308 0.029772 0.025208 0.021309 0.017112 0.013809 0.010770 0.008346 0.006388 0.004640 0.003351 0.002395 0.001728 0.001101 0.000802 0.000508 0.000357 0.000226 0.000122 0.000073 0.000050 0.000029 0.000023 0.000012 0.000005 0.000003 0.000001 0.000001 0.000000 0.000000 0.000000 0.000000 0.000000 0.000000 0.000000 0.000000 
t: 0.005212765959 start: 150 end: 228 0.000001 0.000003 0.000001 0.000006 0.000005 0.000007 0.000018 0.000032 0.000050 0.000093 0.000166 0.000232 0.000385 0.000568 0.000841 0.001256 0.001842 0.002654 0.003528 0.004861 0.006615 0.008804 0.011233 0.014385 0.017861 0.021527 0.025698 0.030515 0.034781 0.039007 0.043898 0.047310 0.050593 0.052407 0.054485 0.054643 0.054513 0.052638 0.049918 0.047006 0.042982 0.038648 0.034516 0.029394 0.025355 0.020915 0.017613 0.013873 0.011023 0.008399 0.006440 0.004922 0.003582 0.002524 0.001750 0.001230 0.000857 0.000570 0.000375 0.000244 0.000163 0.000086 0.000066 0.000045 0.000017 0.000012 0.000008 0.000001 0.000002 0.000001 0.000000 0.000001 0.000000 0.000000 0.000000 0.000000 0.000000 0.000000 0.000000 
t: 0.004757281555 start: 159 end: 236 0.000001 0.000002 0.000003 0.000010 0.000012 0.000025 0.000041 0.000066 0.000085 0.000138 0.000223 0.000410 0.000583 0.000866 0.001358 0.001887 0.002665 0.003574 0.005087 0.006520 0.008683 0.011331 0.014461 0.017661 0.021428 0.025422 0.029873 0.034538 0.038615 0.042817 0.046432 0.050070 0.052332 0.053672 0.053755 0.053735 0.052433 0.050054 0.046724 0.043095 0.039233 0.034485 0.030388 0.025711 0.021729 0.017968 0.014434 0.011541 0.009102 0.006923 0.005145 0.003750 0.002802 0.001905 0.001425 0.000975 0.000644 0.000429 0.000271 0.000186 0.000100 0.000065 0.000041 0.000028 0.000015 0.000009 0.000004 0.000001 0.000003 0.000000 0.000000 0.000000 0.000001 0.000000 0.000000 0.000000 0.000000 0.000000 
t: 0.004375000001 start: 166 end: 244 0.000002 0.000001 0.000003 0.000008 0.000011 0.000019 0.000031 0.000049 0.000083 0.000164 0.000225 0.000365 0.000519 0.000775 0.001219 0.001730 0.002380 0.003371 0.004611 0.006228 0.008201 0.010405 0.013161 0.016424 0.019922 0.024133 0.028339 0.032680 0.037132 0.041280 0.045306 0.048433 0.050995 0.053099 0.053460 0.053641 0.052463 0.050623 0.047911 0.044622 0.040227 0.036050 0.032234 0.027344 0.023414 0.019356 0.015794 0.012759 0.009992 0.007826 0.006048 0.004406 0.003211 0.002287 0.001710 0.001139 0.000753 0.000533 0.000330 0.000203 0.000152 0.000085 0.000043 0.000039 0.000013 0.000012 0.000007 0.000006 0.000001 0.000000 0.000001 0.000000 0.000000 0.000000 0.000001 0.000000 0.000000 0.000000 0.000000 
t: 0.004049586778 start: 171 end: 250 0.000001 0.000001 0.000001 0.000003 0.000009 0.000007 0.000009 0.000026 0.000038 0.000066 0.000109 0.000176 0.000272 0.000420 0.000635 0.000923 0.001296 0.002065 0.002774 0.003773 0.005151 0.006724 0.008833 0.011284 0.014087 0.017597 0.021099 0.025136 0.029372 0.034101 0.038124 0.042286 0.045987 0.048809 0.050854 0.052917 0.053548 0.053321 0.051812 0.049770 0.047086 0.043272 0.039850 0.034935 0.030639 0.026307 0.022268 0.018491 0.015066 0.012178 0.009607 0.007280 0.005544 0.004163 0.003059 0.002176 0.001550 0.001128 0.000691 0.000449 0.000309 0.000213 0.000132 0.000074 0.000041 0.000033 0.000021 0.000013 0.000006 0.000000 0.000001 0.000001 0.000000 0.000000 0.000001 0.000000 0.000000 0.000000 0.000000 0.000000 
t: 0.003769230770 start: 178 end: 256 0.000001 0.000001 0.000003 0.000007 0.000010 0.000017 0.000016 0.000038 0.000058 0.000112 0.000174 0.000252 0.000412 0.000595 0.000899 0.001337 0.001870 0.002646 0.003660 0.004901 0.006549 0.008629 0.010812 0.013725 0.016653 0.020619 0.024496 0.029006 0.032841 0.037420 0.041473 0.045149 0.048672 0.050838 0.052283 0.053046 0.053380 0.051940 0.050151 0.047522 0.043954 0.039895 0.035848 0.031731 0.026975 0.022876 0.019389 0.015748 0.012510 0.010102 0.007734 0.005793 0.004518 0.003345 0.002293 0.001689 0.001168 0.000792 0.000510 0.000349 0.000221 0.000128 0.000084 0.000067 0.000026 0.000023 0.000006 0.000005 0.000003 0.000004 0.000001 0.000000 0.000000 0.000000 0.000000 0.000000 0.000000 0.000000 0.000000 
t: 0.003525179857 start: 184 end: 262 0.000002 0.000007 0.000006 0.000007 0.000009 0.000012 0.000030 0.000056 0.000067 0.000133 0.000180 0.000309 0.000516 0.000706 0.001073 0.001504 0.002157 0.002994 0.004045 0.005421 0.007083 0.009321 0.011791 0.014955 0.017848 0.021594 0.025702 0.029974 0.034611 0.038870 0.042326 0.046124 0.049410 0.051361 0.052578 0.053373 0.052399 0.051241 0.049478 0.046389 0.042868 0.038697 0.034742 0.030185 0.025855 0.021862 0.018179 0.014805 0.011739 0.009254 0.007255 0.005363 0.003980 0.002987 0.002087 0.001479 0.001041 0.000680 0.000474 0.000309 0.000195 0.000112 0.000079 0.000041 0.000026 0.000019 0.000010 0.000007 0.000005 0.000002 0.000000 0.000000 0.000001 0.000000 0.000000 0.000000 0.000000 0.000000 0.000000 
t: 0.003310810811 start: 188 end: 266 0.000001 0.000000 0.000005 0.000004 0.000006 0.000007 0.000016 0.000026 0.000044 0.000068 0.000115 0.000186 0.000320 0.000448 0.000643 0.000983 0.001459 0.001901 0.002766 0.003701 0.005043 0.006823 0.008763 0.011050 0.014023 0.017161 0.020796 0.024724 0.029025 0.033090 0.037801 0.041358 0.045533 0.048609 0.051228 0.052208 0.052773 0.053032 0.051746 0.049712 0.047066 0.043567 0.040111 0.035571 0.031474 0.027146 0.023100 0.018733 0.015386 0.012458 0.009914 0.007805 0.005811 0.004286 0.003272 0.002257 0.001581 0.001134 0.000730 0.000519 0.000343 0.000207 0.000122 0.000085 0.000051 0.000027 0.000029 0.000005 0.000006 0.000004 0.000002 0.000000 0.000000 0.000001 0.000000 0.000000 0.000000 0.000000 0.000000 
t: 0.003121019109 start: 191 end: 271 0.000001 0.000000 0.000000 0.000001 0.000005 0.000004 0.000007 0.000007 0.000024 0.000027 0.000050 0.000060 0.000129 0.000201 0.000307 0.000487 0.000730 0.000991 0.001488 0.002058 0.002882 0.003947 0.005333 0.007084 0.009062 0.011446 0.014346 0.017648 0.021312 0.025154 0.029660 0.033744 0.038343 0.042109 0.045678 0.048957 0.051090 0.053130 0.052933 0.052462 0.051411 0.049379 0.046996 0.043354 0.039257 0.035297 0.030441 0.026847 0.022225 0.018430 0.015122 0.012215 0.009321 0.007414 0.005560 0.004115 0.002925 0.002172 0.001545 0.001079 0.000706 0.000468 0.000328 0.000188 0.000116 0.000073 0.000054 0.000031 0.000016 0.000008 0.000005 0.000002 0.000001 0.000001 0.000000 0.000001 0.000000 0.000000 0.000000 0.000000 0.000000 
t: 0.002951807229 start: 195 end: 275 0.000001 0.000000 0.000000 0.000003 0.000002 0.000001 0.000006 0.000006 0.000016 0.000029 0.000028 0.000065 0.000099 0.000150 0.000237 0.000392 0.000593 0.000875 0.001194 0.001669 0.002440 0.003441 0.004562 0.006013 0.007873 0.010367 0.012645 0.015958 0.019453 0.022915 0.027218 0.031867 0.035921 0.040322 0.044104 0.047376 0.049918 0.052167 0.053069 0.053185 0.052025 0.050925 0.048373 0.045098 0.041587 0.037049 0.032846 0.028699 0.024614 0.020563 0.016721 0.013437 0.010714 0.008477 0.006303 0.004695 0.003573 0.002536 0.001863 0.001286 0.000901 0.000536 0.000373 0.000248 0.000149 0.000091 0.000055 0.000048 0.000014 0.000007 0.000006 0.000004 0.000001 0.000002 0.000001 0.000000 0.000000 0.000000 0.000000 0.000000 0.000000 
t: 0.002800000000 start: 202 end: 280 0.000003 0.000001 0.000004 0.000003 0.000005 0.000013 0.000019 0.000033 0.000063 0.000082 0.000153 0.000212 0.000370 0.000502 0.000764 0.001135 0.001621 0.002233 0.003107 0.004262 0.005667 0.007600 0.009667 0.012386 0.015124 0.018785 0.022151 0.026360 0.030547 0.035088 0.039455 0.043497 0.046572 0.049533 0.051782 0.053088 0.053358 0.052901 0.051267 0.048742 0.046011 0.042336 0.038138 0.034070 0.029612 0.024959 0.021252 0.017317 0.014187 0.011293 0.008769 0.006566 0.004989 0.003724 0.002715 0.001941 0.001331 0.000958 0.000625 0.000408 0.000246 0.000152 0.000094 0.000069 0.000041 0.000019 0.000009 0.000007 0.000003 0.000002 0.000000 0.000002 0.000000 0.000000 0.000000 0.000000 0.000000 0.000000 0.000000 
t: 0.002663043479 start: 206 end: 283 0.000001 0.000001 0.000001 0.000006 0.000008 0.000013 0.000021 0.000034 0.000057 0.000095 0.000152 0.000221 0.000362 0.000537 0.000789 0.001113 0.001623 0.002242 0.003222 0.004308 0.005780 0.007568 0.009794 0.012357 0.015597 0.018686 0.022595 0.026854 0.031024 0.035154 0.039776 0.043574 0.047149 0.049739 0.051999 0.053369 0.053276 0.052980 0.050981 0.049221 0.045862 0.042064 0.038033 0.033702 0.029280 0.024424 0.020857 0.016990 0.013844 0.011077 0.008634 0.006520 0.004832 0.003603 0.002486 0.001735 0.001300 0.000886 0.000594 0.000368 0.000251 0.000140 0.000098 0.000077 0.000027 0.000016 0.000011 0.000004 0.000004 0.000002 0.000000 0.000000 0.000000 0.000000 0.000000 0.000000 0.000000 0.000000 
t: 0.002538860104 start: 209 end: 285 0.000001 0.000000 0.000001 0.000001 0.000010 0.000011 0.000009 0.000024 0.000029 0.000061 0.000116 0.000174 0.000220 0.000413 0.000595 0.000788 0.001311 0.001837 0.002537 0.003550 0.004678 0.006290 0.008191 0.010463 0.013186 0.016278 0.020000 0.023902 0.028094 0.032347 0.036916 0.040860 0.044941 0.048098 0.050930 0.052630 0.053831 0.053159 0.052957 0.050584 0.048472 0.044850 0.040924 0.036089 0.032064 0.027867 0.023366 0.019463 0.016100 0.012634 0.010119 0.007806 0.005852 0.004282 0.003161 0.002250 0.001555 0.001066 0.000766 0.000478 0.000317 0.000183 0.000133 0.000075 0.000052 0.000027 0.000012 0.000009 0.000004 0.000001 0.000000 0.000000 0.000000 0.000000 0.000000 0.000000 0.000000 
t: 0.002425742574 start: 213 end: 289 0.000001 0.000000 0.000001 0.000006 0.000007 0.000010 0.000017 0.000032 0.000043 0.000059 0.000126 0.000227 0.000298 0.000468 0.000687 0.001067 0.001552 0.002167 0.002997 0.004112 0.005460 0.007193 0.009408 0.011840 0.014715 0.018188 0.022182 0.025944 0.030244 0.034922 0.039021 0.043365 0.046924 0.049959 0.052332 0.053514 0.054012 0.053063 0.052376 0.049460 0.046404 0.042562 0.038657 0.034279 0.029587 0.025225 0.021091 0.017401 0.014071 0.011132 0.008602 0.006552 0.004839 0.003616 0.002517 0.001848 0.001217 0.000876 0.000555 0.000392 0.000240 0.000141 0.000087 0.000053 0.000021 0.000018 0.000011 0.000002 0.000002 0.000003 0.000000 0.000000 0.000000 0.000000 0.000000 0.000000 0.000000 
t: 0.002322274882 start: 217 end: 295 0.000001 0.000002 0.000004 0.000002 0.000008 0.000017 0.000017 0.000032 0.000068 0.000120 0.000174 0.000300 0.000416 0.000625 0.000936 0.001376 0.001944 0.002597 0.003774 0.005099 0.006668 0.008856 0.011176 0.013906 0.017229 0.020972 0.025083 0.029408 0.033665 0.038062 0.041973 0.046454 0.049643 0.051916 0.053367 0.054511 0.053927 0.052176 0.050426 0.047416 0.043912 0.039732 0.035076 0.030667 0.026373 0.022092 0.018157 0.014699 0.011662 0.009063 0.006804 0.005181 0.003788 0.002714 0.001908 0.001301 0.000894 0.000615 0.000383 0.000251 0.000151 0.000106 0.000060 0.000026 0.000016 0.000012 0.000006 0.000002 0.000001 0.000001 0.000000 0.000001 0.000000 0.000000 0.000000 0.000000 0.000000 0.000000 0.000000 
t: 0.002227272727 start: 221 end: 297 0.000001 0.000001 0.000008 0.000010 0.000009 0.000026 0.000040 0.000062 0.000103 0.000155 0.000293 0.000383 0.000609 0.000870 0.001329 0.001861 0.002681 0.003471 0.004860 0.006595 0.008407 0.010986 0.013854 0.016976 0.020870 0.024804 0.028838 0.033562 0.038182 0.042076 0.046240 0.049481 0.051824 0.053200 0.054914 0.054216 0.052663 0.050665 0.047918 0.043967 0.040173 0.035285 0.031080 0.026462 0.022226 0.018228 0.014545 0.011838 0.009164 0.006720 0.005252 0.003757 0.002658 0.001828 0.001330 0.000900 0.000599 0.000337 0.000241 0.000149 0.000095 0.000056 0.000032 0.000016 0.000010 0.000005 0.000001 0.000001 0.000002 0.000000 0.000000 0.000000 0.000000 0.000000 0.000000 0.000000 0.000000 
t: 0.002139737991 start: 225 end: 299 0.000004 0.000005 0.000009 0.000007 0.000027 0.000036 0.000046 0.000120 0.000186 0.000284 0.000411 0.000605 0.000919 0.001361 0.001873 0.002641 0.003668 0.005021 0.006796 0.008634 0.011244 0.013954 0.017390 0.021095 0.025054 0.029709 0.034311 0.038461 0.042957 0.046266 0.049934 0.052605 0.053808 0.054873 0.054394 0.052866 0.050680 0.047562 0.043793 0.039345 0.034920 0.030341 0.025784 0.021562 0.017750 0.014458 0.011201 0.008568 0.006521 0.004772 0.003606 0.002410 0.001768 0.001203 0.000784 0.000537 0.000340 0.000195 0.000143 0.000092 0.000048 0.000023 0.000010 0.000004 0.000003 0.000002 0.000000 0.000001 0.000000 0.000000 0.000000 0.000000 0.000000 0.000000 0.000000 
t: 0.002058823530 start: 225 end: 302 0.000001 0.000001 0.000001 0.000002 0.000007 0.000012 0.000008 0.000029 0.000040 0.000080 0.000102 0.000195 0.000276 0.000472 0.000666 0.001042 0.001463 0.002027 0.002875 0.003952 0.005353 0.007149 0.009107 0.011895 0.014975 0.018230 0.021857 0.026279 0.030914 0.035756 0.039768 0.044119 0.047616 0.050771 0.053351 0.054518 0.055065 0.054681 0.052615 0.049802 0.046484 0.042578 0.038423 0.033744 0.028726 0.024491 0.020581 0.016698 0.013288 0.010013 0.007906 0.005966 0.004361 0.003161 0.002163 0.001547 0.000998 0.000660 0.000395 0.000314 0.000188 0.000111 0.000066 0.000033 0.000016 0.000009 0.000005 0.000001 0.000001 0.000001 0.000000 0.000000 0.000000 0.000000 0.000000 0.000000 0.000000 0.000000 
t: 0.001983805668 start: 227 end: 303 0.000001 0.000000 0.000002 0.000001 0.000003 0.000007 0.000007 0.000019 0.000039 0.000036 0.000101 0.000129 0.000200 0.000357 0.000534 0.000799 0.001161 0.001649 0.002264 0.003237 0.004372 0.006063 0.007860 0.010201 0.013040 0.016286 0.019625 0.023792 0.028242 0.032861 0.037265 0.042091 0.045725 0.049277 0.052027 0.054121 0.055249 0.055289 0.053939 0.051955 0.048666 0.044990 0.040884 0.036210 0.031694 0.027071 0.022814 0.018733 0.014803 0.011668 0.009063 0.006920 0.004970 0.003723 0.002641 0.001866 0.001231 0.000805 0.000555 0.000345 0.000216 0.000115 0.000097 0.000040 0.000030 0.000011 0.000007 0.000003 0.000000 0.000002 0.000000 0.000001 0.000000 0.000000 0.000000 0.000000 0.000000 
t: 0.001914062500 start: 230 end: 305 0.000001 0.000000 0.000002 0.000002 0.000004 0.000006 0.000015 0.000023 0.000042 0.000058 0.000103 0.000174 0.000267 0.000417 0.000655 0.000955 0.001355 0.002031 0.002661 0.003655 0.005225 0.007060 0.009112 0.011506 0.014812 0.017873 0.021888 0.026347 0.030735 0.035314 0.040284 0.044075 0.048211 0.050906 0.053857 0.055128 0.055688 0.054942 0.052710 0.050468 0.046816 0.042716 0.038329 0.033776 0.029153 0.024518 0.020064 0.016313 0.012990 0.010177 0.007658 0.005678 0.004225 0.002905 0.002077 0.001422 0.000962 0.000647 0.000398 0.000242 0.000142 0.000101 0.000051 0.000037 0.000015 0.000013 0.000006 0.000001 0.000000 0.000000 0.000001 0.000000 0.000000 0.000000 0.000000 0.000000 
t: 0.001849056604 start: 232 end: 306 0.000001 0.000000 0.000001 0.000000 0.000006 0.000003 0.000007 0.000020 0.000040 0.000049 0.000094 0.000117 0.000224 0.000369 0.000570 0.000747 0.001220 0.001708 0.002445 0.003297 0.004664 0.006305 0.008306 0.010703 0.013412 0.016746 0.020772 0.024949 0.029366 0.034105 0.038327 0.043099 0.046815 0.050497 0.053571 0.055216 0.055751 0.055313 0.053947 0.051501 0.048045 0.043983 0.040128 0.035257 0.030603 0.025589 0.021294 0.017401 0.013952 0.010937 0.008147 0.006079 0.004503 0.003188 0.002279 0.001544 0.000997 0.000718 0.000416 0.000274 0.000156 0.000084 0.000068 0.000034 0.000018 0.000009 0.000009 0.000004 0.000000 0.000000 0.000001 0.000000 0.000000 0.000000 0.000000 
t: 0.001788321168 start: 235 end: 310 0.000001 0.000001 0.000001 0.000001 0.000010 0.000006 0.000011 0.000025 0.000065 0.000084 0.000110 0.000176 0.000340 0.000500 0.000711 0.001052 0.001563 0.002166 0.003048 0.004352 0.005834 0.007683 0.010103 0.012676 0.016043 0.019788 0.023915 0.028701 0.033251 0.037561 0.041975 0.046203 0.050139 0.053005 0.055292 0.056280 0.055620 0.054779 0.052082 0.049143 0.045418 0.040467 0.036129 0.031422 0.026516 0.022385 0.017993 0.014543 0.011163 0.008420 0.006414 0.004644 0.003300 0.002372 0.001611 0.001113 0.000715 0.000402 0.000286 0.000151 0.000100 0.000058 0.000038 0.000025 0.000008 0.000006 0.000004 0.000000 0.000000 0.000001 0.000000 0.000000 0.000000 0.000000 0.000000 0.000000 
t: 0.001731448763 start: 238 end: 313 0.000001 0.000002 0.000004 0.000005 0.000004 0.000017 0.000023 0.000043 0.000072 0.000122 0.000184 0.000289 0.000446 0.000679 0.001004 0.001443 0.002072 0.002908 0.004054 0.005642 0.007380 0.009675 0.012470 0.015742 0.019047 0.023499 0.028157 0.032680 0.037250 0.041706 0.046251 0.050004 0.053302 0.055294 0.056191 0.055980 0.055018 0.052662 0.049770 0.045865 0.041187 0.036524 0.031894 0.027046 0.022456 0.018457 0.014286 0.011323 0.008569 0.006417 0.004720 0.003405 0.002282 0.001626 0.001080 0.000683 0.000425 0.000278 0.000145 0.000106 0.000058 0.000031 0.000024 0.000009 0.000005 0.000005 0.000001 0.000000 0.000001 0.000000 0.000000 0.000000 0.000000 0.000000 0.000000 0.000000 
t: 0.001678082192 start: 241 end: 315 0.000002 0.000003 0.000002 0.000007 0.000018 0.000022 0.000038 0.000068 0.000120 0.000183 0.000274 0.000457 0.000626 0.000981 0.001407 0.002048 0.002948 0.004023 0.005494 0.007317 0.009541 0.012389 0.015494 0.019467 0.023354 0.027609 0.032678 0.037471 0.042098 0.046196 0.050447 0.053418 0.055517 0.056690 0.056356 0.055096 0.052511 0.050208 0.045839 0.041467 0.036701 0.031656 0.027226 0.022286 0.018034 0.014126 0.011027 0.008499 0.006298 0.004610 0.003188 0.002277 0.001466 0.001047 0.000665 0.000390 0.000257 0.000145 0.000092 0.000059 0.000026 0.000016 0.000016 0.000004 0.000003 0.000000 0.000000 0.000001 0.000001 0.000000 0.000000 0.000000 0.000000 0.000000 0.000000 
t: 0.001627906977 start: 242 end: 317 0.000001 0.000001 0.000002 0.000003 0.000012 0.000012 0.000032 0.000043 0.000062 0.000114 0.000169 0.000290 0.000436 0.000648 0.001028 0.001374 0.002119 0.002959 0.004139 0.005437 0.007425 0.009749 0.012604 0.015894 0.019488 0.023693 0.028217 0.033123 0.037744 0.042544 0.047038 0.051229 0.054109 0.055842 0.056768 0.056782 0.055360 0.052888 0.049622 0.045384 0.041068 0.036005 0.031396 0.026344 0.021866 0.017289 0.013877 0.010551 0.008138 0.005920 0.004334 0.002961 0.002050 0.001407 0.000921 0.000567 0.000393 0.000186 0.000143 0.000087 0.000050 0.000031 0.000015 0.000005 0.000005 0.000004 0.000002 0.000000 0.000001 0.000000 0.000000 0.000000 0.000000 0.000000 0.000000 0.000000 
t: 0.001580645161 start: 245 end: 319 0.000001 0.000001 0.000006 0.000006 0.000017 0.000032 0.000046 0.000056 0.000133 0.000177 0.000279 0.000451 0.000701 0.000999 0.001547 0.002207 0.003109 0.004109 0.005813 0.007751 0.009975 0.012956 0.016679 0.019926 0.024396 0.028926 0.034172 0.039152 0.043341 0.048107 0.051664 0.054397 0.056726 0.057322 0.056724 0.055627 0.052657 0.049293 0.044819 0.039979 0.035071 0.030302 0.025323 0.020822 0.016491 0.013012 0.009982 0.007446 0.005540 0.003983 0.002639 0.001807 0.001218 0.000799 0.000515 0.000316 0.000178 0.000122 0.000066 0.000043 0.000018 0.000007 0.000012 0.000005 0.000002 0.000001 0.000000 0.000000 0.000001 0.000000 0.000000 0.000000 0.000000 0.000000 0.000000 
t: 0.001536050157 start: 247 end: 319 0.000001 0.000003 0.000004 0.000013 0.000014 0.000029 0.000053 0.000085 0.000115 0.000205 0.000298 0.000473 0.000765 0.001102 0.001592 0.002363 0.003264 0.004604 0.006167 0.008167 0.010730 0.013727 0.017268 0.021204 0.025626 0.030243 0.035397 0.040312 0.044774 0.049221 0.052595 0.055374 0.057108 0.057624 0.056869 0.054832 0.052287 0.048812 0.043647 0.038932 0.033620 0.028685 0.023996 0.019548 0.015506 0.011841 0.009157 0.006711 0.004885 0.003432 0.002394 0.001589 0.001038 0.000635 0.000442 0.000259 0.000141 0.000096 0.000061 0.000029 0.000015 0.000009 0.000007 0.000004 0.000000 0.000000 0.000001 0.000000 0.000000 0.000000 0.000000 0.000000 0.000000 
t: 0.001493902439 start: 249 end: 321 0.000002 0.000003 0.000005 0.000010 0.000021 0.000027 0.000062 0.000081 0.000149 0.000218 0.000349 0.000541 0.000833 0.001244 0.001760 0.002531 0.003616 0.004990 0.006747 0.008869 0.011592 0.014750 0.018431 0.022443 0.027077 0.032077 0.036764 0.042138 0.046662 0.050553 0.054197 0.056423 0.057609 0.057622 0.056714 0.054531 0.050863 0.047069 0.042324 0.037396 0.032190 0.026871 0.022270 0.017948 0.014046 0.010652 0.008209 0.005841 0.004244 0.002881 0.002025 0.001338 0.000847 0.000538 0.000325 0.000203 0.000117 0.000068 0.000038 0.000023 0.000016 0.000009 0.000006 0.000000 0.000001 0.000001 0.000000 0.000000 0.000000 0.000000 0.000000 0.000000 0.000000 
t: 0.001454005935 start: 250 end: 323 0.000001 0.000001 0.000005 0.000010 0.000012 0.000015 0.000042 0.000072 0.000089 0.000172 0.000229 0.000435 0.000624 0.000930 0.001333 0.002005 0.002931 0.004092 0.005646 0.007355 0.009814 0.012698 0.016112 0.020064 0.024141 0.029063 0.033979 0.039105 0.044090 0.048241 0.052585 0.055581 0.057208 0.058312 0.057545 0.056440 0.053234 0.049723 0.045279 0.040207 0.035483 0.029809 0.024768 0.020242 0.016032 0.012568 0.009391 0.007010 0.004940 0.003463 0.002466 0.001645 0.001056 0.000686 0.000407 0.000251 0.000168 0.000077 0.000050 0.000026 0.000025 0.000011 0.000002 0.000000 0.000002 0.000001 0.000001 0.000000 0.000000 0.000000 0.000000 0.000000 0.000000 0.000000 
t: 0.001416184971 start: 251 end: 324 0.000001 0.000002 0.000001 0.000002 0.000008 0.000010 0.000033 0.000050 0.000062 0.000125 0.000197 0.000320 0.000437 0.000733 0.001051 0.001640 0.002377 0.003298 0.004806 0.006279 0.008492 0.010890 0.014155 0.017799 0.021823 0.026329 0.031180 0.036879 0.041599 0.046335 0.050673 0.054051 0.057081 0.058130 0.058803 0.057312 0.055090 0.051522 0.048074 0.043082 0.037912 0.032725 0.027263 0.022362 0.018047 0.014088 0.010706 0.008180 0.005739 0.004081 0.002841 0.001932 0.001289 0.000845 0.000495 0.000314 0.000201 0.000115 0.000051 0.000038 0.000022 0.000014 0.000005 0.000002 0.000001 0.000000 0.000001 0.000000 0.000000 0.000000 0.000000 0.000000 0.000000 0.000000 
t: 0.001380281690 start: 253 end: 325 0.000001 0.000002 0.000001 0.000005 0.000009 0.000020 0.000039 0.000058 0.000081 0.000143 0.000252 0.000374 0.000581 0.000848 0.001336 0.001876 0.002759 0.003985 0.005398 0.007303 0.009739 0.012480 0.015810 0.019957 0.024243 0.029109 0.034017 0.039112 0.044246 0.049111 0.053170 0.056107 0.057851 0.058998 0.058600 0.056327 0.053627 0.049879 0.045227 0.040618 0.035028 0.029545 0.024637 0.019826 0.015731 0.012046 0.009101 0.006628 0.004658 0.003304 0.002275 0.001439 0.000950 0.000611 0.000391 0.000248 0.000114 0.000074 0.000044 0.000024 0.000016 0.000006 0.000003 0.000001 0.000000 0.000001 0.000000 0.000000 0.000000 0.000000 0.000000 0.000000 0.000000 
t: 0.001346153846 start: 256 end: 326 0.000003 0.000002 0.000003 0.000017 0.000027 0.000037 0.000057 0.000136 0.000191 0.000292 0.000476 0.000707 0.001094 0.001600 0.002313 0.003385 0.004670 0.006407 0.008472 0.011046 0.014508 0.018146 0.022451 0.026840 0.032127 0.037015 0.042324 0.047461 0.051636 0.055422 0.057772 0.059072 0.058890 0.057801 0.054862 0.051991 0.047320 0.042795 0.037127 0.031439 0.026423 0.021590 0.017304 0.013265 0.010002 0.007421 0.005378 0.003674 0.002484 0.001652 0.001115 0.000709 0.000440 0.000272 0.000146 0.000099 0.000035 0.000023 0.000020 0.000009 0.000002 0.000001 0.000002 0.000000 0.000000 0.000000 0.000000 0.000000 0.000000 0.000000 0.000000 
t: 0.001313672922 start: 256 end: 326 0.000001 0.000002 0.000000 0.000002 0.000012 0.000020 0.000027 0.000054 0.000099 0.000167 0.000237 0.000359 0.000597 0.000926 0.001318 0.002059 0.002890 0.004022 0.005686 0.007611 0.010044 0.013227 0.016640 0.020761 0.025096 0.030050 0.035371 0.040785 0.045615 0.050681 0.054239 0.057414 0.058810 0.059894 0.058882 0.056076 0.053157 0.049164 0.044680 0.038877 0.033370 0.028158 0.023098 0.018778 0.014247 0.010914 0.008065 0.005840 0.004198 0.002815 0.001810 0.001194 0.000840 0.000463 0.000265 0.000184 0.000099 0.000051 0.000027 0.000015 0.000008 0.000006 0.000002 0.000001 0.000000 0.000000 0.000000 0.000000 0.000000 0.000000 0.000000 
t: 0.001282722513 start: 257 end: 328 0.000001 0.000000 0.000003 0.000001 0.000008 0.000009 0.000025 0.000054 0.000068 0.000135 0.000200 0.000312 0.000480 0.000778 0.001167 0.001785 0.002502 0.003560 0.005048 0.006894 0.009147 0.012117 0.015451 0.019549 0.023711 0.028479 0.033674 0.038978 0.044310 0.049401 0.053732 0.056846 0.059197 0.060021 0.058829 0.058040 0.054265 0.050736 0.045866 0.040830 0.035056 0.029318 0.024507 0.019655 0.015567 0.011688 0.008691 0.006285 0.004561 0.003038 0.001945 0.001340 0.000900 0.000515 0.000306 0.000171 0.000121 0.000069 0.000027 0.000015 0.000007 0.000003 0.000002 0.000003 0.000001 0.000000 0.000000 0.000000 0.000000 0.000000 0.000000 0.000000 
t: 0.001253196931 start: 259 end: 330 0.000002 0.000001 0.000004 0.000003 0.000007 0.000019 0.000031 0.000062 0.000114 0.000183 0.000276 0.000412 0.000660 0.000982 0.001561 0.002152 0.003295 0.004573 0.006312 0.008468 0.011051 0.014406 0.018419 0.022380 0.027585 0.032236 0.037743 0.043148 0.048112 0.052666 0.056979 0.058742 0.060053 0.059994 0.058456 0.055818 0.052117 0.046938 0.042107 0.036193 0.030908 0.025683 0.020661 0.016322 0.012311 0.009239 0.006783 0.004718 0.003296 0.002146 0.001431 0.000945 0.000524 0.000327 0.000190 0.000121 0.000064 0.000029 0.000022 0.000010 0.000005 0.000002 0.000002 0.000000 0.000001 0.000000 0.000000 0.000000 0.000000 0.000000 0.000000 0.000000 
t: 0.001225000000 start: 259 end: 331 0.000001 0.000001 0.000002 0.000003 0.000001 0.000009 0.000016 0.000026 0.000051 0.000086 0.000169 0.000257 0.000355 0.000539 0.000905 0.001405 0.001977 0.002984 0.004147 0.005917 0.007853 0.010465 0.013509 0.017203 0.021507 0.026367 0.031237 0.036691 0.042215 0.047325 0.052224 0.056049 0.058865 0.060203 0.060374 0.059072 0.056915 0.052943 0.048649 0.042793 0.037604 0.032024 0.026670 0.021446 0.016862 0.012936 0.009616 0.006946 0.005036 0.003447 0.002256 0.001540 0.000918 0.000585 0.000362 0.000178 0.000123 0.000064 0.000044 0.000018 0.000006 0.000003 0.000004 0.000000 0.000001 0.000001 0.000000 0.000000 0.000000 0.000000 0.000000 0.000000 0.000000 
t: 0.001198044010 start: 261 end: 332 0.000001 0.000001 0.000004 0.000001 0.000004 0.000015 0.000021 0.000059 0.000076 0.000130 0.000216 0.000314 0.000505 0.000852 0.001245 0.001836 0.002627 0.003940 0.005521 0.007537 0.009870 0.012816 0.016373 0.020736 0.025571 0.030424 0.035945 0.041381 0.046599 0.051843 0.055711 0.058716 0.060634 0.060432 0.059869 0.057549 0.053972 0.049131 0.043968 0.038257 0.032865 0.027599 0.022096 0.017288 0.013387 0.009927 0.007167 0.005035 0.003627 0.002371 0.001580 0.000953 0.000567 0.000367 0.000198 0.000128 0.000061 0.000045 0.000022 0.000007 0.000005 0.000001 0.000001 0.000000 0.000001 0.000000 0.000000 0.000000 0.000000 0.000000 0.000000 0.000000 
t: 0.001172248804 start: 262 end: 331 0.000001 0.000000 0.000002 0.000002 0.000004 0.000012 0.000020 0.000043 0.000073 0.000126 0.000185 0.000294 0.000462 0.000756 0.001177 0.001678 0.002534 0.003671 0.005207 0.007064 0.009441 0.012260 0.015881 0.019937 0.024918 0.029921 0.035329 0.040712 0.046370 0.050992 0.055559 0.059080 0.060511 0.061091 0.060304 0.058248 0.054404 0.050075 0.044634 0.039000 0.033542 0.028214 0.022492 0.017644 0.013605 0.010051 0.007325 0.005160 0.003689 0.002372 0.001541 0.000948 0.000618 0.000353 0.000210 0.000116 0.000065 0.000040 0.000021 0.000009 0.000004 0.000001 0.000000 0.000002 0.000000 0.000000 0.000000 0.000000 0.000000 0.000000 
t: 0.001147540984 start: 263 end: 330 0.000001 0.000000 0.000001 0.000000 0.000008 0.000006 0.000016 0.000038 0.000057 0.000115 0.000174 0.000279 0.000422 0.000759 0.001067 0.001624 0.002370 0.003424 0.004989 0.006732 0.009081 0.012035 0.015385 0.019513 0.024323 0.029345 0.035019 0.040429 0.046026 0.050705 0.056007 0.058714 0.060951 0.061434 0.060713 0.058567 0.055020 0.050579 0.045038 0.039704 0.033941 0.028168 0.022973 0.018079 0.013611 0.010142 0.007280 0.005326 0.003616 0.002380 0.001493 0.000929 0.000572 0.000377 0.000201 0.000106 0.000058 0.000042 0.000025 0.000005 0.000003 0.000000 0.000003 0.000000 0.000000 0.000000 0.000000 0.000000 
t: 0.001123853211 start: 263 end: 331 0.000001 0.000000 0.000000 0.000000 0.000003 0.000003 0.000008 0.000018 0.000028 0.000055 0.000115 0.000154 0.000265 0.000432 0.000644 0.001046 0.001553 0.002325 0.003352 0.004699 0.006591 0.008843 0.011680 0.015336 0.019197 0.023731 0.029254 0.034591 0.040662 0.045719 0.050956 0.055753 0.058973 0.061056 0.061756 0.061036 0.059222 0.055325 0.050814 0.045835 0.039676 0.034031 0.028329 0.022996 0.017975 0.013789 0.010019 0.007259 0.005286 0.003488 0.002372 0.001528 0.000916 0.000563 0.000317 0.000181 0.000112 0.000066 0.000039 0.000013 0.000009 0.000002 0.000002 0.000001 0.000000 0.000000 0.000000 0.000000 0.000000 
t: 0.001101123596 start: 265 end: 333 0.000001 0.000000 0.000001 0.000001 0.000003 0.000007 0.000019 0.000029 0.000060 0.000097 0.000142 0.000241 0.000422 0.000707 0.000976 0.001502 0.002160 0.003291 0.004646 0.006448 0.008639 0.011706 0.015020 0.018937 0.023714 0.029011 0.034761 0.040570 0.046191 0.050995 0.056008 0.059069 0.061454 0.062127 0.061626 0.058891 0.055659 0.051508 0.045592 0.040074 0.033858 0.027927 0.023031 0.017862 0.013550 0.009949 0.007126 0.005079 0.003416 0.002275 0.001508 0.000888 0.000494 0.000331 0.000180 0.000106 0.000062 0.000025 0.000017 0.000006 0.000004 0.000001 0.000000 0.000000 0.000000 0.000000 0.000000 0.000000 0.000000 
t: 0.001079295154 start: 268 end: 336 0.000003 0.000003 0.000002 0.000005 0.000016 0.000030 0.000060 0.000090 0.000124 0.000245 0.000439 0.000660 0.000970 0.001483 0.002134 0.003228 0.004641 0.006387 0.008700 0.011528 0.014894 0.018920 0.023968 0.029252 0.034686 0.040770 0.046470 0.051589 0.056034 0.059627 0.061507 0.062722 0.061978 0.059411 0.055550 0.051024 0.046143 0.039419 0.033493 0.028020 0.022519 0.017688 0.013154 0.009741 0.006984 0.004845 0.003262 0.002218 0.001409 0.000812 0.000486 0.000292 0.000180 0.000084 0.000049 0.000029 0.000013 0.000004 0.000004 0.000001 0.000001 0.000000 0.000000 0.000000 0.000000 0.000000 0.000000 0.000000 0.000000 
t: 0.001058315335 start: 269 end: 336 0.000002 0.000004 0.000002 0.000004 0.000015 0.000036 0.000055 0.000084 0.000125 0.000250 0.000415 0.000662 0.000946 0.001419 0.002287 0.003174 0.004575 0.006460 0.008709 0.011489 0.015214 0.019245 0.024067 0.029467 0.035090 0.040996 0.046844 0.051669 0.056989 0.060037 0.062107 0.063241 0.061833 0.059682 0.055559 0.051063 0.045394 0.039138 0.033365 0.027307 0.022002 0.017163 0.012874 0.009395 0.006780 0.004455 0.003151 0.002071 0.001289 0.000754 0.000435 0.000296 0.000141 0.000078 0.000059 0.000017 0.000010 0.000005 0.000004 0.000001 0.000000 0.000000 0.000000 0.000000 0.000000 0.000000 0.000000 0.000000 
t: 0.001038135593 start: 270 end: 337 0.000001 0.000005 0.000004 0.000004 0.000017 0.000038 0.000040 0.000091 0.000134 0.000270 0.000405 0.000627 0.000970 0.001520 0.002296 0.003276 0.004569 0.006452 0.008737 0.011915 0.015298 0.019747 0.024500 0.029725 0.035422 0.041628 0.047156 0.052795 0.057345 0.060796 0.062574 0.063042 0.062166 0.059801 0.055557 0.050592 0.044833 0.038759 0.032565 0.026888 0.021182 0.016616 0.012412 0.008926 0.006354 0.004324 0.002903 0.001893 0.001236 0.000654 0.000403 0.000262 0.000125 0.000076 0.000030 0.000025 0.000011 0.000005 0.000002 0.000000 0.000001 0.000000 0.000000 0.000000 0.000000 0.000000 0.000000 0.000000 
t: 0.001018711019 start: 271 end: 338 0.000001 0.000002 0.000006 0.000006 0.000010 0.000032 0.000057 0.000078 0.000141 0.000260 0.000426 0.000638 0.001019 0.001596 0.002243 0.003372 0.004712 0.006503 0.009044 0.012138 0.015720 0.019927 0.025367 0.030022 0.036266 0.042162 0.048298 0.053386 0.058058 0.061348 0.063170 0.063279 0.062296 0.059654 0.055471 0.049749 0.044136 0.037972 0.032048 0.025909 0.020484 0.015884 0.011852 0.008456 0.005879 0.004063 0.002599 0.001743 0.001068 0.000635 0.000376 0.000198 0.000120 0.000055 0.000035 0.000017 0.000009 0.000003 0.000001 0.000001 0.000000 0.000000 0.000000 0.000000 0.000000 0.000000 0.000000 0.000000 
t: 0.001000000000 start: 273 end: 338 0.000002 0.000008 0.000007 0.000010 0.000033 0.000047 0.000098 0.000146 0.000260 0.000428 0.000687 0.001096 0.001507 0.002437 0.003439 0.004813 0.006826 0.009422 0.012380 0.016310 0.020515 0.025637 0.030882 0.037214 0.043402 0.049106 0.054179 0.058922 0.061593 0.063778 0.063608 0.062552 0.059264 0.054800 0.049188 0.043163 0.037230 0.030918 0.024934 0.019675 0.015166 0.011060 0.007918 0.005499 0.003683 0.002428 0.001522 0.000980 0.000522 0.000316 0.000189 0.000099 0.000048 0.000028 0.000016 0.000006 0.000002 0.000002 0.000000 0.000000 0.000000 0.000000 0.000000 0.000000 0.000000 0.000000 
