t: 0.059999999999 start: 17 end: 55 0.000003 0.000019 0.000088 0.000257 0.000768 0.002235 0.005689 0.012330 0.023565 0.040657 0.062111 0.086096 0.107377 0.121822 0.124694 0.115549 0.096627 0.075010 0.052192 0.033657 0.019604 0.010505 0.005338 0.002319 0.000927 0.000378 0.000117 0.000044 0.000019 0.000002 0.000001 0.000000 0.000000 0.000000 0.000000 0.000000 0.000000 0.000000 0.000000 
t: 0.054545454544 start: 19 end: 57 0.000006 0.000014 0.000066 0.000189 0.000529 0.001543 0.003881 0.008343 0.016680 0.029705 0.047223 0.068334 0.089954 0.107803 0.118426 0.118716 0.108155 0.090561 0.069200 0.048854 0.032033 0.019455 0.010595 0.005416 0.002536 0.001112 0.000426 0.000165 0.000063 0.000012 0.000005 0.000000 0.000000 0.000000 0.000000 0.000000 0.000000 0.000000 0.000000 
t: 0.049999999999 start: 20 end: 60 0.000001 0.000003 0.000002 0.000038 0.000153 0.000415 0.001120 0.002623 0.006110 0.012102 0.021866 0.035811 0.054092 0.074214 0.093327 0.108714 0.115505 0.112129 0.100118 0.083685 0.064184 0.045444 0.029909 0.018165 0.010346 0.005365 0.002582 0.001190 0.000504 0.000183 0.000074 0.000018 0.000008 0.000000 0.000000 0.000000 0.000000 0.000000 0.000000 0.000000 0.000000 
t: 0.046153846153 start: 23 end: 65 0.000002 0.000007 0.000024 0.000129 0.000316 0.000838 0.002032 0.004415 0.008984 0.016778 0.027584 0.042686 0.061036 0.079775 0.096747 0.107930 0.111159 0.105921 0.093633 0.076606 0.058720 0.041309 0.027379 0.016718 0.009560 0.005095 0.002537 0.001224 0.000500 0.000215 0.000102 0.000026 0.000007 0.000005 0.000001 0.000000 0.000000 0.000000 0.000000 0.000000 0.000000 0.000000 0.000000 
t: 0.042857142857 start: 26 end: 68 0.000008 0.000034 0.000085 0.000223 0.000666 0.001588 0.003401 0.006850 0.012825 0.021804 0.034529 0.049990 0.067818 0.085078 0.099488 0.106242 0.106687 0.099141 0.085760 0.070180 0.052891 0.037258 0.024512 0.015039 0.008745 0.004736 0.002453 0.001103 0.000520 0.000205 0.000087 0.000035 0.000016 0.000001 0.000002 0.000000 0.000000 0.000000 0.000000 0.000000 0.000000 0.000000 0.000000 
t: 0.040000000000 start: 27 end: 70 0.000002 0.000006 0.000022 0.000078 0.000212 0.000537 0.001145 0.002813 0.005339 0.010096 0.017497 0.028316 0.041590 0.057804 0.074924 0.089568 0.099601 0.104122 0.101460 0.092718 0.078424 0.062704 0.047158 0.032770 0.021497 0.013536 0.007770 0.004332 0.002136 0.001049 0.000454 0.000188 0.000083 0.000031 0.000013 0.000005 0.000000 0.000000 0.000000 0.000000 0.000000 0.000000 0.000000 0.000000 
t: 0.037500000000 start: 29 end: 73 0.000002 0.000004 0.000027 0.000069 0.000164 0.000396 0.001053 0.002194 0.004338 0.008185 0.014264 0.023329 0.035220 0.049814 0.065276 0.080529 0.092613 0.100199 0.100915 0.095706 0.084833 0.071092 0.055738 0.040854 0.028808 0.018818 0.011649 0.006614 0.003721 0.001894 0.000959 0.000423 0.000189 0.000065 0.000027 0.000017 0.000002 0.000000 0.000000 0.000000 0.000000 0.000000 0.000000 0.000000 0.000000 
t: 0.035294117647 start: 32 end: 78 0.000004 0.000019 0.000062 0.000142 0.000375 0.000822 0.001739 0.003695 0.006863 0.012034 0.019536 0.030030 0.043119 0.057788 0.072471 0.085290 0.094654 0.098391 0.097007 0.088761 0.077493 0.063346 0.048673 0.035441 0.024566 0.016013 0.009849 0.005609 0.003196 0.001584 0.000788 0.000373 0.000167 0.000064 0.000021 0.000009 0.000003 0.000002 0.000001 0.000000 0.000000 0.000000 0.000000 0.000000 0.000000 0.000000 0.000000 
t: 0.033333333333 start: 33 end: 80 0.000002 0.000008 0.000013 0.000046 0.000122 0.000311 0.000760 0.001535 0.003068 0.005611 0.010383 0.016789 0.025934 0.037604 0.051323 0.065382 0.078590 0.089225 0.095222 0.095981 0.090982 0.081683 0.069294 0.055656 0.042430 0.030286 0.020534 0.013276 0.008073 0.004782 0.002569 0.001311 0.000663 0.000333 0.000128 0.000060 0.000016 0.000009 0.000004 0.000002 0.000000 0.000000 0.000000 0.000000 0.000000 0.000000 0.000000 0.000000 
t: 0.031578947368 start: 34 end: 84 0.000002 0.000001 0.000002 0.000016 0.000053 0.000097 0.000284 0.000700 0.001339 0.002653 0.005100 0.008838 0.014679 0.022945 0.033011 0.045663 0.059173 0.072665 0.083728 0.091124 0.094284 0.091582 0.084405 0.074163 0.061472 0.048229 0.036086 0.025239 0.017072 0.010821 0.006686 0.003720 0.002097 0.001088 0.000540 0.000243 0.000120 0.000052 0.000015 0.000009 0.000002 0.000001 0.000001 0.000000 0.000000 0.000000 0.000000 0.000000 0.000000 0.000000 0.000000 
t: 0.030000000000 start: 37 end: 85 0.000003 0.000003 0.000018 0.000032 0.000120 0.000242 0.000584 0.001182 0.002461 0.004546 0.007925 0.012971 0.020278 0.029546 0.041227 0.054161 0.066849 0.078692 0.087450 0.091549 0.091157 0.086068 0.077641 0.066262 0.053364 0.040782 0.029968 0.020867 0.013839 0.008766 0.005234 0.003005 0.001606 0.000839 0.000407 0.000208 0.000077 0.000043 0.000019 0.000005 0.000004 0.000000 0.000000 0.000000 0.000000 0.000000 0.000000 0.000000 0.000000 
t: 0.028571428571 start: 39 end: 87 0.000002 0.000005 0.000012 0.000045 0.000115 0.000201 0.000522 0.001104 0.002310 0.004113 0.007166 0.011687 0.018197 0.027203 0.037547 0.049572 0.062279 0.074198 0.083057 0.089131 0.090237 0.086555 0.079681 0.069728 0.057524 0.045579 0.034201 0.024676 0.016638 0.011118 0.006718 0.004064 0.002386 0.001235 0.000613 0.000309 0.000155 0.000065 0.000035 0.000012 0.000005 0.000000 0.000000 0.000000 0.000000 0.000000 0.000000 0.000000 0.000000 
t: 0.027272727273 start: 39 end: 90 0.000001 0.000000 0.000004 0.000007 0.000009 0.000042 0.000098 0.000210 0.000526 0.001043 0.002106 0.003776 0.006539 0.010839 0.016823 0.024705 0.034608 0.046018 0.058497 0.069885 0.079543 0.085507 0.088812 0.086817 0.081200 0.072376 0.060974 0.049597 0.038190 0.027935 0.019748 0.013312 0.008481 0.005261 0.002983 0.001721 0.000907 0.000465 0.000230 0.000118 0.000047 0.000031 0.000004 0.000004 0.000000 0.000001 0.000000 0.000000 0.000000 0.000000 0.000000 0.000000 
t: 0.026086956522 start: 41 end: 93 0.000001 0.000000 0.000005 0.000004 0.000015 0.000043 0.000078 0.000228 0.000517 0.001030 0.002008 0.003537 0.006114 0.010059 0.015675 0.023006 0.032444 0.043045 0.054985 0.065602 0.076141 0.083673 0.086355 0.086564 0.082161 0.074077 0.063957 0.052603 0.041650 0.031066 0.022472 0.015447 0.010165 0.006483 0.003994 0.002239 0.001264 0.000683 0.000316 0.000138 0.000097 0.000040 0.000014 0.000003 0.000001 0.000001 0.000000 0.000000 0.000000 0.000000 0.000000 0.000000 0.000000 
t: 0.025000000000 start: 44 end: 97 0.000002 0.000002 0.000003 0.000016 0.000046 0.000106 0.000225 0.000501 0.001029 0.001938 0.003362 0.005956 0.009496 0.014827 0.021608 0.030287 0.040891 0.052199 0.063062 0.073142 0.080691 0.084712 0.085418 0.081793 0.075084 0.066117 0.055687 0.044530 0.034230 0.024849 0.017358 0.011979 0.007699 0.004883 0.002902 0.001601 0.000861 0.000463 0.000231 0.000116 0.000049 0.000025 0.000018 0.000004 0.000001 0.000001 0.000000 0.000000 0.000000 0.000000 0.000000 0.000000 0.000000 0.000000 
t: 0.024000000000 start: 44 end: 98 0.000001 0.000000 0.000002 0.000001 0.000005 0.000015 0.000045 0.000103 0.000242 0.000521 0.000980 0.001918 0.003374 0.005639 0.009141 0.014316 0.020706 0.029061 0.038814 0.049360 0.061062 0.070137 0.078012 0.082837 0.084379 0.081838 0.075960 0.067273 0.057531 0.046744 0.037149 0.027349 0.019495 0.013429 0.008987 0.005757 0.003448 0.001997 0.001129 0.000610 0.000309 0.000154 0.000094 0.000047 0.000021 0.000005 0.000002 0.000001 0.000000 0.000000 0.000000 0.000000 0.000000 0.000000 0.000000 
t: 0.023076923077 start: 46 end: 100 0.000001 0.000000 0.000002 0.000005 0.000011 0.000024 0.000050 0.000101 0.000246 0.000553 0.000962 0.001862 0.003367 0.005581 0.009004 0.013713 0.020022 0.027779 0.037680 0.047773 0.057994 0.067942 0.076235 0.081206 0.083144 0.081441 0.075920 0.068672 0.058940 0.049001 0.038545 0.029408 0.021565 0.014948 0.010190 0.006693 0.003987 0.002398 0.001374 0.000811 0.000410 0.000222 0.000117 0.000056 0.000025 0.000012 0.000006 0.000002 0.000000 0.000000 0.000000 0.000000 0.000000 0.000000 0.000000 
t: 0.022222222222 start: 50 end: 105 0.000004 0.000006 0.000009 0.000024 0.000034 0.000117 0.000263 0.000541 0.001077 0.001967 0.003283 0.005520 0.008972 0.013368 0.019471 0.027203 0.036531 0.046391 0.056649 0.066125 0.073868 0.079578 0.082045 0.080676 0.076244 0.068713 0.060401 0.049897 0.040485 0.031069 0.023029 0.016718 0.011237 0.007352 0.004618 0.002798 0.001714 0.000936 0.000522 0.000275 0.000144 0.000066 0.000035 0.000013 0.000008 0.000002 0.000001 0.000001 0.000000 0.000000 0.000000 0.000000 0.000000 0.000000 0.000000 0.000000 
t: 0.021428571428 start: 51 end: 106 0.000001 0.000004 0.000003 0.000010 0.000027 0.000052 0.000129 0.000290 0.000620 0.001095 0.001945 0.003441 0.005622 0.008850 0.013271 0.019236 0.026726 0.035709 0.045741 0.054789 0.064909 0.072776 0.078153 0.080623 0.079523 0.076034 0.068837 0.061018 0.051423 0.041556 0.032665 0.024284 0.017611 0.012174 0.008047 0.005229 0.003238 0.001926 0.001134 0.000621 0.000333 0.000155 0.000085 0.000045 0.000027 0.000006 0.000006 0.000001 0.000000 0.000000 0.000000 0.000000 0.000000 0.000000 0.000000 0.000000 
t: 0.020689655172 start: 53 end: 108 0.000001 0.000002 0.000008 0.000007 0.000035 0.000064 0.000142 0.000359 0.000638 0.001140 0.001997 0.003582 0.005695 0.008807 0.013369 0.019327 0.026705 0.035210 0.044542 0.054415 0.063306 0.071571 0.077047 0.079299 0.078840 0.075157 0.069312 0.061344 0.052150 0.042695 0.033337 0.025317 0.018632 0.012874 0.008767 0.005651 0.003612 0.002241 0.001244 0.000738 0.000391 0.000211 0.000131 0.000050 0.000025 0.000008 0.000004 0.000001 0.000000 0.000000 0.000000 0.000000 0.000000 0.000000 0.000000 0.000000 
t: 0.020000000000 start: 56 end: 111 0.000003 0.000005 0.000015 0.000036 0.000070 0.000175 0.000346 0.000681 0.001272 0.002192 0.003634 0.005894 0.009065 0.013539 0.019614 0.026415 0.035257 0.044253 0.053713 0.062539 0.069960 0.075844 0.078660 0.078018 0.075106 0.068772 0.061109 0.052061 0.043489 0.034103 0.026113 0.019425 0.013623 0.009250 0.006165 0.003919 0.002424 0.001487 0.000777 0.000461 0.000266 0.000130 0.000069 0.000026 0.000016 0.000006 0.000002 0.000000 0.000001 0.000000 0.000000 0.000000 0.000000 0.000000 0.000000 0.000000 
t: 0.019354838710 start: 58 end: 114 0.000004 0.000006 0.000016 0.000047 0.000102 0.000193 0.000393 0.000747 0.001317 0.002417 0.003881 0.006158 0.009417 0.014004 0.019345 0.026922 0.035452 0.044023 0.053421 0.061933 0.069495 0.074451 0.077673 0.077281 0.074470 0.068008 0.060856 0.052536 0.043278 0.034446 0.026846 0.020063 0.014086 0.009862 0.006493 0.004196 0.002594 0.001550 0.000879 0.000519 0.000318 0.000147 0.000088 0.000038 0.000017 0.000007 0.000003 0.000001 0.000000 0.000001 0.000000 0.000000 0.000000 0.000000 0.000000 0.000000 0.000000 
t: 0.018750000000 start: 58 end: 116 0.000001 0.000002 0.000004 0.000009 0.000021 0.000057 0.000114 0.000231 0.000419 0.000814 0.001486 0.002481 0.004139 0.006596 0.009746 0.014201 0.020327 0.027322 0.035261 0.044504 0.053061 0.061757 0.068807 0.073700 0.076743 0.076290 0.073367 0.067933 0.060617 0.052083 0.042910 0.034902 0.027343 0.020001 0.014755 0.010179 0.006730 0.004518 0.002708 0.001678 0.000972 0.000555 0.000320 0.000149 0.000096 0.000045 0.000025 0.000013 0.000006 0.000000 0.000001 0.000000 0.000001 0.000000 0.000000 0.000000 0.000000 0.000000 0.000000 
t: 0.018181818182 start: 61 end: 118 0.000004 0.000005 0.000013 0.000025 0.000062 0.000148 0.000279 0.000486 0.000903 0.001594 0.002636 0.004529 0.006742 0.010529 0.015007 0.020705 0.027978 0.035986 0.044641 0.053095 0.061738 0.068310 0.073793 0.075593 0.075468 0.072187 0.066942 0.059689 0.051501 0.043372 0.034756 0.026970 0.020260 0.015012 0.010328 0.007072 0.004604 0.002971 0.001719 0.001043 0.000589 0.000338 0.000189 0.000094 0.000050 0.000024 0.000008 0.000009 0.000003 0.000000 0.000000 0.000000 0.000001 0.000000 0.000000 0.000000 0.000000 0.000000 
t: 0.017647058823 start: 63 end: 122 0.000003 0.000008 0.000017 0.000032 0.000092 0.000145 0.000313 0.000590 0.001028 0.001727 0.002993 0.004798 0.007405 0.011027 0.015838 0.021542 0.028584 0.036785 0.045037 0.053732 0.061572 0.068414 0.072981 0.074916 0.074473 0.070795 0.065781 0.059395 0.051084 0.042597 0.034509 0.027028 0.020287 0.014762 0.010471 0.007108 0.004810 0.002991 0.001816 0.001148 0.000622 0.000343 0.000198 0.000103 0.000046 0.000026 0.000014 0.000006 0.000002 0.000003 0.000002 0.000001 0.000000 0.000000 0.000000 0.000000 0.000000 0.000000 0.000000 0.000000 
t: 0.017142857143 start: 64 end: 124 0.000001 0.000006 0.000006 0.000018 0.000052 0.000100 0.000201 0.000377 0.000649 0.001159 0.002039 0.003266 0.005157 0.008041 0.011681 0.016499 0.022878 0.029572 0.037718 0.045746 0.054301 0.061764 0.068221 0.072589 0.074142 0.073332 0.070165 0.064768 0.058035 0.050315 0.041899 0.034233 0.026483 0.020118 0.014580 0.010463 0.007189 0.004694 0.003064 0.001885 0.001131 0.000680 0.000359 0.000204 0.000111 0.000053 0.000026 0.000013 0.000008 0.000005 0.000002 0.000001 0.000000 0.000000 0.000001 0.000000 0.000000 0.000000 0.000000 0.000000 0.000000 
t: 0.016666666667 start: 65 end: 125 0.000002 0.000000 0.000007 0.000013 0.000026 0.000062 0.000131 0.000220 0.000467 0.000750 0.001342 0.002287 0.003705 0.005743 0.008599 0.012489 0.017481 0.023901 0.030808 0.038527 0.047137 0.055049 0.062194 0.068292 0.071815 0.073281 0.072641 0.068990 0.063644 0.057116 0.049389 0.041167 0.033102 0.026018 0.019549 0.014352 0.010370 0.006944 0.004816 0.003012 0.001887 0.001169 0.000709 0.000375 0.000210 0.000098 0.000053 0.000032 0.000015 0.000008 0.000003 0.000001 0.000000 0.000001 0.000000 0.000001 0.000000 0.000000 0.000000 0.000000 0.000000 
t: 0.016216216216 start: 66 end: 127 0.000001 0.000001 0.000004 0.000005 0.000018 0.000034 0.000071 0.000161 0.000276 0.000533 0.000952 0.001556 0.002573 0.004162 0.006258 0.009426 0.013313 0.018769 0.025025 0.032110 0.039945 0.048175 0.055923 0.062835 0.068160 0.071838 0.072493 0.071128 0.068280 0.062713 0.055526 0.047731 0.040125 0.032201 0.025300 0.019329 0.013982 0.009920 0.006974 0.004630 0.002970 0.001949 0.001153 0.000674 0.000368 0.000198 0.000112 0.000061 0.000031 0.000015 0.000007 0.000004 0.000000 0.000001 0.000001 0.000000 0.000000 0.000000 0.000000 0.000000 0.000000 0.000000 
t: 0.015789473684 start: 68 end: 129 0.000001 0.000005 0.000002 0.000012 0.000018 0.000051 0.000087 0.000191 0.000343 0.000670 0.001080 0.001761 0.003052 0.004638 0.006939 0.010335 0.014461 0.019825 0.026391 0.033702 0.041356 0.049471 0.057200 0.063387 0.068317 0.071093 0.071815 0.070373 0.066789 0.061276 0.053941 0.046586 0.038713 0.031345 0.024382 0.018510 0.013538 0.009686 0.006781 0.004429 0.002900 0.001927 0.001152 0.000660 0.000392 0.000190 0.000101 0.000066 0.000031 0.000017 0.000005 0.000005 0.000001 0.000001 0.000000 0.000000 0.000000 0.000000 0.000000 0.000000 0.000000 0.000000 
t: 0.015384615385 start: 70 end: 130 0.000002 0.000003 0.000009 0.000013 0.000029 0.000059 0.000112 0.000250 0.000434 0.000740 0.001288 0.002137 0.003400 0.005320 0.007896 0.011079 0.015934 0.021302 0.028088 0.035173 0.043002 0.050901 0.057598 0.064167 0.068817 0.070871 0.070894 0.069521 0.065224 0.059505 0.052629 0.044852 0.037206 0.030140 0.023473 0.017742 0.013062 0.009201 0.006400 0.004386 0.002835 0.001767 0.001129 0.000635 0.000347 0.000196 0.000110 0.000057 0.000040 0.000012 0.000009 0.000003 0.000000 0.000000 0.000001 0.000000 0.000000 0.000000 0.000000 0.000000 0.000000 
t: 0.015000000000 start: 73 end: 133 0.000007 0.000010 0.000015 0.000035 0.000090 0.000154 0.000267 0.000544 0.000869 0.001536 0.002518 0.003993 0.005858 0.008815 0.012573 0.017462 0.022748 0.029591 0.037004 0.044790 0.051924 0.059260 0.064881 0.068742 0.070616 0.070288 0.068077 0.063524 0.057554 0.050921 0.043098 0.036004 0.028566 0.022455 0.016861 0.012372 0.008970 0.006067 0.004099 0.002743 0.001686 0.001027 0.000639 0.000353 0.000185 0.000105 0.000052 0.000025 0.000016 0.000006 0.000000 0.000002 0.000001 0.000002 0.000000 0.000000 0.000000 0.000000 0.000000 0.000000 0.000000 
t: 0.014634146341 start: 73 end: 136 0.000002 0.000002 0.000006 0.000008 0.000027 0.000049 0.000090 0.000199 0.000361 0.000667 0.001069 0.001813 0.002950 0.004605 0.006696 0.009777 0.013994 0.018914 0.024866 0.031779 0.038719 0.046465 0.053441 0.060303 0.065277 0.068946 0.070166 0.069515 0.066406 0.061672 0.056210 0.048873 0.041280 0.034280 0.027334 0.021074 0.016072 0.011800 0.008233 0.005730 0.003937 0.002541 0.001589 0.001019 0.000531 0.000333 0.000188 0.000089 0.000049 0.000027 0.000014 0.000005 0.000002 0.000004 0.000001 0.000001 0.000000 0.000000 0.000000 0.000000 0.000000 0.000000 0.000000 0.000000 
t: 0.014285714286 start: 74 end: 137 0.000001 0.000001 0.000006 0.000009 0.000021 0.000025 0.000071 0.000104 0.000268 0.000470 0.000792 0.001308 0.002194 0.003438 0.005139 0.007913 0.011019 0.015522 0.020738 0.026560 0.033688 0.040832 0.048194 0.055382 0.061322 0.066007 0.069006 0.069405 0.068585 0.064922 0.060117 0.053923 0.046648 0.039330 0.032431 0.025866 0.020154 0.015004 0.010865 0.007845 0.005388 0.003588 0.002411 0.001454 0.000888 0.000480 0.000309 0.000160 0.000098 0.000051 0.000026 0.000011 0.000003 0.000003 0.000003 0.000002 0.000000 0.000000 0.000000 0.000000 0.000000 0.000000 0.000000 0.000000 
t: 0.013953488372 start: 75 end: 139 0.000001 0.000001 0.000003 0.000005 0.000011 0.000020 0.000052 0.000093 0.000176 0.000334 0.000589 0.000991 0.001501 0.002558 0.004105 0.006175 0.008995 0.012589 0.016879 0.022364 0.028854 0.035779 0.043226 0.049953 0.057173 0.062525 0.066719 0.068640 0.069241 0.066917 0.063060 0.057914 0.051850 0.044384 0.037666 0.030762 0.024118 0.018660 0.014002 0.010316 0.007054 0.005062 0.003301 0.002124 0.001317 0.000854 0.000491 0.000267 0.000162 0.000077 0.000050 0.000017 0.000011 0.000003 0.000005 0.000002 0.000002 0.000000 0.000000 0.000000 0.000000 0.000000 0.000000 0.000000 0.000000 
t: 0.013636363636 start: 77 end: 140 0.000003 0.000002 0.000003 0.000009 0.000014 0.000040 0.000066 0.000133 0.000223 0.000424 0.000729 0.001159 0.001922 0.003076 0.004958 0.007103 0.009962 0.014220 0.018851 0.024677 0.031020 0.038206 0.045240 0.051918 0.058914 0.063470 0.067178 0.068439 0.068166 0.065389 0.061576 0.055741 0.049120 0.042486 0.035370 0.028902 0.022736 0.017230 0.012883 0.009401 0.006629 0.004484 0.003028 0.001953 0.001249 0.000718 0.000438 0.000251 0.000135 0.000086 0.000034 0.000015 0.000007 0.000005 0.000007 0.000002 0.000000 0.000000 0.000000 0.000000 0.000000 0.000000 0.000000 0.000000 
t: 0.013333333333 start: 78 end: 141 0.000004 0.000000 0.000002 0.000006 0.000014 0.000028 0.000052 0.000102 0.000164 0.000289 0.000507 0.000860 0.001491 0.002451 0.003811 0.005607 0.008102 0.011709 0.015722 0.021190 0.026633 0.033523 0.040335 0.047609 0.054301 0.059989 0.064429 0.067415 0.068331 0.067239 0.063633 0.059535 0.053139 0.046899 0.040286 0.033191 0.026845 0.020938 0.015910 0.011835 0.008662 0.006000 0.004120 0.002771 0.001716 0.001066 0.000636 0.000395 0.000218 0.000142 0.000074 0.000040 0.000009 0.000012 0.000005 0.000003 0.000005 0.000000 0.000000 0.000000 0.000000 0.000000 0.000000 0.000000 
t: 0.013043478261 start: 78 end: 145 0.000001 0.000001 0.000002 0.000001 0.000008 0.000008 0.000015 0.000046 0.000068 0.000113 0.000220 0.000389 0.000625 0.001172 0.001904 0.002992 0.004538 0.006738 0.009434 0.013260 0.017607 0.023086 0.029013 0.036107 0.042846 0.049831 0.056488 0.061498 0.065429 0.066968 0.067616 0.065607 0.062634 0.057121 0.050872 0.044433 0.037688 0.030780 0.024835 0.019295 0.014720 0.010777 0.007700 0.005412 0.003859 0.002445 0.001492 0.000972 0.000549 0.000329 0.000219 0.000111 0.000062 0.000023 0.000019 0.000009 0.000005 0.000005 0.000002 0.000001 0.000000 0.000000 0.000000 0.000000 0.000000 0.000000 0.000000 0.000000 
t: 0.012765957447 start: 80 end: 147 0.000001 0.000002 0.000002 0.000005 0.000007 0.000013 0.000025 0.000046 0.000094 0.000155 0.000282 0.000520 0.000875 0.001473 0.002338 0.003717 0.005408 0.007851 0.010975 0.015004 0.019745 0.025560 0.031847 0.038362 0.045409 0.052616 0.057762 0.062527 0.066226 0.066930 0.066812 0.064156 0.060137 0.054599 0.048527 0.041870 0.035223 0.028884 0.022640 0.017659 0.013249 0.009800 0.006948 0.004967 0.003284 0.002083 0.001351 0.000858 0.000492 0.000280 0.000201 0.000094 0.000037 0.000039 0.000010 0.000007 0.000010 0.000004 0.000001 0.000001 0.000000 0.000000 0.000000 0.000000 0.000000 0.000000 0.000000 0.000000 
t: 0.012500000000 start: 82 end: 150 0.000001 0.000001 0.000004 0.000008 0.000008 0.000021 0.000032 0.000070 0.000133 0.000187 0.000396 0.000693 0.001166 0.001865 0.002952 0.004363 0.006531 0.009069 0.012816 0.017031 0.022071 0.028006 0.034433 0.041646 0.048273 0.054212 0.059769 0.063466 0.066056 0.066678 0.065911 0.062089 0.058076 0.052091 0.045711 0.039238 0.032550 0.026588 0.020845 0.015941 0.012047 0.008701 0.006384 0.004233 0.002891 0.001850 0.001132 0.000719 0.000455 0.000276 0.000132 0.000081 0.000046 0.000021 0.000016 0.000004 0.000005 0.000003 0.000003 0.000003 0.000001 0.000000 0.000000 0.000000 0.000000 0.000000 0.000000 0.000000 0.000000 
t: 0.012244897959 start: 84 end: 151 0.000003 0.000003 0.000003 0.000007 0.000010 0.000035 0.000049 0.000084 0.000163 0.000306 0.000536 0.000930 0.001516 0.002316 0.003673 0.005289 0.007689 0.010622 0.014631 0.019280 0.024756 0.030808 0.037448 0.044540 0.050426 0.056427 0.061046 0.064746 0.066115 0.065939 0.063990 0.060214 0.055508 0.049176 0.042790 0.036618 0.030342 0.024286 0.018812 0.014534 0.010763 0.007799 0.005512 0.003713 0.002445 0.001624 0.000977 0.000648 0.000380 0.000204 0.000124 0.000057 0.000042 0.000022 0.000005 0.000004 0.000007 0.000001 0.000005 0.000002 0.000000 0.000000 0.000000 0.000000 0.000000 0.000000 0.000000 0.000000 
t: 0.012000000000 start: 85 end: 153 0.000001 0.000003 0.000002 0.000006 0.000011 0.000024 0.000042 0.000071 0.000122 0.000241 0.000423 0.000745 0.001215 0.001875 0.002922 0.004374 0.006493 0.009071 0.012514 0.016743 0.021481 0.027609 0.034040 0.040311 0.047270 0.052827 0.058452 0.062202 0.065295 0.065743 0.064936 0.062422 0.057843 0.052615 0.046594 0.039940 0.033885 0.027776 0.022014 0.017006 0.012929 0.009522 0.006891 0.004696 0.003239 0.002075 0.001374 0.000879 0.000528 0.000294 0.000186 0.000101 0.000055 0.000026 0.000018 0.000009 0.000007 0.000006 0.000002 0.000002 0.000002 0.000000 0.000000 0.000000 0.000000 0.000000 0.000000 0.000000 0.000000 
t: 0.011764705882 start: 86 end: 154 0.000001 0.000000 0.000003 0.000002 0.000007 0.000014 0.000045 0.000051 0.000096 0.000183 0.000356 0.000545 0.000898 0.001559 0.002440 0.003578 0.005509 0.007690 0.010732 0.014395 0.019042 0.024839 0.030049 0.037031 0.043388 0.049941 0.055264 0.060290 0.063612 0.065041 0.065255 0.063788 0.060084 0.055005 0.049839 0.043631 0.037589 0.030885 0.025048 0.019883 0.015183 0.011333 0.008298 0.005953 0.004104 0.002776 0.001828 0.001178 0.000684 0.000430 0.000278 0.000163 0.000080 0.000044 0.000022 0.000017 0.000004 0.000008 0.000003 0.000002 0.000002 0.000002 0.000000 0.000000 0.000000 0.000000 0.000000 0.000000 0.000000 
t: 0.011538461538 start: 88 end: 158 0.000001 0.000001 0.000001 0.000008 0.000013 0.000027 0.000046 0.000078 0.000146 0.000268 0.000447 0.000795 0.001260 0.002004 0.003050 0.004488 0.006576 0.009168 0.012488 0.016832 0.021957 0.027500 0.033400 0.040167 0.046030 0.052580 0.057641 0.061537 0.064162 0.064983 0.064502 0.061554 0.058002 0.052237 0.047306 0.040530 0.034335 0.027824 0.022715 0.017907 0.013316 0.009940 0.007232 0.005058 0.003565 0.002391 0.001537 0.000952 0.000568 0.000376 0.000214 0.000117 0.000079 0.000039 0.000024 0.000009 0.000003 0.000006 0.000003 0.000001 0.000002 0.000001 0.000001 0.000000 0.000000 0.000000 0.000000 0.000000 0.000000 0.000000 0.000000 
t: 0.011320754717 start: 89 end: 158 0.000001 0.000002 0.000002 0.000003 0.000011 0.000015 0.000042 0.000071 0.000104 0.000217 0.000361 0.000646 0.000963 0.001674 0.002547 0.003732 0.005584 0.007888 0.011058 0.014792 0.019398 0.024958 0.030443 0.036626 0.043108 0.048841 0.055296 0.059374 0.063016 0.064200 0.064278 0.062874 0.059728 0.055230 0.049935 0.043666 0.037663 0.030955 0.025501 0.020338 0.015615 0.011752 0.008710 0.006294 0.004322 0.002995 0.001958 0.001250 0.000785 0.000477 0.000288 0.000169 0.000112 0.000051 0.000045 0.000012 0.000009 0.000007 0.000002 0.000003 0.000002 0.000000 0.000001 0.000000 0.000000 0.000000 0.000000 0.000000 0.000000 0.000000 
t: 0.011111111111 start: 89 end: 158 0.000001 0.000000 0.000000 0.000001 0.000001 0.000006 0.000017 0.000032 0.000052 0.000099 0.000191 0.000308 0.000494 0.000836 0.001338 0.002120 0.003206 0.004776 0.006860 0.009617 0.012901 0.017158 0.022274 0.027636 0.034040 0.039702 0.046398 0.051937 0.057266 0.060839 0.063374 0.064315 0.063586 0.061212 0.057202 0.052396 0.046658 0.040367 0.034440 0.028373 0.022893 0.017886 0.013750 0.010388 0.007435 0.005253 0.003628 0.002432 0.001659 0.001042 0.000653 0.000416 0.000219 0.000137 0.000072 0.000041 0.000033 0.000014 0.000011 0.000002 0.000002 0.000002 0.000002 0.000001 0.000000 0.000000 0.000000 0.000000 0.000000 0.000000 
t: 0.010909090909 start: 91 end: 159 0.000001 0.000000 0.000000 0.000000 0.000012 0.000008 0.000020 0.000034 0.000095 0.000156 0.000249 0.000438 0.000690 0.001102 0.001712 0.002707 0.004087 0.005999 0.008386 0.011522 0.015238 0.019860 0.025408 0.030926 0.036860 0.043551 0.049438 0.054542 0.059034 0.062307 0.063605 0.063671 0.062236 0.059038 0.054397 0.049344 0.043043 0.037340 0.031551 0.025402 0.020007 0.015887 0.011991 0.008818 0.006361 0.004409 0.002992 0.002044 0.001316 0.000888 0.000513 0.000306 0.000199 0.000099 0.000069 0.000037 0.000026 0.000015 0.000004 0.000004 0.000003 0.000000 0.000001 0.000001 0.000001 0.000000 0.000000 0.000000 0.000000 
t: 0.010714285714 start: 92 end: 161 0.000001 0.000000 0.000000 0.000000 0.000006 0.000009 0.000019 0.000032 0.000059 0.000141 0.000187 0.000379 0.000557 0.000939 0.001421 0.002334 0.003592 0.005168 0.007345 0.009998 0.013822 0.017859 0.022757 0.028504 0.034363 0.040871 0.046329 0.052244 0.057149 0.060637 0.062733 0.063536 0.062639 0.060540 0.056605 0.051437 0.045998 0.040060 0.033660 0.028147 0.022719 0.017796 0.013638 0.010224 0.007573 0.005373 0.003636 0.002559 0.001643 0.001104 0.000652 0.000399 0.000251 0.000139 0.000091 0.000052 0.000025 0.000021 0.000016 0.000004 0.000004 0.000001 0.000001 0.000001 0.000001 0.000000 0.000000 0.000000 0.000000 0.000000 
t: 0.010526315789 start: 94 end: 163 0.000001 0.000000 0.000002 0.000001 0.000010 0.000012 0.000025 0.000067 0.000088 0.000165 0.000287 0.000519 0.000778 0.001294 0.001935 0.003020 0.004466 0.006538 0.008978 0.012109 0.016089 0.020851 0.025928 0.032017 0.037914 0.044206 0.049462 0.055091 0.058833 0.061808 0.063284 0.062264 0.061428 0.058577 0.053386 0.048552 0.042299 0.036750 0.030475 0.024944 0.020083 0.015557 0.011741 0.008759 0.006327 0.004393 0.003125 0.002055 0.001355 0.000836 0.000495 0.000346 0.000190 0.000118 0.000058 0.000048 0.000024 0.000020 0.000008 0.000003 0.000003 0.000002 0.000000 0.000001 0.000000 0.000000 0.000000 0.000000 0.000000 0.000000 
t: 0.010344827586 start: 95 end: 164 0.000001 0.000000 0.000002 0.000001 0.000007 0.000014 0.000026 0.000048 0.000081 0.000123 0.000262 0.000421 0.000658 0.001068 0.001740 0.002541 0.003924 0.005786 0.007904 0.011011 0.014547 0.018816 0.024092 0.029707 0.035411 0.041611 0.047056 0.052313 0.057538 0.060469 0.062069 0.062943 0.061843 0.059737 0.055295 0.050343 0.044756 0.039330 0.032828 0.027367 0.022184 0.017407 0.013479 0.009927 0.007465 0.005219 0.003640 0.002561 0.001659 0.001030 0.000694 0.000408 0.000252 0.000162 0.000100 0.000045 0.000031 0.000024 0.000011 0.000005 0.000005 0.000002 0.000000 0.000001 0.000000 0.000000 0.000000 0.000000 0.000000 0.000000 
t: 0.010169491525 start: 96 end: 165 0.000001 0.000000 0.000001 0.000004 0.000007 0.000007 0.000017 0.000035 0.000067 0.000135 0.000201 0.000348 0.000576 0.000938 0.001470 0.002210 0.003488 0.005048 0.007181 0.009847 0.013139 0.017103 0.021984 0.027490 0.033231 0.039235 0.044904 0.050442 0.055120 0.058547 0.061608 0.062828 0.062064 0.060155 0.057069 0.052566 0.047352 0.041233 0.035048 0.029777 0.024229 0.019444 0.014885 0.011408 0.008556 0.006039 0.004406 0.003022 0.002047 0.001285 0.000869 0.000524 0.000335 0.000196 0.000108 0.000073 0.000047 0.000020 0.000014 0.000008 0.000004 0.000003 0.000000 0.000002 0.000000 0.000000 0.000000 0.000000 0.000000 0.000000 
t: 0.010000000000 start: 98 end: 167 0.000001 0.000000 0.000004 0.000001 0.000011 0.000011 0.000034 0.000047 0.000107 0.000184 0.000283 0.000502 0.000812 0.001259 0.001976 0.003043 0.004569 0.006394 0.008763 0.011971 0.015567 0.020442 0.025358 0.031101 0.037016 0.042577 0.048016 0.053550 0.057504 0.060459 0.061898 0.062008 0.061079 0.058136 0.054156 0.049197 0.043357 0.037421 0.031914 0.026421 0.021195 0.016782 0.012821 0.009602 0.007055 0.005091 0.003540 0.002391 0.001634 0.001039 0.000654 0.000440 0.000252 0.000165 0.000071 0.000052 0.000030 0.000014 0.000013 0.000006 0.000002 0.000001 0.000001 0.000000 0.000000 0.000000 0.000000 0.000000 0.000000 0.000000 
t: 0.008448275866 start: 110 end: 181 0.000001 0.000002 0.000000 0.000001 0.000005 0.000005 0.000012 0.000026 0.000050 0.000086 0.000143 0.000241 0.000417 0.000678 0.001110 0.001589 0.002413 0.003579 0.005030 0.006989 0.009541 0.012417 0.016179 0.020357 0.025209 0.030415 0.035820 0.041252 0.046241 0.051259 0.055129 0.057896 0.059434 0.059202 0.058945 0.056103 0.053207 0.048345 0.044247 0.038637 0.033047 0.028163 0.022966 0.018749 0.014684 0.011271 0.008419 0.006339 0.004545 0.003140 0.002277 0.001530 0.000947 0.000638 0.000415 0.000250 0.000163 0.000113 0.000063 0.000038 0.000019 0.000005 0.000004 0.000002 0.000001 0.000000 0.000000 0.000000 0.000000 0.000000 0.000000 0.000000 
t: 0.007313432839 start: 122 end: 195 0.000002 0.000000 0.000001 0.000003 0.000009 0.000011 0.000017 0.000030 0.000050 0.000109 0.000169 0.000289 0.000433 0.000683 0.001104 0.001671 0.002370 0.003395 0.004882 0.006658 0.008771 0.011485 0.015101 0.018739 0.023286 0.028000 0.033230 0.038098 0.043026 0.047766 0.051686 0.054994 0.056974 0.057626 0.057377 0.056326 0.054000 0.049623 0.045610 0.041132 0.035905 0.031365 0.025872 0.021569 0.017667 0.013821 0.010811 0.008082 0.006117 0.004329 0.003179 0.002167 0.001553 0.001030 0.000665 0.000432 0.000286 0.000157 0.000114 0.000064 0.000031 0.000020 0.000011 0.000010 0.000005 0.000001 0.000001 0.000000 0.000000 0.000000 0.000000 0.000000 0.000000 0.000000 
t: 0.006447368423 start: 134 end: 207 0.000001 0.000001 0.000003 0.000007 0.000013 0.000025 0.000054 0.000078 0.000138 0.000201 0.000343 0.000479 0.000795 0.001252 0.001824 0.002613 0.003714 0.005017 0.006836 0.009001 0.011801 0.014897 0.018778 0.023256 0.027562 0.032247 0.037109 0.041976 0.046444 0.050223 0.053073 0.055573 0.056307 0.056066 0.055205 0.053061 0.050171 0.045921 0.041589 0.036549 0.031711 0.027075 0.022554 0.018657 0.015148 0.011618 0.009172 0.006886 0.005183 0.003650 0.002630 0.001890 0.001223 0.000875 0.000588 0.000374 0.000218 0.000134 0.000081 0.000066 0.000027 0.000014 0.000008 0.000008 0.000006 0.000000 0.000000 0.000001 0.000000 0.000000 0.000000 0.000000 0.000000 0.000000 
t: 0.005764705884 start: 144 end: 221 0.000002 0.000004 0.000005 0.000012 0.000020 0.000032 0.000070 0.000081 0.000150 0.000258 0.000415 0.000612 0.000946 0.001424 0.002003 0.002847 0.004022 0.005412 0.007137 0.009583 0.012330 0.015421 0.019385 0.023408 0.028016 0.032327 0.037110 0.041959 0.046117 0.049425 0.052108 0.054136 0.055506 0.055049 0.054145 0.052338 0.049018 0.045306 0.041018 0.036746 0.032014 0.027172 0.023065 0.018749 0.015523 0.012182 0.009593 0.007166 0.005445 0.004031 0.002942 0.002058 0.001380 0.000978 0.000702 0.000395 0.000278 0.000170 0.000109 0.000069 0.000033 0.000018 0.000011 0.000006 0.000002 0.000002 0.000001 0.000001 0.000001 0.000001 0.000000 0.000000 0.000000 0.000000 0.000000 0.000000 0.000000 0.000000 
t: 0.005212765959 start: 152 end: 229 0.000003 0.000002 0.000005 0.000009 0.000011 0.000022 0.000043 0.000067 0.000128 0.000172 0.000287 0.000411 0.000734 0.001059 0.001423 0.002212 0.003038 0.004189 0.005756 0.007705 0.010080 0.012718 0.015579 0.019865 0.023636 0.027913 0.031993 0.037046 0.041752 0.045387 0.048654 0.051841 0.053267 0.054758 0.054584 0.053481 0.051353 0.048259 0.045568 0.040892 0.036539 0.031660 0.027843 0.023098 0.019355 0.015657 0.012554 0.009786 0.007491 0.005911 0.004221 0.003057 0.002288 0.001555 0.001111 0.000695 0.000459 0.000292 0.000218 0.000108 0.000077 0.000056 0.000024 0.000015 0.000012 0.000006 0.000005 0.000001 0.000003 0.000000 0.000001 0.000000 0.000000 0.000000 0.000000 0.000000 0.000000 0.000000 
t: 0.004757281555 start: 159 end: 236 0.000001 0.000002 0.000005 0.000005 0.000009 0.000018 0.000022 0.000042 0.000067 0.000124 0.000190 0.000309 0.000474 0.000671 0.001031 0.001493 0.002256 0.003059 0.004280 0.005772 0.007662 0.009727 0.012434 0.015568 0.019150 0.023189 0.027653 0.031681 0.036203 0.040346 0.044613 0.047717 0.051102 0.052489 0.054296 0.053703 0.052904 0.051779 0.048466 0.045742 0.041571 0.037161 0.032576 0.028270 0.023676 0.020184 0.016476 0.013246 0.010490 0.007963 0.006359 0.004645 0.003452 0.002426 0.001731 0.001234 0.000775 0.000566 0.000349 0.000227 0.000136 0.000091 0.000054 0.000038 0.000026 0.000012 0.000004 0.000005 0.000002 0.000000 0.000000 0.000001 0.000000 0.000000 0.000000 0.000000 0.000000 0.000000 
t: 0.004375000001 start: 167 end: 244 0.000001 0.000004 0.000010 0.000008 0.000010 0.000026 0.000040 0.000058 0.000117 0.000158 0.000247 0.000454 0.000594 0.000973 0.001411 0.001993 0.002793 0.003841 0.005236 0.006805 0.009025 0.011646 0.014504 0.017760 0.021821 0.025633 0.029981 0.034494 0.038581 0.042521 0.046057 0.049352 0.051391 0.053555 0.053552 0.053262 0.051932 0.049594 0.047010 0.042971 0.039090 0.034467 0.029987 0.025837 0.021777 0.017797 0.014627 0.011851 0.009232 0.007149 0.005405 0.004017 0.002994 0.002091 0.001414 0.001019 0.000636 0.000449 0.000262 0.000178 0.000116 0.000065 0.000037 0.000043 0.000018 0.000009 0.000006 0.000003 0.000001 0.000002 0.000000 0.000000 0.000000 0.000000 0.000000 0.000000 0.000000 0.000000 
t: 0.004049586778 start: 172 end: 251 0.000001 0.000002 0.000001 0.000009 0.000004 0.000008 0.000018 0.000027 0.000034 0.000084 0.000131 0.000181 0.000351 0.000469 0.000736 0.001066 0.001649 0.002168 0.003167 0.004293 0.005657 0.007535 0.009583 0.012300 0.015417 0.018651 0.022473 0.026756 0.031012 0.035582 0.039408 0.043353 0.046949 0.049741 0.051577 0.052862 0.053114 0.052673 0.051637 0.048576 0.045652 0.042047 0.038212 0.033431 0.029278 0.024798 0.021245 0.017330 0.014009 0.011291 0.008828 0.006873 0.005134 0.003849 0.002767 0.001904 0.001357 0.000990 0.000591 0.000443 0.000292 0.000146 0.000107 0.000060 0.000049 0.000026 0.000015 0.000011 0.000005 0.000002 0.000002 0.000000 0.000000 0.000000 0.000001 0.000000 0.000000 0.000000 0.000000 0.000000 
t: 0.003769230770 start: 178 end: 255 0.000001 0.000000 0.000004 0.000003 0.000005 0.000008 0.000019 0.000022 0.000040 0.000084 0.000119 0.000188 0.000305 0.000473 0.000671 0.000997 0.001547 0.002087 0.002992 0.004030 0.005498 0.007181 0.009206 0.011728 0.014801 0.018138 0.021798 0.026049 0.030019 0.034131 0.038174 0.042563 0.046030 0.049007 0.051143 0.052834 0.053179 0.052696 0.050957 0.049567 0.046624 0.042822 0.038534 0.034799 0.030071 0.025996 0.021733 0.018167 0.014762 0.012057 0.009412 0.007447 0.005620 0.003990 0.003032 0.002136 0.001483 0.001065 0.000692 0.000478 0.000266 0.000204 0.000122 0.000077 0.000056 0.000019 0.000021 0.000011 0.000005 0.000004 0.000000 0.000000 0.000000 0.000001 0.000000 0.000000 0.000000 0.000000 
t: 0.003525179857 start: 183 end: 261 0.000001 0.000000 0.000004 0.000000 0.000006 0.000008 0.000015 0.000022 0.000032 0.000050 0.000092 0.000158 0.000214 0.000329 0.000553 0.000759 0.001210 0.001712 0.002269 0.003335 0.004397 0.005955 0.007670 0.010189 0.012620 0.015790 0.019046 0.022872 0.026950 0.031029 0.035366 0.039520 0.043528 0.047118 0.049084 0.051648 0.052979 0.053192 0.052558 0.050787 0.048382 0.044982 0.042093 0.037569 0.033313 0.029066 0.024877 0.020965 0.017279 0.013977 0.011182 0.008632 0.006738 0.005129 0.003909 0.002713 0.002025 0.001369 0.000931 0.000673 0.000435 0.000268 0.000147 0.000121 0.000061 0.000031 0.000028 0.000016 0.000010 0.000001 0.000006 0.000004 0.000001 0.000000 0.000000 0.000000 0.000000 0.000000 0.000000 
t: 0.003310810811 start: 188 end: 269 0.000001 0.000001 0.000002 0.000001 0.000003 0.000005 0.000012 0.000021 0.000030 0.000041 0.000081 0.000120 0.000211 0.000305 0.000480 0.000724 0.001054 0.001515 0.002166 0.003040 0.004196 0.005530 0.007187 0.009352 0.011774 0.014675 0.018074 0.021975 0.025526 0.029926 0.034392 0.038195 0.042452 0.045793 0.048536 0.050982 0.052554 0.053342 0.052617 0.051668 0.049082 0.046127 0.042843 0.038880 0.034584 0.030296 0.026258 0.022177 0.018244 0.014860 0.011874 0.009343 0.007278 0.005550 0.004155 0.003068 0.002207 0.001540 0.001025 0.000760 0.000484 0.000296 0.000219 0.000115 0.000074 0.000036 0.000031 0.000009 0.000009 0.000005 0.000007 0.000003 0.000001 0.000000 0.000000 0.000001 0.000000 0.000000 0.000000 0.000000 0.000000 0.000000 
t: 0.003121019109 start: 196 end: 273 0.000004 0.000003 0.000003 0.000013 0.000018 0.000026 0.000052 0.000092 0.000125 0.000212 0.000352 0.000536 0.000749 0.001108 0.001563 0.002355 0.003096 0.004247 0.005593 0.007430 0.009554 0.012137 0.014997 0.018388 0.022219 0.026230 0.030048 0.034936 0.038835 0.042675 0.045980 0.049142 0.051375 0.052394 0.053099 0.052955 0.051132 0.049023 0.046072 0.042613 0.038203 0.034221 0.029939 0.025546 0.021628 0.018005 0.014622 0.011552 0.009332 0.006888 0.005365 0.003966 0.002877 0.002070 0.001485 0.001018 0.000695 0.000419 0.000298 0.000205 0.000118 0.000070 0.000042 0.000019 0.000018 0.000013 0.000001 0.000002 0.000001 0.000000 0.000000 0.000001 0.000000 0.000000 0.000000 0.000000 0.000000 0.000000 
t: 0.002951807229 start: 199 end: 276 0.000001 0.000003 0.000004 0.000007 0.000008 0.000015 0.000018 0.000046 0.000055 0.000093 0.000178 0.000273 0.000449 0.000615 0.000892 0.001340 0.001893 0.002579 0.003680 0.004710 0.006420 0.008382 0.010551 0.013405 0.016468 0.020088 0.023766 0.027849 0.032290 0.036732 0.040812 0.044126 0.047620 0.049852 0.052224 0.053008 0.052941 0.052412 0.050343 0.048075 0.044128 0.040589 0.036724 0.032365 0.027882 0.023973 0.019843 0.016206 0.013338 0.010444 0.008152 0.006342 0.004720 0.003371 0.002431 0.001757 0.001173 0.000849 0.000547 0.000343 0.000223 0.000151 0.000106 0.000044 0.000031 0.000027 0.000008 0.000003 0.000004 0.000003 0.000000 0.000000 0.000000 0.000000 0.000000 0.000000 0.000000 0.000000 
t: 0.002800000000 start: 204 end: 281 0.000002 0.000004 0.000005 0.000007 0.000014 0.000019 0.000035 0.000050 0.000082 0.000161 0.000249 0.000380 0.000556 0.000794 0.001143 0.001753 0.002446 0.003314 0.004563 0.005981 0.007786 0.009911 0.012594 0.015592 0.019144 0.022886 0.026971 0.031241 0.035496 0.039749 0.043549 0.046772 0.049547 0.052145 0.053352 0.053179 0.052434 0.050669 0.048593 0.045317 0.041736 0.037774 0.033207 0.028928 0.024861 0.020704 0.017166 0.013975 0.011007 0.008617 0.006640 0.004998 0.003576 0.002712 0.001865 0.001284 0.000808 0.000615 0.000396 0.000250 0.000168 0.000105 0.000050 0.000039 0.000016 0.000007 0.000002 0.000005 0.000003 0.000001 0.000000 0.000000 0.000000 0.000000 0.000000 0.000000 0.000000 0.000000 
t: 0.002663043479 start: 208 end: 284 0.000002 0.000004 0.000006 0.000006 0.000011 0.000018 0.000029 0.000059 0.000088 0.000177 0.000239 0.000375 0.000528 0.000822 0.001161 0.001712 0.002441 0.003427 0.004463 0.006034 0.007876 0.010043 0.012511 0.015769 0.019636 0.022917 0.027090 0.031288 0.035684 0.039990 0.043761 0.047121 0.049566 0.052022 0.053200 0.053582 0.053208 0.050950 0.048178 0.045219 0.041404 0.037416 0.033127 0.028894 0.024430 0.020627 0.017304 0.013625 0.010780 0.008382 0.006402 0.004883 0.003537 0.002643 0.001847 0.001183 0.000809 0.000552 0.000340 0.000225 0.000172 0.000098 0.000046 0.000026 0.000016 0.000009 0.000002 0.000004 0.000004 0.000000 0.000000 0.000000 0.000000 0.000000 0.000000 0.000000 0.000000 
t: 0.002538860104 start: 210 end: 288 0.000001 0.000001 0.000002 0.000004 0.000004 0.000003 0.000012 0.000017 0.000035 0.000074 0.000096 0.000202 0.000264 0.000429 0.000612 0.000918 0.001273 0.001936 0.002478 0.003683 0.004880 0.006523 0.008416 0.010522 0.013626 0.016760 0.020472 0.024179 0.028456 0.032554 0.036746 0.041080 0.044952 0.048079 0.050712 0.052714 0.053793 0.053490 0.052482 0.050492 0.047385 0.044416 0.040345 0.035876 0.032105 0.027462 0.023445 0.019303 0.016047 0.012724 0.010039 0.007539 0.005915 0.004358 0.003210 0.002249 0.001587 0.001052 0.000732 0.000476 0.000305 0.000201 0.000100 0.000070 0.000038 0.000024 0.000010 0.000011 0.000002 0.000000 0.000001 0.000001 0.000000 0.000000 0.000000 0.000000 0.000000 0.000000 0.000000 
t: 0.002425742574 start: 214 end: 291 0.000001 0.000002 0.000001 0.000001 0.000007 0.000007 0.000017 0.000035 0.000050 0.000085 0.000118 0.000233 0.000363 0.000472 0.000739 0.001092 0.001579 0.002204 0.003058 0.004230 0.005584 0.007345 0.009503 0.012119 0.015096 0.018687 0.022306 0.026148 0.030656 0.034821 0.039281 0.043039 0.046758 0.049469 0.052349 0.053496 0.053885 0.053171 0.051759 0.049150 0.045839 0.042482 0.038300 0.033906 0.029566 0.025308 0.021127 0.017551 0.014072 0.010926 0.008779 0.006662 0.004945 0.003607 0.002584 0.001832 0.001213 0.000878 0.000594 0.000355 0.000224 0.000141 0.000076 0.000054 0.000030 0.000014 0.000013 0.000003 0.000001 0.000002 0.000000 0.000000 0.000000 0.000000 0.000000 0.000000 0.000000 0.000000 
t: 0.002322274882 start: 217 end: 294 0.000001 0.000001 0.000001 0.000005 0.000001 0.000010 0.000016 0.000024 0.000029 0.000073 0.000111 0.000228 0.000275 0.000452 0.000675 0.001020 0.001365 0.001946 0.002718 0.003772 0.005233 0.006787 0.008634 0.011413 0.014298 0.017446 0.021179 0.025167 0.029590 0.033847 0.038224 0.041900 0.046055 0.048993 0.051686 0.053539 0.053870 0.053583 0.052093 0.050537 0.046840 0.043539 0.039643 0.035190 0.030616 0.026355 0.022169 0.018372 0.014808 0.011787 0.009244 0.006929 0.005180 0.003918 0.002718 0.001974 0.001355 0.000932 0.000633 0.000389 0.000246 0.000146 0.000089 0.000067 0.000027 0.000015 0.000014 0.000004 0.000002 0.000000 0.000002 0.000000 0.000000 0.000000 0.000000 0.000000 0.000000 0.000000 
t: 0.002227272727 start: 219 end: 295 0.000001 0.000000 0.000000 0.000001 0.000004 0.000006 0.000008 0.000009 0.000019 0.000041 0.000055 0.000110 0.000165 0.000283 0.000430 0.000616 0.000968 0.001355 0.001852 0.002628 0.003663 0.004950 0.006582 0.008568 0.011026 0.014012 0.017071 0.020844 0.024819 0.029235 0.033581 0.037675 0.042143 0.045814 0.049022 0.051614 0.053360 0.054026 0.053788 0.052650 0.050563 0.047588 0.044310 0.039850 0.035597 0.031130 0.026558 0.022249 0.018365 0.014744 0.011971 0.009216 0.007046 0.005358 0.003919 0.002739 0.001976 0.001347 0.000919 0.000570 0.000390 0.000229 0.000166 0.000087 0.000047 0.000033 0.000018 0.000014 0.000004 0.000000 0.000002 0.000001 0.000000 0.000000 0.000000 0.000000 0.000000 
t: 0.002139737991 start: 221 end: 296 0.000001 0.000000 0.000000 0.000000 0.000002 0.000003 0.000005 0.000009 0.000013 0.000025 0.000022 0.000067 0.000109 0.000168 0.000275 0.000443 0.000675 0.000957 0.001329 0.001936 0.002599 0.003738 0.005051 0.006734 0.008793 0.011074 0.014132 0.017460 0.021193 0.025328 0.029743 0.033532 0.038139 0.042296 0.046490 0.049635 0.052336 0.053475 0.054265 0.053824 0.052874 0.050416 0.047825 0.043666 0.039475 0.035249 0.030498 0.025993 0.021842 0.018050 0.014419 0.011344 0.008930 0.006852 0.005055 0.003724 0.002594 0.001778 0.001228 0.000860 0.000560 0.000366 0.000205 0.000145 0.000070 0.000045 0.000035 0.000012 0.000006 0.000007 0.000000 0.000000 0.000001 0.000000 0.000000 0.000000 
t: 0.002058823530 start: 228 end: 302 0.000002 0.000004 0.000008 0.000009 0.000015 0.000020 0.000035 0.000075 0.000116 0.000197 0.000297 0.000455 0.000714 0.001030 0.001479 0.002046 0.002806 0.004003 0.005270 0.007340 0.009107 0.011921 0.014733 0.018110 0.022227 0.026317 0.030625 0.034985 0.039247 0.043684 0.047255 0.050429 0.052938 0.054366 0.054509 0.054262 0.052454 0.049735 0.046697 0.042933 0.038598 0.033559 0.029589 0.025077 0.020865 0.016819 0.013531 0.010564 0.007981 0.006105 0.004606 0.003292 0.002306 0.001642 0.001111 0.000712 0.000472 0.000281 0.000178 0.000110 0.000066 0.000033 0.000029 0.000008 0.000002 0.000004 0.000005 0.000000 0.000000 0.000000 0.000000 0.000000 0.000000 0.000000 0.000000 
t: 0.001983805668 start: 230 end: 306 0.000002 0.000001 0.000007 0.000002 0.000013 0.000020 0.000035 0.000046 0.000086 0.000134 0.000173 0.000347 0.000560 0.000805 0.001186 0.001676 0.002294 0.003230 0.004405 0.005899 0.007958 0.010187 0.012764 0.016101 0.019629 0.023466 0.028024 0.032435 0.036850 0.041373 0.045345 0.048948 0.051678 0.053763 0.054857 0.054607 0.053738 0.051975 0.048824 0.045233 0.041192 0.036605 0.032249 0.027310 0.023077 0.019167 0.015447 0.012116 0.009367 0.007246 0.005214 0.003914 0.002677 0.002022 0.001344 0.000898 0.000589 0.000359 0.000224 0.000126 0.000086 0.000045 0.000020 0.000014 0.000008 0.000005 0.000000 0.000001 0.000001 0.000001 0.000000 0.000000 0.000000 0.000000 0.000000 0.000000 0.000000 
t: 0.001914062500 start: 231 end: 308 0.000001 0.000002 0.000001 0.000001 0.000004 0.000009 0.000013 0.000018 0.000044 0.000070 0.000093 0.000158 0.000248 0.000440 0.000638 0.000934 0.001420 0.001947 0.002780 0.003725 0.005133 0.006798 0.008948 0.011562 0.014371 0.017997 0.021494 0.025679 0.030511 0.034874 0.039515 0.043554 0.047528 0.050933 0.053464 0.054626 0.054904 0.054951 0.053073 0.050345 0.046984 0.043525 0.038527 0.034092 0.029482 0.024983 0.020587 0.016839 0.013508 0.010550 0.007947 0.006075 0.004430 0.003081 0.002185 0.001623 0.001053 0.000676 0.000413 0.000240 0.000170 0.000112 0.000050 0.000031 0.000013 0.000005 0.000004 0.000005 0.000002 0.000002 0.000000 0.000000 0.000000 0.000000 0.000000 0.000000 0.000000 0.000000 
t: 0.001849056604 start: 234 end: 310 0.000001 0.000003 0.000000 0.000003 0.000004 0.000013 0.000018 0.000038 0.000050 0.000088 0.000133 0.000201 0.000341 0.000529 0.000798 0.001195 0.001696 0.002416 0.003419 0.004526 0.006161 0.007961 0.010651 0.013269 0.016372 0.020458 0.024116 0.028910 0.033130 0.038474 0.042170 0.046700 0.050377 0.052707 0.054125 0.055123 0.055573 0.053998 0.051833 0.048248 0.044737 0.040379 0.035442 0.031151 0.026425 0.022131 0.017741 0.014320 0.011305 0.008609 0.006529 0.004800 0.003446 0.002447 0.001692 0.001122 0.000734 0.000465 0.000289 0.000153 0.000122 0.000063 0.000035 0.000015 0.000010 0.000003 0.000004 0.000001 0.000001 0.000001 0.000000 0.000000 0.000000 0.000000 0.000000 0.000000 0.000000 
t: 0.001788321168 start: 236 end: 312 0.000001 0.000002 0.000001 0.000001 0.000005 0.000011 0.000012 0.000033 0.000056 0.000069 0.000096 0.000176 0.000286 0.000489 0.000705 0.001094 0.001526 0.002158 0.003094 0.004190 0.005657 0.007513 0.009795 0.012618 0.015611 0.019385 0.023450 0.027501 0.032503 0.036893 0.042009 0.045742 0.049812 0.052276 0.054298 0.055616 0.055464 0.054691 0.052483 0.049413 0.045666 0.041431 0.036980 0.031986 0.027164 0.022748 0.018651 0.014932 0.011649 0.009041 0.006821 0.005106 0.003573 0.002613 0.001772 0.001128 0.000827 0.000467 0.000285 0.000174 0.000104 0.000063 0.000039 0.000026 0.000010 0.000004 0.000002 0.000002 0.000001 0.000000 0.000000 0.000000 0.000000 0.000000 0.000000 0.000000 0.000000 
t: 0.001731448763 start: 238 end: 313 0.000002 0.000000 0.000001 0.000002 0.000001 0.000013 0.000012 0.000021 0.000040 0.000068 0.000106 0.000153 0.000268 0.000424 0.000656 0.001008 0.001447 0.002041 0.002820 0.003937 0.005421 0.007186 0.009525 0.012050 0.015299 0.018882 0.022798 0.027275 0.031966 0.036589 0.041129 0.045466 0.049516 0.052633 0.054220 0.055946 0.055856 0.054906 0.053194 0.049945 0.046189 0.041801 0.037502 0.032558 0.027762 0.023238 0.018681 0.015275 0.011810 0.009145 0.007047 0.004954 0.003676 0.002624 0.001759 0.001169 0.000782 0.000459 0.000317 0.000199 0.000106 0.000051 0.000034 0.000020 0.000010 0.000005 0.000003 0.000001 0.000001 0.000000 0.000000 0.000000 0.000000 0.000000 0.000000 0.000000 
t: 0.001678082192 start: 239 end: 313 0.000001 0.000000 0.000001 0.000000 0.000002 0.000004 0.000010 0.000017 0.000022 0.000025 0.000075 0.000097 0.000159 0.000245 0.000423 0.000631 0.000928 0.001315 0.002014 0.002867 0.003792 0.005352 0.007218 0.009212 0.011931 0.015160 0.018602 0.022840 0.027157 0.031802 0.036952 0.041049 0.045381 0.049506 0.052700 0.054802 0.056374 0.055978 0.055336 0.053212 0.050388 0.046608 0.041988 0.037185 0.032745 0.027773 0.023055 0.018643 0.015169 0.011681 0.009021 0.006742 0.005009 0.003584 0.002448 0.001776 0.001144 0.000710 0.000454 0.000279 0.000169 0.000114 0.000057 0.000029 0.000021 0.000007 0.000003 0.000005 0.000001 0.000000 0.000000 0.000000 0.000000 0.000000 0.000000 
t: 0.001627906977 start: 244 end: 317 0.000001 0.000001 0.000002 0.000009 0.000014 0.000023 0.000043 0.000059 0.000099 0.000164 0.000244 0.000426 0.000620 0.000872 0.001450 0.001927 0.002785 0.003945 0.005349 0.007178 0.009395 0.012167 0.015344 0.018731 0.022961 0.027577 0.032225 0.037084 0.041686 0.046307 0.049670 0.053188 0.055240 0.056393 0.056540 0.055711 0.053397 0.049805 0.046349 0.041773 0.037311 0.032014 0.027294 0.022524 0.018394 0.014600 0.011295 0.008579 0.006380 0.004751 0.003419 0.002373 0.001566 0.001048 0.000671 0.000420 0.000236 0.000179 0.000080 0.000051 0.000029 0.000018 0.000010 0.000001 0.000002 0.000001 0.000000 0.000000 0.000000 0.000000 0.000000 0.000000 0.000000 0.000000 
t: 0.001580645161 start: 246 end: 317 0.000001 0.000000 0.000003 0.000002 0.000014 0.000023 0.000042 0.000066 0.000098 0.000178 0.000259 0.000427 0.000659 0.000943 0.001422 0.002085 0.002852 0.004033 0.005663 0.007340 0.009650 0.012584 0.015771 0.019388 0.023697 0.028116 0.033135 0.037938 0.042500 0.046795 0.050605 0.053922 0.055814 0.057118 0.056831 0.055645 0.052931 0.049545 0.045754 0.041203 0.036450 0.030904 0.026465 0.021656 0.017687 0.013667 0.010688 0.008046 0.006039 0.004404 0.003050 0.002053 0.001463 0.000911 0.000565 0.000352 0.000237 0.000143 0.000085 0.000040 0.000016 0.000015 0.000008 0.000003 0.000001 0.000000 0.000000 0.000000 0.000000 0.000000 0.000000 0.000000 
t: 0.001536050157 start: 248 end: 318 0.000001 0.000000 0.000001 0.000006 0.000019 0.000035 0.000032 0.000064 0.000120 0.000176 0.000300 0.000442 0.000675 0.001059 0.001494 0.002186 0.003087 0.004409 0.005885 0.007810 0.010238 0.013258 0.016395 0.020362 0.024657 0.029213 0.034360 0.039211 0.043594 0.048138 0.051733 0.054584 0.056778 0.057493 0.056943 0.055296 0.052525 0.048934 0.044750 0.039958 0.034899 0.029912 0.024704 0.020680 0.016434 0.012811 0.009906 0.007418 0.005386 0.003888 0.002631 0.001927 0.001202 0.000753 0.000494 0.000306 0.000186 0.000113 0.000063 0.000026 0.000019 0.000011 0.000007 0.000003 0.000000 0.000000 0.000000 0.000000 0.000000 0.000000 0.000000 
t: 0.001493902439 start: 250 end: 321 0.000001 0.000001 0.000001 0.000010 0.000020 0.000031 0.000047 0.000059 0.000128 0.000191 0.000335 0.000506 0.000742 0.001172 0.001654 0.002332 0.003467 0.004745 0.006273 0.008395 0.011107 0.014154 0.017680 0.021816 0.025851 0.030735 0.035718 0.040814 0.045261 0.049815 0.053180 0.055460 0.057243 0.058041 0.056572 0.054868 0.051733 0.047879 0.043188 0.038134 0.033403 0.028236 0.023441 0.018951 0.015014 0.011512 0.008988 0.006598 0.004735 0.003388 0.002274 0.001458 0.001005 0.000634 0.000438 0.000239 0.000154 0.000077 0.000042 0.000021 0.000017 0.000009 0.000006 0.000001 0.000000 0.000000 0.000000 0.000000 0.000000 0.000000 0.000000 0.000000 
t: 0.001454005935 start: 252 end: 323 0.000001 0.000002 0.000002 0.000010 0.000022 0.000033 0.000056 0.000082 0.000169 0.000224 0.000347 0.000536 0.000891 0.001257 0.001919 0.002716 0.003753 0.005207 0.007144 0.009182 0.012238 0.015355 0.019172 0.022983 0.028077 0.032499 0.037586 0.042887 0.047540 0.051025 0.054284 0.056746 0.058479 0.057814 0.056481 0.053880 0.050507 0.045835 0.041376 0.036328 0.031431 0.026531 0.021250 0.016916 0.013458 0.010289 0.007807 0.005702 0.004004 0.002732 0.001913 0.001250 0.000840 0.000510 0.000294 0.000200 0.000111 0.000058 0.000027 0.000010 0.000011 0.000006 0.000003 0.000002 0.000000 0.000000 0.000000 0.000000 0.000000 0.000000 0.000000 0.000000 
t: 0.001416184971 start: 253 end: 323 0.000001 0.000001 0.000001 0.000010 0.000013 0.000019 0.000030 0.000074 0.000119 0.000157 0.000272 0.000440 0.000659 0.001003 0.001548 0.002196 0.003026 0.004315 0.005953 0.008003 0.010375 0.013231 0.017046 0.020791 0.025175 0.029993 0.035353 0.039839 0.045077 0.049654 0.052911 0.055899 0.057636 0.058829 0.057532 0.055781 0.052729 0.048387 0.044136 0.038990 0.034114 0.029061 0.023680 0.019246 0.015291 0.011761 0.008817 0.006691 0.004621 0.003287 0.002200 0.001491 0.000995 0.000645 0.000380 0.000212 0.000143 0.000070 0.000047 0.000016 0.000012 0.000010 0.000006 0.000000 0.000000 0.000000 0.000000 0.000000 0.000000 0.000000 0.000000 
t: 0.001380281690 start: 255 end: 325 0.000001 0.000002 0.000004 0.000009 0.000017 0.000022 0.000048 0.000077 0.000152 0.000189 0.000355 0.000505 0.000774 0.001228 0.001816 0.002583 0.003612 0.005069 0.006847 0.008987 0.011788 0.014811 0.018854 0.022853 0.027966 0.032690 0.037789 0.042666 0.047526 0.051783 0.054995 0.057085 0.059263 0.058300 0.056844 0.054690 0.050726 0.046556 0.041522 0.036476 0.031364 0.025861 0.021298 0.016886 0.013227 0.009943 0.007446 0.005330 0.003821 0.002627 0.001715 0.001183 0.000769 0.000431 0.000250 0.000168 0.000091 0.000053 0.000023 0.000015 0.000012 0.000004 0.000003 0.000000 0.000000 0.000000 0.000000 0.000000 0.000000 0.000000 0.000000 
t: 0.001346153846 start: 257 end: 327 0.000003 0.000001 0.000005 0.000018 0.000023 0.000033 0.000058 0.000102 0.000166 0.000278 0.000404 0.000646 0.000976 0.001532 0.002211 0.003116 0.004206 0.005980 0.007985 0.010442 0.013328 0.016899 0.020990 0.025855 0.030612 0.035571 0.041121 0.045672 0.050441 0.053657 0.056822 0.058618 0.058949 0.057993 0.055884 0.052916 0.048575 0.044056 0.038589 0.033330 0.027806 0.023330 0.018425 0.014318 0.011149 0.008329 0.005977 0.004203 0.002945 0.002022 0.001353 0.000821 0.000516 0.000299 0.000188 0.000123 0.000067 0.000031 0.000021 0.000006 0.000004 0.000003 0.000001 0.000000 0.000000 0.000000 0.000000 0.000000 0.000000 0.000000 0.000000 
t: 0.001313672922 start: 258 end: 329 0.000001 0.000002 0.000005 0.000012 0.000015 0.000027 0.000046 0.000076 0.000133 0.000225 0.000353 0.000518 0.000823 0.001265 0.001873 0.002658 0.003714 0.005209 0.007095 0.009502 0.012059 0.015445 0.019440 0.023954 0.028717 0.033685 0.038962 0.044536 0.048628 0.053085 0.056268 0.058357 0.058969 0.058864 0.056938 0.054749 0.050125 0.046189 0.040509 0.035169 0.029633 0.024938 0.019945 0.015597 0.012058 0.009089 0.006561 0.004753 0.003191 0.002240 0.001423 0.000948 0.000582 0.000354 0.000215 0.000113 0.000087 0.000034 0.000021 0.000008 0.000004 0.000002 0.000003 0.000001 0.000000 0.000000 0.000000 0.000000 0.000000 0.000000 0.000000 0.000000 
t: 0.001282722513 start: 260 end: 330 0.000003 0.000004 0.000012 0.000008 0.000024 0.000024 0.000069 0.000107 0.000202 0.000263 0.000475 0.000703 0.001065 0.001635 0.002279 0.003335 0.004644 0.006392 0.008608 0.011020 0.014229 0.017968 0.022280 0.027405 0.031959 0.037392 0.043023 0.047286 0.052156 0.055622 0.058298 0.059294 0.058922 0.058565 0.055786 0.051790 0.047364 0.042302 0.036901 0.031417 0.026121 0.021420 0.016622 0.012970 0.009566 0.007201 0.005054 0.003619 0.002418 0.001590 0.001011 0.000613 0.000431 0.000232 0.000144 0.000081 0.000037 0.000019 0.000009 0.000005 0.000004 0.000001 0.000001 0.000000 0.000000 0.000000 0.000000 0.000000 0.000000 0.000000 0.000000 
t: 0.001253196931 start: 261 end: 331 0.000002 0.000002 0.000004 0.000014 0.000016 0.000021 0.000059 0.000098 0.000155 0.000238 0.000391 0.000623 0.000921 0.001403 0.002047 0.003007 0.004160 0.005750 0.007747 0.010323 0.013372 0.016771 0.020955 0.025768 0.031063 0.036001 0.041263 0.046609 0.051190 0.055014 0.058403 0.059484 0.059602 0.058670 0.056548 0.053398 0.048750 0.044049 0.037979 0.032816 0.027219 0.022388 0.017792 0.013737 0.010162 0.007629 0.005433 0.003904 0.002604 0.001689 0.001098 0.000630 0.000442 0.000268 0.000145 0.000099 0.000039 0.000013 0.000013 0.000004 0.000004 0.000001 0.000001 0.000000 0.000000 0.000000 0.000000 0.000000 0.000000 0.000000 0.000000 
t: 0.001225000000 start: 262 end: 331 0.000001 0.000002 0.000004 0.000009 0.000015 0.000020 0.000055 0.000072 0.000132 0.000211 0.000354 0.000502 0.000856 0.001277 0.001820 0.002673 0.003825 0.005273 0.007068 0.009705 0.012554 0.015903 0.019833 0.024435 0.029860 0.034929 0.040464 0.045542 0.050652 0.054358 0.058099 0.059418 0.060078 0.059458 0.057750 0.054346 0.050002 0.044919 0.039391 0.033720 0.028444 0.023099 0.018535 0.014418 0.010711 0.007997 0.005725 0.004095 0.002631 0.001840 0.001122 0.000722 0.000462 0.000260 0.000164 0.000097 0.000040 0.000028 0.000010 0.000012 0.000001 0.000002 0.000000 0.000000 0.000000 0.000000 0.000000 0.000000 0.000000 0.000000 
t: 0.001198044010 start: 263 end: 331 0.000002 0.000000 0.000001 0.000009 0.000019 0.000020 0.000034 0.000078 0.000117 0.000159 0.000309 0.000486 0.000738 0.001146 0.001714 0.002487 0.003498 0.004825 0.006715 0.009027 0.011802 0.015362 0.018982 0.023567 0.028873 0.034257 0.039456 0.044679 0.050097 0.054156 0.057362 0.060069 0.060262 0.059890 0.058121 0.055350 0.051419 0.045674 0.040112 0.034911 0.029284 0.023770 0.019138 0.014866 0.011256 0.008099 0.005952 0.004146 0.002878 0.001813 0.001167 0.000753 0.000463 0.000273 0.000158 0.000100 0.000042 0.000025 0.000021 0.000007 0.000003 0.000001 0.000000 0.000000 0.000000 0.000000 0.000000 0.000000 0.000000 
t: 0.001172248804 start: 265 end: 332 0.000002 0.000002 0.000004 0.000015 0.000022 0.000027 0.000073 0.000102 0.000162 0.000258 0.000451 0.000705 0.001042 0.001604 0.002250 0.003227 0.004553 0.006376 0.008565 0.011416 0.014735 0.018410 0.023015 0.028176 0.033244 0.038929 0.044314 0.049540 0.053855 0.057049 0.060032 0.060615 0.060472 0.058708 0.055867 0.052034 0.046791 0.041272 0.035108 0.029975 0.024520 0.019484 0.015207 0.011287 0.008501 0.005950 0.004305 0.002912 0.001780 0.001206 0.000782 0.000434 0.000275 0.000175 0.000080 0.000044 0.000035 0.000012 0.000013 0.000001 0.000000 0.000000 0.000000 0.000000 0.000000 0.000000 0.000000 0.000000 
t: 0.001147540984 start: 265 end: 332 0.000002 0.000000 0.000001 0.000003 0.000012 0.000018 0.000037 0.000063 0.000072 0.000142 0.000255 0.000405 0.000667 0.001001 0.001489 0.002081 0.003055 0.004369 0.006067 0.008133 0.010896 0.014435 0.018157 0.022606 0.027450 0.032598 0.038552 0.044292 0.049118 0.053344 0.057381 0.059713 0.061169 0.061055 0.059137 0.056701 0.052392 0.047235 0.041883 0.036057 0.029963 0.024760 0.019793 0.015278 0.011595 0.008489 0.006154 0.004238 0.002923 0.001800 0.001175 0.000714 0.000452 0.000281 0.000157 0.000084 0.000052 0.000023 0.000019 0.000006 0.000001 0.000000 0.000000 0.000000 0.000000 0.000000 0.000000 0.000000 
t: 0.001123853211 start: 266 end: 333 0.000001 0.000000 0.000001 0.000002 0.000009 0.000022 0.000027 0.000050 0.000087 0.000124 0.000217 0.000413 0.000611 0.000953 0.001387 0.001968 0.002927 0.004317 0.005806 0.008052 0.010640 0.013766 0.017892 0.022439 0.027013 0.032516 0.038204 0.043963 0.049003 0.053486 0.057220 0.060237 0.061589 0.061116 0.059904 0.056951 0.052962 0.047748 0.042023 0.036147 0.030188 0.024741 0.019814 0.015527 0.011626 0.008495 0.006110 0.004122 0.002876 0.001851 0.001128 0.000710 0.000430 0.000261 0.000150 0.000088 0.000041 0.000035 0.000008 0.000004 0.000002 0.000000 0.000000 0.000000 0.000000 0.000000 0.000000 0.000000 
t: 0.001101123596 start: 268 end: 335 0.000001 0.000001 0.000002 0.000011 0.000021 0.000026 0.000046 0.000069 0.000127 0.000208 0.000389 0.000591 0.000886 0.001325 0.001993 0.002867 0.004075 0.005739 0.007893 0.010490 0.013580 0.017744 0.022075 0.027189 0.032226 0.038296 0.043898 0.048868 0.054027 0.057156 0.060603 0.062054 0.061321 0.060300 0.056815 0.053333 0.048018 0.041891 0.036344 0.030196 0.024815 0.019928 0.015285 0.011496 0.008299 0.006019 0.004131 0.002797 0.001783 0.001115 0.000674 0.000405 0.000253 0.000151 0.000075 0.000045 0.000021 0.000008 0.000005 0.000001 0.000000 0.000000 0.000000 0.000000 0.000000 0.000000 0.000000 0.000000 
t: 0.001079295154 start: 269 end: 334 0.000002 0.000000 0.000003 0.000013 0.000010 0.000033 0.000036 0.000080 0.000113 0.000219 0.000346 0.000569 0.000873 0.001288 0.002020 0.002778 0.003959 0.005672 0.007816 0.010530 0.013661 0.017353 0.022146 0.027159 0.032529 0.038213 0.044145 0.049297 0.054083 0.057757 0.060683 0.062447 0.061787 0.060300 0.057415 0.053185 0.047713 0.042295 0.035840 0.030084 0.024881 0.019493 0.015150 0.011149 0.008066 0.005855 0.003976 0.002716 0.001711 0.001018 0.000656 0.000373 0.000224 0.000135 0.000073 0.000046 0.000015 0.000010 0.000000 0.000001 0.000000 0.000000 0.000000 0.000000 0.000000 0.000000 
t: 0.001058315335 start: 270 end: 337 0.000001 0.000001 0.000005 0.000008 0.000013 0.000027 0.000038 0.000070 0.000114 0.000209 0.000364 0.000547 0.000826 0.001283 0.002059 0.002741 0.003955 0.005699 0.007811 0.010367 0.013737 0.017593 0.022127 0.027475 0.032783 0.038337 0.044792 0.049733 0.054598 0.057941 0.061076 0.062848 0.062139 0.060620 0.057494 0.052954 0.047621 0.041824 0.035816 0.029608 0.024275 0.019235 0.014796 0.010776 0.007885 0.005520 0.003777 0.002502 0.001658 0.000949 0.000580 0.000346 0.000195 0.000122 0.000070 0.000034 0.000020 0.000004 0.000001 0.000001 0.000000 0.000000 0.000000 0.000000 0.000000 0.000000 0.000000 0.000000 
t: 0.001038135593 start: 272 end: 338 0.000002 0.000008 0.000005 0.000015 0.000020 0.000042 0.000068 0.000116 0.000199 0.000357 0.000572 0.000830 0.001343 0.001951 0.002813 0.004025 0.005762 0.007817 0.010406 0.013822 0.018012 0.022638 0.027541 0.033006 0.039410 0.045033 0.050274 0.054819 0.058769 0.061508 0.063216 0.062392 0.060857 0.057283 0.052840 0.047233 0.041447 0.035218 0.029301 0.023678 0.018321 0.014227 0.010482 0.007583 0.005172 0.003604 0.002323 0.001490 0.000907 0.000530 0.000301 0.000190 0.000118 0.000057 0.000025 0.000016 0.000002 0.000002 0.000002 0.000000 0.000000 0.000000 0.000000 0.000000 0.000000 0.000000 0.000000 
t: 0.001018711019 start: 273 end: 339 0.000003 0.000005 0.000007 0.000011 0.000022 0.000044 0.000066 0.000112 0.000215 0.000367 0.000528 0.000904 0.001334 0.001972 0.002900 0.004087 0.005844 0.008015 0.010582 0.014385 0.018381 0.022776 0.028041 0.034117 0.039762 0.045539 0.051009 0.055477 0.059426 0.062158 0.063782 0.062709 0.060479 0.057259 0.052246 0.046968 0.040508 0.034412 0.028730 0.022862 0.017622 0.013639 0.010003 0.007134 0.004952 0.003200 0.002164 0.001313 0.000794 0.000490 0.000303 0.000167 0.000094 0.000038 0.000026 0.000010 0.000004 0.000002 0.000001 0.000000 0.000000 0.000000 0.000000 0.000000 0.000000 0.000000 0.000000 
t: 0.001000000000 start: 273 end: 340 0.000001 0.000001 0.000006 0.000003 0.000013 0.000026 0.000049 0.000065 0.000121 0.000212 0.000354 0.000588 0.000891 0.001383 0.002086 0.002957 0.004201 0.005975 0.008165 0.011175 0.014727 0.018730 0.023436 0.029075 0.034529 0.040532 0.046607 0.051890 0.056132 0.060402 0.062641 0.063956 0.062900 0.060427 0.056464 0.052022 0.045824 0.039898 0.033883 0.027472 0.021992 0.016951 0.012851 0.009390 0.006684 0.004539 0.003011 0.001836 0.001220 0.000733 0.000427 0.000247 0.000146 0.000085 0.000043 0.000012 0.000011 0.000001 0.000001 0.000000 0.000001 0.000000 0.000000 0.000000 0.000000 0.000000 0.000000 0.000000 
