t: 0.059999999999 start: 16 end: 55 0.000001 0.000004 0.000014 0.000087 0.000234 0.000855 0.002359 0.005643 0.012036 0.023411 0.040010 0.062151 0.086315 0.107045 0.121164 0.124688 0.115986 0.097753 0.075008 0.052145 0.033817 0.019764 0.010582 0.005118 0.002358 0.000932 0.000339 0.000120 0.000048 0.000008 0.000003 0.000002 0.000000 0.000000 0.000000 0.000000 0.000000 0.000000 0.000000 0.000000 
t: 0.054545454544 start: 18 end: 58 0.000002 0.000002 0.000022 0.000047 0.000181 0.000551 0.001536 0.003864 0.008195 0.016601 0.029291 0.046446 0.067943 0.089807 0.108079 0.118261 0.118251 0.108908 0.090679 0.069653 0.049661 0.032364 0.019434 0.010511 0.005377 0.002504 0.001094 0.000491 0.000167 0.000057 0.000018 0.000001 0.000002 0.000000 0.000000 0.000000 0.000000 0.000000 0.000000 0.000000 0.000000 
t: 0.049999999999 start: 21 end: 61 0.000001 0.000013 0.000030 0.000121 0.000435 0.001102 0.002702 0.005914 0.012138 0.021584 0.035586 0.053548 0.073993 0.093430 0.107710 0.114491 0.112472 0.101365 0.083925 0.064536 0.046099 0.029949 0.018425 0.010335 0.005453 0.002626 0.001200 0.000514 0.000193 0.000086 0.000019 0.000004 0.000001 0.000000 0.000000 0.000000 0.000000 0.000000 0.000000 0.000000 0.000000 
t: 0.046153846153 start: 23 end: 64 0.000002 0.000013 0.000033 0.000095 0.000307 0.000810 0.002012 0.004339 0.008806 0.016507 0.027649 0.042440 0.060935 0.079608 0.095634 0.107214 0.111242 0.106142 0.094323 0.077002 0.058505 0.041947 0.027655 0.017077 0.009916 0.005119 0.002605 0.001209 0.000516 0.000219 0.000073 0.000028 0.000016 0.000002 0.000000 0.000000 0.000000 0.000000 0.000000 0.000000 0.000000 0.000000 
t: 0.042857142857 start: 25 end: 68 0.000002 0.000007 0.000034 0.000083 0.000254 0.000593 0.001518 0.003403 0.006805 0.012468 0.021527 0.034337 0.049913 0.067877 0.084616 0.097911 0.106068 0.106638 0.099737 0.086443 0.070447 0.053155 0.037631 0.024735 0.015443 0.009046 0.004816 0.002509 0.001124 0.000484 0.000248 0.000076 0.000034 0.000015 0.000002 0.000000 0.000001 0.000000 0.000000 0.000000 0.000000 0.000000 0.000000 0.000000 
t: 0.040000000000 start: 27 end: 71 0.000001 0.000010 0.000022 0.000069 0.000196 0.000496 0.001183 0.002703 0.005287 0.009799 0.017413 0.027651 0.041329 0.057671 0.074370 0.088964 0.099962 0.103903 0.100997 0.092644 0.079458 0.063231 0.047564 0.033140 0.021666 0.013813 0.007962 0.004374 0.002188 0.001069 0.000513 0.000209 0.000092 0.000034 0.000010 0.000005 0.000002 0.000000 0.000000 0.000000 0.000000 0.000000 0.000000 0.000000 0.000000 
t: 0.037500000000 start: 28 end: 73 0.000001 0.000001 0.000008 0.000019 0.000074 0.000157 0.000411 0.000926 0.002084 0.004299 0.008122 0.014066 0.023004 0.034972 0.049023 0.064869 0.080034 0.091924 0.099636 0.101075 0.095951 0.086041 0.071502 0.056339 0.041450 0.028670 0.019151 0.011866 0.006866 0.003715 0.002007 0.000968 0.000460 0.000194 0.000065 0.000035 0.000013 0.000002 0.000000 0.000000 0.000000 0.000000 0.000000 0.000000 0.000000 0.000000 
t: 0.035294117647 start: 31 end: 77 0.000002 0.000011 0.000020 0.000056 0.000132 0.000315 0.000803 0.001798 0.003473 0.006793 0.011917 0.019238 0.029815 0.042181 0.056994 0.072151 0.084815 0.094154 0.098434 0.097194 0.089095 0.078069 0.063810 0.049617 0.036074 0.024611 0.016262 0.009969 0.005767 0.003173 0.001725 0.000874 0.000374 0.000165 0.000073 0.000029 0.000013 0.000003 0.000001 0.000000 0.000000 0.000000 0.000000 0.000000 0.000000 0.000000 0.000000 
t: 0.033333333333 start: 32 end: 80 0.000001 0.000004 0.000005 0.000016 0.000053 0.000110 0.000283 0.000699 0.001522 0.002995 0.005784 0.010008 0.016332 0.025598 0.036824 0.050875 0.064842 0.077733 0.088881 0.094825 0.096193 0.091148 0.082588 0.069932 0.056627 0.042867 0.030348 0.020948 0.013597 0.008272 0.004789 0.002596 0.001422 0.000722 0.000320 0.000146 0.000061 0.000023 0.000007 0.000002 0.000002 0.000000 0.000000 0.000000 0.000000 0.000000 0.000000 0.000000 0.000000 
t: 0.031578947368 start: 34 end: 81 0.000002 0.000000 0.000007 0.000022 0.000035 0.000120 0.000279 0.000604 0.001345 0.002550 0.005007 0.008572 0.014354 0.022299 0.032684 0.044966 0.058981 0.071627 0.083354 0.090781 0.094022 0.092217 0.085191 0.074659 0.062351 0.048537 0.036405 0.025618 0.017566 0.011034 0.006745 0.003858 0.002074 0.001136 0.000553 0.000246 0.000127 0.000044 0.000023 0.000003 0.000002 0.000000 0.000000 0.000000 0.000000 0.000000 0.000000 0.000000 
t: 0.030000000000 start: 36 end: 85 0.000001 0.000004 0.000001 0.000013 0.000049 0.000108 0.000269 0.000513 0.001200 0.002340 0.004378 0.007687 0.012848 0.019894 0.029160 0.040693 0.053163 0.066489 0.077710 0.086856 0.091605 0.091369 0.087204 0.077890 0.066305 0.054217 0.041573 0.030494 0.021222 0.014041 0.009025 0.005358 0.002987 0.001641 0.000897 0.000437 0.000198 0.000107 0.000035 0.000013 0.000005 0.000001 0.000000 0.000000 0.000000 0.000000 0.000000 0.000000 0.000000 0.000000 
t: 0.028571428571 start: 38 end: 87 0.000001 0.000000 0.000002 0.000018 0.000055 0.000108 0.000209 0.000526 0.001109 0.002054 0.003892 0.007002 0.011551 0.017971 0.026327 0.037122 0.049082 0.061594 0.073021 0.082636 0.088672 0.090243 0.087372 0.080647 0.069958 0.058224 0.046376 0.034722 0.024984 0.017416 0.011257 0.006900 0.004098 0.002352 0.001212 0.000664 0.000331 0.000171 0.000069 0.000035 0.000013 0.000003 0.000001 0.000000 0.000000 0.000000 0.000000 0.000000 0.000000 0.000000 
t: 0.027272727273 start: 41 end: 90 0.000002 0.000005 0.000014 0.000054 0.000087 0.000202 0.000508 0.000976 0.001986 0.003678 0.006485 0.010524 0.016138 0.024397 0.034170 0.045494 0.057434 0.069019 0.078846 0.085564 0.088795 0.087144 0.081279 0.072732 0.062054 0.050408 0.038731 0.028578 0.020331 0.013697 0.008830 0.005186 0.003087 0.001685 0.000944 0.000455 0.000262 0.000131 0.000058 0.000017 0.000010 0.000003 0.000000 0.000000 0.000000 0.000000 0.000000 0.000000 0.000000 0.000000 
t: 0.026086956522 start: 42 end: 94 0.000001 0.000002 0.000004 0.000016 0.000041 0.000099 0.000212 0.000443 0.001006 0.001910 0.003398 0.006019 0.009743 0.015273 0.022643 0.031737 0.042250 0.053842 0.065370 0.075686 0.082890 0.086503 0.086488 0.081714 0.074987 0.064664 0.053568 0.041984 0.032166 0.023103 0.016214 0.010432 0.006708 0.003965 0.002300 0.001263 0.000675 0.000376 0.000150 0.000086 0.000045 0.000016 0.000006 0.000001 0.000001 0.000000 0.000000 0.000000 0.000000 0.000000 0.000000 0.000000 0.000000 
t: 0.025000000000 start: 45 end: 95 0.000005 0.000003 0.000017 0.000042 0.000093 0.000225 0.000478 0.000912 0.001868 0.003299 0.005697 0.009254 0.014381 0.021021 0.030042 0.039803 0.051144 0.062445 0.072231 0.080118 0.085115 0.085018 0.082065 0.076010 0.066689 0.055911 0.045456 0.034887 0.026035 0.018257 0.012182 0.007809 0.005033 0.003002 0.001609 0.000928 0.000474 0.000228 0.000119 0.000058 0.000022 0.000010 0.000005 0.000000 0.000000 0.000000 0.000000 0.000000 0.000000 0.000000 0.000000 
t: 0.024000000000 start: 46 end: 98 0.000001 0.000003 0.000007 0.000014 0.000040 0.000109 0.000220 0.000459 0.001015 0.001752 0.003208 0.005457 0.008982 0.013658 0.020113 0.028196 0.038417 0.048617 0.060030 0.069747 0.077663 0.082651 0.083770 0.082171 0.076480 0.068204 0.058080 0.047836 0.037685 0.027859 0.020323 0.014020 0.009260 0.005820 0.003673 0.002061 0.001158 0.000612 0.000334 0.000160 0.000075 0.000037 0.000021 0.000001 0.000000 0.000001 0.000000 0.000000 0.000000 0.000000 0.000000 0.000000 0.000000 
t: 0.023076923077 start: 47 end: 101 0.000001 0.000001 0.000000 0.000008 0.000009 0.000052 0.000105 0.000237 0.000512 0.000999 0.001782 0.003088 0.005391 0.008655 0.013485 0.019473 0.027150 0.036791 0.046628 0.057650 0.067800 0.075396 0.080820 0.082950 0.081246 0.076648 0.068937 0.059887 0.049987 0.039343 0.030118 0.022027 0.015616 0.010521 0.006861 0.004227 0.002542 0.001443 0.000832 0.000404 0.000208 0.000085 0.000043 0.000027 0.000010 0.000002 0.000001 0.000002 0.000000 0.000000 0.000000 0.000000 0.000000 0.000000 0.000000 
t: 0.022222222222 start: 50 end: 103 0.000001 0.000002 0.000010 0.000020 0.000042 0.000116 0.000256 0.000557 0.000991 0.001804 0.003151 0.005423 0.008455 0.012975 0.018906 0.026905 0.035637 0.045529 0.055627 0.065142 0.073874 0.078887 0.081985 0.080727 0.076380 0.069474 0.061245 0.051164 0.041104 0.031895 0.023639 0.017170 0.011574 0.007666 0.004993 0.002909 0.001732 0.000991 0.000535 0.000260 0.000116 0.000069 0.000032 0.000017 0.000012 0.000001 0.000000 0.000000 0.000000 0.000000 0.000000 0.000000 0.000000 0.000000 
t: 0.021428571428 start: 51 end: 106 0.000002 0.000000 0.000006 0.000007 0.000033 0.000054 0.000130 0.000282 0.000551 0.000996 0.001839 0.003322 0.005337 0.008514 0.012794 0.018944 0.026121 0.035103 0.044409 0.054457 0.063659 0.071820 0.077662 0.080332 0.079787 0.076472 0.069985 0.061252 0.052516 0.042108 0.033457 0.025074 0.018191 0.012822 0.008511 0.005560 0.003426 0.002009 0.001155 0.000600 0.000349 0.000178 0.000096 0.000042 0.000019 0.000011 0.000004 0.000001 0.000000 0.000001 0.000000 0.000000 0.000000 0.000000 0.000000 0.000000 
t: 0.020689655172 start: 53 end: 109 0.000002 0.000002 0.000005 0.000015 0.000029 0.000073 0.000149 0.000298 0.000570 0.001082 0.001919 0.003333 0.005388 0.008826 0.012857 0.018729 0.025973 0.034494 0.044001 0.053211 0.062430 0.070558 0.076083 0.079135 0.079074 0.075873 0.070218 0.062034 0.052587 0.043442 0.034464 0.026027 0.019176 0.013498 0.009351 0.006110 0.003905 0.002224 0.001296 0.000708 0.000407 0.000225 0.000100 0.000070 0.000023 0.000014 0.000006 0.000005 0.000001 0.000000 0.000000 0.000000 0.000000 0.000000 0.000000 0.000000 0.000000 
t: 0.020000000000 start: 56 end: 111 0.000005 0.000008 0.000013 0.000042 0.000075 0.000163 0.000287 0.000714 0.001120 0.001990 0.003445 0.005643 0.008862 0.013206 0.018752 0.026037 0.034343 0.043376 0.052879 0.061875 0.069287 0.074826 0.078300 0.078257 0.074631 0.069890 0.062164 0.053072 0.043689 0.035404 0.026975 0.019624 0.014416 0.009913 0.006575 0.004200 0.002555 0.001500 0.000880 0.000445 0.000264 0.000152 0.000073 0.000029 0.000026 0.000006 0.000011 0.000000 0.000001 0.000000 0.000000 0.000000 0.000000 0.000000 0.000000 0.000000 
t: 0.019354838710 start: 57 end: 115 0.000002 0.000003 0.000010 0.000026 0.000048 0.000095 0.000164 0.000321 0.000729 0.001212 0.002130 0.003590 0.005888 0.009108 0.013373 0.019164 0.026368 0.034336 0.043453 0.052238 0.061340 0.068689 0.074188 0.077097 0.076762 0.074486 0.069151 0.061591 0.053446 0.044402 0.035610 0.027197 0.020688 0.014786 0.010265 0.006900 0.004449 0.002814 0.001681 0.000950 0.000582 0.000307 0.000178 0.000093 0.000046 0.000030 0.000004 0.000003 0.000003 0.000002 0.000002 0.000000 0.000000 0.000000 0.000000 0.000000 0.000000 0.000000 0.000000 
t: 0.018750000000 start: 59 end: 117 0.000002 0.000004 0.000016 0.000026 0.000054 0.000094 0.000198 0.000415 0.000763 0.001399 0.002339 0.003740 0.006133 0.009496 0.013976 0.019693 0.026583 0.034658 0.043763 0.052086 0.060984 0.068212 0.073519 0.075709 0.076275 0.073814 0.068005 0.061327 0.053143 0.044322 0.035900 0.027656 0.021028 0.015031 0.010656 0.007102 0.004750 0.002869 0.001791 0.001066 0.000637 0.000377 0.000193 0.000106 0.000048 0.000027 0.000007 0.000004 0.000000 0.000001 0.000001 0.000000 0.000002 0.000000 0.000000 0.000000 0.000000 0.000000 0.000000 
t: 0.018181818182 start: 60 end: 119 0.000002 0.000003 0.000005 0.000015 0.000028 0.000059 0.000095 0.000253 0.000463 0.000892 0.001503 0.002543 0.004132 0.006581 0.009888 0.014546 0.020224 0.027059 0.035183 0.043875 0.052568 0.061079 0.067302 0.072743 0.075017 0.075340 0.072926 0.067583 0.060767 0.052693 0.044049 0.035675 0.028143 0.020942 0.015192 0.010724 0.007437 0.004776 0.003104 0.001944 0.001182 0.000657 0.000390 0.000208 0.000116 0.000051 0.000022 0.000011 0.000006 0.000000 0.000002 0.000001 0.000000 0.000001 0.000000 0.000000 0.000000 0.000000 0.000000 0.000000 
t: 0.017647058823 start: 61 end: 122 0.000001 0.000003 0.000005 0.000008 0.000020 0.000036 0.000055 0.000139 0.000262 0.000602 0.000911 0.001679 0.002811 0.004452 0.007094 0.010617 0.015191 0.020780 0.027908 0.036202 0.044004 0.052696 0.060643 0.067179 0.072314 0.074713 0.074771 0.071902 0.066532 0.060122 0.052167 0.043475 0.035439 0.027830 0.021069 0.015129 0.010816 0.007538 0.004963 0.003123 0.002118 0.001138 0.000698 0.000392 0.000215 0.000119 0.000066 0.000033 0.000010 0.000005 0.000002 0.000001 0.000001 0.000001 0.000000 0.000000 0.000000 0.000000 0.000000 0.000000 0.000000 0.000000 
t: 0.017142857143 start: 62 end: 122 0.000001 0.000002 0.000003 0.000007 0.000009 0.000027 0.000035 0.000080 0.000182 0.000330 0.000636 0.001153 0.001790 0.003056 0.004901 0.007701 0.011159 0.015992 0.021900 0.028842 0.036788 0.045023 0.052973 0.060524 0.067265 0.072227 0.073933 0.073685 0.070961 0.066019 0.058746 0.051030 0.042860 0.035053 0.027577 0.020949 0.015325 0.010810 0.007347 0.004922 0.003199 0.002138 0.001216 0.000758 0.000412 0.000208 0.000124 0.000066 0.000028 0.000018 0.000004 0.000004 0.000000 0.000002 0.000000 0.000000 0.000000 0.000000 0.000000 0.000000 0.000000 
t: 0.016666666667 start: 64 end: 125 0.000002 0.000002 0.000003 0.000007 0.000010 0.000026 0.000067 0.000100 0.000201 0.000403 0.000746 0.001252 0.002123 0.003455 0.005466 0.008191 0.011965 0.016890 0.022715 0.030009 0.037620 0.045649 0.053918 0.061237 0.067227 0.071838 0.073616 0.072783 0.069438 0.064708 0.057634 0.050293 0.042336 0.034138 0.027079 0.020357 0.015317 0.010605 0.007417 0.004925 0.003242 0.002040 0.001253 0.000796 0.000413 0.000238 0.000125 0.000069 0.000033 0.000014 0.000003 0.000004 0.000000 0.000001 0.000001 0.000000 0.000000 0.000000 0.000000 0.000000 0.000000 0.000000 
t: 0.016216216216 start: 65 end: 126 0.000001 0.000000 0.000004 0.000002 0.000008 0.000018 0.000043 0.000067 0.000120 0.000242 0.000481 0.000861 0.001435 0.002427 0.003848 0.006018 0.008982 0.012975 0.017752 0.024067 0.031272 0.038835 0.047012 0.054910 0.061734 0.067885 0.071337 0.072554 0.071301 0.068687 0.063282 0.056420 0.048872 0.041248 0.033481 0.026214 0.019945 0.014749 0.010557 0.007243 0.004920 0.003225 0.002033 0.001269 0.000746 0.000423 0.000211 0.000151 0.000072 0.000039 0.000010 0.000004 0.000004 0.000003 0.000001 0.000000 0.000000 0.000000 0.000000 0.000000 0.000000 0.000000 
t: 0.015789473684 start: 68 end: 128 0.000001 0.000002 0.000005 0.000013 0.000025 0.000044 0.000073 0.000169 0.000294 0.000531 0.001064 0.001691 0.002750 0.004391 0.006616 0.009818 0.014021 0.019048 0.025473 0.032877 0.040261 0.048421 0.055495 0.062623 0.067970 0.070786 0.071898 0.070870 0.067126 0.061546 0.054769 0.047924 0.039922 0.032343 0.025551 0.019262 0.014298 0.010133 0.007181 0.004822 0.003040 0.002019 0.001214 0.000685 0.000433 0.000229 0.000138 0.000074 0.000035 0.000013 0.000008 0.000003 0.000002 0.000000 0.000000 0.000000 0.000000 0.000000 0.000000 0.000000 0.000000 
t: 0.015384615385 start: 69 end: 130 0.000002 0.000002 0.000004 0.000004 0.000012 0.000025 0.000052 0.000136 0.000184 0.000374 0.000688 0.001166 0.001975 0.003217 0.004869 0.007509 0.010857 0.014965 0.020851 0.026928 0.034421 0.041783 0.049319 0.056915 0.063566 0.068168 0.070632 0.070971 0.069542 0.065549 0.060305 0.053577 0.045942 0.038665 0.031272 0.024306 0.018528 0.013773 0.009805 0.006786 0.004635 0.003003 0.001935 0.001164 0.000690 0.000410 0.000250 0.000136 0.000070 0.000036 0.000015 0.000005 0.000004 0.000002 0.000000 0.000000 0.000000 0.000000 0.000000 0.000000 0.000000 0.000000 
t: 0.015000000000 start: 70 end: 132 0.000001 0.000003 0.000003 0.000001 0.000010 0.000012 0.000035 0.000081 0.000136 0.000238 0.000474 0.000803 0.001407 0.002391 0.003741 0.005679 0.008300 0.011862 0.016635 0.022142 0.028574 0.035952 0.043352 0.051112 0.058451 0.063797 0.067950 0.070273 0.070476 0.068670 0.064320 0.058370 0.051821 0.044291 0.037263 0.029730 0.023183 0.017794 0.013085 0.009365 0.006399 0.004441 0.002857 0.001823 0.001139 0.000680 0.000371 0.000250 0.000123 0.000070 0.000027 0.000022 0.000008 0.000005 0.000002 0.000000 0.000000 0.000000 0.000000 0.000000 0.000000 0.000000 0.000000 
t: 0.014634146341 start: 72 end: 135 0.000001 0.000003 0.000003 0.000008 0.000008 0.000025 0.000045 0.000099 0.000163 0.000310 0.000590 0.001018 0.001684 0.002691 0.004285 0.006417 0.009397 0.013231 0.017967 0.023811 0.030595 0.037682 0.045395 0.052743 0.059521 0.064118 0.067987 0.069946 0.069801 0.067125 0.062868 0.056527 0.050375 0.042560 0.035475 0.028132 0.022157 0.016705 0.012381 0.008889 0.006167 0.004127 0.002697 0.001690 0.001146 0.000648 0.000368 0.000183 0.000109 0.000059 0.000035 0.000018 0.000006 0.000005 0.000002 0.000002 0.000000 0.000000 0.000000 0.000000 0.000000 0.000000 0.000000 0.000000 
t: 0.014285714286 start: 73 end: 137 0.000001 0.000001 0.000003 0.000001 0.000007 0.000016 0.000033 0.000052 0.000119 0.000249 0.000416 0.000735 0.001219 0.002072 0.003295 0.004803 0.007435 0.010438 0.014591 0.019518 0.025804 0.032522 0.039857 0.047598 0.053753 0.060598 0.065031 0.068304 0.069631 0.068706 0.065451 0.060969 0.054915 0.047884 0.040543 0.033797 0.026853 0.020989 0.015887 0.011484 0.008183 0.005869 0.003910 0.002491 0.001608 0.001040 0.000567 0.000352 0.000173 0.000114 0.000054 0.000026 0.000022 0.000005 0.000001 0.000004 0.000001 0.000000 0.000000 0.000000 0.000000 0.000000 0.000000 0.000000 0.000000 
t: 0.013953488372 start: 76 end: 138 0.000002 0.000002 0.000002 0.000016 0.000023 0.000039 0.000075 0.000161 0.000306 0.000516 0.000895 0.001559 0.002439 0.003776 0.005770 0.008323 0.011821 0.016060 0.021500 0.027761 0.034715 0.042113 0.048997 0.055507 0.061964 0.065933 0.068056 0.068998 0.067306 0.064225 0.058974 0.052937 0.045882 0.038634 0.031684 0.025288 0.019600 0.014653 0.010797 0.007699 0.005380 0.003620 0.002329 0.001489 0.000944 0.000539 0.000330 0.000168 0.000096 0.000046 0.000027 0.000009 0.000008 0.000006 0.000000 0.000000 0.000001 0.000000 0.000000 0.000000 0.000000 0.000000 0.000000 
t: 0.013636363636 start: 77 end: 141 0.000001 0.000001 0.000005 0.000007 0.000012 0.000031 0.000064 0.000094 0.000205 0.000412 0.000666 0.001123 0.001845 0.002872 0.004562 0.006598 0.009504 0.013208 0.017989 0.023619 0.029964 0.036978 0.044037 0.051184 0.057538 0.062582 0.066499 0.067854 0.068586 0.066420 0.061990 0.056898 0.050680 0.043654 0.036342 0.029664 0.023812 0.018288 0.013419 0.010052 0.007083 0.004909 0.003262 0.002166 0.001348 0.000856 0.000484 0.000285 0.000165 0.000092 0.000044 0.000023 0.000010 0.000005 0.000007 0.000001 0.000000 0.000001 0.000000 0.000000 0.000000 0.000000 0.000000 0.000000 0.000000 
t: 0.013333333333 start: 80 end: 143 0.000002 0.000005 0.000006 0.000017 0.000050 0.000092 0.000131 0.000283 0.000498 0.000851 0.001413 0.002205 0.003459 0.005263 0.007675 0.010933 0.014928 0.019951 0.025938 0.032542 0.039053 0.046408 0.053125 0.059096 0.063500 0.066834 0.068009 0.067492 0.064567 0.060250 0.054803 0.048051 0.040818 0.034665 0.027916 0.021897 0.016799 0.012548 0.009215 0.006457 0.004360 0.002992 0.001926 0.001189 0.000765 0.000452 0.000259 0.000139 0.000075 0.000047 0.000024 0.000015 0.000006 0.000003 0.000002 0.000001 0.000000 0.000000 0.000000 0.000000 0.000000 0.000000 0.000000 0.000000 
t: 0.013043478261 start: 82 end: 145 0.000004 0.000006 0.000019 0.000034 0.000050 0.000104 0.000196 0.000378 0.000645 0.001081 0.001765 0.002757 0.004095 0.006233 0.008860 0.012312 0.016912 0.022207 0.028492 0.034709 0.041540 0.048742 0.055341 0.060303 0.064335 0.067003 0.067586 0.066205 0.062779 0.058364 0.052004 0.045553 0.038979 0.032101 0.026049 0.020152 0.015465 0.011508 0.008322 0.005806 0.003981 0.002609 0.001725 0.001095 0.000686 0.000420 0.000225 0.000107 0.000075 0.000037 0.000016 0.000016 0.000005 0.000002 0.000003 0.000000 0.000002 0.000000 0.000000 0.000000 0.000000 0.000000 0.000000 0.000000 
t: 0.012765957447 start: 82 end: 148 0.000001 0.000002 0.000002 0.000012 0.000027 0.000038 0.000080 0.000135 0.000269 0.000489 0.000833 0.001339 0.002160 0.003361 0.004964 0.007329 0.010276 0.014138 0.018958 0.024503 0.031056 0.037369 0.044403 0.050721 0.057544 0.061776 0.064528 0.067030 0.067036 0.064287 0.060696 0.056107 0.049555 0.043296 0.036427 0.029943 0.023868 0.018509 0.014096 0.010372 0.007399 0.005250 0.003497 0.002442 0.001513 0.000990 0.000607 0.000350 0.000204 0.000102 0.000048 0.000033 0.000013 0.000008 0.000002 0.000003 0.000002 0.000001 0.000001 0.000000 0.000000 0.000000 0.000000 0.000000 0.000000 0.000000 0.000000 
t: 0.012500000000 start: 84 end: 148 0.000001 0.000004 0.000006 0.000022 0.000031 0.000059 0.000096 0.000230 0.000345 0.000624 0.001053 0.001719 0.002709 0.003995 0.005994 0.008602 0.012034 0.016139 0.021104 0.027041 0.033428 0.040120 0.046957 0.053521 0.059158 0.062598 0.065607 0.066500 0.064994 0.063059 0.058659 0.053645 0.047253 0.040575 0.033787 0.027617 0.021806 0.016967 0.012841 0.009257 0.006677 0.004658 0.003043 0.002088 0.001319 0.000867 0.000535 0.000319 0.000173 0.000071 0.000037 0.000026 0.000018 0.000006 0.000002 0.000000 0.000003 0.000000 0.000001 0.000000 0.000000 0.000000 0.000000 0.000000 0.000000 
t: 0.012244897959 start: 86 end: 151 0.000002 0.000009 0.000016 0.000019 0.000038 0.000075 0.000149 0.000281 0.000502 0.000832 0.001347 0.002149 0.003285 0.004947 0.007095 0.010146 0.013703 0.018274 0.023493 0.029814 0.036612 0.042785 0.049551 0.055700 0.060383 0.063586 0.065622 0.066003 0.063865 0.061343 0.056637 0.050662 0.044363 0.037905 0.031053 0.025309 0.019998 0.015249 0.011441 0.008381 0.005890 0.004102 0.002761 0.001757 0.001142 0.000708 0.000464 0.000253 0.000143 0.000065 0.000042 0.000027 0.000009 0.000005 0.000003 0.000002 0.000002 0.000000 0.000001 0.000000 0.000000 0.000000 0.000000 0.000000 0.000000 0.000000 
t: 0.012000000000 start: 87 end: 152 0.000003 0.000005 0.000005 0.000022 0.000032 0.000059 0.000123 0.000228 0.000361 0.000599 0.001092 0.001722 0.002706 0.004038 0.005896 0.008649 0.011707 0.015869 0.020586 0.026434 0.032335 0.039429 0.045631 0.052246 0.057328 0.061819 0.064400 0.065734 0.065056 0.062831 0.058779 0.054027 0.047743 0.041577 0.034820 0.028808 0.023061 0.017889 0.013704 0.010245 0.007377 0.005134 0.003566 0.002374 0.001488 0.001025 0.000618 0.000335 0.000229 0.000113 0.000069 0.000032 0.000020 0.000005 0.000010 0.000002 0.000004 0.000001 0.000000 0.000000 0.000000 0.000000 0.000000 0.000000 0.000000 0.000000 
t: 0.011764705882 start: 88 end: 154 0.000002 0.000002 0.000009 0.000011 0.000026 0.000045 0.000072 0.000193 0.000308 0.000489 0.000889 0.001390 0.002128 0.003457 0.005034 0.007134 0.009999 0.013768 0.017897 0.023310 0.029245 0.035441 0.042206 0.048840 0.054238 0.059075 0.063053 0.064791 0.065290 0.064165 0.061133 0.056224 0.050917 0.044854 0.038436 0.032292 0.026351 0.020681 0.016109 0.012115 0.009092 0.006361 0.004508 0.003041 0.002027 0.001323 0.000865 0.000501 0.000275 0.000155 0.000120 0.000049 0.000026 0.000016 0.000009 0.000006 0.000004 0.000002 0.000001 0.000000 0.000000 0.000000 0.000000 0.000000 0.000000 0.000000 0.000000 
t: 0.011538461538 start: 89 end: 156 0.000002 0.000003 0.000003 0.000009 0.000017 0.000035 0.000070 0.000145 0.000236 0.000408 0.000668 0.001127 0.001838 0.002730 0.004290 0.006186 0.008622 0.011715 0.015855 0.020641 0.025899 0.032406 0.038600 0.045021 0.051580 0.056586 0.060833 0.063407 0.065160 0.064695 0.062100 0.058773 0.053719 0.048105 0.042011 0.035382 0.029133 0.023939 0.018362 0.014676 0.010797 0.007798 0.005544 0.003780 0.002566 0.001698 0.001146 0.000684 0.000415 0.000259 0.000149 0.000076 0.000055 0.000016 0.000012 0.000009 0.000005 0.000002 0.000001 0.000000 0.000001 0.000000 0.000000 0.000000 0.000000 0.000000 0.000000 0.000000 
t: 0.011320754717 start: 90 end: 157 0.000001 0.000001 0.000002 0.000010 0.000013 0.000022 0.000066 0.000096 0.000198 0.000322 0.000546 0.000925 0.001423 0.002334 0.003530 0.005273 0.007461 0.010202 0.013959 0.018325 0.023334 0.028950 0.035430 0.041983 0.048045 0.054163 0.058361 0.061749 0.064182 0.064363 0.063478 0.060551 0.056173 0.051101 0.045049 0.038649 0.032692 0.026384 0.021361 0.016619 0.012680 0.009495 0.006611 0.004750 0.003194 0.002195 0.001459 0.000876 0.000589 0.000351 0.000195 0.000127 0.000077 0.000037 0.000015 0.000009 0.000004 0.000007 0.000001 0.000002 0.000000 0.000000 0.000000 0.000000 0.000000 0.000000 0.000000 0.000000 
t: 0.011111111111 start: 92 end: 159 0.000002 0.000001 0.000009 0.000008 0.000016 0.000052 0.000086 0.000148 0.000286 0.000447 0.000725 0.001239 0.001916 0.003007 0.004458 0.006335 0.008981 0.012187 0.016267 0.020888 0.026348 0.032311 0.038643 0.045225 0.050824 0.055923 0.060160 0.062950 0.064619 0.063657 0.061848 0.058035 0.053296 0.048037 0.041850 0.035672 0.029236 0.024236 0.018923 0.014654 0.011069 0.007985 0.005782 0.004021 0.002729 0.001861 0.001156 0.000747 0.000476 0.000283 0.000167 0.000098 0.000060 0.000025 0.000015 0.000010 0.000002 0.000004 0.000004 0.000001 0.000000 0.000000 0.000000 0.000000 0.000000 0.000000 0.000000 0.000000 
t: 0.010909090909 start: 94 end: 160 0.000002 0.000005 0.000009 0.000014 0.000045 0.000082 0.000120 0.000214 0.000385 0.000582 0.000988 0.001629 0.002612 0.003887 0.005363 0.007783 0.010758 0.014386 0.018715 0.023976 0.029362 0.035498 0.042073 0.048210 0.053634 0.058034 0.061565 0.063497 0.063972 0.062543 0.059623 0.055725 0.050463 0.044717 0.038525 0.032292 0.026758 0.021314 0.017015 0.012662 0.009438 0.006919 0.004910 0.003440 0.002328 0.001452 0.000991 0.000599 0.000374 0.000230 0.000120 0.000067 0.000039 0.000020 0.000014 0.000012 0.000000 0.000007 0.000002 0.000001 0.000000 0.000000 0.000000 0.000000 0.000000 0.000000 0.000000 
t: 0.010714285714 start: 95 end: 163 0.000002 0.000005 0.000005 0.000013 0.000028 0.000074 0.000091 0.000192 0.000276 0.000536 0.000794 0.001388 0.002195 0.003365 0.004763 0.006648 0.009405 0.012878 0.016869 0.021465 0.026985 0.032941 0.038985 0.045155 0.051036 0.055823 0.060423 0.062469 0.063718 0.062793 0.061025 0.057546 0.052486 0.047500 0.041002 0.035184 0.029242 0.023892 0.018925 0.014616 0.011109 0.008113 0.005832 0.004263 0.002875 0.001854 0.001237 0.000772 0.000503 0.000323 0.000159 0.000089 0.000060 0.000031 0.000019 0.000007 0.000007 0.000005 0.000002 0.000001 0.000001 0.000000 0.000000 0.000000 0.000000 0.000000 0.000000 0.000000 0.000000 
t: 0.010526315789 start: 95 end: 164 0.000001 0.000001 0.000003 0.000005 0.000010 0.000026 0.000046 0.000090 0.000140 0.000264 0.000394 0.000754 0.001169 0.001866 0.002844 0.004111 0.006017 0.008285 0.011426 0.015105 0.019444 0.024660 0.030582 0.036297 0.042265 0.048315 0.053853 0.058238 0.061593 0.063066 0.063006 0.061587 0.058773 0.055027 0.049611 0.043576 0.037967 0.031806 0.026095 0.021320 0.016527 0.012562 0.009503 0.007004 0.004970 0.003401 0.002393 0.001451 0.001012 0.000622 0.000386 0.000237 0.000121 0.000081 0.000034 0.000025 0.000014 0.000006 0.000006 0.000003 0.000003 0.000001 0.000000 0.000000 0.000000 0.000000 0.000000 0.000000 0.000000 0.000000 
t: 0.010344827586 start: 96 end: 165 0.000001 0.000002 0.000000 0.000003 0.000004 0.000022 0.000047 0.000069 0.000124 0.000224 0.000354 0.000620 0.001042 0.001581 0.002436 0.003637 0.005272 0.007377 0.010129 0.013492 0.017879 0.022545 0.028048 0.033731 0.039759 0.046111 0.051384 0.056358 0.059976 0.062280 0.062994 0.062286 0.059651 0.056816 0.051322 0.046568 0.040003 0.034216 0.028674 0.023497 0.018394 0.014298 0.010881 0.007990 0.005838 0.004182 0.002788 0.001909 0.001233 0.000760 0.000535 0.000269 0.000172 0.000088 0.000049 0.000033 0.000024 0.000012 0.000003 0.000005 0.000001 0.000001 0.000001 0.000000 0.000000 0.000000 0.000000 0.000000 0.000000 0.000000 
t: 0.010169491525 start: 99 end: 167 0.000001 0.000003 0.000006 0.000014 0.000037 0.000053 0.000113 0.000199 0.000263 0.000581 0.000883 0.001433 0.002074 0.003192 0.004571 0.006593 0.009028 0.012236 0.016024 0.020708 0.026024 0.031455 0.037417 0.043541 0.048956 0.054531 0.058040 0.061450 0.062613 0.062483 0.060721 0.057593 0.053639 0.048327 0.042761 0.036712 0.030898 0.025440 0.020479 0.016136 0.012436 0.009082 0.006699 0.004871 0.003417 0.002199 0.001524 0.000998 0.000651 0.000368 0.000224 0.000142 0.000065 0.000035 0.000025 0.000024 0.000002 0.000006 0.000002 0.000001 0.000001 0.000000 0.000000 0.000000 0.000000 0.000000 0.000000 0.000000 0.000000 
t: 0.010000000000 start: 100 end: 167 0.000001 0.000003 0.000007 0.000008 0.000028 0.000045 0.000095 0.000167 0.000257 0.000480 0.000750 0.001241 0.001841 0.002811 0.004174 0.005708 0.008151 0.011214 0.014674 0.018798 0.023758 0.029356 0.035187 0.041355 0.046842 0.051980 0.056813 0.060284 0.061881 0.062416 0.061313 0.058757 0.055113 0.050539 0.044689 0.039167 0.033089 0.027409 0.022521 0.017999 0.013652 0.010355 0.007869 0.005464 0.003979 0.002790 0.001799 0.001197 0.000819 0.000467 0.000290 0.000155 0.000092 0.000074 0.000036 0.000017 0.000008 0.000010 0.000004 0.000002 0.000000 0.000000 0.000000 0.000000 0.000000 0.000000 0.000000 0.000000 
t: 0.008448275866 start: 114 end: 184 0.000003 0.000005 0.000012 0.000022 0.000037 0.000074 0.000147 0.000218 0.000354 0.000569 0.000950 0.001436 0.002245 0.003304 0.004438 0.006170 0.008483 0.011523 0.015041 0.019020 0.023443 0.028645 0.033997 0.039802 0.045139 0.049455 0.053639 0.056943 0.059580 0.059534 0.059275 0.057119 0.054443 0.049904 0.045333 0.039816 0.034919 0.029606 0.024669 0.019997 0.015891 0.012384 0.009435 0.007045 0.004990 0.003515 0.002518 0.001760 0.001141 0.000769 0.000479 0.000314 0.000188 0.000117 0.000055 0.000046 0.000020 0.000013 0.000005 0.000002 0.000002 0.000001 0.000001 0.000000 0.000000 0.000000 0.000000 0.000000 0.000000 0.000000 0.000000 
t: 0.007313432839 start: 126 end: 197 0.000001 0.000011 0.000014 0.000029 0.000047 0.000081 0.000132 0.000254 0.000403 0.000556 0.000905 0.001402 0.002019 0.003006 0.004218 0.005937 0.007975 0.010592 0.013667 0.017250 0.021651 0.026237 0.031168 0.036666 0.041085 0.046222 0.050718 0.053517 0.056282 0.057182 0.058055 0.056469 0.054122 0.051495 0.047544 0.042846 0.037991 0.032711 0.028094 0.023323 0.018820 0.015161 0.011855 0.009158 0.006737 0.004977 0.003660 0.002551 0.001787 0.001223 0.000813 0.000556 0.000326 0.000196 0.000128 0.000073 0.000032 0.000037 0.000012 0.000009 0.000004 0.000004 0.000003 0.000001 0.000000 0.000000 0.000000 0.000000 0.000000 0.000000 0.000000 0.000000 
t: 0.006447368423 start: 131 end: 206 0.000001 0.000000 0.000000 0.000000 0.000002 0.000003 0.000001 0.000015 0.000017 0.000043 0.000051 0.000105 0.000182 0.000280 0.000445 0.000655 0.000989 0.001519 0.002151 0.003211 0.004328 0.006030 0.008022 0.010516 0.013785 0.017080 0.021455 0.025734 0.030241 0.035286 0.039916 0.044379 0.048672 0.052160 0.054511 0.056197 0.056259 0.055092 0.054076 0.051085 0.047356 0.043508 0.038907 0.033828 0.029450 0.024497 0.020408 0.016545 0.012992 0.010068 0.007935 0.005946 0.004326 0.003082 0.002232 0.001472 0.001061 0.000707 0.000461 0.000265 0.000185 0.000101 0.000076 0.000043 0.000025 0.000014 0.000007 0.000004 0.000001 0.000002 0.000002 0.000000 0.000000 0.000000 0.000000 0.000000 
t: 0.005764705884 start: 142 end: 218 0.000001 0.000000 0.000002 0.000002 0.000005 0.000007 0.000019 0.000019 0.000037 0.000089 0.000135 0.000210 0.000337 0.000464 0.000734 0.001085 0.001773 0.002479 0.003342 0.004769 0.006309 0.008557 0.011207 0.014018 0.017720 0.021349 0.025637 0.030070 0.034532 0.039306 0.043933 0.048030 0.051079 0.053248 0.054991 0.055490 0.054427 0.052934 0.050357 0.047182 0.043660 0.038955 0.034177 0.029613 0.025007 0.020815 0.016898 0.013698 0.010804 0.008435 0.006345 0.004707 0.003413 0.002443 0.001705 0.001220 0.000787 0.000534 0.000350 0.000205 0.000135 0.000073 0.000056 0.000036 0.000024 0.000010 0.000005 0.000002 0.000000 0.000000 0.000000 0.000002 0.000001 0.000000 0.000000 0.000000 0.000000 
t: 0.005212765959 start: 153 end: 229 0.000003 0.000004 0.000006 0.000010 0.000018 0.000023 0.000064 0.000094 0.000138 0.000237 0.000324 0.000530 0.000863 0.001271 0.001801 0.002657 0.003551 0.004896 0.006694 0.008725 0.011192 0.014249 0.017665 0.021500 0.025581 0.030080 0.034507 0.038895 0.043169 0.046894 0.050334 0.052703 0.054276 0.054927 0.054032 0.052450 0.049931 0.047157 0.042891 0.038816 0.034440 0.029853 0.025754 0.021438 0.017554 0.014006 0.011174 0.008690 0.006652 0.005097 0.003612 0.002812 0.001928 0.001307 0.000901 0.000586 0.000415 0.000235 0.000137 0.000104 0.000054 0.000036 0.000027 0.000010 0.000008 0.000004 0.000005 0.000001 0.000002 0.000000 0.000000 0.000000 0.000000 0.000000 0.000000 0.000000 0.000000 
t: 0.004757281555 start: 158 end: 235 0.000001 0.000000 0.000000 0.000001 0.000002 0.000004 0.000017 0.000020 0.000032 0.000068 0.000094 0.000168 0.000226 0.000367 0.000554 0.000857 0.001201 0.001797 0.002548 0.003610 0.004831 0.006576 0.008529 0.010802 0.013707 0.017366 0.020813 0.024801 0.029197 0.033619 0.038036 0.042320 0.045841 0.049515 0.051864 0.053503 0.053973 0.053596 0.052629 0.049944 0.047590 0.043574 0.039203 0.035193 0.030597 0.026463 0.022514 0.018636 0.015009 0.012106 0.009532 0.007274 0.005625 0.004157 0.002965 0.002118 0.001450 0.001041 0.000684 0.000458 0.000286 0.000199 0.000128 0.000064 0.000040 0.000021 0.000017 0.000006 0.000012 0.000005 0.000003 0.000001 0.000000 0.000000 0.000000 0.000000 0.000000 0.000000 
t: 0.004375000001 start: 167 end: 244 0.000001 0.000001 0.000000 0.000002 0.000013 0.000016 0.000030 0.000050 0.000083 0.000160 0.000225 0.000358 0.000463 0.000724 0.001059 0.001616 0.002262 0.003196 0.004479 0.005909 0.007611 0.009990 0.012592 0.015532 0.019389 0.022834 0.027299 0.031447 0.036194 0.040461 0.044187 0.047539 0.050288 0.052475 0.053249 0.053526 0.052789 0.051045 0.048302 0.044978 0.041313 0.037208 0.032781 0.028546 0.024147 0.020656 0.016914 0.013632 0.010823 0.008491 0.006394 0.004944 0.003567 0.002613 0.001793 0.001304 0.000849 0.000596 0.000393 0.000265 0.000150 0.000099 0.000056 0.000028 0.000023 0.000015 0.000008 0.000010 0.000003 0.000004 0.000001 0.000000 0.000000 0.000000 0.000000 0.000000 0.000000 0.000000 
t: 0.004049586778 start: 174 end: 251 0.000001 0.000001 0.000005 0.000003 0.000012 0.000020 0.000027 0.000061 0.000111 0.000161 0.000264 0.000376 0.000535 0.000854 0.001264 0.001743 0.002528 0.003420 0.004700 0.006234 0.008218 0.010534 0.013233 0.016396 0.020098 0.023907 0.028025 0.032342 0.036828 0.040902 0.044640 0.047177 0.050690 0.052351 0.053495 0.053344 0.052350 0.050206 0.047480 0.044545 0.040567 0.036430 0.032188 0.027632 0.023648 0.019874 0.016326 0.013432 0.010476 0.008067 0.006216 0.004640 0.003500 0.002441 0.001798 0.001256 0.000875 0.000551 0.000360 0.000245 0.000138 0.000098 0.000057 0.000045 0.000024 0.000016 0.000012 0.000004 0.000002 0.000001 0.000000 0.000000 0.000000 0.000000 0.000000 0.000000 0.000000 0.000000 
t: 0.003769230770 start: 180 end: 257 0.000001 0.000003 0.000003 0.000006 0.000008 0.000017 0.000025 0.000050 0.000093 0.000146 0.000230 0.000358 0.000538 0.000849 0.001139 0.001640 0.002403 0.003209 0.004477 0.005993 0.007646 0.009935 0.012493 0.015800 0.019133 0.022951 0.027148 0.031229 0.035627 0.039483 0.043227 0.047016 0.049667 0.051990 0.053013 0.053126 0.052414 0.050887 0.048410 0.044796 0.041567 0.037508 0.033587 0.028828 0.024631 0.020812 0.017227 0.013977 0.011226 0.008987 0.006742 0.005024 0.003858 0.002766 0.001989 0.001344 0.000934 0.000640 0.000407 0.000304 0.000162 0.000103 0.000081 0.000040 0.000032 0.000023 0.000007 0.000012 0.000002 0.000001 0.000000 0.000000 0.000000 0.000000 0.000000 0.000000 0.000000 0.000000 
t: 0.003525179857 start: 186 end: 262 0.000001 0.000002 0.000002 0.000003 0.000017 0.000023 0.000048 0.000053 0.000092 0.000166 0.000287 0.000457 0.000565 0.000880 0.001254 0.001785 0.002573 0.003551 0.004915 0.006445 0.008115 0.010677 0.013700 0.016456 0.019859 0.023819 0.028263 0.031923 0.036416 0.040616 0.044189 0.047937 0.050078 0.051821 0.053006 0.052808 0.052057 0.050473 0.047595 0.044394 0.040469 0.036641 0.031846 0.027819 0.024149 0.019691 0.016780 0.013403 0.010772 0.008407 0.006270 0.004756 0.003545 0.002527 0.001853 0.001264 0.000831 0.000590 0.000382 0.000246 0.000163 0.000090 0.000071 0.000055 0.000019 0.000019 0.000010 0.000007 0.000004 0.000000 0.000000 0.000000 0.000000 0.000000 0.000000 0.000000 0.000000 
t: 0.003310810811 start: 190 end: 269 0.000001 0.000001 0.000001 0.000005 0.000009 0.000005 0.000021 0.000037 0.000063 0.000095 0.000152 0.000225 0.000320 0.000551 0.000792 0.001164 0.001689 0.002269 0.003302 0.004540 0.005988 0.007678 0.009848 0.012338 0.015589 0.018855 0.022390 0.026668 0.030831 0.035170 0.039487 0.042794 0.046211 0.049572 0.051309 0.052814 0.053167 0.052296 0.051057 0.048497 0.045241 0.041663 0.037732 0.033641 0.029456 0.025085 0.021409 0.017739 0.014564 0.011473 0.009019 0.006860 0.005236 0.003893 0.002790 0.002071 0.001421 0.001033 0.000661 0.000428 0.000277 0.000187 0.000124 0.000084 0.000042 0.000034 0.000015 0.000011 0.000006 0.000002 0.000001 0.000000 0.000001 0.000000 0.000000 0.000000 0.000000 0.000000 0.000000 0.000000 
t: 0.003121019109 start: 193 end: 271 0.000001 0.000000 0.000000 0.000001 0.000004 0.000002 0.000005 0.000015 0.000018 0.000033 0.000055 0.000120 0.000140 0.000230 0.000383 0.000544 0.000839 0.001133 0.001689 0.002479 0.003338 0.004445 0.006103 0.007936 0.010016 0.012619 0.015818 0.018967 0.022782 0.027199 0.030759 0.035168 0.039164 0.043423 0.047198 0.049129 0.051832 0.052842 0.052907 0.052304 0.050455 0.048030 0.045099 0.041810 0.037961 0.033359 0.029178 0.025167 0.021042 0.017343 0.014059 0.011496 0.008857 0.006639 0.005120 0.003773 0.002783 0.002028 0.001357 0.000993 0.000630 0.000432 0.000291 0.000169 0.000117 0.000060 0.000055 0.000034 0.000011 0.000005 0.000004 0.000000 0.000002 0.000000 0.000000 0.000000 0.000001 0.000000 0.000000 
t: 0.002951807229 start: 198 end: 277 0.000001 0.000000 0.000002 0.000002 0.000001 0.000005 0.000009 0.000010 0.000031 0.000049 0.000070 0.000095 0.000187 0.000297 0.000471 0.000635 0.000906 0.001405 0.001949 0.002848 0.003696 0.005123 0.006721 0.008810 0.011030 0.013804 0.017063 0.020673 0.024386 0.028598 0.032948 0.037119 0.041063 0.044756 0.047841 0.050134 0.052468 0.052872 0.053061 0.051725 0.049693 0.047231 0.043569 0.040192 0.036018 0.031801 0.027337 0.023453 0.019452 0.015910 0.012811 0.010391 0.008009 0.005944 0.004476 0.003306 0.002440 0.001690 0.001188 0.000742 0.000563 0.000316 0.000223 0.000164 0.000096 0.000049 0.000035 0.000022 0.000007 0.000005 0.000001 0.000001 0.000000 0.000000 0.000000 0.000000 0.000001 0.000000 0.000000 0.000000 
t: 0.002800000000 start: 203 end: 284 0.000001 0.000002 0.000002 0.000004 0.000004 0.000004 0.000014 0.000023 0.000037 0.000037 0.000102 0.000178 0.000303 0.000376 0.000555 0.000882 0.001213 0.001820 0.002489 0.003515 0.004658 0.006176 0.008214 0.010441 0.012932 0.016160 0.019421 0.023408 0.027708 0.031888 0.036016 0.039960 0.043675 0.047122 0.049975 0.051626 0.053162 0.053260 0.052404 0.050363 0.047756 0.044777 0.041269 0.037064 0.032960 0.028360 0.024432 0.020196 0.017177 0.013682 0.010788 0.008396 0.006484 0.004852 0.003554 0.002564 0.001815 0.001269 0.000895 0.000567 0.000355 0.000262 0.000162 0.000092 0.000053 0.000045 0.000025 0.000011 0.000002 0.000001 0.000002 0.000001 0.000001 0.000000 0.000000 0.000000 0.000000 0.000000 0.000001 0.000000 0.000000 0.000000 
t: 0.002663043479 start: 207 end: 286 0.000001 0.000002 0.000002 0.000002 0.000005 0.000006 0.000009 0.000014 0.000037 0.000059 0.000099 0.000177 0.000276 0.000385 0.000570 0.000904 0.001208 0.001783 0.002506 0.003408 0.004649 0.006344 0.008067 0.010312 0.013073 0.016007 0.019531 0.023581 0.027453 0.032003 0.036189 0.040186 0.043606 0.047381 0.049976 0.051864 0.052977 0.053354 0.052641 0.050455 0.048167 0.044551 0.041179 0.037004 0.032406 0.028758 0.024560 0.020396 0.016631 0.013450 0.010786 0.008335 0.006464 0.004766 0.003529 0.002518 0.001798 0.001193 0.000886 0.000579 0.000349 0.000226 0.000151 0.000080 0.000063 0.000039 0.000013 0.000011 0.000005 0.000002 0.000002 0.000000 0.000000 0.000000 0.000000 0.000001 0.000000 0.000000 0.000000 0.000000 
t: 0.002538860104 start: 211 end: 290 0.000001 0.000003 0.000002 0.000004 0.000002 0.000006 0.000011 0.000018 0.000046 0.000067 0.000128 0.000176 0.000299 0.000462 0.000635 0.000923 0.001389 0.001946 0.002685 0.003719 0.004916 0.006597 0.008636 0.010980 0.013609 0.016979 0.020516 0.024560 0.029112 0.032781 0.037193 0.041063 0.044752 0.048348 0.050900 0.052783 0.053352 0.053132 0.052152 0.049715 0.047636 0.043897 0.040254 0.035733 0.031822 0.027058 0.023315 0.019107 0.015751 0.012718 0.009994 0.007694 0.005874 0.004414 0.003139 0.002278 0.001559 0.001099 0.000746 0.000497 0.000305 0.000207 0.000129 0.000071 0.000049 0.000028 0.000011 0.000010 0.000002 0.000003 0.000001 0.000000 0.000001 0.000000 0.000000 0.000000 0.000000 0.000000 0.000000 0.000000 
t: 0.002425742574 start: 214 end: 292 0.000001 0.000001 0.000004 0.000003 0.000004 0.000002 0.000005 0.000017 0.000031 0.000050 0.000074 0.000141 0.000246 0.000352 0.000501 0.000780 0.001133 0.001629 0.002283 0.003150 0.004250 0.005712 0.007454 0.009532 0.012269 0.015329 0.018433 0.022368 0.026846 0.030975 0.034821 0.039094 0.043222 0.046662 0.050094 0.052056 0.053127 0.053590 0.052888 0.051390 0.048844 0.045995 0.042348 0.038203 0.033530 0.029528 0.025149 0.021202 0.017230 0.014083 0.011050 0.008731 0.006646 0.005111 0.003654 0.002625 0.001845 0.001278 0.000864 0.000573 0.000389 0.000218 0.000163 0.000089 0.000059 0.000034 0.000017 0.000015 0.000005 0.000002 0.000000 0.000001 0.000000 0.000000 0.000000 0.000000 0.000000 0.000000 0.000000 
t: 0.002322274882 start: 216 end: 295 0.000001 0.000002 0.000000 0.000001 0.000003 0.000003 0.000004 0.000011 0.000010 0.000029 0.000041 0.000076 0.000115 0.000189 0.000295 0.000486 0.000647 0.000978 0.001460 0.002026 0.002819 0.003816 0.005176 0.006902 0.008872 0.011486 0.014191 0.017604 0.021211 0.025426 0.029661 0.033510 0.037745 0.042157 0.045839 0.049229 0.051471 0.053361 0.053527 0.053442 0.052081 0.050249 0.047030 0.043579 0.039445 0.034877 0.030864 0.026430 0.022103 0.018273 0.014671 0.012019 0.009398 0.007091 0.005208 0.004057 0.002783 0.001992 0.001410 0.000946 0.000647 0.000339 0.000272 0.000166 0.000104 0.000072 0.000038 0.000013 0.000010 0.000006 0.000001 0.000003 0.000000 0.000001 0.000000 0.000000 0.000000 0.000000 0.000000 0.000000 
t: 0.002227272727 start: 220 end: 297 0.000001 0.000000 0.000002 0.000000 0.000004 0.000006 0.000008 0.000013 0.000033 0.000034 0.000064 0.000099 0.000174 0.000262 0.000436 0.000670 0.000909 0.001331 0.001910 0.002597 0.003672 0.005130 0.006612 0.008583 0.011084 0.013789 0.017199 0.020928 0.024830 0.028964 0.033431 0.037549 0.041608 0.045656 0.048870 0.051586 0.053160 0.054177 0.053968 0.052573 0.050465 0.047241 0.043724 0.039765 0.035803 0.031210 0.026860 0.022525 0.018685 0.015104 0.011853 0.009482 0.007118 0.005398 0.003992 0.002775 0.002008 0.001422 0.000935 0.000643 0.000380 0.000264 0.000190 0.000092 0.000068 0.000036 0.000017 0.000010 0.000006 0.000004 0.000002 0.000001 0.000000 0.000000 0.000000 0.000000 0.000000 0.000000 
t: 0.002139737991 start: 221 end: 298 0.000001 0.000000 0.000000 0.000000 0.000002 0.000003 0.000002 0.000004 0.000010 0.000019 0.000029 0.000036 0.000070 0.000104 0.000145 0.000253 0.000431 0.000645 0.000934 0.001424 0.001872 0.002677 0.003745 0.005093 0.006567 0.008696 0.011212 0.013946 0.017382 0.021078 0.024917 0.029285 0.033840 0.037735 0.042590 0.046309 0.048669 0.052095 0.053329 0.054415 0.054156 0.052429 0.050500 0.047420 0.043930 0.039486 0.035679 0.030330 0.026659 0.022135 0.018062 0.014750 0.011525 0.009153 0.006934 0.005089 0.003814 0.002721 0.001905 0.001303 0.000868 0.000578 0.000395 0.000249 0.000152 0.000082 0.000063 0.000026 0.000016 0.000015 0.000005 0.000006 0.000001 0.000000 0.000000 0.000000 0.000000 0.000000 
t: 0.002058823530 start: 225 end: 302 0.000001 0.000000 0.000000 0.000002 0.000001 0.000003 0.000004 0.000011 0.000020 0.000032 0.000041 0.000062 0.000115 0.000196 0.000285 0.000440 0.000670 0.000951 0.001506 0.002120 0.002848 0.003907 0.005247 0.007145 0.009133 0.011656 0.014752 0.017938 0.021871 0.025805 0.030381 0.035066 0.039364 0.043166 0.046902 0.050347 0.052251 0.053969 0.054352 0.053879 0.052584 0.050181 0.046663 0.042791 0.038595 0.034256 0.029982 0.025472 0.021108 0.017097 0.013728 0.010912 0.008323 0.006309 0.004773 0.003461 0.002370 0.001647 0.001139 0.000834 0.000477 0.000330 0.000221 0.000124 0.000082 0.000041 0.000025 0.000015 0.000014 0.000005 0.000001 0.000001 0.000000 0.000000 0.000000 0.000000 0.000000 0.000000 
t: 0.001983805668 start: 230 end: 306 0.000001 0.000002 0.000002 0.000004 0.000007 0.000018 0.000013 0.000039 0.000042 0.000068 0.000129 0.000216 0.000332 0.000506 0.000757 0.001132 0.001684 0.002236 0.003243 0.004421 0.005775 0.007707 0.009931 0.012648 0.015665 0.019532 0.023402 0.027780 0.032260 0.036453 0.040740 0.045006 0.048556 0.051238 0.053378 0.054388 0.054308 0.053775 0.051840 0.049231 0.045220 0.041705 0.037128 0.032746 0.027952 0.023390 0.019489 0.015660 0.012520 0.009615 0.007565 0.005510 0.004021 0.002823 0.002067 0.001476 0.000928 0.000642 0.000429 0.000247 0.000170 0.000093 0.000065 0.000029 0.000017 0.000014 0.000010 0.000003 0.000000 0.000001 0.000000 0.000000 0.000000 0.000000 0.000000 0.000000 0.000000 
t: 0.001914062500 start: 232 end: 309 0.000001 0.000001 0.000001 0.000003 0.000001 0.000008 0.000017 0.000020 0.000047 0.000054 0.000087 0.000171 0.000233 0.000400 0.000634 0.000913 0.001336 0.001900 0.002731 0.003736 0.004947 0.006676 0.008682 0.011165 0.014101 0.017636 0.021415 0.025649 0.029909 0.034330 0.039158 0.043120 0.047028 0.050194 0.052288 0.054118 0.054954 0.054446 0.053310 0.050896 0.047483 0.043578 0.039343 0.034719 0.030369 0.025276 0.021084 0.017342 0.013777 0.010918 0.008325 0.006471 0.004577 0.003326 0.002356 0.001624 0.001088 0.000764 0.000481 0.000297 0.000185 0.000143 0.000064 0.000044 0.000020 0.000013 0.000005 0.000009 0.000002 0.000001 0.000000 0.000000 0.000000 0.000000 0.000000 0.000000 0.000000 0.000000 
t: 0.001849056604 start: 235 end: 310 0.000001 0.000000 0.000001 0.000003 0.000006 0.000008 0.000014 0.000031 0.000050 0.000087 0.000132 0.000191 0.000326 0.000518 0.000757 0.001152 0.001682 0.002322 0.003226 0.004469 0.005900 0.007947 0.009993 0.013044 0.016361 0.019915 0.024129 0.028374 0.032806 0.037370 0.041776 0.045790 0.049311 0.051849 0.053919 0.055389 0.055237 0.053742 0.051776 0.048854 0.045632 0.040950 0.036289 0.031570 0.027052 0.022500 0.018624 0.014731 0.011747 0.009152 0.006828 0.005118 0.003562 0.002595 0.001778 0.001229 0.000825 0.000495 0.000339 0.000213 0.000136 0.000072 0.000047 0.000028 0.000009 0.000010 0.000008 0.000002 0.000001 0.000000 0.000000 0.000000 0.000000 0.000000 0.000000 0.000000 
t: 0.001788321168 start: 237 end: 312 0.000001 0.000000 0.000001 0.000004 0.000001 0.000006 0.000012 0.000024 0.000050 0.000070 0.000122 0.000184 0.000298 0.000437 0.000645 0.001008 0.001493 0.002081 0.003028 0.003944 0.005527 0.007164 0.009652 0.012097 0.015265 0.018889 0.022928 0.027354 0.031946 0.036324 0.040845 0.045127 0.048244 0.051958 0.054118 0.055644 0.055187 0.054236 0.052641 0.049946 0.046159 0.042299 0.037715 0.032860 0.027735 0.023639 0.019284 0.015559 0.012250 0.009552 0.007146 0.005340 0.003795 0.002738 0.001875 0.001246 0.000865 0.000551 0.000358 0.000226 0.000122 0.000086 0.000044 0.000023 0.000013 0.000007 0.000007 0.000003 0.000002 0.000000 0.000000 0.000000 0.000000 0.000000 0.000000 0.000000 
t: 0.001731448763 start: 239 end: 314 0.000001 0.000001 0.000001 0.000001 0.000003 0.000002 0.000020 0.000022 0.000035 0.000072 0.000091 0.000183 0.000266 0.000381 0.000578 0.000962 0.001386 0.001916 0.002803 0.003839 0.005213 0.006935 0.009088 0.011562 0.014585 0.018443 0.022334 0.026666 0.031423 0.035869 0.040343 0.044415 0.048545 0.051702 0.054291 0.055075 0.055857 0.054779 0.053153 0.050458 0.047214 0.042766 0.037946 0.033461 0.028503 0.024229 0.019571 0.015912 0.012611 0.009828 0.007192 0.005421 0.003869 0.002663 0.001902 0.001319 0.000870 0.000581 0.000342 0.000202 0.000137 0.000063 0.000040 0.000028 0.000015 0.000004 0.000008 0.000004 0.000000 0.000000 0.000000 0.000000 0.000000 0.000000 0.000000 0.000000 
t: 0.001678082192 start: 240 end: 315 0.000001 0.000000 0.000001 0.000001 0.000000 0.000003 0.000008 0.000016 0.000013 0.000038 0.000060 0.000111 0.000166 0.000240 0.000351 0.000606 0.000905 0.001318 0.001882 0.002693 0.003762 0.005067 0.006731 0.008910 0.011489 0.014291 0.018194 0.022225 0.026515 0.030866 0.035722 0.040333 0.044700 0.048990 0.051620 0.054266 0.055786 0.056127 0.055004 0.053326 0.051135 0.047496 0.042672 0.038387 0.033484 0.028588 0.023987 0.019842 0.015637 0.012471 0.009745 0.007254 0.005315 0.003693 0.002595 0.001939 0.001289 0.000804 0.000516 0.000329 0.000204 0.000123 0.000066 0.000042 0.000019 0.000014 0.000006 0.000004 0.000006 0.000001 0.000000 0.000000 0.000000 0.000000 0.000000 0.000000 
t: 0.001627906977 start: 241 end: 315 0.000001 0.000000 0.000000 0.000000 0.000001 0.000001 0.000000 0.000004 0.000014 0.000018 0.000036 0.000066 0.000095 0.000179 0.000228 0.000386 0.000612 0.000891 0.001296 0.001844 0.002733 0.003709 0.005032 0.006817 0.008979 0.011501 0.014652 0.018227 0.022435 0.026584 0.031248 0.036345 0.040555 0.044975 0.049162 0.052407 0.054373 0.056112 0.056648 0.055548 0.053639 0.050645 0.047173 0.042783 0.037923 0.033075 0.028416 0.023478 0.019322 0.015381 0.012096 0.009461 0.006857 0.005044 0.003569 0.002524 0.001779 0.001152 0.000773 0.000509 0.000274 0.000158 0.000120 0.000059 0.000037 0.000012 0.000013 0.000003 0.000003 0.000005 0.000003 0.000000 0.000000 0.000000 0.000000 
t: 0.001580645161 start: 246 end: 319 0.000001 0.000000 0.000001 0.000003 0.000000 0.000016 0.000024 0.000031 0.000065 0.000124 0.000151 0.000266 0.000425 0.000592 0.000871 0.001264 0.001970 0.002754 0.003830 0.005252 0.007130 0.009155 0.011874 0.015070 0.018687 0.022735 0.027436 0.032200 0.036672 0.041390 0.045864 0.049911 0.052994 0.054904 0.056875 0.057120 0.055453 0.053306 0.050596 0.046225 0.042131 0.037445 0.032341 0.027501 0.022701 0.018498 0.014602 0.011495 0.009022 0.006404 0.004579 0.003319 0.002363 0.001610 0.000999 0.000708 0.000430 0.000273 0.000139 0.000087 0.000048 0.000027 0.000019 0.000010 0.000002 0.000003 0.000004 0.000003 0.000000 0.000000 0.000000 0.000000 0.000000 0.000000 
t: 0.001536050157 start: 249 end: 323 0.000002 0.000001 0.000002 0.000006 0.000010 0.000017 0.000046 0.000068 0.000127 0.000182 0.000286 0.000434 0.000650 0.000889 0.001405 0.002128 0.002907 0.004064 0.005566 0.007325 0.009648 0.012680 0.015454 0.019463 0.023722 0.028405 0.033131 0.038230 0.042954 0.047049 0.050582 0.053419 0.056292 0.057147 0.057049 0.055541 0.052804 0.049467 0.045503 0.041497 0.036193 0.031168 0.026315 0.021519 0.017410 0.013769 0.010574 0.008014 0.005820 0.004248 0.002990 0.002118 0.001362 0.000897 0.000581 0.000378 0.000208 0.000108 0.000073 0.000050 0.000025 0.000010 0.000005 0.000003 0.000004 0.000003 0.000003 0.000000 0.000000 0.000000 0.000000 0.000000 0.000000 0.000000 0.000000 
t: 0.001493902439 start: 250 end: 324 0.000002 0.000000 0.000001 0.000003 0.000007 0.000012 0.000034 0.000044 0.000070 0.000124 0.000208 0.000297 0.000471 0.000689 0.001069 0.001560 0.002334 0.003087 0.004395 0.005959 0.007971 0.010444 0.013314 0.016666 0.020636 0.024994 0.029778 0.034885 0.039624 0.044250 0.048397 0.051836 0.055079 0.057147 0.057368 0.057051 0.054895 0.051936 0.048615 0.044371 0.040068 0.034633 0.029752 0.024204 0.020157 0.015900 0.012563 0.009643 0.007184 0.005197 0.003686 0.002561 0.001806 0.001162 0.000728 0.000461 0.000278 0.000154 0.000113 0.000057 0.000032 0.000016 0.000006 0.000007 0.000004 0.000003 0.000001 0.000001 0.000000 0.000000 0.000000 0.000000 0.000000 0.000000 0.000000 
t: 0.001454005935 start: 252 end: 326 0.000001 0.000001 0.000003 0.000006 0.000005 0.000021 0.000033 0.000055 0.000067 0.000153 0.000228 0.000333 0.000541 0.000759 0.001186 0.001776 0.002567 0.003392 0.004874 0.006727 0.008789 0.011286 0.014380 0.017936 0.022250 0.026601 0.031852 0.036651 0.041897 0.045670 0.050315 0.053628 0.055678 0.057421 0.058152 0.056433 0.054248 0.051266 0.047341 0.042909 0.037870 0.032482 0.027301 0.022565 0.018428 0.014258 0.011256 0.008523 0.006360 0.004476 0.003093 0.002137 0.001427 0.000957 0.000560 0.000363 0.000207 0.000148 0.000075 0.000030 0.000022 0.000014 0.000008 0.000004 0.000000 0.000002 0.000002 0.000001 0.000000 0.000000 0.000000 0.000000 0.000000 0.000000 0.000000 
t: 0.001416184971 start: 253 end: 327 0.000001 0.000001 0.000003 0.000001 0.000007 0.000015 0.000021 0.000040 0.000058 0.000101 0.000170 0.000234 0.000422 0.000589 0.000959 0.001357 0.001983 0.002882 0.003966 0.005505 0.007443 0.009778 0.012561 0.015810 0.019768 0.024071 0.029152 0.033786 0.038954 0.043451 0.048092 0.052199 0.055157 0.057012 0.057875 0.057551 0.056228 0.053535 0.049657 0.045718 0.040835 0.035262 0.030051 0.025161 0.020253 0.016309 0.012654 0.009856 0.007363 0.005208 0.003721 0.002522 0.001764 0.001160 0.000721 0.000426 0.000252 0.000156 0.000102 0.000057 0.000023 0.000012 0.000005 0.000009 0.000001 0.000003 0.000001 0.000000 0.000000 0.000000 0.000000 0.000000 0.000000 0.000000 0.000000 
t: 0.001380281690 start: 254 end: 326 0.000001 0.000000 0.000001 0.000003 0.000004 0.000004 0.000016 0.000027 0.000047 0.000082 0.000121 0.000199 0.000352 0.000445 0.000743 0.001108 0.001560 0.002361 0.003362 0.004607 0.006248 0.008403 0.011116 0.014010 0.017937 0.021825 0.026587 0.031310 0.036375 0.041446 0.046254 0.050190 0.054142 0.056322 0.058077 0.058319 0.057123 0.054944 0.052068 0.048135 0.043271 0.037944 0.032567 0.027448 0.022465 0.018073 0.014234 0.010936 0.008413 0.006085 0.004245 0.002944 0.001985 0.001384 0.000841 0.000538 0.000307 0.000203 0.000104 0.000065 0.000028 0.000019 0.000013 0.000007 0.000005 0.000002 0.000000 0.000000 0.000000 0.000000 0.000000 0.000000 0.000000 
t: 0.001346153846 start: 254 end: 325 0.000001 0.000000 0.000000 0.000001 0.000003 0.000000 0.000006 0.000005 0.000030 0.000038 0.000050 0.000099 0.000165 0.000244 0.000365 0.000590 0.000876 0.001332 0.001981 0.002777 0.003911 0.005435 0.007344 0.009793 0.012674 0.015880 0.020326 0.024464 0.028789 0.034153 0.039557 0.044267 0.049017 0.052829 0.055757 0.058018 0.058671 0.058051 0.056312 0.053336 0.050221 0.045236 0.040320 0.034732 0.029739 0.024671 0.019630 0.015513 0.012114 0.009370 0.006856 0.004721 0.003349 0.002331 0.001523 0.000980 0.000616 0.000400 0.000227 0.000142 0.000073 0.000032 0.000027 0.000016 0.000007 0.000006 0.000001 0.000000 0.000000 0.000000 0.000000 0.000000 
t: 0.001313672922 start: 256 end: 328 0.000001 0.000000 0.000000 0.000002 0.000001 0.000002 0.000007 0.000011 0.000020 0.000053 0.000077 0.000149 0.000177 0.000282 0.000504 0.000723 0.001111 0.001673 0.002402 0.003407 0.004648 0.006561 0.008777 0.011262 0.014678 0.018270 0.022650 0.027326 0.032091 0.037322 0.042889 0.047399 0.051486 0.055194 0.057993 0.058947 0.058531 0.057078 0.055330 0.051499 0.047245 0.042323 0.036898 0.031479 0.026222 0.021292 0.017013 0.013162 0.010181 0.007448 0.005384 0.003673 0.002624 0.001689 0.001112 0.000669 0.000445 0.000255 0.000161 0.000092 0.000043 0.000028 0.000012 0.000010 0.000005 0.000001 0.000001 0.000000 0.000000 0.000000 0.000000 0.000000 0.000000 
t: 0.001282722513 start: 260 end: 331 0.000002 0.000001 0.000000 0.000007 0.000005 0.000015 0.000037 0.000059 0.000107 0.000161 0.000238 0.000429 0.000623 0.001027 0.001368 0.002093 0.002972 0.004148 0.005825 0.007856 0.010244 0.013220 0.016976 0.021080 0.025644 0.030618 0.035923 0.041078 0.045973 0.050535 0.054383 0.057314 0.059102 0.059187 0.058177 0.056198 0.053014 0.049069 0.043982 0.038612 0.033025 0.027801 0.022757 0.018064 0.014374 0.010746 0.008123 0.005858 0.004093 0.002853 0.001883 0.001239 0.000743 0.000481 0.000280 0.000162 0.000095 0.000065 0.000028 0.000015 0.000004 0.000005 0.000002 0.000000 0.000001 0.000001 0.000000 0.000000 0.000000 0.000000 0.000000 0.000000 
t: 0.001253196931 start: 261 end: 331 0.000002 0.000000 0.000001 0.000004 0.000006 0.000013 0.000026 0.000064 0.000093 0.000140 0.000213 0.000347 0.000526 0.000825 0.001239 0.001811 0.002730 0.003682 0.005325 0.007151 0.009277 0.012155 0.016040 0.019588 0.024214 0.029181 0.034448 0.039875 0.044783 0.049453 0.053715 0.057135 0.058864 0.059300 0.059113 0.057127 0.054426 0.050514 0.045383 0.040127 0.034693 0.028934 0.023917 0.019278 0.015030 0.011448 0.008642 0.006344 0.004359 0.003015 0.002043 0.001290 0.000851 0.000531 0.000291 0.000176 0.000126 0.000049 0.000040 0.000013 0.000006 0.000003 0.000003 0.000000 0.000002 0.000000 0.000000 0.000000 0.000000 0.000000 0.000000 
t: 0.001225000000 start: 263 end: 334 0.000002 0.000001 0.000002 0.000005 0.000011 0.000022 0.000046 0.000064 0.000142 0.000199 0.000305 0.000451 0.000750 0.001037 0.001620 0.002428 0.003528 0.004770 0.006443 0.008688 0.011506 0.014672 0.018773 0.023126 0.027893 0.033262 0.038587 0.044024 0.048934 0.052927 0.056736 0.058353 0.059976 0.059313 0.058041 0.055651 0.051564 0.046417 0.041687 0.035869 0.030134 0.024943 0.020189 0.015745 0.011978 0.009073 0.006607 0.004610 0.003203 0.002146 0.001357 0.000871 0.000565 0.000302 0.000220 0.000111 0.000063 0.000029 0.000012 0.000010 0.000003 0.000002 0.000001 0.000001 0.000000 0.000000 0.000000 0.000000 0.000000 0.000000 0.000000 0.000000 
t: 0.001198044010 start: 263 end: 333 0.000001 0.000001 0.000000 0.000003 0.000002 0.000009 0.000021 0.000036 0.000067 0.000091 0.000197 0.000265 0.000416 0.000629 0.000963 0.001485 0.002135 0.003240 0.004330 0.006109 0.008250 0.010708 0.014160 0.017817 0.022156 0.026956 0.032557 0.037500 0.042913 0.048099 0.052565 0.056328 0.058762 0.059754 0.059908 0.059341 0.055905 0.052194 0.047808 0.042670 0.036729 0.031487 0.025637 0.020760 0.016242 0.012482 0.009503 0.006766 0.004974 0.003249 0.002166 0.001374 0.000905 0.000586 0.000358 0.000187 0.000121 0.000060 0.000035 0.000012 0.000007 0.000005 0.000003 0.000000 0.000000 0.000001 0.000000 0.000000 0.000000 0.000000 0.000000 
t: 0.001172248804 start: 265 end: 335 0.000001 0.000001 0.000002 0.000004 0.000009 0.000018 0.000030 0.000051 0.000089 0.000158 0.000253 0.000363 0.000574 0.000880 0.001300 0.002069 0.002964 0.004101 0.005655 0.007773 0.010530 0.013532 0.017016 0.021247 0.026482 0.031465 0.036856 0.042319 0.047397 0.052008 0.056247 0.059020 0.060012 0.060398 0.059594 0.056760 0.052835 0.048842 0.043445 0.037867 0.031819 0.026374 0.021176 0.016631 0.012967 0.009540 0.007055 0.004923 0.003418 0.002229 0.001403 0.000913 0.000583 0.000341 0.000220 0.000107 0.000062 0.000039 0.000018 0.000008 0.000003 0.000003 0.000000 0.000000 0.000000 0.000001 0.000000 0.000000 0.000000 0.000000 0.000000 
t: 0.001147540984 start: 266 end: 337 0.000001 0.000002 0.000001 0.000003 0.000004 0.000017 0.000039 0.000038 0.000069 0.000135 0.000252 0.000324 0.000552 0.000801 0.001300 0.001885 0.002781 0.003840 0.005516 0.007366 0.010114 0.013199 0.016438 0.020677 0.025915 0.030717 0.036460 0.041844 0.047072 0.051952 0.055964 0.058974 0.060385 0.061001 0.059936 0.057350 0.053580 0.049289 0.043738 0.038300 0.032613 0.026969 0.021440 0.016922 0.013046 0.009716 0.007049 0.005008 0.003452 0.002219 0.001469 0.000932 0.000557 0.000333 0.000188 0.000130 0.000061 0.000029 0.000023 0.000007 0.000003 0.000001 0.000001 0.000000 0.000001 0.000000 0.000000 0.000000 0.000000 0.000000 0.000000 0.000000 
t: 0.001123853211 start: 267 end: 337 0.000002 0.000001 0.000001 0.000001 0.000005 0.000011 0.000029 0.000037 0.000069 0.000124 0.000230 0.000321 0.000510 0.000780 0.001219 0.001818 0.002612 0.003715 0.005196 0.007249 0.009736 0.012865 0.016203 0.020372 0.025368 0.030641 0.036073 0.041477 0.046940 0.051705 0.055859 0.058990 0.060902 0.061539 0.060065 0.057861 0.054335 0.049373 0.044673 0.038251 0.032905 0.026985 0.021707 0.017098 0.013183 0.009680 0.007035 0.005057 0.003340 0.002187 0.001454 0.000936 0.000520 0.000322 0.000207 0.000105 0.000055 0.000042 0.000010 0.000011 0.000001 0.000001 0.000000 0.000001 0.000000 0.000000 0.000000 0.000000 0.000000 0.000000 0.000000 
t: 0.001101123596 start: 267 end: 336 0.000001 0.000000 0.000000 0.000003 0.000001 0.000004 0.000014 0.000019 0.000037 0.000071 0.000135 0.000190 0.000306 0.000499 0.000755 0.001156 0.001714 0.002525 0.003605 0.005071 0.007137 0.009528 0.012571 0.016093 0.020108 0.025194 0.030389 0.035907 0.041663 0.046600 0.052093 0.055934 0.059185 0.061484 0.061450 0.060685 0.058082 0.054499 0.049870 0.044422 0.039092 0.032653 0.026806 0.021687 0.017150 0.013144 0.009611 0.006959 0.004942 0.003239 0.002201 0.001390 0.000911 0.000495 0.000307 0.000203 0.000106 0.000054 0.000024 0.000018 0.000005 0.000001 0.000001 0.000001 0.000000 0.000000 0.000000 0.000000 0.000000 0.000000 
t: 0.001079295154 start: 269 end: 337 0.000001 0.000000 0.000001 0.000001 0.000006 0.000010 0.000021 0.000040 0.000074 0.000109 0.000178 0.000293 0.000479 0.000766 0.001155 0.001632 0.002443 0.003572 0.005016 0.006962 0.009524 0.012328 0.016091 0.020198 0.025055 0.030304 0.036383 0.041330 0.047401 0.051948 0.056126 0.059665 0.061277 0.062248 0.060724 0.058747 0.054481 0.049882 0.044583 0.038519 0.032678 0.027007 0.021417 0.016993 0.012598 0.009502 0.006872 0.004774 0.003235 0.002048 0.001381 0.000747 0.000510 0.000302 0.000176 0.000092 0.000045 0.000031 0.000012 0.000004 0.000002 0.000000 0.000001 0.000000 0.000000 0.000000 0.000000 0.000000 0.000000 
t: 0.001058315335 start: 272 end: 338 0.000002 0.000000 0.000006 0.000011 0.000022 0.000036 0.000068 0.000106 0.000175 0.000283 0.000459 0.000756 0.001087 0.001694 0.002402 0.003597 0.004996 0.007038 0.009333 0.012473 0.015883 0.020404 0.025359 0.030517 0.036107 0.042105 0.047806 0.052112 0.056662 0.059923 0.062196 0.062135 0.061287 0.058479 0.054241 0.050140 0.044573 0.038183 0.032325 0.026386 0.021236 0.016470 0.012472 0.009179 0.006544 0.004649 0.003053 0.002018 0.001215 0.000760 0.000425 0.000272 0.000171 0.000084 0.000046 0.000018 0.000014 0.000005 0.000000 0.000001 0.000001 0.000000 0.000000 0.000000 0.000000 0.000000 0.000000 
t: 0.001038135593 start: 273 end: 340 0.000001 0.000003 0.000004 0.000011 0.000017 0.000036 0.000067 0.000116 0.000174 0.000290 0.000449 0.000738 0.001135 0.001683 0.002443 0.003584 0.004992 0.007029 0.009520 0.012406 0.016495 0.020280 0.025367 0.031140 0.036608 0.042483 0.048104 0.052840 0.057228 0.060715 0.062020 0.062654 0.061459 0.058405 0.054693 0.049586 0.044098 0.037771 0.031906 0.025958 0.020611 0.015782 0.012068 0.008910 0.006352 0.004208 0.002903 0.001863 0.001156 0.000693 0.000402 0.000245 0.000140 0.000084 0.000038 0.000022 0.000011 0.000002 0.000000 0.000001 0.000000 0.000001 0.000000 0.000000 0.000000 0.000000 0.000000 0.000000 
t: 0.001018711019 start: 274 end: 340 0.000002 0.000002 0.000003 0.000008 0.000021 0.000033 0.000065 0.000109 0.000188 0.000273 0.000457 0.000811 0.001147 0.001693 0.002438 0.003551 0.005221 0.007131 0.009451 0.012868 0.016564 0.020882 0.026130 0.031523 0.037147 0.043100 0.048491 0.053721 0.057896 0.060865 0.062568 0.063052 0.061543 0.058393 0.054265 0.049177 0.043438 0.037256 0.031351 0.025123 0.019913 0.015352 0.011534 0.008503 0.005833 0.003986 0.002729 0.001643 0.001072 0.000644 0.000361 0.000211 0.000123 0.000065 0.000044 0.000017 0.000011 0.000000 0.000001 0.000000 0.000001 0.000000 0.000000 0.000000 0.000000 0.000000 0.000000 
t: 0.001000000000 start: 274 end: 340 0.000002 0.000000 0.000003 0.000004 0.000006 0.000017 0.000034 0.000072 0.000111 0.000175 0.000296 0.000475 0.000807 0.001183 0.001722 0.002537 0.003648 0.005368 0.007191 0.009965 0.013102 0.017049 0.021375 0.026597 0.032051 0.037808 0.043977 0.049728 0.054634 0.058591 0.061057 0.063181 0.063135 0.061603 0.058440 0.053724 0.048540 0.042460 0.036800 0.030072 0.024430 0.018990 0.014689 0.010989 0.008040 0.005399 0.003726 0.002401 0.001558 0.000928 0.000592 0.000321 0.000170 0.000105 0.000065 0.000033 0.000018 0.000003 0.000002 0.000000 0.000001 0.000000 0.000000 0.000000 0.000000 0.000000 0.000000 
