t: 0.059999999999 start: 17 end: 55 0.000002 0.000014 0.000073 0.000281 0.000820 0.002238 0.005628 0.011921 0.022861 0.040048 0.061390 0.085468 0.107296 0.121746 0.125187 0.115172 0.097922 0.075414 0.053096 0.033650 0.019898 0.010588 0.005272 0.002414 0.000993 0.000405 0.000159 0.000031 0.000010 0.000002 0.000001 0.000000 0.000000 0.000000 0.000000 0.000000 0.000000 0.000000 0.000000 
t: 0.054545454544 start: 18 end: 57 0.000002 0.000000 0.000015 0.000057 0.000197 0.000611 0.001512 0.003687 0.008384 0.016282 0.028817 0.046012 0.067766 0.089973 0.108022 0.118078 0.118303 0.108488 0.091024 0.070315 0.049712 0.032524 0.019368 0.010746 0.005595 0.002630 0.001143 0.000458 0.000190 0.000061 0.000021 0.000005 0.000002 0.000000 0.000000 0.000000 0.000000 0.000000 0.000000 0.000000 
t: 0.049999999999 start: 21 end: 61 0.000002 0.000007 0.000046 0.000146 0.000435 0.001081 0.002703 0.005871 0.011916 0.021290 0.035304 0.053150 0.073700 0.093151 0.107662 0.114163 0.112718 0.101505 0.084555 0.064800 0.045998 0.030349 0.018599 0.010586 0.005542 0.002648 0.001247 0.000524 0.000195 0.000076 0.000022 0.000007 0.000002 0.000000 0.000000 0.000000 0.000000 0.000000 0.000000 0.000000 0.000000 
t: 0.046153846153 start: 23 end: 65 0.000001 0.000008 0.000035 0.000097 0.000310 0.000874 0.001950 0.004400 0.008709 0.016011 0.027269 0.042058 0.060532 0.079065 0.095614 0.107339 0.111201 0.106111 0.094322 0.077448 0.059270 0.042320 0.027843 0.017333 0.009832 0.005295 0.002591 0.001287 0.000519 0.000222 0.000090 0.000035 0.000007 0.000001 0.000001 0.000000 0.000000 0.000000 0.000000 0.000000 0.000000 0.000000 0.000000 
t: 0.042857142857 start: 25 end: 68 0.000004 0.000008 0.000021 0.000091 0.000228 0.000640 0.001459 0.003311 0.006787 0.012424 0.021209 0.033821 0.049713 0.067173 0.083998 0.098105 0.106168 0.106989 0.099185 0.086893 0.070688 0.054135 0.037950 0.024963 0.015545 0.008983 0.004885 0.002505 0.001251 0.000519 0.000211 0.000087 0.000031 0.000012 0.000004 0.000004 0.000000 0.000000 0.000000 0.000000 0.000000 0.000000 0.000000 0.000000 
t: 0.040000000000 start: 27 end: 71 0.000001 0.000006 0.000025 0.000058 0.000190 0.000464 0.001193 0.002540 0.005329 0.009869 0.017062 0.027352 0.041090 0.057163 0.073850 0.088633 0.099387 0.104180 0.101472 0.092629 0.079103 0.063894 0.047962 0.033726 0.022479 0.013748 0.007890 0.004455 0.002263 0.001150 0.000478 0.000222 0.000086 0.000033 0.000014 0.000003 0.000001 0.000000 0.000000 0.000000 0.000000 0.000000 0.000000 0.000000 0.000000 
t: 0.037500000000 start: 28 end: 73 0.000001 0.000000 0.000005 0.000014 0.000052 0.000138 0.000387 0.000979 0.002172 0.004130 0.008037 0.014032 0.022784 0.034327 0.048890 0.064380 0.079826 0.091522 0.100161 0.100906 0.095828 0.085465 0.071875 0.056465 0.042402 0.029658 0.019129 0.011890 0.006830 0.003982 0.001986 0.000966 0.000447 0.000206 0.000077 0.000031 0.000013 0.000005 0.000002 0.000000 0.000000 0.000000 0.000000 0.000000 0.000000 0.000000 
t: 0.035294117647 start: 31 end: 78 0.000001 0.000006 0.000017 0.000050 0.000123 0.000365 0.000783 0.001688 0.003489 0.006765 0.011658 0.018901 0.029074 0.042140 0.056698 0.071532 0.084866 0.094267 0.098111 0.096398 0.089295 0.078178 0.064646 0.050128 0.036498 0.025129 0.016609 0.010182 0.005881 0.003267 0.001723 0.000850 0.000396 0.000166 0.000081 0.000022 0.000011 0.000004 0.000000 0.000001 0.000001 0.000000 0.000000 0.000000 0.000000 0.000000 0.000000 0.000000 
t: 0.033333333333 start: 33 end: 81 0.000001 0.000003 0.000014 0.000043 0.000138 0.000288 0.000726 0.001435 0.003029 0.005620 0.009669 0.016326 0.025107 0.036435 0.050042 0.064197 0.077930 0.088572 0.095065 0.095942 0.091004 0.082333 0.070895 0.056915 0.043216 0.031203 0.021358 0.013840 0.008392 0.004884 0.002667 0.001435 0.000708 0.000323 0.000137 0.000071 0.000021 0.000008 0.000002 0.000004 0.000002 0.000000 0.000000 0.000000 0.000000 0.000000 0.000000 0.000000 0.000000 
t: 0.031578947368 start: 36 end: 85 0.000003 0.000017 0.000058 0.000107 0.000280 0.000632 0.001252 0.002542 0.004903 0.008418 0.014211 0.021870 0.032307 0.044790 0.057704 0.071335 0.082710 0.090780 0.094226 0.092209 0.085418 0.075292 0.062233 0.049158 0.037137 0.026166 0.017785 0.011381 0.006812 0.003934 0.002190 0.001093 0.000601 0.000256 0.000130 0.000036 0.000014 0.000002 0.000004 0.000001 0.000001 0.000002 0.000000 0.000000 0.000000 0.000000 0.000000 0.000000 0.000000 0.000000 
t: 0.030000000000 start: 38 end: 87 0.000004 0.000013 0.000035 0.000092 0.000275 0.000551 0.001131 0.002262 0.004332 0.007499 0.012364 0.019571 0.028690 0.040031 0.052687 0.065844 0.077918 0.086136 0.091656 0.091587 0.086806 0.078755 0.066789 0.054514 0.042480 0.030941 0.021651 0.014433 0.009027 0.005503 0.003141 0.001674 0.000835 0.000460 0.000166 0.000087 0.000035 0.000011 0.000007 0.000005 0.000001 0.000000 0.000001 0.000000 0.000000 0.000000 0.000000 0.000000 0.000000 0.000000 
t: 0.028571428571 start: 39 end: 89 0.000001 0.000003 0.000011 0.000036 0.000091 0.000240 0.000494 0.001060 0.002119 0.003787 0.006679 0.011308 0.017601 0.025811 0.036231 0.048335 0.061482 0.073181 0.082006 0.088787 0.090100 0.087494 0.080104 0.070715 0.059126 0.046944 0.035303 0.025450 0.017637 0.011441 0.007228 0.004259 0.002420 0.001280 0.000681 0.000302 0.000143 0.000065 0.000022 0.000015 0.000006 0.000001 0.000001 0.000000 0.000000 0.000000 0.000000 0.000000 0.000000 0.000000 0.000000 
t: 0.027272727273 start: 41 end: 91 0.000001 0.000002 0.000012 0.000044 0.000092 0.000201 0.000456 0.000981 0.001941 0.003497 0.006203 0.010187 0.016133 0.023884 0.033383 0.044947 0.056829 0.068827 0.078670 0.085505 0.087891 0.087184 0.081774 0.073366 0.062463 0.051013 0.039493 0.028991 0.020725 0.013877 0.009007 0.005565 0.003148 0.001767 0.000998 0.000524 0.000223 0.000121 0.000042 0.000022 0.000006 0.000004 0.000001 0.000000 0.000000 0.000000 0.000000 0.000000 0.000000 0.000000 0.000000 
t: 0.026086956522 start: 42 end: 93 0.000002 0.000000 0.000004 0.000007 0.000044 0.000081 0.000221 0.000488 0.000897 0.001779 0.003312 0.005934 0.009398 0.014981 0.022172 0.030927 0.042037 0.053789 0.064760 0.075288 0.081904 0.086415 0.086621 0.082554 0.074618 0.065075 0.053986 0.043179 0.032611 0.023823 0.016252 0.010897 0.006760 0.004122 0.002374 0.001343 0.000684 0.000345 0.000163 0.000099 0.000035 0.000008 0.000007 0.000003 0.000001 0.000000 0.000000 0.000000 0.000000 0.000000 0.000000 0.000000 
t: 0.025000000000 start: 43 end: 96 0.000001 0.000001 0.000002 0.000001 0.000010 0.000043 0.000117 0.000204 0.000419 0.000911 0.001735 0.003223 0.005576 0.008955 0.013933 0.020792 0.029328 0.039584 0.051072 0.061353 0.071270 0.080024 0.084517 0.085464 0.082424 0.075727 0.067272 0.056820 0.045889 0.035638 0.026356 0.018716 0.012683 0.008190 0.005086 0.003039 0.001729 0.000952 0.000491 0.000236 0.000121 0.000054 0.000028 0.000006 0.000006 0.000002 0.000000 0.000000 0.000000 0.000000 0.000000 0.000000 0.000000 0.000000 
t: 0.024000000000 start: 47 end: 99 0.000001 0.000007 0.000019 0.000039 0.000089 0.000208 0.000458 0.000906 0.001710 0.003103 0.005246 0.008805 0.013391 0.019631 0.028008 0.037746 0.048002 0.059076 0.068984 0.076950 0.082504 0.084034 0.082245 0.076423 0.069079 0.058762 0.048668 0.038063 0.028808 0.020668 0.014276 0.009565 0.006202 0.003650 0.002172 0.001200 0.000605 0.000365 0.000169 0.000099 0.000040 0.000013 0.000007 0.000003 0.000001 0.000000 0.000000 0.000000 0.000000 0.000000 0.000000 0.000000 0.000000 
t: 0.023076923077 start: 49 end: 101 0.000001 0.000007 0.000012 0.000041 0.000098 0.000232 0.000447 0.000881 0.001682 0.003091 0.005336 0.008378 0.012763 0.019111 0.027016 0.035789 0.046623 0.056692 0.066659 0.074913 0.080597 0.082362 0.082229 0.076708 0.069316 0.060912 0.050270 0.040317 0.030814 0.022749 0.015811 0.010921 0.007061 0.004331 0.002677 0.001476 0.000790 0.000430 0.000237 0.000115 0.000055 0.000029 0.000012 0.000007 0.000002 0.000000 0.000000 0.000000 0.000000 0.000000 0.000000 0.000000 0.000000 
t: 0.022222222222 start: 51 end: 104 0.000001 0.000009 0.000022 0.000044 0.000117 0.000210 0.000460 0.000935 0.001747 0.003127 0.005209 0.008276 0.012776 0.018596 0.025953 0.034826 0.044989 0.055187 0.064682 0.072760 0.078494 0.081528 0.080932 0.076684 0.070198 0.061993 0.051933 0.041971 0.032674 0.024250 0.017336 0.011994 0.008129 0.005027 0.003062 0.001734 0.001020 0.000515 0.000317 0.000145 0.000069 0.000037 0.000018 0.000011 0.000002 0.000000 0.000001 0.000000 0.000000 0.000000 0.000000 0.000000 0.000000 0.000000 
t: 0.021428571428 start: 53 end: 107 0.000004 0.000013 0.000020 0.000055 0.000109 0.000237 0.000521 0.000954 0.001807 0.003161 0.005179 0.008222 0.012655 0.018458 0.025492 0.034214 0.043565 0.053832 0.062809 0.071036 0.077552 0.080380 0.080001 0.076331 0.070346 0.062463 0.053189 0.043176 0.033998 0.025635 0.018729 0.013005 0.008889 0.005770 0.003437 0.002125 0.001242 0.000652 0.000375 0.000189 0.000094 0.000041 0.000023 0.000007 0.000004 0.000001 0.000003 0.000000 0.000000 0.000000 0.000000 0.000000 0.000000 0.000000 0.000000 
t: 0.020689655172 start: 53 end: 110 0.000001 0.000001 0.000005 0.000014 0.000020 0.000062 0.000135 0.000252 0.000528 0.001045 0.001922 0.003198 0.005335 0.008337 0.012644 0.018167 0.025339 0.033822 0.042703 0.052451 0.062389 0.069650 0.076112 0.078660 0.079059 0.076082 0.070398 0.062779 0.054003 0.044041 0.035044 0.026618 0.019789 0.014162 0.009442 0.006390 0.003882 0.002368 0.001447 0.000805 0.000457 0.000229 0.000111 0.000051 0.000023 0.000015 0.000008 0.000002 0.000002 0.000000 0.000000 0.000000 0.000001 0.000000 0.000000 0.000000 0.000000 0.000000 
t: 0.020000000000 start: 54 end: 112 0.000001 0.000002 0.000000 0.000003 0.000013 0.000030 0.000061 0.000145 0.000301 0.000604 0.001068 0.001946 0.003452 0.005440 0.008490 0.012946 0.018236 0.025368 0.033324 0.042404 0.052423 0.060515 0.068843 0.075095 0.077636 0.077887 0.075061 0.070361 0.062874 0.054434 0.044590 0.035914 0.027691 0.020588 0.014646 0.010264 0.006738 0.004338 0.002688 0.001599 0.000926 0.000532 0.000271 0.000128 0.000064 0.000021 0.000021 0.000009 0.000006 0.000001 0.000000 0.000001 0.000001 0.000000 0.000000 0.000000 0.000000 0.000000 0.000000 
t: 0.019354838710 start: 57 end: 114 0.000002 0.000001 0.000007 0.000011 0.000039 0.000064 0.000175 0.000349 0.000664 0.001191 0.002094 0.003550 0.005757 0.008891 0.013035 0.018508 0.025281 0.033532 0.042553 0.051208 0.060087 0.068110 0.074026 0.076914 0.076683 0.074489 0.069878 0.062887 0.054136 0.045077 0.036413 0.028647 0.020943 0.015319 0.010715 0.007203 0.004635 0.002886 0.001751 0.001088 0.000585 0.000318 0.000159 0.000069 0.000028 0.000020 0.000014 0.000006 0.000001 0.000001 0.000000 0.000000 0.000000 0.000000 0.000000 0.000000 0.000000 0.000000 
t: 0.018750000000 start: 59 end: 116 0.000003 0.000003 0.000011 0.000013 0.000032 0.000092 0.000210 0.000408 0.000681 0.001297 0.002232 0.003867 0.006121 0.009043 0.013466 0.019083 0.025831 0.033863 0.042390 0.051198 0.059940 0.067232 0.072644 0.075730 0.076575 0.074001 0.069177 0.062011 0.053946 0.045393 0.036598 0.028423 0.021708 0.015807 0.010928 0.007568 0.004948 0.003114 0.001887 0.001155 0.000649 0.000353 0.000199 0.000083 0.000035 0.000023 0.000017 0.000008 0.000003 0.000000 0.000001 0.000000 0.000000 0.000000 0.000000 0.000000 0.000000 0.000000 
t: 0.018181818182 start: 60 end: 119 0.000001 0.000001 0.000007 0.000011 0.000025 0.000047 0.000104 0.000204 0.000424 0.000816 0.001423 0.002493 0.004177 0.006393 0.009558 0.013997 0.019486 0.026536 0.033919 0.042762 0.051591 0.059340 0.066801 0.072134 0.075461 0.075546 0.072672 0.068304 0.061674 0.053839 0.044806 0.036856 0.028546 0.021934 0.015833 0.011239 0.007864 0.005181 0.003304 0.001996 0.001207 0.000681 0.000412 0.000190 0.000109 0.000044 0.000028 0.000016 0.000002 0.000003 0.000002 0.000001 0.000000 0.000000 0.000000 0.000000 0.000000 0.000000 0.000000 0.000000 
t: 0.017647058823 start: 61 end: 121 0.000001 0.000002 0.000001 0.000011 0.000008 0.000027 0.000068 0.000114 0.000256 0.000516 0.000897 0.001572 0.002780 0.004410 0.006871 0.010121 0.014445 0.020220 0.026744 0.035028 0.043050 0.051750 0.060308 0.066778 0.071585 0.074244 0.074669 0.071962 0.067374 0.061269 0.052706 0.044554 0.036275 0.028702 0.021683 0.016055 0.011414 0.007855 0.005272 0.003412 0.002078 0.001271 0.000774 0.000401 0.000251 0.000111 0.000055 0.000026 0.000011 0.000006 0.000002 0.000001 0.000004 0.000000 0.000000 0.000000 0.000000 0.000000 0.000000 0.000000 0.000000 
t: 0.017142857143 start: 64 end: 122 0.000002 0.000007 0.000009 0.000016 0.000041 0.000074 0.000149 0.000292 0.000557 0.001055 0.001823 0.002945 0.004832 0.007336 0.010804 0.015344 0.021099 0.028008 0.035475 0.044036 0.052360 0.060204 0.066529 0.071673 0.073343 0.073600 0.071033 0.066528 0.059668 0.052418 0.043577 0.036067 0.028327 0.021432 0.015918 0.011591 0.007891 0.005290 0.003441 0.002073 0.001422 0.000791 0.000431 0.000239 0.000138 0.000055 0.000023 0.000018 0.000004 0.000010 0.000002 0.000000 0.000000 0.000000 0.000000 0.000000 0.000000 0.000000 0.000000 
t: 0.016666666667 start: 65 end: 124 0.000001 0.000003 0.000006 0.000008 0.000024 0.000046 0.000099 0.000178 0.000373 0.000692 0.001174 0.002028 0.003352 0.005190 0.007841 0.011538 0.016277 0.022246 0.028834 0.036523 0.045043 0.053352 0.060791 0.066534 0.070732 0.073185 0.072655 0.069874 0.065506 0.058541 0.051171 0.043006 0.035000 0.027908 0.021371 0.015748 0.011169 0.007952 0.005229 0.003444 0.002190 0.001363 0.000833 0.000459 0.000261 0.000124 0.000064 0.000029 0.000014 0.000011 0.000006 0.000002 0.000000 0.000000 0.000000 0.000000 0.000000 0.000000 0.000000 0.000000 
t: 0.016216216216 start: 66 end: 126 0.000001 0.000001 0.000003 0.000007 0.000014 0.000023 0.000065 0.000123 0.000267 0.000412 0.000758 0.001337 0.002310 0.003811 0.005794 0.008554 0.012408 0.017389 0.023168 0.030342 0.037979 0.045781 0.053914 0.061365 0.066541 0.070640 0.072448 0.071716 0.069330 0.063857 0.057518 0.049782 0.042033 0.034490 0.027024 0.020372 0.015576 0.011090 0.007714 0.005287 0.003473 0.002167 0.001345 0.000773 0.000466 0.000277 0.000115 0.000078 0.000030 0.000014 0.000013 0.000003 0.000002 0.000000 0.000000 0.000000 0.000000 0.000000 0.000000 0.000000 0.000000 
t: 0.015789473684 start: 68 end: 128 0.000003 0.000000 0.000001 0.000007 0.000018 0.000046 0.000073 0.000138 0.000285 0.000534 0.000943 0.001600 0.002666 0.004155 0.006471 0.009345 0.013489 0.018555 0.024630 0.031402 0.039355 0.047463 0.054659 0.061495 0.067318 0.070302 0.071652 0.071168 0.067605 0.062803 0.056024 0.048675 0.040817 0.033076 0.026137 0.020107 0.014835 0.010826 0.007565 0.005127 0.003373 0.002199 0.001297 0.000771 0.000454 0.000241 0.000152 0.000072 0.000035 0.000016 0.000010 0.000006 0.000002 0.000002 0.000000 0.000000 0.000000 0.000000 0.000000 0.000000 0.000000 
t: 0.015384615385 start: 71 end: 131 0.000003 0.000003 0.000006 0.000027 0.000053 0.000094 0.000174 0.000353 0.000639 0.001140 0.001959 0.003041 0.004708 0.007132 0.010225 0.014671 0.019921 0.025942 0.033182 0.040963 0.048613 0.055932 0.062227 0.066985 0.070211 0.070807 0.070383 0.066665 0.060942 0.054660 0.046861 0.039687 0.031906 0.024942 0.019448 0.014325 0.010558 0.007142 0.005194 0.003207 0.002074 0.001264 0.000756 0.000445 0.000256 0.000137 0.000064 0.000038 0.000017 0.000009 0.000005 0.000002 0.000002 0.000000 0.000000 0.000000 0.000000 0.000000 0.000000 0.000000 0.000000 
t: 0.015000000000 start: 73 end: 133 0.000003 0.000005 0.000011 0.000026 0.000061 0.000137 0.000216 0.000448 0.000798 0.001318 0.002273 0.003495 0.005250 0.007912 0.011446 0.016038 0.021189 0.027709 0.034735 0.042535 0.050072 0.057213 0.062641 0.067745 0.070303 0.070688 0.068741 0.064838 0.059508 0.052693 0.045337 0.038046 0.030658 0.024124 0.018386 0.013592 0.010061 0.006859 0.004902 0.003113 0.001972 0.001208 0.000750 0.000420 0.000254 0.000134 0.000066 0.000036 0.000015 0.000008 0.000005 0.000006 0.000000 0.000000 0.000001 0.000000 0.000000 0.000000 0.000000 0.000000 0.000000 
t: 0.014634146341 start: 74 end: 135 0.000001 0.000005 0.000007 0.000019 0.000047 0.000077 0.000151 0.000289 0.000581 0.000924 0.001661 0.002612 0.004045 0.006170 0.008790 0.012667 0.017430 0.022752 0.029321 0.037129 0.044008 0.051345 0.058519 0.063737 0.068047 0.069715 0.069771 0.067733 0.063250 0.057617 0.050872 0.043550 0.036465 0.029317 0.022944 0.017599 0.012870 0.009232 0.006715 0.004408 0.002918 0.001936 0.001144 0.000736 0.000399 0.000203 0.000138 0.000067 0.000036 0.000016 0.000008 0.000002 0.000001 0.000004 0.000000 0.000000 0.000000 0.000000 0.000000 0.000000 0.000000 0.000000 
t: 0.014285714286 start: 75 end: 138 0.000001 0.000004 0.000003 0.000013 0.000028 0.000050 0.000102 0.000225 0.000377 0.000657 0.001221 0.001936 0.003080 0.004641 0.006929 0.010041 0.013865 0.018892 0.024889 0.031550 0.038698 0.045918 0.053214 0.059448 0.064704 0.067693 0.069518 0.068889 0.065895 0.061788 0.055614 0.049043 0.041837 0.034928 0.027751 0.021757 0.016472 0.012116 0.008763 0.006258 0.004135 0.002704 0.001775 0.001091 0.000644 0.000401 0.000201 0.000115 0.000066 0.000028 0.000013 0.000012 0.000003 0.000002 0.000001 0.000001 0.000000 0.000000 0.000000 0.000000 0.000000 0.000000 0.000000 0.000000 
t: 0.013953488372 start: 76 end: 139 0.000001 0.000002 0.000005 0.000005 0.000018 0.000030 0.000066 0.000141 0.000304 0.000481 0.000850 0.001416 0.002359 0.003559 0.005400 0.007912 0.011149 0.015414 0.020676 0.026872 0.033606 0.040710 0.048263 0.054498 0.060808 0.065072 0.068316 0.068969 0.067772 0.064654 0.059475 0.053619 0.046918 0.040040 0.032887 0.026220 0.020569 0.015408 0.011341 0.008165 0.005603 0.003839 0.002542 0.001675 0.001005 0.000615 0.000332 0.000199 0.000107 0.000053 0.000026 0.000016 0.000009 0.000004 0.000003 0.000002 0.000000 0.000000 0.000000 0.000000 0.000000 0.000000 0.000000 0.000000 
t: 0.013636363636 start: 78 end: 142 0.000001 0.000003 0.000005 0.000012 0.000018 0.000050 0.000105 0.000198 0.000354 0.000615 0.001052 0.001802 0.002696 0.004247 0.006208 0.009120 0.012503 0.016988 0.022803 0.028921 0.035862 0.042914 0.050079 0.056661 0.061864 0.065945 0.067882 0.068018 0.066469 0.062909 0.057801 0.051757 0.044634 0.037864 0.031044 0.024579 0.019050 0.014312 0.010418 0.007476 0.005153 0.003599 0.002379 0.001472 0.000882 0.000563 0.000334 0.000179 0.000094 0.000052 0.000023 0.000016 0.000008 0.000003 0.000002 0.000001 0.000001 0.000000 0.000000 0.000000 0.000000 0.000000 0.000000 0.000000 0.000000 
t: 0.013333333333 start: 79 end: 143 0.000002 0.000001 0.000005 0.000008 0.000014 0.000030 0.000069 0.000136 0.000226 0.000523 0.000774 0.001303 0.002104 0.003257 0.005051 0.007221 0.010326 0.014060 0.019336 0.024612 0.031422 0.037985 0.044914 0.052150 0.058352 0.062757 0.065979 0.067795 0.067411 0.065121 0.061160 0.055992 0.049065 0.042908 0.035415 0.028926 0.022863 0.017689 0.013224 0.009678 0.006755 0.004826 0.003243 0.002069 0.001309 0.000784 0.000518 0.000295 0.000160 0.000084 0.000045 0.000024 0.000011 0.000005 0.000005 0.000002 0.000000 0.000000 0.000000 0.000001 0.000000 0.000000 0.000000 0.000000 0.000000 
t: 0.013043478261 start: 79 end: 145 0.000001 0.000001 0.000001 0.000004 0.000005 0.000011 0.000016 0.000057 0.000088 0.000186 0.000334 0.000603 0.001021 0.001635 0.002508 0.004032 0.005918 0.008419 0.011731 0.016107 0.020951 0.027089 0.033472 0.040840 0.047300 0.053748 0.059732 0.063948 0.066512 0.067349 0.066273 0.063628 0.059363 0.053515 0.046820 0.040087 0.033301 0.027022 0.021175 0.016287 0.011958 0.008677 0.006303 0.004322 0.002939 0.001812 0.001141 0.000726 0.000483 0.000255 0.000143 0.000075 0.000036 0.000022 0.000007 0.000007 0.000002 0.000001 0.000000 0.000000 0.000000 0.000001 0.000000 0.000000 0.000000 0.000000 0.000000 
t: 0.012765957447 start: 81 end: 145 0.000001 0.000000 0.000001 0.000005 0.000011 0.000015 0.000042 0.000066 0.000122 0.000254 0.000462 0.000764 0.001253 0.002003 0.003164 0.004783 0.006812 0.009780 0.013418 0.017902 0.023409 0.029468 0.036293 0.043084 0.049722 0.055812 0.061182 0.064558 0.066567 0.066711 0.065375 0.061812 0.057072 0.050938 0.044136 0.037687 0.030726 0.024995 0.019706 0.014780 0.010969 0.007937 0.005611 0.003813 0.002608 0.001589 0.001062 0.000666 0.000366 0.000232 0.000122 0.000062 0.000033 0.000016 0.000011 0.000009 0.000002 0.000000 0.000000 0.000000 0.000000 0.000000 0.000000 0.000001 0.000000 
t: 0.012500000000 start: 83 end: 148 0.000001 0.000000 0.000003 0.000006 0.000011 0.000030 0.000042 0.000109 0.000193 0.000313 0.000557 0.001030 0.001603 0.002509 0.003758 0.005767 0.008034 0.011174 0.015152 0.020310 0.025883 0.032195 0.038715 0.045411 0.052418 0.057448 0.062325 0.065114 0.066353 0.066384 0.063667 0.059826 0.054410 0.048546 0.041694 0.034751 0.028840 0.023000 0.017619 0.013531 0.009932 0.007002 0.005003 0.003341 0.002303 0.001466 0.000909 0.000574 0.000327 0.000185 0.000099 0.000060 0.000031 0.000016 0.000010 0.000007 0.000001 0.000001 0.000000 0.000000 0.000000 0.000001 0.000000 0.000000 0.000000 0.000000 
t: 0.012244897959 start: 85 end: 150 0.000001 0.000002 0.000003 0.000012 0.000014 0.000035 0.000084 0.000118 0.000272 0.000447 0.000785 0.001316 0.001953 0.003068 0.004679 0.006690 0.009487 0.012790 0.017473 0.022479 0.028534 0.035001 0.041430 0.048377 0.054560 0.059132 0.062746 0.065465 0.066441 0.065132 0.061769 0.057471 0.051863 0.045659 0.039167 0.032354 0.026239 0.021028 0.016196 0.012220 0.008725 0.006295 0.004383 0.002936 0.001970 0.001270 0.000791 0.000465 0.000311 0.000176 0.000078 0.000051 0.000027 0.000016 0.000010 0.000002 0.000000 0.000000 0.000000 0.000001 0.000000 0.000001 0.000000 0.000000 0.000000 0.000000 
t: 0.012000000000 start: 86 end: 149 0.000001 0.000000 0.000007 0.000000 0.000015 0.000037 0.000055 0.000094 0.000189 0.000385 0.000603 0.000969 0.001648 0.002531 0.003784 0.005437 0.008083 0.011096 0.014879 0.019677 0.025060 0.031356 0.038017 0.044525 0.050786 0.056247 0.060636 0.064006 0.065642 0.065246 0.063389 0.059871 0.055063 0.048945 0.042739 0.036479 0.030124 0.024044 0.018996 0.014403 0.010820 0.007863 0.005518 0.003730 0.002559 0.001749 0.001061 0.000664 0.000422 0.000256 0.000124 0.000074 0.000045 0.000024 0.000018 0.000007 0.000000 0.000000 0.000001 0.000000 0.000001 0.000000 0.000000 0.000000 
t: 0.011764705882 start: 88 end: 154 0.000001 0.000002 0.000004 0.000011 0.000021 0.000050 0.000078 0.000148 0.000248 0.000508 0.000792 0.001352 0.002009 0.003130 0.004661 0.006598 0.009518 0.012791 0.017111 0.022247 0.028124 0.034250 0.040862 0.047319 0.052876 0.058274 0.061722 0.064579 0.065446 0.064294 0.061624 0.057475 0.052389 0.046273 0.039860 0.033874 0.027317 0.021852 0.016959 0.012966 0.009485 0.006917 0.004772 0.003207 0.002282 0.001469 0.000890 0.000572 0.000318 0.000212 0.000118 0.000063 0.000038 0.000022 0.000014 0.000002 0.000002 0.000001 0.000000 0.000001 0.000000 0.000000 0.000000 0.000000 0.000000 0.000000 0.000000 
t: 0.011538461538 start: 89 end: 156 0.000001 0.000001 0.000002 0.000006 0.000021 0.000027 0.000065 0.000115 0.000209 0.000385 0.000649 0.001077 0.001668 0.002584 0.003854 0.005730 0.007854 0.011089 0.014971 0.019741 0.025035 0.030910 0.037640 0.043546 0.049581 0.055004 0.060177 0.063352 0.064768 0.064356 0.063401 0.059634 0.054759 0.049394 0.043269 0.036943 0.030910 0.024718 0.019735 0.015025 0.011470 0.008429 0.005924 0.004154 0.002921 0.001759 0.001217 0.000808 0.000456 0.000275 0.000162 0.000101 0.000061 0.000027 0.000015 0.000010 0.000001 0.000002 0.000001 0.000001 0.000000 0.000000 0.000000 0.000000 0.000000 0.000000 0.000000 0.000000 
t: 0.011320754717 start: 91 end: 157 0.000001 0.000004 0.000008 0.000014 0.000020 0.000052 0.000086 0.000167 0.000318 0.000525 0.000861 0.001405 0.002110 0.003221 0.004845 0.006874 0.009596 0.012739 0.017486 0.022252 0.027970 0.034250 0.040428 0.046394 0.052461 0.057420 0.061574 0.063525 0.064475 0.064409 0.061053 0.057146 0.051916 0.046308 0.040412 0.033990 0.028020 0.022262 0.017485 0.013458 0.009906 0.007367 0.005198 0.003477 0.002394 0.001543 0.001018 0.000640 0.000366 0.000221 0.000153 0.000082 0.000045 0.000023 0.000013 0.000009 0.000002 0.000001 0.000002 0.000000 0.000000 0.000000 0.000000 0.000000 0.000000 0.000000 0.000000 
t: 0.011111111111 start: 92 end: 158 0.000002 0.000002 0.000004 0.000009 0.000018 0.000039 0.000071 0.000156 0.000244 0.000433 0.000712 0.001144 0.001764 0.002663 0.004075 0.005871 0.008299 0.011400 0.015216 0.019815 0.025190 0.031233 0.037594 0.043064 0.049588 0.054715 0.059236 0.062230 0.064564 0.063993 0.062313 0.059260 0.054436 0.049236 0.043185 0.037146 0.030997 0.025163 0.019989 0.015544 0.011736 0.008681 0.006198 0.004351 0.002963 0.002046 0.001312 0.000830 0.000531 0.000304 0.000190 0.000110 0.000062 0.000031 0.000022 0.000009 0.000006 0.000003 0.000002 0.000000 0.000000 0.000000 0.000000 0.000000 0.000000 0.000000 0.000000 
t: 0.010909090909 start: 94 end: 160 0.000003 0.000003 0.000007 0.000013 0.000029 0.000065 0.000111 0.000185 0.000356 0.000581 0.000975 0.001512 0.002274 0.003427 0.005094 0.007141 0.009916 0.013505 0.017756 0.022668 0.028386 0.034337 0.040769 0.046302 0.052160 0.057105 0.060681 0.063173 0.064142 0.063013 0.060500 0.057039 0.051498 0.045832 0.040109 0.033941 0.027845 0.022501 0.017848 0.013792 0.010142 0.007403 0.005223 0.003624 0.002526 0.001694 0.001066 0.000704 0.000446 0.000251 0.000134 0.000082 0.000048 0.000034 0.000015 0.000007 0.000002 0.000003 0.000002 0.000000 0.000000 0.000000 0.000000 0.000000 0.000000 0.000000 0.000000 
t: 0.010714285714 start: 94 end: 162 0.000001 0.000001 0.000003 0.000008 0.000013 0.000021 0.000056 0.000091 0.000150 0.000306 0.000499 0.000775 0.001270 0.001943 0.002895 0.004461 0.006288 0.008722 0.012032 0.015814 0.020339 0.025719 0.031595 0.037794 0.043716 0.049279 0.055100 0.058797 0.061947 0.063952 0.063129 0.061479 0.058483 0.053714 0.048385 0.042972 0.036637 0.030807 0.025196 0.019856 0.015598 0.011831 0.008725 0.006469 0.004410 0.003010 0.002092 0.001334 0.000906 0.000576 0.000336 0.000196 0.000121 0.000063 0.000044 0.000020 0.000011 0.000004 0.000004 0.000004 0.000001 0.000000 0.000000 0.000000 0.000000 0.000000 0.000000 0.000000 0.000000 
t: 0.010526315789 start: 96 end: 162 0.000002 0.000004 0.000006 0.000010 0.000022 0.000033 0.000076 0.000130 0.000247 0.000410 0.000699 0.001054 0.001643 0.002486 0.003834 0.005394 0.007792 0.010635 0.014342 0.018176 0.023454 0.028654 0.035450 0.041028 0.046937 0.052451 0.057279 0.060628 0.062804 0.062889 0.062579 0.058947 0.056130 0.050781 0.045316 0.039411 0.033368 0.027596 0.022415 0.017676 0.013432 0.010099 0.007449 0.005437 0.003680 0.002548 0.001710 0.001099 0.000708 0.000407 0.000270 0.000151 0.000102 0.000050 0.000032 0.000017 0.000012 0.000006 0.000003 0.000000 0.000000 0.000000 0.000000 0.000000 0.000000 0.000000 0.000000 
t: 0.010344827586 start: 98 end: 165 0.000004 0.000005 0.000013 0.000017 0.000029 0.000058 0.000129 0.000194 0.000343 0.000558 0.000863 0.001432 0.002230 0.003301 0.004799 0.006851 0.009445 0.012669 0.016615 0.021145 0.026601 0.032589 0.038727 0.044164 0.050069 0.055442 0.059016 0.061864 0.062782 0.062712 0.060204 0.057353 0.052666 0.047823 0.041805 0.035972 0.030288 0.024470 0.019787 0.015253 0.011543 0.008781 0.006210 0.004317 0.003138 0.002099 0.001395 0.000834 0.000578 0.000332 0.000198 0.000120 0.000063 0.000047 0.000033 0.000013 0.000004 0.000006 0.000001 0.000001 0.000000 0.000000 0.000000 0.000000 0.000000 0.000000 0.000000 0.000000 
t: 0.010169491525 start: 98 end: 166 0.000001 0.000002 0.000003 0.000009 0.000010 0.000035 0.000048 0.000094 0.000179 0.000294 0.000461 0.000786 0.001263 0.001871 0.002907 0.004258 0.006060 0.008494 0.011302 0.015030 0.019291 0.024386 0.030358 0.036293 0.041825 0.048102 0.052686 0.057133 0.060761 0.062375 0.062745 0.061469 0.058340 0.054370 0.049513 0.044256 0.038227 0.032853 0.026856 0.021847 0.017189 0.012951 0.009953 0.007230 0.005179 0.003685 0.002468 0.001719 0.001083 0.000697 0.000421 0.000264 0.000162 0.000081 0.000054 0.000031 0.000023 0.000011 0.000004 0.000000 0.000001 0.000001 0.000000 0.000000 0.000000 0.000000 0.000000 0.000000 0.000000 
t: 0.010000000000 start: 99 end: 167 0.000001 0.000000 0.000003 0.000007 0.000007 0.000030 0.000040 0.000087 0.000165 0.000232 0.000430 0.000686 0.001028 0.001696 0.002480 0.003716 0.005400 0.007474 0.010538 0.013673 0.017746 0.022420 0.028220 0.033625 0.039564 0.045489 0.050635 0.055544 0.059528 0.061633 0.062425 0.061650 0.059262 0.056176 0.051461 0.046315 0.040394 0.035000 0.029199 0.023916 0.018994 0.014666 0.011165 0.008364 0.006070 0.004305 0.002965 0.002074 0.001266 0.000865 0.000537 0.000344 0.000202 0.000124 0.000068 0.000039 0.000029 0.000014 0.000011 0.000001 0.000001 0.000001 0.000000 0.000000 0.000000 0.000000 0.000000 0.000000 0.000000 
t: 0.008448275866 start: 112 end: 184 0.000002 0.000002 0.000004 0.000001 0.000011 0.000015 0.000030 0.000075 0.000132 0.000195 0.000297 0.000480 0.000861 0.001326 0.001924 0.002962 0.004060 0.005840 0.007920 0.010554 0.013725 0.017968 0.022114 0.026947 0.032434 0.037667 0.042789 0.048192 0.052925 0.056071 0.058561 0.059039 0.059095 0.057731 0.055311 0.051314 0.047033 0.041898 0.036563 0.031451 0.026170 0.021595 0.016896 0.013393 0.010336 0.007742 0.005740 0.004049 0.002873 0.001981 0.001327 0.000898 0.000561 0.000375 0.000228 0.000138 0.000068 0.000050 0.000030 0.000014 0.000011 0.000001 0.000003 0.000000 0.000001 0.000000 0.000001 0.000000 0.000000 0.000000 0.000000 0.000000 0.000000 
t: 0.007313432839 start: 122 end: 196 0.000001 0.000001 0.000001 0.000001 0.000004 0.000005 0.000016 0.000027 0.000045 0.000048 0.000088 0.000200 0.000339 0.000546 0.000796 0.001297 0.001830 0.002735 0.003886 0.005318 0.007203 0.009683 0.012296 0.015853 0.019984 0.024777 0.029161 0.034286 0.039310 0.044317 0.048852 0.052286 0.055807 0.057060 0.057817 0.056971 0.055033 0.052651 0.048601 0.044506 0.039628 0.034925 0.029641 0.025162 0.020809 0.016539 0.012969 0.010055 0.007757 0.005647 0.004145 0.002990 0.002088 0.001425 0.000981 0.000569 0.000411 0.000254 0.000145 0.000094 0.000045 0.000033 0.000025 0.000010 0.000005 0.000007 0.000003 0.000000 0.000000 0.000000 0.000000 0.000000 0.000000 0.000000 0.000000 
t: 0.006447368423 start: 132 end: 206 0.000001 0.000000 0.000000 0.000001 0.000004 0.000003 0.000006 0.000023 0.000032 0.000040 0.000084 0.000132 0.000241 0.000363 0.000568 0.000882 0.001341 0.001953 0.002768 0.003962 0.005272 0.007217 0.009656 0.012302 0.015716 0.019339 0.023731 0.028221 0.032994 0.037608 0.042833 0.047184 0.050430 0.053651 0.055539 0.056022 0.056059 0.054450 0.052252 0.049077 0.044744 0.040820 0.035858 0.031468 0.026650 0.021968 0.018024 0.014847 0.011564 0.008903 0.006636 0.004893 0.003686 0.002575 0.001808 0.001256 0.000861 0.000551 0.000367 0.000238 0.000116 0.000094 0.000044 0.000029 0.000017 0.000010 0.000010 0.000004 0.000000 0.000002 0.000000 0.000000 0.000000 0.000000 0.000000 
t: 0.005764705884 start: 144 end: 219 0.000002 0.000002 0.000009 0.000010 0.000016 0.000015 0.000029 0.000076 0.000094 0.000151 0.000262 0.000456 0.000678 0.000966 0.001430 0.002070 0.002954 0.004051 0.005532 0.007440 0.009761 0.012579 0.015877 0.019585 0.023656 0.027776 0.032482 0.037260 0.041678 0.046083 0.049543 0.052277 0.054233 0.054998 0.054753 0.053927 0.051637 0.048885 0.045339 0.041065 0.036348 0.031626 0.027161 0.023006 0.018827 0.015456 0.012211 0.009592 0.007203 0.005510 0.004095 0.003022 0.002062 0.001392 0.001041 0.000652 0.000416 0.000309 0.000155 0.000117 0.000060 0.000041 0.000034 0.000014 0.000004 0.000004 0.000003 0.000002 0.000000 0.000000 0.000000 0.000000 0.000000 0.000000 0.000000 0.000000 
t: 0.005212765959 start: 150 end: 229 0.000002 0.000001 0.000002 0.000001 0.000002 0.000004 0.000008 0.000014 0.000033 0.000035 0.000061 0.000111 0.000194 0.000320 0.000468 0.000686 0.000992 0.001455 0.002224 0.003031 0.004279 0.005778 0.007647 0.009869 0.012589 0.015735 0.019528 0.023281 0.027647 0.032090 0.036666 0.040973 0.045079 0.048668 0.051189 0.053331 0.054253 0.054283 0.053358 0.051484 0.048922 0.044822 0.041043 0.036696 0.032389 0.027903 0.023492 0.019626 0.016125 0.013105 0.010020 0.007704 0.005869 0.004407 0.003215 0.002305 0.001648 0.001134 0.000802 0.000497 0.000332 0.000215 0.000151 0.000077 0.000057 0.000038 0.000022 0.000006 0.000003 0.000001 0.000001 0.000002 0.000000 0.000000 0.000000 0.000000 0.000000 0.000000 0.000000 0.000000 
t: 0.004757281555 start: 160 end: 237 0.000001 0.000001 0.000006 0.000005 0.000008 0.000019 0.000028 0.000038 0.000074 0.000125 0.000181 0.000284 0.000468 0.000682 0.001000 0.001576 0.002087 0.003003 0.004163 0.005458 0.007275 0.009487 0.012183 0.015195 0.018584 0.022669 0.026778 0.030865 0.035634 0.039637 0.043997 0.047111 0.049998 0.052642 0.053795 0.053807 0.053222 0.051358 0.048680 0.045772 0.041824 0.037982 0.033371 0.029285 0.024882 0.020978 0.017086 0.013692 0.010803 0.008619 0.006601 0.004903 0.003623 0.002623 0.001935 0.001290 0.000882 0.000593 0.000446 0.000293 0.000156 0.000088 0.000067 0.000031 0.000021 0.000014 0.000011 0.000003 0.000001 0.000000 0.000000 0.000001 0.000000 0.000000 0.000000 0.000000 0.000000 0.000000 
t: 0.004375000001 start: 166 end: 244 0.000001 0.000001 0.000001 0.000002 0.000007 0.000010 0.000008 0.000022 0.000034 0.000060 0.000112 0.000153 0.000244 0.000426 0.000610 0.000909 0.001273 0.001830 0.002625 0.003688 0.004882 0.006614 0.008478 0.010954 0.013717 0.016898 0.020700 0.025200 0.028947 0.033020 0.037535 0.041580 0.045010 0.048582 0.051048 0.052787 0.053233 0.053026 0.052327 0.049708 0.047476 0.043805 0.039760 0.035836 0.031342 0.027279 0.022790 0.019037 0.015466 0.012511 0.009985 0.007548 0.005923 0.004389 0.003222 0.002276 0.001714 0.001169 0.000773 0.000548 0.000338 0.000202 0.000137 0.000096 0.000037 0.000036 0.000020 0.000014 0.000007 0.000001 0.000001 0.000000 0.000000 0.000000 0.000000 0.000000 0.000000 0.000000 0.000000 
t: 0.004049586778 start: 174 end: 250 0.000001 0.000002 0.000003 0.000004 0.000007 0.000019 0.000028 0.000052 0.000063 0.000121 0.000173 0.000301 0.000452 0.000655 0.000967 0.001401 0.002057 0.002836 0.003861 0.005243 0.006886 0.008933 0.011593 0.014418 0.017631 0.021307 0.025331 0.029548 0.033559 0.037845 0.042022 0.045884 0.048536 0.050834 0.052820 0.053193 0.052452 0.051774 0.049629 0.046604 0.043113 0.039338 0.034717 0.030667 0.026595 0.022328 0.018863 0.015457 0.012215 0.009663 0.007422 0.005777 0.004425 0.003262 0.002295 0.001564 0.001124 0.000761 0.000507 0.000319 0.000193 0.000138 0.000090 0.000051 0.000032 0.000022 0.000011 0.000004 0.000002 0.000000 0.000000 0.000000 0.000000 0.000000 0.000000 0.000000 0.000000 
t: 0.003769230770 start: 179 end: 256 0.000001 0.000000 0.000002 0.000005 0.000008 0.000006 0.000009 0.000019 0.000053 0.000076 0.000126 0.000172 0.000246 0.000394 0.000632 0.000865 0.001213 0.001918 0.002620 0.003631 0.004852 0.006405 0.008495 0.010716 0.013650 0.016771 0.020406 0.024235 0.028152 0.032387 0.036649 0.040893 0.044878 0.047484 0.049918 0.051831 0.053032 0.052675 0.051721 0.049894 0.047563 0.043883 0.040493 0.036392 0.032167 0.027595 0.023764 0.020007 0.016368 0.013241 0.010451 0.008257 0.006382 0.004710 0.003474 0.002669 0.001787 0.001267 0.000865 0.000576 0.000363 0.000278 0.000152 0.000111 0.000060 0.000040 0.000020 0.000012 0.000008 0.000004 0.000000 0.000000 0.000000 0.000001 0.000000 0.000000 0.000000 0.000000 
t: 0.003525179857 start: 185 end: 265 0.000001 0.000001 0.000002 0.000004 0.000003 0.000014 0.000023 0.000024 0.000045 0.000064 0.000128 0.000188 0.000314 0.000468 0.000679 0.000995 0.001492 0.001993 0.002849 0.003908 0.005189 0.006825 0.008792 0.011455 0.014206 0.017616 0.021027 0.025102 0.029075 0.033005 0.037368 0.041574 0.044962 0.048020 0.050696 0.052096 0.052872 0.052324 0.051891 0.049609 0.046391 0.042998 0.039612 0.035683 0.031160 0.026986 0.023190 0.019422 0.015646 0.012771 0.009916 0.007901 0.006029 0.004486 0.003308 0.002395 0.001695 0.001202 0.000801 0.000538 0.000365 0.000222 0.000149 0.000091 0.000061 0.000041 0.000022 0.000009 0.000005 0.000002 0.000000 0.000002 0.000000 0.000001 0.000001 0.000000 0.000000 0.000000 0.000000 0.000000 0.000000 
t: 0.003310810811 start: 189 end: 269 0.000001 0.000000 0.000001 0.000001 0.000003 0.000004 0.000010 0.000011 0.000027 0.000023 0.000076 0.000114 0.000162 0.000263 0.000401 0.000594 0.000933 0.001278 0.001846 0.002478 0.003397 0.004754 0.006320 0.008173 0.010530 0.013315 0.016163 0.019582 0.023765 0.027690 0.031304 0.035878 0.039886 0.043519 0.046874 0.050085 0.051670 0.052881 0.052818 0.051935 0.050064 0.047902 0.044576 0.041102 0.036748 0.032658 0.028640 0.024511 0.020470 0.017072 0.013780 0.010970 0.008589 0.006769 0.005094 0.003685 0.002693 0.001887 0.001365 0.000881 0.000611 0.000427 0.000284 0.000174 0.000113 0.000067 0.000049 0.000032 0.000009 0.000002 0.000006 0.000003 0.000001 0.000000 0.000001 0.000000 0.000000 0.000000 0.000000 0.000000 0.000000 
t: 0.003121019109 start: 196 end: 273 0.000001 0.000000 0.000006 0.000006 0.000009 0.000013 0.000025 0.000050 0.000057 0.000102 0.000184 0.000256 0.000422 0.000671 0.000890 0.001295 0.001820 0.002603 0.003528 0.004766 0.006379 0.008324 0.010520 0.013105 0.016602 0.019684 0.023410 0.027735 0.031706 0.036053 0.040172 0.043883 0.046939 0.049952 0.051599 0.052491 0.052906 0.052111 0.050187 0.048178 0.044516 0.040858 0.036684 0.032628 0.028510 0.024067 0.020427 0.016950 0.013665 0.010832 0.008628 0.006491 0.005019 0.003634 0.002597 0.001944 0.001342 0.000876 0.000590 0.000411 0.000265 0.000173 0.000109 0.000066 0.000025 0.000024 0.000015 0.000007 0.000005 0.000000 0.000001 0.000001 0.000000 0.000000 0.000000 0.000000 0.000000 0.000000 
t: 0.002951807229 start: 202 end: 279 0.000002 0.000006 0.000006 0.000015 0.000018 0.000036 0.000033 0.000087 0.000118 0.000202 0.000367 0.000503 0.000704 0.000994 0.001514 0.002101 0.002985 0.003993 0.005450 0.007035 0.008991 0.011628 0.014345 0.017749 0.021086 0.024912 0.029350 0.033377 0.037557 0.041554 0.045020 0.047961 0.050391 0.052540 0.053000 0.052914 0.051525 0.049522 0.046679 0.042960 0.039586 0.035230 0.031280 0.026788 0.022706 0.018856 0.015421 0.012763 0.009857 0.007659 0.005816 0.004257 0.003142 0.002443 0.001614 0.001169 0.000741 0.000529 0.000360 0.000208 0.000151 0.000092 0.000035 0.000027 0.000021 0.000008 0.000005 0.000003 0.000001 0.000002 0.000000 0.000000 0.000000 0.000000 0.000000 0.000000 0.000000 0.000000 
t: 0.002800000000 start: 205 end: 285 0.000001 0.000004 0.000004 0.000002 0.000006 0.000020 0.000030 0.000043 0.000077 0.000121 0.000176 0.000235 0.000434 0.000619 0.000960 0.001374 0.001955 0.002644 0.003666 0.004916 0.006598 0.008323 0.010695 0.013345 0.016695 0.019879 0.023672 0.027976 0.031863 0.036644 0.040598 0.044050 0.047462 0.049774 0.051884 0.052748 0.053240 0.052048 0.050216 0.047634 0.044542 0.040821 0.036638 0.032168 0.028255 0.023954 0.019908 0.016688 0.013339 0.010429 0.008079 0.006291 0.004792 0.003492 0.002498 0.001719 0.001356 0.000884 0.000569 0.000346 0.000227 0.000140 0.000098 0.000057 0.000029 0.000023 0.000012 0.000005 0.000005 0.000002 0.000000 0.000001 0.000001 0.000001 0.000000 0.000000 0.000000 0.000000 0.000000 0.000000 0.000000 
t: 0.002663043479 start: 208 end: 290 0.000001 0.000002 0.000003 0.000001 0.000004 0.000011 0.000010 0.000030 0.000043 0.000061 0.000116 0.000165 0.000261 0.000389 0.000605 0.000924 0.001394 0.001932 0.002676 0.003512 0.004807 0.006370 0.008505 0.010596 0.013312 0.016526 0.019959 0.023747 0.027348 0.031980 0.036529 0.040511 0.044395 0.047276 0.049906 0.052015 0.052739 0.053041 0.052494 0.050014 0.048026 0.044642 0.041365 0.036389 0.032379 0.028209 0.023934 0.019906 0.016285 0.013353 0.010618 0.008226 0.006447 0.004720 0.003439 0.002452 0.001793 0.001273 0.000828 0.000574 0.000355 0.000209 0.000148 0.000084 0.000054 0.000036 0.000016 0.000012 0.000005 0.000004 0.000005 0.000001 0.000001 0.000001 0.000000 0.000001 0.000000 0.000000 0.000000 0.000000 0.000000 0.000000 0.000000 
t: 0.002538860104 start: 210 end: 289 0.000001 0.000000 0.000000 0.000000 0.000001 0.000005 0.000005 0.000012 0.000020 0.000030 0.000037 0.000067 0.000113 0.000184 0.000271 0.000478 0.000670 0.000986 0.001419 0.002150 0.002834 0.003815 0.005068 0.006814 0.008891 0.011124 0.013907 0.017187 0.020892 0.024534 0.028695 0.033155 0.037272 0.041479 0.045178 0.047933 0.050468 0.052334 0.052943 0.053234 0.052148 0.050184 0.047599 0.043914 0.040081 0.035567 0.031526 0.027000 0.022704 0.019023 0.015534 0.012629 0.009962 0.007637 0.005817 0.004263 0.003200 0.002317 0.001554 0.001074 0.000763 0.000483 0.000301 0.000205 0.000120 0.000071 0.000051 0.000026 0.000018 0.000007 0.000006 0.000004 0.000004 0.000000 0.000001 0.000001 0.000000 0.000000 0.000000 0.000000 
t: 0.002425742574 start: 215 end: 294 0.000001 0.000000 0.000000 0.000004 0.000006 0.000004 0.000015 0.000019 0.000030 0.000049 0.000078 0.000154 0.000250 0.000352 0.000526 0.000820 0.001175 0.001727 0.002317 0.003234 0.004352 0.005883 0.007486 0.009699 0.012470 0.015253 0.018835 0.022605 0.026670 0.030898 0.034996 0.039216 0.042875 0.046617 0.049872 0.051649 0.052640 0.053570 0.052944 0.051845 0.049199 0.045571 0.042353 0.037821 0.033599 0.029364 0.025341 0.020935 0.017182 0.014030 0.011227 0.008651 0.006735 0.004888 0.003684 0.002677 0.001889 0.001298 0.000859 0.000547 0.000383 0.000221 0.000165 0.000094 0.000063 0.000031 0.000024 0.000016 0.000008 0.000003 0.000001 0.000002 0.000002 0.000001 0.000000 0.000000 0.000000 0.000000 0.000000 0.000000 
t: 0.002322274882 start: 219 end: 297 0.000001 0.000000 0.000004 0.000001 0.000007 0.000011 0.000014 0.000028 0.000042 0.000069 0.000115 0.000216 0.000309 0.000452 0.000712 0.001004 0.001489 0.002135 0.002848 0.003920 0.005356 0.006848 0.008952 0.011511 0.014238 0.017469 0.021203 0.025345 0.029541 0.033591 0.038032 0.042248 0.045868 0.048537 0.051386 0.053003 0.053667 0.053509 0.052005 0.049994 0.047337 0.043224 0.039425 0.035062 0.030699 0.026554 0.021817 0.018471 0.014918 0.011808 0.009551 0.007175 0.005352 0.003978 0.002925 0.002009 0.001351 0.000936 0.000622 0.000430 0.000242 0.000164 0.000113 0.000067 0.000042 0.000016 0.000013 0.000011 0.000003 0.000000 0.000001 0.000003 0.000001 0.000000 0.000000 0.000000 0.000000 0.000000 0.000000 
t: 0.002227272727 start: 219 end: 299 0.000001 0.000000 0.000000 0.000000 0.000001 0.000001 0.000001 0.000002 0.000008 0.000030 0.000025 0.000036 0.000059 0.000129 0.000180 0.000278 0.000418 0.000651 0.001029 0.001380 0.001898 0.002766 0.003705 0.005088 0.006659 0.008503 0.010985 0.013867 0.017092 0.020559 0.024850 0.028820 0.033353 0.037805 0.041665 0.045257 0.048556 0.051206 0.052908 0.054031 0.053722 0.052602 0.050487 0.047703 0.043462 0.040275 0.035863 0.031045 0.026776 0.022615 0.018649 0.015368 0.012194 0.009321 0.007367 0.005598 0.004103 0.002899 0.002022 0.001449 0.000933 0.000603 0.000439 0.000266 0.000166 0.000117 0.000064 0.000044 0.000022 0.000013 0.000004 0.000003 0.000001 0.000001 0.000001 0.000000 0.000001 0.000000 0.000000 0.000000 0.000000 
t: 0.002139737991 start: 226 end: 303 0.000001 0.000002 0.000003 0.000003 0.000011 0.000017 0.000031 0.000032 0.000068 0.000119 0.000154 0.000288 0.000451 0.000658 0.000913 0.001393 0.002032 0.002734 0.003813 0.005046 0.006561 0.008622 0.011033 0.013992 0.017160 0.020705 0.024548 0.029089 0.033761 0.038238 0.042138 0.045594 0.048804 0.051915 0.053172 0.053876 0.053491 0.052711 0.050314 0.047924 0.043766 0.039960 0.035505 0.030934 0.026324 0.022344 0.018555 0.015020 0.011890 0.009271 0.007078 0.005347 0.004063 0.002760 0.001965 0.001281 0.000859 0.000595 0.000416 0.000245 0.000162 0.000097 0.000076 0.000032 0.000020 0.000008 0.000005 0.000002 0.000002 0.000001 0.000000 0.000000 0.000000 0.000000 0.000000 0.000000 0.000000 0.000000 
t: 0.002058823530 start: 229 end: 305 0.000003 0.000001 0.000002 0.000007 0.000014 0.000012 0.000025 0.000059 0.000064 0.000114 0.000176 0.000295 0.000471 0.000678 0.001027 0.001484 0.002085 0.002953 0.003847 0.005298 0.006895 0.009007 0.011491 0.014367 0.017818 0.021736 0.025844 0.030135 0.034189 0.038889 0.043008 0.047149 0.049642 0.051973 0.053965 0.054125 0.053856 0.052151 0.050198 0.047111 0.043375 0.038881 0.034569 0.029515 0.025768 0.021451 0.017484 0.014305 0.011240 0.008582 0.006620 0.004912 0.003524 0.002493 0.001804 0.001158 0.000757 0.000521 0.000336 0.000220 0.000136 0.000081 0.000046 0.000032 0.000009 0.000010 0.000004 0.000002 0.000001 0.000000 0.000000 0.000000 0.000000 0.000000 0.000000 0.000000 0.000000 
t: 0.001983805668 start: 231 end: 307 0.000001 0.000003 0.000002 0.000004 0.000003 0.000018 0.000018 0.000032 0.000056 0.000085 0.000129 0.000220 0.000324 0.000517 0.000747 0.001168 0.001664 0.002325 0.003220 0.004197 0.005748 0.007489 0.009714 0.012548 0.015784 0.019058 0.022784 0.027318 0.031836 0.036371 0.040539 0.044397 0.047539 0.050980 0.053705 0.054119 0.054322 0.053488 0.052060 0.049293 0.045695 0.041726 0.037287 0.032851 0.028497 0.023939 0.019709 0.016298 0.012912 0.010083 0.007730 0.005782 0.004321 0.003004 0.002112 0.001459 0.000999 0.000672 0.000450 0.000227 0.000166 0.000108 0.000066 0.000040 0.000021 0.000010 0.000006 0.000002 0.000003 0.000000 0.000000 0.000000 0.000000 0.000000 0.000000 0.000000 0.000000 
t: 0.001914062500 start: 232 end: 309 0.000001 0.000000 0.000001 0.000001 0.000004 0.000006 0.000009 0.000015 0.000016 0.000037 0.000056 0.000114 0.000167 0.000243 0.000391 0.000620 0.000963 0.001342 0.001880 0.002726 0.003519 0.004961 0.006531 0.008471 0.011050 0.013868 0.017181 0.020986 0.024924 0.029302 0.033982 0.038444 0.042642 0.046582 0.049789 0.052203 0.053954 0.054854 0.054494 0.053138 0.050861 0.047509 0.044172 0.039664 0.035431 0.030491 0.025898 0.021950 0.017789 0.014269 0.011241 0.008832 0.006580 0.004871 0.003499 0.002434 0.001765 0.001188 0.000744 0.000540 0.000311 0.000193 0.000128 0.000077 0.000041 0.000029 0.000010 0.000004 0.000007 0.000004 0.000001 0.000000 0.000000 0.000000 0.000000 0.000000 0.000000 0.000000 
t: 0.001849056604 start: 233 end: 310 0.000001 0.000000 0.000000 0.000002 0.000000 0.000002 0.000003 0.000007 0.000011 0.000019 0.000030 0.000051 0.000083 0.000118 0.000223 0.000353 0.000533 0.000765 0.001133 0.001619 0.002365 0.003071 0.004291 0.005759 0.007735 0.009945 0.012761 0.015788 0.019391 0.023330 0.027681 0.031979 0.036825 0.041439 0.045182 0.049111 0.051215 0.053606 0.055091 0.055113 0.054216 0.052123 0.049125 0.045603 0.041336 0.036766 0.032364 0.027618 0.023080 0.019084 0.015662 0.011960 0.009737 0.007121 0.005393 0.003860 0.002766 0.001924 0.001287 0.000858 0.000578 0.000368 0.000223 0.000126 0.000084 0.000045 0.000021 0.000019 0.000011 0.000005 0.000003 0.000001 0.000002 0.000000 0.000000 0.000000 0.000000 0.000000 
t: 0.001788321168 start: 236 end: 312 0.000001 0.000000 0.000000 0.000001 0.000004 0.000002 0.000006 0.000009 0.000015 0.000026 0.000049 0.000054 0.000129 0.000173 0.000277 0.000507 0.000614 0.000997 0.001529 0.002034 0.002759 0.003928 0.005334 0.007167 0.009107 0.011964 0.015000 0.018308 0.022061 0.026382 0.030933 0.035755 0.040283 0.044482 0.048047 0.051267 0.053586 0.054833 0.055359 0.055169 0.052738 0.050239 0.046614 0.042602 0.037978 0.033417 0.028655 0.024068 0.020152 0.016138 0.012941 0.009934 0.007632 0.005803 0.004160 0.002957 0.001994 0.001366 0.000907 0.000613 0.000377 0.000239 0.000139 0.000074 0.000043 0.000031 0.000020 0.000009 0.000003 0.000003 0.000003 0.000000 0.000000 0.000000 0.000000 0.000000 0.000000 
t: 0.001731448763 start: 238 end: 315 0.000001 0.000000 0.000001 0.000001 0.000001 0.000004 0.000008 0.000003 0.000013 0.000020 0.000039 0.000057 0.000114 0.000182 0.000266 0.000383 0.000580 0.000937 0.001325 0.001933 0.002602 0.003735 0.004986 0.006763 0.008773 0.011270 0.014403 0.017792 0.021356 0.025809 0.030200 0.035019 0.039340 0.043965 0.048013 0.051325 0.053626 0.054883 0.055614 0.055713 0.053233 0.050642 0.047394 0.043179 0.039014 0.034148 0.029480 0.024733 0.020303 0.016565 0.013302 0.010251 0.007721 0.005840 0.004241 0.003013 0.001975 0.001408 0.000920 0.000596 0.000430 0.000222 0.000134 0.000086 0.000054 0.000026 0.000017 0.000007 0.000008 0.000002 0.000001 0.000000 0.000000 0.000000 0.000000 0.000000 0.000000 0.000000 
t: 0.001678082192 start: 242 end: 316 0.000002 0.000000 0.000002 0.000002 0.000004 0.000004 0.000017 0.000012 0.000042 0.000055 0.000104 0.000169 0.000234 0.000390 0.000523 0.000850 0.001250 0.001856 0.002550 0.003605 0.004930 0.006544 0.008536 0.011092 0.013943 0.017566 0.021274 0.025554 0.029982 0.034594 0.039427 0.043972 0.048001 0.051158 0.054062 0.055260 0.055956 0.055302 0.054105 0.051166 0.047738 0.043609 0.039141 0.034113 0.029329 0.024917 0.020585 0.016589 0.013254 0.010166 0.007705 0.005837 0.004197 0.002936 0.001980 0.001354 0.000950 0.000571 0.000383 0.000219 0.000143 0.000082 0.000048 0.000030 0.000015 0.000007 0.000004 0.000003 0.000000 0.000000 0.000000 0.000000 0.000000 0.000000 0.000000 
t: 0.001627906977 start: 244 end: 318 0.000002 0.000000 0.000002 0.000002 0.000003 0.000010 0.000010 0.000022 0.000028 0.000060 0.000105 0.000156 0.000248 0.000370 0.000493 0.000838 0.001269 0.001805 0.002578 0.003497 0.005030 0.006515 0.008582 0.011154 0.014023 0.017446 0.021274 0.025984 0.030348 0.034936 0.039673 0.044022 0.047947 0.051865 0.054408 0.055827 0.056270 0.055803 0.054084 0.051206 0.047583 0.043332 0.039076 0.033760 0.029056 0.024402 0.020518 0.016366 0.012705 0.009942 0.007539 0.005533 0.004039 0.002783 0.001962 0.001332 0.000819 0.000507 0.000356 0.000219 0.000116 0.000067 0.000040 0.000025 0.000015 0.000006 0.000004 0.000000 0.000003 0.000000 0.000000 0.000000 0.000000 0.000000 0.000000 
t: 0.001580645161 start: 247 end: 322 0.000001 0.000002 0.000002 0.000002 0.000007 0.000012 0.000015 0.000035 0.000057 0.000109 0.000162 0.000239 0.000371 0.000607 0.000814 0.001296 0.001864 0.002570 0.003771 0.005003 0.006504 0.008898 0.011447 0.014336 0.017961 0.021770 0.026224 0.031074 0.035811 0.040102 0.044628 0.048940 0.052513 0.054434 0.056592 0.056882 0.055883 0.054066 0.051165 0.046891 0.042884 0.038152 0.033290 0.028430 0.023944 0.019493 0.015573 0.012268 0.009453 0.007095 0.005138 0.003734 0.002544 0.001814 0.001181 0.000716 0.000515 0.000297 0.000174 0.000107 0.000059 0.000036 0.000020 0.000012 0.000004 0.000003 0.000003 0.000001 0.000000 0.000000 0.000000 0.000000 0.000000 0.000000 0.000000 0.000000 
t: 0.001536050157 start: 249 end: 324 0.000003 0.000001 0.000001 0.000003 0.000004 0.000013 0.000017 0.000037 0.000048 0.000126 0.000166 0.000238 0.000383 0.000598 0.000941 0.001324 0.001982 0.002735 0.003806 0.005238 0.007062 0.009184 0.011982 0.014889 0.018594 0.022656 0.027154 0.032096 0.036851 0.041442 0.045734 0.049902 0.053194 0.055646 0.056994 0.056926 0.055714 0.053878 0.050050 0.046429 0.042002 0.037283 0.032425 0.027440 0.022601 0.018331 0.014546 0.011612 0.008764 0.006406 0.004713 0.003273 0.002375 0.001532 0.001020 0.000661 0.000399 0.000236 0.000146 0.000086 0.000047 0.000021 0.000021 0.000012 0.000001 0.000003 0.000002 0.000001 0.000000 0.000000 0.000000 0.000000 0.000000 0.000000 0.000000 0.000000 
t: 0.001493902439 start: 252 end: 324 0.000003 0.000002 0.000006 0.000003 0.000008 0.000029 0.000044 0.000060 0.000109 0.000178 0.000286 0.000426 0.000670 0.000976 0.001484 0.002100 0.002847 0.004138 0.005651 0.007572 0.009919 0.012580 0.015957 0.019750 0.024102 0.028335 0.033361 0.038220 0.043078 0.047101 0.051207 0.054271 0.056356 0.057400 0.056895 0.055553 0.052718 0.049850 0.045245 0.040761 0.035728 0.030965 0.025855 0.021203 0.016874 0.013514 0.010541 0.007812 0.005779 0.004148 0.002909 0.001924 0.001286 0.000927 0.000515 0.000305 0.000193 0.000116 0.000071 0.000044 0.000016 0.000008 0.000008 0.000006 0.000002 0.000000 0.000000 0.000000 0.000000 0.000000 0.000000 0.000000 0.000000 
t: 0.001454005935 start: 252 end: 326 0.000001 0.000002 0.000001 0.000002 0.000003 0.000007 0.000013 0.000022 0.000048 0.000087 0.000107 0.000211 0.000313 0.000452 0.000777 0.001110 0.001615 0.002341 0.003331 0.004543 0.006232 0.008343 0.010592 0.013758 0.017064 0.021236 0.025514 0.030154 0.035165 0.040272 0.044696 0.048879 0.052496 0.055309 0.057229 0.057810 0.056655 0.054961 0.052316 0.048121 0.043815 0.038880 0.034000 0.029117 0.023787 0.019353 0.015546 0.012233 0.009305 0.006840 0.005013 0.003516 0.002429 0.001597 0.001063 0.000719 0.000414 0.000252 0.000132 0.000087 0.000064 0.000022 0.000015 0.000005 0.000004 0.000002 0.000002 0.000000 0.000000 0.000000 0.000000 0.000000 0.000000 0.000000 0.000000 
t: 0.001416184971 start: 253 end: 327 0.000001 0.000001 0.000001 0.000001 0.000003 0.000004 0.000008 0.000014 0.000034 0.000053 0.000095 0.000144 0.000233 0.000384 0.000559 0.000845 0.001349 0.001780 0.002675 0.003730 0.005155 0.006916 0.009243 0.011884 0.014866 0.018752 0.022906 0.027527 0.032489 0.037390 0.042297 0.047048 0.050303 0.054516 0.056282 0.057779 0.057749 0.056452 0.054546 0.050410 0.046359 0.042124 0.036921 0.031419 0.026547 0.021820 0.017510 0.013776 0.010770 0.007952 0.005886 0.004149 0.002944 0.001964 0.001314 0.000830 0.000530 0.000334 0.000185 0.000102 0.000073 0.000034 0.000016 0.000008 0.000002 0.000005 0.000002 0.000000 0.000000 0.000000 0.000000 0.000000 0.000000 0.000000 0.000000 
t: 0.001380281690 start: 256 end: 329 0.000002 0.000001 0.000002 0.000003 0.000006 0.000012 0.000022 0.000037 0.000061 0.000105 0.000179 0.000310 0.000414 0.000706 0.001062 0.001423 0.002131 0.003176 0.004352 0.005782 0.007905 0.010297 0.013294 0.016636 0.020621 0.024991 0.029989 0.035186 0.039894 0.044396 0.048957 0.053007 0.055932 0.057597 0.058205 0.057670 0.055544 0.052798 0.049017 0.044468 0.039368 0.034075 0.029046 0.023879 0.019407 0.015563 0.012023 0.009073 0.006733 0.004841 0.003326 0.002340 0.001572 0.000992 0.000698 0.000351 0.000220 0.000129 0.000083 0.000051 0.000017 0.000013 0.000003 0.000004 0.000002 0.000000 0.000001 0.000000 0.000000 0.000000 0.000000 0.000000 0.000000 0.000000 
t: 0.001346153846 start: 258 end: 330 0.000001 0.000002 0.000003 0.000005 0.000004 0.000019 0.000029 0.000050 0.000085 0.000128 0.000206 0.000365 0.000564 0.000823 0.001216 0.001768 0.002654 0.003649 0.005100 0.006882 0.008955 0.011796 0.014987 0.018693 0.022943 0.027582 0.032782 0.038045 0.042543 0.047176 0.051826 0.055091 0.057125 0.058582 0.058183 0.056679 0.054505 0.050880 0.046635 0.041873 0.036510 0.031226 0.025794 0.021330 0.016983 0.013268 0.010088 0.007606 0.005536 0.003845 0.002623 0.001730 0.001194 0.000708 0.000496 0.000264 0.000158 0.000092 0.000060 0.000030 0.000011 0.000007 0.000003 0.000002 0.000002 0.000000 0.000000 0.000000 0.000000 0.000000 0.000000 0.000000 0.000000 
t: 0.001313672922 start: 260 end: 330 0.000002 0.000003 0.000005 0.000003 0.000013 0.000023 0.000036 0.000066 0.000121 0.000161 0.000260 0.000463 0.000698 0.000989 0.001484 0.002236 0.003086 0.004438 0.005972 0.008135 0.010665 0.013476 0.017199 0.021060 0.025890 0.030569 0.035630 0.040989 0.045634 0.050160 0.054129 0.056964 0.058597 0.058932 0.057722 0.055691 0.052581 0.048633 0.043582 0.038677 0.033100 0.027876 0.022880 0.018419 0.014620 0.011111 0.008255 0.006132 0.004394 0.002893 0.001969 0.001316 0.000806 0.000509 0.000307 0.000190 0.000118 0.000070 0.000033 0.000013 0.000006 0.000007 0.000000 0.000002 0.000000 0.000000 0.000000 0.000000 0.000000 0.000000 0.000000 
t: 0.001282722513 start: 262 end: 332 0.000002 0.000004 0.000006 0.000012 0.000016 0.000030 0.000049 0.000084 0.000159 0.000221 0.000359 0.000553 0.000883 0.001309 0.001871 0.002681 0.003937 0.005237 0.007224 0.009513 0.012533 0.015948 0.019542 0.023964 0.028685 0.034379 0.039309 0.044477 0.049082 0.053025 0.056321 0.058200 0.059173 0.058734 0.056498 0.054345 0.049819 0.045707 0.040263 0.034935 0.029582 0.024468 0.019770 0.015615 0.011901 0.009066 0.006594 0.004754 0.003203 0.002175 0.001447 0.000925 0.000611 0.000330 0.000211 0.000103 0.000083 0.000034 0.000022 0.000008 0.000006 0.000002 0.000000 0.000001 0.000000 0.000000 0.000000 0.000000 0.000000 0.000000 0.000000 
t: 0.001253196931 start: 263 end: 333 0.000002 0.000002 0.000007 0.000004 0.000015 0.000024 0.000039 0.000070 0.000123 0.000194 0.000320 0.000481 0.000720 0.001071 0.001671 0.002410 0.003459 0.004802 0.006482 0.008788 0.011433 0.014772 0.018377 0.022671 0.027460 0.032490 0.037878 0.043219 0.048109 0.052234 0.055602 0.058054 0.059884 0.058737 0.057773 0.054992 0.051537 0.046910 0.042152 0.036358 0.030927 0.025963 0.020893 0.016371 0.012774 0.009645 0.007206 0.005053 0.003376 0.002387 0.001560 0.001030 0.000595 0.000370 0.000222 0.000152 0.000078 0.000034 0.000013 0.000018 0.000005 0.000001 0.000000 0.000000 0.000000 0.000000 0.000001 0.000000 0.000000 0.000000 0.000000 
t: 0.001225000000 start: 263 end: 335 0.000001 0.000001 0.000002 0.000003 0.000007 0.000009 0.000014 0.000035 0.000061 0.000089 0.000183 0.000266 0.000418 0.000616 0.000957 0.001469 0.002191 0.003080 0.004261 0.006082 0.008100 0.010665 0.013732 0.017468 0.021536 0.026208 0.031382 0.036692 0.041750 0.046994 0.052110 0.054952 0.058177 0.059353 0.060000 0.058094 0.055616 0.052659 0.048333 0.043281 0.037796 0.032358 0.026964 0.021802 0.017189 0.013519 0.010049 0.007621 0.005312 0.003728 0.002459 0.001737 0.001031 0.000650 0.000378 0.000247 0.000157 0.000073 0.000038 0.000022 0.000014 0.000005 0.000002 0.000000 0.000001 0.000000 0.000001 0.000000 0.000000 0.000000 0.000000 0.000000 0.000000 
t: 0.001198044010 start: 265 end: 336 0.000001 0.000001 0.000004 0.000003 0.000010 0.000010 0.000035 0.000044 0.000087 0.000131 0.000244 0.000353 0.000571 0.000859 0.001381 0.001950 0.002765 0.003949 0.005689 0.007553 0.009953 0.012967 0.016458 0.020681 0.025295 0.030403 0.035748 0.040827 0.046287 0.050930 0.054889 0.058311 0.059289 0.060059 0.058684 0.056666 0.054020 0.049289 0.044132 0.039010 0.032798 0.028038 0.022837 0.017972 0.013841 0.010618 0.007740 0.005526 0.003884 0.002658 0.001772 0.001092 0.000695 0.000415 0.000247 0.000159 0.000073 0.000047 0.000029 0.000012 0.000004 0.000002 0.000002 0.000000 0.000000 0.000001 0.000000 0.000000 0.000000 0.000000 0.000000 0.000000 
t: 0.001172248804 start: 266 end: 335 0.000001 0.000002 0.000000 0.000008 0.000007 0.000014 0.000021 0.000040 0.000075 0.000112 0.000210 0.000317 0.000535 0.000795 0.001205 0.001819 0.002603 0.003740 0.005239 0.007018 0.009500 0.012404 0.015843 0.020123 0.024325 0.029565 0.034792 0.040392 0.045576 0.050485 0.054726 0.057607 0.059680 0.060546 0.059123 0.057542 0.054440 0.050247 0.045111 0.039933 0.033757 0.028458 0.023497 0.018522 0.014152 0.010951 0.007946 0.005673 0.003946 0.002762 0.001797 0.001121 0.000701 0.000424 0.000254 0.000142 0.000085 0.000051 0.000020 0.000009 0.000008 0.000002 0.000000 0.000000 0.000001 0.000000 0.000000 0.000000 0.000000 0.000000 
t: 0.001147540984 start: 266 end: 336 0.000001 0.000000 0.000000 0.000004 0.000004 0.000001 0.000016 0.000024 0.000039 0.000063 0.000116 0.000162 0.000302 0.000496 0.000736 0.001109 0.001678 0.002418 0.003507 0.004885 0.006890 0.009036 0.011920 0.015441 0.019515 0.023859 0.028957 0.033999 0.039730 0.045145 0.050263 0.054357 0.057843 0.059958 0.060429 0.059954 0.058189 0.054865 0.050883 0.045858 0.040407 0.034407 0.029123 0.023673 0.018894 0.014583 0.011033 0.008021 0.005771 0.004107 0.002662 0.001845 0.001128 0.000696 0.000441 0.000235 0.000164 0.000080 0.000040 0.000017 0.000012 0.000006 0.000001 0.000001 0.000000 0.000001 0.000000 0.000000 0.000000 0.000000 0.000000 
t: 0.001123853211 start: 266 end: 334 0.000001 0.000000 0.000000 0.000000 0.000003 0.000000 0.000006 0.000015 0.000021 0.000033 0.000060 0.000107 0.000166 0.000268 0.000441 0.000717 0.001109 0.001572 0.002264 0.003272 0.004716 0.006596 0.008705 0.011734 0.015047 0.018952 0.023395 0.028415 0.033909 0.039361 0.044828 0.049930 0.054385 0.058098 0.060048 0.060753 0.060573 0.058463 0.055654 0.051386 0.046324 0.040559 0.034957 0.029322 0.024046 0.018847 0.014531 0.011073 0.008156 0.005838 0.004140 0.002677 0.001731 0.001115 0.000728 0.000417 0.000237 0.000142 0.000083 0.000037 0.000017 0.000014 0.000003 0.000002 0.000000 0.000001 0.000000 0.000000 0.000000 
t: 0.001101123596 start: 268 end: 337 0.000001 0.000000 0.000001 0.000000 0.000002 0.000007 0.000011 0.000024 0.000025 0.000052 0.000088 0.000172 0.000264 0.000420 0.000686 0.001003 0.001573 0.002162 0.003130 0.004615 0.006299 0.008667 0.011387 0.014761 0.018688 0.023310 0.028058 0.033745 0.039035 0.044739 0.050029 0.054744 0.058229 0.060315 0.061244 0.060632 0.058775 0.055698 0.051853 0.047062 0.040684 0.034952 0.029486 0.024020 0.019055 0.014399 0.011102 0.007968 0.005780 0.004022 0.002677 0.001656 0.001117 0.000705 0.000390 0.000213 0.000132 0.000060 0.000037 0.000021 0.000011 0.000004 0.000002 0.000001 0.000000 0.000000 0.000000 0.000000 0.000000 0.000000 
t: 0.001079295154 start: 268 end: 337 0.000001 0.000000 0.000000 0.000001 0.000000 0.000001 0.000005 0.000011 0.000026 0.000029 0.000050 0.000086 0.000153 0.000250 0.000400 0.000673 0.001019 0.001457 0.002192 0.003092 0.004378 0.006319 0.008422 0.011318 0.014640 0.018737 0.023105 0.028133 0.033470 0.039138 0.044420 0.050411 0.055126 0.058452 0.060482 0.061874 0.060910 0.058932 0.056138 0.052165 0.046649 0.040776 0.035213 0.029221 0.023828 0.018768 0.014630 0.010682 0.007897 0.005657 0.003839 0.002629 0.001665 0.001043 0.000651 0.000366 0.000226 0.000111 0.000066 0.000033 0.000019 0.000008 0.000005 0.000001 0.000001 0.000000 0.000000 0.000000 0.000000 0.000000 
t: 0.001058315335 start: 271 end: 339 0.000001 0.000000 0.000001 0.000002 0.000004 0.000012 0.000021 0.000033 0.000056 0.000078 0.000142 0.000244 0.000423 0.000605 0.000996 0.001428 0.002150 0.003083 0.004383 0.006236 0.008441 0.011275 0.014672 0.018573 0.023372 0.028184 0.033770 0.039320 0.045140 0.050578 0.055174 0.058690 0.060921 0.061900 0.061325 0.059294 0.056469 0.051747 0.046598 0.040691 0.034967 0.029078 0.023472 0.018506 0.014033 0.010678 0.007613 0.005428 0.003775 0.002519 0.001507 0.000999 0.000628 0.000353 0.000198 0.000099 0.000060 0.000025 0.000013 0.000011 0.000005 0.000001 0.000000 0.000000 0.000000 0.000000 0.000000 0.000000 0.000000 
t: 0.001038135593 start: 273 end: 340 0.000002 0.000000 0.000001 0.000007 0.000007 0.000021 0.000037 0.000043 0.000086 0.000129 0.000265 0.000396 0.000625 0.000972 0.001497 0.002098 0.003063 0.004498 0.006206 0.008423 0.011366 0.014598 0.019007 0.023387 0.028544 0.034212 0.039568 0.045943 0.050690 0.055493 0.059118 0.061433 0.062354 0.061614 0.059510 0.056173 0.051812 0.046097 0.040427 0.034681 0.028684 0.022950 0.017959 0.013735 0.010246 0.007303 0.005199 0.003509 0.002322 0.001525 0.000944 0.000532 0.000329 0.000179 0.000088 0.000040 0.000029 0.000011 0.000010 0.000001 0.000002 0.000000 0.000000 0.000000 0.000000 0.000000 0.000000 0.000000 
t: 0.001018711019 start: 274 end: 341 0.000001 0.000000 0.000002 0.000004 0.000007 0.000021 0.000033 0.000057 0.000074 0.000148 0.000239 0.000384 0.000624 0.001029 0.001479 0.002129 0.003129 0.004531 0.006213 0.008558 0.011483 0.014999 0.019163 0.023603 0.029268 0.034645 0.040523 0.046132 0.051506 0.055902 0.059641 0.061849 0.062919 0.061790 0.059360 0.055981 0.051367 0.046049 0.039854 0.033910 0.028159 0.022185 0.017443 0.013349 0.009635 0.006959 0.004834 0.003279 0.002209 0.001377 0.000885 0.000485 0.000264 0.000172 0.000082 0.000041 0.000016 0.000016 0.000002 0.000001 0.000001 0.000000 0.000000 0.000000 0.000000 0.000000 0.000000 0.000000 
t: 0.001000000000 start: 276 end: 342 0.000001 0.000001 0.000003 0.000011 0.000019 0.000035 0.000050 0.000086 0.000144 0.000248 0.000413 0.000648 0.000992 0.001476 0.002245 0.003210 0.004659 0.006359 0.008786 0.011729 0.015303 0.019499 0.024314 0.029693 0.035311 0.041178 0.047174 0.052251 0.056908 0.059983 0.062441 0.062943 0.061944 0.059254 0.055802 0.051009 0.044918 0.039271 0.033311 0.027223 0.021561 0.016764 0.012570 0.009037 0.006653 0.004485 0.003070 0.002068 0.001241 0.000772 0.000422 0.000226 0.000149 0.000076 0.000031 0.000017 0.000010 0.000002 0.000000 0.000001 0.000000 0.000000 0.000000 0.000000 0.000000 0.000000 0.000000 
