t: 0.059999999999 start: 16 end: 54 0.000001 0.000003 0.000019 0.000077 0.000252 0.000748 0.002105 0.005236 0.011603 0.022502 0.038858 0.060426 0.084325 0.106787 0.120757 0.124771 0.116554 0.099261 0.076073 0.054048 0.034425 0.020533 0.011047 0.005506 0.002459 0.001040 0.000383 0.000148 0.000034 0.000015 0.000004 0.000000 0.000000 0.000000 0.000000 0.000000 0.000000 0.000000 0.000000 
t: 0.054545454544 start: 19 end: 58 0.000004 0.000007 0.000057 0.000159 0.000526 0.001484 0.003496 0.007957 0.015785 0.027933 0.045196 0.066646 0.088294 0.106650 0.118277 0.118268 0.109460 0.092295 0.071493 0.051149 0.033336 0.019975 0.011157 0.005712 0.002725 0.001206 0.000476 0.000199 0.000053 0.000015 0.000008 0.000002 0.000000 0.000000 0.000000 0.000000 0.000000 0.000000 0.000000 0.000000 
t: 0.049999999999 start: 21 end: 60 0.000001 0.000010 0.000032 0.000137 0.000351 0.001000 0.002447 0.005666 0.011480 0.020579 0.034282 0.051804 0.072587 0.091821 0.107064 0.114402 0.112896 0.102285 0.085312 0.066166 0.047662 0.031355 0.019274 0.010798 0.005673 0.002764 0.001284 0.000539 0.000216 0.000076 0.000026 0.000011 0.000000 0.000000 0.000000 0.000000 0.000000 0.000000 0.000000 0.000000 
t: 0.046153846153 start: 23 end: 65 0.000003 0.000006 0.000024 0.000090 0.000291 0.000712 0.001880 0.004154 0.008402 0.015504 0.026257 0.041423 0.058914 0.077954 0.094630 0.106411 0.110606 0.106653 0.095475 0.079185 0.060573 0.043369 0.028735 0.017975 0.010292 0.005512 0.002756 0.001293 0.000560 0.000232 0.000077 0.000034 0.000016 0.000001 0.000001 0.000000 0.000000 0.000000 0.000000 0.000000 0.000000 0.000000 0.000000 
t: 0.042857142857 start: 24 end: 67 0.000001 0.000000 0.000003 0.000027 0.000077 0.000205 0.000578 0.001375 0.003093 0.006468 0.011821 0.020652 0.032565 0.048387 0.065448 0.083171 0.097366 0.105795 0.106351 0.100555 0.088179 0.072344 0.054655 0.039141 0.025980 0.016297 0.009466 0.005204 0.002627 0.001258 0.000550 0.000219 0.000094 0.000028 0.000017 0.000001 0.000002 0.000000 0.000000 0.000000 0.000000 0.000000 0.000000 0.000000 
t: 0.040000000000 start: 28 end: 71 0.000011 0.000025 0.000053 0.000159 0.000454 0.001093 0.002312 0.005002 0.009306 0.016529 0.026124 0.039824 0.055473 0.072250 0.087506 0.098106 0.104007 0.102540 0.094133 0.081190 0.064879 0.048875 0.035019 0.022992 0.014417 0.008529 0.004732 0.002331 0.001220 0.000532 0.000238 0.000085 0.000033 0.000017 0.000002 0.000002 0.000000 0.000000 0.000000 0.000000 0.000000 0.000000 0.000000 0.000000 
t: 0.037500000000 start: 29 end: 74 0.000001 0.000008 0.000022 0.000049 0.000125 0.000360 0.000887 0.001875 0.003903 0.007555 0.013264 0.021400 0.033284 0.047361 0.062666 0.077741 0.090793 0.099604 0.100994 0.096961 0.087415 0.073336 0.058115 0.043393 0.030688 0.020157 0.012540 0.007420 0.004157 0.002084 0.000995 0.000472 0.000210 0.000108 0.000037 0.000015 0.000003 0.000000 0.000002 0.000000 0.000000 0.000000 0.000000 0.000000 0.000000 0.000000 
t: 0.035294117647 start: 31 end: 76 0.000002 0.000005 0.000014 0.000046 0.000140 0.000302 0.000678 0.001531 0.003228 0.006209 0.010866 0.018126 0.027848 0.040855 0.054509 0.069664 0.083200 0.093736 0.098482 0.097495 0.090690 0.079435 0.066138 0.051390 0.037756 0.026475 0.017196 0.010643 0.006376 0.003511 0.001773 0.000854 0.000475 0.000218 0.000077 0.000042 0.000011 0.000004 0.000000 0.000000 0.000000 0.000000 0.000000 0.000000 0.000000 0.000000 
t: 0.033333333333 start: 33 end: 79 0.000002 0.000003 0.000015 0.000047 0.000110 0.000242 0.000619 0.001302 0.002711 0.005197 0.009201 0.015499 0.023702 0.035055 0.048318 0.062290 0.075964 0.087931 0.094745 0.095960 0.092286 0.083970 0.072136 0.058420 0.044568 0.032570 0.022640 0.014468 0.008961 0.005188 0.002909 0.001532 0.000766 0.000400 0.000148 0.000088 0.000022 0.000012 0.000003 0.000000 0.000000 0.000000 0.000000 0.000000 0.000000 0.000000 0.000000 
t: 0.031578947368 start: 35 end: 84 0.000001 0.000006 0.000014 0.000035 0.000114 0.000222 0.000544 0.001191 0.002367 0.004423 0.007894 0.013188 0.020737 0.030843 0.042669 0.056238 0.069517 0.081729 0.090319 0.093456 0.093182 0.086826 0.076479 0.063981 0.050744 0.038610 0.027443 0.018722 0.012057 0.007387 0.004322 0.002336 0.001228 0.000627 0.000279 0.000162 0.000067 0.000027 0.000010 0.000002 0.000001 0.000001 0.000000 0.000000 0.000000 0.000000 0.000000 0.000000 0.000000 0.000000 
t: 0.030000000000 start: 37 end: 86 0.000002 0.000001 0.000011 0.000039 0.000096 0.000227 0.000474 0.001055 0.002049 0.003994 0.007011 0.011521 0.018336 0.027410 0.038522 0.050741 0.063743 0.076276 0.085211 0.091016 0.092307 0.087559 0.079606 0.068881 0.056152 0.044000 0.032523 0.023074 0.015309 0.009746 0.005934 0.003368 0.001864 0.001033 0.000482 0.000236 0.000104 0.000045 0.000028 0.000009 0.000004 0.000001 0.000000 0.000000 0.000000 0.000000 0.000000 0.000000 0.000000 0.000000 
t: 0.028571428571 start: 39 end: 89 0.000001 0.000002 0.000011 0.000039 0.000081 0.000208 0.000444 0.000963 0.001906 0.003568 0.006288 0.010431 0.016498 0.024821 0.034682 0.046564 0.058343 0.071422 0.080706 0.088205 0.090169 0.087728 0.081734 0.072020 0.060832 0.048996 0.037179 0.026897 0.018664 0.012437 0.007745 0.004748 0.002717 0.001461 0.000809 0.000339 0.000192 0.000098 0.000028 0.000018 0.000002 0.000003 0.000001 0.000000 0.000000 0.000000 0.000000 0.000000 0.000000 0.000000 0.000000 
t: 0.027272727273 start: 40 end: 90 0.000001 0.000000 0.000003 0.000009 0.000034 0.000095 0.000185 0.000446 0.000921 0.001726 0.003266 0.005649 0.009606 0.015046 0.022397 0.031420 0.042941 0.054952 0.066359 0.077116 0.084290 0.088151 0.087524 0.083027 0.074497 0.064725 0.052683 0.041565 0.030595 0.022038 0.014941 0.009937 0.005959 0.003647 0.002069 0.001070 0.000571 0.000287 0.000157 0.000062 0.000019 0.000008 0.000005 0.000001 0.000000 0.000000 0.000000 0.000000 0.000000 0.000000 0.000000 
t: 0.026086956522 start: 41 end: 93 0.000001 0.000001 0.000000 0.000002 0.000017 0.000036 0.000060 0.000183 0.000458 0.000838 0.001682 0.003041 0.005264 0.008815 0.013684 0.020578 0.029421 0.039813 0.051641 0.062759 0.073203 0.081233 0.085481 0.086817 0.082954 0.076375 0.067632 0.056247 0.045118 0.034208 0.025071 0.017605 0.011841 0.007502 0.004529 0.002740 0.001561 0.000776 0.000429 0.000204 0.000117 0.000040 0.000010 0.000007 0.000005 0.000000 0.000001 0.000000 0.000000 0.000000 0.000000 0.000000 0.000000 
t: 0.025000000000 start: 44 end: 97 0.000002 0.000000 0.000004 0.000013 0.000033 0.000088 0.000188 0.000394 0.000819 0.001653 0.002923 0.005019 0.008197 0.012945 0.019323 0.027396 0.037259 0.048514 0.059958 0.069648 0.078106 0.083558 0.085093 0.083501 0.077303 0.068931 0.058966 0.048339 0.037757 0.028123 0.019827 0.013875 0.008930 0.005677 0.003506 0.001874 0.001103 0.000588 0.000321 0.000142 0.000058 0.000026 0.000012 0.000004 0.000001 0.000001 0.000002 0.000000 0.000000 0.000000 0.000000 0.000000 0.000000 0.000000 
t: 0.024000000000 start: 46 end: 100 0.000001 0.000003 0.000004 0.000018 0.000034 0.000099 0.000179 0.000400 0.000836 0.001556 0.002851 0.004840 0.007848 0.012247 0.018301 0.025750 0.035474 0.046065 0.056625 0.067265 0.075831 0.081251 0.083799 0.083005 0.077800 0.070370 0.061058 0.050731 0.040252 0.030490 0.022435 0.015596 0.010664 0.006651 0.004205 0.002487 0.001416 0.000795 0.000383 0.000205 0.000101 0.000043 0.000017 0.000012 0.000004 0.000002 0.000000 0.000000 0.000001 0.000000 0.000000 0.000000 0.000000 0.000000 0.000000 
t: 0.023076923077 start: 49 end: 103 0.000001 0.000005 0.000016 0.000044 0.000088 0.000183 0.000425 0.000837 0.001521 0.002829 0.004646 0.007513 0.011836 0.017579 0.025141 0.033424 0.044088 0.054430 0.064799 0.073210 0.079276 0.082471 0.082001 0.078141 0.071582 0.062287 0.052725 0.042727 0.032930 0.024169 0.017534 0.011875 0.007999 0.004936 0.002994 0.001725 0.000944 0.000503 0.000298 0.000148 0.000067 0.000027 0.000008 0.000011 0.000003 0.000003 0.000000 0.000001 0.000000 0.000000 0.000000 0.000000 0.000000 0.000000 0.000000 
t: 0.022222222222 start: 51 end: 106 0.000002 0.000002 0.000021 0.000047 0.000084 0.000198 0.000454 0.000820 0.001596 0.002682 0.004668 0.007541 0.011500 0.017175 0.024116 0.032732 0.042528 0.052852 0.062285 0.071049 0.077396 0.081096 0.081217 0.077982 0.072012 0.063779 0.053951 0.044165 0.034690 0.026190 0.019065 0.013378 0.008805 0.005828 0.003428 0.002064 0.001176 0.000722 0.000355 0.000183 0.000086 0.000041 0.000023 0.000007 0.000004 0.000002 0.000002 0.000000 0.000001 0.000000 0.000000 0.000000 0.000000 0.000000 0.000000 0.000000 
t: 0.021428571428 start: 53 end: 108 0.000002 0.000005 0.000021 0.000050 0.000091 0.000217 0.000450 0.000894 0.001557 0.002701 0.004730 0.007489 0.011410 0.016619 0.023829 0.031853 0.041219 0.051166 0.060495 0.069326 0.075890 0.080145 0.080171 0.077741 0.071939 0.064486 0.054904 0.045481 0.036604 0.027514 0.020506 0.014551 0.009715 0.006627 0.004039 0.002404 0.001456 0.000801 0.000456 0.000224 0.000119 0.000049 0.000028 0.000013 0.000006 0.000003 0.000003 0.000001 0.000000 0.000000 0.000000 0.000000 0.000000 0.000000 0.000000 0.000000 
t: 0.020689655172 start: 53 end: 108 0.000001 0.000000 0.000005 0.000007 0.000017 0.000060 0.000106 0.000235 0.000438 0.000938 0.001606 0.002881 0.004687 0.007406 0.011378 0.016623 0.023410 0.031335 0.040262 0.050140 0.059794 0.067721 0.074282 0.078472 0.079627 0.076757 0.072235 0.064650 0.055971 0.046929 0.037309 0.028722 0.021551 0.015570 0.010787 0.007011 0.004534 0.002866 0.001620 0.000969 0.000525 0.000286 0.000130 0.000075 0.000045 0.000012 0.000011 0.000002 0.000002 0.000000 0.000000 0.000000 0.000000 0.000000 0.000000 0.000000 
t: 0.020000000000 start: 56 end: 112 0.000001 0.000007 0.000012 0.000023 0.000069 0.000096 0.000262 0.000518 0.001001 0.001697 0.002858 0.004850 0.007678 0.011435 0.016687 0.023082 0.030970 0.039772 0.049740 0.058506 0.066841 0.073137 0.076865 0.078752 0.076157 0.071641 0.064756 0.056582 0.047573 0.038313 0.029704 0.022706 0.016191 0.011402 0.007624 0.005113 0.003114 0.001841 0.001126 0.000640 0.000297 0.000171 0.000098 0.000051 0.000022 0.000013 0.000004 0.000000 0.000001 0.000001 0.000000 0.000000 0.000000 0.000000 0.000000 0.000000 0.000000 
t: 0.019354838710 start: 58 end: 114 0.000002 0.000004 0.000016 0.000023 0.000069 0.000143 0.000308 0.000531 0.001030 0.001780 0.003127 0.004870 0.007993 0.011731 0.016584 0.023152 0.031079 0.039801 0.049033 0.058158 0.065749 0.072049 0.075970 0.077081 0.075285 0.071429 0.065226 0.056369 0.047855 0.038790 0.030829 0.023214 0.016995 0.011792 0.008278 0.005416 0.003403 0.002050 0.001234 0.000726 0.000402 0.000218 0.000097 0.000059 0.000028 0.000014 0.000006 0.000001 0.000000 0.000001 0.000000 0.000000 0.000000 0.000000 0.000000 0.000000 0.000000 
t: 0.018750000000 start: 59 end: 115 0.000002 0.000002 0.000003 0.000013 0.000037 0.000075 0.000201 0.000339 0.000608 0.001084 0.001918 0.003266 0.005199 0.008122 0.011934 0.017252 0.023734 0.030962 0.039735 0.048898 0.057717 0.065094 0.071008 0.075169 0.076181 0.074593 0.070678 0.064034 0.056797 0.048059 0.039249 0.031165 0.023623 0.017552 0.012397 0.008639 0.005671 0.003664 0.002281 0.001356 0.000768 0.000437 0.000244 0.000130 0.000064 0.000022 0.000013 0.000007 0.000004 0.000000 0.000000 0.000000 0.000000 0.000000 0.000000 0.000000 0.000000 
t: 0.018181818182 start: 61 end: 116 0.000002 0.000000 0.000006 0.000019 0.000040 0.000116 0.000192 0.000390 0.000671 0.001227 0.002126 0.003514 0.005537 0.008278 0.012374 0.017799 0.024093 0.031700 0.040261 0.048656 0.057006 0.064578 0.070464 0.074374 0.075272 0.073459 0.070039 0.064040 0.056285 0.047989 0.039104 0.031446 0.023988 0.017756 0.012811 0.008832 0.005907 0.003904 0.002429 0.001455 0.000791 0.000501 0.000264 0.000168 0.000070 0.000037 0.000022 0.000006 0.000002 0.000000 0.000000 0.000000 0.000000 0.000000 0.000000 0.000000 
t: 0.017647058823 start: 64 end: 119 0.000006 0.000012 0.000020 0.000051 0.000119 0.000209 0.000421 0.000776 0.001377 0.002280 0.003793 0.005739 0.008985 0.012912 0.018344 0.024792 0.032352 0.040025 0.049028 0.057662 0.064138 0.069997 0.073430 0.074622 0.072974 0.069158 0.062993 0.055397 0.047858 0.039077 0.031419 0.024026 0.017981 0.012889 0.009027 0.006086 0.003936 0.002513 0.001476 0.000930 0.000519 0.000311 0.000196 0.000080 0.000035 0.000017 0.000011 0.000001 0.000000 0.000000 0.000000 0.000000 0.000000 0.000000 0.000000 0.000000 
t: 0.017142857143 start: 64 end: 123 0.000001 0.000004 0.000005 0.000016 0.000026 0.000062 0.000137 0.000252 0.000456 0.000870 0.001532 0.002591 0.004045 0.006325 0.009477 0.013685 0.018883 0.025568 0.032987 0.041064 0.049353 0.056982 0.064463 0.069549 0.073088 0.074126 0.072238 0.067611 0.062479 0.055136 0.046707 0.038668 0.031145 0.023855 0.017968 0.012880 0.009186 0.006097 0.004134 0.002606 0.001557 0.000968 0.000546 0.000335 0.000158 0.000101 0.000049 0.000017 0.000007 0.000002 0.000002 0.000001 0.000000 0.000000 0.000000 0.000000 0.000000 0.000000 0.000000 0.000000 
t: 0.016666666667 start: 65 end: 124 0.000001 0.000001 0.000004 0.000007 0.000016 0.000037 0.000085 0.000156 0.000277 0.000546 0.001014 0.001695 0.002813 0.004469 0.006824 0.010182 0.014389 0.019896 0.026456 0.033618 0.041834 0.049921 0.057949 0.064169 0.069402 0.072340 0.073401 0.071385 0.067005 0.061273 0.053998 0.046503 0.037774 0.030451 0.023760 0.017723 0.012685 0.009190 0.006238 0.003959 0.002668 0.001633 0.000985 0.000573 0.000327 0.000192 0.000086 0.000048 0.000025 0.000010 0.000004 0.000003 0.000000 0.000000 0.000000 0.000000 0.000000 0.000000 0.000000 0.000000 
t: 0.016216216216 start: 67 end: 126 0.000001 0.000000 0.000003 0.000010 0.000022 0.000063 0.000084 0.000180 0.000355 0.000633 0.001106 0.001961 0.003196 0.004978 0.007494 0.010893 0.015367 0.020898 0.027363 0.034808 0.042787 0.050553 0.058221 0.064626 0.069508 0.072127 0.072186 0.070174 0.066349 0.060086 0.052997 0.045284 0.037195 0.029736 0.022964 0.017369 0.012771 0.008953 0.006206 0.003961 0.002600 0.001664 0.001000 0.000554 0.000325 0.000189 0.000103 0.000048 0.000032 0.000010 0.000003 0.000003 0.000001 0.000000 0.000000 0.000000 0.000000 0.000000 0.000000 0.000000 
t: 0.015789473684 start: 70 end: 129 0.000005 0.000006 0.000009 0.000035 0.000054 0.000120 0.000223 0.000415 0.000773 0.001301 0.002225 0.003553 0.005511 0.008245 0.011766 0.016405 0.021927 0.028768 0.036132 0.043996 0.051353 0.059100 0.064834 0.069393 0.071470 0.071545 0.069336 0.064560 0.058971 0.051699 0.043975 0.036513 0.028650 0.022580 0.016882 0.012434 0.008740 0.006019 0.004021 0.002564 0.001654 0.000965 0.000584 0.000304 0.000166 0.000106 0.000065 0.000027 0.000006 0.000009 0.000004 0.000002 0.000000 0.000000 0.000000 0.000000 0.000000 0.000000 0.000000 0.000000 
t: 0.015384615385 start: 70 end: 130 0.000001 0.000001 0.000007 0.000010 0.000017 0.000033 0.000077 0.000134 0.000262 0.000528 0.000904 0.001552 0.002550 0.003969 0.006145 0.008986 0.012892 0.017611 0.023182 0.030215 0.037510 0.045454 0.052444 0.059639 0.064965 0.069323 0.071340 0.070588 0.067877 0.063481 0.057465 0.050199 0.043010 0.034940 0.028137 0.021737 0.016436 0.011907 0.008348 0.005868 0.003873 0.002526 0.001606 0.000979 0.000529 0.000354 0.000180 0.000104 0.000047 0.000035 0.000010 0.000006 0.000007 0.000000 0.000000 0.000000 0.000000 0.000000 0.000000 0.000000 0.000000 
t: 0.015000000000 start: 71 end: 133 0.000002 0.000002 0.000006 0.000004 0.000010 0.000024 0.000045 0.000071 0.000183 0.000349 0.000615 0.001105 0.001738 0.002923 0.004523 0.006817 0.009955 0.013877 0.019015 0.024788 0.031546 0.039051 0.046733 0.054255 0.060257 0.065528 0.069155 0.070390 0.069390 0.067088 0.062380 0.055814 0.048916 0.041121 0.033509 0.027004 0.021051 0.015732 0.011500 0.008110 0.005547 0.003686 0.002458 0.001548 0.000888 0.000572 0.000333 0.000187 0.000083 0.000055 0.000029 0.000014 0.000013 0.000001 0.000004 0.000000 0.000000 0.000000 0.000000 0.000000 0.000000 0.000000 0.000000 
t: 0.014634146341 start: 72 end: 134 0.000001 0.000002 0.000003 0.000006 0.000006 0.000013 0.000015 0.000051 0.000146 0.000227 0.000427 0.000728 0.001296 0.002050 0.003389 0.005204 0.007614 0.010861 0.014986 0.020712 0.026745 0.033266 0.040776 0.048233 0.055024 0.061081 0.066017 0.068984 0.070271 0.068720 0.065491 0.060204 0.054427 0.046735 0.039552 0.032530 0.025652 0.020079 0.015163 0.011015 0.007609 0.005274 0.003563 0.002339 0.001498 0.000847 0.000478 0.000303 0.000173 0.000086 0.000060 0.000036 0.000016 0.000009 0.000007 0.000000 0.000000 0.000000 0.000000 0.000000 0.000000 0.000000 0.000000 
t: 0.014285714286 start: 73 end: 137 0.000001 0.000002 0.000000 0.000004 0.000007 0.000007 0.000017 0.000035 0.000076 0.000167 0.000290 0.000517 0.000904 0.001550 0.002509 0.003884 0.005869 0.008467 0.012052 0.016608 0.022031 0.028587 0.035419 0.042374 0.049691 0.056513 0.061883 0.066651 0.069054 0.069178 0.067121 0.064187 0.058857 0.052283 0.045204 0.037812 0.030970 0.024630 0.018968 0.014148 0.010331 0.007300 0.005042 0.003394 0.002085 0.001340 0.000846 0.000506 0.000284 0.000146 0.000085 0.000047 0.000033 0.000022 0.000007 0.000003 0.000001 0.000000 0.000000 0.000001 0.000000 0.000000 0.000000 0.000000 0.000000 
t: 0.013953488372 start: 74 end: 139 0.000001 0.000000 0.000002 0.000002 0.000005 0.000005 0.000012 0.000028 0.000050 0.000109 0.000200 0.000374 0.000667 0.001073 0.001902 0.002938 0.004458 0.006646 0.009696 0.013649 0.017957 0.023817 0.030456 0.037353 0.043942 0.051767 0.057692 0.062684 0.067059 0.068697 0.068276 0.066338 0.062196 0.056735 0.050389 0.043484 0.036348 0.029269 0.023186 0.017633 0.013553 0.009634 0.006827 0.004785 0.003071 0.001940 0.001288 0.000758 0.000463 0.000265 0.000151 0.000066 0.000051 0.000030 0.000013 0.000007 0.000001 0.000001 0.000000 0.000001 0.000000 0.000000 0.000000 0.000000 0.000000 0.000000 
t: 0.013636363636 start: 76 end: 142 0.000001 0.000001 0.000002 0.000002 0.000002 0.000010 0.000022 0.000039 0.000072 0.000132 0.000279 0.000482 0.000797 0.001433 0.002145 0.003441 0.005200 0.007627 0.010923 0.014856 0.020140 0.025913 0.032240 0.039167 0.046470 0.052978 0.059072 0.064014 0.066857 0.068293 0.067711 0.064615 0.060470 0.054967 0.048750 0.041016 0.034269 0.027450 0.021649 0.016823 0.012467 0.009134 0.006318 0.004281 0.002720 0.001932 0.001152 0.000690 0.000405 0.000248 0.000142 0.000087 0.000047 0.000033 0.000005 0.000004 0.000003 0.000001 0.000001 0.000000 0.000000 0.000000 0.000000 0.000000 0.000000 0.000000 0.000000 
t: 0.013333333333 start: 78 end: 143 0.000002 0.000001 0.000000 0.000005 0.000007 0.000012 0.000031 0.000048 0.000102 0.000179 0.000343 0.000625 0.000987 0.001641 0.002609 0.004079 0.006093 0.008765 0.012235 0.016615 0.021990 0.028010 0.034619 0.041370 0.048242 0.054687 0.060761 0.064535 0.067031 0.067603 0.066462 0.062959 0.058783 0.052902 0.046170 0.039113 0.032184 0.025850 0.020275 0.015649 0.011605 0.008317 0.005780 0.003854 0.002673 0.001622 0.001058 0.000623 0.000381 0.000213 0.000143 0.000071 0.000054 0.000018 0.000009 0.000001 0.000002 0.000001 0.000001 0.000000 0.000000 0.000000 0.000000 0.000000 0.000000 0.000000 
t: 0.013043478261 start: 79 end: 144 0.000001 0.000000 0.000002 0.000004 0.000010 0.000007 0.000013 0.000036 0.000068 0.000137 0.000241 0.000446 0.000790 0.001259 0.001969 0.003161 0.004862 0.007090 0.010185 0.013725 0.018400 0.024219 0.030253 0.036636 0.043533 0.050332 0.056526 0.061705 0.064988 0.066990 0.067367 0.064988 0.061561 0.056713 0.050565 0.043398 0.036985 0.030339 0.023803 0.019194 0.014442 0.010544 0.007613 0.005259 0.003533 0.002346 0.001452 0.000918 0.000595 0.000349 0.000178 0.000130 0.000072 0.000040 0.000014 0.000008 0.000002 0.000003 0.000000 0.000000 0.000001 0.000000 0.000000 0.000000 0.000000 0.000000 
t: 0.012765957447 start: 81 end: 147 0.000001 0.000001 0.000003 0.000005 0.000004 0.000016 0.000023 0.000045 0.000098 0.000192 0.000343 0.000546 0.000995 0.001540 0.002443 0.003845 0.005738 0.008194 0.011538 0.015594 0.020843 0.026114 0.032643 0.039049 0.045960 0.052103 0.058052 0.062813 0.065434 0.066959 0.066029 0.063936 0.059802 0.054149 0.047786 0.041451 0.034596 0.027984 0.022599 0.017406 0.013238 0.009661 0.006836 0.004798 0.003154 0.002033 0.001308 0.000888 0.000490 0.000299 0.000198 0.000108 0.000056 0.000032 0.000015 0.000007 0.000003 0.000003 0.000001 0.000000 0.000000 0.000000 0.000000 0.000000 0.000000 0.000000 0.000000 
t: 0.012500000000 start: 83 end: 148 0.000001 0.000001 0.000006 0.000003 0.000010 0.000013 0.000035 0.000072 0.000133 0.000234 0.000477 0.000718 0.001217 0.001944 0.003009 0.004621 0.006781 0.009534 0.013195 0.017537 0.022699 0.028953 0.034727 0.041600 0.048131 0.054357 0.059794 0.063858 0.065779 0.066168 0.065159 0.061992 0.057597 0.051623 0.045244 0.038802 0.032392 0.026113 0.020869 0.015934 0.011875 0.008785 0.006143 0.004271 0.002767 0.001807 0.001213 0.000737 0.000444 0.000277 0.000147 0.000082 0.000068 0.000026 0.000015 0.000004 0.000003 0.000004 0.000000 0.000000 0.000000 0.000000 0.000000 0.000000 0.000000 0.000000 
t: 0.012244897959 start: 84 end: 150 0.000001 0.000001 0.000002 0.000004 0.000011 0.000010 0.000024 0.000053 0.000091 0.000177 0.000343 0.000594 0.000914 0.001540 0.002399 0.003832 0.005444 0.007933 0.011015 0.014787 0.019748 0.025242 0.031009 0.037734 0.044331 0.050402 0.056406 0.061097 0.064507 0.065839 0.065548 0.063731 0.059909 0.055226 0.049247 0.042433 0.035999 0.030251 0.024269 0.018974 0.014532 0.010708 0.007701 0.005462 0.003730 0.002582 0.001644 0.001005 0.000642 0.000393 0.000239 0.000128 0.000069 0.000043 0.000024 0.000006 0.000012 0.000002 0.000000 0.000001 0.000000 0.000000 0.000000 0.000000 0.000000 0.000000 0.000000 
t: 0.012000000000 start: 86 end: 151 0.000001 0.000000 0.000005 0.000007 0.000010 0.000015 0.000049 0.000073 0.000138 0.000259 0.000415 0.000737 0.001249 0.001924 0.002988 0.004491 0.006647 0.009271 0.012668 0.017032 0.021902 0.027907 0.034099 0.040236 0.046933 0.052498 0.057948 0.062274 0.065010 0.065834 0.064694 0.061874 0.057730 0.052319 0.046310 0.040209 0.033634 0.027700 0.022226 0.017160 0.013115 0.009531 0.006933 0.004832 0.003293 0.002213 0.001411 0.000854 0.000555 0.000329 0.000201 0.000113 0.000064 0.000045 0.000019 0.000005 0.000006 0.000004 0.000000 0.000001 0.000000 0.000000 0.000000 0.000000 0.000000 0.000000 
t: 0.011764705882 start: 88 end: 154 0.000002 0.000001 0.000006 0.000010 0.000018 0.000024 0.000057 0.000125 0.000193 0.000339 0.000606 0.000940 0.001559 0.002452 0.003642 0.005514 0.007778 0.010837 0.014643 0.019401 0.024426 0.030454 0.036758 0.043063 0.049455 0.055117 0.059464 0.063052 0.065282 0.065101 0.063328 0.059570 0.055289 0.049925 0.043686 0.037527 0.031207 0.025145 0.020330 0.015426 0.011509 0.008529 0.006220 0.004147 0.002896 0.001860 0.001173 0.000790 0.000454 0.000292 0.000172 0.000090 0.000056 0.000027 0.000012 0.000012 0.000004 0.000004 0.000000 0.000001 0.000000 0.000000 0.000000 0.000000 0.000000 0.000000 0.000000 
t: 0.011538461538 start: 90 end: 156 0.000001 0.000004 0.000008 0.000012 0.000016 0.000061 0.000089 0.000154 0.000273 0.000439 0.000771 0.001319 0.001977 0.002964 0.004579 0.006614 0.009247 0.012786 0.016757 0.021489 0.027422 0.033537 0.039272 0.045906 0.052088 0.056995 0.061118 0.063619 0.064924 0.063883 0.061777 0.057295 0.052678 0.047570 0.040955 0.034468 0.028643 0.022856 0.018226 0.013766 0.010371 0.007412 0.005280 0.003731 0.002406 0.001675 0.001022 0.000599 0.000378 0.000250 0.000136 0.000077 0.000056 0.000024 0.000008 0.000010 0.000003 0.000002 0.000000 0.000002 0.000000 0.000000 0.000000 0.000000 0.000000 0.000000 0.000000 
t: 0.011320754717 start: 91 end: 158 0.000001 0.000002 0.000003 0.000006 0.000024 0.000041 0.000070 0.000128 0.000208 0.000368 0.000628 0.001038 0.001607 0.002511 0.003836 0.005582 0.007890 0.010918 0.014727 0.019255 0.024213 0.030030 0.036367 0.042363 0.048355 0.054451 0.058917 0.062274 0.064236 0.064207 0.062986 0.059178 0.055323 0.050346 0.044184 0.038089 0.031477 0.026055 0.020764 0.016255 0.012301 0.008916 0.006578 0.004511 0.003172 0.002128 0.001363 0.000847 0.000496 0.000330 0.000168 0.000131 0.000067 0.000030 0.000024 0.000012 0.000006 0.000005 0.000000 0.000001 0.000001 0.000000 0.000000 0.000000 0.000000 0.000000 0.000000 0.000000 
t: 0.011111111111 start: 92 end: 160 0.000001 0.000001 0.000002 0.000007 0.000013 0.000036 0.000054 0.000101 0.000164 0.000317 0.000493 0.000845 0.001376 0.002092 0.003149 0.004804 0.006711 0.009321 0.012927 0.016817 0.021935 0.027184 0.033031 0.039301 0.045273 0.051394 0.056355 0.060277 0.063140 0.064142 0.062855 0.061463 0.057742 0.052276 0.047425 0.041144 0.035056 0.028924 0.023465 0.018434 0.014405 0.010793 0.007872 0.005610 0.003931 0.002655 0.001777 0.001105 0.000729 0.000441 0.000265 0.000153 0.000089 0.000063 0.000026 0.000020 0.000012 0.000004 0.000000 0.000001 0.000001 0.000001 0.000000 0.000000 0.000000 0.000000 0.000000 0.000000 0.000000 
t: 0.010909090909 start: 96 end: 162 0.000007 0.000015 0.000028 0.000039 0.000070 0.000126 0.000235 0.000450 0.000639 0.001102 0.001840 0.002712 0.003963 0.005848 0.008244 0.011067 0.014861 0.019547 0.024347 0.030137 0.036507 0.042565 0.048000 0.053986 0.058225 0.061814 0.063234 0.063321 0.062262 0.059212 0.055105 0.050094 0.044183 0.037469 0.032044 0.026174 0.021193 0.016444 0.012545 0.009256 0.006821 0.004753 0.003426 0.002254 0.001497 0.000910 0.000567 0.000356 0.000210 0.000132 0.000071 0.000030 0.000034 0.000015 0.000004 0.000004 0.000003 0.000002 0.000000 0.000001 0.000000 0.000000 0.000000 0.000000 0.000000 0.000000 0.000000 
t: 0.010714285714 start: 97 end: 162 0.000007 0.000011 0.000021 0.000035 0.000051 0.000116 0.000201 0.000348 0.000531 0.000921 0.001431 0.002337 0.003492 0.005042 0.006989 0.009790 0.013325 0.017276 0.021795 0.027828 0.033265 0.039604 0.045755 0.051111 0.055630 0.059999 0.062849 0.063220 0.062546 0.060468 0.056848 0.052571 0.046850 0.040680 0.034555 0.029194 0.023570 0.018651 0.014538 0.010843 0.007963 0.005793 0.004142 0.002832 0.001825 0.001232 0.000777 0.000447 0.000292 0.000181 0.000090 0.000062 0.000027 0.000022 0.000009 0.000005 0.000005 0.000000 0.000002 0.000000 0.000000 0.000000 0.000000 0.000000 0.000000 0.000000 
t: 0.010526315789 start: 98 end: 164 0.000006 0.000008 0.000019 0.000022 0.000051 0.000080 0.000174 0.000276 0.000506 0.000757 0.001161 0.001948 0.003032 0.004451 0.006081 0.008569 0.011838 0.015598 0.019830 0.025011 0.030788 0.036733 0.043152 0.048028 0.053864 0.058196 0.061017 0.062700 0.062641 0.061483 0.058365 0.054595 0.049349 0.043272 0.037672 0.031605 0.025812 0.021138 0.016488 0.012678 0.009378 0.006862 0.004969 0.003372 0.002305 0.001615 0.000982 0.000611 0.000374 0.000230 0.000138 0.000073 0.000041 0.000026 0.000016 0.000003 0.000006 0.000004 0.000000 0.000000 0.000001 0.000000 0.000000 0.000000 0.000000 0.000000 0.000000 
t: 0.010344827586 start: 99 end: 165 0.000004 0.000006 0.000014 0.000019 0.000045 0.000059 0.000146 0.000244 0.000385 0.000660 0.001038 0.001698 0.002472 0.003750 0.005403 0.007593 0.010452 0.014035 0.017795 0.022844 0.028367 0.034111 0.040260 0.046138 0.051279 0.056163 0.059598 0.061507 0.062684 0.061778 0.059638 0.055892 0.051475 0.046400 0.039956 0.034321 0.028664 0.023172 0.018671 0.014264 0.010896 0.008061 0.005885 0.004182 0.002868 0.001912 0.001213 0.000779 0.000485 0.000301 0.000180 0.000112 0.000054 0.000035 0.000015 0.000010 0.000007 0.000000 0.000002 0.000003 0.000000 0.000000 0.000000 0.000000 0.000000 0.000000 0.000000 
t: 0.010169491525 start: 100 end: 167 0.000003 0.000008 0.000012 0.000014 0.000039 0.000048 0.000111 0.000213 0.000332 0.000541 0.000918 0.001413 0.002253 0.003194 0.004715 0.006622 0.009388 0.012684 0.016239 0.020716 0.025903 0.031703 0.037463 0.043598 0.049361 0.053923 0.058133 0.060909 0.061963 0.062208 0.060232 0.057171 0.053533 0.048442 0.042479 0.036708 0.031090 0.025663 0.020625 0.016097 0.012328 0.009327 0.006887 0.004999 0.003373 0.002324 0.001530 0.000977 0.000637 0.000408 0.000214 0.000151 0.000090 0.000037 0.000024 0.000010 0.000007 0.000006 0.000002 0.000002 0.000000 0.000000 0.000000 0.000000 0.000000 0.000000 0.000000 0.000000 
t: 0.010000000000 start: 101 end: 170 0.000002 0.000007 0.000008 0.000014 0.000032 0.000048 0.000084 0.000174 0.000280 0.000447 0.000814 0.001237 0.001863 0.002828 0.004244 0.005873 0.008339 0.011309 0.014606 0.019129 0.023816 0.029387 0.035248 0.041166 0.046852 0.051905 0.056524 0.059331 0.061586 0.062025 0.060773 0.058542 0.054729 0.050528 0.044997 0.039194 0.033261 0.027993 0.022640 0.017959 0.013872 0.010598 0.007984 0.005853 0.004002 0.002765 0.001907 0.001215 0.000818 0.000453 0.000309 0.000203 0.000102 0.000060 0.000031 0.000014 0.000006 0.000006 0.000005 0.000001 0.000001 0.000001 0.000000 0.000000 0.000000 0.000000 0.000000 0.000000 0.000000 0.000000 
t: 0.008448275866 start: 115 end: 184 0.000005 0.000002 0.000014 0.000018 0.000055 0.000075 0.000108 0.000207 0.000318 0.000557 0.000932 0.001390 0.002049 0.002948 0.004320 0.005991 0.008141 0.010943 0.014288 0.018184 0.022673 0.027454 0.032892 0.038142 0.043383 0.048487 0.052634 0.056208 0.057977 0.058891 0.058978 0.057238 0.054621 0.051043 0.046714 0.041880 0.036071 0.031072 0.025842 0.021049 0.016928 0.013242 0.010144 0.007641 0.005627 0.003994 0.002876 0.001943 0.001397 0.000919 0.000586 0.000381 0.000212 0.000134 0.000075 0.000059 0.000022 0.000012 0.000006 0.000002 0.000004 0.000002 0.000000 0.000000 0.000000 0.000000 0.000000 0.000000 0.000000 0.000000 
t: 0.007313432839 start: 123 end: 198 0.000001 0.000000 0.000002 0.000002 0.000006 0.000009 0.000017 0.000022 0.000042 0.000080 0.000129 0.000174 0.000295 0.000539 0.000800 0.001244 0.001811 0.002622 0.003699 0.005239 0.007234 0.009358 0.012298 0.015622 0.019858 0.024398 0.028717 0.033731 0.039197 0.043795 0.047904 0.051734 0.054714 0.056922 0.057243 0.056756 0.055196 0.052950 0.048912 0.044661 0.039997 0.035472 0.030543 0.025556 0.021216 0.017003 0.013529 0.010572 0.008159 0.005904 0.004369 0.003170 0.002172 0.001509 0.001012 0.000728 0.000453 0.000286 0.000164 0.000102 0.000070 0.000040 0.000017 0.000013 0.000005 0.000000 0.000003 0.000000 0.000001 0.000001 0.000001 0.000000 0.000000 0.000000 0.000000 0.000000 
t: 0.006447368423 start: 133 end: 209 0.000002 0.000000 0.000000 0.000001 0.000003 0.000006 0.000008 0.000011 0.000025 0.000048 0.000073 0.000119 0.000209 0.000358 0.000546 0.000849 0.001194 0.001774 0.002565 0.003658 0.005039 0.006759 0.009103 0.011718 0.014752 0.018632 0.022654 0.027190 0.031642 0.036443 0.041387 0.045660 0.049601 0.052264 0.054500 0.055774 0.055656 0.054953 0.053062 0.049837 0.046016 0.041741 0.037203 0.032422 0.027827 0.023576 0.019375 0.015568 0.012552 0.009731 0.007272 0.005387 0.003964 0.003001 0.002047 0.001466 0.000990 0.000642 0.000437 0.000280 0.000160 0.000107 0.000064 0.000042 0.000027 0.000013 0.000004 0.000006 0.000003 0.000001 0.000000 0.000001 0.000000 0.000000 0.000000 0.000000 0.000000 
t: 0.005764705884 start: 141 end: 222 0.000001 0.000001 0.000001 0.000002 0.000001 0.000004 0.000001 0.000006 0.000006 0.000017 0.000037 0.000040 0.000090 0.000146 0.000246 0.000353 0.000542 0.000934 0.001264 0.001859 0.002754 0.003694 0.005025 0.006578 0.008803 0.011501 0.014294 0.017921 0.021782 0.026460 0.030607 0.035034 0.039696 0.044089 0.047861 0.050899 0.053314 0.055034 0.054700 0.054099 0.052255 0.049986 0.046168 0.042768 0.038470 0.033740 0.028966 0.025061 0.020658 0.017080 0.013672 0.010868 0.008469 0.006172 0.004702 0.003470 0.002512 0.001729 0.001228 0.000830 0.000544 0.000354 0.000232 0.000135 0.000097 0.000057 0.000030 0.000017 0.000011 0.000009 0.000009 0.000003 0.000001 0.000001 0.000000 0.000000 0.000000 0.000000 0.000000 0.000000 0.000000 0.000000 
t: 0.005212765959 start: 151 end: 230 0.000001 0.000000 0.000000 0.000002 0.000001 0.000001 0.000004 0.000008 0.000011 0.000028 0.000051 0.000107 0.000167 0.000259 0.000372 0.000609 0.000868 0.001356 0.001842 0.002604 0.003608 0.005052 0.006607 0.008597 0.011088 0.014073 0.017263 0.020860 0.024939 0.029691 0.034291 0.038195 0.042723 0.046409 0.049713 0.051840 0.053554 0.054183 0.053507 0.052505 0.049943 0.047157 0.043316 0.039455 0.034888 0.030310 0.026177 0.022088 0.018274 0.014632 0.011897 0.009168 0.007097 0.005391 0.003911 0.002923 0.002080 0.001419 0.001024 0.000661 0.000435 0.000295 0.000189 0.000110 0.000070 0.000037 0.000023 0.000015 0.000009 0.000009 0.000003 0.000003 0.000001 0.000000 0.000000 0.000000 0.000001 0.000000 0.000000 0.000000 
t: 0.004757281555 start: 160 end: 240 0.000001 0.000002 0.000001 0.000000 0.000000 0.000004 0.000003 0.000014 0.000034 0.000058 0.000094 0.000137 0.000233 0.000342 0.000564 0.000887 0.001214 0.001720 0.002464 0.003415 0.004519 0.006201 0.007955 0.010367 0.013127 0.016275 0.019654 0.023600 0.028057 0.032403 0.036854 0.040948 0.044497 0.047905 0.050213 0.052540 0.053341 0.053324 0.052703 0.050319 0.048194 0.044305 0.040897 0.036607 0.032316 0.027900 0.023865 0.019831 0.016182 0.013448 0.010436 0.007852 0.006263 0.004576 0.003511 0.002488 0.001758 0.001189 0.000849 0.000538 0.000385 0.000228 0.000157 0.000090 0.000065 0.000029 0.000019 0.000015 0.000009 0.000004 0.000001 0.000001 0.000001 0.000001 0.000001 0.000000 0.000000 0.000000 0.000000 0.000000 0.000000 
t: 0.004375000001 start: 166 end: 243 0.000001 0.000000 0.000000 0.000000 0.000002 0.000000 0.000003 0.000006 0.000007 0.000027 0.000041 0.000067 0.000134 0.000197 0.000317 0.000474 0.000668 0.000971 0.001473 0.002014 0.002914 0.003932 0.005296 0.006900 0.009030 0.011647 0.014358 0.017505 0.021307 0.025283 0.029630 0.034026 0.038092 0.042146 0.045603 0.048676 0.051028 0.052578 0.053002 0.052360 0.051180 0.049496 0.046676 0.042621 0.038922 0.035307 0.030993 0.026665 0.022363 0.018578 0.015410 0.012330 0.009750 0.007575 0.005712 0.004249 0.003132 0.002321 0.001587 0.001160 0.000783 0.000520 0.000354 0.000255 0.000148 0.000078 0.000045 0.000026 0.000024 0.000015 0.000004 0.000003 0.000000 0.000001 0.000000 0.000002 0.000000 0.000000 
t: 0.004049586778 start: 175 end: 254 0.000001 0.000001 0.000001 0.000003 0.000003 0.000009 0.000019 0.000025 0.000048 0.000076 0.000120 0.000208 0.000364 0.000473 0.000689 0.001025 0.001553 0.002167 0.002939 0.004012 0.005483 0.007104 0.009157 0.011875 0.014330 0.018122 0.021536 0.025283 0.029429 0.034056 0.038016 0.041988 0.045384 0.048472 0.050737 0.051824 0.052722 0.052517 0.050852 0.048992 0.046655 0.042802 0.039268 0.035150 0.030474 0.026391 0.022646 0.018592 0.015723 0.012328 0.009865 0.007599 0.005836 0.004358 0.003259 0.002280 0.001715 0.001157 0.000770 0.000529 0.000380 0.000232 0.000141 0.000097 0.000056 0.000032 0.000027 0.000011 0.000006 0.000004 0.000001 0.000000 0.000000 0.000001 0.000000 0.000000 0.000000 0.000000 0.000000 0.000000 
t: 0.003769230770 start: 181 end: 262 0.000001 0.000001 0.000001 0.000003 0.000003 0.000013 0.000009 0.000026 0.000047 0.000068 0.000122 0.000179 0.000243 0.000448 0.000641 0.000950 0.001330 0.001941 0.002593 0.003678 0.004866 0.006543 0.008369 0.010840 0.013288 0.016473 0.019983 0.023772 0.027947 0.032183 0.036185 0.040334 0.043715 0.047146 0.049935 0.051113 0.052156 0.052456 0.051734 0.049825 0.047521 0.044229 0.040807 0.036698 0.032596 0.028230 0.024198 0.020338 0.016727 0.013715 0.010888 0.008662 0.006617 0.004938 0.003833 0.002747 0.001973 0.001326 0.000962 0.000655 0.000460 0.000285 0.000135 0.000113 0.000085 0.000040 0.000028 0.000019 0.000006 0.000004 0.000001 0.000000 0.000002 0.000001 0.000001 0.000000 0.000000 0.000000 0.000000 0.000000 0.000000 0.000000 
t: 0.003525179857 start: 189 end: 268 0.000002 0.000006 0.000006 0.000012 0.000022 0.000030 0.000050 0.000075 0.000116 0.000191 0.000316 0.000417 0.000674 0.001034 0.001366 0.002030 0.002702 0.003732 0.005074 0.006892 0.008766 0.010996 0.013765 0.016652 0.020402 0.024118 0.028227 0.032616 0.036687 0.040102 0.044567 0.047151 0.049412 0.051124 0.052283 0.052108 0.051513 0.049388 0.047238 0.044094 0.040329 0.036304 0.032244 0.028077 0.023770 0.020127 0.016722 0.013484 0.010834 0.008571 0.006520 0.004860 0.003654 0.002658 0.001868 0.001342 0.000928 0.000593 0.000438 0.000278 0.000165 0.000106 0.000057 0.000051 0.000023 0.000019 0.000012 0.000006 0.000001 0.000001 0.000000 0.000001 0.000001 0.000000 0.000000 0.000000 0.000000 0.000000 0.000000 0.000000 
t: 0.003310810811 start: 194 end: 272 0.000001 0.000004 0.000007 0.000005 0.000018 0.000028 0.000036 0.000067 0.000083 0.000164 0.000258 0.000360 0.000577 0.000814 0.001227 0.001734 0.002381 0.003333 0.004522 0.005945 0.007691 0.010151 0.012301 0.015518 0.018399 0.022394 0.026190 0.030729 0.034516 0.038846 0.042313 0.046046 0.048629 0.050476 0.051824 0.052154 0.051672 0.050605 0.048459 0.045399 0.041913 0.038242 0.034103 0.030235 0.025726 0.022058 0.018095 0.014975 0.012041 0.009393 0.007370 0.005637 0.004152 0.003105 0.002297 0.001638 0.001063 0.000718 0.000469 0.000321 0.000206 0.000139 0.000089 0.000053 0.000035 0.000021 0.000014 0.000010 0.000001 0.000002 0.000003 0.000000 0.000000 0.000000 0.000000 0.000000 0.000000 0.000000 0.000000 
t: 0.003121019109 start: 199 end: 277 0.000002 0.000004 0.000003 0.000006 0.000015 0.000027 0.000044 0.000054 0.000105 0.000162 0.000220 0.000360 0.000544 0.000832 0.001247 0.001646 0.002431 0.003215 0.004368 0.005766 0.007696 0.009741 0.012284 0.015088 0.018447 0.022280 0.025898 0.030221 0.034273 0.038553 0.042321 0.045392 0.048146 0.050808 0.051764 0.052252 0.051648 0.050451 0.048660 0.045942 0.042199 0.038526 0.034093 0.030522 0.026050 0.022265 0.018727 0.014953 0.012348 0.009503 0.007376 0.005717 0.004382 0.003194 0.002299 0.001659 0.001060 0.000813 0.000507 0.000336 0.000205 0.000124 0.000076 0.000056 0.000045 0.000021 0.000011 0.000008 0.000004 0.000004 0.000001 0.000000 0.000000 0.000000 0.000000 0.000000 0.000000 0.000000 0.000000 
t: 0.002951807229 start: 203 end: 282 0.000001 0.000001 0.000003 0.000009 0.000008 0.000022 0.000023 0.000041 0.000065 0.000124 0.000193 0.000274 0.000402 0.000647 0.000882 0.001358 0.001880 0.002645 0.003521 0.004729 0.006253 0.008143 0.010443 0.013061 0.016070 0.019673 0.023296 0.026971 0.031233 0.035322 0.039650 0.043446 0.046262 0.048795 0.051307 0.051791 0.052224 0.051620 0.050080 0.048021 0.044972 0.041064 0.037564 0.032949 0.029352 0.025096 0.021201 0.017323 0.014307 0.011219 0.009074 0.006896 0.005201 0.003954 0.002922 0.002092 0.001453 0.000962 0.000705 0.000423 0.000287 0.000188 0.000117 0.000082 0.000039 0.000024 0.000022 0.000011 0.000003 0.000006 0.000002 0.000001 0.000000 0.000000 0.000000 0.000000 0.000000 0.000000 0.000000 0.000000 
t: 0.002800000000 start: 207 end: 286 0.000001 0.000001 0.000003 0.000004 0.000007 0.000017 0.000015 0.000043 0.000059 0.000096 0.000153 0.000215 0.000354 0.000514 0.000767 0.001208 0.001706 0.002235 0.003108 0.004267 0.005602 0.007266 0.009416 0.011887 0.014974 0.018064 0.021846 0.025386 0.029715 0.033894 0.038039 0.041630 0.044978 0.047919 0.050626 0.052069 0.052195 0.052386 0.051016 0.048738 0.046257 0.042655 0.038879 0.034896 0.031018 0.026634 0.022401 0.018640 0.015471 0.012334 0.009933 0.007691 0.005797 0.004327 0.003210 0.002385 0.001660 0.001167 0.000765 0.000535 0.000328 0.000223 0.000139 0.000086 0.000064 0.000045 0.000018 0.000008 0.000005 0.000007 0.000002 0.000001 0.000000 0.000000 0.000000 0.000000 0.000000 0.000000 0.000000 0.000000 
t: 0.002663043479 start: 211 end: 289 0.000001 0.000002 0.000000 0.000003 0.000006 0.000006 0.000031 0.000033 0.000058 0.000076 0.000160 0.000223 0.000337 0.000559 0.000685 0.001110 0.001555 0.002192 0.002958 0.004104 0.005296 0.007286 0.009211 0.011570 0.014442 0.017981 0.021014 0.025125 0.029121 0.033440 0.037535 0.041455 0.044735 0.048043 0.050022 0.052147 0.052259 0.052294 0.051154 0.049268 0.046405 0.043416 0.040033 0.035099 0.031227 0.027151 0.022652 0.019058 0.015910 0.012818 0.009882 0.007725 0.005851 0.004395 0.003290 0.002331 0.001744 0.001191 0.000820 0.000542 0.000330 0.000251 0.000145 0.000103 0.000047 0.000034 0.000017 0.000018 0.000008 0.000007 0.000002 0.000001 0.000000 0.000000 0.000000 0.000000 0.000000 0.000000 0.000000 
t: 0.002538860104 start: 216 end: 294 0.000002 0.000001 0.000005 0.000010 0.000017 0.000019 0.000037 0.000049 0.000098 0.000139 0.000259 0.000344 0.000554 0.000818 0.001146 0.001519 0.002245 0.003081 0.004312 0.005527 0.007420 0.009556 0.011876 0.015013 0.018096 0.021902 0.025735 0.029814 0.034161 0.037951 0.042049 0.045340 0.048649 0.050655 0.051679 0.052573 0.052271 0.051424 0.049105 0.046314 0.043092 0.038814 0.034883 0.030374 0.026460 0.022399 0.018324 0.015249 0.011955 0.009508 0.007395 0.005659 0.004015 0.003118 0.002185 0.001653 0.001087 0.000736 0.000456 0.000330 0.000191 0.000133 0.000095 0.000056 0.000031 0.000009 0.000013 0.000008 0.000005 0.000001 0.000001 0.000000 0.000000 0.000000 0.000000 0.000000 0.000000 0.000000 0.000000 
t: 0.002425742574 start: 219 end: 298 0.000002 0.000000 0.000003 0.000005 0.000013 0.000018 0.000029 0.000035 0.000061 0.000108 0.000187 0.000284 0.000403 0.000620 0.000904 0.001262 0.001832 0.002592 0.003444 0.004695 0.006247 0.008181 0.010330 0.012984 0.015926 0.019723 0.023134 0.027179 0.031265 0.035763 0.039444 0.043627 0.046882 0.049621 0.051275 0.052488 0.053198 0.052065 0.050623 0.048322 0.045065 0.041368 0.037266 0.033341 0.028832 0.024686 0.020630 0.017173 0.013924 0.010796 0.008638 0.006476 0.004854 0.003684 0.002687 0.001894 0.001356 0.000865 0.000616 0.000407 0.000249 0.000179 0.000081 0.000074 0.000032 0.000023 0.000009 0.000008 0.000007 0.000002 0.000002 0.000001 0.000000 0.000001 0.000000 0.000000 0.000000 0.000000 0.000000 0.000000 
t: 0.002322274882 start: 223 end: 302 0.000002 0.000001 0.000006 0.000007 0.000014 0.000017 0.000026 0.000055 0.000098 0.000137 0.000238 0.000365 0.000497 0.000685 0.001115 0.001581 0.002279 0.002998 0.004183 0.005486 0.007298 0.009394 0.012078 0.014692 0.017921 0.021608 0.025332 0.029674 0.033753 0.038127 0.042105 0.045872 0.048750 0.050743 0.052693 0.053366 0.052795 0.051120 0.049482 0.046647 0.043104 0.038931 0.034792 0.030736 0.026263 0.022352 0.018227 0.015006 0.011694 0.009415 0.007158 0.005469 0.004024 0.003002 0.002125 0.001544 0.000998 0.000683 0.000487 0.000268 0.000190 0.000113 0.000079 0.000041 0.000026 0.000009 0.000010 0.000007 0.000004 0.000001 0.000001 0.000000 0.000000 0.000001 0.000000 0.000000 0.000000 0.000000 0.000000 0.000000 
t: 0.002227272727 start: 225 end: 305 0.000001 0.000002 0.000000 0.000004 0.000008 0.000009 0.000019 0.000027 0.000049 0.000088 0.000112 0.000214 0.000306 0.000431 0.000690 0.001000 0.001491 0.002093 0.002769 0.003860 0.005253 0.006888 0.008838 0.011164 0.013974 0.017174 0.020778 0.024918 0.028735 0.032987 0.036833 0.041685 0.045121 0.048462 0.050948 0.052214 0.053373 0.053316 0.051798 0.049983 0.047509 0.043627 0.040147 0.035532 0.031518 0.027410 0.022913 0.018921 0.015396 0.012298 0.009628 0.007518 0.005774 0.004338 0.003018 0.002227 0.001538 0.001110 0.000703 0.000474 0.000311 0.000191 0.000110 0.000063 0.000043 0.000023 0.000019 0.000012 0.000007 0.000002 0.000002 0.000000 0.000001 0.000001 0.000000 0.000001 0.000000 0.000000 0.000000 0.000000 0.000000 
t: 0.002139737991 start: 228 end: 306 0.000001 0.000001 0.000002 0.000000 0.000006 0.000010 0.000019 0.000027 0.000061 0.000068 0.000131 0.000185 0.000310 0.000437 0.000696 0.000975 0.001402 0.002020 0.002736 0.003818 0.005136 0.006903 0.008714 0.010986 0.013893 0.017017 0.020840 0.024302 0.028559 0.033002 0.037290 0.041585 0.045272 0.048401 0.050744 0.052945 0.053491 0.053153 0.052398 0.050063 0.047660 0.043978 0.040208 0.035604 0.031565 0.027206 0.022856 0.019126 0.015438 0.012274 0.009666 0.007328 0.005719 0.004089 0.003063 0.002194 0.001519 0.001018 0.000695 0.000467 0.000278 0.000187 0.000093 0.000064 0.000042 0.000022 0.000017 0.000012 0.000008 0.000001 0.000003 0.000000 0.000000 0.000000 0.000001 0.000000 0.000000 0.000000 0.000000 
t: 0.002058823530 start: 232 end: 309 0.000001 0.000002 0.000005 0.000007 0.000011 0.000018 0.000027 0.000057 0.000073 0.000126 0.000183 0.000332 0.000441 0.000692 0.001041 0.001506 0.002099 0.002800 0.003912 0.005322 0.007098 0.009004 0.011326 0.014250 0.017657 0.021006 0.024976 0.029361 0.033588 0.037962 0.042107 0.046006 0.048907 0.051282 0.053189 0.053498 0.053706 0.052108 0.049933 0.047256 0.043393 0.039419 0.035432 0.031066 0.026306 0.022305 0.018132 0.014847 0.011973 0.009102 0.007088 0.005339 0.003943 0.002851 0.001964 0.001379 0.000885 0.000655 0.000421 0.000250 0.000140 0.000092 0.000052 0.000032 0.000029 0.000013 0.000005 0.000006 0.000005 0.000000 0.000001 0.000000 0.000000 0.000000 0.000000 0.000000 0.000000 0.000000 
t: 0.001983805668 start: 235 end: 312 0.000001 0.000002 0.000006 0.000004 0.000015 0.000017 0.000039 0.000057 0.000085 0.000137 0.000186 0.000377 0.000518 0.000778 0.001142 0.001619 0.002271 0.003043 0.004283 0.005618 0.007420 0.009685 0.012072 0.015170 0.018510 0.022170 0.026036 0.030472 0.035271 0.039318 0.043557 0.046877 0.049696 0.052453 0.053559 0.053865 0.053490 0.051684 0.049694 0.046264 0.042715 0.038136 0.034172 0.029575 0.024802 0.020959 0.017149 0.013597 0.010785 0.008437 0.006333 0.004837 0.003499 0.002531 0.001720 0.001109 0.000791 0.000546 0.000353 0.000200 0.000111 0.000074 0.000043 0.000025 0.000012 0.000015 0.000007 0.000004 0.000001 0.000001 0.000000 0.000000 0.000000 0.000000 0.000000 0.000000 0.000000 0.000000 
t: 0.001914062500 start: 237 end: 314 0.000001 0.000001 0.000003 0.000002 0.000009 0.000018 0.000032 0.000034 0.000069 0.000092 0.000161 0.000222 0.000387 0.000613 0.000905 0.001316 0.001843 0.002488 0.003567 0.004758 0.006356 0.008212 0.010423 0.013315 0.016423 0.019992 0.023966 0.027923 0.032539 0.037087 0.041327 0.044969 0.048890 0.051297 0.052790 0.054139 0.054482 0.053074 0.051392 0.048086 0.044739 0.040793 0.036093 0.032137 0.027517 0.023244 0.019098 0.015537 0.012148 0.009595 0.007288 0.005607 0.004063 0.002863 0.002092 0.001343 0.000962 0.000651 0.000393 0.000258 0.000159 0.000092 0.000043 0.000024 0.000028 0.000016 0.000009 0.000002 0.000002 0.000000 0.000001 0.000000 0.000000 0.000000 0.000000 0.000000 0.000000 0.000000 
t: 0.001849056604 start: 239 end: 315 0.000001 0.000001 0.000000 0.000004 0.000009 0.000010 0.000018 0.000026 0.000048 0.000085 0.000130 0.000183 0.000299 0.000470 0.000758 0.001117 0.001538 0.002142 0.002956 0.004180 0.005382 0.007235 0.009359 0.012101 0.014929 0.018375 0.021914 0.026338 0.030748 0.034929 0.039700 0.043747 0.046900 0.050435 0.052853 0.053873 0.054798 0.054194 0.052400 0.050095 0.046169 0.042455 0.038302 0.033855 0.029438 0.024907 0.020713 0.017008 0.013440 0.010537 0.007953 0.006171 0.004554 0.003288 0.002373 0.001540 0.001138 0.000707 0.000469 0.000270 0.000176 0.000093 0.000072 0.000036 0.000024 0.000017 0.000008 0.000002 0.000004 0.000000 0.000001 0.000000 0.000000 0.000000 0.000000 0.000000 0.000000 
t: 0.001788321168 start: 243 end: 319 0.000002 0.000005 0.000006 0.000006 0.000010 0.000026 0.000037 0.000062 0.000112 0.000172 0.000238 0.000394 0.000629 0.000935 0.001354 0.001905 0.002624 0.003674 0.005023 0.006468 0.008650 0.010960 0.013902 0.016838 0.020819 0.025283 0.029107 0.033930 0.038369 0.042398 0.046367 0.049443 0.052303 0.053975 0.055061 0.054327 0.053406 0.050868 0.047745 0.044041 0.039570 0.035496 0.030792 0.026236 0.021946 0.017605 0.014425 0.011309 0.008695 0.006586 0.004826 0.003490 0.002481 0.001758 0.001243 0.000767 0.000504 0.000314 0.000177 0.000125 0.000070 0.000055 0.000025 0.000012 0.000012 0.000002 0.000003 0.000000 0.000001 0.000001 0.000000 0.000000 0.000000 0.000000 0.000000 0.000000 0.000000 
t: 0.001731448763 start: 244 end: 321 0.000001 0.000000 0.000001 0.000005 0.000007 0.000009 0.000021 0.000036 0.000065 0.000075 0.000150 0.000221 0.000320 0.000606 0.000825 0.001140 0.001854 0.002495 0.003302 0.004571 0.006151 0.007965 0.010319 0.013074 0.016569 0.019948 0.023908 0.028463 0.033191 0.037304 0.041841 0.045787 0.048874 0.052144 0.054174 0.054973 0.054786 0.053981 0.051510 0.048863 0.044687 0.040649 0.036253 0.031841 0.027065 0.022537 0.018362 0.014944 0.011826 0.008937 0.006830 0.005002 0.003718 0.002611 0.001792 0.001248 0.000843 0.000524 0.000302 0.000207 0.000123 0.000070 0.000041 0.000024 0.000022 0.000004 0.000005 0.000001 0.000001 0.000001 0.000001 0.000000 0.000000 0.000000 0.000000 0.000000 0.000000 0.000000 
t: 0.001678082192 start: 248 end: 323 0.000002 0.000002 0.000010 0.000010 0.000015 0.000031 0.000056 0.000073 0.000145 0.000204 0.000321 0.000514 0.000790 0.001099 0.001743 0.002272 0.003138 0.004416 0.005785 0.007941 0.010005 0.012614 0.015939 0.019526 0.023812 0.027908 0.032452 0.036875 0.041284 0.045884 0.048872 0.052077 0.054470 0.054890 0.055351 0.054072 0.052183 0.049009 0.045584 0.041252 0.036874 0.032015 0.027548 0.022892 0.018342 0.015205 0.011901 0.009010 0.007052 0.005076 0.003737 0.002575 0.001694 0.001288 0.000848 0.000527 0.000303 0.000182 0.000145 0.000065 0.000041 0.000024 0.000012 0.000012 0.000003 0.000001 0.000001 0.000001 0.000000 0.000000 0.000000 0.000000 0.000000 0.000000 0.000000 0.000000 
t: 0.001627906977 start: 251 end: 323 0.000006 0.000005 0.000009 0.000021 0.000027 0.000046 0.000070 0.000141 0.000210 0.000319 0.000475 0.000767 0.001121 0.001615 0.002227 0.003144 0.004188 0.005936 0.007698 0.009912 0.012591 0.015826 0.019501 0.023576 0.027886 0.032577 0.037155 0.041387 0.045361 0.049723 0.052179 0.053907 0.055587 0.055708 0.054523 0.052634 0.049241 0.045879 0.041354 0.036930 0.031821 0.027119 0.022665 0.018718 0.014704 0.011650 0.009054 0.006716 0.005079 0.003519 0.002522 0.001757 0.001203 0.000756 0.000498 0.000324 0.000163 0.000104 0.000079 0.000045 0.000018 0.000009 0.000008 0.000003 0.000004 0.000000 0.000000 0.000000 0.000000 0.000000 0.000000 0.000000 0.000000 
t: 0.001580645161 start: 252 end: 325 0.000002 0.000001 0.000005 0.000008 0.000013 0.000032 0.000047 0.000086 0.000147 0.000183 0.000303 0.000480 0.000813 0.001121 0.001526 0.002334 0.003085 0.004372 0.005896 0.007822 0.009916 0.012711 0.016103 0.019991 0.023853 0.028223 0.032914 0.037418 0.041880 0.046316 0.049676 0.052711 0.054619 0.056249 0.055700 0.054541 0.052450 0.049311 0.045602 0.041016 0.036365 0.031501 0.026659 0.022193 0.017956 0.014498 0.011376 0.008537 0.006458 0.004726 0.003356 0.002401 0.001591 0.001062 0.000728 0.000441 0.000273 0.000159 0.000110 0.000055 0.000039 0.000017 0.000012 0.000006 0.000003 0.000002 0.000000 0.000000 0.000000 0.000000 0.000000 0.000000 0.000000 0.000000 
t: 0.001536050157 start: 254 end: 326 0.000001 0.000006 0.000004 0.000005 0.000013 0.000036 0.000048 0.000088 0.000148 0.000198 0.000350 0.000507 0.000783 0.001141 0.001659 0.002331 0.003250 0.004511 0.006103 0.007955 0.010544 0.013313 0.016444 0.020294 0.024450 0.029129 0.033750 0.038384 0.042810 0.046987 0.050469 0.053531 0.055522 0.056338 0.055900 0.054531 0.052376 0.048585 0.044550 0.040412 0.035689 0.030431 0.026063 0.021178 0.017323 0.013693 0.010485 0.008106 0.006089 0.004325 0.002993 0.002143 0.001475 0.001002 0.000582 0.000391 0.000233 0.000142 0.000080 0.000058 0.000029 0.000020 0.000005 0.000006 0.000003 0.000000 0.000000 0.000000 0.000000 0.000000 0.000000 0.000000 0.000000 
t: 0.001493902439 start: 256 end: 328 0.000005 0.000002 0.000005 0.000010 0.000012 0.000044 0.000059 0.000085 0.000132 0.000230 0.000361 0.000590 0.000835 0.001166 0.001763 0.002534 0.003438 0.004729 0.006509 0.008570 0.010926 0.013961 0.017165 0.021421 0.025679 0.029797 0.035022 0.039644 0.044035 0.048275 0.051566 0.054589 0.055765 0.056217 0.056288 0.054470 0.051441 0.047685 0.043972 0.039484 0.034185 0.029122 0.024849 0.020141 0.016088 0.012711 0.009871 0.007364 0.005328 0.003890 0.002656 0.001904 0.001220 0.000887 0.000508 0.000330 0.000203 0.000098 0.000074 0.000051 0.000022 0.000009 0.000005 0.000002 0.000001 0.000000 0.000000 0.000000 0.000000 0.000000 0.000000 0.000000 0.000000 
t: 0.001454005935 start: 257 end: 329 0.000003 0.000000 0.000005 0.000003 0.000011 0.000032 0.000037 0.000068 0.000097 0.000157 0.000246 0.000391 0.000663 0.000854 0.001349 0.001931 0.002727 0.003825 0.005115 0.006948 0.009152 0.011794 0.014967 0.018461 0.022467 0.026953 0.031694 0.036303 0.041221 0.045529 0.049847 0.052767 0.055080 0.056747 0.056836 0.055827 0.053725 0.050800 0.046773 0.042313 0.037833 0.032610 0.027674 0.022996 0.018684 0.014738 0.011798 0.008727 0.006393 0.004762 0.003322 0.002323 0.001597 0.001074 0.000699 0.000412 0.000262 0.000158 0.000103 0.000061 0.000031 0.000015 0.000006 0.000002 0.000001 0.000001 0.000000 0.000000 0.000000 0.000000 0.000000 0.000000 0.000000 
t: 0.001416184971 start: 257 end: 330 0.000002 0.000001 0.000002 0.000000 0.000004 0.000008 0.000014 0.000031 0.000050 0.000062 0.000106 0.000205 0.000283 0.000434 0.000683 0.001049 0.001508 0.002183 0.003015 0.004231 0.005769 0.007505 0.009858 0.013005 0.016289 0.019879 0.024233 0.029015 0.033040 0.038465 0.043134 0.047492 0.051234 0.054047 0.056107 0.057213 0.057030 0.055386 0.052733 0.049549 0.045473 0.040688 0.035292 0.030654 0.025873 0.020970 0.016984 0.013505 0.010255 0.007655 0.005629 0.003970 0.002773 0.001949 0.001321 0.000837 0.000525 0.000311 0.000190 0.000152 0.000058 0.000049 0.000017 0.000006 0.000005 0.000004 0.000001 0.000000 0.000000 0.000000 0.000000 0.000000 0.000000 0.000000 
t: 0.001380281690 start: 258 end: 331 0.000001 0.000000 0.000002 0.000001 0.000004 0.000006 0.000008 0.000017 0.000041 0.000052 0.000078 0.000150 0.000219 0.000311 0.000512 0.000779 0.001255 0.001724 0.002467 0.003479 0.004801 0.006381 0.008551 0.011081 0.014205 0.017905 0.021771 0.026433 0.030721 0.035600 0.040846 0.045034 0.049244 0.053227 0.055427 0.057404 0.057438 0.056193 0.054643 0.051623 0.047978 0.043070 0.038527 0.033411 0.028172 0.023416 0.019011 0.015177 0.011749 0.008789 0.006591 0.004675 0.003305 0.002286 0.001604 0.000970 0.000682 0.000362 0.000247 0.000160 0.000093 0.000049 0.000020 0.000012 0.000004 0.000002 0.000004 0.000000 0.000000 0.000000 0.000000 0.000000 0.000000 0.000000 
t: 0.001346153846 start: 259 end: 333 0.000001 0.000001 0.000000 0.000002 0.000002 0.000004 0.000007 0.000012 0.000025 0.000036 0.000066 0.000126 0.000172 0.000232 0.000429 0.000602 0.000979 0.001391 0.002126 0.002811 0.004038 0.005429 0.007313 0.009707 0.012566 0.016117 0.019614 0.024097 0.028649 0.033362 0.038198 0.043095 0.047430 0.052018 0.054644 0.056525 0.057645 0.057587 0.056393 0.053159 0.050130 0.045753 0.040219 0.035749 0.031021 0.025479 0.020943 0.016826 0.013031 0.009965 0.007394 0.005389 0.003820 0.002735 0.001818 0.001211 0.000755 0.000469 0.000292 0.000176 0.000104 0.000055 0.000023 0.000016 0.000007 0.000008 0.000001 0.000000 0.000000 0.000000 0.000001 0.000000 0.000000 0.000000 0.000000 
t: 0.001313672922 start: 261 end: 334 0.000001 0.000000 0.000001 0.000002 0.000002 0.000009 0.000008 0.000009 0.000024 0.000051 0.000090 0.000125 0.000208 0.000331 0.000491 0.000769 0.001212 0.001693 0.002488 0.003397 0.004688 0.006389 0.008334 0.011441 0.014342 0.017942 0.022176 0.026439 0.031390 0.036254 0.041003 0.046044 0.050111 0.054032 0.056306 0.057533 0.058335 0.056977 0.054827 0.051850 0.047492 0.043082 0.037874 0.032636 0.027609 0.022747 0.018317 0.014345 0.011168 0.008350 0.005937 0.004351 0.003064 0.002145 0.001351 0.000889 0.000505 0.000362 0.000197 0.000137 0.000048 0.000031 0.000020 0.000011 0.000006 0.000001 0.000000 0.000000 0.000000 0.000001 0.000000 0.000000 0.000000 0.000000 
t: 0.001282722513 start: 264 end: 336 0.000002 0.000000 0.000002 0.000003 0.000004 0.000016 0.000011 0.000047 0.000085 0.000100 0.000168 0.000265 0.000401 0.000676 0.000960 0.001419 0.002122 0.002967 0.004156 0.005534 0.007629 0.010115 0.012974 0.016488 0.020352 0.024887 0.028981 0.034655 0.039365 0.044418 0.048933 0.052820 0.055912 0.057763 0.058355 0.057648 0.056083 0.053422 0.049508 0.045115 0.039604 0.034542 0.029348 0.024357 0.019695 0.015873 0.011921 0.009127 0.006572 0.004776 0.003421 0.002334 0.001551 0.000926 0.000687 0.000395 0.000227 0.000134 0.000069 0.000030 0.000023 0.000018 0.000005 0.000002 0.000000 0.000001 0.000001 0.000000 0.000000 0.000000 0.000000 0.000000 0.000000 
t: 0.001253196931 start: 265 end: 338 0.000001 0.000001 0.000001 0.000004 0.000009 0.000004 0.000013 0.000028 0.000064 0.000080 0.000156 0.000217 0.000376 0.000537 0.000806 0.001219 0.001802 0.002568 0.003687 0.004975 0.006794 0.009326 0.011881 0.015190 0.018945 0.023247 0.027806 0.032974 0.037861 0.042524 0.047900 0.052072 0.055127 0.057647 0.058545 0.058501 0.057267 0.054391 0.051065 0.046441 0.041616 0.036215 0.030869 0.025753 0.021006 0.016484 0.013064 0.009804 0.007170 0.005243 0.003697 0.002560 0.001686 0.001071 0.000700 0.000431 0.000264 0.000130 0.000091 0.000041 0.000025 0.000012 0.000009 0.000004 0.000002 0.000000 0.000001 0.000000 0.000000 0.000000 0.000000 0.000000 0.000000 0.000000 
t: 0.001225000000 start: 266 end: 338 0.000001 0.000000 0.000002 0.000003 0.000006 0.000002 0.000018 0.000027 0.000042 0.000074 0.000121 0.000198 0.000318 0.000453 0.000730 0.001072 0.001538 0.002314 0.003277 0.004499 0.006211 0.008393 0.010931 0.014239 0.017980 0.021780 0.026452 0.031519 0.036304 0.041596 0.046929 0.051138 0.054750 0.057364 0.058385 0.059117 0.058038 0.055323 0.052343 0.047911 0.043146 0.037799 0.032375 0.026775 0.021942 0.017591 0.013734 0.010439 0.007703 0.005501 0.003990 0.002815 0.001765 0.001159 0.000781 0.000472 0.000260 0.000171 0.000093 0.000039 0.000022 0.000018 0.000005 0.000002 0.000004 0.000000 0.000000 0.000001 0.000000 0.000000 0.000000 0.000000 0.000000 
t: 0.001198044010 start: 268 end: 339 0.000002 0.000003 0.000000 0.000006 0.000005 0.000011 0.000023 0.000036 0.000069 0.000111 0.000162 0.000271 0.000404 0.000613 0.000951 0.001389 0.002042 0.002964 0.004215 0.005651 0.007767 0.010295 0.013254 0.016848 0.020815 0.025128 0.030479 0.035362 0.040485 0.045875 0.050534 0.054048 0.057084 0.058855 0.059469 0.058338 0.056260 0.053371 0.049257 0.044212 0.039140 0.033462 0.028000 0.023014 0.018207 0.014391 0.011035 0.008097 0.005838 0.004190 0.002836 0.001936 0.001259 0.000762 0.000530 0.000268 0.000171 0.000090 0.000051 0.000030 0.000012 0.000008 0.000006 0.000002 0.000000 0.000001 0.000000 0.000000 0.000000 0.000000 0.000000 0.000000 
t: 0.001172248804 start: 271 end: 341 0.000004 0.000005 0.000005 0.000006 0.000019 0.000036 0.000046 0.000089 0.000157 0.000221 0.000370 0.000563 0.000838 0.001253 0.001908 0.002751 0.003764 0.005285 0.007175 0.009800 0.012542 0.016110 0.019803 0.024612 0.029292 0.034276 0.039930 0.044724 0.049723 0.053613 0.057222 0.059010 0.059797 0.059286 0.056889 0.054158 0.049760 0.045460 0.039898 0.034601 0.028919 0.023705 0.019013 0.014962 0.011234 0.008571 0.005996 0.004381 0.002951 0.001975 0.001307 0.000800 0.000525 0.000294 0.000166 0.000095 0.000050 0.000022 0.000015 0.000011 0.000003 0.000003 0.000001 0.000000 0.000000 0.000000 0.000000 0.000000 0.000000 0.000000 0.000000 
t: 0.001147540984 start: 271 end: 341 0.000001 0.000003 0.000003 0.000005 0.000009 0.000016 0.000023 0.000042 0.000082 0.000134 0.000218 0.000305 0.000495 0.000781 0.001157 0.001792 0.002451 0.003615 0.004922 0.006795 0.009167 0.012198 0.015479 0.019248 0.023744 0.028462 0.033761 0.038892 0.044317 0.049319 0.053372 0.056828 0.059239 0.060318 0.059504 0.057583 0.054976 0.050769 0.045957 0.040634 0.035168 0.029803 0.024158 0.019738 0.015135 0.011734 0.008618 0.006243 0.004405 0.003046 0.002050 0.001306 0.000797 0.000518 0.000284 0.000170 0.000106 0.000043 0.000032 0.000017 0.000004 0.000006 0.000003 0.000000 0.000000 0.000000 0.000000 0.000000 0.000000 0.000000 0.000000 
t: 0.001123853211 start: 271 end: 342 0.000001 0.000000 0.000001 0.000005 0.000005 0.000005 0.000013 0.000023 0.000040 0.000075 0.000110 0.000196 0.000272 0.000484 0.000713 0.001084 0.001627 0.002392 0.003393 0.004692 0.006480 0.008917 0.011662 0.015072 0.018786 0.023077 0.028053 0.033078 0.038142 0.044029 0.048885 0.053339 0.056934 0.059304 0.060684 0.059624 0.058639 0.055033 0.051442 0.046779 0.041263 0.035760 0.029924 0.024714 0.019778 0.015618 0.011908 0.008758 0.006396 0.004405 0.003059 0.002043 0.001310 0.000860 0.000470 0.000272 0.000183 0.000078 0.000057 0.000028 0.000009 0.000007 0.000006 0.000003 0.000001 0.000000 0.000000 0.000000 0.000000 0.000000 0.000000 0.000000 
t: 0.001101123596 start: 272 end: 342 0.000001 0.000000 0.000000 0.000004 0.000001 0.000007 0.000011 0.000025 0.000038 0.000063 0.000091 0.000184 0.000268 0.000445 0.000692 0.000988 0.001533 0.002260 0.003270 0.004474 0.006330 0.008607 0.011461 0.014631 0.018420 0.022610 0.027692 0.032839 0.038091 0.043777 0.048496 0.053111 0.057029 0.059585 0.060545 0.060729 0.058647 0.055851 0.051897 0.047007 0.041659 0.036016 0.030464 0.024695 0.019938 0.015674 0.011970 0.008714 0.006399 0.004436 0.003096 0.002030 0.001293 0.000813 0.000453 0.000286 0.000154 0.000098 0.000050 0.000022 0.000013 0.000009 0.000004 0.000003 0.000001 0.000000 0.000000 0.000000 0.000000 0.000000 0.000000 
t: 0.001079295154 start: 272 end: 343 0.000001 0.000000 0.000000 0.000001 0.000002 0.000001 0.000005 0.000012 0.000020 0.000038 0.000051 0.000099 0.000151 0.000268 0.000437 0.000653 0.000982 0.001473 0.002145 0.003139 0.004530 0.006198 0.008360 0.011018 0.014600 0.018007 0.022648 0.027215 0.032713 0.038283 0.043462 0.048341 0.053540 0.057263 0.059604 0.061185 0.061028 0.058861 0.056220 0.051787 0.047362 0.041937 0.036268 0.030415 0.024971 0.019943 0.015451 0.011843 0.008811 0.006253 0.004311 0.003050 0.001958 0.001280 0.000721 0.000486 0.000264 0.000154 0.000086 0.000050 0.000018 0.000012 0.000007 0.000004 0.000003 0.000001 0.000000 0.000000 0.000000 0.000000 0.000000 0.000000 
t: 0.001058315335 start: 272 end: 342 0.000001 0.000000 0.000000 0.000001 0.000001 0.000000 0.000001 0.000008 0.000009 0.000026 0.000025 0.000060 0.000088 0.000152 0.000272 0.000400 0.000598 0.000983 0.001402 0.002075 0.003149 0.004401 0.006136 0.008353 0.010950 0.014196 0.018124 0.022585 0.027356 0.032719 0.038011 0.043762 0.048971 0.053388 0.057250 0.060307 0.061311 0.061056 0.059284 0.056419 0.051916 0.047654 0.041790 0.036097 0.030502 0.024945 0.019516 0.015318 0.011738 0.008580 0.006155 0.004252 0.002888 0.001909 0.001177 0.000730 0.000454 0.000249 0.000128 0.000079 0.000049 0.000021 0.000008 0.000008 0.000004 0.000003 0.000000 0.000000 0.000000 0.000000 0.000000 
t: 0.001038135593 start: 273 end: 343 0.000001 0.000000 0.000000 0.000000 0.000001 0.000001 0.000001 0.000003 0.000019 0.000020 0.000027 0.000063 0.000081 0.000143 0.000247 0.000418 0.000636 0.000866 0.001448 0.002099 0.002992 0.004355 0.006135 0.008340 0.010919 0.014362 0.018137 0.022702 0.027487 0.032835 0.038179 0.044052 0.049144 0.054065 0.057770 0.060108 0.061972 0.061325 0.059286 0.056400 0.052321 0.047263 0.041701 0.036047 0.030154 0.024462 0.019403 0.015129 0.011216 0.008335 0.006014 0.004007 0.002853 0.001745 0.001087 0.000716 0.000423 0.000196 0.000128 0.000078 0.000042 0.000016 0.000014 0.000005 0.000005 0.000001 0.000000 0.000000 0.000000 0.000000 0.000000 
t: 0.001018711019 start: 276 end: 344 0.000001 0.000000 0.000001 0.000000 0.000003 0.000006 0.000012 0.000018 0.000036 0.000048 0.000086 0.000153 0.000235 0.000416 0.000595 0.000946 0.001421 0.002002 0.003048 0.004402 0.006174 0.008346 0.010930 0.014603 0.018302 0.022871 0.027761 0.033160 0.038850 0.044434 0.049844 0.054521 0.058122 0.060662 0.062133 0.061315 0.059660 0.056360 0.052040 0.047243 0.041482 0.035613 0.029541 0.023919 0.018847 0.014609 0.010915 0.008070 0.005633 0.003843 0.002612 0.001647 0.001072 0.000624 0.000373 0.000192 0.000116 0.000056 0.000040 0.000017 0.000012 0.000004 0.000003 0.000000 0.000000 0.000000 0.000000 0.000000 0.000000 
t: 0.001000000000 start: 278 end: 347 0.000001 0.000001 0.000000 0.000003 0.000012 0.000006 0.000020 0.000039 0.000042 0.000089 0.000146 0.000248 0.000389 0.000630 0.000936 0.001404 0.002143 0.003084 0.004516 0.006213 0.008368 0.011108 0.014727 0.018723 0.023240 0.028299 0.033591 0.039663 0.044929 0.050329 0.055236 0.058732 0.061077 0.062394 0.061726 0.059234 0.056648 0.051741 0.046954 0.040934 0.034700 0.028990 0.023239 0.018193 0.014031 0.010644 0.007546 0.005279 0.003595 0.002429 0.001581 0.000885 0.000599 0.000310 0.000186 0.000098 0.000063 0.000027 0.000014 0.000009 0.000004 0.000002 0.000001 0.000000 0.000000 0.000000 0.000000 0.000000 0.000000 0.000000 
