t: 0.059999999999 start: 16 end: 55 0.000001 0.000003 0.000007 0.000069 0.000268 0.000765 0.002210 0.005276 0.011464 0.022493 0.038633 0.059537 0.083696 0.106218 0.120688 0.124421 0.117177 0.099245 0.076870 0.054486 0.034893 0.020576 0.011278 0.005539 0.002468 0.001065 0.000447 0.000147 0.000042 0.000013 0.000003 0.000002 0.000000 0.000000 0.000000 0.000000 0.000000 0.000000 0.000000 0.000000 
t: 0.054545454544 start: 20 end: 58 0.000016 0.000049 0.000160 0.000528 0.001494 0.003604 0.007754 0.015539 0.027699 0.044849 0.065773 0.087423 0.106695 0.118066 0.118686 0.109611 0.092505 0.071964 0.051335 0.033908 0.020354 0.011407 0.005849 0.002787 0.001207 0.000466 0.000183 0.000063 0.000019 0.000006 0.000001 0.000000 0.000000 0.000000 0.000000 0.000000 0.000000 0.000000 0.000000 
t: 0.049999999999 start: 20 end: 61 0.000001 0.000002 0.000002 0.000030 0.000134 0.000377 0.001036 0.002562 0.005618 0.011054 0.020233 0.033808 0.051462 0.071387 0.091496 0.107255 0.114102 0.112921 0.102645 0.086119 0.066588 0.047702 0.031708 0.019399 0.011265 0.005999 0.002895 0.001318 0.000557 0.000214 0.000073 0.000028 0.000009 0.000001 0.000000 0.000000 0.000000 0.000000 0.000000 0.000000 0.000000 0.000000 
t: 0.046153846153 start: 23 end: 65 0.000001 0.000003 0.000029 0.000102 0.000277 0.000744 0.001867 0.004149 0.008087 0.015020 0.025782 0.040637 0.058149 0.077239 0.094011 0.106678 0.110799 0.106960 0.095820 0.079441 0.061146 0.043842 0.029589 0.018267 0.010554 0.005576 0.002923 0.001356 0.000561 0.000233 0.000097 0.000040 0.000017 0.000003 0.000001 0.000000 0.000000 0.000000 0.000000 0.000000 0.000000 0.000000 0.000000 
t: 0.042857142857 start: 25 end: 69 0.000001 0.000006 0.000019 0.000083 0.000217 0.000553 0.001362 0.003073 0.006145 0.011578 0.019951 0.032207 0.047513 0.065037 0.082127 0.096654 0.105359 0.106892 0.101267 0.088326 0.072698 0.055547 0.039929 0.026622 0.016753 0.009844 0.005232 0.002708 0.001317 0.000575 0.000245 0.000107 0.000034 0.000010 0.000006 0.000002 0.000001 0.000000 0.000000 0.000000 0.000000 0.000000 0.000000 0.000000 0.000000 
t: 0.040000000000 start: 26 end: 71 0.000001 0.000000 0.000004 0.000021 0.000050 0.000172 0.000395 0.001090 0.002340 0.004802 0.008943 0.015971 0.025933 0.038974 0.054680 0.071258 0.086555 0.098072 0.103824 0.102592 0.094129 0.081625 0.065915 0.049995 0.035552 0.023763 0.014987 0.008788 0.004894 0.002528 0.001193 0.000544 0.000245 0.000108 0.000036 0.000011 0.000007 0.000001 0.000002 0.000000 0.000000 0.000000 0.000000 0.000000 0.000000 0.000000 
t: 0.037500000000 start: 30 end: 74 0.000004 0.000015 0.000045 0.000127 0.000327 0.000866 0.001889 0.003783 0.007147 0.012813 0.021350 0.032208 0.046610 0.062123 0.077232 0.089681 0.099289 0.101277 0.096535 0.087635 0.074588 0.058806 0.044249 0.031266 0.021001 0.012917 0.007608 0.004326 0.002271 0.001110 0.000515 0.000244 0.000096 0.000034 0.000006 0.000005 0.000002 0.000000 0.000000 0.000000 0.000000 0.000000 0.000000 0.000000 0.000000 
t: 0.035294117647 start: 30 end: 77 0.000001 0.000002 0.000004 0.000014 0.000032 0.000118 0.000263 0.000712 0.001472 0.003165 0.005956 0.010562 0.017481 0.027329 0.039422 0.054158 0.069275 0.082351 0.092361 0.098369 0.097398 0.091378 0.079856 0.066437 0.052469 0.039096 0.027242 0.017894 0.011237 0.006509 0.003714 0.001958 0.000929 0.000479 0.000220 0.000081 0.000033 0.000015 0.000007 0.000001 0.000000 0.000000 0.000000 0.000000 0.000000 0.000000 0.000000 0.000000 
t: 0.033333333333 start: 32 end: 79 0.000001 0.000000 0.000008 0.000011 0.000032 0.000113 0.000239 0.000571 0.001280 0.002568 0.004938 0.009003 0.014965 0.023009 0.034304 0.047376 0.061475 0.075135 0.085875 0.094197 0.096335 0.092781 0.084208 0.072947 0.059438 0.046329 0.033723 0.023030 0.015152 0.009299 0.005398 0.003043 0.001699 0.000820 0.000371 0.000179 0.000088 0.000039 0.000014 0.000006 0.000001 0.000000 0.000000 0.000000 0.000000 0.000000 0.000000 0.000000 
t: 0.031578947368 start: 33 end: 81 0.000001 0.000000 0.000000 0.000006 0.000013 0.000035 0.000088 0.000206 0.000505 0.001105 0.002281 0.004166 0.007584 0.012732 0.020096 0.030163 0.042000 0.054959 0.068603 0.080389 0.089257 0.093843 0.093339 0.086489 0.077267 0.065179 0.052186 0.039803 0.028373 0.019637 0.012486 0.007640 0.004467 0.002532 0.001353 0.000650 0.000292 0.000157 0.000070 0.000030 0.000013 0.000003 0.000002 0.000000 0.000000 0.000000 0.000000 0.000000 0.000000 
t: 0.030000000000 start: 34 end: 83 0.000001 0.000000 0.000000 0.000001 0.000003 0.000009 0.000043 0.000084 0.000178 0.000457 0.000946 0.001995 0.003654 0.006618 0.011080 0.017690 0.026511 0.037530 0.049842 0.062990 0.074410 0.084807 0.090509 0.092194 0.088297 0.080198 0.070306 0.057399 0.044799 0.033679 0.023635 0.015959 0.010230 0.006228 0.003684 0.001981 0.001070 0.000538 0.000231 0.000136 0.000045 0.000021 0.000010 0.000002 0.000000 0.000000 0.000000 0.000000 0.000000 0.000000 
t: 0.028571428571 start: 36 end: 88 0.000001 0.000000 0.000001 0.000000 0.000007 0.000015 0.000033 0.000082 0.000178 0.000429 0.000888 0.001667 0.003375 0.005832 0.009790 0.015695 0.023827 0.033731 0.045461 0.057856 0.069866 0.080267 0.086739 0.090071 0.088645 0.082784 0.073635 0.061794 0.049749 0.038374 0.027935 0.019355 0.012774 0.008193 0.004958 0.002807 0.001593 0.000838 0.000401 0.000208 0.000084 0.000042 0.000011 0.000005 0.000001 0.000002 0.000001 0.000000 0.000000 0.000000 0.000000 0.000000 0.000000 
t: 0.027272727273 start: 39 end: 90 0.000001 0.000000 0.000001 0.000006 0.000015 0.000031 0.000081 0.000178 0.000378 0.000807 0.001591 0.003101 0.005152 0.008954 0.014200 0.021663 0.030747 0.041812 0.053243 0.065828 0.075898 0.083536 0.087876 0.088108 0.083248 0.076037 0.065693 0.054399 0.041884 0.031922 0.023022 0.015600 0.010149 0.006374 0.003877 0.002173 0.001236 0.000650 0.000281 0.000143 0.000059 0.000026 0.000013 0.000003 0.000000 0.000004 0.000000 0.000000 0.000000 0.000000 0.000000 0.000000 
t: 0.026086956522 start: 39 end: 91 0.000001 0.000000 0.000000 0.000000 0.000002 0.000004 0.000012 0.000037 0.000069 0.000191 0.000395 0.000747 0.001452 0.002793 0.004862 0.008215 0.013210 0.019802 0.028618 0.038564 0.049403 0.061858 0.072339 0.080160 0.086069 0.086947 0.083512 0.077466 0.068413 0.057433 0.046030 0.035496 0.026059 0.018238 0.012328 0.007972 0.004901 0.002915 0.001674 0.000932 0.000462 0.000245 0.000097 0.000051 0.000015 0.000009 0.000001 0.000000 0.000000 0.000001 0.000000 0.000000 0.000000 
t: 0.025000000000 start: 42 end: 95 0.000001 0.000000 0.000001 0.000002 0.000004 0.000013 0.000029 0.000077 0.000166 0.000363 0.000724 0.001422 0.002682 0.004641 0.007618 0.012307 0.018562 0.026582 0.035906 0.047047 0.058339 0.068744 0.077049 0.083476 0.084945 0.084029 0.078438 0.070170 0.060250 0.049161 0.038648 0.029163 0.021064 0.014548 0.009444 0.006095 0.003709 0.002097 0.001203 0.000652 0.000337 0.000170 0.000067 0.000031 0.000015 0.000007 0.000002 0.000000 0.000000 0.000000 0.000000 0.000000 0.000000 0.000000 
t: 0.024000000000 start: 43 end: 97 0.000001 0.000001 0.000000 0.000000 0.000001 0.000004 0.000021 0.000036 0.000066 0.000175 0.000348 0.000725 0.001405 0.002517 0.004444 0.007406 0.011676 0.017332 0.025068 0.034143 0.044934 0.055139 0.065795 0.074742 0.080469 0.084060 0.082934 0.078859 0.071392 0.062252 0.051739 0.041544 0.031940 0.023639 0.016218 0.011104 0.007282 0.004545 0.002751 0.001564 0.000887 0.000424 0.000227 0.000104 0.000042 0.000029 0.000010 0.000004 0.000002 0.000000 0.000000 0.000000 0.000000 0.000000 0.000000 
t: 0.023076923077 start: 46 end: 101 0.000001 0.000001 0.000001 0.000003 0.000004 0.000021 0.000031 0.000084 0.000180 0.000383 0.000724 0.001365 0.002528 0.004333 0.007140 0.011093 0.016799 0.024073 0.032560 0.042310 0.053320 0.063088 0.072052 0.078342 0.082797 0.082158 0.078742 0.072731 0.063291 0.054053 0.043800 0.034129 0.025632 0.018283 0.012565 0.008436 0.005350 0.003352 0.001972 0.001106 0.000591 0.000277 0.000150 0.000083 0.000041 0.000013 0.000005 0.000007 0.000000 0.000000 0.000000 0.000000 0.000000 0.000000 0.000000 0.000000 
t: 0.022222222222 start: 50 end: 104 0.000001 0.000003 0.000007 0.000025 0.000044 0.000068 0.000193 0.000373 0.000729 0.001379 0.002495 0.004261 0.007011 0.010809 0.016177 0.023105 0.031711 0.040798 0.050959 0.061305 0.070353 0.076590 0.080389 0.081340 0.078646 0.072806 0.064818 0.055566 0.045831 0.036266 0.027235 0.019829 0.014108 0.009414 0.006270 0.003924 0.002340 0.001315 0.000731 0.000380 0.000213 0.000100 0.000050 0.000019 0.000012 0.000001 0.000001 0.000000 0.000000 0.000000 0.000000 0.000000 0.000000 0.000000 0.000000 
t: 0.021428571428 start: 52 end: 106 0.000001 0.000004 0.000007 0.000023 0.000039 0.000098 0.000180 0.000378 0.000781 0.001417 0.002559 0.004202 0.006950 0.010745 0.015710 0.022470 0.030785 0.039661 0.049433 0.059159 0.068326 0.075307 0.078986 0.080593 0.077857 0.072928 0.066210 0.056573 0.047045 0.037864 0.028848 0.021128 0.015397 0.010618 0.007014 0.004465 0.002714 0.001572 0.000932 0.000517 0.000261 0.000130 0.000061 0.000033 0.000011 0.000006 0.000002 0.000000 0.000000 0.000000 0.000000 0.000000 0.000000 0.000000 0.000000 
t: 0.020689655172 start: 53 end: 109 0.000001 0.000002 0.000005 0.000009 0.000019 0.000046 0.000071 0.000202 0.000439 0.000788 0.001484 0.002582 0.004308 0.006971 0.010555 0.015570 0.022040 0.030114 0.039055 0.048484 0.058125 0.066463 0.073489 0.077949 0.078898 0.077536 0.073074 0.066229 0.057756 0.048317 0.038757 0.030388 0.022607 0.016318 0.011397 0.007640 0.005056 0.003067 0.001856 0.001058 0.000614 0.000331 0.000148 0.000110 0.000044 0.000022 0.000003 0.000002 0.000001 0.000000 0.000000 0.000000 0.000000 0.000000 0.000000 0.000000 0.000000 
t: 0.020000000000 start: 55 end: 112 0.000001 0.000001 0.000008 0.000010 0.000021 0.000041 0.000112 0.000219 0.000424 0.000837 0.001518 0.002716 0.004383 0.007115 0.010642 0.015526 0.021850 0.029875 0.038570 0.047538 0.056682 0.065533 0.072329 0.076170 0.078732 0.076971 0.072767 0.065932 0.058039 0.049138 0.039817 0.031339 0.023519 0.017245 0.012340 0.008291 0.005475 0.003418 0.002147 0.001228 0.000651 0.000405 0.000227 0.000094 0.000059 0.000031 0.000009 0.000002 0.000002 0.000001 0.000000 0.000000 0.000000 0.000000 0.000000 0.000000 0.000000 0.000000 
t: 0.019354838710 start: 57 end: 114 0.000001 0.000003 0.000007 0.000005 0.000024 0.000068 0.000121 0.000247 0.000464 0.000950 0.001637 0.002638 0.004488 0.007189 0.010910 0.015847 0.021921 0.029805 0.037947 0.047276 0.056277 0.064407 0.070918 0.075474 0.077315 0.076373 0.072183 0.066049 0.058565 0.049246 0.040365 0.031911 0.024713 0.017948 0.012763 0.008856 0.005833 0.003735 0.002409 0.001393 0.000782 0.000441 0.000223 0.000149 0.000064 0.000033 0.000015 0.000009 0.000001 0.000002 0.000000 0.000000 0.000000 0.000000 0.000000 0.000000 0.000000 0.000000 
t: 0.018750000000 start: 59 end: 116 0.000001 0.000002 0.000005 0.000013 0.000021 0.000071 0.000125 0.000286 0.000559 0.000971 0.001679 0.002872 0.004732 0.007515 0.011082 0.016146 0.022505 0.029526 0.037819 0.046833 0.055917 0.063878 0.070240 0.074527 0.076422 0.075596 0.071520 0.065542 0.058351 0.049107 0.041082 0.032437 0.025203 0.018752 0.013321 0.009045 0.006188 0.004093 0.002488 0.001566 0.000882 0.000509 0.000278 0.000154 0.000076 0.000030 0.000023 0.000008 0.000001 0.000000 0.000001 0.000000 0.000000 0.000000 0.000000 0.000000 0.000000 0.000000 
t: 0.018181818182 start: 60 end: 119 0.000001 0.000001 0.000001 0.000006 0.000016 0.000031 0.000085 0.000147 0.000308 0.000583 0.001074 0.001818 0.003185 0.004973 0.007674 0.011685 0.016374 0.022868 0.029908 0.038022 0.047058 0.055483 0.063087 0.069784 0.074014 0.075440 0.074291 0.070790 0.065322 0.057855 0.049487 0.041078 0.032772 0.025336 0.018875 0.013665 0.009680 0.006593 0.004180 0.002642 0.001600 0.001016 0.000593 0.000261 0.000172 0.000091 0.000040 0.000023 0.000008 0.000001 0.000002 0.000001 0.000000 0.000000 0.000000 0.000000 0.000000 0.000000 0.000000 0.000000 
t: 0.017647058823 start: 61 end: 119 0.000001 0.000000 0.000001 0.000005 0.000008 0.000017 0.000048 0.000085 0.000168 0.000347 0.000675 0.001203 0.002058 0.003247 0.005402 0.008110 0.011998 0.017256 0.023226 0.030373 0.038435 0.047162 0.055583 0.063081 0.069466 0.073203 0.074519 0.073568 0.069805 0.064417 0.057262 0.049235 0.040791 0.032841 0.025706 0.019082 0.013871 0.009778 0.006705 0.004366 0.002786 0.001794 0.001042 0.000585 0.000335 0.000171 0.000090 0.000051 0.000022 0.000011 0.000005 0.000004 0.000000 0.000000 0.000000 0.000000 0.000000 0.000000 0.000000 
t: 0.017142857143 start: 62 end: 119 0.000001 0.000000 0.000000 0.000002 0.000004 0.000011 0.000030 0.000047 0.000112 0.000201 0.000410 0.000744 0.001294 0.002316 0.003656 0.005790 0.008491 0.012735 0.017629 0.023954 0.031345 0.039009 0.047224 0.056065 0.062855 0.069173 0.072449 0.073986 0.072533 0.069099 0.063415 0.057134 0.048597 0.040461 0.032184 0.025417 0.019230 0.014030 0.009944 0.006768 0.004405 0.002978 0.001853 0.001049 0.000624 0.000340 0.000190 0.000122 0.000054 0.000023 0.000014 0.000003 0.000000 0.000000 0.000000 0.000000 0.000000 0.000000 
t: 0.016666666667 start: 66 end: 123 0.000002 0.000002 0.000004 0.000022 0.000042 0.000069 0.000116 0.000224 0.000484 0.000828 0.001546 0.002593 0.003947 0.006189 0.009243 0.013273 0.018364 0.024937 0.032169 0.039882 0.048008 0.056014 0.063093 0.068965 0.072206 0.073081 0.071340 0.068078 0.062888 0.055872 0.047832 0.039902 0.032128 0.025038 0.018945 0.013977 0.009996 0.006791 0.004540 0.002922 0.001802 0.001200 0.000658 0.000359 0.000199 0.000124 0.000064 0.000020 0.000009 0.000013 0.000000 0.000000 0.000000 0.000000 0.000000 0.000000 0.000000 0.000000 
t: 0.016216216216 start: 68 end: 126 0.000004 0.000004 0.000009 0.000019 0.000040 0.000081 0.000155 0.000291 0.000549 0.001017 0.001760 0.002744 0.004368 0.006871 0.009909 0.014194 0.019281 0.025604 0.033359 0.040856 0.048929 0.056268 0.063459 0.068692 0.071644 0.072140 0.070933 0.067469 0.061232 0.054647 0.047179 0.038992 0.031565 0.024438 0.018912 0.013777 0.009761 0.006821 0.004500 0.002996 0.001864 0.001169 0.000681 0.000376 0.000189 0.000134 0.000067 0.000025 0.000016 0.000009 0.000001 0.000000 0.000000 0.000000 0.000000 0.000000 0.000000 0.000000 0.000000 
t: 0.015789473684 start: 69 end: 130 0.000001 0.000002 0.000005 0.000011 0.000028 0.000046 0.000102 0.000198 0.000346 0.000618 0.001195 0.002007 0.003089 0.004864 0.007465 0.010854 0.014877 0.020251 0.027071 0.034119 0.042101 0.050018 0.057233 0.063661 0.068290 0.071007 0.071730 0.070023 0.065852 0.060004 0.053996 0.046080 0.037870 0.031027 0.024045 0.018004 0.013571 0.009659 0.006758 0.004465 0.002941 0.001892 0.001115 0.000690 0.000372 0.000216 0.000113 0.000060 0.000036 0.000011 0.000006 0.000002 0.000002 0.000001 0.000000 0.000000 0.000000 0.000000 0.000000 0.000000 0.000000 0.000000 
t: 0.015384615385 start: 71 end: 130 0.000003 0.000003 0.000006 0.000018 0.000027 0.000061 0.000134 0.000224 0.000440 0.000791 0.001326 0.002230 0.003572 0.005387 0.008218 0.011498 0.016214 0.021639 0.028370 0.035615 0.042923 0.051072 0.058269 0.063887 0.068453 0.070872 0.071330 0.068079 0.064652 0.058934 0.052365 0.044701 0.036923 0.029883 0.023362 0.017663 0.013093 0.009366 0.006609 0.004434 0.002881 0.001798 0.001168 0.000707 0.000337 0.000220 0.000131 0.000058 0.000032 0.000013 0.000004 0.000005 0.000000 0.000000 0.000000 0.000000 0.000000 0.000000 0.000000 0.000000 
t: 0.015000000000 start: 71 end: 132 0.000001 0.000001 0.000000 0.000004 0.000012 0.000016 0.000041 0.000075 0.000164 0.000263 0.000541 0.000939 0.001541 0.002593 0.004012 0.006035 0.008815 0.012689 0.017541 0.023255 0.029745 0.036827 0.044400 0.051945 0.059186 0.064663 0.068569 0.070492 0.069684 0.067480 0.063415 0.057128 0.050715 0.043424 0.035999 0.028962 0.022332 0.017140 0.012583 0.009012 0.006397 0.004230 0.002775 0.001815 0.001067 0.000641 0.000395 0.000223 0.000101 0.000060 0.000035 0.000014 0.000002 0.000005 0.000001 0.000000 0.000000 0.000000 0.000000 0.000000 0.000000 0.000000 
t: 0.014634146341 start: 72 end: 135 0.000001 0.000001 0.000000 0.000004 0.000005 0.000010 0.000034 0.000046 0.000094 0.000181 0.000353 0.000655 0.001130 0.001861 0.002952 0.004377 0.006735 0.010013 0.014019 0.018796 0.024629 0.031299 0.038572 0.046046 0.053331 0.059629 0.065321 0.068473 0.069746 0.069213 0.066300 0.061632 0.056097 0.049056 0.041771 0.034572 0.027598 0.021452 0.016285 0.012138 0.008740 0.005997 0.003961 0.002680 0.001746 0.001043 0.000619 0.000337 0.000232 0.000102 0.000064 0.000025 0.000014 0.000008 0.000002 0.000002 0.000001 0.000000 0.000000 0.000000 0.000000 0.000000 0.000000 0.000000 
t: 0.014285714286 start: 73 end: 137 0.000001 0.000000 0.000002 0.000001 0.000004 0.000011 0.000015 0.000026 0.000061 0.000138 0.000257 0.000448 0.000814 0.001401 0.002061 0.003419 0.005116 0.007708 0.010911 0.015294 0.020348 0.026401 0.032892 0.040193 0.048023 0.054690 0.060904 0.065192 0.068220 0.069444 0.068265 0.065227 0.059964 0.054125 0.047060 0.040073 0.033135 0.026503 0.020354 0.015549 0.011567 0.008317 0.005568 0.003766 0.002575 0.001680 0.000945 0.000593 0.000312 0.000198 0.000123 0.000052 0.000029 0.000010 0.000008 0.000004 0.000002 0.000001 0.000000 0.000000 0.000000 0.000000 0.000000 0.000000 0.000000 
t: 0.013953488372 start: 76 end: 139 0.000001 0.000001 0.000002 0.000008 0.000012 0.000023 0.000034 0.000093 0.000169 0.000337 0.000586 0.000975 0.001600 0.002589 0.003949 0.005823 0.008697 0.012062 0.016752 0.021923 0.028288 0.035021 0.041949 0.049373 0.055715 0.061989 0.066202 0.067879 0.068583 0.067455 0.063550 0.058341 0.052340 0.045237 0.038281 0.031511 0.025133 0.019556 0.014619 0.010678 0.007668 0.005329 0.003652 0.002420 0.001498 0.000836 0.000552 0.000320 0.000182 0.000102 0.000050 0.000026 0.000016 0.000009 0.000003 0.000001 0.000000 0.000000 0.000000 0.000000 0.000000 0.000000 0.000000 0.000000 
t: 0.013636363636 start: 78 end: 141 0.000001 0.000002 0.000005 0.000011 0.000012 0.000037 0.000066 0.000101 0.000224 0.000436 0.000693 0.001190 0.001968 0.002987 0.004650 0.006700 0.009486 0.013513 0.018380 0.023959 0.030041 0.037397 0.044016 0.050758 0.057526 0.062368 0.066269 0.067947 0.068015 0.066166 0.061407 0.056839 0.050187 0.043572 0.036358 0.029867 0.023904 0.018140 0.013694 0.009952 0.007224 0.005039 0.003365 0.002203 0.001344 0.000824 0.000494 0.000313 0.000154 0.000095 0.000050 0.000025 0.000018 0.000004 0.000003 0.000001 0.000000 0.000000 0.000000 0.000000 0.000000 0.000000 0.000000 0.000000 
t: 0.013333333333 start: 80 end: 143 0.000001 0.000006 0.000002 0.000011 0.000022 0.000050 0.000072 0.000145 0.000305 0.000537 0.000893 0.001458 0.002313 0.003613 0.005265 0.007591 0.011002 0.015104 0.020046 0.025923 0.032223 0.039215 0.046314 0.052592 0.058750 0.063641 0.066537 0.067527 0.066543 0.064390 0.060283 0.054900 0.048013 0.041300 0.034583 0.028026 0.022112 0.017180 0.012751 0.009438 0.006600 0.004576 0.003069 0.001986 0.001222 0.000803 0.000463 0.000266 0.000170 0.000083 0.000042 0.000027 0.000010 0.000002 0.000003 0.000000 0.000000 0.000001 0.000000 0.000000 0.000000 0.000000 0.000000 0.000000 
t: 0.013043478261 start: 81 end: 147 0.000001 0.000002 0.000003 0.000012 0.000015 0.000025 0.000061 0.000118 0.000213 0.000397 0.000602 0.001072 0.001826 0.002737 0.004230 0.006151 0.009042 0.012369 0.016537 0.022022 0.028150 0.034426 0.041444 0.048323 0.054468 0.059989 0.064170 0.066808 0.066959 0.065753 0.062904 0.057968 0.052615 0.046182 0.039099 0.032534 0.026140 0.020421 0.016108 0.011944 0.008651 0.005985 0.004158 0.002727 0.001865 0.001109 0.000704 0.000423 0.000256 0.000128 0.000070 0.000055 0.000012 0.000006 0.000006 0.000001 0.000002 0.000000 0.000001 0.000001 0.000000 0.000000 0.000000 0.000000 0.000000 0.000000 0.000000 
t: 0.012765957447 start: 83 end: 149 0.000002 0.000004 0.000008 0.000010 0.000024 0.000036 0.000094 0.000167 0.000299 0.000442 0.000833 0.001324 0.002125 0.003284 0.005037 0.007269 0.010243 0.013949 0.018771 0.023986 0.030101 0.037006 0.043603 0.050388 0.056548 0.061081 0.064688 0.066526 0.066638 0.064180 0.061124 0.056201 0.050231 0.043665 0.037057 0.030468 0.024233 0.019018 0.014687 0.010856 0.007850 0.005474 0.003771 0.002535 0.001687 0.001012 0.000616 0.000363 0.000196 0.000135 0.000080 0.000049 0.000015 0.000004 0.000002 0.000002 0.000000 0.000001 0.000001 0.000001 0.000000 0.000000 0.000000 0.000000 0.000000 0.000000 0.000000 
t: 0.012500000000 start: 84 end: 150 0.000001 0.000003 0.000003 0.000004 0.000017 0.000033 0.000062 0.000108 0.000218 0.000356 0.000635 0.001041 0.001604 0.002543 0.004046 0.005916 0.008319 0.011736 0.015833 0.020493 0.026557 0.032612 0.039213 0.046093 0.052576 0.058067 0.062337 0.065238 0.066197 0.065824 0.062557 0.058921 0.054201 0.048085 0.040954 0.034644 0.028290 0.022544 0.017558 0.013318 0.009830 0.007151 0.004969 0.003342 0.002254 0.001503 0.000919 0.000514 0.000312 0.000193 0.000120 0.000072 0.000030 0.000021 0.000006 0.000002 0.000000 0.000003 0.000001 0.000000 0.000000 0.000000 0.000001 0.000000 0.000000 0.000000 0.000000 
t: 0.012244897959 start: 84 end: 151 0.000001 0.000000 0.000001 0.000002 0.000001 0.000015 0.000021 0.000042 0.000098 0.000140 0.000295 0.000496 0.000753 0.001289 0.002042 0.003221 0.004799 0.006945 0.009627 0.013290 0.017709 0.022901 0.028984 0.035465 0.041506 0.048443 0.054629 0.059732 0.063129 0.065190 0.065805 0.064441 0.061454 0.056841 0.051621 0.045387 0.038496 0.032104 0.026322 0.020782 0.016042 0.012047 0.008935 0.006262 0.004463 0.002955 0.002077 0.001284 0.000763 0.000471 0.000308 0.000170 0.000083 0.000064 0.000033 0.000011 0.000005 0.000001 0.000003 0.000003 0.000000 0.000000 0.000001 0.000000 0.000000 0.000000 0.000000 0.000000 
t: 0.012000000000 start: 87 end: 152 0.000001 0.000000 0.000003 0.000004 0.000018 0.000043 0.000066 0.000131 0.000212 0.000372 0.000616 0.000977 0.001584 0.002579 0.003974 0.005727 0.008189 0.011118 0.015141 0.019849 0.025452 0.031616 0.038283 0.044107 0.050510 0.056686 0.060900 0.063656 0.065162 0.064878 0.063303 0.059448 0.054994 0.048732 0.042581 0.036164 0.029671 0.024218 0.018938 0.014485 0.011016 0.007908 0.005547 0.004025 0.002630 0.001698 0.001114 0.000679 0.000386 0.000261 0.000168 0.000088 0.000046 0.000023 0.000007 0.000007 0.000004 0.000004 0.000000 0.000000 0.000000 0.000001 0.000000 0.000000 0.000000 0.000000 
t: 0.011764705882 start: 88 end: 154 0.000001 0.000000 0.000001 0.000000 0.000014 0.000020 0.000049 0.000114 0.000198 0.000284 0.000487 0.000789 0.001277 0.002053 0.003197 0.004760 0.006800 0.009629 0.012953 0.017185 0.022190 0.028072 0.034368 0.040797 0.046861 0.052549 0.058479 0.061909 0.064366 0.064810 0.064165 0.061233 0.057524 0.051953 0.046319 0.039856 0.033580 0.027385 0.022223 0.017126 0.013142 0.009725 0.007042 0.004969 0.003417 0.002309 0.001445 0.000902 0.000602 0.000377 0.000224 0.000118 0.000062 0.000044 0.000022 0.000012 0.000004 0.000003 0.000003 0.000001 0.000001 0.000000 0.000000 0.000000 0.000000 0.000000 0.000000 
t: 0.011538461538 start: 90 end: 157 0.000001 0.000001 0.000001 0.000008 0.000014 0.000035 0.000070 0.000165 0.000228 0.000394 0.000645 0.001009 0.001633 0.002596 0.004019 0.005738 0.008121 0.011109 0.014816 0.019474 0.024872 0.030929 0.037101 0.043330 0.049600 0.055097 0.059430 0.063038 0.064571 0.064268 0.062758 0.059444 0.054595 0.049750 0.043484 0.036928 0.030980 0.025504 0.019796 0.015538 0.011673 0.008568 0.006178 0.004347 0.002912 0.001935 0.001260 0.000815 0.000495 0.000308 0.000185 0.000106 0.000053 0.000029 0.000023 0.000013 0.000003 0.000002 0.000004 0.000001 0.000000 0.000000 0.000000 0.000000 0.000000 0.000000 0.000000 0.000000 
t: 0.011320754717 start: 93 end: 159 0.000002 0.000007 0.000017 0.000019 0.000054 0.000111 0.000190 0.000338 0.000473 0.000805 0.001365 0.002148 0.003293 0.004845 0.006810 0.009583 0.013127 0.017040 0.021903 0.027774 0.033694 0.039940 0.046392 0.051706 0.056880 0.060840 0.063486 0.064478 0.063364 0.061015 0.056959 0.052697 0.046687 0.040896 0.034153 0.028224 0.023054 0.017965 0.013780 0.010220 0.007468 0.005472 0.003732 0.002490 0.001731 0.001062 0.000691 0.000436 0.000252 0.000141 0.000076 0.000056 0.000024 0.000019 0.000004 0.000003 0.000001 0.000006 0.000002 0.000000 0.000000 0.000000 0.000000 0.000000 0.000000 0.000000 0.000000 
t: 0.011111111111 start: 94 end: 161 0.000001 0.000006 0.000011 0.000018 0.000029 0.000077 0.000166 0.000250 0.000400 0.000706 0.001111 0.001771 0.002751 0.004082 0.005877 0.008221 0.011033 0.015104 0.019487 0.024873 0.030655 0.036750 0.042610 0.048779 0.054494 0.058899 0.061500 0.063874 0.063898 0.061832 0.059186 0.054979 0.049846 0.043629 0.037551 0.031548 0.025853 0.020486 0.016132 0.012142 0.009066 0.006571 0.004700 0.003193 0.002137 0.001374 0.000944 0.000591 0.000343 0.000194 0.000123 0.000063 0.000033 0.000023 0.000010 0.000005 0.000006 0.000004 0.000002 0.000001 0.000000 0.000000 0.000000 0.000000 0.000000 0.000000 0.000000 0.000000 
t: 0.010909090909 start: 96 end: 162 0.000001 0.000007 0.000009 0.000025 0.000081 0.000097 0.000220 0.000359 0.000542 0.000884 0.001515 0.002308 0.003454 0.004882 0.007154 0.009674 0.013134 0.017283 0.022003 0.027869 0.033466 0.040029 0.045561 0.051307 0.056810 0.060322 0.062961 0.063183 0.062510 0.060296 0.057345 0.052422 0.046365 0.041057 0.034544 0.028737 0.023247 0.018260 0.014284 0.010659 0.007867 0.005754 0.003954 0.002775 0.001803 0.001187 0.000704 0.000426 0.000290 0.000160 0.000083 0.000044 0.000038 0.000021 0.000013 0.000006 0.000005 0.000003 0.000001 0.000000 0.000000 0.000000 0.000000 0.000000 0.000000 0.000000 0.000000 
t: 0.010714285714 start: 98 end: 164 0.000004 0.000009 0.000027 0.000043 0.000099 0.000164 0.000290 0.000464 0.000755 0.001213 0.001912 0.002861 0.004231 0.006218 0.008417 0.011534 0.015412 0.019676 0.025126 0.030823 0.037105 0.042773 0.048284 0.054103 0.058179 0.061402 0.062798 0.062978 0.061582 0.058750 0.054224 0.049758 0.043672 0.037224 0.031792 0.025970 0.020765 0.016243 0.012459 0.009287 0.006849 0.004921 0.003348 0.002295 0.001516 0.000941 0.000581 0.000389 0.000230 0.000128 0.000060 0.000048 0.000024 0.000020 0.000010 0.000007 0.000004 0.000002 0.000001 0.000000 0.000000 0.000000 0.000000 0.000000 0.000000 0.000000 0.000000 
t: 0.010526315789 start: 99 end: 166 0.000001 0.000008 0.000019 0.000051 0.000081 0.000122 0.000228 0.000390 0.000646 0.000973 0.001657 0.002418 0.003661 0.005259 0.007329 0.010325 0.013712 0.017538 0.023011 0.028013 0.034055 0.040186 0.045447 0.051491 0.056199 0.059470 0.062157 0.062912 0.062103 0.059937 0.056281 0.051689 0.046556 0.040156 0.034558 0.028471 0.023269 0.018658 0.014228 0.010808 0.008149 0.005791 0.004063 0.002886 0.001871 0.001191 0.000761 0.000529 0.000267 0.000170 0.000103 0.000060 0.000032 0.000022 0.000012 0.000009 0.000006 0.000003 0.000001 0.000001 0.000000 0.000000 0.000000 0.000000 0.000000 0.000000 0.000000 0.000000 
t: 0.010344827586 start: 100 end: 167 0.000003 0.000005 0.000021 0.000032 0.000065 0.000105 0.000179 0.000317 0.000540 0.000838 0.001362 0.002158 0.003157 0.004512 0.006479 0.008962 0.012086 0.016023 0.020607 0.025823 0.031249 0.037151 0.043118 0.048715 0.054198 0.058137 0.060581 0.062603 0.062115 0.061136 0.057556 0.053925 0.048890 0.043007 0.036894 0.031165 0.025642 0.020832 0.016374 0.012424 0.009362 0.006916 0.004918 0.003372 0.002361 0.001532 0.000961 0.000642 0.000388 0.000229 0.000141 0.000075 0.000050 0.000027 0.000017 0.000014 0.000005 0.000001 0.000002 0.000000 0.000001 0.000000 0.000000 0.000000 0.000000 0.000000 0.000000 0.000000 
t: 0.010169491525 start: 101 end: 168 0.000003 0.000005 0.000014 0.000032 0.000049 0.000101 0.000153 0.000252 0.000424 0.000733 0.001182 0.001846 0.002769 0.003932 0.005760 0.007795 0.010696 0.014527 0.018763 0.023443 0.028869 0.034540 0.040628 0.046427 0.051678 0.056319 0.059041 0.061543 0.062379 0.061380 0.059186 0.055654 0.050892 0.045365 0.039531 0.033702 0.028221 0.023118 0.018373 0.014096 0.010748 0.007983 0.005779 0.004130 0.002804 0.001888 0.001219 0.000790 0.000502 0.000298 0.000176 0.000108 0.000067 0.000036 0.000025 0.000012 0.000005 0.000006 0.000000 0.000002 0.000000 0.000001 0.000000 0.000000 0.000000 0.000000 0.000000 0.000000 
t: 0.010000000000 start: 101 end: 170 0.000002 0.000002 0.000003 0.000009 0.000038 0.000032 0.000079 0.000127 0.000221 0.000374 0.000633 0.001030 0.001586 0.002306 0.003549 0.005053 0.006789 0.009747 0.012906 0.016892 0.021657 0.026597 0.032115 0.037854 0.044124 0.049636 0.054047 0.057800 0.060854 0.061956 0.061659 0.060298 0.056634 0.052573 0.047665 0.042083 0.036110 0.030703 0.025273 0.020169 0.016009 0.012271 0.009237 0.006735 0.004834 0.003250 0.002336 0.001600 0.000948 0.000640 0.000388 0.000227 0.000140 0.000075 0.000064 0.000028 0.000014 0.000006 0.000008 0.000002 0.000000 0.000001 0.000002 0.000000 0.000000 0.000000 0.000000 0.000000 0.000000 0.000000 
t: 0.008448275866 start: 114 end: 185 0.000001 0.000001 0.000005 0.000010 0.000016 0.000032 0.000041 0.000106 0.000167 0.000246 0.000433 0.000687 0.001069 0.001631 0.002388 0.003510 0.004837 0.006791 0.009114 0.012292 0.015408 0.019781 0.024320 0.029616 0.035078 0.040070 0.045085 0.050315 0.053963 0.056793 0.058877 0.059274 0.058515 0.056203 0.053155 0.049614 0.044634 0.039530 0.034397 0.028953 0.023953 0.019545 0.015633 0.011956 0.009316 0.006759 0.005031 0.003529 0.002470 0.001744 0.001141 0.000740 0.000465 0.000312 0.000176 0.000103 0.000072 0.000041 0.000031 0.000015 0.000005 0.000003 0.000001 0.000001 0.000000 0.000000 0.000000 0.000000 0.000000 0.000000 0.000000 0.000000 
t: 0.007313432839 start: 127 end: 200 0.000003 0.000008 0.000006 0.000016 0.000033 0.000047 0.000080 0.000140 0.000240 0.000388 0.000551 0.000915 0.001353 0.002086 0.003029 0.004119 0.005672 0.007757 0.010287 0.013243 0.016646 0.020913 0.025338 0.030127 0.035040 0.040027 0.044729 0.049162 0.052835 0.055419 0.056960 0.056993 0.056596 0.054656 0.051990 0.048489 0.043193 0.038782 0.033785 0.029211 0.024208 0.020269 0.016163 0.012792 0.009935 0.007378 0.005454 0.004036 0.002913 0.002026 0.001381 0.000929 0.000603 0.000405 0.000244 0.000163 0.000095 0.000044 0.000045 0.000025 0.000013 0.000005 0.000005 0.000003 0.000001 0.000001 0.000000 0.000000 0.000000 0.000000 0.000000 0.000000 0.000000 0.000000 
t: 0.006447368423 start: 138 end: 211 0.000002 0.000007 0.000008 0.000018 0.000035 0.000057 0.000074 0.000155 0.000237 0.000312 0.000603 0.000897 0.001354 0.001868 0.002740 0.003940 0.005403 0.007159 0.009488 0.012183 0.015538 0.019301 0.023248 0.027668 0.032755 0.037144 0.041647 0.046007 0.049616 0.053043 0.054485 0.055868 0.055991 0.054021 0.052212 0.049725 0.045433 0.041079 0.036548 0.032059 0.027032 0.022758 0.018697 0.015080 0.012253 0.009326 0.007015 0.005214 0.003939 0.002806 0.001986 0.001335 0.000910 0.000655 0.000409 0.000261 0.000156 0.000086 0.000068 0.000037 0.000026 0.000012 0.000003 0.000005 0.000002 0.000000 0.000001 0.000000 0.000000 0.000000 0.000000 0.000000 0.000000 0.000000 
t: 0.005764705884 start: 147 end: 221 0.000002 0.000004 0.000005 0.000014 0.000014 0.000032 0.000045 0.000098 0.000154 0.000233 0.000408 0.000580 0.000834 0.001306 0.001973 0.002799 0.003816 0.005060 0.007029 0.009105 0.011644 0.014722 0.018358 0.022143 0.026159 0.031153 0.035376 0.040376 0.044169 0.047506 0.050784 0.053048 0.054503 0.054957 0.053852 0.052046 0.049599 0.046466 0.042242 0.038076 0.033640 0.029077 0.024633 0.020600 0.016853 0.013742 0.010693 0.008152 0.006202 0.004594 0.003362 0.002463 0.001720 0.001212 0.000816 0.000559 0.000368 0.000243 0.000144 0.000108 0.000056 0.000031 0.000025 0.000013 0.000001 0.000000 0.000002 0.000000 0.000001 0.000000 0.000000 0.000000 0.000000 0.000000 0.000000 
t: 0.005212765959 start: 152 end: 230 0.000001 0.000000 0.000000 0.000001 0.000003 0.000002 0.000003 0.000010 0.000021 0.000027 0.000061 0.000087 0.000150 0.000250 0.000368 0.000640 0.000850 0.001355 0.001843 0.002628 0.003684 0.004856 0.006651 0.008542 0.011136 0.013829 0.017451 0.020949 0.025376 0.029537 0.033804 0.038009 0.042664 0.046108 0.049093 0.051596 0.053085 0.053781 0.053459 0.052680 0.049612 0.046974 0.043801 0.039168 0.035060 0.030923 0.026669 0.022395 0.018214 0.014926 0.011727 0.009461 0.007249 0.005459 0.004139 0.002923 0.002171 0.001491 0.001056 0.000695 0.000479 0.000321 0.000187 0.000124 0.000069 0.000058 0.000028 0.000010 0.000010 0.000003 0.000006 0.000001 0.000000 0.000000 0.000000 0.000001 0.000000 0.000000 0.000000 
t: 0.004757281555 start: 162 end: 241 0.000001 0.000002 0.000002 0.000003 0.000001 0.000009 0.000015 0.000032 0.000037 0.000088 0.000153 0.000223 0.000350 0.000520 0.000787 0.001211 0.001700 0.002460 0.003223 0.004583 0.005833 0.007817 0.010172 0.012882 0.015818 0.019360 0.023244 0.027513 0.032004 0.036174 0.040332 0.043644 0.047031 0.050140 0.052331 0.053014 0.053114 0.052202 0.050857 0.048112 0.045145 0.041086 0.036809 0.033036 0.028686 0.024377 0.020159 0.017035 0.013665 0.010915 0.008455 0.006459 0.004992 0.003791 0.002568 0.001829 0.001347 0.000906 0.000631 0.000405 0.000278 0.000162 0.000108 0.000071 0.000041 0.000017 0.000015 0.000007 0.000005 0.000001 0.000004 0.000001 0.000000 0.000000 0.000000 0.000000 0.000000 0.000000 0.000000 0.000000 
t: 0.004375000001 start: 169 end: 249 0.000002 0.000001 0.000001 0.000005 0.000002 0.000012 0.000011 0.000022 0.000038 0.000051 0.000113 0.000176 0.000305 0.000427 0.000643 0.000981 0.001331 0.001968 0.002738 0.003791 0.004998 0.006416 0.008663 0.011005 0.013686 0.017002 0.020509 0.024683 0.028880 0.032970 0.036924 0.041326 0.044452 0.047838 0.050421 0.051915 0.052663 0.052619 0.051335 0.049576 0.047050 0.044109 0.039958 0.035932 0.031673 0.027493 0.023324 0.019683 0.016441 0.013030 0.010396 0.007974 0.006239 0.004572 0.003508 0.002458 0.001824 0.001286 0.000892 0.000587 0.000375 0.000275 0.000171 0.000088 0.000061 0.000042 0.000025 0.000017 0.000011 0.000001 0.000003 0.000002 0.000001 0.000000 0.000000 0.000000 0.000000 0.000000 0.000000 0.000000 0.000000 
t: 0.004049586778 start: 177 end: 256 0.000004 0.000005 0.000004 0.000003 0.000005 0.000012 0.000026 0.000045 0.000074 0.000114 0.000198 0.000289 0.000474 0.000667 0.000962 0.001435 0.001966 0.002648 0.003739 0.004964 0.006646 0.008666 0.010956 0.013951 0.016867 0.020516 0.024282 0.028223 0.032250 0.036694 0.040664 0.044441 0.047039 0.049926 0.051789 0.052462 0.052190 0.051413 0.049601 0.047202 0.043780 0.040524 0.036042 0.031873 0.028035 0.023820 0.020095 0.016442 0.013394 0.010743 0.008422 0.006346 0.004777 0.003500 0.002700 0.001968 0.001384 0.000954 0.000629 0.000436 0.000275 0.000157 0.000115 0.000075 0.000045 0.000018 0.000017 0.000013 0.000004 0.000003 0.000000 0.000000 0.000001 0.000001 0.000000 0.000000 0.000000 0.000000 0.000000 0.000000 
t: 0.003769230770 start: 182 end: 264 0.000001 0.000001 0.000001 0.000001 0.000004 0.000009 0.000010 0.000024 0.000032 0.000074 0.000102 0.000172 0.000245 0.000350 0.000578 0.000793 0.001214 0.001702 0.002432 0.003199 0.004429 0.005948 0.007614 0.009902 0.012449 0.015391 0.018938 0.022401 0.026125 0.030297 0.034917 0.038342 0.042120 0.045751 0.048940 0.051086 0.051634 0.052135 0.051741 0.050366 0.047820 0.045548 0.041884 0.038473 0.034213 0.030006 0.025942 0.021774 0.018443 0.014926 0.012033 0.009540 0.007398 0.005623 0.004336 0.003285 0.002243 0.001636 0.001100 0.000829 0.000540 0.000330 0.000220 0.000139 0.000086 0.000078 0.000029 0.000019 0.000014 0.000010 0.000007 0.000001 0.000003 0.000001 0.000000 0.000001 0.000000 0.000000 0.000000 0.000000 0.000000 0.000000 0.000000 
t: 0.003525179857 start: 189 end: 270 0.000002 0.000002 0.000001 0.000005 0.000006 0.000022 0.000024 0.000031 0.000078 0.000113 0.000158 0.000269 0.000361 0.000606 0.000854 0.001210 0.001770 0.002436 0.003370 0.004356 0.006016 0.007732 0.009987 0.012701 0.015364 0.018760 0.022312 0.026415 0.030448 0.034350 0.038911 0.042339 0.045898 0.048400 0.050446 0.051810 0.052220 0.051612 0.050213 0.048236 0.045136 0.042170 0.038038 0.034256 0.029788 0.025878 0.021739 0.018251 0.015084 0.012145 0.009525 0.007467 0.005743 0.004383 0.003157 0.002280 0.001621 0.001190 0.000788 0.000522 0.000357 0.000243 0.000136 0.000094 0.000061 0.000037 0.000027 0.000019 0.000009 0.000007 0.000002 0.000001 0.000001 0.000000 0.000000 0.000000 0.000001 0.000000 0.000000 0.000000 0.000000 0.000000 
t: 0.003310810811 start: 194 end: 275 0.000002 0.000003 0.000001 0.000006 0.000010 0.000005 0.000016 0.000026 0.000061 0.000090 0.000116 0.000227 0.000322 0.000462 0.000736 0.001061 0.001444 0.001963 0.002910 0.003836 0.005097 0.006951 0.008869 0.011170 0.013922 0.017002 0.020339 0.024023 0.028076 0.032262 0.036219 0.040346 0.044087 0.046888 0.049531 0.051636 0.051598 0.051916 0.051115 0.049258 0.047002 0.043623 0.040505 0.036282 0.032158 0.027866 0.023918 0.020148 0.017064 0.013671 0.010971 0.008746 0.006587 0.005044 0.003763 0.002734 0.002028 0.001425 0.000898 0.000662 0.000463 0.000313 0.000195 0.000127 0.000081 0.000048 0.000035 0.000020 0.000008 0.000006 0.000004 0.000000 0.000001 0.000000 0.000001 0.000000 0.000001 0.000000 0.000000 0.000000 0.000000 0.000000 
t: 0.003121019109 start: 197 end: 280 0.000001 0.000001 0.000000 0.000001 0.000002 0.000003 0.000003 0.000017 0.000023 0.000032 0.000047 0.000090 0.000130 0.000195 0.000291 0.000459 0.000722 0.000949 0.001446 0.001992 0.002716 0.003682 0.005027 0.006516 0.008597 0.010819 0.013447 0.016625 0.019791 0.023588 0.027662 0.031919 0.035608 0.039647 0.043345 0.046561 0.049386 0.051099 0.051929 0.051965 0.051532 0.049248 0.047151 0.044161 0.040692 0.036595 0.032737 0.028816 0.024740 0.020725 0.017051 0.014471 0.011486 0.008807 0.006919 0.005326 0.003851 0.002812 0.002067 0.001485 0.000989 0.000697 0.000463 0.000301 0.000207 0.000137 0.000064 0.000063 0.000026 0.000026 0.000008 0.000005 0.000003 0.000002 0.000002 0.000000 0.000000 0.000001 0.000001 0.000000 0.000000 0.000000 0.000000 0.000000 
t: 0.002951807229 start: 205 end: 285 0.000003 0.000001 0.000004 0.000012 0.000007 0.000025 0.000030 0.000056 0.000086 0.000158 0.000224 0.000349 0.000530 0.000757 0.001098 0.001480 0.002110 0.002999 0.004080 0.005252 0.006869 0.009064 0.011338 0.014239 0.017078 0.020666 0.024380 0.028648 0.032522 0.036486 0.040327 0.044116 0.047329 0.049942 0.051467 0.052151 0.051942 0.050871 0.049110 0.046447 0.043146 0.040017 0.036378 0.031606 0.027799 0.023815 0.020087 0.016656 0.013425 0.010776 0.008409 0.006437 0.004840 0.003659 0.002759 0.001905 0.001389 0.000884 0.000603 0.000427 0.000269 0.000175 0.000110 0.000063 0.000043 0.000036 0.000013 0.000008 0.000006 0.000003 0.000000 0.000002 0.000001 0.000000 0.000001 0.000000 0.000000 0.000000 0.000000 0.000000 0.000000 
t: 0.002800000000 start: 209 end: 290 0.000002 0.000002 0.000006 0.000006 0.000009 0.000018 0.000026 0.000048 0.000082 0.000127 0.000188 0.000265 0.000444 0.000628 0.000902 0.001299 0.001837 0.002531 0.003446 0.004674 0.006140 0.008003 0.010204 0.012762 0.015674 0.018800 0.022765 0.026590 0.030791 0.034760 0.038665 0.042630 0.045854 0.048773 0.050690 0.052046 0.052246 0.051562 0.050401 0.047733 0.044931 0.041627 0.037746 0.033643 0.030104 0.025501 0.021617 0.017871 0.014951 0.011925 0.009398 0.007152 0.005580 0.004193 0.003060 0.002258 0.001599 0.001144 0.000735 0.000471 0.000310 0.000195 0.000145 0.000079 0.000053 0.000041 0.000015 0.000013 0.000003 0.000005 0.000002 0.000002 0.000000 0.000001 0.000001 0.000000 0.000000 0.000000 0.000000 0.000000 0.000000 0.000000 
t: 0.002663043479 start: 213 end: 293 0.000001 0.000001 0.000003 0.000004 0.000010 0.000016 0.000023 0.000040 0.000074 0.000107 0.000169 0.000257 0.000404 0.000591 0.000807 0.001224 0.001665 0.002392 0.003287 0.004354 0.005909 0.007766 0.009726 0.012116 0.015026 0.018382 0.022054 0.025971 0.029870 0.034190 0.038219 0.041817 0.045563 0.048374 0.050636 0.051874 0.052329 0.051859 0.050679 0.048280 0.045864 0.042280 0.038473 0.034513 0.030307 0.025957 0.022530 0.018412 0.015494 0.012270 0.009736 0.007381 0.005633 0.004425 0.003281 0.002372 0.001662 0.001163 0.000756 0.000494 0.000331 0.000223 0.000142 0.000098 0.000057 0.000024 0.000025 0.000011 0.000008 0.000005 0.000002 0.000001 0.000000 0.000000 0.000000 0.000001 0.000000 0.000000 0.000000 0.000000 0.000000 
t: 0.002538860104 start: 216 end: 297 0.000001 0.000002 0.000001 0.000004 0.000008 0.000009 0.000014 0.000027 0.000038 0.000065 0.000114 0.000200 0.000248 0.000385 0.000580 0.000861 0.001242 0.001805 0.002431 0.003304 0.004615 0.005974 0.007759 0.009728 0.012395 0.015588 0.018509 0.022517 0.026203 0.030391 0.034817 0.038387 0.042525 0.045899 0.048835 0.050849 0.051605 0.052429 0.051796 0.050597 0.048477 0.045365 0.041947 0.038308 0.034080 0.029817 0.025947 0.021759 0.018376 0.014874 0.012057 0.009416 0.007306 0.005493 0.004073 0.003028 0.002268 0.001530 0.001073 0.000748 0.000452 0.000299 0.000191 0.000154 0.000082 0.000054 0.000038 0.000011 0.000010 0.000006 0.000001 0.000000 0.000001 0.000001 0.000000 0.000000 0.000001 0.000000 0.000000 0.000000 0.000000 0.000000 
t: 0.002425742574 start: 220 end: 300 0.000002 0.000001 0.000001 0.000008 0.000007 0.000008 0.000016 0.000027 0.000038 0.000080 0.000122 0.000196 0.000328 0.000434 0.000656 0.000882 0.001372 0.001959 0.002662 0.003733 0.004978 0.006515 0.008414 0.010556 0.013801 0.016188 0.019881 0.023605 0.027553 0.031828 0.035998 0.039950 0.043661 0.046957 0.049262 0.051599 0.052463 0.052584 0.051692 0.049681 0.047587 0.044206 0.041013 0.037104 0.032675 0.028823 0.024154 0.020635 0.016716 0.013881 0.011047 0.008663 0.006622 0.004980 0.003571 0.002690 0.001914 0.001329 0.000921 0.000641 0.000414 0.000273 0.000179 0.000110 0.000058 0.000047 0.000023 0.000012 0.000006 0.000004 0.000002 0.000000 0.000000 0.000001 0.000000 0.000000 0.000000 0.000001 0.000000 0.000000 0.000000 
t: 0.002322274882 start: 223 end: 302 0.000001 0.000000 0.000003 0.000003 0.000007 0.000010 0.000018 0.000023 0.000023 0.000072 0.000097 0.000161 0.000225 0.000369 0.000586 0.000780 0.001158 0.001648 0.002306 0.003173 0.004340 0.005640 0.007559 0.009702 0.011913 0.014817 0.018429 0.022030 0.025896 0.029673 0.034342 0.037903 0.042077 0.045700 0.048732 0.051089 0.051979 0.052628 0.052271 0.051039 0.048962 0.045801 0.042886 0.038552 0.034716 0.030318 0.026222 0.021959 0.018496 0.015164 0.012116 0.009495 0.007460 0.005637 0.004121 0.002961 0.002099 0.001554 0.001062 0.000710 0.000481 0.000270 0.000211 0.000143 0.000073 0.000044 0.000031 0.000016 0.000009 0.000003 0.000004 0.000001 0.000000 0.000000 0.000001 0.000000 0.000000 0.000000 0.000000 0.000000 
t: 0.002227272727 start: 225 end: 305 0.000001 0.000000 0.000000 0.000001 0.000003 0.000010 0.000004 0.000010 0.000018 0.000036 0.000063 0.000096 0.000137 0.000195 0.000335 0.000463 0.000713 0.001070 0.001489 0.002057 0.002881 0.003852 0.005356 0.006971 0.009016 0.011436 0.014271 0.016978 0.020765 0.025083 0.029006 0.033294 0.037131 0.040773 0.045166 0.047718 0.050765 0.052219 0.052707 0.052663 0.052005 0.049536 0.047078 0.043695 0.039470 0.035524 0.031713 0.027213 0.022876 0.019171 0.015792 0.012810 0.010142 0.007541 0.006008 0.004366 0.003183 0.002265 0.001608 0.001113 0.000782 0.000484 0.000323 0.000198 0.000163 0.000071 0.000052 0.000031 0.000012 0.000007 0.000006 0.000005 0.000003 0.000001 0.000001 0.000000 0.000000 0.000000 0.000000 0.000000 0.000000 
t: 0.002139737991 start: 227 end: 307 0.000001 0.000000 0.000000 0.000001 0.000001 0.000002 0.000005 0.000007 0.000016 0.000015 0.000024 0.000057 0.000089 0.000127 0.000211 0.000289 0.000449 0.000679 0.001057 0.001434 0.001969 0.002703 0.003785 0.005216 0.006802 0.008637 0.011143 0.013917 0.016897 0.020687 0.024602 0.028730 0.032834 0.036972 0.041003 0.044874 0.047972 0.050430 0.052289 0.052779 0.053087 0.051879 0.050176 0.047636 0.043904 0.039735 0.036018 0.031712 0.027452 0.023196 0.019506 0.015886 0.012663 0.010077 0.007749 0.006031 0.004367 0.003165 0.002298 0.001628 0.001055 0.000718 0.000493 0.000332 0.000200 0.000127 0.000088 0.000050 0.000037 0.000009 0.000007 0.000006 0.000005 0.000002 0.000001 0.000000 0.000000 0.000000 0.000000 0.000000 0.000000 
t: 0.002058823530 start: 233 end: 312 0.000001 0.000001 0.000002 0.000005 0.000007 0.000013 0.000021 0.000025 0.000061 0.000088 0.000132 0.000204 0.000286 0.000468 0.000647 0.001053 0.001432 0.001970 0.002862 0.003915 0.005147 0.007038 0.008661 0.011303 0.014352 0.017227 0.021284 0.025012 0.028675 0.033405 0.037485 0.041226 0.045180 0.048647 0.051047 0.052914 0.052898 0.053028 0.052193 0.050044 0.047451 0.043303 0.039766 0.035448 0.031319 0.026758 0.022863 0.018758 0.015562 0.012237 0.009693 0.007513 0.005665 0.004188 0.002964 0.002180 0.001464 0.001023 0.000665 0.000459 0.000294 0.000187 0.000102 0.000082 0.000039 0.000027 0.000013 0.000012 0.000003 0.000001 0.000001 0.000001 0.000000 0.000000 0.000000 0.000000 0.000000 0.000000 0.000000 0.000000 
t: 0.001983805668 start: 237 end: 313 0.000002 0.000001 0.000005 0.000006 0.000011 0.000024 0.000037 0.000051 0.000097 0.000157 0.000221 0.000307 0.000481 0.000736 0.001091 0.001583 0.002188 0.003059 0.004063 0.005544 0.007232 0.009327 0.011905 0.015005 0.018127 0.021819 0.025970 0.030118 0.034272 0.038834 0.042717 0.045757 0.049357 0.051875 0.053091 0.053467 0.053269 0.051696 0.049759 0.046341 0.042944 0.038689 0.034392 0.029989 0.025865 0.021671 0.017997 0.014373 0.011487 0.008911 0.006771 0.005098 0.003758 0.002757 0.001898 0.001313 0.000851 0.000617 0.000369 0.000261 0.000166 0.000087 0.000054 0.000034 0.000031 0.000008 0.000004 0.000001 0.000000 0.000002 0.000000 0.000000 0.000000 0.000000 0.000000 0.000000 0.000000 
t: 0.001914062500 start: 239 end: 316 0.000001 0.000002 0.000005 0.000002 0.000010 0.000014 0.000027 0.000039 0.000064 0.000119 0.000154 0.000255 0.000359 0.000591 0.000838 0.001182 0.001799 0.002497 0.003377 0.004605 0.006065 0.007996 0.010143 0.012850 0.016041 0.019656 0.023504 0.027381 0.031656 0.036042 0.040283 0.044055 0.048053 0.050448 0.052721 0.053970 0.053624 0.053368 0.051133 0.048535 0.045145 0.041369 0.036820 0.032756 0.028225 0.023965 0.020095 0.016432 0.013002 0.010229 0.007989 0.006006 0.004485 0.003142 0.002245 0.001563 0.001084 0.000709 0.000503 0.000302 0.000192 0.000110 0.000065 0.000049 0.000029 0.000013 0.000006 0.000003 0.000002 0.000001 0.000000 0.000000 0.000000 0.000000 0.000000 0.000000 0.000000 0.000000 
t: 0.001849056604 start: 240 end: 318 0.000001 0.000000 0.000001 0.000002 0.000005 0.000006 0.000009 0.000019 0.000032 0.000051 0.000094 0.000120 0.000188 0.000289 0.000459 0.000719 0.000974 0.001442 0.002024 0.002883 0.003918 0.005213 0.007072 0.009053 0.011523 0.014392 0.017770 0.021207 0.025385 0.029769 0.033918 0.038393 0.042649 0.046624 0.049653 0.052042 0.053696 0.054203 0.053609 0.052529 0.050096 0.047244 0.043424 0.038924 0.034884 0.029965 0.025847 0.021814 0.017842 0.014302 0.011604 0.008915 0.006693 0.004993 0.003629 0.002522 0.001824 0.001220 0.000833 0.000574 0.000357 0.000219 0.000149 0.000076 0.000049 0.000028 0.000024 0.000006 0.000004 0.000001 0.000001 0.000000 0.000001 0.000000 0.000000 0.000000 0.000000 0.000000 0.000000 
t: 0.001788321168 start: 245 end: 320 0.000002 0.000002 0.000007 0.000007 0.000013 0.000028 0.000038 0.000062 0.000104 0.000158 0.000286 0.000369 0.000591 0.000835 0.001272 0.001809 0.002504 0.003383 0.004683 0.006227 0.008336 0.010456 0.013184 0.016416 0.019973 0.023894 0.028049 0.032309 0.037279 0.041254 0.045274 0.048920 0.051288 0.053454 0.054382 0.054418 0.053347 0.051299 0.048474 0.044761 0.040732 0.036187 0.031624 0.027460 0.022982 0.019053 0.015396 0.012346 0.009563 0.007394 0.005454 0.004041 0.002827 0.001914 0.001317 0.000964 0.000600 0.000385 0.000247 0.000157 0.000078 0.000067 0.000024 0.000021 0.000010 0.000007 0.000002 0.000000 0.000001 0.000000 0.000000 0.000000 0.000000 0.000000 0.000000 0.000000 
t: 0.001731448763 start: 247 end: 323 0.000001 0.000003 0.000003 0.000008 0.000009 0.000019 0.000025 0.000048 0.000093 0.000163 0.000242 0.000344 0.000510 0.000782 0.001094 0.001621 0.002228 0.003059 0.004282 0.005743 0.007630 0.009862 0.012561 0.015308 0.018882 0.022793 0.027225 0.031535 0.036099 0.040705 0.044331 0.048149 0.051255 0.052865 0.054553 0.054948 0.053827 0.052106 0.049501 0.045767 0.042073 0.037135 0.032925 0.028215 0.024120 0.019665 0.015950 0.012904 0.010054 0.007612 0.005767 0.004269 0.002971 0.002038 0.001442 0.000980 0.000664 0.000408 0.000268 0.000140 0.000094 0.000058 0.000031 0.000016 0.000013 0.000005 0.000002 0.000001 0.000001 0.000000 0.000000 0.000000 0.000000 0.000000 0.000000 0.000000 0.000000 
t: 0.001678082192 start: 249 end: 324 0.000001 0.000001 0.000003 0.000007 0.000008 0.000016 0.000021 0.000039 0.000093 0.000144 0.000212 0.000310 0.000472 0.000661 0.001104 0.001498 0.002129 0.002914 0.004067 0.005371 0.007317 0.009275 0.012168 0.014921 0.018436 0.022193 0.026568 0.030980 0.035611 0.039983 0.043827 0.048058 0.050430 0.053418 0.054963 0.054906 0.054383 0.052325 0.049953 0.046643 0.042756 0.038085 0.033485 0.028792 0.024248 0.020260 0.016490 0.013080 0.010163 0.007694 0.005972 0.004202 0.003032 0.002178 0.001437 0.001033 0.000633 0.000412 0.000247 0.000152 0.000092 0.000056 0.000031 0.000019 0.000014 0.000006 0.000001 0.000000 0.000000 0.000001 0.000000 0.000000 0.000000 0.000000 0.000000 0.000000 
t: 0.001627906977 start: 250 end: 326 0.000001 0.000001 0.000001 0.000003 0.000004 0.000008 0.000019 0.000020 0.000049 0.000084 0.000113 0.000208 0.000287 0.000430 0.000692 0.000969 0.001472 0.002077 0.002820 0.004077 0.005337 0.007034 0.009100 0.011919 0.014704 0.018217 0.022133 0.026299 0.030407 0.035403 0.040228 0.044270 0.047828 0.051312 0.053153 0.054668 0.055329 0.054454 0.052937 0.050348 0.046920 0.042910 0.038181 0.033702 0.028773 0.024440 0.020231 0.016338 0.013095 0.010151 0.007660 0.005790 0.004269 0.003082 0.002097 0.001433 0.000915 0.000612 0.000375 0.000240 0.000156 0.000083 0.000069 0.000030 0.000010 0.000012 0.000007 0.000001 0.000003 0.000000 0.000000 0.000000 0.000000 0.000000 0.000000 0.000000 0.000000 
t: 0.001580645161 start: 252 end: 328 0.000001 0.000001 0.000002 0.000000 0.000003 0.000011 0.000020 0.000020 0.000035 0.000085 0.000116 0.000196 0.000283 0.000448 0.000668 0.000976 0.001433 0.002052 0.002943 0.004042 0.005254 0.006961 0.009222 0.011921 0.014802 0.018481 0.022449 0.026220 0.031007 0.035724 0.040006 0.044849 0.048135 0.051506 0.053565 0.054923 0.055579 0.054887 0.053199 0.050179 0.047031 0.042525 0.038025 0.033451 0.028582 0.024074 0.019900 0.016105 0.012546 0.009864 0.007442 0.005721 0.003931 0.002922 0.001990 0.001387 0.000860 0.000549 0.000347 0.000217 0.000132 0.000093 0.000052 0.000021 0.000018 0.000006 0.000001 0.000002 0.000001 0.000001 0.000000 0.000000 0.000000 0.000000 0.000000 0.000000 0.000000 
t: 0.001536050157 start: 255 end: 328 0.000002 0.000000 0.000002 0.000004 0.000014 0.000010 0.000024 0.000038 0.000084 0.000125 0.000194 0.000302 0.000447 0.000666 0.000992 0.001496 0.002126 0.002946 0.004089 0.005477 0.007334 0.009565 0.011788 0.015273 0.018865 0.022826 0.027205 0.031689 0.036144 0.041221 0.044874 0.049083 0.052036 0.054146 0.055440 0.055708 0.055171 0.053020 0.050011 0.046417 0.042277 0.037248 0.032456 0.027897 0.023444 0.019242 0.015401 0.012015 0.009456 0.006916 0.005293 0.003756 0.002665 0.001760 0.001263 0.000776 0.000505 0.000309 0.000181 0.000127 0.000074 0.000037 0.000026 0.000011 0.000006 0.000004 0.000000 0.000000 0.000001 0.000000 0.000000 0.000000 0.000000 0.000000 
t: 0.001493902439 start: 257 end: 331 0.000001 0.000002 0.000005 0.000004 0.000008 0.000016 0.000022 0.000042 0.000079 0.000129 0.000201 0.000298 0.000490 0.000722 0.001082 0.001615 0.002236 0.003097 0.004273 0.005670 0.007693 0.009860 0.012828 0.015798 0.019423 0.023772 0.028030 0.032648 0.037603 0.042259 0.045938 0.049766 0.053057 0.054666 0.056122 0.055972 0.054794 0.052954 0.049131 0.045594 0.041150 0.036112 0.031569 0.026808 0.022481 0.018147 0.014499 0.011337 0.008737 0.006382 0.004662 0.003422 0.002410 0.001597 0.000998 0.000705 0.000441 0.000266 0.000160 0.000096 0.000048 0.000033 0.000021 0.000004 0.000012 0.000001 0.000002 0.000000 0.000000 0.000000 0.000000 0.000000 0.000000 0.000000 0.000000 
t: 0.001454005935 start: 259 end: 332 0.000002 0.000001 0.000005 0.000001 0.000011 0.000019 0.000026 0.000045 0.000094 0.000145 0.000211 0.000362 0.000525 0.000821 0.001217 0.001642 0.002355 0.003373 0.004630 0.006186 0.008151 0.010485 0.013519 0.016982 0.020572 0.024761 0.029646 0.034212 0.038873 0.043258 0.047758 0.050933 0.053682 0.055390 0.056307 0.056231 0.054815 0.052144 0.048213 0.044028 0.039832 0.034924 0.030078 0.025490 0.021007 0.016812 0.013464 0.010307 0.007805 0.005836 0.004080 0.003059 0.002037 0.001370 0.000823 0.000555 0.000370 0.000221 0.000132 0.000075 0.000041 0.000023 0.000018 0.000003 0.000002 0.000005 0.000000 0.000000 0.000000 0.000000 0.000000 0.000000 0.000000 0.000000 
t: 0.001416184971 start: 260 end: 333 0.000001 0.000000 0.000003 0.000002 0.000005 0.000008 0.000034 0.000022 0.000066 0.000087 0.000161 0.000272 0.000411 0.000566 0.000934 0.001255 0.001886 0.002675 0.003809 0.004985 0.006737 0.008822 0.011653 0.014522 0.018116 0.021991 0.026509 0.031170 0.036055 0.040710 0.044899 0.048941 0.052066 0.055052 0.056291 0.056699 0.055968 0.053852 0.051198 0.047168 0.042630 0.038324 0.033281 0.028067 0.023466 0.019439 0.015308 0.012118 0.009221 0.006778 0.005005 0.003633 0.002514 0.001666 0.001118 0.000705 0.000424 0.000292 0.000195 0.000096 0.000054 0.000032 0.000020 0.000005 0.000004 0.000002 0.000002 0.000000 0.000000 0.000000 0.000000 0.000000 0.000000 0.000000 
t: 0.001380281690 start: 261 end: 333 0.000001 0.000000 0.000000 0.000003 0.000003 0.000008 0.000009 0.000026 0.000035 0.000064 0.000121 0.000211 0.000308 0.000469 0.000688 0.001011 0.001494 0.002159 0.003039 0.004297 0.005604 0.007499 0.009834 0.012614 0.015830 0.019832 0.023952 0.028471 0.033308 0.037748 0.042910 0.046607 0.050730 0.053619 0.056405 0.056677 0.056692 0.055591 0.053027 0.049487 0.045278 0.041265 0.036007 0.030995 0.026083 0.021594 0.017289 0.013796 0.010513 0.007994 0.005932 0.004280 0.002956 0.001977 0.001341 0.000874 0.000568 0.000370 0.000218 0.000129 0.000091 0.000029 0.000020 0.000005 0.000007 0.000002 0.000004 0.000000 0.000000 0.000000 0.000000 0.000000 0.000000 
t: 0.001346153846 start: 263 end: 334 0.000001 0.000000 0.000000 0.000005 0.000006 0.000009 0.000022 0.000023 0.000047 0.000093 0.000126 0.000261 0.000389 0.000530 0.000807 0.001189 0.001732 0.002505 0.003490 0.004781 0.006558 0.008449 0.011252 0.013888 0.017496 0.021606 0.026244 0.030680 0.035533 0.040677 0.045009 0.048529 0.052823 0.055193 0.056995 0.057326 0.056477 0.054629 0.051525 0.047838 0.043337 0.038641 0.033841 0.028487 0.023483 0.019281 0.015294 0.011955 0.009063 0.006777 0.004995 0.003407 0.002301 0.001587 0.001052 0.000723 0.000428 0.000255 0.000154 0.000094 0.000057 0.000016 0.000011 0.000013 0.000000 0.000003 0.000002 0.000000 0.000000 0.000000 0.000000 0.000000 
t: 0.001313672922 start: 266 end: 339 0.000001 0.000004 0.000003 0.000007 0.000009 0.000023 0.000033 0.000065 0.000109 0.000186 0.000312 0.000455 0.000652 0.000940 0.001405 0.002120 0.002973 0.003972 0.005706 0.007400 0.009841 0.012471 0.015769 0.019827 0.023979 0.028539 0.033482 0.038442 0.042775 0.047523 0.051354 0.054511 0.056618 0.057423 0.057419 0.055782 0.053216 0.049941 0.045448 0.041137 0.035802 0.030390 0.025905 0.021064 0.016819 0.013263 0.010209 0.007540 0.005443 0.003902 0.002666 0.001892 0.001239 0.000770 0.000473 0.000326 0.000190 0.000116 0.000056 0.000027 0.000022 0.000007 0.000004 0.000001 0.000001 0.000001 0.000000 0.000000 0.000000 0.000000 0.000000 0.000000 0.000000 0.000000 
t: 0.001282722513 start: 267 end: 340 0.000002 0.000002 0.000003 0.000004 0.000011 0.000018 0.000019 0.000054 0.000089 0.000164 0.000228 0.000333 0.000544 0.000812 0.001203 0.001709 0.002551 0.003481 0.004917 0.006652 0.008734 0.011128 0.014439 0.018126 0.021872 0.026901 0.031286 0.036454 0.041351 0.046118 0.050143 0.053581 0.056037 0.057475 0.057714 0.057241 0.054495 0.051701 0.047633 0.042614 0.037787 0.032650 0.027477 0.022674 0.018299 0.014488 0.011181 0.008452 0.006058 0.004281 0.003042 0.002059 0.001409 0.000883 0.000598 0.000345 0.000215 0.000128 0.000055 0.000041 0.000020 0.000011 0.000004 0.000001 0.000002 0.000000 0.000001 0.000000 0.000000 0.000000 0.000000 0.000000 0.000000 0.000000 
t: 0.001253196931 start: 268 end: 340 0.000001 0.000001 0.000003 0.000004 0.000006 0.000012 0.000022 0.000026 0.000091 0.000109 0.000202 0.000266 0.000454 0.000710 0.001051 0.001433 0.002195 0.003043 0.004325 0.005813 0.007918 0.010168 0.013250 0.016738 0.020522 0.025061 0.029555 0.034849 0.039918 0.044060 0.049026 0.053004 0.055539 0.057448 0.058467 0.057443 0.056144 0.052731 0.049323 0.044486 0.039270 0.034558 0.029145 0.024120 0.019621 0.015543 0.012020 0.009312 0.006594 0.004719 0.003270 0.002338 0.001527 0.000966 0.000662 0.000373 0.000262 0.000124 0.000091 0.000023 0.000028 0.000010 0.000000 0.000004 0.000002 0.000001 0.000000 0.000000 0.000000 0.000000 0.000000 0.000000 0.000000 
t: 0.001225000000 start: 269 end: 341 0.000001 0.000001 0.000002 0.000003 0.000003 0.000011 0.000012 0.000026 0.000063 0.000089 0.000162 0.000254 0.000390 0.000558 0.000871 0.001333 0.001938 0.002755 0.003859 0.005295 0.007013 0.009252 0.012239 0.015409 0.019311 0.023769 0.028162 0.033084 0.038361 0.043333 0.047615 0.052222 0.055267 0.057175 0.058566 0.058166 0.057085 0.054104 0.050592 0.045758 0.041105 0.035870 0.030761 0.025276 0.020658 0.016620 0.013118 0.009618 0.007300 0.005108 0.003604 0.002429 0.001686 0.001046 0.000682 0.000421 0.000291 0.000147 0.000069 0.000041 0.000023 0.000008 0.000005 0.000002 0.000003 0.000000 0.000000 0.000000 0.000000 0.000000 0.000000 0.000000 0.000000 
t: 0.001198044010 start: 271 end: 343 0.000001 0.000002 0.000003 0.000003 0.000009 0.000012 0.000025 0.000041 0.000070 0.000155 0.000215 0.000333 0.000513 0.000748 0.001194 0.001708 0.002405 0.003503 0.004752 0.006472 0.008657 0.011341 0.014400 0.018153 0.022294 0.027343 0.032126 0.036952 0.042175 0.046702 0.051421 0.054711 0.057178 0.058686 0.058525 0.058001 0.055094 0.051613 0.047006 0.042468 0.037150 0.031918 0.026406 0.021783 0.017411 0.013783 0.010412 0.007502 0.005499 0.003812 0.002591 0.001756 0.001168 0.000738 0.000461 0.000282 0.000151 0.000082 0.000043 0.000020 0.000012 0.000006 0.000001 0.000002 0.000001 0.000000 0.000000 0.000000 0.000000 0.000000 0.000000 0.000000 0.000000 
t: 0.001172248804 start: 273 end: 345 0.000001 0.000002 0.000002 0.000008 0.000016 0.000015 0.000032 0.000075 0.000125 0.000197 0.000273 0.000469 0.000716 0.001016 0.001512 0.002237 0.003179 0.004357 0.006047 0.008014 0.010534 0.013678 0.017429 0.021517 0.026086 0.030805 0.036123 0.041324 0.046194 0.050644 0.054045 0.057185 0.058753 0.058895 0.058606 0.055994 0.052381 0.048613 0.043482 0.037906 0.032990 0.027450 0.022503 0.018162 0.014315 0.010908 0.007811 0.005707 0.004008 0.002661 0.001887 0.001235 0.000767 0.000491 0.000287 0.000143 0.000091 0.000045 0.000028 0.000014 0.000006 0.000001 0.000001 0.000001 0.000000 0.000000 0.000001 0.000000 0.000000 0.000000 0.000000 0.000000 0.000000 
t: 0.001147540984 start: 274 end: 345 0.000001 0.000001 0.000003 0.000006 0.000011 0.000017 0.000034 0.000069 0.000106 0.000171 0.000224 0.000434 0.000595 0.000909 0.001427 0.002076 0.002916 0.004173 0.005552 0.007563 0.010102 0.012927 0.016731 0.020908 0.025002 0.030059 0.035423 0.040502 0.045380 0.050441 0.053677 0.057038 0.058471 0.059872 0.059018 0.056556 0.053158 0.049189 0.044515 0.039257 0.033554 0.028115 0.023337 0.018666 0.014754 0.011055 0.008107 0.005840 0.004154 0.002826 0.001944 0.001239 0.000751 0.000514 0.000294 0.000147 0.000093 0.000044 0.000031 0.000013 0.000004 0.000000 0.000002 0.000000 0.000001 0.000000 0.000001 0.000000 0.000000 0.000000 0.000000 0.000000 
t: 0.001123853211 start: 275 end: 347 0.000001 0.000001 0.000004 0.000006 0.000006 0.000016 0.000031 0.000060 0.000092 0.000138 0.000247 0.000369 0.000524 0.000889 0.001274 0.001907 0.002815 0.003752 0.005372 0.007211 0.009759 0.012467 0.016197 0.020041 0.024442 0.029443 0.034846 0.039670 0.045063 0.050000 0.053794 0.056813 0.058911 0.060095 0.059081 0.057301 0.054028 0.050013 0.044995 0.039738 0.034419 0.028698 0.023512 0.019322 0.014867 0.011334 0.008176 0.006037 0.004198 0.002893 0.001993 0.001225 0.000776 0.000527 0.000252 0.000186 0.000079 0.000045 0.000026 0.000011 0.000005 0.000003 0.000001 0.000002 0.000000 0.000001 0.000000 0.000000 0.000000 0.000000 0.000000 0.000000 0.000000 
t: 0.001101123596 start: 276 end: 347 0.000001 0.000000 0.000007 0.000003 0.000006 0.000014 0.000034 0.000047 0.000092 0.000144 0.000204 0.000335 0.000511 0.000811 0.001217 0.001769 0.002669 0.003704 0.005139 0.006865 0.009465 0.012232 0.015376 0.019492 0.024007 0.029227 0.034511 0.039274 0.044694 0.049733 0.054205 0.056457 0.059047 0.060261 0.059720 0.057782 0.054801 0.050366 0.045462 0.040079 0.034686 0.029268 0.023961 0.019287 0.015033 0.011397 0.008414 0.006095 0.004121 0.002881 0.002007 0.001230 0.000799 0.000452 0.000276 0.000169 0.000073 0.000045 0.000019 0.000010 0.000009 0.000001 0.000002 0.000001 0.000001 0.000000 0.000000 0.000000 0.000000 0.000000 0.000000 0.000000 
t: 0.001079295154 start: 278 end: 348 0.000002 0.000004 0.000005 0.000007 0.000015 0.000024 0.000055 0.000078 0.000127 0.000189 0.000315 0.000466 0.000795 0.001145 0.001736 0.002489 0.003562 0.004976 0.006803 0.009133 0.011997 0.015138 0.019069 0.023744 0.029018 0.034099 0.039149 0.044878 0.049558 0.053511 0.057301 0.059516 0.060222 0.060071 0.058264 0.054843 0.050930 0.045912 0.040550 0.034630 0.029481 0.024176 0.019254 0.015092 0.011291 0.008434 0.005937 0.004168 0.002979 0.001854 0.001234 0.000749 0.000436 0.000273 0.000147 0.000087 0.000039 0.000017 0.000016 0.000005 0.000002 0.000001 0.000000 0.000002 0.000000 0.000000 0.000000 0.000000 0.000000 0.000000 0.000000 
t: 0.001058315335 start: 279 end: 350 0.000002 0.000001 0.000007 0.000008 0.000013 0.000024 0.000045 0.000076 0.000116 0.000182 0.000272 0.000520 0.000719 0.001100 0.001655 0.002487 0.003329 0.004940 0.006755 0.008880 0.011788 0.015069 0.018922 0.023591 0.028646 0.033990 0.039655 0.044737 0.049388 0.054108 0.057550 0.059879 0.060443 0.060362 0.058096 0.055342 0.051198 0.046023 0.040615 0.034754 0.029602 0.024149 0.019147 0.014852 0.011177 0.008223 0.005857 0.004268 0.002735 0.001831 0.001184 0.000703 0.000436 0.000242 0.000144 0.000084 0.000033 0.000023 0.000013 0.000005 0.000002 0.000001 0.000001 0.000001 0.000000 0.000000 0.000000 0.000000 0.000000 0.000000 0.000000 0.000000 
t: 0.001038135593 start: 280 end: 350 0.000001 0.000004 0.000004 0.000010 0.000006 0.000023 0.000040 0.000087 0.000114 0.000183 0.000287 0.000464 0.000680 0.001058 0.001659 0.002347 0.003387 0.004847 0.006777 0.008869 0.011662 0.015028 0.018929 0.023636 0.028567 0.034065 0.039497 0.045293 0.049971 0.054321 0.057632 0.059986 0.060921 0.060623 0.058572 0.055281 0.051292 0.045994 0.040552 0.034974 0.029132 0.023797 0.019015 0.014543 0.010951 0.008075 0.005713 0.004063 0.002651 0.001700 0.001102 0.000689 0.000401 0.000257 0.000133 0.000062 0.000033 0.000018 0.000014 0.000001 0.000004 0.000000 0.000002 0.000001 0.000000 0.000000 0.000000 0.000000 0.000000 0.000000 0.000000 
t: 0.001018711019 start: 282 end: 352 0.000003 0.000006 0.000008 0.000008 0.000017 0.000039 0.000065 0.000120 0.000184 0.000288 0.000466 0.000682 0.001112 0.001627 0.002324 0.003393 0.004844 0.006730 0.008810 0.011765 0.014971 0.019339 0.023585 0.028959 0.034208 0.039797 0.045703 0.050120 0.054717 0.058281 0.060583 0.060897 0.060981 0.058452 0.055825 0.050857 0.045959 0.040352 0.034446 0.028787 0.023516 0.018733 0.014039 0.010538 0.007852 0.005504 0.003840 0.002579 0.001619 0.001010 0.000607 0.000386 0.000224 0.000119 0.000057 0.000031 0.000017 0.000011 0.000003 0.000001 0.000002 0.000001 0.000000 0.000001 0.000000 0.000000 0.000000 0.000000 0.000000 0.000000 0.000000 
t: 0.001000000000 start: 283 end: 352 0.000004 0.000003 0.000006 0.000011 0.000017 0.000038 0.000066 0.000133 0.000177 0.000275 0.000441 0.000744 0.001091 0.001652 0.002305 0.003555 0.004844 0.006742 0.009043 0.011596 0.015263 0.019473 0.024167 0.029288 0.034726 0.040715 0.045780 0.050846 0.055062 0.058537 0.060605 0.062046 0.060807 0.058518 0.055381 0.051003 0.045812 0.039940 0.033699 0.028434 0.022692 0.018068 0.013858 0.010141 0.007402 0.005208 0.003588 0.002418 0.001586 0.000906 0.000540 0.000356 0.000180 0.000108 0.000041 0.000039 0.000011 0.000006 0.000003 0.000001 0.000002 0.000000 0.000001 0.000000 0.000000 0.000000 0.000000 0.000000 0.000000 0.000000 
