t: 0.059999999999 start: 17 end: 55 0.000004 0.000018 0.000065 0.000240 0.000749 0.002114 0.005259 0.011338 0.022024 0.038383 0.059631 0.084216 0.105735 0.120319 0.124410 0.116736 0.099655 0.077056 0.054672 0.035321 0.020905 0.011294 0.005662 0.002542 0.001053 0.000416 0.000127 0.000041 0.000013 0.000001 0.000001 0.000000 0.000000 0.000000 0.000000 0.000000 0.000000 0.000000 0.000000 
t: 0.054545454544 start: 19 end: 58 0.000002 0.000012 0.000052 0.000158 0.000483 0.001413 0.003501 0.007963 0.015417 0.027759 0.044641 0.065479 0.087568 0.105785 0.117690 0.118029 0.109699 0.093346 0.072489 0.051869 0.033764 0.020529 0.011473 0.006063 0.002783 0.001235 0.000513 0.000184 0.000080 0.000015 0.000005 0.000000 0.000001 0.000000 0.000000 0.000000 0.000000 0.000000 0.000000 0.000000 
t: 0.049999999999 start: 20 end: 61 0.000001 0.000004 0.000005 0.000037 0.000105 0.000372 0.000976 0.002440 0.005531 0.010999 0.020204 0.033994 0.051141 0.070995 0.090839 0.106301 0.114689 0.112302 0.102922 0.086456 0.067194 0.048235 0.031938 0.019756 0.011361 0.005974 0.002953 0.001320 0.000578 0.000253 0.000090 0.000021 0.000009 0.000005 0.000000 0.000000 0.000000 0.000000 0.000000 0.000000 0.000000 0.000000 
t: 0.046153846153 start: 23 end: 65 0.000003 0.000001 0.000025 0.000095 0.000267 0.000715 0.001823 0.003922 0.008069 0.014930 0.025942 0.040317 0.058069 0.076815 0.093796 0.106138 0.110808 0.106621 0.095413 0.079833 0.062071 0.044428 0.029559 0.018554 0.010789 0.005715 0.002911 0.001353 0.000630 0.000234 0.000094 0.000048 0.000008 0.000003 0.000001 0.000000 0.000000 0.000000 0.000000 0.000000 0.000000 0.000000 0.000000 
t: 0.042857142857 start: 26 end: 68 0.000008 0.000018 0.000071 0.000213 0.000549 0.001324 0.002952 0.006061 0.011498 0.020027 0.032274 0.046929 0.064760 0.081356 0.096258 0.105519 0.106532 0.100564 0.089063 0.073410 0.056047 0.040173 0.027096 0.016934 0.009773 0.005439 0.002783 0.001302 0.000633 0.000258 0.000120 0.000038 0.000014 0.000003 0.000001 0.000000 0.000000 0.000000 0.000000 0.000000 0.000000 0.000000 0.000000 
t: 0.040000000000 start: 26 end: 70 0.000001 0.000000 0.000004 0.000010 0.000068 0.000162 0.000399 0.001007 0.002384 0.004784 0.008869 0.015629 0.025778 0.039040 0.054126 0.070713 0.086181 0.097801 0.103155 0.102186 0.095253 0.082091 0.066327 0.050478 0.035818 0.024096 0.014946 0.008943 0.004896 0.002568 0.001256 0.000588 0.000267 0.000102 0.000050 0.000018 0.000004 0.000002 0.000000 0.000000 0.000000 0.000000 0.000000 0.000000 0.000000 
t: 0.037500000000 start: 28 end: 72 0.000001 0.000000 0.000005 0.000013 0.000047 0.000132 0.000341 0.000808 0.001874 0.003668 0.007091 0.012717 0.021089 0.032040 0.045658 0.061478 0.076745 0.089908 0.098378 0.101165 0.097416 0.087914 0.074756 0.059295 0.044899 0.031729 0.021046 0.013179 0.007916 0.004326 0.002267 0.001163 0.000521 0.000257 0.000105 0.000036 0.000015 0.000002 0.000000 0.000000 0.000000 0.000000 0.000000 0.000000 0.000000 
t: 0.035294117647 start: 32 end: 77 0.000004 0.000010 0.000044 0.000119 0.000270 0.000723 0.001546 0.003034 0.005856 0.010302 0.017274 0.026819 0.039478 0.053514 0.068190 0.082027 0.092496 0.098071 0.097647 0.091487 0.080497 0.067177 0.052960 0.039005 0.027688 0.018108 0.011426 0.006560 0.003742 0.002015 0.001056 0.000487 0.000214 0.000100 0.000034 0.000013 0.000006 0.000000 0.000001 0.000000 0.000000 0.000000 0.000000 0.000000 0.000000 0.000000 
t: 0.033333333333 start: 34 end: 81 0.000003 0.000015 0.000032 0.000080 0.000247 0.000578 0.001320 0.002467 0.004899 0.008718 0.014589 0.022940 0.033933 0.046899 0.061083 0.074454 0.085965 0.093480 0.096538 0.093054 0.084914 0.072955 0.060120 0.046544 0.033689 0.023321 0.015340 0.009758 0.005556 0.003177 0.001716 0.000890 0.000405 0.000191 0.000084 0.000030 0.000011 0.000002 0.000002 0.000001 0.000000 0.000000 0.000000 0.000000 0.000000 0.000000 0.000000 0.000000 
t: 0.031578947368 start: 35 end: 84 0.000001 0.000002 0.000010 0.000041 0.000083 0.000214 0.000487 0.001102 0.002062 0.004195 0.007400 0.012453 0.019943 0.029304 0.041739 0.054803 0.067848 0.079775 0.088908 0.093892 0.092974 0.087384 0.077499 0.065958 0.052733 0.039935 0.028714 0.019646 0.012975 0.007929 0.004672 0.002642 0.001335 0.000720 0.000363 0.000147 0.000059 0.000033 0.000013 0.000005 0.000001 0.000001 0.000000 0.000000 0.000000 0.000000 0.000000 0.000000 0.000000 0.000000 
t: 0.030000000000 start: 37 end: 86 0.000001 0.000003 0.000009 0.000038 0.000083 0.000183 0.000434 0.000945 0.001866 0.003669 0.006485 0.011043 0.017321 0.026108 0.036689 0.049263 0.062241 0.074417 0.084119 0.090219 0.092132 0.088525 0.080805 0.070318 0.058196 0.045602 0.034081 0.024131 0.016284 0.010347 0.006481 0.003785 0.002037 0.001042 0.000599 0.000276 0.000125 0.000059 0.000025 0.000010 0.000003 0.000001 0.000000 0.000000 0.000000 0.000000 0.000000 0.000000 0.000000 0.000000 
t: 0.028571428571 start: 39 end: 89 0.000001 0.000003 0.000009 0.000034 0.000083 0.000169 0.000396 0.000924 0.001744 0.003089 0.005902 0.009631 0.015642 0.022953 0.033214 0.045047 0.056939 0.069509 0.079586 0.087263 0.090081 0.088580 0.083102 0.073529 0.062114 0.050601 0.038635 0.028369 0.019888 0.013166 0.008475 0.005063 0.002923 0.001605 0.000891 0.000454 0.000212 0.000086 0.000048 0.000026 0.000010 0.000003 0.000000 0.000000 0.000001 0.000000 0.000000 0.000000 0.000000 0.000000 0.000000 
t: 0.027272727273 start: 40 end: 92 0.000001 0.000001 0.000003 0.000017 0.000028 0.000068 0.000165 0.000374 0.000805 0.001594 0.002982 0.005330 0.008681 0.013993 0.021107 0.030229 0.040824 0.053000 0.064800 0.075610 0.083777 0.087825 0.088241 0.083244 0.076477 0.065821 0.054143 0.043225 0.032432 0.023306 0.015934 0.010573 0.006595 0.003964 0.002278 0.001221 0.000651 0.000367 0.000176 0.000077 0.000040 0.000013 0.000005 0.000002 0.000000 0.000000 0.000001 0.000000 0.000000 0.000000 0.000000 0.000000 0.000000 
t: 0.026086956522 start: 44 end: 95 0.000006 0.000009 0.000036 0.000069 0.000139 0.000370 0.000776 0.001489 0.002670 0.004914 0.008220 0.012783 0.019147 0.027919 0.038107 0.049267 0.061034 0.071620 0.080155 0.085224 0.086984 0.084172 0.077711 0.068550 0.058172 0.046449 0.036147 0.026588 0.018667 0.012694 0.008070 0.005168 0.003001 0.001735 0.000978 0.000490 0.000245 0.000134 0.000042 0.000034 0.000011 0.000001 0.000002 0.000001 0.000000 0.000000 0.000000 0.000000 0.000000 0.000000 0.000000 0.000000 
t: 0.025000000000 start: 45 end: 97 0.000002 0.000003 0.000012 0.000030 0.000063 0.000154 0.000366 0.000704 0.001430 0.002627 0.004604 0.007469 0.011984 0.017697 0.026104 0.035923 0.046441 0.057778 0.067590 0.077067 0.082832 0.085057 0.084002 0.078772 0.070752 0.060866 0.049940 0.038913 0.029627 0.021552 0.014780 0.009764 0.006374 0.003782 0.002291 0.001281 0.000692 0.000352 0.000178 0.000074 0.000040 0.000021 0.000008 0.000001 0.000001 0.000000 0.000000 0.000000 0.000000 0.000000 0.000000 0.000000 0.000000 
t: 0.024000000000 start: 47 end: 100 0.000001 0.000005 0.000019 0.000029 0.000066 0.000156 0.000384 0.000650 0.001365 0.002466 0.004361 0.007186 0.011039 0.017091 0.024583 0.033511 0.044076 0.054863 0.065431 0.073593 0.080645 0.083180 0.083199 0.079244 0.072348 0.062793 0.052690 0.042123 0.032073 0.023864 0.017035 0.011330 0.007612 0.004589 0.002849 0.001628 0.000985 0.000457 0.000243 0.000129 0.000057 0.000035 0.000009 0.000005 0.000002 0.000001 0.000000 0.000000 0.000000 0.000000 0.000000 0.000000 0.000000 0.000000 
t: 0.023076923077 start: 50 end: 101 0.000006 0.000021 0.000037 0.000076 0.000187 0.000341 0.000728 0.001307 0.002350 0.004244 0.006955 0.010807 0.016184 0.023506 0.031750 0.042208 0.052597 0.062803 0.070855 0.078244 0.081742 0.082459 0.079130 0.072849 0.064398 0.054727 0.044590 0.034936 0.026004 0.018872 0.013167 0.008555 0.005500 0.003386 0.002064 0.001119 0.000651 0.000327 0.000179 0.000077 0.000034 0.000019 0.000007 0.000002 0.000000 0.000000 0.000000 0.000000 0.000000 0.000000 0.000000 0.000000 
t: 0.022222222222 start: 50 end: 103 0.000001 0.000002 0.000007 0.000016 0.000049 0.000089 0.000194 0.000351 0.000659 0.001312 0.002406 0.004181 0.006717 0.010607 0.015489 0.022537 0.031173 0.040261 0.050485 0.060415 0.069276 0.075968 0.080291 0.080977 0.078885 0.073494 0.065569 0.056494 0.046614 0.036832 0.027873 0.020594 0.014491 0.009858 0.006319 0.004035 0.002417 0.001376 0.000836 0.000435 0.000220 0.000119 0.000037 0.000025 0.000011 0.000003 0.000000 0.000000 0.000000 0.000000 0.000000 0.000000 0.000000 0.000000 
t: 0.021428571428 start: 52 end: 107 0.000001 0.000003 0.000006 0.000016 0.000056 0.000095 0.000195 0.000380 0.000754 0.001282 0.002482 0.004141 0.006617 0.010283 0.015414 0.022144 0.029712 0.038969 0.049082 0.058369 0.067866 0.074237 0.078430 0.080447 0.077952 0.073832 0.066391 0.057393 0.048513 0.038258 0.029347 0.022205 0.015794 0.010982 0.007230 0.004624 0.002783 0.001665 0.000923 0.000564 0.000283 0.000152 0.000089 0.000024 0.000010 0.000002 0.000002 0.000001 0.000000 0.000000 0.000000 0.000000 0.000000 0.000000 0.000000 0.000000 
t: 0.020689655172 start: 53 end: 107 0.000001 0.000000 0.000002 0.000007 0.000022 0.000058 0.000098 0.000209 0.000416 0.000759 0.001376 0.002488 0.004115 0.006698 0.010377 0.015185 0.021572 0.029323 0.038110 0.047894 0.057078 0.065643 0.073309 0.076916 0.079190 0.077419 0.073461 0.066732 0.058651 0.049090 0.039687 0.030992 0.023513 0.017060 0.011871 0.007914 0.005200 0.003189 0.001863 0.001156 0.000621 0.000374 0.000197 0.000090 0.000050 0.000018 0.000003 0.000003 0.000000 0.000000 0.000000 0.000000 0.000000 0.000000 0.000000 
t: 0.020000000000 start: 55 end: 111 0.000001 0.000001 0.000003 0.000009 0.000020 0.000063 0.000120 0.000223 0.000427 0.000798 0.001462 0.002545 0.004177 0.006810 0.010387 0.015209 0.021364 0.029127 0.037634 0.046915 0.056119 0.064487 0.070823 0.076626 0.078417 0.076499 0.073224 0.066660 0.058717 0.049942 0.040999 0.032206 0.024581 0.017742 0.012670 0.008597 0.005689 0.003658 0.002158 0.001310 0.000720 0.000444 0.000217 0.000109 0.000051 0.000028 0.000008 0.000003 0.000001 0.000000 0.000000 0.000000 0.000000 0.000000 0.000000 0.000000 0.000000 
t: 0.019354838710 start: 57 end: 114 0.000001 0.000001 0.000004 0.000018 0.000021 0.000068 0.000108 0.000251 0.000474 0.000916 0.001581 0.002647 0.004333 0.007002 0.010442 0.015533 0.021456 0.028872 0.036890 0.046378 0.055366 0.063481 0.070774 0.075145 0.076649 0.076191 0.072466 0.066805 0.058812 0.050373 0.041545 0.033236 0.025068 0.018753 0.013314 0.009098 0.006216 0.004005 0.002465 0.001435 0.000842 0.000489 0.000228 0.000122 0.000061 0.000039 0.000018 0.000005 0.000002 0.000000 0.000001 0.000000 0.000000 0.000000 0.000000 0.000000 0.000000 0.000000 
t: 0.018750000000 start: 59 end: 117 0.000002 0.000002 0.000001 0.000019 0.000034 0.000055 0.000155 0.000273 0.000517 0.000979 0.001630 0.002899 0.004517 0.007114 0.010818 0.015789 0.021659 0.028654 0.037039 0.046045 0.054751 0.062683 0.069642 0.074476 0.076131 0.075004 0.072153 0.066148 0.059157 0.050668 0.041829 0.033360 0.025783 0.019164 0.014046 0.009706 0.006494 0.004299 0.002694 0.001567 0.000937 0.000520 0.000298 0.000124 0.000089 0.000045 0.000019 0.000007 0.000003 0.000001 0.000001 0.000000 0.000000 0.000000 0.000000 0.000000 0.000000 0.000000 0.000000 
t: 0.018181818182 start: 59 end: 117 0.000001 0.000000 0.000001 0.000003 0.000006 0.000017 0.000031 0.000069 0.000169 0.000315 0.000571 0.001055 0.001852 0.002963 0.004939 0.007417 0.011292 0.015921 0.021787 0.029217 0.036918 0.045761 0.054791 0.062342 0.069287 0.073155 0.075501 0.074276 0.071243 0.065725 0.058872 0.050539 0.041761 0.033823 0.026251 0.019677 0.014165 0.010137 0.006920 0.004431 0.002771 0.001705 0.001062 0.000590 0.000335 0.000148 0.000105 0.000046 0.000018 0.000010 0.000005 0.000004 0.000000 0.000000 0.000000 0.000000 0.000000 0.000000 0.000000 
t: 0.017647058823 start: 60 end: 121 0.000001 0.000000 0.000001 0.000001 0.000004 0.000009 0.000015 0.000039 0.000095 0.000189 0.000361 0.000648 0.001158 0.001953 0.003230 0.005211 0.007906 0.011702 0.016433 0.022253 0.029454 0.037279 0.046648 0.054274 0.062248 0.068561 0.072671 0.074546 0.073550 0.070521 0.065142 0.058250 0.049966 0.041846 0.033790 0.026295 0.019930 0.014521 0.010324 0.007127 0.004640 0.002870 0.001865 0.001084 0.000649 0.000342 0.000188 0.000110 0.000050 0.000029 0.000010 0.000005 0.000003 0.000002 0.000001 0.000000 0.000000 0.000000 0.000000 0.000000 0.000000 0.000000 
t: 0.017142857143 start: 62 end: 122 0.000001 0.000000 0.000000 0.000004 0.000005 0.000009 0.000021 0.000042 0.000116 0.000228 0.000412 0.000744 0.001249 0.002167 0.003566 0.005545 0.008413 0.012132 0.017202 0.022780 0.030081 0.038170 0.046637 0.054891 0.061877 0.068163 0.072034 0.073879 0.072807 0.069290 0.064504 0.057493 0.049419 0.041657 0.033578 0.026315 0.019753 0.014626 0.010606 0.007226 0.004807 0.003062 0.001855 0.001123 0.000680 0.000393 0.000209 0.000120 0.000061 0.000020 0.000015 0.000005 0.000006 0.000001 0.000001 0.000000 0.000000 0.000000 0.000000 0.000000 0.000000 
t: 0.016666666667 start: 66 end: 126 0.000002 0.000004 0.000005 0.000009 0.000032 0.000063 0.000152 0.000258 0.000486 0.000799 0.001483 0.002355 0.003829 0.006015 0.008929 0.012960 0.017762 0.023780 0.031084 0.039001 0.046800 0.055077 0.062425 0.067845 0.071706 0.072579 0.072171 0.068936 0.063242 0.056725 0.048679 0.040658 0.032874 0.026181 0.019984 0.014777 0.010398 0.007239 0.004895 0.003120 0.001940 0.001170 0.000726 0.000385 0.000210 0.000119 0.000066 0.000036 0.000012 0.000008 0.000007 0.000001 0.000001 0.000000 0.000000 0.000000 0.000000 0.000000 0.000000 0.000000 0.000000 
t: 0.016216216216 start: 68 end: 128 0.000001 0.000002 0.000005 0.000019 0.000042 0.000071 0.000165 0.000328 0.000552 0.000981 0.001589 0.002548 0.004402 0.006406 0.009471 0.013621 0.018530 0.024940 0.032070 0.039774 0.048019 0.055550 0.062266 0.067722 0.070859 0.072614 0.071218 0.067555 0.062765 0.055306 0.047790 0.039808 0.032639 0.025551 0.019657 0.014697 0.010380 0.007332 0.004834 0.003128 0.001986 0.001162 0.000739 0.000423 0.000228 0.000119 0.000062 0.000037 0.000021 0.000010 0.000003 0.000002 0.000001 0.000000 0.000000 0.000000 0.000000 0.000000 0.000000 0.000000 0.000000 
t: 0.015789473684 start: 69 end: 128 0.000001 0.000002 0.000003 0.000009 0.000028 0.000043 0.000077 0.000195 0.000374 0.000663 0.001068 0.001840 0.002964 0.004716 0.007008 0.010149 0.014454 0.019852 0.026201 0.033261 0.040984 0.048721 0.056141 0.062382 0.067757 0.070829 0.071504 0.070374 0.066717 0.060736 0.054087 0.047326 0.039028 0.031713 0.025103 0.019219 0.014219 0.010380 0.007128 0.004821 0.003113 0.001979 0.001222 0.000733 0.000408 0.000195 0.000134 0.000070 0.000032 0.000015 0.000016 0.000006 0.000000 0.000000 0.000000 0.000000 0.000000 0.000000 0.000000 0.000000 
t: 0.015384615385 start: 70 end: 130 0.000001 0.000002 0.000000 0.000006 0.000012 0.000030 0.000060 0.000117 0.000244 0.000430 0.000723 0.001269 0.002141 0.003383 0.005150 0.007720 0.011138 0.015504 0.021116 0.027435 0.034327 0.042177 0.049850 0.056669 0.063659 0.067457 0.070247 0.071293 0.068651 0.065389 0.059298 0.053400 0.045461 0.038211 0.031217 0.024357 0.018587 0.013823 0.009952 0.006961 0.004693 0.003020 0.001947 0.001251 0.000705 0.000426 0.000220 0.000130 0.000066 0.000034 0.000018 0.000016 0.000005 0.000002 0.000000 0.000000 0.000000 0.000000 0.000000 0.000000 0.000000 
t: 0.015000000000 start: 72 end: 133 0.000001 0.000001 0.000001 0.000008 0.000017 0.000049 0.000082 0.000157 0.000280 0.000501 0.000889 0.001483 0.002453 0.003773 0.005729 0.008536 0.012150 0.016736 0.022309 0.028774 0.035773 0.043447 0.051034 0.057850 0.063963 0.067955 0.070217 0.069602 0.067680 0.063817 0.058599 0.051418 0.044462 0.036886 0.029936 0.023868 0.017924 0.013220 0.009625 0.006664 0.004499 0.002957 0.001916 0.001174 0.000696 0.000400 0.000206 0.000143 0.000069 0.000036 0.000021 0.000009 0.000004 0.000001 0.000000 0.000000 0.000000 0.000000 0.000000 0.000000 0.000000 0.000000 
t: 0.014634146341 start: 74 end: 134 0.000001 0.000000 0.000005 0.000007 0.000028 0.000048 0.000103 0.000204 0.000351 0.000604 0.001019 0.001738 0.002843 0.004309 0.006486 0.009406 0.013248 0.018214 0.023728 0.030144 0.037379 0.044897 0.052357 0.058834 0.064478 0.067786 0.069680 0.068986 0.066759 0.062087 0.056788 0.049977 0.043051 0.035792 0.028806 0.022667 0.017302 0.012568 0.009240 0.006398 0.004313 0.002821 0.001834 0.001158 0.000682 0.000392 0.000210 0.000131 0.000065 0.000036 0.000022 0.000008 0.000006 0.000004 0.000000 0.000000 0.000000 0.000000 0.000000 0.000000 0.000000 
t: 0.014285714286 start: 76 end: 136 0.000001 0.000002 0.000002 0.000023 0.000036 0.000066 0.000132 0.000268 0.000388 0.000758 0.001228 0.002041 0.003273 0.004943 0.007138 0.010503 0.014674 0.019628 0.025147 0.032106 0.038920 0.046633 0.053626 0.059710 0.065115 0.067624 0.069105 0.068138 0.065224 0.061055 0.055084 0.048293 0.041289 0.034473 0.027553 0.021594 0.016331 0.012088 0.008665 0.006021 0.004026 0.002700 0.001776 0.001106 0.000646 0.000376 0.000225 0.000109 0.000066 0.000031 0.000015 0.000019 0.000007 0.000000 0.000000 0.000000 0.000000 0.000000 0.000000 0.000000 0.000000 
t: 0.013953488372 start: 77 end: 139 0.000001 0.000002 0.000003 0.000010 0.000025 0.000038 0.000084 0.000168 0.000289 0.000554 0.000908 0.001457 0.002455 0.003742 0.005440 0.008197 0.011640 0.015925 0.021189 0.027196 0.033793 0.041090 0.048272 0.054866 0.060704 0.065259 0.068126 0.068643 0.066878 0.063807 0.059235 0.052844 0.046961 0.039872 0.032650 0.026101 0.020543 0.015256 0.011504 0.008164 0.005685 0.003837 0.002529 0.001666 0.000964 0.000639 0.000350 0.000182 0.000117 0.000069 0.000035 0.000018 0.000012 0.000004 0.000000 0.000002 0.000000 0.000000 0.000000 0.000000 0.000000 0.000000 0.000000 
t: 0.013636363636 start: 79 end: 142 0.000001 0.000001 0.000006 0.000016 0.000028 0.000055 0.000115 0.000220 0.000373 0.000685 0.001057 0.001802 0.002820 0.004275 0.006320 0.009330 0.013037 0.017408 0.023069 0.029247 0.035877 0.042902 0.049759 0.056340 0.062100 0.065566 0.067309 0.067529 0.066459 0.062137 0.057222 0.051661 0.044432 0.037906 0.031136 0.024873 0.019253 0.014503 0.010591 0.007545 0.005367 0.003567 0.002337 0.001493 0.000977 0.000556 0.000316 0.000196 0.000108 0.000041 0.000041 0.000022 0.000008 0.000003 0.000001 0.000002 0.000000 0.000000 0.000000 0.000000 0.000000 0.000000 0.000000 0.000000 
t: 0.013333333333 start: 79 end: 142 0.000001 0.000000 0.000001 0.000004 0.000013 0.000020 0.000041 0.000062 0.000156 0.000280 0.000475 0.000789 0.001362 0.002129 0.003351 0.005049 0.007268 0.010455 0.014462 0.019203 0.024830 0.031319 0.038136 0.044701 0.051470 0.057980 0.062515 0.066002 0.067734 0.066889 0.064563 0.060713 0.055550 0.049227 0.042613 0.035991 0.029316 0.023353 0.017978 0.013263 0.009913 0.007130 0.004891 0.003225 0.002142 0.001391 0.000878 0.000502 0.000295 0.000166 0.000092 0.000056 0.000029 0.000012 0.000010 0.000002 0.000000 0.000002 0.000000 0.000000 0.000000 0.000000 0.000000 0.000000 
t: 0.013043478261 start: 81 end: 144 0.000001 0.000001 0.000002 0.000006 0.000013 0.000023 0.000060 0.000107 0.000181 0.000360 0.000608 0.000993 0.001595 0.002629 0.003972 0.005821 0.008320 0.011704 0.015927 0.021462 0.027065 0.033191 0.040469 0.047006 0.053239 0.059085 0.063481 0.065952 0.067226 0.066541 0.062445 0.059050 0.053562 0.047030 0.040601 0.033591 0.027865 0.021861 0.016536 0.012321 0.009039 0.006531 0.004510 0.002988 0.001913 0.001271 0.000755 0.000470 0.000270 0.000158 0.000101 0.000042 0.000024 0.000017 0.000004 0.000005 0.000000 0.000000 0.000000 0.000000 0.000000 0.000000 0.000000 0.000000 
t: 0.012765957447 start: 83 end: 147 0.000001 0.000001 0.000002 0.000012 0.000020 0.000035 0.000075 0.000141 0.000268 0.000465 0.000747 0.001203 0.001988 0.003142 0.004608 0.006815 0.009509 0.013353 0.017876 0.023074 0.029316 0.035814 0.042836 0.048992 0.055410 0.060104 0.064100 0.066090 0.066329 0.064810 0.061586 0.056668 0.051483 0.045035 0.038320 0.031760 0.025632 0.020103 0.015352 0.011397 0.008376 0.005958 0.003980 0.002712 0.001751 0.001086 0.000668 0.000455 0.000242 0.000134 0.000066 0.000054 0.000027 0.000007 0.000008 0.000003 0.000001 0.000000 0.000000 0.000000 0.000000 0.000000 0.000000 0.000000 0.000000 
t: 0.012500000000 start: 85 end: 150 0.000001 0.000003 0.000008 0.000015 0.000029 0.000060 0.000094 0.000196 0.000369 0.000582 0.000936 0.001546 0.002412 0.003663 0.005493 0.007780 0.011133 0.015138 0.019749 0.025507 0.031537 0.038401 0.045044 0.050736 0.057231 0.061394 0.064458 0.065850 0.065378 0.063135 0.059890 0.055002 0.049464 0.042496 0.035926 0.029712 0.023752 0.018473 0.014036 0.010404 0.007561 0.005352 0.003633 0.002404 0.001573 0.001003 0.000604 0.000368 0.000218 0.000108 0.000053 0.000049 0.000018 0.000013 0.000005 0.000003 0.000000 0.000001 0.000001 0.000000 0.000000 0.000000 0.000000 0.000000 0.000000 0.000000 
t: 0.012244897959 start: 85 end: 151 0.000001 0.000000 0.000003 0.000006 0.000016 0.000019 0.000039 0.000080 0.000140 0.000266 0.000427 0.000745 0.001240 0.001838 0.003002 0.004434 0.006507 0.009252 0.012449 0.017073 0.021958 0.027692 0.034388 0.040650 0.047086 0.053424 0.058315 0.062760 0.064788 0.065321 0.064053 0.061736 0.058262 0.052925 0.046337 0.039971 0.033620 0.027656 0.021983 0.016864 0.012720 0.009502 0.006817 0.004773 0.003202 0.002142 0.001368 0.000876 0.000555 0.000313 0.000172 0.000112 0.000055 0.000030 0.000018 0.000005 0.000009 0.000003 0.000001 0.000000 0.000001 0.000000 0.000000 0.000000 0.000000 0.000000 0.000000 
t: 0.012000000000 start: 86 end: 153 0.000001 0.000000 0.000001 0.000004 0.000014 0.000009 0.000030 0.000060 0.000082 0.000202 0.000317 0.000602 0.000933 0.001526 0.002401 0.003602 0.005366 0.007576 0.010626 0.014607 0.018776 0.024434 0.030365 0.036734 0.042975 0.049738 0.055391 0.059810 0.063203 0.064841 0.064655 0.063358 0.060098 0.055816 0.050524 0.043780 0.037551 0.031180 0.025310 0.020098 0.015435 0.011578 0.008482 0.005904 0.004195 0.002916 0.001813 0.001184 0.000796 0.000454 0.000295 0.000158 0.000088 0.000051 0.000028 0.000010 0.000010 0.000004 0.000001 0.000001 0.000001 0.000000 0.000000 0.000000 0.000000 0.000000 0.000000 0.000000 
t: 0.011764705882 start: 86 end: 151 0.000001 0.000000 0.000000 0.000000 0.000000 0.000009 0.000014 0.000019 0.000029 0.000079 0.000151 0.000232 0.000478 0.000720 0.001211 0.001944 0.002932 0.004411 0.006412 0.008936 0.012298 0.016385 0.021278 0.026959 0.032977 0.039359 0.045939 0.051932 0.056959 0.061197 0.063499 0.064679 0.064138 0.061577 0.058115 0.053944 0.047332 0.041210 0.035020 0.028702 0.023088 0.018239 0.013885 0.010301 0.007541 0.005392 0.003788 0.002402 0.001614 0.001064 0.000657 0.000413 0.000237 0.000138 0.000074 0.000043 0.000026 0.000009 0.000005 0.000005 0.000001 0.000000 0.000001 0.000000 0.000000 0.000000 
t: 0.011538461538 start: 87 end: 153 0.000001 0.000000 0.000000 0.000000 0.000001 0.000003 0.000005 0.000016 0.000032 0.000052 0.000110 0.000191 0.000352 0.000595 0.000964 0.001500 0.002371 0.003688 0.005284 0.007653 0.010487 0.014047 0.018745 0.023810 0.029645 0.035818 0.042188 0.048189 0.054225 0.058236 0.062288 0.063881 0.064502 0.062893 0.059835 0.055979 0.050774 0.044862 0.038641 0.032273 0.026571 0.020926 0.016404 0.012439 0.009059 0.006746 0.004671 0.003245 0.002193 0.001360 0.000881 0.000586 0.000327 0.000198 0.000120 0.000067 0.000037 0.000015 0.000010 0.000003 0.000005 0.000000 0.000001 0.000000 0.000000 0.000000 0.000000 
t: 0.011320754717 start: 90 end: 157 0.000001 0.000000 0.000001 0.000002 0.000002 0.000016 0.000021 0.000037 0.000099 0.000153 0.000276 0.000473 0.000724 0.001211 0.002073 0.002966 0.004394 0.006271 0.009115 0.012162 0.016285 0.021310 0.026498 0.032358 0.038766 0.044986 0.050687 0.055965 0.060197 0.062615 0.064118 0.063404 0.061834 0.057662 0.053277 0.048132 0.042087 0.035590 0.029625 0.024277 0.018849 0.014716 0.010956 0.008217 0.005763 0.004151 0.002802 0.001797 0.001174 0.000779 0.000451 0.000296 0.000172 0.000086 0.000067 0.000024 0.000017 0.000005 0.000003 0.000004 0.000001 0.000000 0.000000 0.000000 0.000000 0.000000 0.000000 0.000000 
t: 0.011111111111 start: 91 end: 159 0.000001 0.000000 0.000001 0.000001 0.000003 0.000011 0.000009 0.000034 0.000091 0.000112 0.000206 0.000372 0.000596 0.000984 0.001643 0.002522 0.003660 0.005444 0.007590 0.010556 0.014283 0.018613 0.023805 0.029372 0.035617 0.041812 0.047443 0.053357 0.057418 0.061019 0.063437 0.063794 0.062168 0.059735 0.055792 0.050496 0.044913 0.039132 0.032927 0.027473 0.021820 0.016768 0.013062 0.009759 0.007092 0.005143 0.003469 0.002285 0.001637 0.000952 0.000646 0.000401 0.000218 0.000117 0.000097 0.000052 0.000020 0.000009 0.000006 0.000003 0.000001 0.000001 0.000000 0.000000 0.000000 0.000000 0.000000 0.000000 0.000000 
t: 0.010909090909 start: 94 end: 161 0.000001 0.000002 0.000003 0.000007 0.000008 0.000031 0.000057 0.000095 0.000182 0.000302 0.000443 0.000855 0.001349 0.001958 0.003202 0.004675 0.006454 0.009266 0.012350 0.016383 0.021109 0.026409 0.032842 0.038581 0.044506 0.050379 0.055324 0.058972 0.062207 0.062870 0.062813 0.061246 0.057580 0.053245 0.047990 0.042304 0.035894 0.030137 0.024393 0.019521 0.015341 0.011376 0.008496 0.006035 0.004275 0.003072 0.002015 0.001318 0.000818 0.000582 0.000284 0.000193 0.000109 0.000068 0.000037 0.000018 0.000011 0.000003 0.000001 0.000003 0.000000 0.000000 0.000000 0.000000 0.000000 0.000000 0.000000 0.000000 
t: 0.010714285714 start: 95 end: 162 0.000001 0.000000 0.000003 0.000003 0.000010 0.000025 0.000045 0.000076 0.000148 0.000210 0.000402 0.000697 0.001054 0.001759 0.002692 0.003927 0.005615 0.007969 0.011037 0.014451 0.018892 0.023938 0.029618 0.035416 0.041653 0.047444 0.052714 0.057327 0.060513 0.062337 0.062944 0.061846 0.059297 0.054846 0.050713 0.044874 0.038958 0.033055 0.027442 0.022233 0.017252 0.013354 0.009935 0.007418 0.005195 0.003673 0.002524 0.001612 0.001089 0.000719 0.000442 0.000240 0.000176 0.000083 0.000050 0.000029 0.000014 0.000007 0.000002 0.000000 0.000001 0.000000 0.000001 0.000000 0.000000 0.000000 0.000000 0.000000 
t: 0.010526315789 start: 95 end: 163 0.000001 0.000000 0.000000 0.000003 0.000002 0.000010 0.000016 0.000028 0.000062 0.000112 0.000191 0.000325 0.000568 0.000905 0.001462 0.002297 0.003298 0.004873 0.006914 0.009567 0.012946 0.017009 0.021577 0.026867 0.032860 0.038587 0.044759 0.049959 0.054818 0.058842 0.061399 0.062702 0.062327 0.060270 0.056927 0.052904 0.047405 0.041542 0.036023 0.030236 0.024789 0.019617 0.015128 0.011793 0.008540 0.006267 0.004412 0.002985 0.002170 0.001391 0.000891 0.000581 0.000351 0.000201 0.000131 0.000075 0.000040 0.000023 0.000012 0.000004 0.000003 0.000002 0.000001 0.000000 0.000000 0.000000 0.000000 0.000000 0.000000 
t: 0.010344827586 start: 97 end: 165 0.000001 0.000000 0.000001 0.000003 0.000006 0.000013 0.000030 0.000048 0.000079 0.000169 0.000272 0.000492 0.000788 0.001209 0.001879 0.002808 0.004258 0.006017 0.008286 0.011579 0.015239 0.019507 0.024943 0.029776 0.035943 0.042069 0.047221 0.052564 0.056963 0.060271 0.061991 0.062521 0.061012 0.058238 0.054873 0.049417 0.044505 0.038427 0.032876 0.027400 0.021775 0.017348 0.013447 0.010139 0.007355 0.005288 0.003657 0.002584 0.001707 0.001175 0.000736 0.000423 0.000267 0.000167 0.000106 0.000065 0.000038 0.000008 0.000012 0.000003 0.000001 0.000005 0.000000 0.000000 0.000000 0.000000 0.000000 0.000000 0.000000 
t: 0.010169491525 start: 99 end: 168 0.000002 0.000001 0.000001 0.000003 0.000014 0.000031 0.000031 0.000066 0.000135 0.000238 0.000416 0.000657 0.001025 0.001617 0.002459 0.003633 0.005246 0.007517 0.010024 0.013476 0.017777 0.022482 0.027855 0.033295 0.039168 0.045121 0.050615 0.054505 0.058817 0.061173 0.062042 0.061276 0.059665 0.056097 0.051938 0.046835 0.041157 0.035163 0.029498 0.024399 0.019340 0.015408 0.011606 0.008534 0.006164 0.004430 0.003172 0.002073 0.001447 0.000887 0.000548 0.000353 0.000241 0.000152 0.000081 0.000049 0.000021 0.000012 0.000004 0.000004 0.000003 0.000001 0.000000 0.000000 0.000000 0.000000 0.000000 0.000000 0.000000 0.000000 
t: 0.010000000000 start: 99 end: 169 0.000001 0.000002 0.000000 0.000002 0.000006 0.000009 0.000022 0.000027 0.000050 0.000110 0.000201 0.000348 0.000547 0.000894 0.001357 0.002104 0.003269 0.004612 0.006687 0.008992 0.012095 0.015993 0.020482 0.025437 0.031294 0.036822 0.042116 0.048306 0.052644 0.057194 0.060084 0.061788 0.061595 0.060081 0.057376 0.053573 0.049130 0.043378 0.037657 0.032027 0.026393 0.021515 0.017251 0.013167 0.009870 0.007092 0.005280 0.003841 0.002549 0.001723 0.001130 0.000688 0.000445 0.000298 0.000195 0.000113 0.000074 0.000027 0.000019 0.000006 0.000007 0.000001 0.000003 0.000001 0.000000 0.000000 0.000000 0.000000 0.000000 0.000000 0.000000 
t: 0.008448275866 start: 112 end: 184 0.000001 0.000001 0.000002 0.000001 0.000006 0.000003 0.000011 0.000027 0.000047 0.000065 0.000134 0.000223 0.000337 0.000577 0.000920 0.001435 0.002206 0.003147 0.004478 0.006212 0.008317 0.011431 0.014784 0.018707 0.023102 0.028051 0.033237 0.038461 0.043598 0.048405 0.052624 0.056098 0.058249 0.059185 0.058306 0.057113 0.054384 0.050791 0.045848 0.041212 0.036000 0.030357 0.025544 0.020804 0.016832 0.013196 0.010082 0.007560 0.005592 0.003955 0.002833 0.001939 0.001195 0.000878 0.000566 0.000362 0.000232 0.000146 0.000077 0.000039 0.000033 0.000022 0.000009 0.000006 0.000005 0.000000 0.000000 0.000000 0.000000 0.000000 0.000000 0.000000 0.000000 
t: 0.007313432839 start: 127 end: 200 0.000006 0.000004 0.000008 0.000013 0.000027 0.000041 0.000068 0.000111 0.000213 0.000299 0.000461 0.000804 0.001258 0.001770 0.002617 0.003709 0.005264 0.007063 0.009215 0.012406 0.015474 0.019246 0.023979 0.028419 0.033462 0.038182 0.042867 0.047910 0.051221 0.054131 0.056589 0.057321 0.056970 0.055098 0.052795 0.049391 0.045082 0.040737 0.035674 0.030652 0.025905 0.021832 0.017665 0.013961 0.010790 0.008164 0.006220 0.004453 0.003319 0.002349 0.001654 0.001103 0.000749 0.000481 0.000320 0.000194 0.000120 0.000077 0.000038 0.000016 0.000014 0.000009 0.000006 0.000001 0.000002 0.000001 0.000000 0.000000 0.000000 0.000000 0.000000 0.000000 0.000000 0.000000 
t: 0.006447368423 start: 133 end: 210 0.000001 0.000000 0.000000 0.000000 0.000002 0.000001 0.000003 0.000007 0.000011 0.000022 0.000049 0.000065 0.000122 0.000207 0.000317 0.000484 0.000714 0.001129 0.001698 0.002472 0.003477 0.004763 0.006482 0.008468 0.011085 0.013973 0.017751 0.021657 0.025806 0.030655 0.035271 0.040262 0.044640 0.048181 0.051453 0.054040 0.055468 0.055471 0.054804 0.053222 0.050415 0.047277 0.043073 0.038302 0.033756 0.028720 0.024679 0.020340 0.016696 0.013377 0.010432 0.007998 0.005967 0.004455 0.003181 0.002396 0.001573 0.001045 0.000741 0.000497 0.000353 0.000205 0.000114 0.000068 0.000036 0.000032 0.000016 0.000007 0.000009 0.000001 0.000002 0.000003 0.000001 0.000000 0.000000 0.000000 0.000000 0.000000 
t: 0.005764705884 start: 144 end: 223 0.000001 0.000001 0.000000 0.000002 0.000001 0.000004 0.000006 0.000012 0.000019 0.000040 0.000076 0.000107 0.000198 0.000352 0.000539 0.000749 0.001102 0.001665 0.002353 0.003329 0.004532 0.005997 0.007987 0.010588 0.013302 0.016692 0.020256 0.024324 0.028884 0.033612 0.038244 0.042573 0.045937 0.049565 0.051896 0.053640 0.054544 0.054179 0.053117 0.050856 0.048000 0.044246 0.040202 0.035567 0.030812 0.026540 0.022166 0.018455 0.015015 0.012108 0.009632 0.007311 0.005498 0.003921 0.002870 0.002010 0.001457 0.001029 0.000688 0.000435 0.000280 0.000182 0.000110 0.000076 0.000041 0.000031 0.000021 0.000005 0.000004 0.000002 0.000003 0.000001 0.000001 0.000000 0.000000 0.000000 0.000000 0.000000 0.000000 0.000000 
t: 0.005212765959 start: 155 end: 233 0.000001 0.000000 0.000001 0.000006 0.000006 0.000006 0.000020 0.000064 0.000071 0.000115 0.000196 0.000319 0.000496 0.000742 0.001083 0.001588 0.002307 0.003108 0.004275 0.005738 0.007507 0.009777 0.012282 0.015558 0.019060 0.022803 0.027413 0.031847 0.036354 0.040249 0.044203 0.047871 0.050416 0.052449 0.053673 0.053602 0.052728 0.050890 0.048632 0.045297 0.041390 0.037122 0.033153 0.028601 0.024167 0.020332 0.016884 0.013583 0.010648 0.008474 0.006430 0.004919 0.003434 0.002534 0.001851 0.001276 0.000843 0.000545 0.000387 0.000267 0.000156 0.000109 0.000046 0.000040 0.000026 0.000011 0.000011 0.000003 0.000001 0.000002 0.000001 0.000001 0.000000 0.000000 0.000000 0.000000 0.000000 0.000000 0.000000 
t: 0.004757281555 start: 166 end: 241 0.000002 0.000007 0.000014 0.000021 0.000040 0.000072 0.000116 0.000158 0.000272 0.000428 0.000670 0.001030 0.001361 0.001979 0.002805 0.003819 0.005094 0.006944 0.008817 0.011331 0.013940 0.017380 0.021167 0.025087 0.029289 0.033661 0.037852 0.041989 0.044710 0.049103 0.050925 0.052904 0.053112 0.052760 0.051361 0.049604 0.047129 0.043054 0.039481 0.035263 0.031099 0.026455 0.022589 0.018781 0.015459 0.012671 0.009922 0.007519 0.005805 0.004340 0.003254 0.002391 0.001626 0.001151 0.000744 0.000513 0.000355 0.000215 0.000134 0.000094 0.000057 0.000029 0.000021 0.000010 0.000009 0.000002 0.000002 0.000000 0.000002 0.000000 0.000000 0.000000 0.000000 0.000000 0.000000 0.000000 
t: 0.004375000001 start: 170 end: 249 0.000001 0.000000 0.000003 0.000003 0.000002 0.000010 0.000019 0.000033 0.000035 0.000078 0.000130 0.000219 0.000334 0.000530 0.000757 0.001142 0.001649 0.002191 0.003139 0.004197 0.005695 0.007541 0.009582 0.011988 0.014849 0.018475 0.022035 0.025842 0.030605 0.034364 0.038565 0.042518 0.045757 0.049002 0.051394 0.052164 0.052547 0.052103 0.050991 0.048565 0.046007 0.042295 0.038382 0.034166 0.029905 0.026083 0.021930 0.018153 0.014931 0.012121 0.009563 0.007355 0.005575 0.004345 0.003082 0.002237 0.001564 0.001103 0.000747 0.000496 0.000349 0.000194 0.000139 0.000085 0.000059 0.000033 0.000019 0.000008 0.000010 0.000005 0.000003 0.000001 0.000001 0.000000 0.000000 0.000000 0.000000 0.000000 0.000000 0.000000 
t: 0.004049586778 start: 176 end: 254 0.000001 0.000000 0.000000 0.000002 0.000003 0.000002 0.000013 0.000015 0.000028 0.000049 0.000100 0.000137 0.000209 0.000353 0.000574 0.000728 0.001124 0.001600 0.002266 0.003130 0.004230 0.005670 0.007252 0.009342 0.011888 0.014657 0.018273 0.021769 0.025845 0.029577 0.034163 0.037566 0.041979 0.045443 0.048197 0.050584 0.052188 0.052126 0.051816 0.050491 0.048714 0.045854 0.042541 0.038806 0.034725 0.030796 0.026595 0.022539 0.018860 0.015490 0.012611 0.009927 0.007889 0.005922 0.004431 0.003284 0.002429 0.001666 0.001145 0.000844 0.000555 0.000356 0.000242 0.000131 0.000081 0.000064 0.000047 0.000032 0.000016 0.000012 0.000004 0.000001 0.000000 0.000000 0.000001 0.000000 0.000000 0.000000 0.000000 
t: 0.003769230770 start: 185 end: 263 0.000002 0.000002 0.000004 0.000009 0.000015 0.000027 0.000045 0.000061 0.000129 0.000168 0.000310 0.000466 0.000651 0.000991 0.001337 0.001893 0.002694 0.003729 0.004902 0.006388 0.008318 0.010613 0.013340 0.016324 0.019929 0.023357 0.027302 0.031742 0.035744 0.039769 0.043862 0.046702 0.048790 0.050734 0.052151 0.051980 0.051387 0.049600 0.047336 0.044041 0.041087 0.037299 0.032909 0.028702 0.024912 0.020661 0.017286 0.014164 0.011659 0.008758 0.006889 0.005271 0.003978 0.002899 0.002097 0.001548 0.001021 0.000680 0.000464 0.000302 0.000217 0.000143 0.000074 0.000061 0.000031 0.000023 0.000011 0.000003 0.000003 0.000001 0.000003 0.000000 0.000000 0.000000 0.000000 0.000000 0.000000 0.000000 0.000000 
t: 0.003525179857 start: 190 end: 270 0.000002 0.000002 0.000005 0.000003 0.000010 0.000017 0.000026 0.000042 0.000064 0.000127 0.000191 0.000298 0.000454 0.000677 0.000918 0.001387 0.001894 0.002734 0.003788 0.004931 0.006501 0.008282 0.010580 0.013325 0.016308 0.019675 0.023325 0.027364 0.031859 0.035753 0.039521 0.043238 0.046261 0.048793 0.050565 0.051873 0.052119 0.051276 0.049437 0.047187 0.044681 0.041093 0.037090 0.032648 0.029068 0.025207 0.021007 0.017358 0.014373 0.011426 0.009174 0.007012 0.005354 0.003949 0.002979 0.002119 0.001493 0.001092 0.000685 0.000480 0.000317 0.000215 0.000153 0.000088 0.000056 0.000021 0.000029 0.000010 0.000005 0.000003 0.000001 0.000001 0.000000 0.000000 0.000001 0.000000 0.000000 0.000000 0.000000 0.000000 0.000000 
t: 0.003310810811 start: 197 end: 275 0.000003 0.000006 0.000006 0.000011 0.000019 0.000029 0.000066 0.000086 0.000161 0.000204 0.000350 0.000564 0.000813 0.001126 0.001607 0.002193 0.003102 0.004165 0.005710 0.007264 0.009322 0.011737 0.014760 0.017716 0.021189 0.025077 0.029312 0.033223 0.036980 0.041247 0.044715 0.047691 0.049342 0.051297 0.051711 0.051934 0.050650 0.048530 0.046106 0.042702 0.039402 0.035525 0.031412 0.027357 0.023421 0.019578 0.016012 0.013149 0.010251 0.008140 0.006214 0.004735 0.003568 0.002573 0.001952 0.001316 0.000912 0.000621 0.000385 0.000257 0.000189 0.000130 0.000070 0.000045 0.000024 0.000015 0.000012 0.000004 0.000003 0.000001 0.000001 0.000000 0.000000 0.000000 0.000000 0.000000 0.000000 0.000000 0.000000 
t: 0.003121019109 start: 201 end: 278 0.000002 0.000002 0.000005 0.000006 0.000014 0.000024 0.000032 0.000050 0.000075 0.000125 0.000236 0.000351 0.000476 0.000712 0.001092 0.001541 0.002163 0.003014 0.003941 0.005453 0.006876 0.009038 0.011135 0.014003 0.017258 0.020788 0.024668 0.028154 0.032669 0.036532 0.040672 0.043762 0.047038 0.049450 0.050427 0.051753 0.051666 0.051106 0.049230 0.046321 0.043821 0.040460 0.036139 0.031840 0.027936 0.023933 0.020195 0.016603 0.013727 0.010759 0.008443 0.006472 0.004972 0.003807 0.002745 0.002016 0.001382 0.000978 0.000670 0.000440 0.000300 0.000175 0.000129 0.000088 0.000054 0.000022 0.000017 0.000009 0.000003 0.000005 0.000000 0.000000 0.000000 0.000000 0.000000 0.000000 0.000000 0.000000 
t: 0.002951807229 start: 205 end: 282 0.000001 0.000000 0.000004 0.000004 0.000011 0.000016 0.000025 0.000033 0.000066 0.000097 0.000167 0.000212 0.000337 0.000536 0.000811 0.001147 0.001642 0.002272 0.003200 0.004259 0.005579 0.007204 0.009581 0.011771 0.014449 0.017710 0.021579 0.025256 0.029057 0.033373 0.037359 0.041428 0.044525 0.047170 0.049628 0.051385 0.051696 0.051553 0.050529 0.048756 0.046308 0.042870 0.039846 0.035269 0.031282 0.027152 0.023110 0.019490 0.016137 0.013105 0.010190 0.008080 0.006281 0.004636 0.003447 0.002629 0.001819 0.001302 0.000955 0.000582 0.000387 0.000239 0.000170 0.000113 0.000068 0.000056 0.000025 0.000010 0.000008 0.000004 0.000002 0.000000 0.000000 0.000000 0.000000 0.000000 0.000000 0.000000 
t: 0.002800000000 start: 210 end: 290 0.000001 0.000003 0.000003 0.000006 0.000015 0.000021 0.000043 0.000045 0.000076 0.000135 0.000171 0.000308 0.000445 0.000653 0.000989 0.001394 0.001955 0.002721 0.003731 0.004864 0.006346 0.008295 0.010458 0.013155 0.016197 0.019451 0.023211 0.027734 0.031448 0.035130 0.039285 0.042606 0.046096 0.048734 0.050234 0.051889 0.052086 0.051720 0.049707 0.047453 0.044968 0.041072 0.037208 0.033633 0.028999 0.025295 0.021316 0.017516 0.014204 0.011684 0.009052 0.006961 0.005348 0.004096 0.002980 0.002152 0.001577 0.001061 0.000743 0.000483 0.000295 0.000206 0.000126 0.000092 0.000054 0.000034 0.000010 0.000008 0.000006 0.000003 0.000002 0.000000 0.000001 0.000001 0.000000 0.000000 0.000000 0.000000 0.000000 0.000000 0.000000 
t: 0.002663043479 start: 215 end: 295 0.000002 0.000006 0.000005 0.000007 0.000017 0.000037 0.000051 0.000070 0.000108 0.000202 0.000263 0.000401 0.000650 0.000869 0.001309 0.001832 0.002497 0.003449 0.004638 0.006033 0.007863 0.009958 0.012658 0.015435 0.018754 0.022478 0.026575 0.030284 0.034556 0.038734 0.042273 0.045572 0.048387 0.050380 0.051401 0.052387 0.051716 0.050240 0.048137 0.045905 0.041596 0.038121 0.034021 0.030200 0.025895 0.022041 0.018097 0.014877 0.011919 0.009519 0.007385 0.005573 0.004219 0.003196 0.002264 0.001621 0.001119 0.000785 0.000508 0.000335 0.000208 0.000153 0.000083 0.000068 0.000022 0.000018 0.000007 0.000005 0.000001 0.000002 0.000001 0.000000 0.000000 0.000001 0.000001 0.000000 0.000000 0.000000 0.000000 0.000000 0.000000 
t: 0.002538860104 start: 218 end: 297 0.000001 0.000001 0.000002 0.000005 0.000011 0.000020 0.000034 0.000048 0.000075 0.000122 0.000157 0.000257 0.000458 0.000633 0.000887 0.001318 0.001824 0.002586 0.003545 0.004680 0.006006 0.007992 0.010107 0.012657 0.015662 0.019095 0.022560 0.026903 0.030697 0.034719 0.038798 0.042502 0.045876 0.048841 0.050663 0.051652 0.052473 0.051755 0.050314 0.048179 0.045340 0.041780 0.037979 0.033847 0.029680 0.025554 0.021605 0.017776 0.014834 0.011697 0.009131 0.007067 0.005484 0.004197 0.003005 0.002201 0.001576 0.001056 0.000755 0.000477 0.000326 0.000209 0.000124 0.000068 0.000051 0.000034 0.000014 0.000005 0.000005 0.000006 0.000000 0.000000 0.000000 0.000000 0.000001 0.000001 0.000000 0.000000 0.000000 0.000000 
t: 0.002425742574 start: 222 end: 302 0.000001 0.000002 0.000007 0.000008 0.000014 0.000011 0.000030 0.000044 0.000078 0.000148 0.000213 0.000314 0.000478 0.000698 0.000990 0.001444 0.002041 0.002834 0.003701 0.005100 0.006588 0.008494 0.010835 0.013579 0.016447 0.020198 0.023938 0.027948 0.032124 0.035923 0.039983 0.043627 0.047023 0.049513 0.051244 0.052048 0.052628 0.051306 0.050070 0.047442 0.044436 0.040737 0.036821 0.032529 0.028426 0.024192 0.020322 0.016834 0.013430 0.010807 0.008434 0.006539 0.005022 0.003681 0.002705 0.001992 0.001314 0.000929 0.000625 0.000401 0.000263 0.000185 0.000109 0.000064 0.000041 0.000016 0.000012 0.000010 0.000006 0.000001 0.000001 0.000000 0.000001 0.000000 0.000000 0.000001 0.000000 0.000000 0.000000 0.000000 0.000000 
t: 0.002322274882 start: 227 end: 305 0.000003 0.000008 0.000011 0.000015 0.000021 0.000040 0.000071 0.000121 0.000166 0.000241 0.000390 0.000573 0.000869 0.001254 0.001738 0.002326 0.003241 0.004383 0.005729 0.007439 0.009543 0.012180 0.015014 0.018554 0.022239 0.025885 0.029946 0.034255 0.038039 0.042274 0.045426 0.048387 0.050538 0.052064 0.052795 0.052624 0.050622 0.048638 0.046224 0.042542 0.038836 0.034639 0.030365 0.026009 0.022167 0.018398 0.014819 0.011841 0.009416 0.007361 0.005533 0.004190 0.003084 0.002178 0.001599 0.001086 0.000766 0.000496 0.000313 0.000178 0.000115 0.000067 0.000050 0.000028 0.000014 0.000012 0.000005 0.000004 0.000001 0.000001 0.000000 0.000000 0.000000 0.000001 0.000000 0.000000 0.000000 0.000000 0.000000 
t: 0.002227272727 start: 230 end: 308 0.000008 0.000002 0.000006 0.000009 0.000022 0.000038 0.000051 0.000083 0.000149 0.000219 0.000363 0.000500 0.000696 0.001126 0.001579 0.002094 0.002977 0.003917 0.005275 0.006894 0.008875 0.011383 0.014339 0.017342 0.021263 0.024863 0.028810 0.032970 0.037116 0.041294 0.044585 0.048155 0.050240 0.051775 0.052870 0.052672 0.051577 0.049701 0.046752 0.043143 0.040427 0.035815 0.031391 0.027142 0.022997 0.019311 0.015825 0.012701 0.010068 0.007613 0.005925 0.004331 0.003280 0.002382 0.001702 0.001189 0.000785 0.000517 0.000348 0.000197 0.000121 0.000074 0.000055 0.000021 0.000021 0.000012 0.000008 0.000002 0.000005 0.000001 0.000000 0.000001 0.000000 0.000000 0.000000 0.000000 0.000000 0.000000 0.000000 
t: 0.002139737991 start: 231 end: 309 0.000002 0.000000 0.000001 0.000006 0.000002 0.000014 0.000018 0.000027 0.000056 0.000074 0.000129 0.000189 0.000300 0.000489 0.000717 0.001031 0.001474 0.002056 0.002844 0.003773 0.005031 0.006715 0.008845 0.010999 0.013843 0.017073 0.020885 0.024633 0.028367 0.032556 0.036954 0.040597 0.044736 0.048024 0.050111 0.051869 0.052967 0.052678 0.051969 0.049787 0.047387 0.043971 0.040518 0.036380 0.031856 0.027559 0.023171 0.019621 0.015937 0.012655 0.010047 0.007924 0.006029 0.004446 0.003337 0.002397 0.001665 0.001152 0.000751 0.000501 0.000314 0.000202 0.000135 0.000083 0.000049 0.000027 0.000021 0.000010 0.000005 0.000005 0.000003 0.000000 0.000000 0.000001 0.000000 0.000000 0.000000 0.000000 0.000000 
t: 0.002058823530 start: 236 end: 313 0.000001 0.000003 0.000004 0.000014 0.000019 0.000032 0.000036 0.000089 0.000116 0.000202 0.000317 0.000495 0.000727 0.001008 0.001481 0.002051 0.002898 0.003735 0.005287 0.006664 0.008705 0.011407 0.014153 0.017150 0.020823 0.024713 0.028855 0.033067 0.037177 0.041158 0.045158 0.048238 0.050697 0.052276 0.052999 0.052729 0.052366 0.049881 0.047299 0.043952 0.040058 0.035819 0.031317 0.027516 0.022841 0.019174 0.015462 0.012328 0.009751 0.007737 0.005755 0.004207 0.003158 0.002339 0.001581 0.001025 0.000670 0.000491 0.000304 0.000203 0.000121 0.000059 0.000042 0.000022 0.000023 0.000006 0.000004 0.000003 0.000000 0.000001 0.000001 0.000000 0.000000 0.000000 0.000000 0.000000 0.000000 0.000000 
t: 0.001983805668 start: 239 end: 314 0.000002 0.000005 0.000007 0.000015 0.000018 0.000039 0.000052 0.000084 0.000124 0.000209 0.000310 0.000543 0.000732 0.001078 0.001587 0.002222 0.002923 0.003985 0.005404 0.007336 0.009263 0.011846 0.014779 0.018059 0.021544 0.026041 0.029392 0.033978 0.038260 0.042143 0.045735 0.048962 0.051140 0.053071 0.053680 0.053078 0.051917 0.049386 0.046919 0.043021 0.039003 0.035042 0.030737 0.026083 0.022020 0.017823 0.014572 0.011639 0.008965 0.007112 0.005367 0.003947 0.002746 0.002053 0.001376 0.000917 0.000616 0.000429 0.000269 0.000166 0.000078 0.000061 0.000047 0.000021 0.000011 0.000005 0.000004 0.000000 0.000002 0.000000 0.000000 0.000000 0.000000 0.000000 0.000000 0.000000 
t: 0.001914062500 start: 241 end: 317 0.000002 0.000002 0.000007 0.000009 0.000012 0.000024 0.000039 0.000054 0.000111 0.000138 0.000255 0.000359 0.000548 0.000846 0.001186 0.001765 0.002441 0.003299 0.004568 0.006062 0.007747 0.010086 0.012729 0.015728 0.019358 0.023122 0.027150 0.031445 0.035794 0.039758 0.043126 0.047227 0.050077 0.052025 0.053867 0.053989 0.053108 0.051622 0.048403 0.045611 0.041783 0.037639 0.033257 0.028733 0.024581 0.020303 0.016527 0.013108 0.010532 0.008174 0.006252 0.004528 0.003397 0.002484 0.001703 0.001193 0.000783 0.000486 0.000313 0.000219 0.000119 0.000074 0.000051 0.000024 0.000014 0.000014 0.000005 0.000004 0.000000 0.000000 0.000001 0.000000 0.000000 0.000000 0.000000 0.000000 0.000000 
t: 0.001849056604 start: 243 end: 318 0.000001 0.000000 0.000002 0.000001 0.000013 0.000022 0.000024 0.000050 0.000069 0.000109 0.000213 0.000279 0.000446 0.000655 0.000983 0.001466 0.002047 0.002878 0.003847 0.004973 0.006833 0.008953 0.011103 0.014158 0.017697 0.020868 0.025169 0.029583 0.033240 0.037907 0.041705 0.045760 0.048785 0.051645 0.053396 0.054244 0.053844 0.052516 0.050435 0.047205 0.044032 0.039660 0.035321 0.030861 0.026287 0.022094 0.018112 0.014931 0.011774 0.009142 0.006940 0.005259 0.003827 0.002784 0.002017 0.001354 0.000901 0.000622 0.000372 0.000216 0.000165 0.000074 0.000050 0.000032 0.000022 0.000015 0.000008 0.000003 0.000000 0.000000 0.000001 0.000000 0.000000 0.000000 0.000000 0.000000 
t: 0.001788321168 start: 246 end: 321 0.000002 0.000000 0.000003 0.000007 0.000012 0.000019 0.000039 0.000064 0.000094 0.000149 0.000253 0.000381 0.000592 0.000810 0.001212 0.001848 0.002348 0.003390 0.004460 0.006110 0.008006 0.010237 0.013025 0.016053 0.019853 0.023387 0.027494 0.031912 0.036467 0.040621 0.044322 0.048111 0.050762 0.053222 0.054333 0.054183 0.053260 0.051559 0.048869 0.045154 0.041107 0.036843 0.032861 0.027758 0.023395 0.019806 0.015870 0.012641 0.010026 0.007595 0.005678 0.004250 0.003071 0.002143 0.001544 0.001065 0.000641 0.000420 0.000278 0.000154 0.000090 0.000047 0.000040 0.000029 0.000017 0.000004 0.000001 0.000001 0.000002 0.000000 0.000000 0.000000 0.000000 0.000000 0.000000 0.000000 
t: 0.001731448763 start: 247 end: 323 0.000001 0.000000 0.000001 0.000002 0.000008 0.000008 0.000016 0.000034 0.000064 0.000078 0.000117 0.000201 0.000331 0.000519 0.000703 0.001126 0.001598 0.002162 0.003027 0.004221 0.005502 0.007320 0.009588 0.012124 0.015206 0.018666 0.022408 0.026439 0.030727 0.035238 0.039437 0.043879 0.047319 0.050553 0.053053 0.054256 0.054581 0.053770 0.052205 0.049686 0.046303 0.042598 0.037963 0.033952 0.029200 0.024420 0.020374 0.016546 0.013294 0.010579 0.008057 0.006041 0.004416 0.003238 0.002325 0.001583 0.001075 0.000718 0.000437 0.000292 0.000172 0.000099 0.000056 0.000039 0.000020 0.000011 0.000013 0.000003 0.000001 0.000001 0.000000 0.000000 0.000000 0.000000 0.000000 0.000000 0.000000 
t: 0.001678082192 start: 249 end: 326 0.000001 0.000000 0.000002 0.000005 0.000004 0.000006 0.000012 0.000034 0.000051 0.000068 0.000116 0.000193 0.000288 0.000446 0.000680 0.000973 0.001481 0.002067 0.002785 0.003818 0.005194 0.007133 0.008994 0.011751 0.014643 0.018241 0.021589 0.025772 0.029904 0.034512 0.039309 0.042941 0.047233 0.050503 0.052584 0.054713 0.054857 0.054655 0.052231 0.049928 0.047105 0.043167 0.038927 0.034444 0.029932 0.025036 0.020759 0.017258 0.013743 0.010879 0.008041 0.006137 0.004638 0.003325 0.002294 0.001609 0.001068 0.000728 0.000478 0.000288 0.000176 0.000106 0.000066 0.000032 0.000020 0.000012 0.000010 0.000002 0.000001 0.000001 0.000001 0.000000 0.000000 0.000000 0.000000 0.000000 0.000000 0.000000 
t: 0.001627906977 start: 251 end: 326 0.000002 0.000000 0.000002 0.000004 0.000004 0.000006 0.000015 0.000031 0.000046 0.000065 0.000115 0.000182 0.000265 0.000440 0.000597 0.000958 0.001430 0.001993 0.002683 0.003671 0.005009 0.006857 0.008871 0.011527 0.014328 0.017588 0.021443 0.025789 0.029800 0.034399 0.038860 0.043393 0.047194 0.050416 0.052646 0.054511 0.055078 0.054545 0.052846 0.050484 0.047811 0.043766 0.038946 0.034570 0.030045 0.025295 0.020865 0.017286 0.013677 0.010756 0.008151 0.006103 0.004564 0.003328 0.002305 0.001581 0.001005 0.000696 0.000490 0.000276 0.000158 0.000091 0.000059 0.000043 0.000022 0.000008 0.000004 0.000004 0.000002 0.000000 0.000000 0.000000 0.000000 0.000000 0.000000 0.000000 
t: 0.001580645161 start: 253 end: 328 0.000001 0.000000 0.000002 0.000002 0.000002 0.000008 0.000022 0.000024 0.000050 0.000069 0.000116 0.000190 0.000264 0.000396 0.000611 0.000941 0.001388 0.001898 0.002682 0.003774 0.004949 0.006880 0.008935 0.011339 0.014496 0.017732 0.021485 0.025490 0.030180 0.034769 0.039144 0.043403 0.047509 0.050710 0.053037 0.054600 0.055704 0.054673 0.053222 0.050809 0.047762 0.043511 0.039144 0.034078 0.029745 0.025024 0.020851 0.016848 0.013260 0.010421 0.007893 0.006025 0.004372 0.003192 0.002238 0.001427 0.001049 0.000622 0.000398 0.000262 0.000166 0.000084 0.000068 0.000023 0.000012 0.000010 0.000006 0.000002 0.000001 0.000000 0.000000 0.000000 0.000000 0.000000 0.000000 0.000000 
t: 0.001536050157 start: 256 end: 329 0.000002 0.000001 0.000000 0.000003 0.000010 0.000014 0.000036 0.000037 0.000075 0.000108 0.000179 0.000268 0.000458 0.000617 0.000951 0.001348 0.001948 0.002846 0.003695 0.005155 0.007021 0.009142 0.011554 0.014684 0.018054 0.021914 0.026252 0.030539 0.035074 0.040089 0.044462 0.048078 0.051087 0.053983 0.055016 0.055271 0.054979 0.053310 0.051192 0.047019 0.042765 0.038479 0.033593 0.029058 0.024607 0.020148 0.016173 0.012693 0.009935 0.007560 0.005744 0.004041 0.002933 0.002083 0.001323 0.000920 0.000585 0.000364 0.000229 0.000121 0.000092 0.000037 0.000023 0.000012 0.000006 0.000004 0.000000 0.000001 0.000000 0.000000 0.000000 0.000000 0.000000 0.000000 
t: 0.001493902439 start: 257 end: 329 0.000002 0.000000 0.000000 0.000004 0.000002 0.000010 0.000016 0.000026 0.000039 0.000079 0.000122 0.000184 0.000300 0.000394 0.000691 0.000973 0.001496 0.002063 0.002911 0.003960 0.005461 0.007179 0.009613 0.012106 0.015107 0.018804 0.022488 0.027117 0.031540 0.036425 0.041091 0.045337 0.048987 0.052112 0.054369 0.055111 0.056085 0.054836 0.052988 0.050236 0.046746 0.041898 0.037623 0.032732 0.027763 0.023629 0.019172 0.015276 0.012097 0.009219 0.007012 0.005189 0.003681 0.002598 0.001859 0.001148 0.000803 0.000502 0.000340 0.000198 0.000118 0.000073 0.000026 0.000014 0.000012 0.000006 0.000002 0.000000 0.000000 0.000000 0.000000 0.000000 0.000000 
t: 0.001454005935 start: 258 end: 332 0.000001 0.000000 0.000001 0.000001 0.000004 0.000005 0.000007 0.000021 0.000031 0.000042 0.000088 0.000128 0.000188 0.000292 0.000495 0.000719 0.001041 0.001637 0.002234 0.003095 0.004332 0.005842 0.007786 0.009962 0.012672 0.016058 0.020047 0.023589 0.028310 0.032956 0.037650 0.042571 0.046672 0.049810 0.053259 0.054684 0.056194 0.055892 0.054780 0.052792 0.049267 0.045463 0.041123 0.036158 0.031450 0.026284 0.022106 0.017992 0.014242 0.010959 0.008400 0.006240 0.004577 0.003273 0.002308 0.001581 0.000953 0.000683 0.000469 0.000250 0.000139 0.000090 0.000047 0.000030 0.000016 0.000008 0.000003 0.000001 0.000000 0.000000 0.000000 0.000000 0.000000 0.000000 0.000000 
t: 0.001416184971 start: 260 end: 334 0.000001 0.000001 0.000002 0.000000 0.000002 0.000007 0.000011 0.000027 0.000029 0.000054 0.000086 0.000150 0.000195 0.000357 0.000499 0.000811 0.001213 0.001746 0.002519 0.003462 0.004650 0.006395 0.008438 0.010798 0.013670 0.017497 0.020972 0.025291 0.030109 0.034510 0.039492 0.043844 0.048170 0.051587 0.053935 0.055739 0.056657 0.055917 0.054402 0.051453 0.048203 0.044409 0.039321 0.034465 0.029494 0.024598 0.020563 0.016337 0.012905 0.009953 0.007418 0.005416 0.004004 0.002834 0.001913 0.001286 0.000822 0.000567 0.000349 0.000182 0.000108 0.000066 0.000040 0.000029 0.000012 0.000006 0.000001 0.000000 0.000001 0.000000 0.000000 0.000000 0.000000 0.000000 0.000000 
t: 0.001380281690 start: 262 end: 335 0.000002 0.000002 0.000000 0.000003 0.000002 0.000006 0.000020 0.000023 0.000036 0.000054 0.000113 0.000148 0.000258 0.000388 0.000623 0.000927 0.001442 0.001900 0.002861 0.003831 0.005347 0.007070 0.009241 0.011775 0.015200 0.018647 0.022704 0.027284 0.031835 0.036706 0.041574 0.045685 0.049614 0.053140 0.055083 0.056760 0.056322 0.056042 0.053416 0.050726 0.046590 0.042560 0.037405 0.032023 0.027380 0.022739 0.018551 0.014748 0.011365 0.008670 0.006436 0.004768 0.003341 0.002337 0.001557 0.001042 0.000664 0.000433 0.000260 0.000129 0.000071 0.000052 0.000039 0.000019 0.000007 0.000003 0.000000 0.000001 0.000000 0.000000 0.000000 0.000000 0.000000 0.000000 
t: 0.001346153846 start: 264 end: 338 0.000001 0.000002 0.000002 0.000001 0.000004 0.000009 0.000017 0.000033 0.000045 0.000078 0.000109 0.000192 0.000314 0.000484 0.000756 0.001053 0.001628 0.002298 0.003237 0.004479 0.006001 0.007831 0.010322 0.013388 0.016586 0.020463 0.025054 0.029230 0.033988 0.039028 0.043782 0.048327 0.051496 0.054262 0.056188 0.056925 0.056796 0.055070 0.052637 0.049106 0.044322 0.040132 0.034904 0.029805 0.025180 0.020694 0.016270 0.012971 0.009838 0.007449 0.005428 0.003971 0.002694 0.001819 0.001256 0.000790 0.000545 0.000278 0.000190 0.000090 0.000068 0.000045 0.000022 0.000011 0.000003 0.000002 0.000001 0.000000 0.000000 0.000000 0.000000 0.000000 0.000000 0.000000 0.000000 
t: 0.001313672922 start: 265 end: 339 0.000001 0.000000 0.000001 0.000002 0.000002 0.000009 0.000008 0.000019 0.000034 0.000061 0.000084 0.000161 0.000211 0.000389 0.000555 0.000915 0.001292 0.001948 0.002711 0.003763 0.005155 0.006940 0.009133 0.011660 0.014931 0.018586 0.022648 0.027271 0.031893 0.036732 0.041689 0.046672 0.050164 0.053160 0.055742 0.057073 0.057268 0.056218 0.054126 0.051078 0.046806 0.041960 0.037412 0.032233 0.027303 0.022582 0.018047 0.014340 0.010967 0.008356 0.006186 0.004489 0.003066 0.002154 0.001414 0.000930 0.000589 0.000374 0.000182 0.000118 0.000090 0.000043 0.000031 0.000013 0.000007 0.000001 0.000001 0.000001 0.000000 0.000000 0.000000 0.000000 0.000000 0.000000 0.000000 
t: 0.001282722513 start: 268 end: 338 0.000002 0.000000 0.000000 0.000004 0.000014 0.000014 0.000023 0.000052 0.000075 0.000108 0.000206 0.000268 0.000463 0.000705 0.001139 0.001627 0.002273 0.003230 0.004510 0.006086 0.008048 0.010380 0.013545 0.016840 0.020932 0.025327 0.029902 0.034939 0.039839 0.044579 0.048851 0.052125 0.055110 0.057121 0.057534 0.057012 0.055613 0.052770 0.048612 0.044067 0.039326 0.034408 0.029270 0.024493 0.019503 0.015647 0.012141 0.009201 0.006878 0.005053 0.003438 0.002374 0.001624 0.001049 0.000674 0.000402 0.000219 0.000143 0.000093 0.000059 0.000033 0.000015 0.000007 0.000003 0.000002 0.000000 0.000000 0.000000 0.000000 0.000000 0.000000 
t: 0.001253196931 start: 268 end: 340 0.000001 0.000000 0.000001 0.000001 0.000003 0.000004 0.000012 0.000028 0.000037 0.000058 0.000092 0.000149 0.000239 0.000343 0.000603 0.000901 0.001387 0.002026 0.002819 0.003900 0.005386 0.007228 0.009449 0.012235 0.015530 0.019431 0.023256 0.028242 0.033562 0.038140 0.042727 0.047351 0.051367 0.054475 0.057231 0.057530 0.057808 0.056629 0.053868 0.050153 0.046389 0.041103 0.036065 0.031070 0.025871 0.020902 0.016932 0.013150 0.010077 0.007559 0.005341 0.003858 0.002649 0.001790 0.001170 0.000752 0.000462 0.000283 0.000152 0.000093 0.000068 0.000033 0.000012 0.000011 0.000005 0.000000 0.000001 0.000000 0.000000 0.000000 0.000000 0.000000 0.000000 
t: 0.001225000000 start: 270 end: 341 0.000001 0.000001 0.000000 0.000002 0.000004 0.000009 0.000020 0.000025 0.000052 0.000079 0.000129 0.000187 0.000307 0.000524 0.000787 0.001166 0.001711 0.002433 0.003525 0.004858 0.006516 0.008510 0.011412 0.014364 0.017901 0.022139 0.026596 0.031971 0.036358 0.041508 0.046373 0.050607 0.054036 0.056485 0.058036 0.058048 0.057248 0.054986 0.052120 0.047262 0.042986 0.037595 0.032323 0.027341 0.022427 0.017913 0.014005 0.010932 0.008023 0.005839 0.004195 0.002855 0.001939 0.001257 0.000854 0.000503 0.000308 0.000166 0.000101 0.000071 0.000037 0.000019 0.000008 0.000006 0.000000 0.000001 0.000000 0.000000 0.000000 0.000000 0.000000 0.000000 
t: 0.001198044010 start: 270 end: 341 0.000001 0.000000 0.000001 0.000000 0.000002 0.000001 0.000007 0.000013 0.000031 0.000044 0.000056 0.000122 0.000156 0.000258 0.000434 0.000665 0.001073 0.001477 0.002244 0.003086 0.004319 0.006060 0.007867 0.010533 0.013346 0.017044 0.020920 0.025504 0.030387 0.035203 0.039964 0.045493 0.049953 0.053404 0.056583 0.057991 0.058601 0.057699 0.055617 0.053018 0.049019 0.044410 0.038736 0.033821 0.028336 0.023333 0.018926 0.014982 0.011377 0.008588 0.006232 0.004370 0.003032 0.002046 0.001398 0.000904 0.000550 0.000333 0.000179 0.000109 0.000074 0.000031 0.000020 0.000011 0.000002 0.000004 0.000000 0.000000 0.000000 0.000000 0.000000 0.000000 
t: 0.001172248804 start: 270 end: 341 0.000001 0.000000 0.000000 0.000000 0.000001 0.000002 0.000001 0.000007 0.000012 0.000021 0.000040 0.000058 0.000091 0.000140 0.000206 0.000379 0.000599 0.000904 0.001330 0.002028 0.002866 0.004018 0.005460 0.007368 0.009748 0.012665 0.016103 0.020043 0.024169 0.029373 0.034244 0.039004 0.044612 0.049045 0.052935 0.056303 0.058265 0.058481 0.058615 0.056619 0.053692 0.050253 0.045188 0.039967 0.035064 0.029351 0.024392 0.019455 0.015518 0.012004 0.008956 0.006569 0.004662 0.003219 0.002185 0.001453 0.000897 0.000600 0.000348 0.000220 0.000112 0.000066 0.000038 0.000019 0.000008 0.000005 0.000003 0.000000 0.000000 0.000000 0.000000 0.000000 
t: 0.001147540984 start: 272 end: 344 0.000001 0.000000 0.000000 0.000001 0.000003 0.000001 0.000005 0.000008 0.000019 0.000033 0.000049 0.000083 0.000135 0.000201 0.000312 0.000505 0.000777 0.001248 0.001827 0.002663 0.003696 0.005106 0.006914 0.009141 0.012045 0.015447 0.019072 0.023643 0.028186 0.033399 0.038613 0.043593 0.048230 0.052822 0.056086 0.057737 0.059436 0.058944 0.057249 0.054554 0.051245 0.046404 0.040938 0.035638 0.030146 0.024883 0.020239 0.016094 0.012311 0.009326 0.006699 0.004844 0.003306 0.002315 0.001448 0.000949 0.000597 0.000369 0.000203 0.000128 0.000060 0.000037 0.000022 0.000010 0.000003 0.000001 0.000000 0.000001 0.000000 0.000000 0.000000 0.000000 0.000000 
t: 0.001123853211 start: 273 end: 344 0.000001 0.000000 0.000000 0.000002 0.000001 0.000001 0.000003 0.000010 0.000009 0.000031 0.000044 0.000078 0.000102 0.000197 0.000274 0.000483 0.000719 0.001130 0.001659 0.002464 0.003405 0.004922 0.006521 0.008794 0.011566 0.014662 0.018684 0.022901 0.027506 0.032539 0.038014 0.043061 0.048057 0.052399 0.055955 0.058204 0.059112 0.059441 0.057856 0.055427 0.051738 0.046926 0.041847 0.036286 0.030814 0.025304 0.020954 0.016455 0.012572 0.009402 0.007033 0.004860 0.003293 0.002365 0.001540 0.000977 0.000560 0.000383 0.000200 0.000134 0.000053 0.000042 0.000014 0.000009 0.000004 0.000000 0.000001 0.000000 0.000000 0.000000 0.000000 0.000000 
t: 0.001101123596 start: 276 end: 345 0.000001 0.000003 0.000000 0.000002 0.000000 0.000004 0.000016 0.000021 0.000033 0.000065 0.000112 0.000159 0.000282 0.000453 0.000705 0.001008 0.001551 0.002336 0.003227 0.004600 0.006387 0.008393 0.011129 0.014398 0.017958 0.022297 0.026977 0.032363 0.037595 0.042410 0.047882 0.052078 0.055842 0.058569 0.059630 0.059574 0.058471 0.055819 0.052181 0.047584 0.042246 0.036827 0.031288 0.025881 0.021241 0.016599 0.012812 0.009588 0.006883 0.004945 0.003346 0.002329 0.001544 0.000965 0.000584 0.000330 0.000221 0.000121 0.000067 0.000040 0.000014 0.000009 0.000003 0.000002 0.000000 0.000000 0.000000 0.000000 0.000000 0.000000 
t: 0.001079295154 start: 277 end: 346 0.000003 0.000000 0.000000 0.000001 0.000001 0.000003 0.000015 0.000019 0.000029 0.000059 0.000100 0.000153 0.000270 0.000417 0.000692 0.000930 0.001492 0.002199 0.003109 0.004472 0.006106 0.008118 0.011120 0.014041 0.017568 0.021963 0.026529 0.031958 0.037301 0.042577 0.047603 0.052064 0.056234 0.058338 0.060048 0.059678 0.058959 0.056023 0.052838 0.047852 0.042606 0.037234 0.031742 0.026131 0.021057 0.016653 0.012889 0.009499 0.007024 0.004881 0.003291 0.002284 0.001546 0.000925 0.000565 0.000331 0.000204 0.000132 0.000056 0.000042 0.000012 0.000008 0.000003 0.000003 0.000000 0.000000 0.000000 0.000000 0.000000 0.000000 
t: 0.001058315335 start: 278 end: 347 0.000001 0.000001 0.000000 0.000000 0.000002 0.000005 0.000010 0.000018 0.000032 0.000062 0.000082 0.000155 0.000236 0.000423 0.000630 0.000939 0.001444 0.002148 0.003027 0.004276 0.005925 0.008116 0.010732 0.013889 0.017516 0.021641 0.026711 0.031523 0.037068 0.042706 0.047689 0.052685 0.055633 0.058909 0.060108 0.060149 0.058766 0.056658 0.053103 0.048131 0.042985 0.037403 0.031776 0.025958 0.021070 0.016704 0.012628 0.009402 0.006935 0.004825 0.003321 0.002193 0.001431 0.000949 0.000499 0.000330 0.000220 0.000106 0.000063 0.000029 0.000014 0.000005 0.000004 0.000000 0.000001 0.000000 0.000000 0.000000 0.000000 0.000000 
t: 0.001038135593 start: 279 end: 348 0.000001 0.000001 0.000000 0.000001 0.000000 0.000003 0.000009 0.000017 0.000033 0.000049 0.000089 0.000143 0.000239 0.000398 0.000635 0.000922 0.001442 0.002112 0.002972 0.004188 0.005863 0.007969 0.010764 0.013608 0.017410 0.021722 0.026585 0.031661 0.037550 0.042798 0.047886 0.052162 0.056593 0.058915 0.060138 0.060711 0.059143 0.056762 0.053219 0.048514 0.042911 0.037505 0.031172 0.025873 0.020949 0.016446 0.012463 0.009225 0.006730 0.004676 0.003239 0.002092 0.001409 0.000846 0.000499 0.000344 0.000181 0.000109 0.000052 0.000025 0.000015 0.000008 0.000003 0.000001 0.000000 0.000000 0.000000 0.000000 0.000000 0.000000 
t: 0.001018711019 start: 281 end: 350 0.000001 0.000001 0.000001 0.000001 0.000003 0.000003 0.000016 0.000030 0.000061 0.000086 0.000143 0.000234 0.000387 0.000621 0.000927 0.001414 0.002048 0.002965 0.004208 0.005762 0.008005 0.010594 0.013803 0.017523 0.021754 0.026556 0.031979 0.037721 0.043306 0.047958 0.052791 0.057070 0.059269 0.060505 0.061006 0.059345 0.056753 0.053315 0.048509 0.042717 0.036792 0.031144 0.025525 0.020388 0.016232 0.012206 0.009037 0.006462 0.004406 0.003135 0.002006 0.001327 0.000802 0.000506 0.000268 0.000187 0.000094 0.000043 0.000024 0.000013 0.000010 0.000002 0.000000 0.000000 0.000000 0.000000 0.000000 0.000000 0.000000 0.000000 
t: 0.001000000000 start: 282 end: 349 0.000002 0.000000 0.000001 0.000001 0.000001 0.000008 0.000017 0.000032 0.000049 0.000080 0.000142 0.000246 0.000378 0.000609 0.000935 0.001431 0.002053 0.002978 0.004139 0.005982 0.008126 0.010543 0.013978 0.017773 0.021792 0.027309 0.032141 0.038057 0.043400 0.048551 0.053526 0.057443 0.059793 0.060755 0.061080 0.059751 0.057175 0.052990 0.047781 0.042519 0.036591 0.030381 0.025026 0.019976 0.015719 0.011892 0.008674 0.006139 0.004214 0.002894 0.001910 0.001223 0.000742 0.000469 0.000262 0.000160 0.000072 0.000040 0.000026 0.000015 0.000008 0.000000 0.000000 0.000000 0.000000 0.000000 0.000000 0.000000 
