t: 0.059999999999 start: 17 end: 55 0.000004 0.000015 0.000062 0.000217 0.000786 0.002159 0.005199 0.011313 0.021924 0.038081 0.059315 0.082675 0.105266 0.120579 0.124555 0.116832 0.100075 0.077662 0.054686 0.035661 0.021163 0.011724 0.005627 0.002606 0.001122 0.000460 0.000158 0.000052 0.000018 0.000003 0.000001 0.000000 0.000000 0.000000 0.000000 0.000000 0.000000 0.000000 0.000000 
t: 0.054545454544 start: 19 end: 58 0.000001 0.000004 0.000045 0.000154 0.000513 0.001400 0.003582 0.007691 0.015190 0.027206 0.044313 0.065028 0.086802 0.105956 0.117455 0.118742 0.109579 0.093691 0.072427 0.052178 0.034320 0.020917 0.011730 0.005989 0.002966 0.001254 0.000571 0.000213 0.000042 0.000030 0.000010 0.000000 0.000001 0.000000 0.000000 0.000000 0.000000 0.000000 0.000000 0.000000 
t: 0.049999999999 start: 20 end: 62 0.000001 0.000001 0.000005 0.000034 0.000109 0.000365 0.000954 0.002437 0.005506 0.010904 0.019899 0.033094 0.050410 0.070788 0.090780 0.105910 0.114123 0.113221 0.103287 0.086718 0.067326 0.048542 0.032517 0.020030 0.011491 0.006155 0.003005 0.001409 0.000615 0.000238 0.000082 0.000027 0.000012 0.000004 0.000001 0.000000 0.000000 0.000000 0.000000 0.000000 0.000000 0.000000 0.000000 
t: 0.046153846153 start: 22 end: 64 0.000001 0.000000 0.000006 0.000019 0.000082 0.000236 0.000713 0.001818 0.003948 0.007962 0.014806 0.025252 0.039611 0.057155 0.076613 0.093833 0.105533 0.110329 0.107612 0.096132 0.080387 0.062065 0.044600 0.030261 0.018679 0.010911 0.005975 0.002972 0.001404 0.000638 0.000275 0.000110 0.000043 0.000014 0.000002 0.000003 0.000000 0.000000 0.000000 0.000000 0.000000 0.000000 0.000000 
t: 0.042857142857 start: 26 end: 69 0.000006 0.000015 0.000069 0.000177 0.000490 0.001324 0.003068 0.006019 0.011246 0.019510 0.031530 0.046488 0.064161 0.081660 0.095766 0.105062 0.106409 0.101268 0.089403 0.073973 0.056323 0.040640 0.027167 0.017161 0.010148 0.005648 0.002816 0.001373 0.000630 0.000272 0.000102 0.000052 0.000016 0.000003 0.000004 0.000001 0.000000 0.000000 0.000000 0.000000 0.000000 0.000000 0.000000 0.000000 
t: 0.040000000000 start: 28 end: 71 0.000001 0.000013 0.000054 0.000154 0.000406 0.001021 0.002168 0.004617 0.008866 0.015468 0.025539 0.038158 0.053745 0.070353 0.086086 0.097440 0.103140 0.102894 0.094870 0.082089 0.067077 0.050654 0.036154 0.024335 0.015396 0.009168 0.005122 0.002620 0.001324 0.000630 0.000255 0.000113 0.000051 0.000011 0.000004 0.000004 0.000000 0.000000 0.000000 0.000000 0.000000 0.000000 0.000000 0.000000 
t: 0.037500000000 start: 30 end: 74 0.000002 0.000011 0.000045 0.000121 0.000341 0.000812 0.001796 0.003650 0.007025 0.012337 0.020729 0.031583 0.045175 0.060968 0.076591 0.089961 0.098100 0.100904 0.097619 0.088439 0.074842 0.060093 0.045009 0.032024 0.021420 0.013388 0.007909 0.004521 0.002378 0.001210 0.000559 0.000240 0.000132 0.000047 0.000009 0.000009 0.000001 0.000000 0.000000 0.000000 0.000000 0.000000 0.000000 0.000000 0.000000 
t: 0.035294117647 start: 32 end: 77 0.000003 0.000010 0.000031 0.000114 0.000290 0.000612 0.001476 0.003059 0.005659 0.010227 0.016940 0.026651 0.038565 0.052801 0.068047 0.081429 0.092354 0.097973 0.097749 0.091855 0.081130 0.067436 0.053711 0.039311 0.027824 0.018485 0.011519 0.006922 0.003821 0.002061 0.001060 0.000491 0.000224 0.000100 0.000040 0.000011 0.000005 0.000004 0.000000 0.000000 0.000000 0.000000 0.000000 0.000000 0.000000 0.000000 
t: 0.033333333333 start: 34 end: 80 0.000001 0.000014 0.000029 0.000101 0.000235 0.000561 0.001196 0.002497 0.004880 0.008482 0.014379 0.022565 0.033274 0.046246 0.060230 0.073676 0.085982 0.093630 0.096636 0.093599 0.084384 0.074007 0.060380 0.046991 0.034149 0.023947 0.015638 0.009847 0.005783 0.003295 0.001752 0.000857 0.000421 0.000191 0.000097 0.000032 0.000009 0.000003 0.000004 0.000000 0.000000 0.000000 0.000000 0.000000 0.000000 0.000000 0.000000 
t: 0.031578947368 start: 36 end: 83 0.000004 0.000014 0.000023 0.000090 0.000201 0.000481 0.001069 0.002157 0.004059 0.007160 0.012314 0.019605 0.029048 0.040870 0.053998 0.067021 0.079771 0.088816 0.093577 0.092852 0.087542 0.078074 0.066451 0.053298 0.040625 0.029589 0.019981 0.013053 0.008024 0.004779 0.002670 0.001424 0.000721 0.000357 0.000165 0.000071 0.000023 0.000013 0.000008 0.000002 0.000000 0.000000 0.000000 0.000000 0.000000 0.000000 0.000000 0.000000 
t: 0.030000000000 start: 38 end: 86 0.000006 0.000007 0.000027 0.000085 0.000173 0.000440 0.000901 0.001811 0.003575 0.006457 0.010576 0.017076 0.025757 0.036117 0.048849 0.061650 0.073498 0.083579 0.090080 0.091609 0.089224 0.080879 0.071185 0.058816 0.046377 0.034770 0.024558 0.016559 0.010765 0.006428 0.003833 0.002156 0.001106 0.000578 0.000296 0.000105 0.000057 0.000024 0.000006 0.000004 0.000001 0.000000 0.000000 0.000000 0.000000 0.000000 0.000000 0.000000 0.000000 
t: 0.028571428571 start: 39 end: 89 0.000001 0.000002 0.000014 0.000017 0.000073 0.000175 0.000349 0.000866 0.001677 0.003079 0.005607 0.009585 0.015117 0.022868 0.032784 0.043972 0.056617 0.068684 0.079093 0.086443 0.090028 0.088219 0.083197 0.074404 0.063897 0.051178 0.039265 0.029054 0.020190 0.013370 0.008541 0.005225 0.003056 0.001672 0.000878 0.000402 0.000224 0.000099 0.000045 0.000023 0.000004 0.000003 0.000003 0.000000 0.000000 0.000000 0.000000 0.000000 0.000000 0.000000 0.000000 
t: 0.027272727273 start: 41 end: 92 0.000003 0.000007 0.000006 0.000022 0.000065 0.000170 0.000356 0.000818 0.001497 0.002780 0.005233 0.008556 0.013722 0.020673 0.029743 0.040502 0.051922 0.064199 0.074535 0.083111 0.087639 0.087601 0.084125 0.077305 0.067009 0.055006 0.043949 0.032804 0.023918 0.016300 0.010688 0.006863 0.004102 0.002249 0.001256 0.000653 0.000297 0.000186 0.000086 0.000018 0.000015 0.000006 0.000004 0.000001 0.000000 0.000000 0.000000 0.000000 0.000000 0.000000 0.000000 0.000000 
t: 0.026086956522 start: 43 end: 95 0.000002 0.000003 0.000011 0.000025 0.000069 0.000160 0.000331 0.000714 0.001410 0.002570 0.004751 0.007967 0.012633 0.019036 0.027234 0.037292 0.048633 0.060317 0.070648 0.079193 0.084839 0.086851 0.084582 0.078875 0.069336 0.058727 0.047436 0.036620 0.027390 0.019109 0.013013 0.008313 0.005305 0.003050 0.001650 0.000940 0.000513 0.000264 0.000098 0.000055 0.000020 0.000012 0.000001 0.000001 0.000000 0.000001 0.000000 0.000000 0.000000 0.000000 0.000000 0.000000 0.000000 
t: 0.025000000000 start: 43 end: 97 0.000001 0.000000 0.000002 0.000003 0.000005 0.000033 0.000070 0.000153 0.000338 0.000646 0.001299 0.002514 0.004440 0.007399 0.011897 0.017486 0.025569 0.034796 0.045806 0.056751 0.066927 0.076104 0.082492 0.085530 0.084102 0.079083 0.071160 0.061928 0.050682 0.040137 0.030210 0.022014 0.015232 0.009901 0.006456 0.003879 0.002395 0.001199 0.000679 0.000371 0.000160 0.000082 0.000038 0.000018 0.000007 0.000002 0.000003 0.000001 0.000000 0.000000 0.000000 0.000000 0.000000 0.000000 0.000000 
t: 0.024000000000 start: 46 end: 101 0.000001 0.000001 0.000004 0.000014 0.000029 0.000067 0.000148 0.000304 0.000647 0.001349 0.002350 0.004202 0.007002 0.011333 0.016514 0.023866 0.033176 0.042999 0.053690 0.064335 0.073430 0.079385 0.083750 0.084033 0.079550 0.072730 0.063560 0.053193 0.042834 0.033182 0.024341 0.017294 0.011676 0.007697 0.004870 0.002899 0.001676 0.000932 0.000472 0.000237 0.000130 0.000051 0.000023 0.000012 0.000009 0.000001 0.000001 0.000001 0.000000 0.000000 0.000000 0.000000 0.000000 0.000000 0.000000 0.000000 
t: 0.023076923077 start: 50 end: 103 0.000004 0.000020 0.000028 0.000059 0.000158 0.000334 0.000675 0.001303 0.002321 0.004104 0.006649 0.010572 0.016035 0.022704 0.031114 0.041479 0.051691 0.061370 0.071040 0.077687 0.081712 0.082761 0.079270 0.073521 0.065210 0.055443 0.045424 0.035153 0.026851 0.019314 0.013268 0.008897 0.005640 0.003658 0.002030 0.001205 0.000646 0.000338 0.000163 0.000073 0.000045 0.000016 0.000008 0.000004 0.000001 0.000002 0.000000 0.000000 0.000000 0.000000 0.000000 0.000000 0.000000 0.000000 
t: 0.022222222222 start: 51 end: 106 0.000006 0.000004 0.000011 0.000032 0.000077 0.000171 0.000337 0.000658 0.001320 0.002330 0.003935 0.006580 0.010101 0.015171 0.022227 0.030241 0.039812 0.049731 0.059308 0.068459 0.075412 0.080382 0.081662 0.079032 0.074139 0.065965 0.057279 0.047116 0.037432 0.028683 0.021078 0.014935 0.009973 0.006536 0.004150 0.002543 0.001472 0.000822 0.000445 0.000220 0.000120 0.000046 0.000027 0.000010 0.000006 0.000002 0.000001 0.000001 0.000000 0.000000 0.000000 0.000000 0.000000 0.000000 0.000000 0.000000 
t: 0.021428571428 start: 52 end: 106 0.000003 0.000000 0.000007 0.000015 0.000040 0.000077 0.000175 0.000349 0.000666 0.001271 0.002331 0.003999 0.006365 0.009992 0.015030 0.021402 0.029455 0.038449 0.048375 0.057647 0.066631 0.073583 0.078941 0.080436 0.078113 0.073951 0.067246 0.058410 0.048494 0.039216 0.030213 0.022833 0.016299 0.011036 0.007338 0.004690 0.002980 0.001810 0.001011 0.000522 0.000314 0.000143 0.000075 0.000042 0.000015 0.000005 0.000004 0.000000 0.000000 0.000001 0.000000 0.000000 0.000000 0.000000 0.000000 
t: 0.020689655172 start: 53 end: 111 0.000001 0.000001 0.000002 0.000008 0.000018 0.000047 0.000082 0.000187 0.000384 0.000714 0.001273 0.002445 0.003975 0.006345 0.009938 0.014753 0.021171 0.028576 0.037415 0.046985 0.056839 0.064776 0.072389 0.077209 0.079184 0.077777 0.074074 0.067272 0.059191 0.049801 0.040394 0.031567 0.024013 0.017490 0.012149 0.008280 0.005341 0.003366 0.002050 0.001128 0.000639 0.000375 0.000192 0.000096 0.000051 0.000024 0.000005 0.000005 0.000001 0.000001 0.000001 0.000000 0.000000 0.000000 0.000000 0.000000 0.000000 0.000000 0.000000 
t: 0.020000000000 start: 56 end: 112 0.000001 0.000004 0.000010 0.000020 0.000042 0.000094 0.000198 0.000400 0.000764 0.001346 0.002468 0.003952 0.006480 0.010096 0.014924 0.020602 0.028382 0.037043 0.045885 0.055119 0.064024 0.071351 0.075490 0.078565 0.076943 0.073485 0.067137 0.059542 0.050943 0.041484 0.032927 0.025006 0.018404 0.013104 0.008864 0.005854 0.003806 0.002270 0.001340 0.000754 0.000411 0.000208 0.000136 0.000060 0.000030 0.000021 0.000007 0.000003 0.000001 0.000000 0.000000 0.000000 0.000000 0.000000 0.000000 0.000000 0.000000 
t: 0.019354838710 start: 57 end: 113 0.000001 0.000000 0.000005 0.000010 0.000023 0.000054 0.000114 0.000208 0.000439 0.000803 0.001443 0.002608 0.004222 0.006544 0.010161 0.014933 0.021131 0.028138 0.036542 0.045317 0.054342 0.062868 0.069953 0.074824 0.077467 0.076171 0.072695 0.067522 0.059527 0.051180 0.042142 0.033560 0.026032 0.019227 0.013641 0.009673 0.006378 0.004017 0.002588 0.001506 0.000936 0.000491 0.000268 0.000153 0.000062 0.000038 0.000029 0.000008 0.000004 0.000002 0.000000 0.000000 0.000000 0.000000 0.000000 0.000000 0.000000 
t: 0.018750000000 start: 59 end: 116 0.000003 0.000000 0.000007 0.000019 0.000015 0.000067 0.000113 0.000234 0.000511 0.000859 0.001595 0.002655 0.004301 0.006975 0.010505 0.015115 0.020964 0.028394 0.036427 0.045029 0.054157 0.062078 0.069109 0.073608 0.076159 0.075505 0.072312 0.066957 0.059953 0.050789 0.042798 0.034376 0.026417 0.019733 0.014343 0.009906 0.006885 0.004519 0.002767 0.001636 0.000982 0.000560 0.000325 0.000169 0.000076 0.000050 0.000023 0.000012 0.000004 0.000003 0.000001 0.000000 0.000000 0.000000 0.000000 0.000000 0.000000 0.000000 
t: 0.018181818182 start: 61 end: 120 0.000002 0.000004 0.000005 0.000017 0.000034 0.000068 0.000128 0.000279 0.000563 0.000948 0.001630 0.002823 0.004675 0.007229 0.010714 0.015404 0.021187 0.028792 0.036612 0.045003 0.053652 0.061839 0.068262 0.073405 0.075287 0.074163 0.071524 0.066354 0.059538 0.051445 0.042808 0.034571 0.026771 0.020072 0.014589 0.010480 0.007210 0.004686 0.003067 0.001732 0.001012 0.000666 0.000343 0.000196 0.000101 0.000055 0.000031 0.000014 0.000005 0.000003 0.000001 0.000001 0.000000 0.000000 0.000000 0.000000 0.000000 0.000000 0.000000 0.000000 
t: 0.017647058823 start: 62 end: 122 0.000001 0.000001 0.000003 0.000005 0.000025 0.000034 0.000084 0.000152 0.000342 0.000576 0.001054 0.001786 0.003082 0.004938 0.007591 0.011169 0.015978 0.021744 0.029157 0.036905 0.045178 0.053828 0.061766 0.067747 0.072286 0.074026 0.073411 0.071016 0.066048 0.058683 0.050955 0.042503 0.034745 0.027167 0.020236 0.015233 0.010645 0.007265 0.004956 0.003076 0.001950 0.001160 0.000683 0.000384 0.000195 0.000132 0.000047 0.000030 0.000010 0.000005 0.000003 0.000003 0.000001 0.000000 0.000000 0.000000 0.000000 0.000000 0.000000 0.000000 0.000000 
t: 0.017142857143 start: 64 end: 123 0.000001 0.000002 0.000003 0.000013 0.000026 0.000046 0.000091 0.000203 0.000354 0.000655 0.001146 0.002075 0.003324 0.005296 0.007876 0.011704 0.016596 0.022578 0.029625 0.037391 0.045531 0.054194 0.061389 0.067782 0.071168 0.073835 0.072929 0.070069 0.064646 0.058393 0.050066 0.042335 0.034376 0.027008 0.020804 0.015118 0.010824 0.007464 0.004989 0.003246 0.001963 0.001266 0.000691 0.000414 0.000261 0.000120 0.000058 0.000028 0.000018 0.000007 0.000001 0.000002 0.000000 0.000000 0.000000 0.000000 0.000000 0.000000 0.000000 0.000000 
t: 0.016666666667 start: 66 end: 125 0.000002 0.000004 0.000005 0.000008 0.000034 0.000055 0.000110 0.000235 0.000406 0.000758 0.001323 0.002293 0.003600 0.005717 0.008560 0.012082 0.017521 0.023324 0.030296 0.038198 0.045893 0.054688 0.061108 0.067569 0.071693 0.072574 0.071842 0.069066 0.064174 0.057334 0.049322 0.041761 0.034137 0.027061 0.020453 0.014978 0.010834 0.007610 0.005024 0.003276 0.002125 0.001220 0.000761 0.000454 0.000254 0.000127 0.000070 0.000037 0.000018 0.000004 0.000001 0.000001 0.000000 0.000000 0.000000 0.000000 0.000000 0.000000 0.000000 0.000000 
t: 0.016216216216 start: 67 end: 128 0.000001 0.000002 0.000004 0.000005 0.000024 0.000029 0.000069 0.000122 0.000280 0.000481 0.000898 0.001505 0.002496 0.003895 0.006271 0.009158 0.013043 0.018136 0.024310 0.031575 0.038285 0.047449 0.054869 0.061581 0.067285 0.070887 0.071719 0.071207 0.068229 0.063071 0.056281 0.048544 0.041131 0.033680 0.026546 0.020278 0.014824 0.010786 0.007511 0.005025 0.003380 0.002049 0.001275 0.000804 0.000471 0.000272 0.000123 0.000066 0.000036 0.000018 0.000008 0.000004 0.000001 0.000001 0.000000 0.000000 0.000000 0.000000 0.000000 0.000000 0.000000 0.000000 
t: 0.015789473684 start: 69 end: 129 0.000001 0.000004 0.000004 0.000011 0.000025 0.000023 0.000088 0.000160 0.000354 0.000587 0.001029 0.001661 0.002830 0.004394 0.006642 0.009904 0.014028 0.019315 0.025253 0.032203 0.040171 0.048290 0.055397 0.061392 0.067132 0.070571 0.071500 0.070429 0.066909 0.061664 0.054903 0.048030 0.040060 0.032976 0.026011 0.019936 0.014623 0.010530 0.007365 0.005048 0.003301 0.002147 0.001288 0.000804 0.000447 0.000274 0.000132 0.000073 0.000042 0.000021 0.000011 0.000003 0.000004 0.000000 0.000000 0.000000 0.000000 0.000000 0.000000 0.000000 0.000000 
t: 0.015384615385 start: 72 end: 131 0.000002 0.000005 0.000014 0.000022 0.000035 0.000108 0.000226 0.000389 0.000699 0.001216 0.001974 0.003136 0.004800 0.007516 0.010745 0.014866 0.020480 0.026598 0.033605 0.041545 0.048664 0.056039 0.062537 0.067180 0.069994 0.070653 0.069453 0.065668 0.060245 0.053878 0.046876 0.039105 0.032016 0.025389 0.019201 0.014396 0.010232 0.007087 0.005007 0.003238 0.002074 0.001248 0.000816 0.000465 0.000242 0.000154 0.000083 0.000040 0.000022 0.000009 0.000006 0.000002 0.000000 0.000000 0.000000 0.000000 0.000000 0.000000 0.000000 0.000000 
t: 0.015000000000 start: 73 end: 133 0.000002 0.000001 0.000007 0.000010 0.000033 0.000074 0.000137 0.000262 0.000451 0.000854 0.001351 0.002257 0.003635 0.005363 0.008204 0.011579 0.016183 0.021805 0.027965 0.035035 0.042606 0.049964 0.057058 0.062803 0.067125 0.069682 0.070178 0.068215 0.064395 0.058843 0.053179 0.045041 0.038124 0.030815 0.024495 0.018641 0.013660 0.009941 0.007004 0.004754 0.003232 0.001978 0.001295 0.000763 0.000415 0.000277 0.000137 0.000085 0.000044 0.000027 0.000008 0.000006 0.000002 0.000000 0.000000 0.000000 0.000000 0.000000 0.000000 0.000000 0.000000 
t: 0.014634146341 start: 74 end: 135 0.000001 0.000004 0.000005 0.000005 0.000010 0.000044 0.000092 0.000171 0.000297 0.000585 0.000978 0.001649 0.002539 0.004176 0.006124 0.008992 0.012651 0.017411 0.022845 0.029553 0.036752 0.043993 0.051407 0.058067 0.063425 0.067179 0.069438 0.069161 0.067215 0.063087 0.057383 0.051123 0.043954 0.036706 0.029521 0.023461 0.017821 0.013234 0.009667 0.006758 0.004655 0.003006 0.001926 0.001191 0.000735 0.000482 0.000230 0.000148 0.000079 0.000030 0.000010 0.000017 0.000005 0.000002 0.000000 0.000000 0.000000 0.000000 0.000000 0.000000 0.000000 0.000000 
t: 0.014285714286 start: 76 end: 138 0.000001 0.000005 0.000003 0.000011 0.000018 0.000056 0.000124 0.000221 0.000411 0.000709 0.001111 0.001932 0.002982 0.004697 0.006994 0.009971 0.013944 0.018544 0.024373 0.031354 0.038390 0.045439 0.052952 0.058765 0.064130 0.067478 0.069008 0.068488 0.065793 0.061514 0.055864 0.049453 0.042191 0.035201 0.028271 0.022402 0.017267 0.012507 0.009144 0.006434 0.004338 0.002900 0.001793 0.001178 0.000672 0.000449 0.000225 0.000133 0.000081 0.000050 0.000014 0.000010 0.000003 0.000001 0.000001 0.000000 0.000000 0.000000 0.000000 0.000000 0.000000 0.000000 0.000000 
t: 0.013953488372 start: 77 end: 140 0.000001 0.000002 0.000003 0.000007 0.000014 0.000029 0.000088 0.000144 0.000276 0.000487 0.000813 0.001370 0.002277 0.003562 0.005455 0.007682 0.011057 0.015285 0.020166 0.025893 0.033139 0.040083 0.047739 0.053974 0.059796 0.064466 0.067637 0.068382 0.067619 0.064342 0.060089 0.054095 0.047664 0.040657 0.033577 0.027017 0.021375 0.015964 0.011928 0.008648 0.006009 0.004111 0.002713 0.001708 0.001097 0.000669 0.000395 0.000219 0.000136 0.000080 0.000031 0.000021 0.000004 0.000003 0.000001 0.000001 0.000000 0.000000 0.000000 0.000000 0.000000 0.000000 0.000000 0.000000 
t: 0.013636363636 start: 78 end: 141 0.000001 0.000000 0.000004 0.000006 0.000005 0.000029 0.000042 0.000107 0.000204 0.000337 0.000563 0.000985 0.001650 0.002768 0.004243 0.006044 0.008658 0.012202 0.016898 0.021849 0.028040 0.035086 0.042209 0.049257 0.055342 0.060675 0.064590 0.067473 0.067739 0.066719 0.063191 0.058456 0.052335 0.045947 0.038244 0.032029 0.025825 0.019883 0.015047 0.011152 0.008040 0.005726 0.003814 0.002506 0.001598 0.001010 0.000645 0.000356 0.000201 0.000136 0.000072 0.000038 0.000010 0.000007 0.000005 0.000001 0.000000 0.000000 0.000001 0.000000 0.000000 0.000000 0.000000 0.000000 
t: 0.013333333333 start: 80 end: 144 0.000001 0.000002 0.000002 0.000003 0.000017 0.000036 0.000066 0.000140 0.000247 0.000416 0.000708 0.001295 0.001982 0.003128 0.004782 0.006865 0.009880 0.013694 0.018216 0.023996 0.030306 0.037069 0.043954 0.050715 0.056508 0.061904 0.065814 0.067095 0.066984 0.065416 0.061731 0.056447 0.050279 0.043722 0.036892 0.029844 0.024307 0.018716 0.014062 0.010352 0.007493 0.005261 0.003546 0.002288 0.001551 0.000939 0.000586 0.000339 0.000169 0.000110 0.000066 0.000033 0.000017 0.000004 0.000002 0.000000 0.000002 0.000001 0.000000 0.000000 0.000000 0.000000 0.000000 0.000000 0.000000 
t: 0.013043478261 start: 82 end: 146 0.000002 0.000004 0.000003 0.000010 0.000024 0.000035 0.000104 0.000181 0.000309 0.000542 0.000888 0.001458 0.002455 0.003730 0.005584 0.007884 0.011167 0.015119 0.020407 0.025818 0.032502 0.039079 0.045801 0.052697 0.057988 0.062837 0.065930 0.066970 0.066284 0.064083 0.059389 0.054679 0.048181 0.041460 0.034709 0.028362 0.022558 0.017452 0.013313 0.009580 0.006771 0.004747 0.003296 0.002133 0.001392 0.000899 0.000498 0.000328 0.000160 0.000090 0.000057 0.000028 0.000012 0.000007 0.000002 0.000000 0.000001 0.000001 0.000000 0.000000 0.000000 0.000000 0.000000 0.000000 0.000000 
t: 0.012765957447 start: 82 end: 146 0.000001 0.000000 0.000002 0.000005 0.000010 0.000010 0.000039 0.000059 0.000126 0.000221 0.000395 0.000662 0.001107 0.001836 0.002988 0.004319 0.006463 0.009115 0.012628 0.016969 0.022368 0.028105 0.034616 0.041203 0.048059 0.054214 0.059459 0.063514 0.066203 0.066446 0.065539 0.061819 0.057951 0.052271 0.046012 0.039353 0.032893 0.026363 0.021031 0.016192 0.012021 0.008834 0.006265 0.004300 0.002968 0.001948 0.001259 0.000779 0.000453 0.000279 0.000156 0.000084 0.000047 0.000018 0.000009 0.000008 0.000005 0.000000 0.000000 0.000000 0.000001 0.000000 0.000000 0.000000 0.000000 
t: 0.012500000000 start: 84 end: 150 0.000001 0.000001 0.000003 0.000004 0.000018 0.000019 0.000053 0.000089 0.000176 0.000277 0.000533 0.000853 0.001406 0.002323 0.003430 0.005128 0.007483 0.010497 0.014441 0.018839 0.024306 0.030501 0.036832 0.043753 0.050164 0.055778 0.060553 0.064330 0.066135 0.065737 0.064383 0.060369 0.055458 0.049811 0.043871 0.037003 0.030731 0.024629 0.019523 0.014738 0.011086 0.008025 0.005602 0.003976 0.002756 0.001684 0.001091 0.000660 0.000399 0.000260 0.000135 0.000064 0.000034 0.000028 0.000014 0.000002 0.000003 0.000001 0.000000 0.000000 0.000001 0.000000 0.000000 0.000000 0.000000 0.000000 0.000000 
t: 0.012244897959 start: 86 end: 153 0.000001 0.000002 0.000002 0.000011 0.000014 0.000042 0.000070 0.000119 0.000239 0.000412 0.000642 0.001112 0.001741 0.002843 0.004106 0.006140 0.008773 0.012075 0.016098 0.020590 0.026742 0.032931 0.039705 0.045888 0.052140 0.057895 0.061226 0.064452 0.065632 0.065038 0.062996 0.058065 0.053649 0.047466 0.041420 0.035001 0.028548 0.022686 0.017852 0.013609 0.009917 0.007285 0.005115 0.003520 0.002348 0.001442 0.000957 0.000611 0.000353 0.000208 0.000121 0.000074 0.000033 0.000017 0.000018 0.000003 0.000002 0.000001 0.000001 0.000001 0.000000 0.000000 0.000000 0.000000 0.000000 0.000000 0.000000 0.000000 
t: 0.012000000000 start: 88 end: 153 0.000002 0.000003 0.000006 0.000012 0.000039 0.000043 0.000096 0.000188 0.000291 0.000496 0.000880 0.001426 0.002191 0.003316 0.005019 0.007306 0.010148 0.013645 0.017969 0.023187 0.029062 0.035668 0.041588 0.048456 0.054418 0.059076 0.062500 0.064640 0.065085 0.064054 0.060460 0.056635 0.051264 0.045111 0.038806 0.032560 0.026529 0.020710 0.016101 0.012463 0.008949 0.006441 0.004596 0.003156 0.002002 0.001320 0.000855 0.000491 0.000326 0.000189 0.000101 0.000067 0.000020 0.000018 0.000011 0.000003 0.000004 0.000000 0.000002 0.000000 0.000000 0.000000 0.000000 0.000000 0.000000 0.000000 
t: 0.011764705882 start: 91 end: 155 0.000005 0.000017 0.000019 0.000043 0.000067 0.000142 0.000217 0.000393 0.000697 0.001084 0.001845 0.002704 0.003962 0.005991 0.008554 0.011762 0.015472 0.020119 0.025785 0.031698 0.038059 0.044376 0.050857 0.056388 0.060391 0.062774 0.064875 0.064336 0.062380 0.059068 0.054068 0.048802 0.042413 0.036311 0.030215 0.024106 0.019038 0.014922 0.010874 0.007934 0.005712 0.004149 0.002660 0.001793 0.001130 0.000744 0.000430 0.000299 0.000131 0.000092 0.000039 0.000026 0.000015 0.000010 0.000002 0.000003 0.000002 0.000000 0.000000 0.000000 0.000000 0.000000 0.000000 0.000000 0.000000 
t: 0.011538461538 start: 91 end: 156 0.000002 0.000004 0.000007 0.000022 0.000024 0.000062 0.000084 0.000185 0.000342 0.000537 0.000910 0.001416 0.002181 0.003311 0.004931 0.007145 0.009792 0.013503 0.017561 0.022741 0.028206 0.034496 0.040913 0.047322 0.052403 0.058071 0.061421 0.063757 0.064591 0.063241 0.060933 0.056772 0.051787 0.045865 0.039994 0.033424 0.027775 0.022019 0.017300 0.013301 0.009600 0.007114 0.005087 0.003471 0.002322 0.001519 0.000980 0.000648 0.000400 0.000217 0.000131 0.000076 0.000034 0.000025 0.000013 0.000006 0.000003 0.000003 0.000000 0.000000 0.000000 0.000000 0.000000 0.000000 0.000000 0.000000 
t: 0.011320754717 start: 93 end: 159 0.000002 0.000010 0.000017 0.000019 0.000041 0.000083 0.000141 0.000255 0.000444 0.000675 0.001162 0.001774 0.002802 0.004113 0.005991 0.008357 0.011448 0.015682 0.019807 0.025162 0.031154 0.037415 0.043805 0.049527 0.055070 0.059023 0.062401 0.063866 0.063809 0.062307 0.058941 0.054156 0.049004 0.043002 0.037239 0.031024 0.025084 0.020157 0.015444 0.011705 0.008790 0.006227 0.004368 0.003033 0.002021 0.001336 0.000834 0.000497 0.000350 0.000195 0.000106 0.000056 0.000033 0.000014 0.000013 0.000004 0.000003 0.000001 0.000000 0.000001 0.000000 0.000000 0.000000 0.000000 0.000000 0.000000 0.000000 
t: 0.011111111111 start: 93 end: 160 0.000002 0.000001 0.000005 0.000011 0.000018 0.000026 0.000066 0.000117 0.000203 0.000339 0.000574 0.000924 0.001458 0.002277 0.003431 0.005078 0.007248 0.009906 0.013335 0.017481 0.022495 0.028250 0.034163 0.040234 0.046564 0.051924 0.056718 0.060485 0.063010 0.063682 0.062682 0.060455 0.056482 0.051984 0.046383 0.040354 0.034171 0.028307 0.023184 0.017795 0.013744 0.010468 0.007564 0.005461 0.003713 0.002586 0.001728 0.001129 0.000717 0.000467 0.000293 0.000131 0.000077 0.000040 0.000027 0.000018 0.000009 0.000004 0.000000 0.000000 0.000000 0.000001 0.000001 0.000000 0.000000 0.000000 0.000000 0.000000 
t: 0.010909090909 start: 95 end: 163 0.000002 0.000005 0.000005 0.000005 0.000029 0.000052 0.000113 0.000133 0.000263 0.000477 0.000714 0.001214 0.001916 0.002820 0.004318 0.006229 0.008499 0.011619 0.015454 0.020250 0.025377 0.031070 0.037050 0.042948 0.049221 0.054337 0.058391 0.061475 0.063341 0.062897 0.061484 0.058747 0.054100 0.049097 0.043491 0.037325 0.031462 0.025746 0.020597 0.015953 0.012053 0.009161 0.006593 0.004659 0.003221 0.002195 0.001475 0.000970 0.000592 0.000396 0.000189 0.000108 0.000075 0.000039 0.000022 0.000016 0.000005 0.000002 0.000001 0.000001 0.000001 0.000000 0.000000 0.000000 0.000000 0.000000 0.000000 0.000000 0.000000 
t: 0.010714285714 start: 96 end: 164 0.000001 0.000002 0.000004 0.000007 0.000015 0.000049 0.000071 0.000115 0.000220 0.000396 0.000629 0.001027 0.001513 0.002415 0.003670 0.005168 0.007409 0.010100 0.013735 0.017998 0.022815 0.028329 0.033938 0.040034 0.046402 0.051485 0.056290 0.059229 0.062523 0.063094 0.062429 0.059892 0.056257 0.051655 0.046018 0.040344 0.034247 0.028986 0.023152 0.018184 0.014178 0.010620 0.007883 0.005629 0.004065 0.002719 0.001844 0.001193 0.000825 0.000522 0.000298 0.000167 0.000090 0.000057 0.000024 0.000016 0.000005 0.000013 0.000002 0.000002 0.000001 0.000000 0.000000 0.000000 0.000000 0.000000 0.000000 0.000000 0.000000 
t: 0.010526315789 start: 96 end: 164 0.000001 0.000000 0.000002 0.000001 0.000007 0.000015 0.000029 0.000054 0.000091 0.000196 0.000308 0.000544 0.000847 0.001299 0.002030 0.003004 0.004477 0.006460 0.008826 0.012220 0.015969 0.020457 0.025692 0.031161 0.037506 0.043224 0.049188 0.053912 0.057678 0.060616 0.062712 0.062798 0.060753 0.057991 0.053785 0.048716 0.042861 0.037042 0.031443 0.026063 0.020816 0.016160 0.012353 0.009243 0.006747 0.004832 0.003388 0.002325 0.001517 0.001072 0.000657 0.000406 0.000198 0.000132 0.000075 0.000049 0.000027 0.000010 0.000009 0.000003 0.000001 0.000002 0.000000 0.000000 0.000000 0.000000 0.000000 0.000000 0.000000 
t: 0.010344827586 start: 98 end: 165 0.000002 0.000000 0.000003 0.000006 0.000011 0.000028 0.000042 0.000071 0.000143 0.000281 0.000448 0.000689 0.001095 0.001715 0.002602 0.003985 0.005540 0.007787 0.010612 0.014273 0.018344 0.023268 0.028652 0.034558 0.040630 0.046528 0.051652 0.055994 0.058930 0.061932 0.062212 0.061641 0.059123 0.055664 0.051156 0.045795 0.039738 0.033968 0.028240 0.023249 0.018431 0.014262 0.010715 0.007972 0.005780 0.004181 0.002700 0.001991 0.001330 0.000823 0.000486 0.000302 0.000179 0.000105 0.000065 0.000035 0.000017 0.000008 0.000004 0.000004 0.000003 0.000000 0.000000 0.000000 0.000000 0.000000 0.000000 0.000000 
t: 0.010169491525 start: 99 end: 167 0.000001 0.000002 0.000000 0.000004 0.000011 0.000027 0.000029 0.000056 0.000129 0.000222 0.000374 0.000609 0.000914 0.001427 0.002263 0.003447 0.004802 0.006915 0.009322 0.012723 0.016773 0.020855 0.026230 0.032090 0.037815 0.044082 0.049590 0.053611 0.057672 0.060224 0.062222 0.061602 0.059915 0.057432 0.053158 0.048180 0.042244 0.036467 0.030762 0.025639 0.020581 0.016152 0.012534 0.009187 0.006832 0.004822 0.003430 0.002337 0.001640 0.001048 0.000624 0.000425 0.000247 0.000128 0.000063 0.000052 0.000026 0.000016 0.000007 0.000007 0.000001 0.000001 0.000000 0.000000 0.000000 0.000000 0.000000 0.000000 0.000000 
t: 0.010000000000 start: 100 end: 168 0.000001 0.000001 0.000000 0.000006 0.000007 0.000019 0.000031 0.000053 0.000091 0.000171 0.000302 0.000510 0.000789 0.001233 0.002030 0.002962 0.004291 0.005991 0.008356 0.011320 0.015272 0.019021 0.023998 0.029854 0.035104 0.041587 0.046541 0.052167 0.055782 0.059262 0.061179 0.061296 0.061140 0.058382 0.054562 0.050205 0.044729 0.038965 0.033440 0.027862 0.022620 0.018283 0.014071 0.010534 0.007996 0.005764 0.004021 0.002856 0.001947 0.001274 0.000839 0.000548 0.000314 0.000178 0.000096 0.000075 0.000025 0.000024 0.000010 0.000010 0.000002 0.000001 0.000000 0.000000 0.000000 0.000000 0.000000 0.000000 0.000000 
t: 0.008448275866 start: 114 end: 184 0.000002 0.000000 0.000005 0.000003 0.000008 0.000021 0.000043 0.000065 0.000120 0.000199 0.000345 0.000525 0.000847 0.001308 0.001995 0.002914 0.004059 0.005577 0.007802 0.010210 0.013675 0.017390 0.021562 0.026589 0.031377 0.036899 0.042060 0.047025 0.051347 0.055263 0.057692 0.059147 0.058835 0.057665 0.055057 0.052047 0.047367 0.042293 0.037287 0.032444 0.026767 0.022121 0.018172 0.014303 0.010961 0.008269 0.006189 0.004521 0.003215 0.002189 0.001500 0.000993 0.000619 0.000446 0.000270 0.000173 0.000094 0.000068 0.000030 0.000018 0.000006 0.000003 0.000002 0.000002 0.000000 0.000000 0.000000 0.000000 0.000000 0.000000 0.000000 
t: 0.007313432839 start: 126 end: 200 0.000004 0.000004 0.000002 0.000004 0.000012 0.000017 0.000021 0.000061 0.000119 0.000185 0.000284 0.000443 0.000720 0.001105 0.001584 0.002337 0.003241 0.004661 0.006400 0.008441 0.011227 0.014276 0.017734 0.022343 0.026541 0.031650 0.036428 0.041313 0.046643 0.050343 0.052909 0.055443 0.057217 0.056531 0.056225 0.053626 0.050290 0.046835 0.042249 0.037769 0.032398 0.027601 0.023012 0.018883 0.015247 0.012227 0.009186 0.006896 0.005200 0.003753 0.002745 0.001883 0.001352 0.000871 0.000589 0.000347 0.000224 0.000160 0.000080 0.000047 0.000024 0.000019 0.000010 0.000006 0.000001 0.000000 0.000001 0.000000 0.000000 0.000001 0.000000 0.000000 0.000000 0.000000 0.000000 
t: 0.006447368423 start: 136 end: 211 0.000001 0.000001 0.000000 0.000003 0.000010 0.000014 0.000033 0.000035 0.000068 0.000109 0.000161 0.000270 0.000404 0.000696 0.000999 0.001530 0.002091 0.003048 0.004184 0.005710 0.007632 0.009939 0.012721 0.016192 0.020154 0.024160 0.028651 0.033036 0.038162 0.042278 0.047100 0.050386 0.052751 0.055157 0.055949 0.055125 0.053638 0.051604 0.048215 0.044654 0.040201 0.035549 0.031089 0.026345 0.022095 0.018299 0.014634 0.011693 0.009029 0.006774 0.005133 0.003843 0.002761 0.001907 0.001260 0.000872 0.000624 0.000363 0.000252 0.000160 0.000112 0.000057 0.000037 0.000019 0.000017 0.000001 0.000001 0.000000 0.000000 0.000001 0.000001 0.000000 0.000000 0.000000 0.000000 0.000000 
t: 0.005764705884 start: 143 end: 221 0.000001 0.000000 0.000000 0.000001 0.000001 0.000004 0.000004 0.000007 0.000013 0.000024 0.000044 0.000063 0.000099 0.000177 0.000272 0.000427 0.000662 0.001001 0.001337 0.001937 0.002889 0.004000 0.005346 0.007282 0.009442 0.012049 0.015074 0.018532 0.022538 0.027224 0.030935 0.035736 0.040124 0.044122 0.048191 0.051188 0.052811 0.054266 0.054461 0.053508 0.051716 0.049494 0.045825 0.041662 0.037658 0.032848 0.029019 0.024552 0.020380 0.016714 0.013245 0.010653 0.008206 0.006322 0.004667 0.003335 0.002505 0.001815 0.001222 0.000849 0.000540 0.000383 0.000223 0.000142 0.000097 0.000056 0.000028 0.000024 0.000017 0.000006 0.000002 0.000002 0.000001 0.000000 0.000000 0.000000 0.000000 0.000000 0.000000 
t: 0.005212765959 start: 153 end: 230 0.000001 0.000000 0.000000 0.000001 0.000001 0.000005 0.000006 0.000013 0.000031 0.000037 0.000080 0.000094 0.000174 0.000270 0.000375 0.000604 0.000928 0.001308 0.001932 0.002562 0.003715 0.005036 0.006695 0.008696 0.011068 0.014110 0.017309 0.021056 0.025180 0.029353 0.034035 0.037891 0.042370 0.045722 0.048799 0.051445 0.052949 0.053791 0.053235 0.051637 0.050052 0.046976 0.043224 0.039391 0.035210 0.031071 0.026225 0.022326 0.018717 0.015336 0.012189 0.009451 0.007426 0.005655 0.004256 0.003024 0.002230 0.001542 0.001157 0.000714 0.000471 0.000295 0.000215 0.000121 0.000093 0.000043 0.000028 0.000025 0.000013 0.000008 0.000001 0.000001 0.000000 0.000000 0.000000 0.000000 0.000000 0.000000 
t: 0.004757281555 start: 164 end: 242 0.000002 0.000001 0.000006 0.000007 0.000015 0.000023 0.000036 0.000053 0.000092 0.000153 0.000240 0.000358 0.000524 0.000831 0.001169 0.001663 0.002271 0.003204 0.004399 0.005964 0.007710 0.009876 0.012548 0.015873 0.018919 0.022704 0.027048 0.031431 0.035662 0.039229 0.043538 0.046747 0.049772 0.051779 0.052614 0.053089 0.052231 0.050646 0.048392 0.045106 0.041481 0.037445 0.033331 0.029289 0.024810 0.020867 0.017237 0.014034 0.011365 0.008983 0.006886 0.005331 0.003896 0.002809 0.002004 0.001418 0.000964 0.000671 0.000439 0.000309 0.000184 0.000125 0.000078 0.000052 0.000026 0.000013 0.000019 0.000005 0.000001 0.000002 0.000000 0.000001 0.000000 0.000000 0.000000 0.000000 0.000000 0.000000 0.000000 
t: 0.004375000001 start: 170 end: 250 0.000001 0.000001 0.000001 0.000006 0.000003 0.000013 0.000018 0.000020 0.000042 0.000067 0.000111 0.000204 0.000262 0.000431 0.000601 0.000957 0.001292 0.001863 0.002678 0.003540 0.004912 0.006412 0.008214 0.010575 0.013248 0.016305 0.020167 0.023659 0.027763 0.032045 0.036184 0.040318 0.044040 0.046721 0.049495 0.051403 0.051977 0.052323 0.051322 0.050381 0.047851 0.044214 0.041079 0.036729 0.032644 0.028205 0.024293 0.020333 0.016858 0.013936 0.011178 0.008607 0.006679 0.004995 0.003768 0.002780 0.002007 0.001401 0.000929 0.000672 0.000451 0.000295 0.000217 0.000120 0.000070 0.000047 0.000029 0.000014 0.000006 0.000007 0.000005 0.000003 0.000003 0.000000 0.000000 0.000000 0.000000 0.000000 0.000000 0.000000 0.000000 
t: 0.004049586778 start: 179 end: 256 0.000003 0.000003 0.000002 0.000011 0.000011 0.000024 0.000050 0.000068 0.000119 0.000174 0.000255 0.000440 0.000597 0.000920 0.001294 0.001894 0.002630 0.003512 0.004747 0.006287 0.007855 0.010481 0.013096 0.015996 0.019467 0.023356 0.027078 0.031413 0.035201 0.039565 0.042676 0.046149 0.049007 0.050772 0.051810 0.052173 0.051893 0.049810 0.047824 0.044861 0.041394 0.037216 0.033482 0.028712 0.025017 0.021259 0.017838 0.014510 0.011513 0.009177 0.007065 0.005439 0.003956 0.002955 0.002162 0.001533 0.001042 0.000782 0.000498 0.000311 0.000218 0.000164 0.000098 0.000053 0.000038 0.000017 0.000011 0.000006 0.000008 0.000002 0.000000 0.000000 0.000000 0.000000 0.000000 0.000000 0.000000 0.000000 
t: 0.003769230770 start: 184 end: 263 0.000001 0.000001 0.000004 0.000005 0.000009 0.000011 0.000017 0.000040 0.000065 0.000071 0.000137 0.000222 0.000381 0.000546 0.000791 0.001119 0.001480 0.002209 0.002983 0.004052 0.005361 0.006959 0.009151 0.011437 0.014447 0.017450 0.021113 0.025031 0.028666 0.032896 0.037256 0.040767 0.044162 0.046974 0.049919 0.051132 0.051557 0.051959 0.050868 0.049199 0.046470 0.043379 0.039522 0.035757 0.031621 0.027432 0.023525 0.019671 0.016391 0.013282 0.010580 0.008271 0.006407 0.004790 0.003677 0.002677 0.001911 0.001401 0.000909 0.000632 0.000421 0.000294 0.000204 0.000143 0.000068 0.000039 0.000040 0.000021 0.000007 0.000007 0.000002 0.000001 0.000000 0.000000 0.000000 0.000000 0.000000 0.000000 0.000000 0.000000 
t: 0.003525179857 start: 189 end: 269 0.000001 0.000001 0.000001 0.000000 0.000003 0.000008 0.000010 0.000019 0.000035 0.000053 0.000085 0.000162 0.000229 0.000363 0.000510 0.000739 0.001096 0.001545 0.002197 0.003053 0.003962 0.005327 0.007019 0.009048 0.011407 0.014110 0.017308 0.020627 0.024817 0.028943 0.032653 0.036789 0.040729 0.043993 0.046670 0.049233 0.050638 0.051392 0.051789 0.050873 0.049241 0.046834 0.043866 0.039777 0.035842 0.031611 0.027502 0.023707 0.019992 0.016600 0.013573 0.010837 0.008491 0.006611 0.005078 0.003824 0.002761 0.002034 0.001352 0.001065 0.000691 0.000459 0.000281 0.000203 0.000109 0.000087 0.000051 0.000034 0.000024 0.000011 0.000006 0.000004 0.000004 0.000001 0.000000 0.000000 0.000000 0.000000 0.000000 0.000000 0.000000 
t: 0.003310810811 start: 194 end: 274 0.000001 0.000000 0.000001 0.000002 0.000001 0.000004 0.000010 0.000020 0.000023 0.000049 0.000073 0.000112 0.000168 0.000262 0.000434 0.000613 0.000877 0.001261 0.001790 0.002508 0.003324 0.004540 0.006038 0.007856 0.009898 0.012616 0.015297 0.018767 0.022474 0.025972 0.030219 0.034221 0.037906 0.041778 0.045114 0.048067 0.050062 0.051393 0.051535 0.051427 0.050289 0.048184 0.045185 0.042312 0.038369 0.034369 0.030197 0.026058 0.022151 0.018856 0.015383 0.012432 0.009952 0.007881 0.005856 0.004442 0.003295 0.002526 0.001769 0.001248 0.000873 0.000538 0.000398 0.000272 0.000175 0.000105 0.000072 0.000026 0.000029 0.000024 0.000010 0.000004 0.000003 0.000004 0.000000 0.000000 0.000000 0.000000 0.000000 0.000000 0.000000 
t: 0.003121019109 start: 199 end: 279 0.000001 0.000000 0.000000 0.000002 0.000003 0.000005 0.000013 0.000017 0.000022 0.000044 0.000077 0.000091 0.000160 0.000229 0.000402 0.000529 0.000810 0.001212 0.001647 0.002315 0.003337 0.004217 0.005744 0.007318 0.009394 0.011973 0.014904 0.018169 0.021368 0.025258 0.029286 0.033216 0.037339 0.041188 0.044649 0.047326 0.049683 0.051075 0.051635 0.051669 0.050420 0.048507 0.045609 0.042888 0.039583 0.035311 0.030864 0.027031 0.023146 0.019371 0.016071 0.013039 0.010569 0.008303 0.006316 0.004618 0.003561 0.002705 0.001753 0.001332 0.000917 0.000591 0.000417 0.000284 0.000159 0.000114 0.000069 0.000044 0.000035 0.000025 0.000011 0.000004 0.000002 0.000003 0.000001 0.000000 0.000000 0.000000 0.000000 0.000000 0.000000 
t: 0.002951807229 start: 205 end: 285 0.000001 0.000001 0.000001 0.000006 0.000006 0.000011 0.000020 0.000024 0.000041 0.000061 0.000113 0.000177 0.000261 0.000394 0.000578 0.000857 0.001286 0.001715 0.002562 0.003403 0.004490 0.005902 0.007649 0.009962 0.012270 0.015310 0.018479 0.021905 0.025832 0.029824 0.034163 0.038025 0.041853 0.045068 0.047470 0.050005 0.051826 0.051573 0.051287 0.050155 0.047961 0.045451 0.042400 0.038446 0.034556 0.030533 0.026649 0.022569 0.018848 0.015716 0.012582 0.010028 0.007888 0.006108 0.004458 0.003404 0.002392 0.001780 0.001205 0.000842 0.000579 0.000371 0.000243 0.000155 0.000100 0.000063 0.000046 0.000028 0.000014 0.000006 0.000006 0.000006 0.000001 0.000000 0.000000 0.000000 0.000000 0.000000 0.000000 0.000000 0.000000 
t: 0.002800000000 start: 209 end: 289 0.000001 0.000000 0.000002 0.000004 0.000003 0.000011 0.000012 0.000015 0.000035 0.000053 0.000079 0.000145 0.000178 0.000367 0.000492 0.000739 0.001043 0.001493 0.002030 0.002931 0.003924 0.005091 0.006707 0.008535 0.011090 0.013640 0.016838 0.019992 0.023824 0.027901 0.031578 0.036153 0.039764 0.043408 0.046592 0.049175 0.050734 0.051749 0.051622 0.050790 0.049069 0.047396 0.043736 0.040869 0.036473 0.033020 0.028461 0.024559 0.020786 0.017414 0.013879 0.011384 0.008909 0.006857 0.005243 0.003862 0.002795 0.002090 0.001484 0.001003 0.000684 0.000465 0.000286 0.000206 0.000117 0.000088 0.000055 0.000028 0.000015 0.000011 0.000008 0.000006 0.000001 0.000001 0.000000 0.000000 0.000000 0.000000 0.000000 0.000000 0.000000 
t: 0.002663043479 start: 211 end: 292 0.000001 0.000001 0.000000 0.000001 0.000000 0.000001 0.000005 0.000006 0.000011 0.000020 0.000027 0.000048 0.000068 0.000127 0.000194 0.000304 0.000461 0.000644 0.000967 0.001389 0.001950 0.002585 0.003628 0.004781 0.006333 0.008056 0.010437 0.012987 0.015906 0.019271 0.022857 0.026818 0.031045 0.035030 0.039022 0.042634 0.045969 0.048898 0.050434 0.051698 0.051677 0.051293 0.049864 0.047742 0.044713 0.041398 0.037568 0.033931 0.029560 0.025500 0.021647 0.017680 0.014841 0.011884 0.009141 0.007277 0.005521 0.004167 0.003040 0.002247 0.001552 0.001079 0.000732 0.000486 0.000312 0.000204 0.000134 0.000078 0.000050 0.000025 0.000022 0.000010 0.000007 0.000001 0.000002 0.000001 0.000000 0.000000 0.000000 0.000000 0.000000 0.000000 
t: 0.002538860104 start: 213 end: 293 0.000001 0.000001 0.000000 0.000000 0.000000 0.000000 0.000001 0.000002 0.000003 0.000011 0.000010 0.000018 0.000029 0.000047 0.000072 0.000127 0.000201 0.000284 0.000458 0.000689 0.000963 0.001338 0.001939 0.002665 0.003592 0.004814 0.006354 0.008143 0.010368 0.013082 0.016120 0.019316 0.023061 0.027286 0.031066 0.035166 0.039274 0.042944 0.045951 0.049012 0.050508 0.051731 0.051485 0.051393 0.050041 0.047766 0.044647 0.041724 0.037388 0.033541 0.029179 0.025387 0.021583 0.017859 0.014391 0.011577 0.009086 0.007139 0.005452 0.004090 0.002983 0.002152 0.001470 0.001037 0.000728 0.000416 0.000324 0.000169 0.000140 0.000079 0.000050 0.000036 0.000021 0.000007 0.000007 0.000004 0.000002 0.000000 0.000000 0.000000 0.000000 
t: 0.002425742574 start: 219 end: 298 0.000002 0.000000 0.000000 0.000001 0.000001 0.000004 0.000007 0.000007 0.000013 0.000013 0.000034 0.000061 0.000081 0.000154 0.000213 0.000320 0.000491 0.000728 0.001100 0.001486 0.002097 0.002859 0.003896 0.005119 0.006779 0.008656 0.011168 0.013874 0.016819 0.020613 0.024161 0.028210 0.032547 0.036133 0.040157 0.044015 0.046895 0.049493 0.051444 0.052077 0.051840 0.050712 0.049741 0.046856 0.043996 0.040455 0.036466 0.032377 0.028262 0.024068 0.020433 0.016728 0.013461 0.010763 0.008428 0.006541 0.005041 0.003637 0.002644 0.001897 0.001306 0.000912 0.000608 0.000398 0.000269 0.000157 0.000119 0.000072 0.000030 0.000024 0.000012 0.000010 0.000006 0.000003 0.000000 0.000000 0.000000 0.000000 0.000000 0.000000 
t: 0.002322274882 start: 226 end: 303 0.000001 0.000004 0.000002 0.000007 0.000011 0.000010 0.000027 0.000033 0.000069 0.000107 0.000167 0.000247 0.000409 0.000606 0.000854 0.001240 0.001817 0.002333 0.003359 0.004400 0.005818 0.007615 0.009792 0.012426 0.015261 0.018625 0.022349 0.026357 0.030487 0.034288 0.038410 0.042033 0.045502 0.048558 0.050159 0.051969 0.052410 0.052015 0.050409 0.048274 0.045803 0.042299 0.038566 0.034550 0.030140 0.026029 0.022215 0.018228 0.015138 0.012058 0.009493 0.007359 0.005586 0.004224 0.003102 0.002075 0.001546 0.001113 0.000731 0.000450 0.000314 0.000200 0.000121 0.000084 0.000045 0.000030 0.000020 0.000012 0.000001 0.000008 0.000000 0.000000 0.000000 0.000000 0.000000 0.000000 0.000000 0.000000 
t: 0.002227272727 start: 229 end: 307 0.000002 0.000001 0.000004 0.000007 0.000006 0.000014 0.000020 0.000032 0.000054 0.000083 0.000128 0.000244 0.000343 0.000506 0.000777 0.001051 0.001582 0.002196 0.002916 0.003912 0.005467 0.007090 0.009061 0.011523 0.014411 0.017657 0.020905 0.025223 0.029114 0.032997 0.037286 0.041141 0.044796 0.047794 0.050301 0.051635 0.052347 0.052423 0.051186 0.049461 0.046453 0.043371 0.039546 0.035923 0.031510 0.026939 0.023225 0.019272 0.016048 0.012865 0.010150 0.007940 0.005862 0.004539 0.003293 0.002363 0.001649 0.001207 0.000768 0.000507 0.000312 0.000231 0.000131 0.000079 0.000047 0.000036 0.000019 0.000010 0.000006 0.000002 0.000001 0.000000 0.000000 0.000000 0.000000 0.000000 0.000000 0.000000 0.000000 
t: 0.002139737991 start: 231 end: 308 0.000001 0.000000 0.000003 0.000002 0.000003 0.000008 0.000012 0.000023 0.000031 0.000048 0.000081 0.000134 0.000198 0.000300 0.000480 0.000706 0.001038 0.001453 0.001972 0.002905 0.003821 0.005291 0.006585 0.008876 0.011152 0.013827 0.017205 0.020681 0.024589 0.028610 0.032615 0.036950 0.040878 0.044217 0.047854 0.050270 0.051485 0.052337 0.052983 0.051481 0.049695 0.047217 0.043806 0.040054 0.035980 0.032209 0.027686 0.023492 0.019803 0.016153 0.013041 0.010390 0.007948 0.006091 0.004567 0.003343 0.002329 0.001749 0.001170 0.000790 0.000513 0.000337 0.000204 0.000127 0.000074 0.000064 0.000028 0.000016 0.000008 0.000007 0.000004 0.000000 0.000000 0.000000 0.000000 0.000000 0.000000 0.000000 
t: 0.002058823530 start: 234 end: 312 0.000001 0.000001 0.000001 0.000004 0.000005 0.000007 0.000013 0.000014 0.000026 0.000044 0.000090 0.000122 0.000193 0.000306 0.000466 0.000753 0.001027 0.001444 0.002025 0.002860 0.003782 0.005215 0.007001 0.008871 0.011121 0.013929 0.017372 0.020722 0.024690 0.028515 0.033063 0.037027 0.041157 0.044834 0.047587 0.050842 0.052157 0.052853 0.052668 0.051800 0.049922 0.047234 0.043561 0.039698 0.036014 0.031755 0.027585 0.023451 0.019574 0.015755 0.012559 0.010005 0.007736 0.005919 0.004436 0.003119 0.002298 0.001598 0.001104 0.000765 0.000484 0.000313 0.000216 0.000119 0.000068 0.000044 0.000025 0.000016 0.000008 0.000009 0.000002 0.000000 0.000000 0.000000 0.000000 0.000000 0.000000 0.000000 0.000000 
t: 0.001983805668 start: 238 end: 315 0.000002 0.000002 0.000003 0.000002 0.000007 0.000012 0.000020 0.000039 0.000056 0.000091 0.000117 0.000214 0.000314 0.000525 0.000723 0.001055 0.001624 0.002114 0.003074 0.004063 0.005458 0.007118 0.009202 0.011578 0.014639 0.017927 0.021429 0.025250 0.029768 0.033740 0.038218 0.042439 0.045400 0.048588 0.051149 0.052766 0.053374 0.052761 0.051341 0.049477 0.046504 0.043176 0.039283 0.035048 0.030911 0.026416 0.022460 0.018381 0.015154 0.011849 0.009254 0.007152 0.005556 0.004001 0.002867 0.002098 0.001448 0.001002 0.000621 0.000427 0.000309 0.000163 0.000096 0.000061 0.000036 0.000024 0.000014 0.000005 0.000003 0.000002 0.000000 0.000000 0.000000 0.000000 0.000000 0.000000 0.000000 0.000000 
t: 0.001914062500 start: 243 end: 318 0.000002 0.000007 0.000008 0.000016 0.000029 0.000043 0.000065 0.000093 0.000135 0.000250 0.000379 0.000547 0.000845 0.001222 0.001726 0.002365 0.003315 0.004418 0.006022 0.007749 0.009985 0.012602 0.015593 0.019097 0.022604 0.026636 0.031317 0.035306 0.039882 0.043625 0.046975 0.049725 0.052407 0.053061 0.053632 0.052605 0.051141 0.048369 0.045558 0.042088 0.037722 0.033653 0.029024 0.024847 0.020831 0.017225 0.013663 0.010689 0.008389 0.006384 0.004874 0.003443 0.002582 0.001762 0.001227 0.000806 0.000535 0.000347 0.000233 0.000144 0.000081 0.000037 0.000026 0.000019 0.000005 0.000002 0.000003 0.000003 0.000000 0.000000 0.000000 0.000000 0.000000 0.000000 0.000000 0.000000 
t: 0.001849056604 start: 245 end: 321 0.000005 0.000004 0.000005 0.000009 0.000013 0.000027 0.000062 0.000080 0.000120 0.000186 0.000290 0.000454 0.000668 0.000972 0.001420 0.001983 0.002761 0.003695 0.005080 0.006693 0.008745 0.011265 0.013957 0.017112 0.020686 0.024649 0.028617 0.033180 0.037313 0.041825 0.045743 0.048856 0.051436 0.053240 0.053756 0.053592 0.051801 0.050320 0.047503 0.044080 0.039835 0.035567 0.031303 0.027220 0.022556 0.018825 0.015203 0.011911 0.009509 0.007210 0.005520 0.004047 0.002915 0.002066 0.001438 0.000964 0.000628 0.000429 0.000262 0.000176 0.000096 0.000051 0.000035 0.000014 0.000007 0.000003 0.000002 0.000004 0.000001 0.000000 0.000000 0.000000 0.000000 0.000000 0.000000 0.000000 0.000000 
t: 0.001788321168 start: 246 end: 321 0.000001 0.000000 0.000003 0.000006 0.000010 0.000014 0.000025 0.000031 0.000053 0.000115 0.000171 0.000208 0.000350 0.000606 0.000828 0.001187 0.001625 0.002414 0.003230 0.004493 0.006034 0.007749 0.010102 0.012663 0.015866 0.019225 0.022814 0.027259 0.031344 0.035967 0.040098 0.044646 0.047551 0.050898 0.052769 0.053962 0.053440 0.053107 0.051424 0.048942 0.045424 0.041740 0.037333 0.032984 0.028779 0.024106 0.020282 0.016318 0.013127 0.010114 0.007874 0.005984 0.004493 0.003354 0.002278 0.001566 0.001101 0.000697 0.000461 0.000339 0.000156 0.000123 0.000058 0.000036 0.000020 0.000011 0.000006 0.000004 0.000002 0.000000 0.000000 0.000000 0.000000 0.000000 0.000000 0.000000 
t: 0.001731448763 start: 248 end: 322 0.000001 0.000000 0.000000 0.000005 0.000007 0.000011 0.000022 0.000030 0.000055 0.000096 0.000133 0.000205 0.000297 0.000487 0.000739 0.001009 0.001532 0.002141 0.002875 0.004088 0.005502 0.007233 0.009297 0.011908 0.014843 0.018255 0.021673 0.026029 0.030067 0.034541 0.039002 0.043515 0.046968 0.050121 0.052395 0.054038 0.054368 0.053707 0.051867 0.050032 0.046733 0.042939 0.038378 0.034565 0.029864 0.025075 0.021127 0.017188 0.013726 0.010852 0.008479 0.006378 0.004773 0.003532 0.002353 0.001746 0.001143 0.000758 0.000521 0.000322 0.000198 0.000096 0.000071 0.000040 0.000020 0.000013 0.000010 0.000004 0.000000 0.000002 0.000000 0.000000 0.000000 0.000000 0.000000 
t: 0.001678082192 start: 251 end: 326 0.000001 0.000000 0.000004 0.000007 0.000005 0.000016 0.000036 0.000044 0.000080 0.000108 0.000195 0.000263 0.000449 0.000639 0.000981 0.001351 0.001965 0.002776 0.003786 0.005160 0.006685 0.008830 0.011336 0.014047 0.017638 0.021140 0.025255 0.029171 0.034126 0.038563 0.042662 0.046470 0.049920 0.052514 0.054033 0.054313 0.054316 0.052931 0.050292 0.047450 0.043741 0.039624 0.034766 0.030717 0.025756 0.021570 0.017520 0.014347 0.011057 0.008748 0.006661 0.004926 0.003445 0.002518 0.001719 0.001186 0.000834 0.000525 0.000314 0.000202 0.000100 0.000079 0.000031 0.000022 0.000024 0.000006 0.000001 0.000002 0.000001 0.000000 0.000000 0.000000 0.000000 0.000000 0.000000 0.000000 
t: 0.001627906977 start: 254 end: 329 0.000001 0.000006 0.000009 0.000005 0.000011 0.000026 0.000045 0.000073 0.000107 0.000189 0.000237 0.000408 0.000600 0.000915 0.001335 0.001910 0.002659 0.003571 0.004945 0.006441 0.008571 0.010929 0.014096 0.017095 0.020965 0.024902 0.029356 0.033541 0.038130 0.042377 0.046457 0.049659 0.052555 0.053935 0.054880 0.054775 0.053573 0.050506 0.048057 0.044008 0.039967 0.034979 0.030706 0.025997 0.021781 0.017917 0.014371 0.011309 0.008739 0.006607 0.004827 0.003501 0.002449 0.001734 0.001226 0.000770 0.000478 0.000328 0.000198 0.000094 0.000075 0.000036 0.000029 0.000010 0.000008 0.000002 0.000001 0.000001 0.000000 0.000000 0.000000 0.000000 0.000000 0.000000 0.000000 0.000000 
t: 0.001580645161 start: 256 end: 331 0.000002 0.000003 0.000007 0.000009 0.000013 0.000027 0.000040 0.000079 0.000109 0.000145 0.000275 0.000385 0.000613 0.000915 0.001287 0.001838 0.002684 0.003583 0.004743 0.006568 0.008543 0.010845 0.014036 0.016947 0.020811 0.025218 0.029482 0.033903 0.037974 0.042805 0.046568 0.049561 0.052698 0.054688 0.054936 0.055257 0.053364 0.051193 0.047759 0.044344 0.039720 0.035168 0.030315 0.025914 0.021622 0.017675 0.014248 0.011170 0.008438 0.006261 0.004716 0.003398 0.002399 0.001659 0.001080 0.000797 0.000465 0.000285 0.000165 0.000092 0.000078 0.000032 0.000024 0.000011 0.000007 0.000002 0.000001 0.000001 0.000000 0.000000 0.000000 0.000000 0.000000 0.000000 0.000000 0.000000 
t: 0.001536050157 start: 257 end: 330 0.000002 0.000000 0.000001 0.000008 0.000011 0.000016 0.000022 0.000048 0.000081 0.000100 0.000162 0.000269 0.000408 0.000606 0.000917 0.001292 0.001844 0.002724 0.003667 0.004967 0.006609 0.008528 0.011130 0.013994 0.017496 0.021354 0.025367 0.030003 0.034572 0.038976 0.043024 0.046879 0.050547 0.053325 0.054416 0.055469 0.054907 0.053570 0.051527 0.047783 0.043353 0.039375 0.034662 0.029748 0.025507 0.020958 0.017299 0.013692 0.010533 0.008069 0.006123 0.004404 0.003216 0.002218 0.001508 0.000993 0.000712 0.000386 0.000229 0.000181 0.000090 0.000066 0.000023 0.000017 0.000009 0.000005 0.000000 0.000003 0.000000 0.000000 0.000000 0.000000 0.000000 0.000000 
t: 0.001493902439 start: 259 end: 333 0.000001 0.000000 0.000002 0.000006 0.000009 0.000017 0.000030 0.000061 0.000051 0.000109 0.000181 0.000256 0.000458 0.000675 0.000954 0.001342 0.001966 0.002697 0.003795 0.005209 0.006842 0.008963 0.011684 0.014419 0.018182 0.021778 0.026255 0.030841 0.035265 0.040018 0.044114 0.047824 0.051406 0.053511 0.055105 0.055683 0.055306 0.053436 0.050913 0.047069 0.043056 0.038353 0.033439 0.029306 0.024438 0.020100 0.016276 0.012803 0.009942 0.007553 0.005707 0.004117 0.002831 0.001980 0.001318 0.000898 0.000566 0.000357 0.000214 0.000142 0.000078 0.000043 0.000024 0.000011 0.000009 0.000002 0.000003 0.000001 0.000000 0.000000 0.000000 0.000000 0.000000 0.000000 0.000000 
t: 0.001454005935 start: 259 end: 333 0.000001 0.000000 0.000000 0.000001 0.000005 0.000007 0.000007 0.000023 0.000023 0.000050 0.000084 0.000120 0.000176 0.000292 0.000477 0.000764 0.000977 0.001473 0.002074 0.002950 0.004063 0.005556 0.007136 0.009609 0.012217 0.015265 0.018932 0.023037 0.027652 0.032008 0.036476 0.041038 0.045430 0.048861 0.052046 0.054407 0.055911 0.056172 0.055153 0.053166 0.049840 0.045973 0.041888 0.037360 0.032629 0.027723 0.023052 0.018577 0.015311 0.011949 0.009192 0.006864 0.005121 0.003583 0.002486 0.001755 0.001110 0.000739 0.000485 0.000316 0.000186 0.000096 0.000060 0.000033 0.000014 0.000007 0.000005 0.000006 0.000001 0.000000 0.000000 0.000000 0.000000 0.000000 0.000000 
t: 0.001416184971 start: 260 end: 335 0.000001 0.000000 0.000001 0.000001 0.000004 0.000001 0.000005 0.000011 0.000024 0.000031 0.000052 0.000090 0.000116 0.000213 0.000333 0.000543 0.000718 0.001113 0.001625 0.002346 0.003223 0.004503 0.005931 0.007983 0.010226 0.012890 0.016480 0.020109 0.024533 0.029050 0.033449 0.038292 0.043252 0.046673 0.049942 0.053254 0.055233 0.056230 0.055932 0.054990 0.052436 0.048856 0.044783 0.040660 0.035879 0.030597 0.025970 0.021571 0.017268 0.013946 0.010826 0.008248 0.006089 0.004317 0.003122 0.002019 0.001482 0.000953 0.000644 0.000367 0.000277 0.000126 0.000071 0.000047 0.000015 0.000012 0.000010 0.000005 0.000001 0.000000 0.000000 0.000000 0.000000 0.000000 0.000000 0.000000 
t: 0.001380281690 start: 264 end: 338 0.000001 0.000002 0.000001 0.000006 0.000006 0.000012 0.000028 0.000043 0.000057 0.000073 0.000136 0.000244 0.000383 0.000596 0.000832 0.001268 0.001869 0.002619 0.003679 0.004918 0.006575 0.008666 0.011238 0.014138 0.017840 0.021770 0.026318 0.030936 0.035284 0.040544 0.044581 0.048199 0.051584 0.054568 0.056274 0.056655 0.055837 0.054322 0.050822 0.047651 0.043368 0.038660 0.033750 0.028863 0.024008 0.019664 0.015814 0.012409 0.009442 0.007110 0.005231 0.003647 0.002590 0.001726 0.001207 0.000774 0.000443 0.000323 0.000175 0.000093 0.000058 0.000032 0.000014 0.000015 0.000005 0.000003 0.000001 0.000000 0.000000 0.000000 0.000000 0.000000 0.000000 0.000000 0.000000 
t: 0.001346153846 start: 264 end: 338 0.000001 0.000000 0.000001 0.000001 0.000002 0.000001 0.000011 0.000023 0.000026 0.000039 0.000071 0.000098 0.000175 0.000269 0.000472 0.000659 0.000999 0.001485 0.002197 0.003016 0.004024 0.005512 0.007519 0.009768 0.012258 0.015728 0.019537 0.023828 0.028178 0.033056 0.038025 0.042091 0.046545 0.050359 0.053515 0.055506 0.057193 0.056775 0.055365 0.053044 0.049821 0.045949 0.041206 0.036449 0.031082 0.026528 0.021693 0.017676 0.013966 0.010916 0.008214 0.005974 0.004216 0.003093 0.002125 0.001410 0.000870 0.000552 0.000389 0.000221 0.000129 0.000064 0.000038 0.000021 0.000018 0.000003 0.000003 0.000002 0.000000 0.000000 0.000000 0.000000 0.000000 0.000000 0.000000 
t: 0.001313672922 start: 266 end: 339 0.000001 0.000000 0.000001 0.000001 0.000003 0.000004 0.000016 0.000017 0.000044 0.000039 0.000083 0.000140 0.000213 0.000339 0.000522 0.000788 0.001259 0.001763 0.002517 0.003473 0.004798 0.006397 0.008430 0.010887 0.014062 0.017558 0.021576 0.026059 0.030727 0.035907 0.039978 0.044949 0.048647 0.052411 0.055205 0.056719 0.057113 0.056408 0.054605 0.051837 0.048045 0.043453 0.038422 0.033876 0.028580 0.023875 0.019322 0.015498 0.012127 0.009241 0.006840 0.004904 0.003479 0.002499 0.001560 0.001100 0.000654 0.000428 0.000261 0.000155 0.000075 0.000055 0.000028 0.000013 0.000009 0.000004 0.000000 0.000000 0.000001 0.000000 0.000000 0.000000 0.000000 0.000000 
t: 0.001282722513 start: 269 end: 342 0.000001 0.000002 0.000004 0.000006 0.000004 0.000017 0.000033 0.000030 0.000059 0.000115 0.000174 0.000254 0.000433 0.000646 0.001000 0.001488 0.002133 0.002981 0.004087 0.005532 0.007540 0.009813 0.012482 0.015992 0.019618 0.024048 0.028654 0.033577 0.038688 0.043039 0.047578 0.051138 0.054400 0.056349 0.057266 0.057022 0.055910 0.053288 0.049821 0.045481 0.040608 0.035727 0.030913 0.025701 0.020930 0.016943 0.013352 0.010284 0.007565 0.005517 0.004009 0.002703 0.001880 0.001195 0.000779 0.000525 0.000267 0.000173 0.000098 0.000063 0.000031 0.000018 0.000007 0.000006 0.000002 0.000001 0.000000 0.000000 0.000000 0.000000 0.000000 0.000000 0.000000 0.000000 
t: 0.001253196931 start: 270 end: 343 0.000002 0.000002 0.000002 0.000003 0.000005 0.000012 0.000019 0.000036 0.000047 0.000078 0.000146 0.000232 0.000355 0.000526 0.000788 0.001257 0.001824 0.002605 0.003523 0.004945 0.006658 0.008689 0.011427 0.014532 0.018039 0.022442 0.027008 0.031916 0.036599 0.041412 0.046352 0.050328 0.053369 0.055946 0.057735 0.057456 0.056705 0.054416 0.051327 0.047156 0.042696 0.037655 0.032466 0.027185 0.022730 0.018242 0.014473 0.011221 0.008438 0.005947 0.004463 0.002951 0.002096 0.001327 0.000849 0.000547 0.000353 0.000178 0.000122 0.000071 0.000035 0.000015 0.000007 0.000011 0.000002 0.000001 0.000000 0.000000 0.000000 0.000000 0.000000 0.000000 0.000000 0.000000 
t: 0.001225000000 start: 270 end: 343 0.000001 0.000000 0.000000 0.000003 0.000004 0.000003 0.000008 0.000010 0.000027 0.000045 0.000073 0.000107 0.000179 0.000296 0.000411 0.000704 0.001077 0.001623 0.002241 0.003119 0.004487 0.005880 0.007910 0.010450 0.013400 0.016876 0.020718 0.025505 0.030238 0.034942 0.040304 0.045253 0.049139 0.052463 0.055794 0.057400 0.058160 0.057089 0.055596 0.052825 0.049071 0.043747 0.039106 0.034180 0.028813 0.023904 0.019450 0.015496 0.012011 0.008981 0.006753 0.004678 0.003314 0.002235 0.001481 0.000935 0.000606 0.000389 0.000200 0.000150 0.000067 0.000034 0.000014 0.000012 0.000007 0.000003 0.000002 0.000001 0.000000 0.000000 0.000000 0.000000 0.000000 0.000000 
t: 0.001198044010 start: 272 end: 344 0.000001 0.000000 0.000003 0.000002 0.000003 0.000005 0.000012 0.000018 0.000040 0.000059 0.000087 0.000159 0.000238 0.000391 0.000602 0.000935 0.001346 0.002024 0.002901 0.003874 0.005492 0.007302 0.009599 0.012428 0.015757 0.019659 0.023907 0.028806 0.033929 0.038860 0.043679 0.048287 0.052356 0.055159 0.057357 0.058374 0.057948 0.056414 0.053791 0.050167 0.045197 0.040691 0.035529 0.030153 0.024949 0.020512 0.016332 0.012762 0.009626 0.007093 0.004947 0.003546 0.002485 0.001572 0.001030 0.000651 0.000402 0.000253 0.000135 0.000078 0.000043 0.000015 0.000015 0.000006 0.000003 0.000004 0.000000 0.000000 0.000000 0.000000 0.000000 0.000000 0.000000 
t: 0.001172248804 start: 275 end: 347 0.000002 0.000003 0.000003 0.000004 0.000011 0.000016 0.000026 0.000053 0.000080 0.000143 0.000194 0.000349 0.000552 0.000761 0.001196 0.001812 0.002562 0.003664 0.005025 0.006782 0.008912 0.011484 0.014910 0.018634 0.023093 0.027622 0.032617 0.037653 0.042754 0.047745 0.051438 0.054636 0.057497 0.058242 0.059006 0.057058 0.054589 0.051283 0.046455 0.041852 0.036535 0.031348 0.026274 0.021193 0.017309 0.013285 0.009845 0.007312 0.005381 0.003858 0.002512 0.001646 0.001072 0.000706 0.000419 0.000251 0.000156 0.000096 0.000039 0.000022 0.000009 0.000006 0.000006 0.000001 0.000001 0.000000 0.000000 0.000000 0.000000 0.000000 0.000000 0.000000 0.000000 
t: 0.001147540984 start: 276 end: 347 0.000001 0.000002 0.000004 0.000003 0.000007 0.000011 0.000031 0.000045 0.000071 0.000113 0.000190 0.000311 0.000457 0.000709 0.001074 0.001667 0.002343 0.003289 0.004764 0.006343 0.008351 0.011012 0.014081 0.017908 0.022167 0.026507 0.031824 0.036690 0.042212 0.046942 0.051011 0.054523 0.056986 0.058701 0.058916 0.057936 0.055472 0.051941 0.047604 0.042861 0.037530 0.032090 0.026940 0.022108 0.017766 0.013761 0.010389 0.007611 0.005508 0.003990 0.002597 0.001724 0.001126 0.000742 0.000453 0.000244 0.000158 0.000085 0.000054 0.000016 0.000017 0.000005 0.000001 0.000005 0.000000 0.000000 0.000000 0.000000 0.000000 0.000000 0.000000 0.000000 
t: 0.001123853211 start: 277 end: 348 0.000001 0.000001 0.000002 0.000004 0.000003 0.000012 0.000022 0.000050 0.000059 0.000097 0.000176 0.000268 0.000436 0.000621 0.001040 0.001463 0.002201 0.003059 0.004340 0.006125 0.007957 0.010450 0.013607 0.017277 0.021291 0.026079 0.030845 0.036312 0.041364 0.046187 0.050716 0.054631 0.057204 0.058737 0.059068 0.058201 0.056097 0.052595 0.048556 0.043573 0.038393 0.032734 0.027761 0.022562 0.018076 0.014090 0.010670 0.007786 0.005856 0.003961 0.002651 0.001836 0.001126 0.000749 0.000429 0.000253 0.000159 0.000074 0.000051 0.000034 0.000012 0.000005 0.000002 0.000003 0.000000 0.000000 0.000000 0.000000 0.000000 0.000000 0.000000 0.000000 
t: 0.001101123596 start: 279 end: 348 0.000003 0.000001 0.000002 0.000004 0.000013 0.000027 0.000025 0.000064 0.000096 0.000167 0.000238 0.000370 0.000625 0.000945 0.001455 0.001983 0.002898 0.004112 0.005789 0.007654 0.010110 0.013085 0.016742 0.020998 0.025359 0.030450 0.035808 0.040831 0.045620 0.050369 0.054564 0.057305 0.059293 0.059408 0.058642 0.056841 0.053030 0.048919 0.043883 0.039263 0.033322 0.028071 0.022899 0.018336 0.014303 0.010692 0.008034 0.005873 0.004056 0.002713 0.001798 0.001157 0.000757 0.000426 0.000247 0.000152 0.000067 0.000049 0.000031 0.000015 0.000005 0.000006 0.000000 0.000000 0.000000 0.000000 0.000000 0.000000 0.000000 0.000000 
t: 0.001079295154 start: 279 end: 349 0.000002 0.000001 0.000001 0.000000 0.000004 0.000012 0.000012 0.000039 0.000059 0.000068 0.000127 0.000267 0.000358 0.000592 0.000920 0.001347 0.001899 0.002793 0.003901 0.005555 0.007325 0.009894 0.012733 0.016297 0.020459 0.025384 0.030060 0.035693 0.040423 0.045425 0.050247 0.054347 0.057613 0.059198 0.060056 0.058718 0.057047 0.053982 0.049237 0.044676 0.039257 0.033632 0.028243 0.023235 0.018590 0.014241 0.010766 0.008056 0.005823 0.004062 0.002705 0.001730 0.001155 0.000743 0.000450 0.000230 0.000131 0.000083 0.000051 0.000026 0.000010 0.000007 0.000002 0.000000 0.000001 0.000000 0.000000 0.000000 0.000000 0.000000 0.000000 
t: 0.001058315335 start: 279 end: 351 0.000001 0.000001 0.000002 0.000000 0.000001 0.000006 0.000006 0.000012 0.000035 0.000040 0.000078 0.000139 0.000211 0.000356 0.000575 0.000892 0.001227 0.001904 0.002619 0.003877 0.005295 0.007273 0.009522 0.012575 0.016231 0.020186 0.025013 0.030146 0.035242 0.040131 0.045945 0.050363 0.054375 0.057512 0.059359 0.060455 0.058992 0.057540 0.054164 0.049647 0.045009 0.039183 0.034167 0.028034 0.023396 0.018373 0.014195 0.010806 0.008101 0.005751 0.003934 0.002660 0.001674 0.001096 0.000698 0.000450 0.000248 0.000123 0.000067 0.000045 0.000018 0.000017 0.000003 0.000002 0.000001 0.000001 0.000000 0.000000 0.000000 0.000000 0.000000 0.000000 0.000000 
t: 0.001038135593 start: 279 end: 352 0.000001 0.000000 0.000001 0.000001 0.000001 0.000001 0.000004 0.000003 0.000020 0.000025 0.000030 0.000085 0.000113 0.000216 0.000353 0.000547 0.000822 0.001231 0.001800 0.002699 0.003760 0.005292 0.007044 0.009397 0.012462 0.016131 0.020166 0.024952 0.030052 0.035179 0.040425 0.046113 0.050470 0.054707 0.057326 0.060013 0.060431 0.059734 0.057676 0.054375 0.049857 0.044835 0.039574 0.033712 0.028105 0.023017 0.018253 0.014212 0.010756 0.007709 0.005691 0.003840 0.002491 0.001687 0.001040 0.000664 0.000405 0.000242 0.000113 0.000069 0.000032 0.000020 0.000010 0.000004 0.000002 0.000001 0.000001 0.000000 0.000000 0.000000 0.000000 0.000000 0.000000 0.000000 
t: 0.001018711019 start: 281 end: 351 0.000001 0.000001 0.000000 0.000001 0.000004 0.000001 0.000007 0.000014 0.000024 0.000044 0.000071 0.000130 0.000206 0.000330 0.000514 0.000828 0.001194 0.001820 0.002656 0.003747 0.005175 0.007037 0.009429 0.012518 0.016073 0.020436 0.025093 0.029893 0.035458 0.040779 0.045899 0.050874 0.055235 0.058182 0.059870 0.060903 0.059817 0.057796 0.054221 0.049927 0.045190 0.039065 0.033447 0.027908 0.022604 0.018210 0.013922 0.010312 0.007665 0.005331 0.003697 0.002422 0.001552 0.001030 0.000609 0.000390 0.000192 0.000134 0.000050 0.000031 0.000015 0.000008 0.000005 0.000000 0.000003 0.000000 0.000000 0.000000 0.000000 0.000000 0.000000 
t: 0.001000000000 start: 281 end: 351 0.000001 0.000000 0.000001 0.000000 0.000004 0.000000 0.000003 0.000010 0.000008 0.000024 0.000047 0.000069 0.000130 0.000194 0.000328 0.000542 0.000813 0.001160 0.001824 0.002623 0.003718 0.005118 0.007140 0.009668 0.012607 0.016228 0.020781 0.025240 0.030175 0.035453 0.041178 0.046645 0.051387 0.055573 0.058470 0.060715 0.060727 0.060232 0.057399 0.054268 0.050243 0.044590 0.038813 0.033252 0.027342 0.022160 0.017741 0.013464 0.010016 0.007096 0.005266 0.003489 0.002245 0.001511 0.000940 0.000581 0.000343 0.000211 0.000102 0.000035 0.000027 0.000014 0.000008 0.000003 0.000004 0.000001 0.000000 0.000000 0.000000 0.000000 0.000000 
