t: 0.059999999999 start: 8 end: 37 0.000006 0.000041 0.000268 0.001326 0.004989 0.015201 0.036932 0.072876 0.117937 0.156822 0.172116 0.157837 0.119543 0.076301 0.040703 0.017779 0.006579 0.002085 0.000520 0.000117 0.000019 0.000003 0.000000 0.000000 0.000000 0.000000 0.000000 0.000000 0.000000 0.000000 
t: 0.054545454544 start: 8 end: 38 0.000001 0.000008 0.000068 0.000409 0.001810 0.006201 0.017987 0.041183 0.078198 0.121484 0.157095 0.169801 0.152021 0.115948 0.073096 0.038712 0.016998 0.006325 0.001969 0.000546 0.000115 0.000021 0.000004 0.000000 0.000000 0.000000 0.000000 0.000000 0.000000 0.000000 0.000000 
t: 0.049999999999 start: 9 end: 38 0.000003 0.000015 0.000134 0.000672 0.002583 0.008249 0.021965 0.047745 0.085966 0.128256 0.159302 0.166557 0.146456 0.107979 0.066340 0.034986 0.014977 0.005520 0.001745 0.000435 0.000089 0.000023 0.000003 0.000000 0.000000 0.000000 0.000000 0.000000 0.000000 0.000000 
t: 0.046153846153 start: 10 end: 38 0.000005 0.000046 0.000228 0.001057 0.003818 0.011212 0.027932 0.056944 0.096503 0.136389 0.162272 0.162522 0.137393 0.097500 0.058329 0.029375 0.012329 0.004466 0.001277 0.000314 0.000075 0.000013 0.000001 0.000000 0.000000 0.000000 0.000000 0.000000 0.000000 
t: 0.042857142857 start: 10 end: 38 0.000002 0.000012 0.000094 0.000404 0.001761 0.005758 0.015595 0.035858 0.068676 0.108732 0.145945 0.164228 0.156328 0.125459 0.085568 0.048713 0.023294 0.009254 0.003157 0.000898 0.000210 0.000047 0.000007 0.000000 0.000000 0.000000 0.000000 0.000000 0.000000 
t: 0.040000000000 start: 10 end: 38 0.000002 0.000006 0.000029 0.000185 0.000740 0.002943 0.008604 0.022091 0.046540 0.082461 0.122869 0.154458 0.163740 0.146621 0.111773 0.071870 0.038529 0.017179 0.006550 0.002104 0.000550 0.000138 0.000017 0.000001 0.000000 0.000000 0.000000 0.000000 0.000000 
t: 0.037500000000 start: 10 end: 38 0.000001 0.000002 0.000011 0.000081 0.000336 0.001428 0.004704 0.013451 0.030701 0.059792 0.098909 0.137292 0.160740 0.158988 0.134168 0.095677 0.057107 0.028757 0.011916 0.004309 0.001247 0.000315 0.000061 0.000007 0.000000 0.000000 0.000000 0.000000 0.000000 
t: 0.035294117647 start: 10 end: 38 0.000001 0.000000 0.000006 0.000027 0.000162 0.000707 0.002588 0.007975 0.019678 0.042659 0.076390 0.116773 0.149604 0.163345 0.150319 0.118078 0.077458 0.043030 0.019992 0.007845 0.002523 0.000681 0.000133 0.000022 0.000004 0.000000 0.000000 0.000000 0.000000 
t: 0.033333333333 start: 11 end: 38 0.000001 0.000003 0.000009 0.000077 0.000380 0.001395 0.004633 0.012740 0.029584 0.057417 0.096541 0.133730 0.159074 0.159846 0.136653 0.098551 0.059447 0.030566 0.013001 0.004670 0.001329 0.000289 0.000053 0.000011 0.000000 0.000000 0.000000 0.000000 
t: 0.031578947368 start: 11 end: 38 0.000001 0.000002 0.000004 0.000033 0.000177 0.000790 0.002699 0.008038 0.020349 0.042932 0.076757 0.116186 0.149316 0.163259 0.150017 0.117958 0.077623 0.042982 0.019886 0.007806 0.002431 0.000621 0.000102 0.000029 0.000002 0.000000 0.000000 0.000000 
t: 0.030000000000 start: 12 end: 38 0.000001 0.000003 0.000012 0.000091 0.000418 0.001591 0.005024 0.013871 0.031254 0.060259 0.098332 0.136212 0.159871 0.159053 0.134536 0.095559 0.057571 0.028714 0.012008 0.004214 0.001130 0.000227 0.000042 0.000005 0.000002 0.000000 0.000000 
t: 0.028571428571 start: 13 end: 38 0.000004 0.000007 0.000043 0.000245 0.000921 0.003198 0.009276 0.022578 0.046615 0.081815 0.120704 0.152393 0.162780 0.147823 0.112610 0.072893 0.039330 0.017695 0.006543 0.001984 0.000450 0.000077 0.000014 0.000002 0.000000 0.000000 
t: 0.027272727273 start: 13 end: 38 0.000002 0.000003 0.000024 0.000140 0.000541 0.002055 0.006252 0.016105 0.035680 0.066485 0.105084 0.141938 0.161567 0.157059 0.128961 0.088257 0.051239 0.024671 0.009818 0.003118 0.000824 0.000147 0.000027 0.000003 0.000000 0.000000 
t: 0.026086956522 start: 13 end: 38 0.000001 0.000003 0.000011 0.000079 0.000338 0.001306 0.004163 0.011525 0.027083 0.053500 0.089936 0.129406 0.157035 0.162115 0.142293 0.103832 0.064110 0.033003 0.013890 0.004706 0.001360 0.000253 0.000048 0.000003 0.000001 0.000000 
t: 0.025000000000 start: 14 end: 38 0.000004 0.000005 0.000041 0.000198 0.000818 0.002833 0.008187 0.020409 0.042683 0.075883 0.115705 0.149854 0.163826 0.152352 0.118601 0.077822 0.042308 0.019052 0.006832 0.002040 0.000462 0.000078 0.000006 0.000001 0.000000 
t: 0.024000000000 start: 14 end: 38 0.000002 0.000004 0.000019 0.000130 0.000500 0.001901 0.005885 0.015268 0.033686 0.063693 0.102376 0.139811 0.162402 0.159242 0.132042 0.091718 0.052732 0.025172 0.009460 0.003060 0.000761 0.000124 0.000011 0.000001 0.000000 
t: 0.023076923077 start: 14 end: 38 0.000001 0.000002 0.000009 0.000079 0.000333 0.001262 0.004154 0.011398 0.026526 0.052877 0.089259 0.129375 0.158069 0.163473 0.143084 0.105267 0.063941 0.032262 0.012977 0.004309 0.001122 0.000197 0.000022 0.000002 0.000000 
t: 0.022222222222 start: 14 end: 38 0.000001 0.000001 0.000006 0.000045 0.000222 0.000854 0.002939 0.008511 0.020698 0.043469 0.077764 0.117638 0.151267 0.165598 0.151750 0.118422 0.075630 0.040193 0.017111 0.005917 0.001616 0.000303 0.000038 0.000006 0.000001 
t: 0.021428571428 start: 15 end: 38 0.000001 0.000004 0.000030 0.000135 0.000589 0.002146 0.006308 0.016117 0.035671 0.066897 0.105972 0.143621 0.164460 0.158798 0.129911 0.087785 0.048593 0.022138 0.007997 0.002293 0.000465 0.000059 0.000009 0.000001 
t: 0.020689655172 start: 16 end: 38 0.000003 0.000022 0.000080 0.000384 0.001559 0.004701 0.012683 0.029095 0.057081 0.094930 0.134450 0.161323 0.164212 0.140039 0.099482 0.057894 0.027675 0.010453 0.003132 0.000691 0.000098 0.000012 0.000001 
t: 0.020000000000 start: 16 end: 38 0.000003 0.000013 0.000047 0.000266 0.001067 0.003572 0.009832 0.023699 0.048752 0.084241 0.124827 0.156797 0.166943 0.149247 0.110530 0.067517 0.033812 0.013557 0.004138 0.000962 0.000162 0.000014 0.000002 
t: 0.019354838710 start: 16 end: 38 0.000001 0.000008 0.000035 0.000163 0.000751 0.002637 0.007784 0.019151 0.041256 0.074428 0.115063 0.151176 0.167555 0.156454 0.121585 0.077380 0.040522 0.017103 0.005363 0.001329 0.000238 0.000016 0.000002 
t: 0.018750000000 start: 17 end: 38 0.000005 0.000020 0.000115 0.000550 0.001893 0.006096 0.015575 0.034786 0.065502 0.105273 0.144360 0.166638 0.162275 0.131622 0.087423 0.047837 0.020911 0.006980 0.001777 0.000327 0.000033 0.000002 
t: 0.018181818182 start: 17 end: 38 0.000003 0.000015 0.000080 0.000373 0.001429 0.004744 0.012647 0.029092 0.057406 0.095877 0.136977 0.164163 0.166966 0.140344 0.097704 0.055329 0.025246 0.008739 0.002360 0.000457 0.000046 0.000003 
t: 0.017647058823 start: 18 end: 38 0.000010 0.000056 0.000268 0.001059 0.003661 0.010266 0.024459 0.050272 0.086570 0.129123 0.160497 0.169754 0.148693 0.107272 0.063542 0.029987 0.010833 0.003003 0.000613 0.000058 0.000004 
t: 0.017142857143 start: 18 end: 38 0.000006 0.000041 0.000191 0.000824 0.002773 0.008282 0.020603 0.043620 0.078301 0.120765 0.156029 0.171154 0.155756 0.116818 0.071696 0.035268 0.013216 0.003764 0.000805 0.000081 0.000007 
t: 0.016666666667 start: 18 end: 38 0.000004 0.000029 0.000151 0.000592 0.002161 0.006671 0.017285 0.037905 0.070504 0.112479 0.150365 0.171045 0.162240 0.125634 0.080340 0.040712 0.016022 0.004700 0.001038 0.000115 0.000008 
t: 0.016216216216 start: 19 end: 38 0.000025 0.000108 0.000459 0.001678 0.005377 0.014585 0.032623 0.063345 0.104337 0.144490 0.170170 0.167018 0.134207 0.088674 0.046543 0.019084 0.005793 0.001307 0.000167 0.000010 
t: 0.015789473684 start: 19 end: 38 0.000018 0.000074 0.000350 0.001310 0.004356 0.012061 0.028356 0.056800 0.096505 0.138129 0.168104 0.170678 0.142148 0.097050 0.052697 0.022409 0.007067 0.001658 0.000217 0.000013 
t: 0.015384615385 start: 19 end: 38 0.000012 0.000053 0.000264 0.001033 0.003506 0.010085 0.024463 0.050666 0.089087 0.131380 0.165146 0.173462 0.149577 0.105274 0.059279 0.025874 0.008495 0.002038 0.000284 0.000022 
t: 0.015000000000 start: 19 end: 38 0.000007 0.000046 0.000203 0.000805 0.002840 0.008392 0.021087 0.045337 0.081843 0.124594 0.161573 0.174873 0.156213 0.113435 0.065944 0.029742 0.010204 0.002482 0.000352 0.000028 
t: 0.014634146341 start: 19 end: 38 0.000005 0.000037 0.000149 0.000626 0.002352 0.006959 0.018249 0.040204 0.075140 0.117869 0.157384 0.175480 0.162077 0.121338 0.072719 0.033969 0.011985 0.002979 0.000448 0.000031 
t: 0.014285714286 start: 19 end: 38 0.000003 0.000027 0.000112 0.000496 0.001911 0.005897 0.015655 0.035671 0.068777 0.111176 0.152583 0.175413 0.167089 0.128978 0.079712 0.038350 0.013987 0.003555 0.000570 0.000038 
t: 0.013953488372 start: 19 end: 38 0.000002 0.000020 0.000089 0.000399 0.001552 0.004886 0.013519 0.031621 0.062656 0.104757 0.147569 0.174611 0.171153 0.136074 0.086806 0.043153 0.016155 0.004243 0.000683 0.000052 
t: 0.013636363636 start: 19 end: 38 0.000002 0.000014 0.000073 0.000302 0.001307 0.004068 0.011678 0.027869 0.057076 0.098340 0.142368 0.173255 0.174460 0.142938 0.093754 0.048041 0.018529 0.005048 0.000811 0.000067 
t: 0.013333333333 start: 19 end: 38 0.000002 0.000009 0.000052 0.000246 0.001044 0.003507 0.009981 0.024650 0.051996 0.092017 0.136653 0.171356 0.176915 0.149716 0.100893 0.053008 0.021031 0.005854 0.000990 0.000080 
t: 0.013043478261 start: 19 end: 38 0.000001 0.000009 0.000033 0.000217 0.000859 0.002958 0.008604 0.021788 0.047280 0.085925 0.130933 0.168782 0.179067 0.155890 0.107663 0.058167 0.023796 0.006727 0.001201 0.000100 
t: 0.012765957447 start: 19 end: 38 0.000001 0.000006 0.000026 0.000162 0.000689 0.002537 0.007424 0.019254 0.042859 0.080144 0.125395 0.165815 0.180199 0.161640 0.114270 0.063618 0.026672 0.007734 0.001432 0.000123 
t: 0.012500000000 start: 19 end: 38 0.000001 0.000006 0.000015 0.000129 0.000561 0.002132 0.006517 0.016885 0.038969 0.074599 0.120202 0.161813 0.181101 0.166463 0.121189 0.069065 0.029707 0.008783 0.001708 0.000155 
t: 0.012244897959 start: 19 end: 38 0.000001 0.000003 0.000017 0.000101 0.000455 0.001802 0.005643 0.014977 0.035193 0.069555 0.114390 0.158099 0.181518 0.170801 0.127608 0.074835 0.032898 0.009899 0.002026 0.000179 
t: 0.012000000000 start: 20 end: 38 0.000003 0.000016 0.000075 0.000379 0.001529 0.004870 0.013292 0.031963 0.064584 0.108689 0.154085 0.181305 0.174974 0.133806 0.080345 0.036360 0.011170 0.002340 0.000215 
t: 0.011764705882 start: 20 end: 38 0.000002 0.000012 0.000068 0.000311 0.001320 0.004150 0.011766 0.028978 0.059885 0.103374 0.150048 0.180531 0.178145 0.139975 0.085937 0.039962 0.012614 0.002668 0.000254 
t: 0.011538461538 start: 20 end: 38 0.000002 0.000010 0.000064 0.000248 0.001110 0.003595 0.010391 0.026204 0.055587 0.098091 0.145541 0.179637 0.181085 0.145477 0.091795 0.043720 0.014091 0.003066 0.000286 
t: 0.011320754717 start: 20 end: 38 0.000002 0.000006 0.000055 0.000205 0.000937 0.003111 0.009271 0.023630 0.051561 0.092903 0.141097 0.178225 0.183242 0.151221 0.097531 0.047540 0.015629 0.003486 0.000348 
t: 0.011111111111 start: 20 end: 38 0.000002 0.000006 0.000051 0.000161 0.000773 0.002774 0.008164 0.021424 0.047609 0.088177 0.136166 0.176296 0.185588 0.156498 0.103160 0.051380 0.017464 0.003917 0.000390 
t: 0.010909090909 start: 20 end: 38 0.000002 0.000005 0.000037 0.000143 0.000643 0.002426 0.007243 0.019388 0.043920 0.083504 0.131553 0.174059 0.187161 0.161486 0.108919 0.055288 0.019360 0.004388 0.000475 
t: 0.010714285714 start: 20 end: 38 0.000002 0.000004 0.000033 0.000124 0.000546 0.002079 0.006444 0.017621 0.040515 0.078875 0.127021 0.171324 0.188804 0.165825 0.114694 0.059387 0.021270 0.004902 0.000530 
t: 0.010526315789 start: 20 end: 38 0.000002 0.000004 0.000027 0.000105 0.000461 0.001830 0.005726 0.015940 0.037376 0.074524 0.122372 0.168658 0.189588 0.170454 0.119924 0.063651 0.023300 0.005447 0.000611 
t: 0.010344827586 start: 20 end: 38 0.000002 0.000004 0.000022 0.000085 0.000392 0.001572 0.005140 0.014330 0.034630 0.070137 0.117975 0.165585 0.190366 0.174245 0.125395 0.067921 0.025446 0.006052 0.000701 
t: 0.010169491525 start: 20 end: 38 0.000002 0.000004 0.000018 0.000071 0.000325 0.001358 0.004573 0.012995 0.032107 0.065996 0.113565 0.162290 0.190400 0.178030 0.130797 0.072288 0.027631 0.006765 0.000785 
t: 0.010000000000 start: 20 end: 38 0.000002 0.000004 0.000014 0.000059 0.000285 0.001192 0.004087 0.011727 0.029709 0.062161 0.109031 0.159023 0.190241 0.181647 0.135903 0.076538 0.030018 0.007471 0.000888 
t: 0.008448275866 start: 21 end: 38 0.000002 0.000002 0.000013 0.000049 0.000263 0.001204 0.004124 0.012419 0.031241 0.067281 0.119615 0.172645 0.201560 0.183387 0.124806 0.060454 0.018290 0.002645 
t: 0.007313432839 start: 22 end: 38 0.000001 0.000002 0.000011 0.000066 0.000360 0.001481 0.005426 0.015936 0.039912 0.083257 0.142595 0.195668 0.209353 0.169456 0.096154 0.034433 0.005889 
t: 0.006447368423 start: 22 end: 38 0.000001 0.000001 0.000002 0.000018 0.000106 0.000622 0.002387 0.008302 0.023669 0.056679 0.111641 0.176868 0.217787 0.202831 0.133228 0.054963 0.010895 
t: 0.005764705884 start: 24 end: 38 0.000003 0.000006 0.000031 0.000254 0.001147 0.004412 0.014149 0.038422 0.085700 0.153361 0.213641 0.225115 0.168064 0.078263 0.017432 
t: 0.005212765959 start: 24 end: 38 0.000001 0.000006 0.000009 0.000098 0.000583 0.002473 0.008579 0.026035 0.064979 0.130177 0.201656 0.238255 0.198202 0.103220 0.025727 
t: 0.004757281555 start: 25 end: 38 0.000004 0.000006 0.000046 0.000284 0.001427 0.005374 0.017762 0.049280 0.108708 0.186639 0.242397 0.224017 0.128587 0.035469 
t: 0.004375000001 start: 25 end: 38 0.000002 0.000003 0.000017 0.000150 0.000828 0.003437 0.012371 0.037224 0.090256 0.170080 0.241849 0.243747 0.153914 0.046122 
t: 0.004049586778 start: 25 end: 38 0.000002 0.000002 0.000009 0.000069 0.000499 0.002256 0.008722 0.028347 0.074636 0.153222 0.236963 0.259169 0.178224 0.057880 
t: 0.003769230770 start: 25 end: 38 0.000001 0.000001 0.000005 0.000040 0.000288 0.001551 0.006197 0.021635 0.062014 0.137255 0.228997 0.270468 0.201117 0.070431 
t: 0.003525179857 start: 27 end: 38 0.000003 0.000028 0.000173 0.001053 0.004502 0.016785 0.051377 0.122259 0.219812 0.278377 0.222010 0.083621 
t: 0.003310810811 start: 27 end: 38 0.000003 0.000013 0.000110 0.000742 0.003201 0.013189 0.042800 0.108585 0.209060 0.283748 0.241212 0.097337 
t: 0.003121019109 start: 27 end: 38 0.000002 0.000007 0.000076 0.000486 0.002431 0.010409 0.035709 0.096705 0.198021 0.286025 0.259004 0.111125 
t: 0.002951807229 start: 27 end: 38 0.000001 0.000003 0.000049 0.000345 0.001803 0.008323 0.030013 0.086251 0.186729 0.286491 0.274794 0.125198 
t: 0.002800000000 start: 27 end: 38 0.000001 0.000002 0.000035 0.000258 0.001317 0.006640 0.025286 0.076846 0.175772 0.285169 0.289481 0.139193 
t: 0.002663043479 start: 27 end: 38 0.000001 0.000000 0.000027 0.000181 0.001041 0.005304 0.021367 0.068613 0.165128 0.282440 0.302661 0.153237 
t: 0.002538860104 start: 27 end: 38 0.000001 0.000000 0.000017 0.000133 0.000822 0.004289 0.018130 0.061296 0.155139 0.278729 0.314259 0.167185 
t: 0.002425742574 start: 27 end: 38 0.000001 0.000000 0.000014 0.000091 0.000637 0.003494 0.015503 0.054841 0.145700 0.274181 0.324434 0.181104 
t: 0.002322274882 start: 27 end: 38 0.000001 0.000000 0.000010 0.000062 0.000506 0.002830 0.013370 0.049098 0.136639 0.269281 0.333232 0.194971 
t: 0.002227272727 start: 27 end: 38 0.000001 0.000000 0.000006 0.000046 0.000403 0.002320 0.011521 0.044105 0.128346 0.263713 0.341158 0.208381 
t: 0.002139737991 start: 28 end: 38 0.000001 0.000003 0.000039 0.000313 0.001910 0.010017 0.039583 0.120559 0.257832 0.348191 0.221552 
t: 0.002058823530 start: 30 end: 38 0.000033 0.000248 0.001568 0.008729 0.035730 0.113110 0.251949 0.354157 0.234476 
t: 0.001983805668 start: 30 end: 38 0.000025 0.000200 0.001314 0.007573 0.032279 0.106327 0.245965 0.358987 0.247330 
t: 0.001914062500 start: 30 end: 38 0.000021 0.000164 0.001104 0.006567 0.029261 0.099890 0.239807 0.363395 0.259791 
t: 0.001849056604 start: 30 end: 38 0.000014 0.000133 0.000936 0.005696 0.026629 0.093901 0.233734 0.367092 0.271865 
t: 0.001788321168 start: 30 end: 38 0.000012 0.000106 0.000800 0.004995 0.024174 0.088435 0.227730 0.369989 0.283759 
t: 0.001731448763 start: 30 end: 38 0.000009 0.000087 0.000669 0.004408 0.022031 0.083232 0.221503 0.372648 0.295413 
t: 0.001678082192 start: 30 end: 38 0.000009 0.000078 0.000558 0.003877 0.020130 0.078415 0.215687 0.374460 0.306786 
t: 0.001627906977 start: 30 end: 38 0.000008 0.000065 0.000486 0.003455 0.018397 0.073926 0.210006 0.375855 0.317802 
t: 0.001580645161 start: 30 end: 38 0.000004 0.000055 0.000420 0.003082 0.016881 0.069696 0.204524 0.376894 0.328444 
t: 0.001536050157 start: 30 end: 38 0.000004 0.000042 0.000372 0.002779 0.015514 0.065780 0.199024 0.377406 0.339079 
t: 0.001493902439 start: 30 end: 38 0.000003 0.000035 0.000331 0.002494 0.014197 0.062168 0.193604 0.377924 0.349244 
t: 0.001454005935 start: 30 end: 38 0.000003 0.000032 0.000287 0.002259 0.012972 0.058814 0.188473 0.378016 0.359144 
t: 0.001416184971 start: 30 end: 38 0.000003 0.000029 0.000253 0.002009 0.011919 0.055755 0.183249 0.378006 0.368777 
t: 0.001380281690 start: 30 end: 38 0.000002 0.000025 0.000225 0.001806 0.010984 0.052870 0.178374 0.377376 0.378338 
t: 0.001346153846 start: 31 end: 38 0.000024 0.000200 0.001627 0.010155 0.050137 0.173359 0.377086 0.387412 
t: 0.001313672922 start: 31 end: 38 0.000020 0.000175 0.001481 0.009362 0.047654 0.168720 0.376275 0.396313 
t: 0.001282722513 start: 31 end: 38 0.000019 0.000152 0.001313 0.008675 0.045218 0.164279 0.375129 0.405215 
t: 0.001253196931 start: 31 end: 38 0.000017 0.000131 0.001198 0.008017 0.043029 0.159976 0.373829 0.413803 
t: 0.001225000000 start: 31 end: 38 0.000017 0.000113 0.001082 0.007452 0.040979 0.155639 0.372583 0.422135 
t: 0.001198044010 start: 31 end: 38 0.000015 0.000105 0.000981 0.006931 0.039064 0.151443 0.371132 0.430329 
t: 0.001172248804 start: 31 end: 38 0.000012 0.000097 0.000900 0.006439 0.037257 0.147372 0.369805 0.438118 
t: 0.001147540984 start: 31 end: 38 0.000009 0.000086 0.000835 0.006020 0.035450 0.143500 0.368273 0.445827 
t: 0.001123853211 start: 31 end: 38 0.000007 0.000080 0.000746 0.005651 0.033748 0.139915 0.366489 0.453364 
t: 0.001101123596 start: 31 end: 38 0.000005 0.000074 0.000684 0.005280 0.032197 0.136330 0.364810 0.460620 
t: 0.001079295154 start: 31 end: 38 0.000004 0.000064 0.000625 0.004952 0.030727 0.132978 0.363075 0.467575 
t: 0.001058315335 start: 31 end: 38 0.000004 0.000057 0.000574 0.004608 0.029400 0.129700 0.361078 0.474579 
t: 0.001038135593 start: 31 end: 38 0.000004 0.000049 0.000521 0.004323 0.028160 0.126401 0.359201 0.481341 
t: 0.001018711019 start: 31 end: 38 0.000003 0.000048 0.000481 0.004055 0.026927 0.123292 0.357179 0.488015 
t: 0.001000000000 start: 31 end: 38 0.000002 0.000045 0.000443 0.003826 0.025700 0.120386 0.355129 0.494469 
