t: 0.059999999999 start: 17 end: 56 0.000003 0.000015 0.000060 0.000225 0.000644 0.001935 0.004824 0.010383 0.020419 0.036176 0.057304 0.080439 0.103265 0.118663 0.124227 0.117801 0.102393 0.080683 0.057350 0.037505 0.022306 0.012383 0.006204 0.002880 0.001204 0.000429 0.000189 0.000064 0.000017 0.000007 0.000002 0.000001 0.000000 0.000000 0.000000 0.000000 0.000000 0.000000 0.000000 0.000000 
t: 0.054545454544 start: 19 end: 58 0.000004 0.000012 0.000040 0.000151 0.000482 0.001267 0.003148 0.007069 0.014130 0.025531 0.042161 0.062074 0.084256 0.103793 0.116116 0.118513 0.111136 0.095873 0.075650 0.054929 0.036660 0.022215 0.012637 0.006637 0.003159 0.001445 0.000571 0.000217 0.000077 0.000031 0.000011 0.000005 0.000000 0.000000 0.000000 0.000000 0.000000 0.000000 0.000000 0.000000 
t: 0.049999999999 start: 20 end: 62 0.000001 0.000001 0.000014 0.000042 0.000109 0.000308 0.000902 0.002251 0.004820 0.009910 0.018248 0.031477 0.047867 0.067321 0.088079 0.104149 0.113028 0.113152 0.104743 0.089451 0.070840 0.051764 0.034686 0.021661 0.012468 0.006682 0.003395 0.001523 0.000666 0.000260 0.000128 0.000034 0.000014 0.000005 0.000000 0.000001 0.000000 0.000000 0.000000 0.000000 0.000000 0.000000 0.000000 
t: 0.046153846153 start: 23 end: 67 0.000001 0.000006 0.000024 0.000076 0.000245 0.000642 0.001557 0.003430 0.007323 0.013465 0.023263 0.036853 0.053866 0.073246 0.091051 0.104210 0.110279 0.107979 0.098830 0.083127 0.065354 0.047622 0.032446 0.020418 0.011773 0.006653 0.003384 0.001618 0.000759 0.000311 0.000108 0.000052 0.000020 0.000005 0.000001 0.000002 0.000000 0.000000 0.000001 0.000000 0.000000 0.000000 0.000000 0.000000 0.000000 
t: 0.042857142857 start: 24 end: 71 0.000001 0.000002 0.000007 0.000015 0.000071 0.000178 0.000448 0.001108 0.002581 0.005405 0.010218 0.017789 0.028824 0.043621 0.060637 0.078160 0.092980 0.103848 0.106508 0.102745 0.092202 0.077066 0.059903 0.043670 0.029567 0.018702 0.011251 0.006252 0.003334 0.001635 0.000737 0.000320 0.000132 0.000050 0.000020 0.000006 0.000003 0.000002 0.000001 0.000001 0.000000 0.000000 0.000000 0.000000 0.000000 0.000000 0.000000 0.000000 
t: 0.040000000000 start: 27 end: 74 0.000003 0.000004 0.000008 0.000043 0.000148 0.000363 0.000838 0.001940 0.004002 0.007695 0.014029 0.022824 0.034802 0.050595 0.066629 0.082853 0.095303 0.102593 0.103476 0.096859 0.085269 0.070386 0.054215 0.039477 0.026538 0.017103 0.010305 0.005751 0.003079 0.001567 0.000727 0.000354 0.000141 0.000054 0.000019 0.000004 0.000001 0.000001 0.000001 0.000001 0.000000 0.000000 0.000000 0.000000 0.000000 0.000000 0.000000 0.000000 
t: 0.037500000000 start: 29 end: 76 0.000002 0.000004 0.000013 0.000038 0.000098 0.000276 0.000660 0.001481 0.003159 0.005996 0.011067 0.018352 0.028597 0.041861 0.056875 0.072758 0.087080 0.096689 0.100904 0.098918 0.090889 0.078433 0.063818 0.048377 0.035055 0.023741 0.015034 0.009143 0.005251 0.002763 0.001448 0.000682 0.000309 0.000153 0.000053 0.000014 0.000004 0.000002 0.000002 0.000001 0.000000 0.000000 0.000000 0.000000 0.000000 0.000000 0.000000 0.000000 
t: 0.035294117647 start: 31 end: 77 0.000001 0.000011 0.000008 0.000045 0.000079 0.000206 0.000509 0.001164 0.002460 0.004881 0.009050 0.014778 0.023723 0.035339 0.048820 0.063989 0.078312 0.089519 0.096796 0.098329 0.093829 0.084338 0.071334 0.057044 0.043008 0.031063 0.020773 0.013195 0.008050 0.004632 0.002406 0.001177 0.000616 0.000302 0.000122 0.000063 0.000019 0.000005 0.000005 0.000000 0.000000 0.000000 0.000000 0.000000 0.000000 0.000000 0.000000 
t: 0.033333333333 start: 32 end: 80 0.000001 0.000001 0.000001 0.000014 0.000031 0.000076 0.000170 0.000439 0.000935 0.002077 0.003945 0.007293 0.012349 0.020102 0.029832 0.042213 0.056304 0.070151 0.082521 0.091524 0.095794 0.094999 0.087998 0.077051 0.064381 0.050990 0.037556 0.026930 0.017986 0.011353 0.006805 0.003949 0.002168 0.001099 0.000511 0.000260 0.000124 0.000044 0.000013 0.000008 0.000002 0.000000 0.000000 0.000000 0.000000 0.000000 0.000000 0.000000 0.000000 
t: 0.031578947368 start: 35 end: 85 0.000002 0.000003 0.000010 0.000034 0.000074 0.000153 0.000360 0.000821 0.001659 0.003366 0.006196 0.010437 0.016960 0.025632 0.036756 0.049925 0.063484 0.075655 0.085484 0.092537 0.094083 0.089827 0.081054 0.070205 0.057871 0.044478 0.032802 0.022774 0.015244 0.009605 0.005691 0.003325 0.001762 0.000892 0.000481 0.000209 0.000087 0.000040 0.000013 0.000004 0.000002 0.000002 0.000001 0.000000 0.000000 0.000000 0.000000 0.000000 0.000000 0.000000 0.000000 
t: 0.030000000000 start: 38 end: 86 0.000002 0.000013 0.000032 0.000054 0.000128 0.000329 0.000714 0.001497 0.002845 0.005266 0.009055 0.014521 0.022165 0.032525 0.044338 0.056622 0.070149 0.080324 0.088635 0.091734 0.090008 0.084026 0.074769 0.063148 0.050503 0.038541 0.027934 0.019154 0.012755 0.007989 0.004717 0.002621 0.001488 0.000708 0.000378 0.000180 0.000070 0.000040 0.000015 0.000006 0.000000 0.000000 0.000002 0.000000 0.000000 0.000000 0.000000 0.000000 0.000000 
t: 0.028571428571 start: 40 end: 89 0.000003 0.000008 0.000032 0.000053 0.000131 0.000294 0.000611 0.001301 0.002578 0.004625 0.007773 0.012928 0.019755 0.028788 0.039585 0.051906 0.064266 0.075579 0.083560 0.088661 0.090036 0.085318 0.077979 0.067148 0.055746 0.044031 0.032770 0.023666 0.015941 0.010308 0.006393 0.003767 0.002203 0.001175 0.000561 0.000271 0.000141 0.000062 0.000030 0.000011 0.000005 0.000001 0.000000 0.000000 0.000000 0.000000 0.000000 0.000000 0.000000 0.000000 
t: 0.027272727273 start: 41 end: 91 0.000001 0.000002 0.000012 0.000023 0.000036 0.000124 0.000273 0.000579 0.001228 0.002298 0.004175 0.006959 0.011423 0.017855 0.025889 0.035919 0.047407 0.059232 0.070398 0.079927 0.085772 0.087721 0.086271 0.080071 0.070453 0.060171 0.048731 0.037555 0.027637 0.019175 0.012857 0.008289 0.005053 0.003034 0.001683 0.000869 0.000492 0.000222 0.000099 0.000044 0.000026 0.000009 0.000006 0.000000 0.000000 0.000000 0.000000 0.000000 0.000000 0.000000 0.000000 
t: 0.026086956522 start: 41 end: 94 0.000001 0.000000 0.000001 0.000004 0.000008 0.000018 0.000047 0.000111 0.000244 0.000532 0.001197 0.002117 0.003742 0.006315 0.010447 0.016186 0.023674 0.032533 0.043326 0.055209 0.066259 0.076036 0.082778 0.086039 0.085632 0.081360 0.072908 0.063369 0.052551 0.041606 0.031660 0.022779 0.015459 0.010426 0.006582 0.003924 0.002288 0.001281 0.000675 0.000356 0.000179 0.000082 0.000039 0.000011 0.000006 0.000001 0.000002 0.000000 0.000000 0.000000 0.000000 0.000000 0.000000 0.000000 
t: 0.025000000000 start: 44 end: 97 0.000002 0.000000 0.000002 0.000009 0.000018 0.000053 0.000120 0.000242 0.000524 0.001060 0.001949 0.003397 0.006063 0.009540 0.014795 0.021764 0.030170 0.040122 0.051630 0.062879 0.072278 0.079832 0.084154 0.084311 0.081683 0.074815 0.066361 0.055715 0.045354 0.034773 0.025925 0.018347 0.012407 0.007989 0.004993 0.002989 0.001787 0.000960 0.000526 0.000243 0.000114 0.000071 0.000018 0.000008 0.000005 0.000001 0.000002 0.000000 0.000000 0.000000 0.000000 0.000000 0.000000 0.000000 
t: 0.024000000000 start: 45 end: 98 0.000001 0.000000 0.000000 0.000004 0.000011 0.000015 0.000037 0.000112 0.000245 0.000495 0.000998 0.001786 0.003330 0.005531 0.008813 0.013826 0.020187 0.028052 0.037790 0.048697 0.059239 0.069216 0.076744 0.082009 0.083461 0.081282 0.076224 0.068058 0.058770 0.048261 0.038077 0.028807 0.020868 0.014330 0.009801 0.006215 0.003736 0.002239 0.001286 0.000728 0.000364 0.000208 0.000078 0.000041 0.000017 0.000008 0.000002 0.000000 0.000001 0.000000 0.000000 0.000000 0.000000 0.000000 
t: 0.023076923077 start: 50 end: 103 0.000004 0.000011 0.000017 0.000053 0.000104 0.000252 0.000470 0.000991 0.001815 0.003081 0.005077 0.008458 0.013037 0.019070 0.026666 0.035816 0.045915 0.056428 0.066118 0.074158 0.080174 0.081743 0.080925 0.076407 0.069471 0.060880 0.051109 0.040755 0.031627 0.023057 0.016414 0.011396 0.007434 0.004646 0.002852 0.001655 0.000896 0.000509 0.000263 0.000131 0.000068 0.000029 0.000009 0.000006 0.000002 0.000001 0.000000 0.000000 0.000000 0.000000 0.000000 0.000000 0.000000 0.000000 
t: 0.022222222222 start: 51 end: 105 0.000001 0.000007 0.000007 0.000016 0.000044 0.000117 0.000246 0.000497 0.000950 0.001684 0.002977 0.005067 0.008069 0.012331 0.018099 0.025461 0.033939 0.044334 0.053708 0.063452 0.071539 0.077854 0.080930 0.080076 0.076711 0.070700 0.062440 0.052941 0.043266 0.034000 0.025192 0.018274 0.012865 0.008611 0.005614 0.003466 0.002030 0.001186 0.000625 0.000336 0.000167 0.000101 0.000042 0.000012 0.000009 0.000006 0.000000 0.000000 0.000001 0.000000 0.000000 0.000000 0.000000 0.000000 0.000000 
t: 0.021428571428 start: 53 end: 107 0.000001 0.000004 0.000009 0.000027 0.000059 0.000131 0.000236 0.000486 0.000912 0.001691 0.002926 0.004961 0.007824 0.012032 0.017150 0.024511 0.033123 0.041985 0.051670 0.061870 0.069739 0.075339 0.078946 0.079545 0.076964 0.071179 0.063687 0.054800 0.045064 0.035704 0.027385 0.019941 0.014264 0.009740 0.006545 0.003992 0.002443 0.001436 0.000799 0.000443 0.000217 0.000116 0.000064 0.000021 0.000014 0.000004 0.000000 0.000001 0.000000 0.000000 0.000000 0.000000 0.000000 0.000000 0.000000 
t: 0.020689655172 start: 56 end: 110 0.000001 0.000009 0.000036 0.000073 0.000118 0.000256 0.000469 0.000946 0.001718 0.002987 0.004836 0.007746 0.011687 0.017001 0.023593 0.031924 0.040687 0.050342 0.059519 0.067979 0.074135 0.077256 0.078466 0.076792 0.071389 0.064561 0.055586 0.046760 0.037859 0.029041 0.021326 0.015579 0.010841 0.007210 0.004654 0.002818 0.001687 0.000989 0.000546 0.000296 0.000148 0.000077 0.000035 0.000015 0.000004 0.000002 0.000001 0.000000 0.000000 0.000000 0.000000 0.000000 0.000000 0.000000 0.000000 
t: 0.020000000000 start: 58 end: 111 0.000001 0.000012 0.000030 0.000078 0.000125 0.000260 0.000521 0.000963 0.001739 0.002974 0.004856 0.007720 0.011564 0.016900 0.023167 0.031204 0.039548 0.048780 0.058228 0.066199 0.072325 0.076415 0.077694 0.075566 0.071946 0.064818 0.056656 0.048007 0.038823 0.030491 0.022997 0.016788 0.011566 0.007963 0.005264 0.003323 0.001980 0.001147 0.000601 0.000397 0.000183 0.000088 0.000058 0.000021 0.000008 0.000006 0.000000 0.000000 0.000000 0.000000 0.000000 0.000000 0.000000 0.000000 
t: 0.019354838710 start: 59 end: 116 0.000001 0.000005 0.000016 0.000026 0.000075 0.000137 0.000270 0.000551 0.001027 0.001762 0.003063 0.004888 0.007669 0.011621 0.016834 0.023044 0.030309 0.039071 0.047559 0.057091 0.064677 0.071406 0.074929 0.076931 0.075288 0.071005 0.065412 0.057169 0.049093 0.039814 0.031596 0.024149 0.017672 0.012476 0.008692 0.005724 0.003689 0.002270 0.001324 0.000762 0.000418 0.000233 0.000131 0.000077 0.000017 0.000015 0.000008 0.000001 0.000002 0.000001 0.000000 0.000000 0.000000 0.000000 0.000000 0.000000 0.000000 0.000000 
t: 0.018750000000 start: 61 end: 117 0.000005 0.000005 0.000015 0.000032 0.000084 0.000141 0.000333 0.000588 0.001032 0.001868 0.003098 0.005090 0.007796 0.011646 0.016785 0.022891 0.030115 0.038586 0.046942 0.056272 0.063791 0.069865 0.074064 0.075777 0.074703 0.071141 0.065026 0.057565 0.049466 0.040447 0.032540 0.024955 0.018538 0.013211 0.009263 0.006217 0.004061 0.002554 0.001533 0.000899 0.000507 0.000249 0.000151 0.000083 0.000043 0.000015 0.000006 0.000004 0.000002 0.000000 0.000000 0.000000 0.000000 0.000000 0.000000 0.000000 0.000000 
t: 0.018181818182 start: 62 end: 120 0.000002 0.000002 0.000007 0.000020 0.000049 0.000084 0.000168 0.000371 0.000616 0.001101 0.001941 0.003227 0.005245 0.008022 0.012063 0.016760 0.022702 0.030331 0.037907 0.046668 0.055855 0.062904 0.068932 0.073599 0.074707 0.073407 0.070414 0.064910 0.057974 0.049556 0.041175 0.033063 0.025558 0.019174 0.014068 0.009760 0.006655 0.004337 0.002730 0.001717 0.000977 0.000599 0.000296 0.000171 0.000086 0.000041 0.000032 0.000012 0.000002 0.000002 0.000001 0.000000 0.000000 0.000000 0.000000 0.000000 0.000000 0.000000 0.000000 
t: 0.017647058823 start: 63 end: 122 0.000001 0.000001 0.000004 0.000014 0.000023 0.000045 0.000090 0.000205 0.000385 0.000673 0.001176 0.002088 0.003471 0.005404 0.008258 0.012110 0.017239 0.023125 0.030210 0.038097 0.046842 0.055195 0.061998 0.068376 0.072745 0.073575 0.072914 0.069965 0.064206 0.057317 0.050095 0.041391 0.033375 0.026107 0.019657 0.014490 0.010275 0.006922 0.004701 0.002938 0.001830 0.001085 0.000615 0.000364 0.000199 0.000104 0.000045 0.000025 0.000017 0.000006 0.000006 0.000001 0.000000 0.000000 0.000000 0.000000 0.000000 0.000000 0.000000 0.000000 
t: 0.017142857143 start: 65 end: 124 0.000001 0.000001 0.000003 0.000013 0.000029 0.000052 0.000118 0.000213 0.000438 0.000752 0.001377 0.002245 0.003636 0.005649 0.008516 0.012600 0.017542 0.023688 0.030250 0.038401 0.046610 0.054755 0.062143 0.068146 0.071746 0.072772 0.072245 0.069163 0.063755 0.057339 0.049300 0.041628 0.033446 0.026227 0.020119 0.014542 0.010466 0.007406 0.004951 0.003066 0.001898 0.001173 0.000723 0.000387 0.000228 0.000112 0.000068 0.000026 0.000022 0.000008 0.000005 0.000001 0.000000 0.000000 0.000000 0.000000 0.000000 0.000000 0.000000 0.000000 
t: 0.016666666667 start: 66 end: 125 0.000001 0.000000 0.000002 0.000008 0.000014 0.000034 0.000065 0.000126 0.000275 0.000523 0.000811 0.001460 0.002453 0.003880 0.005995 0.009038 0.013124 0.017885 0.024017 0.031144 0.038833 0.046941 0.054596 0.061705 0.067786 0.070912 0.072660 0.071126 0.068444 0.063019 0.056246 0.049278 0.041369 0.033624 0.026371 0.020092 0.014802 0.010641 0.007406 0.005000 0.003277 0.002086 0.001251 0.000752 0.000421 0.000232 0.000145 0.000062 0.000033 0.000018 0.000010 0.000006 0.000001 0.000000 0.000000 0.000000 0.000000 0.000000 0.000000 0.000000 
t: 0.016216216216 start: 67 end: 127 0.000001 0.000000 0.000003 0.000005 0.000010 0.000015 0.000042 0.000071 0.000179 0.000283 0.000573 0.000957 0.001518 0.002681 0.004358 0.006278 0.009561 0.013710 0.018492 0.024711 0.031854 0.039311 0.047477 0.054545 0.061811 0.067125 0.070773 0.071650 0.070521 0.067575 0.062204 0.056084 0.048376 0.040782 0.033216 0.026523 0.019775 0.015013 0.010825 0.007381 0.005153 0.003366 0.002110 0.001344 0.000741 0.000440 0.000258 0.000169 0.000082 0.000033 0.000017 0.000009 0.000006 0.000003 0.000000 0.000000 0.000000 0.000000 0.000000 0.000000 0.000000 
t: 0.015789473684 start: 67 end: 129 0.000001 0.000000 0.000000 0.000001 0.000002 0.000006 0.000013 0.000030 0.000042 0.000098 0.000183 0.000324 0.000596 0.001087 0.001796 0.002926 0.004612 0.006985 0.010097 0.014298 0.019234 0.025603 0.032707 0.040089 0.047838 0.055038 0.061860 0.066938 0.070270 0.070755 0.069841 0.066670 0.061450 0.055290 0.047500 0.040238 0.032733 0.025926 0.020081 0.014993 0.010669 0.007317 0.005115 0.003364 0.002241 0.001297 0.000809 0.000457 0.000275 0.000146 0.000070 0.000042 0.000026 0.000015 0.000004 0.000001 0.000000 0.000001 0.000000 0.000000 0.000000 0.000000 0.000000 
t: 0.015384615385 start: 70 end: 133 0.000001 0.000000 0.000002 0.000004 0.000006 0.000015 0.000034 0.000064 0.000111 0.000214 0.000388 0.000709 0.001234 0.002060 0.003267 0.005033 0.007620 0.010912 0.014926 0.020158 0.026697 0.033321 0.041079 0.048476 0.055368 0.062271 0.066869 0.069951 0.070272 0.068835 0.065602 0.060140 0.054514 0.046890 0.039523 0.032072 0.025287 0.019534 0.014582 0.010697 0.007427 0.005093 0.003309 0.002139 0.001354 0.000846 0.000515 0.000272 0.000138 0.000061 0.000058 0.000029 0.000012 0.000006 0.000001 0.000001 0.000001 0.000000 0.000000 0.000000 0.000000 0.000000 0.000000 0.000000 
t: 0.015000000000 start: 74 end: 136 0.000003 0.000005 0.000009 0.000018 0.000033 0.000092 0.000140 0.000252 0.000483 0.000840 0.001346 0.002335 0.003659 0.005527 0.008238 0.011502 0.016024 0.021343 0.027486 0.034684 0.042025 0.049418 0.056316 0.062322 0.066381 0.069420 0.069655 0.068403 0.064217 0.059219 0.053217 0.045914 0.038725 0.031252 0.024684 0.019181 0.014152 0.010495 0.007259 0.004930 0.003352 0.002111 0.001365 0.000876 0.000489 0.000276 0.000141 0.000090 0.000050 0.000029 0.000009 0.000002 0.000004 0.000001 0.000000 0.000001 0.000000 0.000000 0.000000 0.000000 0.000000 0.000000 0.000000 
t: 0.014634146341 start: 75 end: 138 0.000003 0.000002 0.000006 0.000004 0.000030 0.000058 0.000086 0.000170 0.000332 0.000551 0.000984 0.001607 0.002548 0.004063 0.006146 0.008911 0.012555 0.017239 0.022345 0.028599 0.035787 0.043282 0.050466 0.057394 0.062318 0.066372 0.069212 0.069022 0.067123 0.063253 0.058073 0.051862 0.044589 0.037540 0.030205 0.024114 0.018566 0.013915 0.010058 0.007197 0.004800 0.003213 0.002068 0.001371 0.000832 0.000505 0.000287 0.000159 0.000088 0.000045 0.000016 0.000018 0.000007 0.000002 0.000001 0.000000 0.000001 0.000000 0.000000 0.000000 0.000000 0.000000 0.000000 0.000000 
t: 0.014285714286 start: 76 end: 139 0.000001 0.000002 0.000003 0.000008 0.000015 0.000026 0.000052 0.000117 0.000215 0.000409 0.000678 0.001169 0.001801 0.002918 0.004552 0.006928 0.009784 0.013362 0.018186 0.023778 0.030217 0.037287 0.044299 0.051590 0.057991 0.063299 0.066327 0.068246 0.068330 0.065779 0.062226 0.057219 0.050245 0.042920 0.035870 0.029641 0.023401 0.017926 0.013423 0.009827 0.006867 0.004672 0.003136 0.002027 0.001288 0.000810 0.000499 0.000284 0.000173 0.000096 0.000040 0.000020 0.000012 0.000006 0.000002 0.000001 0.000000 0.000000 0.000000 0.000000 0.000000 0.000000 0.000000 0.000000 
t: 0.013953488372 start: 77 end: 139 0.000001 0.000002 0.000003 0.000003 0.000008 0.000018 0.000037 0.000068 0.000159 0.000261 0.000477 0.000775 0.001332 0.002105 0.003420 0.005158 0.007505 0.010790 0.014512 0.019520 0.025245 0.031769 0.038670 0.045763 0.052599 0.058917 0.063349 0.066595 0.067724 0.067660 0.065250 0.061072 0.055366 0.048061 0.041764 0.034865 0.028166 0.022345 0.017244 0.012885 0.009306 0.006641 0.004557 0.002933 0.001949 0.001277 0.000800 0.000447 0.000281 0.000169 0.000097 0.000038 0.000023 0.000011 0.000008 0.000000 0.000000 0.000000 0.000000 0.000000 0.000000 0.000000 0.000000 
t: 0.013636363636 start: 80 end: 142 0.000002 0.000001 0.000006 0.000014 0.000033 0.000047 0.000088 0.000174 0.000317 0.000588 0.000945 0.001605 0.002539 0.003929 0.005792 0.008237 0.011675 0.015858 0.021142 0.026831 0.033377 0.040050 0.047300 0.054167 0.059555 0.063870 0.066530 0.068069 0.065961 0.063994 0.059385 0.053375 0.046885 0.040127 0.033173 0.027097 0.021431 0.016423 0.012259 0.008852 0.006312 0.004221 0.002946 0.001852 0.001204 0.000734 0.000444 0.000262 0.000152 0.000085 0.000043 0.000025 0.000009 0.000005 0.000003 0.000000 0.000000 0.000000 0.000000 0.000000 0.000000 0.000000 0.000000 
t: 0.013333333333 start: 82 end: 144 0.000001 0.000004 0.000011 0.000021 0.000029 0.000066 0.000125 0.000223 0.000382 0.000706 0.001154 0.001878 0.002991 0.004494 0.006470 0.009310 0.012878 0.017352 0.022429 0.028737 0.034766 0.041941 0.049351 0.055030 0.060667 0.064006 0.066482 0.066874 0.065610 0.062500 0.057444 0.051909 0.045051 0.038642 0.031667 0.025767 0.020295 0.015569 0.011403 0.008578 0.005923 0.004028 0.002689 0.001791 0.001093 0.000701 0.000421 0.000242 0.000137 0.000079 0.000043 0.000019 0.000011 0.000008 0.000002 0.000000 0.000000 0.000000 0.000000 0.000000 0.000000 0.000000 0.000000 
t: 0.013043478261 start: 84 end: 147 0.000002 0.000010 0.000011 0.000026 0.000031 0.000080 0.000152 0.000275 0.000521 0.000902 0.001429 0.002185 0.003388 0.005177 0.007310 0.010404 0.014218 0.018824 0.024171 0.030396 0.037051 0.044152 0.050308 0.056652 0.061077 0.064460 0.066405 0.066004 0.063968 0.061468 0.055963 0.049871 0.043334 0.036453 0.030398 0.024489 0.019188 0.014513 0.010746 0.007872 0.005543 0.003849 0.002559 0.001636 0.001020 0.000607 0.000406 0.000214 0.000122 0.000076 0.000044 0.000024 0.000010 0.000004 0.000000 0.000001 0.000000 0.000000 0.000001 0.000000 0.000000 0.000000 0.000000 0.000000 
t: 0.012765957447 start: 84 end: 148 0.000001 0.000000 0.000004 0.000006 0.000021 0.000028 0.000048 0.000102 0.000206 0.000363 0.000655 0.001007 0.001635 0.002662 0.003899 0.005909 0.008436 0.011603 0.015777 0.020480 0.025887 0.032309 0.039546 0.045751 0.052210 0.057334 0.062083 0.064796 0.065645 0.065631 0.063296 0.059242 0.053895 0.047679 0.041402 0.034865 0.028755 0.023091 0.017951 0.013558 0.010007 0.007385 0.005054 0.003656 0.002274 0.001553 0.000917 0.000557 0.000362 0.000207 0.000114 0.000070 0.000041 0.000017 0.000011 0.000002 0.000004 0.000000 0.000000 0.000000 0.000000 0.000001 0.000000 0.000000 0.000000 
t: 0.012500000000 start: 86 end: 152 0.000002 0.000003 0.000003 0.000011 0.000022 0.000035 0.000081 0.000151 0.000259 0.000453 0.000775 0.001264 0.001944 0.003139 0.004644 0.006773 0.009541 0.013045 0.017225 0.022227 0.028098 0.034919 0.041255 0.047424 0.053422 0.058570 0.062664 0.065493 0.065385 0.064372 0.061917 0.056840 0.052296 0.045765 0.039181 0.033147 0.027078 0.021419 0.016827 0.012679 0.009264 0.006662 0.004819 0.003257 0.002131 0.001353 0.000875 0.000531 0.000313 0.000199 0.000126 0.000056 0.000029 0.000018 0.000008 0.000006 0.000003 0.000001 0.000000 0.000001 0.000000 0.000000 0.000000 0.000000 0.000000 0.000000 0.000000 
t: 0.012244897959 start: 87 end: 153 0.000002 0.000001 0.000004 0.000009 0.000015 0.000029 0.000070 0.000099 0.000181 0.000308 0.000581 0.000999 0.001456 0.002388 0.003763 0.005358 0.007739 0.010891 0.014520 0.018926 0.024335 0.030402 0.037002 0.043139 0.049714 0.054954 0.059879 0.063386 0.065234 0.064669 0.063362 0.059873 0.055395 0.049808 0.043472 0.037511 0.031114 0.025242 0.019727 0.015653 0.011554 0.008647 0.006180 0.004315 0.002939 0.001953 0.001211 0.000790 0.000514 0.000283 0.000182 0.000101 0.000065 0.000023 0.000016 0.000005 0.000008 0.000003 0.000001 0.000000 0.000000 0.000000 0.000000 0.000000 0.000000 0.000000 0.000000 
t: 0.012000000000 start: 88 end: 154 0.000001 0.000000 0.000001 0.000004 0.000009 0.000022 0.000049 0.000077 0.000144 0.000244 0.000412 0.000705 0.001179 0.001913 0.002886 0.004337 0.006331 0.008807 0.012346 0.016166 0.020941 0.026707 0.032567 0.038902 0.045471 0.051512 0.056832 0.061178 0.063422 0.064889 0.063902 0.061939 0.057865 0.053263 0.047731 0.041532 0.035219 0.029161 0.023167 0.018537 0.014202 0.010811 0.007865 0.005671 0.003872 0.002612 0.001768 0.001089 0.000702 0.000443 0.000241 0.000156 0.000112 0.000033 0.000028 0.000007 0.000007 0.000003 0.000007 0.000000 0.000001 0.000000 0.000000 0.000000 0.000000 0.000000 0.000000 
t: 0.011764705882 start: 91 end: 158 0.000002 0.000002 0.000005 0.000016 0.000032 0.000059 0.000103 0.000201 0.000318 0.000562 0.000916 0.001421 0.002343 0.003527 0.005167 0.007239 0.010226 0.013728 0.017949 0.023232 0.028821 0.034893 0.041799 0.047472 0.053224 0.058161 0.061584 0.063897 0.064701 0.062961 0.059873 0.056259 0.051078 0.045510 0.039331 0.032943 0.026920 0.021742 0.016881 0.013030 0.009800 0.007113 0.005002 0.003515 0.002378 0.001485 0.001022 0.000692 0.000345 0.000220 0.000132 0.000079 0.000038 0.000025 0.000012 0.000006 0.000002 0.000003 0.000001 0.000002 0.000000 0.000000 0.000000 0.000000 0.000000 0.000000 0.000000 0.000000 
t: 0.011538461538 start: 91 end: 157 0.000001 0.000001 0.000000 0.000003 0.000007 0.000030 0.000045 0.000072 0.000167 0.000239 0.000411 0.000707 0.001143 0.001853 0.002857 0.004145 0.006151 0.008516 0.011717 0.015348 0.020119 0.025435 0.031410 0.037372 0.043747 0.049814 0.055193 0.059217 0.062404 0.064157 0.063580 0.061496 0.058479 0.054102 0.049211 0.042888 0.036641 0.030613 0.024982 0.019931 0.015421 0.011995 0.008907 0.006377 0.004417 0.002966 0.002094 0.001416 0.000906 0.000518 0.000328 0.000199 0.000114 0.000065 0.000034 0.000020 0.000012 0.000003 0.000000 0.000003 0.000001 0.000000 0.000000 0.000000 0.000000 0.000000 0.000000 
t: 0.011320754717 start: 92 end: 159 0.000001 0.000000 0.000000 0.000002 0.000003 0.000020 0.000030 0.000070 0.000108 0.000212 0.000335 0.000534 0.000920 0.001474 0.002267 0.003342 0.005126 0.007226 0.010005 0.013042 0.017434 0.022530 0.027760 0.033939 0.039880 0.046563 0.052030 0.056093 0.060343 0.062879 0.063877 0.062639 0.060251 0.056572 0.051915 0.046208 0.040195 0.034421 0.028517 0.023032 0.018160 0.014334 0.010577 0.007919 0.005651 0.003917 0.002709 0.001854 0.001231 0.000747 0.000445 0.000274 0.000189 0.000089 0.000048 0.000031 0.000018 0.000003 0.000004 0.000003 0.000001 0.000000 0.000001 0.000000 0.000000 0.000000 0.000000 0.000000 
t: 0.011111111111 start: 93 end: 160 0.000001 0.000000 0.000000 0.000000 0.000002 0.000014 0.000018 0.000052 0.000083 0.000156 0.000258 0.000444 0.000695 0.001200 0.001857 0.002827 0.004137 0.005935 0.008414 0.011379 0.015074 0.019733 0.024869 0.030221 0.036610 0.043062 0.048680 0.053453 0.057840 0.061441 0.062895 0.063070 0.061520 0.058518 0.054680 0.049168 0.043838 0.037626 0.032075 0.026122 0.021153 0.016704 0.012784 0.009368 0.007004 0.005011 0.003494 0.002328 0.001582 0.001021 0.000647 0.000404 0.000240 0.000129 0.000066 0.000048 0.000020 0.000015 0.000011 0.000001 0.000001 0.000001 0.000001 0.000000 0.000000 0.000000 0.000000 0.000000 
t: 0.010909090909 start: 95 end: 162 0.000001 0.000000 0.000000 0.000003 0.000007 0.000018 0.000033 0.000067 0.000116 0.000221 0.000339 0.000560 0.000975 0.001499 0.002271 0.003542 0.004978 0.007059 0.009766 0.013156 0.017078 0.022223 0.027308 0.033163 0.039346 0.045026 0.050765 0.056102 0.059132 0.061761 0.062760 0.061953 0.060285 0.056401 0.052479 0.046887 0.040740 0.035137 0.029452 0.024258 0.019501 0.014747 0.011340 0.008400 0.006239 0.004366 0.003039 0.001968 0.001336 0.000873 0.000564 0.000315 0.000179 0.000117 0.000076 0.000031 0.000019 0.000008 0.000008 0.000003 0.000003 0.000001 0.000000 0.000000 0.000000 0.000000 0.000000 0.000000 
t: 0.010714285714 start: 97 end: 165 0.000001 0.000000 0.000001 0.000008 0.000006 0.000036 0.000051 0.000096 0.000170 0.000278 0.000477 0.000749 0.001252 0.001805 0.002971 0.004220 0.005995 0.008383 0.011480 0.015066 0.019570 0.024695 0.029792 0.035970 0.041677 0.048017 0.053080 0.057240 0.060164 0.062041 0.062353 0.060981 0.058528 0.054337 0.049866 0.044076 0.038332 0.032561 0.027125 0.021824 0.017380 0.013381 0.010099 0.007439 0.005404 0.003729 0.002613 0.001699 0.001149 0.000758 0.000404 0.000282 0.000169 0.000101 0.000056 0.000032 0.000015 0.000005 0.000005 0.000001 0.000004 0.000001 0.000000 0.000000 0.000000 0.000000 0.000000 0.000000 0.000000 
t: 0.010526315789 start: 100 end: 167 0.000003 0.000003 0.000011 0.000019 0.000042 0.000077 0.000139 0.000229 0.000366 0.000643 0.000969 0.001557 0.002421 0.003594 0.005193 0.007167 0.009911 0.013279 0.017138 0.022094 0.027243 0.032959 0.038684 0.044474 0.050164 0.054959 0.058782 0.060959 0.061834 0.061685 0.059871 0.056406 0.051976 0.046766 0.041597 0.035421 0.030006 0.024844 0.019732 0.015583 0.011810 0.008979 0.006520 0.004621 0.003180 0.002177 0.001415 0.000981 0.000610 0.000368 0.000217 0.000141 0.000078 0.000053 0.000022 0.000016 0.000005 0.000002 0.000003 0.000002 0.000000 0.000000 0.000000 0.000000 0.000000 0.000000 0.000000 0.000000 
t: 0.010344827586 start: 101 end: 169 0.000003 0.000003 0.000006 0.000016 0.000032 0.000060 0.000109 0.000181 0.000312 0.000505 0.000863 0.001247 0.001990 0.003117 0.004320 0.006273 0.008684 0.011480 0.015147 0.019626 0.024657 0.030403 0.035713 0.041672 0.047309 0.052435 0.056695 0.059528 0.061300 0.062011 0.060677 0.058086 0.053983 0.049554 0.043836 0.038600 0.032977 0.027069 0.022169 0.017819 0.013874 0.010538 0.007576 0.005759 0.003940 0.002768 0.001850 0.001213 0.000762 0.000516 0.000337 0.000161 0.000091 0.000067 0.000036 0.000020 0.000014 0.000002 0.000003 0.000005 0.000001 0.000000 0.000000 0.000000 0.000000 0.000000 0.000000 0.000000 0.000000 
t: 0.010169491525 start: 102 end: 171 0.000003 0.000002 0.000007 0.000009 0.000025 0.000050 0.000093 0.000162 0.000244 0.000413 0.000658 0.001101 0.001649 0.002577 0.003871 0.005412 0.007569 0.009894 0.013425 0.017607 0.022343 0.027442 0.033310 0.038922 0.044354 0.049800 0.054534 0.057894 0.060464 0.061629 0.061373 0.059049 0.055939 0.051865 0.046307 0.041251 0.035739 0.029647 0.024735 0.019993 0.015998 0.012290 0.008999 0.006599 0.004827 0.003436 0.002253 0.001567 0.001032 0.000672 0.000387 0.000239 0.000159 0.000069 0.000047 0.000024 0.000013 0.000014 0.000004 0.000007 0.000002 0.000001 0.000000 0.000000 0.000000 0.000000 0.000000 0.000000 0.000000 0.000000 
t: 0.010000000000 start: 103 end: 172 0.000001 0.000001 0.000007 0.000008 0.000019 0.000045 0.000069 0.000140 0.000212 0.000334 0.000581 0.000918 0.001374 0.002184 0.003187 0.004668 0.006682 0.009068 0.011859 0.015603 0.020007 0.025135 0.030681 0.036199 0.041822 0.047268 0.051865 0.056328 0.059652 0.060797 0.061547 0.060101 0.057249 0.053194 0.049184 0.043476 0.038338 0.032479 0.027360 0.021922 0.017953 0.013954 0.010650 0.007869 0.005756 0.004029 0.002898 0.001897 0.001295 0.000853 0.000528 0.000291 0.000195 0.000121 0.000055 0.000038 0.000025 0.000009 0.000010 0.000007 0.000002 0.000001 0.000000 0.000000 0.000000 0.000000 0.000000 0.000000 0.000000 0.000000 
t: 0.008448275866 start: 115 end: 188 0.000001 0.000002 0.000001 0.000001 0.000007 0.000016 0.000026 0.000031 0.000059 0.000103 0.000192 0.000315 0.000507 0.000766 0.001186 0.001797 0.002685 0.003832 0.005313 0.007322 0.009790 0.012800 0.016282 0.020413 0.025254 0.029852 0.035523 0.040437 0.045330 0.049924 0.053584 0.056533 0.058096 0.058395 0.057637 0.055554 0.052365 0.048448 0.043938 0.039045 0.033681 0.028708 0.023896 0.019562 0.015570 0.012100 0.009292 0.007099 0.005226 0.003699 0.002658 0.001791 0.001217 0.000797 0.000538 0.000304 0.000216 0.000120 0.000068 0.000040 0.000028 0.000010 0.000009 0.000005 0.000002 0.000002 0.000000 0.000000 0.000000 0.000000 0.000000 0.000000 0.000000 0.000000 
t: 0.007313432839 start: 128 end: 203 0.000001 0.000002 0.000002 0.000002 0.000009 0.000013 0.000031 0.000038 0.000079 0.000128 0.000213 0.000335 0.000582 0.000872 0.001267 0.001804 0.002637 0.003792 0.005212 0.007083 0.009344 0.012121 0.015534 0.019310 0.023581 0.028160 0.032992 0.037441 0.042192 0.046708 0.050738 0.053304 0.055757 0.056243 0.056258 0.054882 0.052052 0.049373 0.045545 0.040917 0.036251 0.031255 0.026719 0.022669 0.018259 0.014622 0.011504 0.008860 0.006723 0.004990 0.003655 0.002523 0.001854 0.001265 0.000827 0.000538 0.000330 0.000254 0.000149 0.000082 0.000047 0.000032 0.000018 0.000011 0.000005 0.000001 0.000002 0.000001 0.000000 0.000000 0.000000 0.000000 0.000000 0.000000 0.000000 0.000000 
t: 0.006447368423 start: 136 end: 213 0.000001 0.000000 0.000000 0.000000 0.000001 0.000003 0.000005 0.000004 0.000012 0.000023 0.000033 0.000062 0.000122 0.000183 0.000274 0.000427 0.000703 0.001026 0.001489 0.002038 0.002992 0.004180 0.005544 0.007580 0.009764 0.012723 0.015924 0.019638 0.023892 0.027879 0.032394 0.037112 0.041567 0.045413 0.049222 0.051701 0.053977 0.054926 0.054359 0.053737 0.051133 0.049065 0.045107 0.040862 0.036474 0.031721 0.027418 0.023250 0.019075 0.015604 0.012462 0.009827 0.007564 0.005552 0.004203 0.003018 0.002150 0.001529 0.001030 0.000743 0.000474 0.000306 0.000195 0.000122 0.000076 0.000042 0.000025 0.000020 0.000008 0.000007 0.000003 0.000004 0.000001 0.000000 0.000000 0.000000 0.000000 0.000000 
t: 0.005764705884 start: 146 end: 225 0.000001 0.000001 0.000000 0.000000 0.000000 0.000001 0.000004 0.000011 0.000003 0.000019 0.000033 0.000044 0.000093 0.000161 0.000231 0.000337 0.000572 0.000825 0.001299 0.001725 0.002527 0.003343 0.004657 0.006357 0.008414 0.010655 0.013484 0.016822 0.020429 0.024384 0.028884 0.033245 0.037786 0.041721 0.045460 0.048297 0.051273 0.052787 0.053811 0.053538 0.052492 0.050185 0.047267 0.043976 0.039774 0.035918 0.031156 0.027155 0.022646 0.019346 0.015722 0.012766 0.009971 0.007600 0.005893 0.004375 0.003108 0.002314 0.001695 0.001145 0.000787 0.000519 0.000358 0.000222 0.000145 0.000084 0.000060 0.000040 0.000010 0.000016 0.000007 0.000008 0.000002 0.000002 0.000002 0.000000 0.000000 0.000000 0.000000 0.000000 
t: 0.005212765959 start: 159 end: 237 0.000002 0.000003 0.000003 0.000000 0.000012 0.000011 0.000032 0.000048 0.000068 0.000133 0.000189 0.000292 0.000475 0.000669 0.000971 0.001448 0.002066 0.002831 0.003838 0.005321 0.006889 0.009049 0.011455 0.014469 0.017593 0.021312 0.025254 0.029440 0.034159 0.037705 0.041869 0.045402 0.048448 0.050809 0.052194 0.052772 0.052536 0.051476 0.049546 0.046550 0.043100 0.038991 0.035019 0.030586 0.026331 0.022463 0.018903 0.015561 0.012459 0.010142 0.007681 0.005906 0.004471 0.003305 0.002385 0.001694 0.001215 0.000818 0.000560 0.000379 0.000256 0.000160 0.000109 0.000070 0.000040 0.000020 0.000018 0.000007 0.000006 0.000004 0.000001 0.000001 0.000000 0.000000 0.000000 0.000000 0.000000 0.000000 0.000000 
t: 0.004757281555 start: 163 end: 242 0.000001 0.000000 0.000000 0.000000 0.000001 0.000000 0.000002 0.000002 0.000008 0.000013 0.000013 0.000026 0.000054 0.000092 0.000143 0.000224 0.000356 0.000537 0.000762 0.001076 0.001599 0.002249 0.003112 0.004244 0.005602 0.007219 0.009465 0.011922 0.014709 0.018232 0.021769 0.025532 0.029629 0.033892 0.037975 0.041717 0.045060 0.048004 0.050038 0.051953 0.051970 0.051821 0.051117 0.048677 0.045796 0.042682 0.038556 0.034663 0.030514 0.026869 0.022598 0.018992 0.015467 0.012535 0.010230 0.007930 0.006067 0.004588 0.003481 0.002486 0.001785 0.001314 0.000841 0.000656 0.000374 0.000278 0.000181 0.000127 0.000075 0.000036 0.000020 0.000021 0.000006 0.000006 0.000006 0.000003 0.000000 0.000000 0.000000 0.000000 
t: 0.004375000001 start: 174 end: 255 0.000002 0.000001 0.000000 0.000001 0.000003 0.000006 0.000011 0.000020 0.000039 0.000054 0.000075 0.000147 0.000243 0.000336 0.000521 0.000777 0.001194 0.001597 0.002240 0.002947 0.004327 0.005554 0.007194 0.009248 0.011756 0.014298 0.017856 0.021217 0.025002 0.029085 0.032928 0.036924 0.040936 0.043778 0.047468 0.049622 0.050885 0.051084 0.051945 0.050700 0.048560 0.045597 0.043134 0.039282 0.035435 0.031339 0.027522 0.023579 0.019766 0.016614 0.013445 0.010537 0.008477 0.006663 0.004924 0.003793 0.002743 0.002028 0.001457 0.001013 0.000715 0.000449 0.000340 0.000204 0.000143 0.000078 0.000061 0.000027 0.000022 0.000014 0.000007 0.000003 0.000005 0.000001 0.000002 0.000000 0.000000 0.000000 0.000000 0.000000 0.000000 0.000000 
t: 0.004049586778 start: 180 end: 262 0.000001 0.000000 0.000001 0.000001 0.000001 0.000006 0.000005 0.000011 0.000020 0.000024 0.000047 0.000082 0.000135 0.000178 0.000298 0.000482 0.000692 0.001018 0.001437 0.001999 0.002765 0.003739 0.004999 0.006348 0.008351 0.010785 0.013254 0.016313 0.019496 0.022891 0.027013 0.030655 0.034958 0.038953 0.042164 0.045665 0.048318 0.049807 0.050847 0.051563 0.050853 0.049131 0.047406 0.044325 0.040979 0.037068 0.033489 0.029521 0.025640 0.021732 0.018181 0.015004 0.012099 0.009745 0.007718 0.005822 0.004403 0.003406 0.002493 0.001783 0.001252 0.000866 0.000549 0.000450 0.000285 0.000176 0.000107 0.000081 0.000041 0.000027 0.000015 0.000013 0.000012 0.000003 0.000001 0.000002 0.000000 0.000000 0.000000 0.000000 0.000000 0.000000 0.000000 
t: 0.003769230770 start: 188 end: 273 0.000001 0.000002 0.000002 0.000002 0.000006 0.000007 0.000016 0.000030 0.000033 0.000051 0.000081 0.000146 0.000215 0.000341 0.000500 0.000738 0.001068 0.001564 0.002152 0.002973 0.003897 0.005311 0.006590 0.008747 0.011035 0.013794 0.016470 0.020017 0.023450 0.027221 0.031234 0.035583 0.039058 0.042678 0.046011 0.047891 0.049812 0.050679 0.051011 0.050382 0.048832 0.046574 0.043754 0.040638 0.036762 0.033094 0.029254 0.025043 0.021675 0.017996 0.014868 0.011898 0.009685 0.007468 0.005811 0.004396 0.003362 0.002385 0.001841 0.001231 0.000864 0.000619 0.000384 0.000277 0.000180 0.000114 0.000075 0.000050 0.000023 0.000025 0.000008 0.000006 0.000001 0.000004 0.000001 0.000001 0.000001 0.000001 0.000000 0.000000 0.000000 0.000000 0.000000 0.000000 0.000000 0.000000 
t: 0.003525179857 start: 195 end: 278 0.000003 0.000001 0.000002 0.000003 0.000011 0.000008 0.000015 0.000027 0.000051 0.000081 0.000126 0.000209 0.000301 0.000436 0.000689 0.001020 0.001373 0.001909 0.002662 0.003481 0.004715 0.006269 0.008030 0.010308 0.012727 0.015544 0.018509 0.022080 0.026132 0.030258 0.034081 0.037657 0.041035 0.044366 0.046673 0.049019 0.050520 0.050287 0.050586 0.049448 0.047794 0.044790 0.041889 0.038129 0.034484 0.030567 0.026833 0.022713 0.019333 0.015921 0.013246 0.010670 0.008251 0.006494 0.005036 0.003768 0.002838 0.002008 0.001441 0.001042 0.000691 0.000471 0.000334 0.000219 0.000133 0.000097 0.000052 0.000048 0.000023 0.000014 0.000006 0.000006 0.000003 0.000002 0.000001 0.000001 0.000000 0.000000 0.000000 0.000000 0.000000 0.000000 0.000000 0.000000 
t: 0.003310810811 start: 201 end: 284 0.000002 0.000002 0.000001 0.000004 0.000008 0.000007 0.000023 0.000032 0.000046 0.000087 0.000132 0.000206 0.000324 0.000515 0.000758 0.001017 0.001422 0.001999 0.002795 0.003700 0.004792 0.006587 0.008238 0.010396 0.012980 0.015826 0.019003 0.022732 0.026519 0.030189 0.034048 0.038329 0.041526 0.044605 0.046897 0.049079 0.050203 0.050517 0.050578 0.049232 0.046805 0.044507 0.041924 0.037968 0.034222 0.030154 0.026320 0.022571 0.018972 0.015625 0.012751 0.010496 0.008201 0.006476 0.004826 0.003702 0.002711 0.001924 0.001460 0.000984 0.000689 0.000473 0.000310 0.000203 0.000139 0.000077 0.000051 0.000048 0.000020 0.000014 0.000011 0.000004 0.000003 0.000001 0.000001 0.000000 0.000001 0.000000 0.000000 0.000000 0.000000 0.000000 0.000000 0.000000 
t: 0.003121019109 start: 207 end: 288 0.000001 0.000003 0.000005 0.000004 0.000015 0.000027 0.000019 0.000032 0.000060 0.000107 0.000186 0.000255 0.000423 0.000630 0.000886 0.001286 0.001771 0.002286 0.003209 0.004403 0.005592 0.007332 0.009450 0.011643 0.014578 0.017800 0.020856 0.024540 0.028296 0.032185 0.035906 0.039754 0.043217 0.045993 0.048313 0.050115 0.050299 0.050332 0.050013 0.048177 0.045708 0.042993 0.039794 0.035947 0.032065 0.028015 0.024183 0.020740 0.017536 0.014418 0.011528 0.009236 0.007260 0.005599 0.004124 0.003162 0.002311 0.001676 0.001200 0.000882 0.000557 0.000384 0.000255 0.000152 0.000082 0.000071 0.000052 0.000032 0.000017 0.000011 0.000007 0.000001 0.000001 0.000002 0.000000 0.000000 0.000000 0.000000 0.000000 0.000000 0.000000 0.000000 
t: 0.002951807229 start: 213 end: 292 0.000003 0.000001 0.000007 0.000021 0.000009 0.000021 0.000046 0.000081 0.000120 0.000153 0.000243 0.000382 0.000585 0.000868 0.001215 0.001652 0.002288 0.003176 0.004227 0.005579 0.007120 0.009066 0.011518 0.014316 0.017323 0.020341 0.024063 0.028028 0.031777 0.035659 0.039229 0.042793 0.045739 0.048314 0.049387 0.050529 0.050709 0.049793 0.048543 0.046059 0.043388 0.040091 0.036499 0.032229 0.028505 0.024884 0.021130 0.017617 0.014577 0.011928 0.009462 0.007398 0.005754 0.004432 0.003259 0.002362 0.001699 0.001213 0.000924 0.000559 0.000380 0.000271 0.000174 0.000096 0.000064 0.000050 0.000032 0.000023 0.000008 0.000004 0.000003 0.000002 0.000000 0.000000 0.000000 0.000000 0.000000 0.000000 0.000000 0.000000 
t: 0.002800000000 start: 216 end: 297 0.000001 0.000000 0.000007 0.000002 0.000007 0.000008 0.000021 0.000026 0.000052 0.000067 0.000120 0.000185 0.000307 0.000424 0.000613 0.000955 0.001291 0.001826 0.002478 0.003329 0.004481 0.005880 0.007652 0.009603 0.012111 0.014812 0.017988 0.021521 0.024944 0.028540 0.032781 0.036778 0.040115 0.043244 0.046484 0.048389 0.050093 0.050803 0.050111 0.049702 0.047967 0.045937 0.042622 0.039221 0.035405 0.031476 0.027788 0.024261 0.020192 0.016912 0.013780 0.011102 0.008989 0.006977 0.005343 0.004037 0.003014 0.002157 0.001674 0.001142 0.000751 0.000519 0.000346 0.000235 0.000155 0.000092 0.000053 0.000046 0.000022 0.000015 0.000010 0.000002 0.000004 0.000002 0.000001 0.000000 0.000000 0.000000 0.000000 0.000000 0.000000 0.000000 
t: 0.002663043479 start: 219 end: 301 0.000001 0.000000 0.000001 0.000002 0.000003 0.000003 0.000010 0.000009 0.000021 0.000048 0.000047 0.000097 0.000172 0.000227 0.000328 0.000567 0.000757 0.001148 0.001543 0.002102 0.003013 0.003865 0.005143 0.006703 0.008702 0.010837 0.013489 0.016544 0.019755 0.023205 0.027180 0.030777 0.034914 0.038280 0.042018 0.045208 0.047588 0.049202 0.050219 0.050514 0.050187 0.049084 0.046945 0.044567 0.041136 0.037199 0.033425 0.029667 0.025652 0.021909 0.018403 0.015258 0.012324 0.009863 0.007762 0.006015 0.004515 0.003458 0.002523 0.001832 0.001337 0.000923 0.000603 0.000385 0.000297 0.000190 0.000112 0.000066 0.000039 0.000042 0.000017 0.000012 0.000005 0.000003 0.000002 0.000001 0.000000 0.000000 0.000000 0.000000 0.000000 0.000000 0.000000 
t: 0.002538860104 start: 222 end: 303 0.000001 0.000000 0.000000 0.000000 0.000001 0.000000 0.000008 0.000008 0.000010 0.000017 0.000043 0.000046 0.000096 0.000165 0.000219 0.000327 0.000512 0.000707 0.001032 0.001449 0.001943 0.002814 0.003691 0.004873 0.006473 0.008446 0.010357 0.012899 0.015877 0.018937 0.022448 0.026209 0.030419 0.033882 0.037732 0.041419 0.044912 0.046766 0.049167 0.050330 0.051078 0.050397 0.049555 0.047431 0.044889 0.041621 0.038083 0.034269 0.030517 0.026126 0.022747 0.018834 0.015761 0.012851 0.010161 0.008145 0.006116 0.004778 0.003573 0.002668 0.001967 0.001406 0.000914 0.000666 0.000420 0.000278 0.000189 0.000120 0.000068 0.000053 0.000041 0.000020 0.000009 0.000010 0.000001 0.000001 0.000001 0.000000 0.000000 0.000001 0.000000 0.000000 
t: 0.002425742574 start: 230 end: 310 0.000003 0.000002 0.000003 0.000010 0.000010 0.000019 0.000044 0.000061 0.000115 0.000129 0.000240 0.000308 0.000498 0.000725 0.001059 0.001542 0.002070 0.002747 0.003705 0.004851 0.006529 0.008381 0.010547 0.013117 0.015943 0.019099 0.022506 0.026904 0.030478 0.033984 0.037931 0.041970 0.044801 0.047564 0.049507 0.050705 0.051173 0.050712 0.048878 0.047257 0.044925 0.041696 0.037563 0.033758 0.029886 0.026295 0.022440 0.018592 0.015670 0.012509 0.009984 0.007996 0.006095 0.004644 0.003477 0.002577 0.001820 0.001306 0.000874 0.000603 0.000452 0.000245 0.000162 0.000106 0.000085 0.000044 0.000034 0.000012 0.000010 0.000009 0.000002 0.000001 0.000000 0.000000 0.000000 0.000001 0.000000 0.000000 0.000000 0.000000 0.000000 
t: 0.002322274882 start: 233 end: 313 0.000001 0.000001 0.000003 0.000005 0.000008 0.000015 0.000033 0.000049 0.000068 0.000110 0.000178 0.000215 0.000379 0.000531 0.000784 0.001176 0.001677 0.002174 0.003030 0.004009 0.005472 0.007030 0.008899 0.011012 0.014001 0.016766 0.020012 0.023874 0.027554 0.031657 0.035394 0.039073 0.043111 0.045723 0.048161 0.049976 0.050941 0.051469 0.050717 0.048647 0.046896 0.043544 0.040319 0.036763 0.032985 0.028955 0.024941 0.021190 0.017737 0.014315 0.011721 0.009240 0.007337 0.005594 0.004258 0.003039 0.002159 0.001634 0.001128 0.000832 0.000530 0.000335 0.000235 0.000131 0.000087 0.000070 0.000038 0.000022 0.000010 0.000012 0.000003 0.000003 0.000002 0.000000 0.000000 0.000000 0.000000 0.000000 0.000000 0.000000 0.000000 
t: 0.002227272727 start: 237 end: 318 0.000001 0.000005 0.000005 0.000002 0.000010 0.000024 0.000045 0.000052 0.000080 0.000139 0.000186 0.000254 0.000472 0.000632 0.000985 0.001375 0.001858 0.002575 0.003483 0.004633 0.006152 0.007867 0.009981 0.012322 0.014987 0.018505 0.022017 0.025699 0.029820 0.033651 0.037193 0.041285 0.044248 0.047236 0.049580 0.050585 0.051206 0.051063 0.049947 0.048538 0.045652 0.041907 0.038622 0.034676 0.030908 0.027096 0.022967 0.019357 0.015773 0.012832 0.010488 0.008087 0.006187 0.004850 0.003521 0.002548 0.001793 0.001266 0.000962 0.000659 0.000418 0.000263 0.000160 0.000115 0.000078 0.000049 0.000031 0.000015 0.000011 0.000004 0.000002 0.000003 0.000001 0.000001 0.000000 0.000000 0.000000 0.000000 0.000000 0.000000 0.000000 0.000000 
t: 0.002139737991 start: 240 end: 321 0.000002 0.000001 0.000003 0.000003 0.000010 0.000023 0.000028 0.000047 0.000084 0.000102 0.000171 0.000247 0.000391 0.000613 0.000867 0.001170 0.001687 0.002278 0.003167 0.004167 0.005539 0.007314 0.009140 0.011581 0.014401 0.017176 0.020921 0.024433 0.028419 0.032552 0.036457 0.040116 0.043711 0.046569 0.049027 0.050503 0.051023 0.051417 0.050878 0.048711 0.046808 0.043088 0.040033 0.036033 0.031877 0.028193 0.024030 0.020283 0.016727 0.013721 0.010864 0.008681 0.006721 0.005131 0.003826 0.002649 0.002045 0.001365 0.000972 0.000714 0.000495 0.000264 0.000204 0.000118 0.000076 0.000061 0.000033 0.000017 0.000004 0.000007 0.000004 0.000004 0.000002 0.000000 0.000001 0.000000 0.000000 0.000000 0.000000 0.000000 0.000000 0.000000 
t: 0.002058823530 start: 242 end: 324 0.000001 0.000001 0.000001 0.000001 0.000003 0.000011 0.000020 0.000020 0.000041 0.000068 0.000107 0.000139 0.000239 0.000397 0.000512 0.000804 0.001174 0.001544 0.002155 0.002955 0.004005 0.005379 0.007020 0.008896 0.011240 0.013792 0.016989 0.020333 0.024221 0.027774 0.031895 0.036174 0.039670 0.043292 0.046720 0.048539 0.050288 0.051737 0.051218 0.050970 0.049239 0.046858 0.044217 0.040429 0.036782 0.032468 0.028062 0.024720 0.020538 0.017265 0.013823 0.011294 0.008842 0.006770 0.005274 0.003874 0.002758 0.001983 0.001415 0.001087 0.000714 0.000454 0.000296 0.000173 0.000113 0.000087 0.000053 0.000026 0.000014 0.000016 0.000005 0.000002 0.000002 0.000001 0.000000 0.000001 0.000000 0.000000 0.000000 0.000000 0.000000 0.000000 0.000000 
t: 0.001983805668 start: 244 end: 324 0.000001 0.000000 0.000001 0.000000 0.000003 0.000002 0.000009 0.000020 0.000028 0.000041 0.000063 0.000091 0.000154 0.000237 0.000344 0.000523 0.000809 0.001145 0.001603 0.002126 0.002939 0.004015 0.005312 0.006899 0.009131 0.011222 0.014034 0.017083 0.020407 0.024064 0.028135 0.031972 0.036396 0.039779 0.043991 0.046668 0.048677 0.050699 0.051640 0.051597 0.051049 0.049313 0.047235 0.043778 0.040454 0.036651 0.032557 0.028188 0.024045 0.020432 0.016938 0.013674 0.010965 0.008506 0.006715 0.005040 0.003746 0.002714 0.001892 0.001463 0.001012 0.000631 0.000415 0.000258 0.000180 0.000116 0.000064 0.000048 0.000023 0.000014 0.000010 0.000008 0.000004 0.000001 0.000000 0.000001 0.000000 0.000000 0.000000 0.000000 0.000000 
t: 0.001914062500 start: 250 end: 329 0.000004 0.000001 0.000007 0.000009 0.000019 0.000025 0.000049 0.000075 0.000104 0.000153 0.000234 0.000340 0.000564 0.000871 0.001157 0.001663 0.002306 0.003104 0.004154 0.005566 0.007179 0.009210 0.011778 0.014539 0.017430 0.021059 0.024991 0.028877 0.033074 0.037049 0.040523 0.044422 0.047077 0.049652 0.051229 0.052079 0.051592 0.050808 0.049321 0.046723 0.043679 0.039720 0.035927 0.031552 0.027389 0.023074 0.019681 0.016237 0.012911 0.010231 0.008135 0.006340 0.004601 0.003499 0.002464 0.001806 0.001289 0.000842 0.000576 0.000405 0.000223 0.000148 0.000101 0.000063 0.000044 0.000018 0.000010 0.000007 0.000005 0.000003 0.000002 0.000000 0.000001 0.000000 0.000000 0.000000 0.000000 0.000000 0.000000 0.000000 
t: 0.001849056604 start: 253 end: 331 0.000003 0.000005 0.000012 0.000008 0.000023 0.000036 0.000048 0.000081 0.000099 0.000178 0.000273 0.000397 0.000636 0.000927 0.001263 0.001819 0.002590 0.003326 0.004402 0.005963 0.007805 0.009999 0.012440 0.015413 0.018617 0.022395 0.026160 0.030101 0.034354 0.038332 0.042238 0.045496 0.047911 0.050694 0.051779 0.052350 0.051637 0.050569 0.048575 0.045866 0.042412 0.038403 0.034738 0.030407 0.025757 0.021898 0.018201 0.014908 0.012046 0.009536 0.007377 0.005521 0.004153 0.003017 0.002197 0.001498 0.001113 0.000709 0.000487 0.000303 0.000173 0.000117 0.000081 0.000062 0.000025 0.000017 0.000010 0.000003 0.000007 0.000003 0.000000 0.000001 0.000000 0.000000 0.000000 0.000000 0.000000 0.000000 0.000000 
t: 0.001788321168 start: 255 end: 332 0.000001 0.000005 0.000008 0.000010 0.000015 0.000023 0.000040 0.000061 0.000077 0.000130 0.000216 0.000316 0.000493 0.000695 0.001067 0.001545 0.002070 0.002900 0.003712 0.005036 0.006744 0.008604 0.010829 0.013618 0.016721 0.020443 0.023922 0.027940 0.031769 0.036499 0.040356 0.044130 0.046829 0.049490 0.051262 0.052187 0.052815 0.052048 0.049778 0.047276 0.044289 0.041019 0.036543 0.032262 0.028069 0.024074 0.020238 0.016780 0.013438 0.010625 0.008334 0.006235 0.004839 0.003542 0.002526 0.001855 0.001235 0.000869 0.000546 0.000374 0.000233 0.000146 0.000104 0.000061 0.000031 0.000026 0.000012 0.000007 0.000005 0.000000 0.000003 0.000000 0.000000 0.000000 0.000000 0.000000 0.000000 0.000000 
t: 0.001731448763 start: 257 end: 336 0.000002 0.000001 0.000006 0.000007 0.000014 0.000015 0.000029 0.000044 0.000068 0.000122 0.000157 0.000258 0.000403 0.000604 0.000863 0.001247 0.001766 0.002478 0.003346 0.004475 0.005808 0.007699 0.009799 0.012247 0.015375 0.018970 0.022224 0.026089 0.030247 0.034518 0.038875 0.042795 0.045912 0.048491 0.050674 0.052522 0.052920 0.052235 0.051131 0.048582 0.046198 0.042169 0.038446 0.034108 0.029838 0.025738 0.021990 0.018007 0.014508 0.011575 0.009142 0.006965 0.005315 0.003907 0.002854 0.002037 0.001411 0.000980 0.000636 0.000446 0.000266 0.000177 0.000104 0.000071 0.000036 0.000029 0.000013 0.000004 0.000005 0.000002 0.000004 0.000000 0.000001 0.000000 0.000000 0.000000 0.000000 0.000000 0.000000 0.000000 
t: 0.001678082192 start: 259 end: 338 0.000002 0.000003 0.000002 0.000004 0.000009 0.000016 0.000022 0.000033 0.000061 0.000094 0.000137 0.000222 0.000355 0.000478 0.000817 0.001067 0.001571 0.002196 0.002993 0.003994 0.005315 0.007026 0.009028 0.011283 0.014224 0.017485 0.021083 0.025105 0.029034 0.033240 0.037534 0.041746 0.044832 0.048305 0.050458 0.052466 0.052743 0.052860 0.051528 0.049957 0.047017 0.043960 0.039341 0.035694 0.031211 0.026956 0.023024 0.019134 0.015182 0.012396 0.009912 0.007381 0.005551 0.004090 0.003096 0.002245 0.001516 0.001038 0.000668 0.000465 0.000316 0.000194 0.000101 0.000075 0.000047 0.000035 0.000013 0.000009 0.000001 0.000001 0.000001 0.000002 0.000000 0.000000 0.000000 0.000000 0.000000 0.000000 0.000000 0.000000 
t: 0.001627906977 start: 260 end: 340 0.000002 0.000001 0.000002 0.000003 0.000004 0.000010 0.000014 0.000019 0.000025 0.000055 0.000070 0.000136 0.000190 0.000307 0.000441 0.000672 0.000978 0.001456 0.001990 0.002828 0.003700 0.004924 0.006533 0.008558 0.010781 0.013324 0.016592 0.020439 0.024263 0.028156 0.032729 0.036454 0.040837 0.044670 0.047608 0.050020 0.052700 0.053135 0.053082 0.052402 0.050345 0.047848 0.044343 0.040874 0.036176 0.032202 0.027873 0.023755 0.019345 0.015868 0.013014 0.010156 0.007830 0.005812 0.004315 0.003285 0.002199 0.001570 0.001071 0.000736 0.000483 0.000299 0.000179 0.000118 0.000098 0.000044 0.000028 0.000012 0.000005 0.000004 0.000001 0.000000 0.000001 0.000001 0.000000 0.000000 0.000000 0.000000 0.000000 0.000000 0.000000 
t: 0.001580645161 start: 261 end: 340 0.000001 0.000000 0.000002 0.000001 0.000002 0.000004 0.000006 0.000012 0.000015 0.000024 0.000043 0.000081 0.000119 0.000181 0.000261 0.000415 0.000610 0.000963 0.001334 0.001823 0.002713 0.003559 0.004729 0.006279 0.008204 0.010473 0.013190 0.016068 0.019899 0.023697 0.027606 0.032068 0.036234 0.040535 0.044434 0.047541 0.050470 0.052767 0.053080 0.053448 0.052689 0.050995 0.048194 0.044739 0.040908 0.037004 0.032727 0.028344 0.023910 0.019875 0.016147 0.012985 0.010238 0.007921 0.005956 0.004398 0.003194 0.002313 0.001528 0.001086 0.000698 0.000487 0.000300 0.000181 0.000132 0.000075 0.000035 0.000030 0.000008 0.000007 0.000002 0.000000 0.000002 0.000001 0.000000 0.000000 0.000000 0.000000 0.000000 0.000000 
t: 0.001536050157 start: 262 end: 341 0.000001 0.000000 0.000000 0.000002 0.000003 0.000001 0.000005 0.000008 0.000006 0.000013 0.000024 0.000053 0.000083 0.000107 0.000164 0.000232 0.000404 0.000611 0.000928 0.001287 0.001873 0.002527 0.003512 0.004585 0.006145 0.008171 0.010325 0.012932 0.016260 0.019550 0.023664 0.027601 0.031948 0.036332 0.040547 0.044381 0.047827 0.050580 0.052535 0.053956 0.053711 0.052801 0.051146 0.048411 0.044795 0.041322 0.037097 0.032922 0.028258 0.023812 0.019615 0.016262 0.012703 0.010076 0.007884 0.005945 0.004180 0.003208 0.002290 0.001510 0.000985 0.000702 0.000459 0.000295 0.000169 0.000113 0.000072 0.000039 0.000019 0.000006 0.000006 0.000001 0.000002 0.000001 0.000000 0.000000 0.000000 0.000000 0.000000 0.000000 
t: 0.001493902439 start: 265 end: 343 0.000001 0.000001 0.000000 0.000003 0.000005 0.000005 0.000003 0.000010 0.000016 0.000021 0.000040 0.000083 0.000119 0.000165 0.000265 0.000363 0.000607 0.000914 0.001362 0.001773 0.002579 0.003373 0.004667 0.006300 0.008148 0.010370 0.013175 0.016195 0.019930 0.023736 0.028055 0.032229 0.036710 0.040861 0.044874 0.048489 0.051179 0.052579 0.053901 0.053937 0.053308 0.050929 0.048169 0.045421 0.040981 0.036721 0.032449 0.027826 0.023324 0.019387 0.015886 0.012486 0.009815 0.007422 0.005595 0.004125 0.002943 0.002063 0.001473 0.000942 0.000615 0.000423 0.000281 0.000143 0.000093 0.000063 0.000037 0.000020 0.000009 0.000006 0.000001 0.000000 0.000001 0.000000 0.000000 0.000000 0.000000 0.000000 0.000000 
t: 0.001454005935 start: 268 end: 346 0.000002 0.000001 0.000003 0.000001 0.000004 0.000004 0.000015 0.000020 0.000022 0.000047 0.000083 0.000117 0.000172 0.000279 0.000413 0.000653 0.000952 0.001350 0.001831 0.002556 0.003500 0.004851 0.006320 0.008409 0.010897 0.013480 0.016574 0.020294 0.024357 0.028614 0.033095 0.037238 0.041423 0.045961 0.048864 0.051458 0.053522 0.054183 0.054225 0.053251 0.050880 0.048028 0.044406 0.040846 0.036224 0.031345 0.027040 0.022691 0.018881 0.015170 0.011876 0.009281 0.006957 0.005291 0.003731 0.002699 0.002000 0.001310 0.000849 0.000557 0.000340 0.000218 0.000131 0.000095 0.000059 0.000022 0.000017 0.000011 0.000002 0.000001 0.000001 0.000000 0.000000 0.000000 0.000000 0.000000 0.000000 0.000000 0.000000 
t: 0.001416184971 start: 268 end: 346 0.000001 0.000000 0.000001 0.000002 0.000002 0.000002 0.000003 0.000005 0.000012 0.000013 0.000042 0.000039 0.000083 0.000121 0.000194 0.000312 0.000438 0.000706 0.000975 0.001359 0.001947 0.002784 0.003746 0.004998 0.006729 0.008860 0.011246 0.014003 0.017322 0.021276 0.025089 0.029660 0.033747 0.038734 0.042950 0.046171 0.050123 0.052127 0.053858 0.054383 0.054406 0.052951 0.050505 0.047450 0.043833 0.039907 0.035312 0.030247 0.026095 0.021541 0.017885 0.014217 0.011135 0.008543 0.006389 0.004732 0.003560 0.002404 0.001645 0.001171 0.000803 0.000450 0.000284 0.000199 0.000120 0.000076 0.000039 0.000018 0.000009 0.000006 0.000004 0.000001 0.000000 0.000000 0.000000 0.000000 0.000000 0.000000 0.000000 
t: 0.001380281690 start: 270 end: 348 0.000001 0.000000 0.000003 0.000001 0.000002 0.000001 0.000001 0.000005 0.000012 0.000023 0.000038 0.000048 0.000092 0.000129 0.000216 0.000336 0.000490 0.000729 0.001080 0.001419 0.002133 0.003000 0.004084 0.005354 0.007221 0.009333 0.011910 0.014992 0.018502 0.022222 0.026343 0.031107 0.035184 0.039732 0.044425 0.047717 0.050755 0.053027 0.054415 0.054931 0.054208 0.051797 0.050379 0.046725 0.042761 0.038599 0.033665 0.029184 0.024528 0.020400 0.016436 0.013207 0.010158 0.007796 0.005821 0.004225 0.002870 0.002085 0.001458 0.001049 0.000605 0.000422 0.000251 0.000148 0.000101 0.000049 0.000030 0.000013 0.000011 0.000004 0.000001 0.000001 0.000000 0.000000 0.000000 0.000000 0.000000 0.000000 0.000000 
t: 0.001346153846 start: 273 end: 349 0.000001 0.000002 0.000003 0.000001 0.000000 0.000004 0.000007 0.000014 0.000024 0.000042 0.000058 0.000096 0.000148 0.000227 0.000384 0.000549 0.000819 0.001179 0.001630 0.002280 0.003234 0.004435 0.006021 0.007816 0.010127 0.012927 0.016069 0.019750 0.023805 0.027945 0.032426 0.037093 0.041398 0.045597 0.048994 0.052174 0.053998 0.055110 0.054693 0.054071 0.051795 0.049224 0.045241 0.041374 0.036878 0.032136 0.027401 0.022968 0.018651 0.015034 0.011889 0.009101 0.006868 0.005039 0.003565 0.002585 0.001753 0.001275 0.000796 0.000519 0.000288 0.000191 0.000116 0.000082 0.000042 0.000018 0.000015 0.000003 0.000001 0.000000 0.000000 0.000001 0.000000 0.000000 0.000000 0.000000 0.000000 
t: 0.001313672922 start: 273 end: 348 0.000001 0.000000 0.000000 0.000000 0.000003 0.000001 0.000003 0.000001 0.000006 0.000020 0.000023 0.000049 0.000076 0.000107 0.000185 0.000251 0.000418 0.000647 0.000893 0.001286 0.001849 0.002725 0.003568 0.005001 0.006677 0.008633 0.011113 0.014118 0.017421 0.021326 0.025554 0.030092 0.034508 0.038692 0.043469 0.047088 0.050872 0.053120 0.054879 0.055250 0.054736 0.053638 0.050810 0.048021 0.044172 0.039425 0.034855 0.029822 0.025576 0.020792 0.016886 0.013530 0.010416 0.007970 0.005889 0.004289 0.003003 0.002181 0.001476 0.000993 0.000619 0.000393 0.000236 0.000153 0.000094 0.000042 0.000035 0.000016 0.000005 0.000000 0.000000 0.000001 0.000000 0.000001 0.000000 0.000000 
t: 0.001282722513 start: 275 end: 350 0.000001 0.000000 0.000000 0.000001 0.000001 0.000001 0.000000 0.000010 0.000008 0.000013 0.000034 0.000052 0.000092 0.000138 0.000221 0.000331 0.000472 0.000722 0.000966 0.001588 0.002223 0.003108 0.004176 0.005481 0.007479 0.009759 0.012393 0.015588 0.019194 0.023439 0.027441 0.032166 0.036693 0.041202 0.045556 0.048993 0.052230 0.054628 0.055469 0.055248 0.054327 0.052696 0.050099 0.045973 0.042132 0.037415 0.032248 0.027633 0.023092 0.018594 0.015158 0.011796 0.009168 0.006688 0.004909 0.003609 0.002508 0.001780 0.001152 0.000720 0.000479 0.000301 0.000190 0.000092 0.000064 0.000037 0.000008 0.000007 0.000006 0.000000 0.000001 0.000001 0.000000 0.000000 0.000000 0.000000 
t: 0.001253196931 start: 276 end: 349 0.000001 0.000000 0.000000 0.000000 0.000000 0.000002 0.000000 0.000003 0.000010 0.000012 0.000027 0.000043 0.000060 0.000114 0.000172 0.000254 0.000407 0.000532 0.000888 0.001245 0.001816 0.002650 0.003559 0.004882 0.006382 0.008582 0.011035 0.013992 0.017381 0.021189 0.025498 0.030059 0.034353 0.039251 0.043937 0.047343 0.051237 0.053792 0.055793 0.055752 0.055337 0.053628 0.051680 0.048471 0.043764 0.039296 0.034839 0.029885 0.024812 0.020473 0.016585 0.013071 0.010068 0.007590 0.005676 0.004069 0.002990 0.001958 0.001309 0.000816 0.000606 0.000340 0.000211 0.000133 0.000061 0.000046 0.000014 0.000011 0.000003 0.000003 0.000002 0.000000 0.000000 0.000000 
t: 0.001225000000 start: 276 end: 349 0.000001 0.000000 0.000000 0.000000 0.000000 0.000000 0.000001 0.000000 0.000001 0.000009 0.000009 0.000015 0.000033 0.000056 0.000088 0.000127 0.000229 0.000301 0.000512 0.000690 0.001024 0.001571 0.002282 0.003086 0.004227 0.005593 0.007475 0.009841 0.012687 0.015841 0.019472 0.023680 0.027931 0.032926 0.037476 0.041871 0.046228 0.049892 0.053423 0.054888 0.056476 0.055960 0.054776 0.053041 0.049396 0.045814 0.041598 0.036832 0.031642 0.026566 0.022115 0.018058 0.014281 0.011087 0.008476 0.006258 0.004533 0.003329 0.002209 0.001439 0.001033 0.000614 0.000413 0.000263 0.000128 0.000091 0.000046 0.000018 0.000011 0.000005 0.000004 0.000002 0.000000 0.000000 
t: 0.001198044010 start: 277 end: 349 0.000001 0.000000 0.000000 0.000000 0.000000 0.000000 0.000000 0.000000 0.000002 0.000004 0.000010 0.000014 0.000021 0.000041 0.000070 0.000108 0.000168 0.000272 0.000439 0.000581 0.000842 0.001330 0.001912 0.002761 0.003660 0.005125 0.006792 0.008735 0.011364 0.014619 0.018078 0.021966 0.026338 0.031125 0.035851 0.040598 0.044885 0.048761 0.052413 0.054889 0.056114 0.056510 0.055792 0.053861 0.051142 0.047635 0.042986 0.038692 0.033194 0.028068 0.023739 0.019336 0.015489 0.012010 0.009217 0.006908 0.004948 0.003571 0.002417 0.001730 0.001076 0.000699 0.000455 0.000270 0.000168 0.000097 0.000049 0.000023 0.000015 0.000009 0.000002 0.000003 0.000000 
t: 0.001172248804 start: 277 end: 285 0.000001 0.000000 0.000000 0.000000 0.000000 0.000000 0.000000 0.000000 0.000000 
t: 0.001147540984 start: 277 end: 285 0.000001 0.000000 0.000000 0.000000 0.000000 0.000000 0.000000 0.000000 0.000000 
t: 0.001123853211 start: 279 end: 287 0.000001 0.000000 0.000000 0.000000 0.000000 0.000000 0.000000 0.000000 0.000000 
t: 0.001101123596 start: 282 end: 355 0.000001 0.000000 0.000000 0.000000 0.000000 0.000000 0.000000 0.000001 0.000002 0.000008 0.000004 0.000011 0.000016 0.000037 0.000058 0.000091 0.000138 0.000254 0.000382 0.000530 0.000780 0.001158 0.001738 0.002480 0.003567 0.004792 0.006443 0.008385 0.011215 0.014124 0.017722 0.021632 0.026318 0.031121 0.036106 0.040996 0.045564 0.049661 0.053355 0.055800 0.057544 0.058138 0.056902 0.054981 0.051510 0.047918 0.043449 0.038353 0.032907 0.027707 0.022940 0.018735 0.014807 0.011382 0.008484 0.006175 0.004558 0.003069 0.002177 0.001450 0.000941 0.000591 0.000347 0.000188 0.000103 0.000073 0.000040 0.000018 0.000013 0.000002 0.000006 0.000000 0.000002 0.000000 
t: 0.001079295154 start: 283 end: 357 0.000001 0.000000 0.000000 0.000000 0.000000 0.000000 0.000000 0.000001 0.000003 0.000003 0.000007 0.000010 0.000019 0.000026 0.000040 0.000078 0.000131 0.000237 0.000364 0.000494 0.000704 0.001127 0.001616 0.002349 0.003180 0.004454 0.006057 0.008128 0.010651 0.013715 0.017105 0.020978 0.025510 0.030299 0.035543 0.040161 0.045253 0.049349 0.052838 0.055842 0.057669 0.058266 0.057689 0.055327 0.052453 0.048566 0.044156 0.039141 0.033563 0.028539 0.023367 0.019331 0.015012 0.011649 0.008780 0.006361 0.004649 0.003183 0.002211 0.001455 0.000917 0.000646 0.000353 0.000177 0.000110 0.000073 0.000038 0.000027 0.000008 0.000007 0.000001 0.000002 0.000001 0.000000 0.000000 
t: 0.001058315335 start: 287 end: 360 0.000001 0.000000 0.000000 0.000000 0.000000 0.000003 0.000004 0.000006 0.000009 0.000014 0.000024 0.000038 0.000072 0.000145 0.000215 0.000287 0.000444 0.000694 0.001041 0.001475 0.002237 0.002997 0.004243 0.005875 0.007666 0.010487 0.013083 0.016598 0.020426 0.024828 0.030130 0.034747 0.039795 0.044735 0.049171 0.052841 0.055758 0.058086 0.058604 0.057694 0.056080 0.052974 0.049118 0.044711 0.039580 0.034346 0.028743 0.024100 0.019553 0.015227 0.011779 0.008755 0.006586 0.004664 0.003261 0.002222 0.001484 0.000965 0.000561 0.000370 0.000186 0.000113 0.000070 0.000037 0.000021 0.000011 0.000004 0.000003 0.000001 0.000002 0.000000 0.000000 0.000000 0.000000 
t: 0.001038135593 start: 291 end: 364 0.000001 0.000001 0.000000 0.000002 0.000005 0.000011 0.000016 0.000021 0.000038 0.000061 0.000124 0.000177 0.000288 0.000451 0.000635 0.000974 0.001500 0.002103 0.002828 0.004144 0.005570 0.007554 0.009793 0.012966 0.016397 0.020051 0.024626 0.029373 0.034470 0.039549 0.044529 0.048878 0.053130 0.056026 0.058084 0.058765 0.058196 0.056225 0.053541 0.049547 0.044914 0.040018 0.034571 0.029432 0.024252 0.019714 0.015321 0.011774 0.008867 0.006603 0.004566 0.003320 0.002187 0.001492 0.000956 0.000593 0.000344 0.000175 0.000116 0.000059 0.000037 0.000019 0.000010 0.000006 0.000001 0.000002 0.000001 0.000000 0.000000 0.000000 0.000000 0.000000 0.000000 0.000000 
t: 0.001018711019 start: 293 end: 364 0.000001 0.000000 0.000003 0.000003 0.000009 0.000012 0.000024 0.000045 0.000053 0.000093 0.000172 0.000283 0.000401 0.000617 0.000993 0.001391 0.001997 0.002887 0.003995 0.005458 0.007206 0.009703 0.012759 0.015978 0.019944 0.024548 0.029249 0.033959 0.039504 0.044448 0.048980 0.052954 0.056201 0.058227 0.059111 0.058497 0.056814 0.053444 0.049967 0.045242 0.040228 0.034777 0.029576 0.024521 0.019541 0.015536 0.011730 0.008812 0.006425 0.004642 0.003159 0.002167 0.001481 0.000901 0.000592 0.000325 0.000179 0.000102 0.000067 0.000035 0.000014 0.000010 0.000004 0.000002 0.000002 0.000000 0.000000 0.000000 0.000000 0.000000 0.000000 0.000000 
t: 0.001000000000 start: 293 end: 365 0.000001 0.000000 0.000001 0.000001 0.000002 0.000008 0.000013 0.000025 0.000033 0.000074 0.000069 0.000154 0.000277 0.000384 0.000659 0.000881 0.001334 0.002014 0.002810 0.003896 0.005355 0.007219 0.009612 0.012529 0.015930 0.019770 0.024577 0.028973 0.034102 0.039489 0.044476 0.049175 0.053339 0.056318 0.058400 0.059433 0.058910 0.056856 0.053768 0.050107 0.045398 0.040230 0.034725 0.029622 0.024391 0.019419 0.015222 0.011648 0.008824 0.006366 0.004395 0.003152 0.002113 0.001392 0.000880 0.000550 0.000293 0.000189 0.000083 0.000071 0.000030 0.000018 0.000009 0.000004 0.000001 0.000001 0.000000 0.000000 0.000000 0.000000 0.000000 0.000000 0.000000 
