t: 0.059999999999 start: 16 end: 54 0.000001 0.000000 0.000013 0.000055 0.000214 0.000677 0.001882 0.004634 0.010436 0.020375 0.036053 0.056622 0.079985 0.102670 0.118089 0.124302 0.118279 0.102402 0.080876 0.057762 0.038267 0.022472 0.012712 0.006374 0.002910 0.001216 0.000490 0.000154 0.000050 0.000019 0.000007 0.000002 0.000000 0.000000 0.000000 0.000000 0.000000 0.000000 0.000000 
t: 0.054545454544 start: 19 end: 57 0.000002 0.000009 0.000040 0.000161 0.000430 0.001224 0.003059 0.006894 0.013928 0.025223 0.041702 0.062053 0.083682 0.102894 0.115619 0.119034 0.111631 0.095644 0.076617 0.055136 0.036771 0.022830 0.012958 0.006700 0.003286 0.001483 0.000615 0.000265 0.000087 0.000018 0.000005 0.000000 0.000000 0.000000 0.000000 0.000000 0.000000 0.000000 0.000000 
t: 0.049999999999 start: 21 end: 62 0.000001 0.000008 0.000027 0.000092 0.000331 0.000823 0.002108 0.004708 0.009694 0.017997 0.030641 0.047625 0.067608 0.086921 0.103500 0.113027 0.113299 0.105423 0.089768 0.071051 0.052010 0.035114 0.022267 0.012749 0.006946 0.003427 0.001684 0.000722 0.000271 0.000112 0.000028 0.000009 0.000008 0.000001 0.000000 0.000000 0.000000 0.000000 0.000000 0.000000 0.000000 0.000000 
t: 0.046153846153 start: 23 end: 65 0.000002 0.000006 0.000016 0.000075 0.000221 0.000576 0.001501 0.003376 0.007014 0.013194 0.023120 0.036611 0.053910 0.072677 0.089730 0.103365 0.110081 0.108844 0.098534 0.083405 0.066170 0.048018 0.032975 0.020923 0.012362 0.006761 0.003599 0.001705 0.000705 0.000319 0.000134 0.000045 0.000017 0.000005 0.000004 0.000000 0.000000 0.000000 0.000000 0.000000 0.000000 0.000000 0.000000 
t: 0.042857142857 start: 26 end: 69 0.000007 0.000023 0.000043 0.000162 0.000459 0.001083 0.002477 0.005215 0.009879 0.017600 0.028774 0.043065 0.059933 0.077195 0.092869 0.103097 0.106283 0.102753 0.092827 0.077538 0.060694 0.044327 0.029856 0.019283 0.011515 0.006571 0.003456 0.001736 0.000710 0.000330 0.000141 0.000067 0.000017 0.000008 0.000006 0.000000 0.000001 0.000000 0.000000 0.000000 0.000000 0.000000 0.000000 0.000000 
t: 0.040000000000 start: 27 end: 74 0.000002 0.000002 0.000011 0.000047 0.000115 0.000344 0.000810 0.001905 0.003934 0.007657 0.013821 0.022587 0.034486 0.049429 0.065992 0.082063 0.094561 0.102581 0.102796 0.096865 0.086395 0.070817 0.054966 0.039876 0.027458 0.017551 0.010622 0.006114 0.003237 0.001640 0.000754 0.000331 0.000147 0.000049 0.000021 0.000009 0.000002 0.000001 0.000001 0.000001 0.000000 0.000000 0.000000 0.000000 0.000000 0.000000 0.000000 0.000000 
t: 0.037500000000 start: 28 end: 75 0.000001 0.000001 0.000003 0.000010 0.000043 0.000082 0.000251 0.000658 0.001460 0.003067 0.005925 0.010936 0.017899 0.028122 0.041404 0.055840 0.071913 0.085943 0.095765 0.100727 0.098877 0.090935 0.079440 0.064491 0.049511 0.036059 0.024512 0.015615 0.009469 0.005419 0.002863 0.001462 0.000712 0.000339 0.000143 0.000062 0.000026 0.000013 0.000001 0.000000 0.000001 0.000000 0.000000 0.000000 0.000000 0.000000 0.000000 0.000000 
t: 0.035294117647 start: 29 end: 78 0.000001 0.000000 0.000000 0.000003 0.000012 0.000033 0.000079 0.000198 0.000489 0.001125 0.002495 0.004826 0.008627 0.014697 0.023021 0.034701 0.048267 0.062727 0.077315 0.088561 0.096157 0.097655 0.094220 0.085117 0.072121 0.058341 0.044246 0.031575 0.021528 0.013876 0.008115 0.004780 0.002628 0.001292 0.000671 0.000273 0.000133 0.000055 0.000022 0.000013 0.000002 0.000001 0.000001 0.000001 0.000000 0.000000 0.000000 0.000000 0.000000 0.000000 
t: 0.033333333333 start: 33 end: 81 0.000001 0.000002 0.000006 0.000030 0.000065 0.000199 0.000401 0.000961 0.001991 0.003991 0.007224 0.012174 0.019177 0.029553 0.041443 0.054707 0.069438 0.081604 0.090515 0.095171 0.094635 0.088582 0.078407 0.065273 0.052044 0.039298 0.027472 0.018309 0.011579 0.007125 0.004168 0.002271 0.001171 0.000542 0.000270 0.000114 0.000055 0.000021 0.000006 0.000004 0.000000 0.000000 0.000000 0.000001 0.000000 0.000000 0.000000 0.000000 0.000000 
t: 0.031578947368 start: 36 end: 84 0.000004 0.000006 0.000027 0.000068 0.000152 0.000369 0.000772 0.001637 0.003285 0.006015 0.010317 0.016488 0.024942 0.035993 0.048895 0.061897 0.074717 0.084959 0.091528 0.093917 0.089821 0.082298 0.071381 0.058500 0.045729 0.033814 0.023466 0.015823 0.010051 0.006010 0.003377 0.001908 0.000956 0.000485 0.000234 0.000083 0.000051 0.000014 0.000009 0.000001 0.000000 0.000000 0.000001 0.000000 0.000000 0.000000 0.000000 0.000000 0.000000 
t: 0.030000000000 start: 37 end: 87 0.000002 0.000000 0.000007 0.000025 0.000071 0.000127 0.000290 0.000715 0.001433 0.002820 0.005086 0.008846 0.014202 0.021904 0.031611 0.042910 0.055822 0.068760 0.079150 0.087755 0.090994 0.090557 0.084871 0.075412 0.064306 0.051533 0.039506 0.028808 0.020209 0.013187 0.008358 0.004860 0.002838 0.001486 0.000797 0.000416 0.000178 0.000090 0.000032 0.000017 0.000004 0.000003 0.000001 0.000001 0.000000 0.000000 0.000000 0.000000 0.000000 0.000000 0.000000 
t: 0.028571428571 start: 40 end: 90 0.000001 0.000009 0.000021 0.000037 0.000126 0.000287 0.000605 0.001290 0.002496 0.004429 0.007704 0.012507 0.019191 0.027695 0.038472 0.050784 0.062887 0.074292 0.083104 0.088588 0.089503 0.085861 0.078526 0.068380 0.057097 0.044791 0.033960 0.024356 0.016632 0.010991 0.006795 0.003918 0.002161 0.001245 0.000662 0.000322 0.000164 0.000067 0.000024 0.000012 0.000004 0.000002 0.000002 0.000000 0.000000 0.000000 0.000000 0.000000 0.000000 0.000000 0.000000 
t: 0.027272727273 start: 42 end: 92 0.000003 0.000007 0.000018 0.000047 0.000102 0.000265 0.000547 0.001079 0.002168 0.003978 0.006853 0.011130 0.016978 0.025231 0.034694 0.046114 0.058179 0.069479 0.078879 0.085102 0.087509 0.086156 0.081127 0.072060 0.060976 0.049720 0.038247 0.028481 0.020219 0.013756 0.008730 0.005381 0.003119 0.001771 0.000957 0.000494 0.000232 0.000123 0.000054 0.000020 0.000007 0.000005 0.000003 0.000000 0.000000 0.000000 0.000000 0.000000 0.000000 0.000000 0.000000 
t: 0.026086956522 start: 42 end: 94 0.000001 0.000002 0.000001 0.000004 0.000019 0.000044 0.000126 0.000234 0.000491 0.001039 0.001965 0.003548 0.006150 0.009952 0.015481 0.022787 0.031526 0.042648 0.054033 0.064924 0.074931 0.081901 0.085648 0.085742 0.081664 0.074617 0.064269 0.053840 0.042811 0.032147 0.023758 0.016261 0.010990 0.006922 0.004322 0.002446 0.001318 0.000725 0.000363 0.000189 0.000085 0.000053 0.000015 0.000005 0.000003 0.000000 0.000000 0.000000 0.000000 0.000000 0.000000 0.000000 0.000000 
t: 0.025000000000 start: 43 end: 96 0.000001 0.000001 0.000001 0.000004 0.000004 0.000018 0.000052 0.000094 0.000251 0.000487 0.000932 0.001789 0.003297 0.005639 0.009080 0.014085 0.020884 0.029397 0.039102 0.050318 0.061003 0.071200 0.078936 0.083716 0.084632 0.082308 0.075879 0.067116 0.056984 0.046325 0.035835 0.026785 0.019236 0.013282 0.008551 0.005534 0.003195 0.001914 0.001037 0.000568 0.000267 0.000141 0.000072 0.000026 0.000018 0.000004 0.000000 0.000000 0.000000 0.000000 0.000000 0.000000 0.000000 0.000000 
t: 0.024000000000 start: 45 end: 98 0.000001 0.000000 0.000001 0.000004 0.000009 0.000029 0.000051 0.000108 0.000213 0.000461 0.000893 0.001676 0.003000 0.005299 0.008372 0.013051 0.019446 0.027333 0.036534 0.047108 0.058014 0.067762 0.075629 0.081427 0.083256 0.081712 0.077351 0.069249 0.059816 0.049486 0.039024 0.029924 0.021826 0.015408 0.010429 0.006593 0.004143 0.002476 0.001300 0.000783 0.000417 0.000204 0.000110 0.000044 0.000017 0.000007 0.000004 0.000000 0.000000 0.000000 0.000000 0.000000 0.000000 0.000000 
t: 0.023076923077 start: 48 end: 102 0.000001 0.000000 0.000011 0.000011 0.000021 0.000059 0.000095 0.000217 0.000427 0.000940 0.001587 0.002861 0.005047 0.008008 0.012237 0.018326 0.025474 0.034486 0.044735 0.054810 0.064622 0.073103 0.078908 0.081448 0.081907 0.077616 0.070088 0.062083 0.052125 0.042319 0.032693 0.024309 0.017318 0.012090 0.007975 0.005148 0.002991 0.001785 0.001024 0.000503 0.000313 0.000140 0.000077 0.000035 0.000017 0.000006 0.000003 0.000001 0.000000 0.000000 0.000000 0.000000 0.000000 0.000000 0.000000 
t: 0.022222222222 start: 50 end: 106 0.000001 0.000002 0.000006 0.000006 0.000023 0.000051 0.000105 0.000237 0.000429 0.000842 0.001649 0.002741 0.004774 0.007652 0.011656 0.017228 0.024617 0.033000 0.042282 0.052549 0.061996 0.070253 0.076838 0.080565 0.080638 0.077872 0.071059 0.063338 0.054527 0.044272 0.034981 0.026971 0.019294 0.013519 0.009217 0.005973 0.003714 0.002287 0.001311 0.000737 0.000378 0.000220 0.000095 0.000054 0.000020 0.000017 0.000002 0.000001 0.000001 0.000000 0.000000 0.000000 0.000000 0.000000 0.000000 0.000000 0.000000 
t: 0.021428571428 start: 53 end: 108 0.000004 0.000005 0.000008 0.000026 0.000060 0.000100 0.000219 0.000440 0.000865 0.001550 0.002716 0.004657 0.007435 0.011329 0.016481 0.023465 0.031560 0.041074 0.050250 0.059736 0.068544 0.074400 0.079129 0.079492 0.077237 0.071972 0.064791 0.055984 0.046311 0.037114 0.028783 0.021338 0.014982 0.010488 0.006814 0.004394 0.002688 0.001621 0.000902 0.000510 0.000269 0.000136 0.000060 0.000033 0.000012 0.000011 0.000003 0.000002 0.000000 0.000000 0.000000 0.000000 0.000000 0.000000 0.000000 0.000000 
t: 0.020689655172 start: 54 end: 111 0.000001 0.000001 0.000008 0.000013 0.000022 0.000043 0.000117 0.000206 0.000454 0.000871 0.001578 0.002663 0.004577 0.007261 0.011086 0.016013 0.022829 0.030471 0.039363 0.048615 0.057936 0.066119 0.073012 0.077614 0.078802 0.076637 0.072069 0.065867 0.057050 0.047902 0.039175 0.030516 0.022753 0.016426 0.011556 0.007833 0.005018 0.003192 0.001955 0.001018 0.000656 0.000360 0.000145 0.000105 0.000050 0.000022 0.000013 0.000004 0.000002 0.000001 0.000000 0.000000 0.000000 0.000000 0.000000 0.000000 0.000000 0.000000 
t: 0.020000000000 start: 56 end: 113 0.000003 0.000001 0.000007 0.000013 0.000017 0.000039 0.000132 0.000206 0.000483 0.000893 0.001591 0.002712 0.004434 0.007214 0.010889 0.015548 0.022098 0.029817 0.038433 0.047502 0.056308 0.064877 0.071592 0.076008 0.077573 0.076351 0.072319 0.065728 0.057982 0.049427 0.040474 0.031515 0.024300 0.017751 0.012711 0.008612 0.005710 0.003615 0.002211 0.001295 0.000748 0.000437 0.000208 0.000107 0.000057 0.000029 0.000013 0.000005 0.000003 0.000000 0.000002 0.000000 0.000000 0.000000 0.000000 0.000000 0.000000 0.000000 
t: 0.019354838710 start: 58 end: 116 0.000002 0.000004 0.000002 0.000010 0.000026 0.000054 0.000129 0.000262 0.000495 0.000900 0.001590 0.002765 0.004553 0.007161 0.010756 0.015653 0.021653 0.029248 0.037916 0.046259 0.055314 0.063512 0.070384 0.074285 0.076568 0.075644 0.071914 0.065832 0.058954 0.050199 0.041477 0.033009 0.025286 0.018945 0.013644 0.009347 0.006224 0.003997 0.002614 0.001513 0.000878 0.000498 0.000253 0.000128 0.000090 0.000019 0.000019 0.000009 0.000004 0.000000 0.000001 0.000001 0.000000 0.000000 0.000000 0.000000 0.000000 0.000000 0.000000 
t: 0.018750000000 start: 60 end: 119 0.000001 0.000003 0.000006 0.000010 0.000024 0.000068 0.000150 0.000307 0.000515 0.000921 0.001661 0.002883 0.004664 0.007054 0.010776 0.015527 0.021806 0.029261 0.036735 0.045895 0.054444 0.062417 0.068614 0.073322 0.075863 0.074757 0.071835 0.065750 0.059253 0.050682 0.042214 0.034075 0.026309 0.019840 0.014330 0.009995 0.006750 0.004538 0.002780 0.001747 0.001018 0.000541 0.000325 0.000173 0.000082 0.000033 0.000024 0.000014 0.000005 0.000001 0.000001 0.000000 0.000001 0.000000 0.000000 0.000000 0.000000 0.000000 0.000000 0.000000 
t: 0.018181818182 start: 62 end: 120 0.000003 0.000003 0.000006 0.000013 0.000036 0.000073 0.000175 0.000295 0.000554 0.000985 0.001802 0.002987 0.004741 0.007309 0.010989 0.015641 0.021682 0.028792 0.036980 0.045523 0.053892 0.060936 0.067672 0.072401 0.074825 0.074376 0.071157 0.065876 0.058568 0.051152 0.042906 0.034854 0.027137 0.020408 0.014918 0.010614 0.007399 0.004823 0.003015 0.001887 0.001109 0.000698 0.000385 0.000201 0.000098 0.000054 0.000027 0.000016 0.000002 0.000003 0.000002 0.000000 0.000000 0.000000 0.000000 0.000000 0.000000 0.000000 0.000000 
t: 0.017647058823 start: 64 end: 122 0.000001 0.000004 0.000006 0.000018 0.000044 0.000072 0.000191 0.000331 0.000622 0.001141 0.001835 0.002987 0.005014 0.007644 0.011095 0.016128 0.021635 0.028864 0.036952 0.045268 0.052975 0.060731 0.066662 0.071823 0.074178 0.073346 0.070823 0.065629 0.058930 0.051025 0.042887 0.034678 0.027668 0.021105 0.015614 0.011150 0.007660 0.004970 0.003292 0.002087 0.001263 0.000740 0.000408 0.000246 0.000144 0.000056 0.000039 0.000009 0.000006 0.000002 0.000002 0.000000 0.000000 0.000000 0.000000 0.000000 0.000000 0.000000 0.000000 
t: 0.017142857143 start: 65 end: 125 0.000001 0.000001 0.000001 0.000011 0.000019 0.000051 0.000095 0.000209 0.000392 0.000674 0.001203 0.002010 0.003155 0.005266 0.007948 0.011595 0.016390 0.022023 0.029049 0.036859 0.045007 0.052879 0.060063 0.066981 0.070653 0.073242 0.072637 0.070662 0.065038 0.058332 0.050704 0.043267 0.035207 0.027810 0.021248 0.015931 0.011265 0.007897 0.005318 0.003459 0.002313 0.001363 0.000808 0.000444 0.000262 0.000118 0.000076 0.000033 0.000018 0.000008 0.000001 0.000003 0.000001 0.000000 0.000000 0.000000 0.000000 0.000000 0.000000 0.000000 0.000000 
t: 0.016666666667 start: 67 end: 125 0.000001 0.000000 0.000005 0.000011 0.000017 0.000050 0.000123 0.000223 0.000419 0.000769 0.001320 0.002193 0.003592 0.005475 0.008239 0.011936 0.016673 0.022794 0.029547 0.037121 0.044859 0.052966 0.060347 0.066082 0.070396 0.072075 0.072110 0.069626 0.064553 0.057845 0.050655 0.042994 0.035160 0.028071 0.021427 0.015741 0.011544 0.008104 0.005576 0.003692 0.002325 0.001428 0.000874 0.000454 0.000287 0.000150 0.000082 0.000027 0.000025 0.000009 0.000006 0.000000 0.000002 0.000000 0.000000 0.000000 0.000000 0.000000 0.000000 
t: 0.016216216216 start: 70 end: 128 0.000001 0.000009 0.000008 0.000033 0.000051 0.000144 0.000247 0.000481 0.000861 0.001463 0.002390 0.003805 0.005844 0.008739 0.012365 0.017402 0.023187 0.030561 0.037514 0.045339 0.052822 0.059937 0.065869 0.070043 0.072011 0.071060 0.068484 0.063644 0.057438 0.050064 0.042674 0.034972 0.027837 0.021595 0.015919 0.011555 0.008239 0.005648 0.003758 0.002416 0.001505 0.000892 0.000530 0.000331 0.000147 0.000084 0.000042 0.000022 0.000008 0.000006 0.000004 0.000000 0.000000 0.000000 0.000000 0.000000 0.000000 0.000000 0.000000 
t: 0.015789473684 start: 72 end: 132 0.000002 0.000009 0.000010 0.000035 0.000086 0.000165 0.000291 0.000506 0.000937 0.001600 0.002597 0.004284 0.006185 0.009211 0.013202 0.018165 0.024086 0.031074 0.038392 0.045592 0.053220 0.059994 0.065753 0.069465 0.071131 0.070687 0.067465 0.062541 0.056455 0.050037 0.041947 0.034627 0.027462 0.021324 0.015892 0.011654 0.008229 0.005780 0.003811 0.002413 0.001465 0.000964 0.000570 0.000326 0.000181 0.000090 0.000043 0.000019 0.000012 0.000009 0.000003 0.000001 0.000000 0.000001 0.000000 0.000000 0.000000 0.000000 0.000000 0.000000 0.000000 
t: 0.015384615385 start: 73 end: 133 0.000001 0.000003 0.000013 0.000018 0.000040 0.000104 0.000191 0.000317 0.000641 0.001070 0.001811 0.002961 0.004588 0.006773 0.009829 0.013968 0.019157 0.024775 0.031676 0.039116 0.046531 0.053615 0.060411 0.065688 0.068765 0.070830 0.069356 0.066877 0.062134 0.055399 0.049007 0.041257 0.033895 0.027211 0.020952 0.015550 0.011558 0.008262 0.005651 0.003836 0.002402 0.001525 0.000917 0.000612 0.000324 0.000179 0.000092 0.000062 0.000024 0.000016 0.000006 0.000003 0.000001 0.000000 0.000000 0.000000 0.000000 0.000000 0.000000 0.000000 0.000000 
t: 0.015000000000 start: 75 end: 135 0.000004 0.000007 0.000014 0.000025 0.000047 0.000118 0.000209 0.000410 0.000706 0.001221 0.002065 0.003312 0.005026 0.007293 0.010727 0.014811 0.020090 0.025932 0.032523 0.039931 0.047357 0.054229 0.060693 0.065590 0.068674 0.069949 0.069086 0.065611 0.060845 0.054530 0.047862 0.040454 0.033102 0.026516 0.020711 0.015467 0.011291 0.007992 0.005625 0.003687 0.002416 0.001573 0.000945 0.000605 0.000311 0.000198 0.000097 0.000057 0.000033 0.000012 0.000008 0.000002 0.000001 0.000000 0.000000 0.000000 0.000000 0.000000 0.000000 0.000000 0.000000 
t: 0.014634146341 start: 76 end: 138 0.000001 0.000005 0.000009 0.000019 0.000033 0.000064 0.000153 0.000267 0.000472 0.000812 0.001455 0.002318 0.003562 0.005643 0.007964 0.011516 0.015651 0.021257 0.026897 0.033731 0.041109 0.048125 0.055370 0.060874 0.065835 0.068143 0.069521 0.068117 0.064735 0.059718 0.053208 0.046519 0.039469 0.032292 0.025715 0.020109 0.014977 0.011181 0.007946 0.005439 0.003502 0.002466 0.001544 0.000967 0.000582 0.000322 0.000163 0.000102 0.000055 0.000039 0.000017 0.000005 0.000003 0.000001 0.000000 0.000001 0.000000 0.000000 0.000000 0.000000 0.000000 0.000000 0.000000 
t: 0.014285714286 start: 77 end: 140 0.000002 0.000003 0.000006 0.000014 0.000022 0.000038 0.000097 0.000155 0.000296 0.000588 0.000973 0.001618 0.002654 0.004129 0.006128 0.008806 0.012277 0.016706 0.022391 0.028168 0.035147 0.042269 0.049300 0.055993 0.061592 0.065862 0.068072 0.068654 0.067330 0.063617 0.058107 0.051725 0.045515 0.038024 0.031197 0.025249 0.019535 0.014477 0.010766 0.007670 0.005240 0.003554 0.002346 0.001515 0.000909 0.000519 0.000347 0.000178 0.000099 0.000062 0.000029 0.000016 0.000010 0.000002 0.000001 0.000001 0.000000 0.000000 0.000000 0.000000 0.000000 0.000000 0.000000 0.000000 
t: 0.013953488372 start: 78 end: 140 0.000002 0.000000 0.000003 0.000012 0.000019 0.000025 0.000050 0.000109 0.000202 0.000358 0.000645 0.001209 0.001936 0.002990 0.004623 0.006765 0.009558 0.013375 0.018142 0.023435 0.029798 0.036725 0.043242 0.050376 0.057215 0.062217 0.065767 0.067892 0.068099 0.065834 0.061804 0.057173 0.050313 0.043980 0.037067 0.030149 0.024095 0.018854 0.014094 0.010276 0.007314 0.004990 0.003499 0.002202 0.001482 0.000868 0.000501 0.000323 0.000176 0.000103 0.000057 0.000026 0.000020 0.000008 0.000002 0.000001 0.000000 0.000000 0.000000 0.000000 0.000000 0.000000 0.000000 
t: 0.013636363636 start: 80 end: 142 0.000001 0.000002 0.000006 0.000015 0.000018 0.000031 0.000091 0.000129 0.000254 0.000471 0.000826 0.001334 0.002208 0.003420 0.005242 0.007505 0.010453 0.014688 0.019313 0.024982 0.031411 0.038114 0.044768 0.052031 0.057987 0.062834 0.065829 0.067509 0.067071 0.064639 0.060738 0.055380 0.048981 0.042272 0.035747 0.028940 0.022864 0.017943 0.013597 0.009718 0.006963 0.004787 0.003283 0.002231 0.001344 0.000852 0.000506 0.000307 0.000149 0.000092 0.000067 0.000030 0.000011 0.000011 0.000005 0.000000 0.000000 0.000000 0.000000 0.000000 0.000000 0.000000 0.000000 
t: 0.013333333333 start: 82 end: 145 0.000002 0.000002 0.000007 0.000013 0.000025 0.000058 0.000087 0.000166 0.000356 0.000562 0.000989 0.001645 0.002612 0.003840 0.005796 0.008341 0.011543 0.015982 0.020778 0.026768 0.032949 0.039656 0.046675 0.053469 0.058946 0.062931 0.066037 0.066893 0.065994 0.063430 0.059491 0.053676 0.047267 0.040896 0.033910 0.027706 0.022119 0.017079 0.012592 0.009414 0.006493 0.004580 0.002951 0.002034 0.001328 0.000796 0.000442 0.000294 0.000174 0.000107 0.000039 0.000031 0.000008 0.000011 0.000007 0.000003 0.000000 0.000000 0.000000 0.000000 0.000000 0.000000 0.000000 0.000000 
t: 0.013043478261 start: 83 end: 148 0.000002 0.000001 0.000003 0.000004 0.000021 0.000042 0.000064 0.000117 0.000241 0.000428 0.000693 0.001204 0.001906 0.002989 0.004478 0.006523 0.009227 0.012884 0.017152 0.022672 0.028632 0.034645 0.041732 0.047941 0.054782 0.059572 0.063717 0.065761 0.066590 0.065416 0.062132 0.057412 0.052069 0.045489 0.038965 0.032402 0.026347 0.021013 0.015918 0.012102 0.008719 0.006049 0.004214 0.002874 0.001887 0.001194 0.000709 0.000469 0.000257 0.000143 0.000096 0.000047 0.000021 0.000019 0.000005 0.000005 0.000002 0.000002 0.000000 0.000000 0.000000 0.000000 0.000000 0.000000 0.000000 0.000000 
t: 0.012765957447 start: 84 end: 150 0.000001 0.000002 0.000004 0.000005 0.000003 0.000023 0.000058 0.000101 0.000163 0.000316 0.000486 0.000904 0.001470 0.002315 0.003412 0.005183 0.007345 0.010436 0.014399 0.018823 0.024278 0.030090 0.036895 0.043638 0.049838 0.055261 0.060876 0.063743 0.065989 0.065475 0.064402 0.061073 0.055663 0.049910 0.043584 0.037193 0.031011 0.025119 0.019321 0.014963 0.011267 0.008189 0.005716 0.003932 0.002590 0.001775 0.001081 0.000697 0.000418 0.000249 0.000152 0.000073 0.000047 0.000018 0.000010 0.000006 0.000003 0.000004 0.000000 0.000000 0.000002 0.000000 0.000000 0.000000 0.000000 0.000000 0.000000 
t: 0.012500000000 start: 86 end: 153 0.000001 0.000004 0.000004 0.000003 0.000020 0.000032 0.000062 0.000126 0.000217 0.000379 0.000643 0.001108 0.001711 0.002589 0.004047 0.005966 0.008396 0.011714 0.015939 0.020655 0.026204 0.032568 0.038735 0.044959 0.051472 0.056579 0.061668 0.064041 0.065913 0.065228 0.062544 0.059309 0.053554 0.048011 0.041800 0.035478 0.029499 0.023280 0.018273 0.014029 0.010264 0.007533 0.005267 0.003723 0.002427 0.001538 0.000943 0.000650 0.000356 0.000243 0.000140 0.000079 0.000038 0.000016 0.000016 0.000002 0.000002 0.000001 0.000000 0.000001 0.000000 0.000001 0.000000 0.000000 0.000000 0.000000 0.000000 0.000000 
t: 0.012244897959 start: 87 end: 152 0.000001 0.000000 0.000002 0.000006 0.000010 0.000027 0.000046 0.000092 0.000144 0.000270 0.000491 0.000857 0.001305 0.002101 0.003061 0.004855 0.006845 0.009588 0.013260 0.017418 0.022664 0.028096 0.034481 0.040812 0.046966 0.053138 0.058068 0.061973 0.064566 0.065659 0.064275 0.060812 0.057458 0.051882 0.045675 0.039702 0.033581 0.027374 0.021947 0.016997 0.012922 0.009512 0.006968 0.004902 0.003354 0.002164 0.001426 0.000925 0.000494 0.000357 0.000204 0.000125 0.000066 0.000040 0.000018 0.000011 0.000004 0.000000 0.000002 0.000000 0.000000 0.000001 0.000000 0.000000 0.000000 0.000000 
t: 0.012000000000 start: 89 end: 155 0.000001 0.000002 0.000001 0.000008 0.000017 0.000041 0.000066 0.000114 0.000188 0.000372 0.000654 0.001028 0.001528 0.002539 0.003737 0.005467 0.007914 0.010786 0.014831 0.019312 0.024710 0.030541 0.036617 0.042701 0.049175 0.054631 0.059475 0.062336 0.064416 0.065233 0.062972 0.059466 0.055139 0.049952 0.043832 0.037576 0.031374 0.025568 0.020215 0.015878 0.011825 0.008775 0.006238 0.004433 0.002964 0.002031 0.001271 0.000817 0.000498 0.000308 0.000189 0.000097 0.000072 0.000028 0.000024 0.000011 0.000004 0.000000 0.000001 0.000001 0.000000 0.000000 0.000000 0.000000 0.000000 0.000000 0.000000 
t: 0.011764705882 start: 90 end: 156 0.000001 0.000000 0.000002 0.000003 0.000023 0.000026 0.000046 0.000084 0.000154 0.000281 0.000480 0.000777 0.001303 0.001932 0.002956 0.004435 0.006464 0.009146 0.012455 0.016472 0.021253 0.026756 0.032735 0.038670 0.044868 0.051356 0.056090 0.060246 0.063078 0.064618 0.064006 0.061282 0.057879 0.053570 0.047516 0.041671 0.035018 0.029411 0.024060 0.018698 0.014337 0.010784 0.007988 0.005742 0.003892 0.002662 0.001798 0.001182 0.000710 0.000418 0.000268 0.000194 0.000090 0.000052 0.000024 0.000023 0.000007 0.000004 0.000001 0.000003 0.000000 0.000000 0.000000 0.000000 0.000000 0.000000 0.000000 
t: 0.011538461538 start: 92 end: 159 0.000001 0.000001 0.000005 0.000011 0.000021 0.000035 0.000065 0.000123 0.000200 0.000347 0.000653 0.000962 0.001557 0.002351 0.003608 0.005318 0.007454 0.010420 0.014175 0.018403 0.023491 0.028964 0.034869 0.040932 0.047263 0.053120 0.057569 0.061064 0.063529 0.064152 0.062859 0.060069 0.056013 0.051092 0.045255 0.039087 0.033146 0.027174 0.022128 0.017389 0.013220 0.009608 0.007199 0.005065 0.003538 0.002325 0.001600 0.001017 0.000614 0.000351 0.000256 0.000154 0.000080 0.000043 0.000029 0.000015 0.000004 0.000004 0.000001 0.000002 0.000000 0.000000 0.000000 0.000000 0.000000 0.000000 0.000000 0.000000 
t: 0.011320754717 start: 93 end: 161 0.000001 0.000001 0.000004 0.000010 0.000015 0.000031 0.000038 0.000102 0.000154 0.000304 0.000451 0.000731 0.001233 0.001892 0.002918 0.004379 0.006241 0.008774 0.011910 0.015710 0.020359 0.026001 0.031589 0.037487 0.043315 0.049269 0.054798 0.059173 0.061779 0.063527 0.063316 0.061668 0.058378 0.053832 0.048469 0.042961 0.036626 0.030767 0.025274 0.020440 0.015640 0.011874 0.008928 0.006390 0.004459 0.003087 0.002087 0.001375 0.000863 0.000549 0.000318 0.000224 0.000123 0.000073 0.000044 0.000019 0.000009 0.000005 0.000004 0.000001 0.000001 0.000000 0.000000 0.000000 0.000000 0.000000 0.000000 0.000000 0.000000 
t: 0.011111111111 start: 95 end: 163 0.000001 0.000006 0.000003 0.000009 0.000024 0.000041 0.000077 0.000126 0.000214 0.000364 0.000598 0.000984 0.001524 0.002354 0.003515 0.005213 0.007515 0.010097 0.013568 0.017707 0.022718 0.028448 0.034069 0.040141 0.046019 0.051230 0.056206 0.060202 0.062459 0.063208 0.062363 0.060018 0.056103 0.051366 0.046458 0.040212 0.034203 0.028651 0.023497 0.018176 0.014381 0.010596 0.007914 0.005752 0.004072 0.002680 0.001790 0.001239 0.000727 0.000439 0.000287 0.000185 0.000122 0.000061 0.000040 0.000014 0.000007 0.000002 0.000003 0.000001 0.000001 0.000000 0.000000 0.000000 0.000000 0.000000 0.000000 0.000000 0.000000 
t: 0.010909090909 start: 96 end: 165 0.000002 0.000001 0.000005 0.000005 0.000016 0.000023 0.000061 0.000098 0.000184 0.000281 0.000455 0.000786 0.001254 0.001877 0.002912 0.004440 0.006217 0.008479 0.011815 0.015634 0.019977 0.025049 0.030749 0.036629 0.042728 0.048307 0.053791 0.058098 0.060131 0.062756 0.062877 0.061354 0.057993 0.054163 0.049066 0.043553 0.037464 0.032230 0.026208 0.021111 0.016789 0.012695 0.009616 0.007038 0.004973 0.003597 0.002299 0.001585 0.000987 0.000642 0.000391 0.000253 0.000155 0.000093 0.000050 0.000028 0.000015 0.000007 0.000002 0.000003 0.000002 0.000001 0.000000 0.000000 0.000000 0.000000 0.000000 0.000000 0.000000 0.000000 
t: 0.010714285714 start: 96 end: 167 0.000001 0.000001 0.000003 0.000002 0.000010 0.000008 0.000024 0.000047 0.000084 0.000140 0.000205 0.000404 0.000614 0.000981 0.001577 0.002402 0.003674 0.005231 0.007453 0.010080 0.013483 0.017680 0.022552 0.027438 0.033372 0.039563 0.045082 0.050674 0.055478 0.058904 0.061747 0.062656 0.062035 0.059693 0.055826 0.051640 0.046037 0.041171 0.035478 0.029380 0.024226 0.019130 0.014785 0.011335 0.008515 0.006112 0.004455 0.003044 0.001931 0.001365 0.000865 0.000582 0.000314 0.000204 0.000131 0.000081 0.000043 0.000025 0.000012 0.000006 0.000003 0.000003 0.000002 0.000001 0.000000 0.000000 0.000000 0.000000 0.000000 0.000000 0.000000 0.000000 
t: 0.010526315789 start: 96 end: 166 0.000001 0.000000 0.000000 0.000004 0.000004 0.000004 0.000011 0.000018 0.000032 0.000069 0.000104 0.000189 0.000315 0.000495 0.000774 0.001285 0.001977 0.003044 0.004384 0.006287 0.008848 0.011754 0.015641 0.019827 0.024491 0.030643 0.036387 0.042091 0.047906 0.052676 0.057361 0.059799 0.061693 0.062261 0.060825 0.058052 0.053538 0.049333 0.043693 0.038282 0.032426 0.027065 0.021769 0.017292 0.013397 0.010128 0.007396 0.005369 0.003656 0.002616 0.001756 0.001145 0.000757 0.000438 0.000268 0.000167 0.000103 0.000074 0.000047 0.000013 0.000008 0.000003 0.000004 0.000003 0.000002 0.000000 0.000000 0.000000 0.000000 0.000000 0.000000 
t: 0.010344827586 start: 97 end: 169 0.000001 0.000000 0.000000 0.000001 0.000003 0.000006 0.000008 0.000013 0.000033 0.000046 0.000091 0.000138 0.000237 0.000426 0.000625 0.001058 0.001728 0.002502 0.003762 0.005427 0.007516 0.010365 0.013682 0.017608 0.022251 0.027768 0.033105 0.039365 0.044915 0.050162 0.054922 0.058026 0.060388 0.062197 0.061470 0.059381 0.055550 0.051559 0.046419 0.040960 0.035711 0.029603 0.024671 0.019577 0.015422 0.011935 0.008940 0.006461 0.004555 0.003185 0.002208 0.001539 0.000932 0.000596 0.000379 0.000251 0.000127 0.000081 0.000055 0.000030 0.000014 0.000006 0.000003 0.000002 0.000001 0.000001 0.000001 0.000000 0.000000 0.000000 0.000000 0.000000 0.000000 
t: 0.010169491525 start: 99 end: 171 0.000001 0.000000 0.000000 0.000001 0.000007 0.000005 0.000010 0.000023 0.000048 0.000060 0.000107 0.000225 0.000340 0.000518 0.000905 0.001373 0.002092 0.003205 0.004602 0.006648 0.009061 0.011952 0.015700 0.020153 0.025089 0.030560 0.036111 0.041942 0.047272 0.052839 0.056260 0.059321 0.061421 0.061625 0.060014 0.057290 0.053294 0.049142 0.043757 0.038354 0.032451 0.027211 0.022190 0.017578 0.013701 0.010348 0.007848 0.005462 0.003902 0.002825 0.001854 0.001247 0.000785 0.000525 0.000289 0.000185 0.000110 0.000075 0.000042 0.000019 0.000010 0.000009 0.000002 0.000001 0.000002 0.000001 0.000001 0.000000 0.000000 0.000000 0.000000 0.000000 0.000000 
t: 0.010000000000 start: 100 end: 173 0.000001 0.000000 0.000001 0.000001 0.000003 0.000007 0.000006 0.000022 0.000033 0.000049 0.000091 0.000158 0.000286 0.000459 0.000753 0.001155 0.001826 0.002698 0.003935 0.005696 0.007852 0.010646 0.014022 0.018122 0.022833 0.027955 0.033476 0.038793 0.044612 0.050482 0.054460 0.058155 0.060175 0.061059 0.060463 0.058637 0.055370 0.051000 0.046260 0.040563 0.035729 0.029899 0.024404 0.020027 0.015365 0.012033 0.008925 0.006704 0.004854 0.003381 0.002252 0.001571 0.001039 0.000674 0.000426 0.000228 0.000148 0.000100 0.000064 0.000025 0.000011 0.000011 0.000006 0.000004 0.000002 0.000001 0.000000 0.000002 0.000000 0.000000 0.000000 0.000000 0.000000 0.000000 
t: 0.008448275866 start: 113 end: 189 0.000001 0.000000 0.000001 0.000002 0.000001 0.000004 0.000006 0.000009 0.000015 0.000025 0.000049 0.000078 0.000145 0.000225 0.000399 0.000623 0.000957 0.001479 0.002160 0.003205 0.004482 0.006030 0.008376 0.011023 0.014245 0.018104 0.022406 0.027156 0.032628 0.037722 0.042588 0.047097 0.051413 0.054644 0.057164 0.058466 0.058213 0.056839 0.054068 0.050796 0.046419 0.041767 0.036784 0.031738 0.026622 0.021986 0.017807 0.014023 0.010935 0.008341 0.006218 0.004488 0.003262 0.002369 0.001529 0.001062 0.000677 0.000431 0.000264 0.000166 0.000106 0.000067 0.000046 0.000017 0.000012 0.000007 0.000008 0.000002 0.000002 0.000001 0.000000 0.000000 0.000000 0.000000 0.000000 0.000000 0.000000 
t: 0.007313432839 start: 129 end: 205 0.000005 0.000002 0.000003 0.000008 0.000008 0.000020 0.000034 0.000053 0.000105 0.000179 0.000246 0.000397 0.000632 0.000982 0.001489 0.002139 0.003017 0.004281 0.005742 0.007976 0.010224 0.013111 0.016561 0.020635 0.025017 0.029776 0.034318 0.039198 0.043971 0.048081 0.051564 0.053401 0.055857 0.056071 0.055645 0.054150 0.051577 0.048448 0.044140 0.039607 0.034616 0.029901 0.025428 0.020910 0.016965 0.013388 0.010675 0.008056 0.006154 0.004601 0.003372 0.002344 0.001668 0.001139 0.000731 0.000528 0.000317 0.000215 0.000134 0.000064 0.000060 0.000028 0.000014 0.000011 0.000003 0.000004 0.000001 0.000002 0.000001 0.000000 0.000000 0.000000 0.000000 0.000000 0.000000 0.000000 0.000000 
t: 0.006447368423 start: 137 end: 214 0.000001 0.000000 0.000000 0.000000 0.000003 0.000003 0.000002 0.000009 0.000018 0.000024 0.000047 0.000073 0.000135 0.000179 0.000322 0.000487 0.000760 0.001129 0.001654 0.002353 0.003266 0.004501 0.006078 0.008060 0.010477 0.013245 0.016632 0.020455 0.024674 0.028922 0.033452 0.038313 0.042254 0.046256 0.050032 0.052074 0.053828 0.055135 0.054220 0.053436 0.051060 0.047895 0.044165 0.039920 0.035376 0.030800 0.026388 0.022385 0.018180 0.014851 0.011588 0.009202 0.007171 0.005351 0.003916 0.002823 0.002091 0.001414 0.001005 0.000722 0.000444 0.000288 0.000150 0.000124 0.000077 0.000042 0.000025 0.000016 0.000012 0.000003 0.000003 0.000003 0.000000 0.000001 0.000000 0.000000 0.000000 0.000000 
t: 0.005764705884 start: 149 end: 228 0.000001 0.000001 0.000001 0.000001 0.000006 0.000009 0.000017 0.000021 0.000029 0.000067 0.000117 0.000160 0.000257 0.000416 0.000552 0.000916 0.001334 0.001912 0.002659 0.003602 0.004975 0.006528 0.008577 0.010893 0.014005 0.017341 0.020862 0.024878 0.029268 0.033753 0.038029 0.041696 0.046093 0.049275 0.051566 0.053254 0.053343 0.053490 0.051581 0.049522 0.047278 0.043682 0.039368 0.035138 0.030887 0.026748 0.022253 0.018685 0.015225 0.012222 0.009740 0.007367 0.005725 0.004303 0.003113 0.002260 0.001607 0.001086 0.000796 0.000522 0.000359 0.000242 0.000144 0.000095 0.000065 0.000040 0.000020 0.000008 0.000010 0.000002 0.000002 0.000000 0.000001 0.000000 0.000000 0.000000 0.000000 0.000000 0.000000 0.000000 
t: 0.005212765959 start: 159 end: 238 0.000001 0.000000 0.000002 0.000004 0.000005 0.000011 0.000016 0.000026 0.000051 0.000077 0.000133 0.000199 0.000299 0.000478 0.000702 0.001009 0.001529 0.002130 0.002822 0.004042 0.005364 0.007087 0.008974 0.011489 0.014493 0.017759 0.021464 0.025495 0.029779 0.034029 0.038040 0.041935 0.045548 0.048601 0.050858 0.052074 0.052384 0.052368 0.051278 0.049127 0.046098 0.042925 0.038868 0.034749 0.031074 0.026443 0.022589 0.018671 0.015166 0.012583 0.009775 0.007645 0.005923 0.004618 0.003351 0.002381 0.001698 0.001226 0.000838 0.000597 0.000399 0.000253 0.000174 0.000108 0.000066 0.000048 0.000020 0.000016 0.000008 0.000005 0.000001 0.000001 0.000000 0.000001 0.000000 0.000000 0.000000 0.000000 0.000000 0.000000 
t: 0.004757281555 start: 170 end: 248 0.000004 0.000004 0.000004 0.000009 0.000018 0.000034 0.000063 0.000090 0.000153 0.000199 0.000352 0.000529 0.000741 0.001078 0.001537 0.002218 0.003100 0.004053 0.005554 0.007267 0.009306 0.011833 0.014587 0.018161 0.021602 0.025647 0.029152 0.033688 0.038027 0.041684 0.044525 0.047681 0.049903 0.051234 0.051795 0.052030 0.050845 0.048854 0.045864 0.042632 0.038906 0.034894 0.031099 0.026476 0.023062 0.019339 0.015752 0.012795 0.010260 0.008175 0.006279 0.004819 0.003451 0.002564 0.001851 0.001378 0.000937 0.000640 0.000449 0.000320 0.000181 0.000126 0.000073 0.000047 0.000030 0.000019 0.000007 0.000011 0.000001 0.000001 0.000000 0.000000 0.000001 0.000000 0.000000 0.000000 0.000000 0.000000 0.000000 
t: 0.004375000001 start: 177 end: 259 0.000003 0.000002 0.000005 0.000009 0.000008 0.000023 0.000037 0.000044 0.000080 0.000145 0.000219 0.000332 0.000538 0.000736 0.001131 0.001510 0.002075 0.002974 0.003925 0.005324 0.006983 0.009015 0.011331 0.014160 0.017315 0.020888 0.024570 0.028065 0.032586 0.036691 0.039915 0.043554 0.046596 0.049089 0.050875 0.051251 0.051472 0.050812 0.049011 0.046441 0.043588 0.039790 0.035869 0.031755 0.027936 0.024082 0.020455 0.016884 0.013735 0.011279 0.008778 0.006856 0.005312 0.003905 0.002975 0.002190 0.001522 0.001084 0.000753 0.000524 0.000367 0.000236 0.000155 0.000091 0.000045 0.000036 0.000031 0.000012 0.000004 0.000004 0.000002 0.000001 0.000001 0.000000 0.000002 0.000001 0.000000 0.000000 0.000000 0.000000 0.000000 0.000000 0.000000 
t: 0.004049586778 start: 181 end: 265 0.000001 0.000000 0.000001 0.000001 0.000002 0.000002 0.000004 0.000008 0.000011 0.000033 0.000047 0.000075 0.000144 0.000238 0.000274 0.000455 0.000578 0.000902 0.001336 0.001811 0.002553 0.003515 0.004721 0.006170 0.007864 0.009865 0.012634 0.015526 0.019081 0.022306 0.026340 0.029987 0.033714 0.037833 0.041623 0.044928 0.047328 0.049697 0.050830 0.051017 0.050885 0.049403 0.047914 0.045185 0.042007 0.038052 0.034340 0.030022 0.026190 0.022571 0.019084 0.015784 0.012805 0.010434 0.008129 0.006160 0.004871 0.003679 0.002711 0.001950 0.001423 0.000993 0.000630 0.000478 0.000304 0.000199 0.000131 0.000076 0.000057 0.000034 0.000018 0.000013 0.000003 0.000004 0.000003 0.000001 0.000001 0.000001 0.000000 0.000000 0.000000 0.000000 0.000000 0.000000 0.000000 
t: 0.003769230770 start: 190 end: 272 0.000002 0.000002 0.000000 0.000005 0.000002 0.000010 0.000026 0.000040 0.000054 0.000094 0.000125 0.000225 0.000321 0.000436 0.000687 0.000955 0.001396 0.001859 0.002620 0.003732 0.004781 0.006304 0.008121 0.010200 0.012847 0.015476 0.018975 0.022654 0.026072 0.030472 0.034155 0.037828 0.041175 0.044878 0.047401 0.049076 0.050077 0.051335 0.050311 0.049253 0.047428 0.045180 0.041470 0.038028 0.034252 0.030215 0.026314 0.022497 0.019068 0.015851 0.012858 0.010432 0.008045 0.006560 0.004894 0.003685 0.002742 0.001953 0.001446 0.001010 0.000701 0.000490 0.000321 0.000204 0.000138 0.000100 0.000056 0.000027 0.000018 0.000014 0.000012 0.000004 0.000001 0.000002 0.000000 0.000001 0.000000 0.000000 0.000001 0.000000 0.000000 0.000000 0.000000 
t: 0.003525179857 start: 197 end: 279 0.000001 0.000002 0.000004 0.000004 0.000013 0.000017 0.000032 0.000049 0.000071 0.000123 0.000176 0.000292 0.000408 0.000597 0.000835 0.001176 0.001670 0.002414 0.003265 0.004312 0.005670 0.007407 0.009358 0.011623 0.014447 0.017627 0.020857 0.024536 0.028323 0.032048 0.036178 0.040052 0.043316 0.045704 0.048267 0.049859 0.050803 0.050325 0.049741 0.048220 0.045865 0.042752 0.040027 0.035669 0.032266 0.028052 0.024315 0.020632 0.017440 0.014159 0.011736 0.009301 0.007136 0.005574 0.004238 0.003266 0.002301 0.001771 0.001130 0.000854 0.000601 0.000372 0.000261 0.000167 0.000110 0.000075 0.000037 0.000034 0.000016 0.000009 0.000004 0.000003 0.000000 0.000003 0.000000 0.000001 0.000001 0.000000 0.000000 0.000000 0.000000 0.000000 0.000000 
t: 0.003310810811 start: 203 end: 285 0.000001 0.000002 0.000005 0.000008 0.000010 0.000020 0.000025 0.000055 0.000069 0.000128 0.000188 0.000279 0.000421 0.000631 0.000917 0.001246 0.001782 0.002455 0.003161 0.004477 0.005773 0.007297 0.009475 0.011644 0.014473 0.017811 0.020886 0.024570 0.028765 0.032384 0.036169 0.039783 0.043367 0.046107 0.047984 0.049995 0.050210 0.050377 0.049648 0.047982 0.045720 0.042701 0.039937 0.035619 0.032279 0.027897 0.024003 0.020758 0.017386 0.014323 0.011480 0.009230 0.007223 0.005690 0.004327 0.003102 0.002353 0.001650 0.001232 0.000869 0.000539 0.000381 0.000274 0.000169 0.000094 0.000071 0.000056 0.000021 0.000015 0.000009 0.000007 0.000002 0.000001 0.000001 0.000000 0.000001 0.000000 0.000000 0.000000 0.000000 0.000000 0.000000 0.000000 
t: 0.003121019109 start: 209 end: 290 0.000002 0.000002 0.000005 0.000010 0.000010 0.000031 0.000041 0.000060 0.000085 0.000149 0.000221 0.000345 0.000558 0.000719 0.001053 0.001523 0.002016 0.002913 0.003801 0.004969 0.006470 0.008326 0.010416 0.012809 0.015701 0.019162 0.022869 0.026473 0.030216 0.034009 0.037928 0.041606 0.044320 0.046780 0.049081 0.049848 0.050697 0.050153 0.049025 0.046666 0.044668 0.041661 0.037853 0.034089 0.030318 0.026181 0.022611 0.019062 0.015985 0.012930 0.010618 0.008368 0.006415 0.004976 0.003759 0.002748 0.002087 0.001503 0.001026 0.000697 0.000497 0.000309 0.000208 0.000121 0.000085 0.000065 0.000045 0.000022 0.000013 0.000006 0.000002 0.000001 0.000002 0.000000 0.000000 0.000001 0.000000 0.000000 0.000000 0.000000 0.000000 0.000000 
t: 0.002951807229 start: 215 end: 293 0.000005 0.000006 0.000006 0.000018 0.000017 0.000043 0.000051 0.000093 0.000151 0.000218 0.000315 0.000466 0.000670 0.001014 0.001444 0.002001 0.002739 0.003588 0.004783 0.006300 0.007994 0.009914 0.012463 0.015410 0.018502 0.022154 0.025867 0.029743 0.033183 0.037202 0.040649 0.044206 0.046185 0.048629 0.050237 0.050405 0.050044 0.049214 0.047234 0.045125 0.041963 0.038776 0.034798 0.030761 0.026959 0.023374 0.019736 0.016451 0.013606 0.010817 0.008608 0.006663 0.005277 0.003947 0.003020 0.002129 0.001497 0.001107 0.000714 0.000522 0.000351 0.000240 0.000151 0.000092 0.000066 0.000043 0.000022 0.000010 0.000004 0.000004 0.000000 0.000004 0.000000 0.000000 0.000000 0.000000 0.000000 0.000000 0.000000 
t: 0.002800000000 start: 218 end: 300 0.000004 0.000001 0.000001 0.000007 0.000008 0.000016 0.000021 0.000037 0.000076 0.000103 0.000140 0.000265 0.000344 0.000495 0.000704 0.001031 0.001557 0.002139 0.002806 0.003756 0.004984 0.006502 0.008291 0.010481 0.012980 0.015882 0.019163 0.022730 0.026085 0.030463 0.034050 0.037749 0.041301 0.044445 0.046825 0.048815 0.050147 0.050669 0.050083 0.049046 0.047011 0.044392 0.041528 0.037966 0.034207 0.030281 0.026376 0.022798 0.019035 0.015859 0.012940 0.010460 0.008490 0.006486 0.004893 0.003764 0.002764 0.002022 0.001410 0.001048 0.000676 0.000465 0.000340 0.000235 0.000134 0.000092 0.000052 0.000030 0.000020 0.000007 0.000006 0.000007 0.000002 0.000001 0.000001 0.000000 0.000000 0.000000 0.000000 0.000000 0.000000 0.000000 0.000000 
t: 0.002663043479 start: 222 end: 304 0.000001 0.000002 0.000003 0.000003 0.000008 0.000011 0.000011 0.000033 0.000054 0.000074 0.000139 0.000175 0.000295 0.000387 0.000628 0.000837 0.001242 0.001789 0.002373 0.003250 0.004384 0.005723 0.007298 0.009309 0.011555 0.014428 0.017056 0.020931 0.024040 0.028277 0.031908 0.035946 0.039496 0.043053 0.045726 0.047956 0.049823 0.050092 0.050555 0.049967 0.048323 0.046189 0.043003 0.039624 0.036055 0.032268 0.028580 0.024755 0.020924 0.017515 0.014492 0.011612 0.009495 0.007352 0.005711 0.004266 0.003342 0.002302 0.001621 0.001199 0.000854 0.000598 0.000397 0.000256 0.000156 0.000113 0.000070 0.000046 0.000018 0.000010 0.000004 0.000006 0.000003 0.000002 0.000000 0.000001 0.000000 0.000000 0.000000 0.000000 0.000000 0.000000 0.000000 
t: 0.002538860104 start: 226 end: 306 0.000003 0.000001 0.000000 0.000002 0.000008 0.000007 0.000015 0.000026 0.000052 0.000067 0.000099 0.000167 0.000252 0.000375 0.000532 0.000817 0.001123 0.001546 0.002208 0.003093 0.004050 0.005324 0.006920 0.008709 0.011073 0.013528 0.016338 0.019657 0.023410 0.027359 0.031117 0.034903 0.038799 0.042095 0.045278 0.047538 0.049286 0.050513 0.051148 0.049906 0.048937 0.046686 0.043784 0.040867 0.036947 0.033190 0.029461 0.025721 0.021584 0.018179 0.015112 0.012286 0.009880 0.007832 0.006022 0.004523 0.003424 0.002513 0.001706 0.001213 0.000959 0.000640 0.000456 0.000272 0.000203 0.000098 0.000063 0.000042 0.000024 0.000014 0.000010 0.000004 0.000003 0.000000 0.000000 0.000001 0.000000 0.000000 0.000000 0.000000 0.000000 
t: 0.002425742574 start: 231 end: 311 0.000001 0.000002 0.000005 0.000006 0.000008 0.000026 0.000028 0.000048 0.000072 0.000090 0.000148 0.000256 0.000379 0.000549 0.000759 0.001130 0.001600 0.002153 0.003096 0.003961 0.005323 0.006843 0.008728 0.010998 0.013472 0.016504 0.019956 0.023652 0.027176 0.030977 0.035071 0.038777 0.042290 0.045230 0.047935 0.049592 0.050802 0.051056 0.050215 0.048595 0.046265 0.044136 0.040401 0.037338 0.033104 0.029479 0.025196 0.021823 0.018367 0.015263 0.012014 0.009680 0.007527 0.005929 0.004653 0.003287 0.002381 0.001781 0.001231 0.000903 0.000607 0.000405 0.000264 0.000190 0.000101 0.000062 0.000038 0.000028 0.000020 0.000005 0.000006 0.000005 0.000000 0.000002 0.000000 0.000000 0.000000 0.000000 0.000000 0.000000 0.000000 
t: 0.002322274882 start: 235 end: 314 0.000001 0.000003 0.000004 0.000008 0.000013 0.000020 0.000032 0.000063 0.000069 0.000092 0.000158 0.000278 0.000402 0.000592 0.000853 0.001176 0.001626 0.002456 0.003267 0.004247 0.005607 0.007151 0.009115 0.011715 0.014328 0.017046 0.020761 0.024617 0.028218 0.031849 0.035931 0.039523 0.043273 0.046163 0.048578 0.050332 0.050414 0.051155 0.049869 0.048215 0.046330 0.043343 0.040054 0.035651 0.032389 0.028582 0.024507 0.020777 0.017368 0.014279 0.011264 0.009227 0.007238 0.005416 0.004016 0.003006 0.002222 0.001635 0.001158 0.000784 0.000558 0.000364 0.000210 0.000158 0.000109 0.000042 0.000036 0.000021 0.000020 0.000008 0.000006 0.000002 0.000000 0.000000 0.000000 0.000000 0.000000 0.000000 0.000000 0.000000 
t: 0.002227272727 start: 238 end: 318 0.000001 0.000001 0.000005 0.000003 0.000006 0.000009 0.000031 0.000035 0.000058 0.000098 0.000124 0.000164 0.000341 0.000479 0.000712 0.000930 0.001403 0.002008 0.002635 0.003644 0.004849 0.006226 0.008034 0.010285 0.012647 0.015385 0.018843 0.022371 0.026169 0.029944 0.033731 0.037414 0.041310 0.044455 0.047584 0.049682 0.050640 0.051001 0.051025 0.049550 0.048046 0.044815 0.041674 0.038398 0.034225 0.030520 0.026634 0.022638 0.019071 0.015783 0.012948 0.010313 0.008017 0.006204 0.004709 0.003590 0.002548 0.001859 0.001371 0.000960 0.000649 0.000420 0.000302 0.000189 0.000109 0.000052 0.000057 0.000028 0.000013 0.000012 0.000009 0.000004 0.000001 0.000000 0.000000 0.000000 0.000000 0.000000 0.000000 0.000000 0.000000 
t: 0.002139737991 start: 241 end: 320 0.000002 0.000003 0.000001 0.000002 0.000008 0.000009 0.000017 0.000029 0.000049 0.000073 0.000102 0.000169 0.000292 0.000407 0.000564 0.000903 0.001277 0.001587 0.002358 0.003203 0.004341 0.005754 0.007296 0.009194 0.011713 0.014380 0.017700 0.021343 0.024593 0.028344 0.032378 0.036471 0.040260 0.043489 0.046660 0.048855 0.050649 0.050880 0.051354 0.050546 0.048987 0.046126 0.043156 0.039071 0.035922 0.031974 0.028120 0.023787 0.020125 0.016879 0.013664 0.011080 0.008665 0.006724 0.005154 0.003919 0.002825 0.002011 0.001474 0.001040 0.000717 0.000499 0.000283 0.000220 0.000120 0.000079 0.000052 0.000026 0.000027 0.000007 0.000007 0.000005 0.000000 0.000000 0.000000 0.000000 0.000000 0.000000 0.000000 0.000000 
t: 0.002058823530 start: 242 end: 323 0.000001 0.000001 0.000000 0.000002 0.000002 0.000002 0.000005 0.000009 0.000017 0.000028 0.000045 0.000056 0.000099 0.000157 0.000245 0.000407 0.000550 0.000774 0.001146 0.001621 0.002209 0.003027 0.004095 0.005293 0.006907 0.008881 0.011265 0.013926 0.017194 0.020499 0.023946 0.027822 0.031436 0.035932 0.039636 0.043176 0.046342 0.048291 0.050598 0.051531 0.051286 0.051205 0.048779 0.046983 0.043689 0.040416 0.036453 0.032472 0.028599 0.024613 0.020620 0.017335 0.014167 0.011290 0.008915 0.006999 0.005347 0.003904 0.002961 0.002165 0.001501 0.001103 0.000696 0.000460 0.000325 0.000201 0.000138 0.000094 0.000048 0.000026 0.000013 0.000008 0.000011 0.000004 0.000001 0.000000 0.000000 0.000000 0.000000 0.000000 0.000000 0.000000 
t: 0.001983805668 start: 246 end: 326 0.000001 0.000000 0.000001 0.000002 0.000001 0.000004 0.000013 0.000019 0.000020 0.000043 0.000069 0.000090 0.000166 0.000248 0.000371 0.000572 0.000767 0.001122 0.001564 0.002242 0.002934 0.003944 0.005243 0.006919 0.008911 0.011022 0.013860 0.017058 0.020508 0.023979 0.027716 0.031630 0.035476 0.039963 0.043304 0.046580 0.048667 0.050536 0.051480 0.051895 0.050946 0.049188 0.046780 0.044029 0.040727 0.036410 0.032247 0.028530 0.024962 0.020571 0.017224 0.013926 0.011228 0.008933 0.006894 0.005098 0.003941 0.002824 0.002142 0.001474 0.001049 0.000673 0.000467 0.000298 0.000190 0.000128 0.000068 0.000043 0.000031 0.000016 0.000013 0.000005 0.000004 0.000001 0.000000 0.000000 0.000000 0.000000 0.000000 0.000000 0.000000 
t: 0.001914062500 start: 249 end: 327 0.000001 0.000000 0.000000 0.000003 0.000002 0.000003 0.000014 0.000020 0.000022 0.000044 0.000073 0.000110 0.000154 0.000234 0.000394 0.000534 0.000772 0.001199 0.001631 0.002300 0.003075 0.004158 0.005451 0.007091 0.009068 0.011503 0.014274 0.017278 0.020935 0.024185 0.028613 0.032255 0.036344 0.040439 0.043942 0.046872 0.049388 0.050993 0.051886 0.052312 0.050733 0.048974 0.046651 0.043503 0.039765 0.035999 0.031971 0.027894 0.023832 0.020232 0.016709 0.013436 0.010627 0.008500 0.006547 0.004865 0.003585 0.002670 0.001907 0.001397 0.000875 0.000669 0.000433 0.000217 0.000172 0.000115 0.000054 0.000042 0.000017 0.000014 0.000018 0.000004 0.000000 0.000001 0.000000 0.000000 0.000000 0.000000 0.000000 
t: 0.001849056604 start: 253 end: 332 0.000001 0.000001 0.000002 0.000003 0.000006 0.000009 0.000019 0.000032 0.000057 0.000074 0.000112 0.000166 0.000263 0.000387 0.000591 0.000913 0.001256 0.001765 0.002450 0.003271 0.004502 0.005851 0.007605 0.009788 0.011942 0.015056 0.018278 0.021737 0.025685 0.029891 0.033640 0.037926 0.041272 0.045000 0.047766 0.049634 0.051630 0.052021 0.052119 0.050460 0.048791 0.046190 0.042359 0.038566 0.035100 0.030656 0.026820 0.022691 0.019087 0.015352 0.012531 0.010004 0.007732 0.005852 0.004460 0.003232 0.002315 0.001656 0.001197 0.000783 0.000537 0.000340 0.000219 0.000142 0.000088 0.000039 0.000035 0.000024 0.000011 0.000007 0.000002 0.000001 0.000000 0.000000 0.000000 0.000000 0.000000 0.000000 0.000000 0.000000 
t: 0.001788321168 start: 256 end: 333 0.000002 0.000000 0.000003 0.000007 0.000004 0.000015 0.000023 0.000034 0.000046 0.000075 0.000127 0.000221 0.000308 0.000496 0.000677 0.000953 0.001384 0.002053 0.002648 0.003677 0.004970 0.006540 0.008324 0.010655 0.013335 0.016091 0.019764 0.023475 0.027309 0.031568 0.035117 0.039433 0.043252 0.046334 0.049049 0.050862 0.051975 0.052578 0.051601 0.049995 0.047710 0.044890 0.041166 0.037312 0.032854 0.029081 0.024986 0.021051 0.017178 0.014242 0.011175 0.008780 0.006765 0.005152 0.003803 0.002821 0.001947 0.001376 0.000994 0.000635 0.000400 0.000268 0.000187 0.000092 0.000066 0.000038 0.000025 0.000006 0.000010 0.000008 0.000002 0.000000 0.000000 0.000000 0.000000 0.000000 0.000000 0.000000 
t: 0.001731448763 start: 257 end: 337 0.000001 0.000001 0.000002 0.000001 0.000002 0.000007 0.000008 0.000017 0.000025 0.000048 0.000061 0.000096 0.000148 0.000263 0.000395 0.000554 0.000829 0.001191 0.001657 0.002242 0.003133 0.004259 0.005760 0.007472 0.009364 0.011964 0.014710 0.018283 0.021695 0.025592 0.029343 0.033687 0.037401 0.041582 0.045059 0.047946 0.050641 0.051603 0.052796 0.052313 0.051385 0.049027 0.046259 0.042927 0.038983 0.035278 0.030683 0.026576 0.022616 0.018943 0.015547 0.012226 0.009621 0.007520 0.005874 0.004320 0.003097 0.002272 0.001575 0.001094 0.000725 0.000469 0.000311 0.000212 0.000139 0.000078 0.000033 0.000023 0.000016 0.000009 0.000005 0.000005 0.000001 0.000000 0.000000 0.000000 0.000000 0.000000 0.000000 0.000000 0.000000 
t: 0.001678082192 start: 259 end: 337 0.000001 0.000001 0.000000 0.000002 0.000003 0.000003 0.000009 0.000008 0.000014 0.000043 0.000056 0.000098 0.000128 0.000208 0.000315 0.000486 0.000663 0.001030 0.001469 0.001987 0.002798 0.003857 0.005124 0.006557 0.008697 0.011070 0.013714 0.016754 0.020481 0.024271 0.027738 0.032076 0.036137 0.040634 0.044235 0.047145 0.049837 0.051603 0.052815 0.052976 0.051836 0.050042 0.047578 0.044012 0.040618 0.036395 0.032407 0.028032 0.023985 0.020141 0.016219 0.013229 0.010457 0.008074 0.006314 0.004626 0.003372 0.002444 0.001738 0.001199 0.000772 0.000547 0.000345 0.000240 0.000138 0.000086 0.000047 0.000026 0.000023 0.000006 0.000007 0.000002 0.000000 0.000000 0.000000 0.000000 0.000000 0.000000 0.000000 
t: 0.001627906977 start: 259 end: 338 0.000001 0.000000 0.000000 0.000001 0.000001 0.000002 0.000001 0.000005 0.000007 0.000003 0.000009 0.000028 0.000052 0.000077 0.000108 0.000190 0.000282 0.000427 0.000625 0.000885 0.001331 0.001870 0.002528 0.003483 0.004685 0.006113 0.008155 0.010229 0.012811 0.016159 0.019501 0.023096 0.027161 0.030879 0.035461 0.039746 0.043225 0.046802 0.049443 0.051418 0.052781 0.052996 0.052601 0.050932 0.048418 0.045334 0.041454 0.037400 0.033251 0.029112 0.024478 0.021137 0.017019 0.013767 0.010980 0.008521 0.006544 0.004890 0.003651 0.002530 0.001830 0.001206 0.000823 0.000568 0.000402 0.000225 0.000147 0.000089 0.000049 0.000030 0.000019 0.000007 0.000006 0.000003 0.000000 0.000000 0.000000 0.000000 0.000000 0.000000 
t: 0.001580645161 start: 262 end: 341 0.000001 0.000000 0.000000 0.000001 0.000001 0.000002 0.000002 0.000007 0.000009 0.000016 0.000018 0.000029 0.000075 0.000118 0.000169 0.000236 0.000358 0.000575 0.000845 0.001252 0.001720 0.002389 0.003410 0.004316 0.005859 0.007535 0.010030 0.012401 0.015481 0.019031 0.022321 0.026561 0.030660 0.035141 0.038936 0.042835 0.046390 0.049360 0.051700 0.052816 0.053212 0.052891 0.051265 0.049173 0.045627 0.042171 0.038125 0.033792 0.029540 0.025196 0.021446 0.017496 0.014043 0.011294 0.008832 0.006673 0.004850 0.003707 0.002555 0.001871 0.001234 0.000892 0.000566 0.000350 0.000258 0.000139 0.000080 0.000045 0.000036 0.000015 0.000007 0.000009 0.000003 0.000001 0.000000 0.000000 0.000000 0.000000 0.000000 0.000000 
t: 0.001536050157 start: 266 end: 343 0.000001 0.000001 0.000000 0.000002 0.000000 0.000005 0.000006 0.000018 0.000015 0.000038 0.000054 0.000095 0.000147 0.000244 0.000353 0.000536 0.000845 0.001200 0.001695 0.002365 0.003094 0.004317 0.005696 0.007406 0.009772 0.012152 0.015445 0.018520 0.022251 0.026144 0.030597 0.034819 0.038741 0.042909 0.046179 0.049611 0.051890 0.053177 0.053736 0.052955 0.051497 0.049267 0.046257 0.042720 0.038335 0.033852 0.029524 0.025286 0.021347 0.017695 0.014168 0.011253 0.008684 0.006605 0.004995 0.003520 0.002633 0.001809 0.001263 0.000812 0.000553 0.000340 0.000232 0.000143 0.000072 0.000042 0.000023 0.000017 0.000014 0.000005 0.000003 0.000003 0.000000 0.000000 0.000000 0.000000 0.000000 0.000000 
t: 0.001493902439 start: 268 end: 344 0.000001 0.000001 0.000000 0.000000 0.000001 0.000004 0.000005 0.000019 0.000019 0.000022 0.000063 0.000093 0.000157 0.000225 0.000379 0.000539 0.000823 0.001202 0.001611 0.002333 0.003121 0.004335 0.005617 0.007488 0.009659 0.012314 0.015447 0.018653 0.022109 0.026493 0.030721 0.035005 0.039230 0.043201 0.046693 0.049938 0.052026 0.053176 0.053923 0.053242 0.051640 0.049217 0.046372 0.042383 0.038180 0.033631 0.029625 0.025183 0.020989 0.017412 0.013795 0.010872 0.008642 0.006381 0.004822 0.003544 0.002437 0.001720 0.001197 0.000740 0.000525 0.000302 0.000219 0.000105 0.000077 0.000041 0.000025 0.000015 0.000013 0.000005 0.000003 0.000000 0.000000 0.000000 0.000000 0.000000 0.000000 
t: 0.001454005935 start: 270 end: 347 0.000001 0.000000 0.000001 0.000000 0.000002 0.000002 0.000005 0.000014 0.000030 0.000026 0.000051 0.000097 0.000164 0.000229 0.000377 0.000542 0.000834 0.001178 0.001688 0.002337 0.003264 0.004340 0.005920 0.007647 0.009834 0.012337 0.015748 0.018986 0.022635 0.026897 0.031265 0.035616 0.039926 0.043788 0.047214 0.050119 0.052645 0.053645 0.053999 0.053713 0.051636 0.049046 0.045602 0.042100 0.038010 0.033323 0.028780 0.024361 0.020631 0.016649 0.013381 0.010647 0.008088 0.006106 0.004488 0.003269 0.002279 0.001556 0.001081 0.000669 0.000431 0.000300 0.000182 0.000112 0.000074 0.000029 0.000024 0.000017 0.000006 0.000004 0.000001 0.000002 0.000000 0.000000 0.000000 0.000000 0.000000 0.000000 
t: 0.001416184971 start: 273 end: 349 0.000001 0.000001 0.000000 0.000003 0.000004 0.000009 0.000012 0.000021 0.000032 0.000068 0.000096 0.000148 0.000261 0.000399 0.000567 0.000809 0.001269 0.001784 0.002393 0.003447 0.004574 0.006179 0.007856 0.010184 0.013123 0.016194 0.019444 0.023419 0.027793 0.031975 0.036741 0.040860 0.044545 0.047636 0.051124 0.053346 0.054358 0.054441 0.053049 0.051046 0.048679 0.045632 0.041245 0.036977 0.032314 0.027918 0.023562 0.019675 0.016176 0.012536 0.009824 0.007555 0.005580 0.004111 0.003030 0.002023 0.001403 0.000935 0.000590 0.000393 0.000245 0.000168 0.000092 0.000041 0.000050 0.000019 0.000009 0.000003 0.000003 0.000001 0.000000 0.000000 0.000000 0.000000 0.000000 0.000000 0.000000 
t: 0.001380281690 start: 276 end: 352 0.000002 0.000003 0.000002 0.000002 0.000007 0.000018 0.000019 0.000045 0.000055 0.000120 0.000169 0.000273 0.000438 0.000606 0.000892 0.001360 0.001830 0.002625 0.003687 0.004848 0.006511 0.008352 0.010798 0.013827 0.016950 0.020507 0.024517 0.028934 0.033203 0.037799 0.041688 0.045863 0.049240 0.052151 0.053664 0.054882 0.054127 0.052731 0.051189 0.048062 0.044505 0.040020 0.035803 0.031108 0.026588 0.022421 0.018442 0.014998 0.011784 0.008964 0.006900 0.004995 0.003688 0.002583 0.001826 0.001197 0.000834 0.000506 0.000331 0.000215 0.000118 0.000084 0.000031 0.000033 0.000020 0.000006 0.000002 0.000001 0.000001 0.000000 0.000000 0.000000 0.000000 0.000000 0.000000 0.000000 0.000000 
t: 0.001346153846 start: 278 end: 351 0.000003 0.000000 0.000003 0.000006 0.000012 0.000016 0.000022 0.000042 0.000083 0.000103 0.000216 0.000295 0.000468 0.000635 0.001016 0.001463 0.002043 0.002926 0.003991 0.005221 0.007044 0.009127 0.011709 0.014734 0.017901 0.021764 0.025680 0.030461 0.034925 0.039194 0.043492 0.047016 0.050222 0.053001 0.054767 0.054768 0.053854 0.052997 0.050400 0.047399 0.042946 0.038536 0.034193 0.029544 0.025174 0.020845 0.017181 0.013551 0.010647 0.008183 0.006085 0.004405 0.003157 0.002239 0.001509 0.001040 0.000674 0.000430 0.000261 0.000138 0.000103 0.000057 0.000046 0.000020 0.000009 0.000007 0.000001 0.000000 0.000000 0.000000 0.000000 0.000000 0.000000 0.000000 
t: 0.001313672922 start: 279 end: 354 0.000001 0.000003 0.000002 0.000003 0.000009 0.000014 0.000015 0.000030 0.000060 0.000080 0.000147 0.000211 0.000322 0.000503 0.000766 0.001172 0.001636 0.002280 0.003121 0.004425 0.005903 0.007705 0.010052 0.012716 0.015660 0.019572 0.023115 0.027722 0.032012 0.036711 0.041151 0.045371 0.048791 0.051482 0.054025 0.055057 0.054985 0.053822 0.052116 0.049257 0.045767 0.041342 0.037211 0.032234 0.027931 0.022963 0.019296 0.015385 0.012321 0.009491 0.006973 0.005252 0.003743 0.002724 0.001838 0.001330 0.000781 0.000542 0.000350 0.000187 0.000133 0.000080 0.000047 0.000033 0.000012 0.000005 0.000003 0.000000 0.000001 0.000000 0.000000 0.000000 0.000000 0.000000 0.000000 0.000000 
t: 0.001282722513 start: 281 end: 356 0.000002 0.000002 0.000003 0.000009 0.000005 0.000016 0.000025 0.000037 0.000054 0.000108 0.000164 0.000245 0.000401 0.000599 0.000893 0.001316 0.001865 0.002578 0.003660 0.005038 0.006484 0.008631 0.011120 0.013933 0.017356 0.020853 0.025219 0.029743 0.034403 0.038980 0.043403 0.047054 0.050077 0.053115 0.054994 0.054936 0.054948 0.053445 0.051106 0.047820 0.044254 0.039566 0.034611 0.030135 0.025581 0.021540 0.017158 0.013808 0.010644 0.007996 0.006064 0.004380 0.003197 0.002275 0.001461 0.001012 0.000667 0.000392 0.000236 0.000171 0.000086 0.000063 0.000030 0.000016 0.000011 0.000004 0.000001 0.000000 0.000001 0.000000 0.000000 0.000000 0.000000 0.000000 0.000000 0.000000 
t: 0.001253196931 start: 281 end: 356 0.000001 0.000000 0.000002 0.000003 0.000001 0.000006 0.000011 0.000024 0.000026 0.000046 0.000088 0.000115 0.000180 0.000320 0.000474 0.000710 0.001066 0.001505 0.002208 0.003016 0.004300 0.005607 0.007417 0.009737 0.012616 0.015475 0.018941 0.023013 0.027528 0.032130 0.036894 0.041363 0.045172 0.049094 0.052387 0.054141 0.055343 0.055268 0.054796 0.052528 0.049593 0.046203 0.041733 0.037422 0.032348 0.027640 0.023165 0.019251 0.015136 0.011900 0.009015 0.006909 0.004982 0.003655 0.002592 0.001708 0.001202 0.000777 0.000449 0.000308 0.000198 0.000109 0.000079 0.000032 0.000021 0.000013 0.000006 0.000001 0.000000 0.000000 0.000001 0.000000 0.000000 0.000000 0.000000 0.000000 
t: 0.001225000000 start: 282 end: 357 0.000001 0.000000 0.000001 0.000002 0.000001 0.000005 0.000007 0.000018 0.000026 0.000046 0.000049 0.000093 0.000158 0.000229 0.000433 0.000574 0.000880 0.001242 0.001802 0.002548 0.003638 0.004866 0.006578 0.008628 0.011104 0.014150 0.017345 0.021019 0.025688 0.030207 0.034778 0.039398 0.043799 0.047890 0.050894 0.053708 0.055125 0.056026 0.055374 0.053975 0.051392 0.047506 0.044088 0.039365 0.034178 0.029605 0.025128 0.020566 0.016607 0.013253 0.010092 0.007595 0.005684 0.004090 0.002844 0.002024 0.001390 0.000823 0.000543 0.000388 0.000220 0.000136 0.000087 0.000044 0.000023 0.000012 0.000008 0.000003 0.000000 0.000000 0.000000 0.000000 0.000001 0.000000 0.000000 0.000000 
t: 0.001198044010 start: 285 end: 358 0.000002 0.000000 0.000001 0.000002 0.000006 0.000017 0.000015 0.000026 0.000048 0.000084 0.000127 0.000206 0.000305 0.000506 0.000714 0.001007 0.001572 0.002193 0.003131 0.004341 0.005826 0.007677 0.010010 0.012825 0.016008 0.019506 0.023774 0.028361 0.032889 0.037712 0.042626 0.046228 0.050115 0.053098 0.055100 0.056289 0.055813 0.054746 0.052725 0.049247 0.045673 0.041243 0.036010 0.031346 0.026672 0.022165 0.017875 0.014175 0.011110 0.008493 0.006316 0.004468 0.003201 0.002234 0.001548 0.000961 0.000625 0.000406 0.000244 0.000173 0.000081 0.000050 0.000027 0.000014 0.000004 0.000007 0.000000 0.000000 0.000000 0.000001 0.000000 0.000000 0.000000 0.000000 
t: 0.001172248804 start: 287 end: 361 0.000002 0.000001 0.000001 0.000006 0.000008 0.000015 0.000021 0.000053 0.000060 0.000104 0.000180 0.000254 0.000385 0.000605 0.000881 0.001357 0.001916 0.002776 0.003861 0.005147 0.006925 0.009140 0.011773 0.014463 0.018477 0.022196 0.026961 0.031325 0.036094 0.040970 0.045419 0.049220 0.052356 0.054653 0.056148 0.056178 0.055908 0.053781 0.050607 0.047405 0.042830 0.037560 0.032909 0.027992 0.023298 0.019137 0.015200 0.011912 0.009165 0.006926 0.004991 0.003468 0.002436 0.001689 0.001080 0.000666 0.000422 0.000293 0.000191 0.000094 0.000053 0.000027 0.000014 0.000006 0.000006 0.000002 0.000000 0.000001 0.000000 0.000000 0.000000 0.000000 0.000000 0.000000 0.000000 
t: 0.001147540984 start: 288 end: 362 0.000001 0.000001 0.000002 0.000003 0.000008 0.000012 0.000026 0.000025 0.000051 0.000098 0.000146 0.000211 0.000321 0.000532 0.000792 0.001173 0.001719 0.002469 0.003422 0.004599 0.006256 0.008391 0.010858 0.013630 0.017172 0.021148 0.025233 0.030048 0.034814 0.039901 0.044217 0.047989 0.051865 0.054604 0.056223 0.056494 0.056612 0.054368 0.051992 0.048845 0.043740 0.039121 0.034415 0.029441 0.024284 0.020195 0.016079 0.012671 0.009771 0.007349 0.005295 0.003824 0.002635 0.001823 0.001146 0.000715 0.000478 0.000326 0.000199 0.000096 0.000070 0.000024 0.000014 0.000011 0.000004 0.000001 0.000002 0.000000 0.000000 0.000000 0.000000 0.000000 0.000000 0.000000 0.000000 
t: 0.001123853211 start: 291 end: 363 0.000003 0.000003 0.000007 0.000008 0.000011 0.000025 0.000051 0.000079 0.000121 0.000177 0.000310 0.000440 0.000711 0.000989 0.001526 0.002274 0.003026 0.004187 0.005905 0.007722 0.010030 0.012984 0.016324 0.019841 0.024218 0.028790 0.033933 0.038372 0.043195 0.047614 0.050962 0.054172 0.055996 0.057207 0.056987 0.055239 0.053145 0.049203 0.045304 0.040521 0.035560 0.030692 0.025412 0.020978 0.016879 0.013242 0.010216 0.007790 0.005632 0.003933 0.002853 0.001893 0.001208 0.000827 0.000516 0.000324 0.000207 0.000097 0.000056 0.000039 0.000018 0.000007 0.000005 0.000003 0.000001 0.000000 0.000000 0.000000 0.000000 0.000000 0.000000 0.000000 0.000000 
t: 0.001101123596 start: 291 end: 362 0.000003 0.000000 0.000002 0.000003 0.000006 0.000015 0.000019 0.000043 0.000055 0.000107 0.000174 0.000252 0.000419 0.000639 0.000899 0.001380 0.002042 0.002812 0.003869 0.005356 0.007203 0.009542 0.012291 0.015316 0.019073 0.023203 0.028081 0.032780 0.037423 0.042347 0.046768 0.050416 0.054062 0.056113 0.057311 0.057106 0.056327 0.053533 0.050607 0.046175 0.041569 0.036742 0.031404 0.026377 0.021666 0.017485 0.013879 0.010550 0.008133 0.005837 0.004221 0.002951 0.001908 0.001336 0.000824 0.000557 0.000324 0.000199 0.000133 0.000069 0.000029 0.000017 0.000011 0.000005 0.000002 0.000000 0.000000 0.000000 0.000000 0.000000 0.000000 0.000000 
t: 0.001079295154 start: 291 end: 363 0.000001 0.000000 0.000001 0.000003 0.000003 0.000004 0.000014 0.000018 0.000025 0.000057 0.000101 0.000141 0.000233 0.000404 0.000558 0.000815 0.001271 0.001835 0.002631 0.003608 0.005014 0.006765 0.008993 0.011663 0.014869 0.018210 0.022618 0.027219 0.031771 0.036952 0.041542 0.045754 0.050478 0.053902 0.056104 0.057406 0.057927 0.056562 0.054340 0.051129 0.047127 0.042165 0.037341 0.032238 0.027407 0.022212 0.018142 0.014083 0.011139 0.008256 0.006119 0.004261 0.002975 0.001992 0.001388 0.000884 0.000551 0.000322 0.000194 0.000119 0.000067 0.000036 0.000025 0.000009 0.000004 0.000003 0.000000 0.000000 0.000000 0.000000 0.000000 0.000000 0.000000 
t: 0.001058315335 start: 293 end: 366 0.000001 0.000001 0.000001 0.000006 0.000005 0.000009 0.000019 0.000028 0.000054 0.000090 0.000123 0.000227 0.000353 0.000477 0.000786 0.001170 0.001748 0.002448 0.003414 0.004725 0.006523 0.008537 0.011277 0.013995 0.017736 0.022056 0.026428 0.031502 0.036270 0.041021 0.045668 0.049838 0.053759 0.055937 0.057970 0.057822 0.057077 0.055022 0.051820 0.047575 0.042949 0.038208 0.033035 0.027741 0.022605 0.018459 0.014520 0.011339 0.008429 0.006160 0.004381 0.002982 0.002112 0.001300 0.000910 0.000560 0.000346 0.000187 0.000126 0.000061 0.000032 0.000022 0.000010 0.000004 0.000003 0.000001 0.000000 0.000000 0.000000 0.000000 0.000000 0.000000 0.000000 0.000000 
t: 0.001038135593 start: 294 end: 366 0.000002 0.000000 0.000005 0.000002 0.000004 0.000008 0.000015 0.000032 0.000039 0.000081 0.000120 0.000227 0.000284 0.000483 0.000721 0.001123 0.001589 0.002368 0.003241 0.004559 0.006138 0.008381 0.010772 0.013617 0.017326 0.021352 0.026311 0.030880 0.035879 0.040750 0.045400 0.049859 0.053411 0.056261 0.058004 0.058207 0.057632 0.055627 0.052132 0.048111 0.043710 0.038606 0.033184 0.027897 0.023090 0.018643 0.014631 0.011415 0.008573 0.006185 0.004507 0.002966 0.002095 0.001343 0.000874 0.000521 0.000363 0.000196 0.000122 0.000063 0.000032 0.000017 0.000009 0.000001 0.000003 0.000001 0.000000 0.000000 0.000000 0.000000 0.000000 0.000000 0.000000 
t: 0.001018711019 start: 294 end: 367 0.000001 0.000000 0.000001 0.000003 0.000002 0.000005 0.000007 0.000015 0.000018 0.000043 0.000070 0.000141 0.000172 0.000297 0.000440 0.000682 0.001141 0.001520 0.002184 0.003185 0.004378 0.006088 0.008017 0.010562 0.013348 0.016958 0.021133 0.025873 0.030574 0.035615 0.040517 0.045554 0.049729 0.053299 0.056732 0.058055 0.058629 0.057987 0.055780 0.052486 0.048668 0.043812 0.038860 0.033488 0.028169 0.023226 0.018715 0.014797 0.011314 0.008545 0.006207 0.004487 0.002928 0.002052 0.001310 0.000869 0.000560 0.000323 0.000184 0.000125 0.000055 0.000032 0.000019 0.000008 0.000002 0.000003 0.000001 0.000000 0.000000 0.000000 0.000000 0.000000 0.000000 0.000000 
t: 0.001000000000 start: 294 end: 366 0.000001 0.000000 0.000000 0.000003 0.000001 0.000002 0.000005 0.000005 0.000014 0.000027 0.000038 0.000072 0.000093 0.000172 0.000286 0.000414 0.000701 0.001033 0.001518 0.002170 0.003025 0.004464 0.005787 0.007868 0.010410 0.013071 0.016912 0.020945 0.025576 0.030585 0.035533 0.040516 0.045343 0.049701 0.053915 0.056757 0.058427 0.058802 0.057929 0.056343 0.052790 0.048767 0.044478 0.039020 0.033280 0.028012 0.023130 0.018958 0.014642 0.011340 0.008374 0.006254 0.004240 0.002925 0.001953 0.001256 0.000871 0.000521 0.000314 0.000180 0.000110 0.000069 0.000024 0.000013 0.000011 0.000002 0.000002 0.000000 0.000000 0.000000 0.000000 0.000000 0.000000 
