t: 0.059999999999 start: 16 end: 54 0.000001 0.000004 0.000017 0.000070 0.000193 0.000688 0.001832 0.004681 0.010335 0.020078 0.035566 0.056158 0.080157 0.102130 0.118791 0.125016 0.118335 0.102472 0.080454 0.057794 0.038135 0.023052 0.012641 0.006408 0.002934 0.001287 0.000519 0.000178 0.000052 0.000020 0.000002 0.000000 0.000000 0.000000 0.000000 0.000000 0.000000 0.000000 0.000000 
t: 0.054545454544 start: 19 end: 58 0.000005 0.000008 0.000053 0.000146 0.000436 0.001209 0.003030 0.006913 0.013912 0.025050 0.041210 0.061673 0.083286 0.102908 0.116237 0.118850 0.111112 0.096392 0.075992 0.055851 0.037190 0.023014 0.012933 0.006700 0.003332 0.001495 0.000706 0.000224 0.000100 0.000023 0.000009 0.000001 0.000000 0.000000 0.000000 0.000000 0.000000 0.000000 0.000000 0.000000 
t: 0.049999999999 start: 22 end: 61 0.000008 0.000029 0.000095 0.000315 0.000865 0.001981 0.004817 0.009672 0.017979 0.030547 0.047179 0.067005 0.086686 0.103357 0.112720 0.113520 0.105459 0.090297 0.071683 0.052081 0.035167 0.022268 0.012877 0.007040 0.003485 0.001650 0.000769 0.000276 0.000109 0.000053 0.000008 0.000003 0.000000 0.000000 0.000000 0.000000 0.000000 0.000000 0.000000 0.000000 
t: 0.046153846153 start: 23 end: 65 0.000001 0.000007 0.000018 0.000070 0.000205 0.000584 0.001488 0.003341 0.007007 0.013023 0.023081 0.036375 0.053566 0.071787 0.089870 0.103480 0.110013 0.108250 0.098389 0.084482 0.066664 0.048394 0.032861 0.020961 0.012512 0.006939 0.003617 0.001767 0.000715 0.000331 0.000138 0.000042 0.000016 0.000004 0.000000 0.000002 0.000000 0.000000 0.000000 0.000000 0.000000 0.000000 0.000000 
t: 0.042857142857 start: 25 end: 68 0.000003 0.000001 0.000016 0.000050 0.000153 0.000417 0.001171 0.002517 0.005121 0.009690 0.017295 0.028314 0.042630 0.059556 0.077172 0.092195 0.102786 0.107313 0.102774 0.093041 0.077952 0.060743 0.044392 0.030422 0.019368 0.011842 0.006509 0.003474 0.001748 0.000790 0.000316 0.000152 0.000051 0.000018 0.000006 0.000002 0.000000 0.000000 0.000000 0.000000 0.000000 0.000000 0.000000 0.000000 
t: 0.040000000000 start: 27 end: 71 0.000001 0.000003 0.000012 0.000046 0.000117 0.000329 0.000854 0.001852 0.003772 0.007431 0.013451 0.022406 0.034288 0.049285 0.065440 0.081512 0.094315 0.102037 0.103480 0.097255 0.085958 0.071587 0.056058 0.040321 0.027389 0.017788 0.010578 0.006148 0.003291 0.001697 0.000719 0.000339 0.000150 0.000055 0.000023 0.000008 0.000005 0.000000 0.000000 0.000000 0.000000 0.000000 0.000000 0.000000 0.000000 
t: 0.037500000000 start: 29 end: 75 0.000002 0.000002 0.000007 0.000040 0.000101 0.000240 0.000665 0.001471 0.003019 0.005733 0.010518 0.017882 0.028014 0.040782 0.055778 0.070817 0.086004 0.095518 0.100623 0.099218 0.091142 0.079590 0.065117 0.050093 0.036121 0.024516 0.015937 0.009629 0.005654 0.002982 0.001479 0.000725 0.000339 0.000135 0.000068 0.000029 0.000005 0.000002 0.000003 0.000000 0.000000 0.000000 0.000000 0.000000 0.000000 0.000000 0.000000 
t: 0.035294117647 start: 32 end: 78 0.000002 0.000005 0.000022 0.000079 0.000200 0.000571 0.001172 0.002332 0.004695 0.008381 0.014392 0.023082 0.034154 0.047842 0.062670 0.076463 0.088746 0.095566 0.097808 0.094476 0.084671 0.073341 0.058551 0.044639 0.031992 0.021586 0.013986 0.008563 0.004859 0.002610 0.001349 0.000634 0.000312 0.000147 0.000063 0.000026 0.000009 0.000002 0.000000 0.000002 0.000000 0.000000 0.000000 0.000000 0.000000 0.000000 0.000000 
t: 0.033333333333 start: 34 end: 81 0.000002 0.000003 0.000017 0.000073 0.000179 0.000404 0.000935 0.001903 0.003896 0.006983 0.011998 0.019158 0.028771 0.041120 0.054515 0.068689 0.081129 0.090170 0.095126 0.094745 0.088854 0.078809 0.066558 0.052144 0.039208 0.027894 0.018683 0.012064 0.007202 0.004199 0.002343 0.001161 0.000560 0.000288 0.000123 0.000059 0.000026 0.000004 0.000002 0.000003 0.000000 0.000000 0.000000 0.000000 0.000000 0.000000 0.000000 0.000000 
t: 0.031578947368 start: 35 end: 84 0.000001 0.000001 0.000007 0.000014 0.000053 0.000153 0.000350 0.000782 0.001640 0.003227 0.005784 0.009960 0.016210 0.024829 0.035473 0.048141 0.061636 0.073925 0.084724 0.091992 0.093277 0.090465 0.082642 0.071854 0.059294 0.045981 0.034086 0.023790 0.016119 0.010072 0.006041 0.003559 0.001989 0.000985 0.000535 0.000207 0.000119 0.000058 0.000013 0.000008 0.000002 0.000002 0.000000 0.000000 0.000000 0.000000 0.000000 0.000000 0.000000 0.000000 
t: 0.030000000000 start: 38 end: 87 0.000001 0.000005 0.000017 0.000048 0.000137 0.000329 0.000698 0.001357 0.002742 0.004988 0.008460 0.013997 0.021573 0.031148 0.042860 0.055021 0.067947 0.079313 0.086771 0.091398 0.090334 0.085155 0.076610 0.064371 0.052279 0.040085 0.029050 0.020340 0.013243 0.008483 0.005095 0.002889 0.001634 0.000883 0.000412 0.000185 0.000091 0.000031 0.000013 0.000005 0.000001 0.000001 0.000000 0.000000 0.000000 0.000000 0.000000 0.000000 0.000000 0.000000 
t: 0.028571428571 start: 39 end: 90 0.000001 0.000001 0.000011 0.000018 0.000046 0.000124 0.000277 0.000573 0.001255 0.002403 0.004279 0.007519 0.012155 0.018697 0.027680 0.038432 0.050021 0.061743 0.074057 0.082371 0.088406 0.089258 0.086505 0.079593 0.068421 0.057861 0.045670 0.034045 0.024530 0.016921 0.011035 0.006982 0.004154 0.002353 0.001315 0.000673 0.000341 0.000152 0.000078 0.000023 0.000014 0.000002 0.000004 0.000000 0.000001 0.000000 0.000000 0.000000 0.000000 0.000000 0.000000 0.000000 
t: 0.027272727273 start: 41 end: 92 0.000002 0.000003 0.000007 0.000015 0.000034 0.000112 0.000241 0.000548 0.001137 0.002124 0.003838 0.006679 0.010719 0.016880 0.024431 0.034426 0.045784 0.057548 0.068765 0.077681 0.085334 0.087671 0.086143 0.081306 0.072612 0.061799 0.050422 0.038944 0.028957 0.020207 0.013989 0.009039 0.005504 0.003250 0.001846 0.000970 0.000539 0.000279 0.000113 0.000060 0.000031 0.000006 0.000004 0.000000 0.000000 0.000000 0.000001 0.000000 0.000000 0.000000 0.000000 0.000000 
t: 0.026086956522 start: 43 end: 96 0.000001 0.000001 0.000007 0.000020 0.000033 0.000095 0.000244 0.000468 0.000978 0.001898 0.003473 0.005981 0.009747 0.015162 0.022359 0.031441 0.041593 0.053248 0.064581 0.074302 0.081167 0.085627 0.085906 0.082255 0.074941 0.065036 0.054370 0.043247 0.032865 0.024108 0.016650 0.011295 0.007123 0.004288 0.002550 0.001425 0.000756 0.000408 0.000181 0.000107 0.000038 0.000016 0.000006 0.000001 0.000001 0.000001 0.000000 0.000000 0.000000 0.000000 0.000000 0.000000 0.000000 0.000000 
t: 0.025000000000 start: 46 end: 97 0.000005 0.000006 0.000018 0.000039 0.000102 0.000190 0.000442 0.000939 0.001779 0.003065 0.005497 0.008941 0.013959 0.020481 0.028805 0.038998 0.049266 0.060557 0.070643 0.077747 0.083452 0.085033 0.082116 0.076655 0.067789 0.057630 0.047129 0.036352 0.027196 0.019650 0.013574 0.008764 0.005675 0.003408 0.001866 0.001088 0.000554 0.000314 0.000158 0.000063 0.000038 0.000013 0.000003 0.000001 0.000000 0.000000 0.000000 0.000000 0.000000 0.000000 0.000000 0.000000 
t: 0.024000000000 start: 47 end: 101 0.000001 0.000003 0.000006 0.000018 0.000035 0.000091 0.000230 0.000437 0.000865 0.001627 0.002890 0.005118 0.008203 0.013020 0.019045 0.026789 0.036165 0.046624 0.056972 0.067103 0.074884 0.080632 0.083922 0.082071 0.076968 0.069854 0.060569 0.050414 0.039787 0.030149 0.022406 0.015613 0.010665 0.006929 0.004342 0.002514 0.001425 0.000777 0.000415 0.000214 0.000112 0.000051 0.000027 0.000011 0.000004 0.000002 0.000001 0.000000 0.000000 0.000000 0.000000 0.000000 0.000000 0.000000 0.000000 
t: 0.023076923077 start: 49 end: 104 0.000001 0.000002 0.000007 0.000017 0.000039 0.000081 0.000228 0.000438 0.000838 0.001580 0.002781 0.004839 0.007726 0.012009 0.017888 0.025239 0.034083 0.043730 0.053954 0.063852 0.072725 0.079016 0.081589 0.081150 0.077770 0.071341 0.062692 0.052778 0.042653 0.033237 0.024734 0.017926 0.012352 0.008198 0.005324 0.003139 0.001832 0.001011 0.000585 0.000320 0.000155 0.000076 0.000045 0.000011 0.000005 0.000002 0.000001 0.000001 0.000000 0.000000 0.000000 0.000000 0.000000 0.000000 0.000000 0.000000 
t: 0.022222222222 start: 52 end: 105 0.000003 0.000008 0.000020 0.000044 0.000109 0.000217 0.000415 0.000852 0.001559 0.002662 0.004559 0.007376 0.011443 0.016690 0.024003 0.032426 0.041727 0.051627 0.061161 0.069809 0.076816 0.080126 0.080519 0.077537 0.072135 0.064439 0.055006 0.045024 0.035628 0.027248 0.019863 0.013904 0.009641 0.006288 0.003894 0.002326 0.001356 0.000712 0.000403 0.000217 0.000122 0.000044 0.000024 0.000010 0.000005 0.000003 0.000000 0.000000 0.000000 0.000000 0.000000 0.000000 0.000000 0.000000 
t: 0.021428571428 start: 53 end: 107 0.000001 0.000002 0.000005 0.000022 0.000052 0.000104 0.000230 0.000422 0.000813 0.001445 0.002575 0.004556 0.007084 0.011066 0.016236 0.022842 0.030644 0.040009 0.050034 0.058868 0.067760 0.074443 0.078714 0.079374 0.077246 0.072283 0.065917 0.056780 0.047387 0.037707 0.029001 0.021735 0.015625 0.010698 0.007225 0.004498 0.002891 0.001652 0.000976 0.000524 0.000282 0.000141 0.000068 0.000036 0.000014 0.000009 0.000004 0.000000 0.000000 0.000000 0.000000 0.000000 0.000000 0.000000 0.000000 
t: 0.020689655172 start: 54 end: 109 0.000001 0.000000 0.000001 0.000008 0.000025 0.000045 0.000111 0.000226 0.000440 0.000815 0.001528 0.002579 0.004393 0.007010 0.010714 0.015830 0.021882 0.029686 0.038744 0.047816 0.057212 0.065908 0.072692 0.076845 0.078475 0.076919 0.072702 0.066429 0.057940 0.048981 0.039694 0.030859 0.023237 0.016943 0.012033 0.008125 0.005190 0.003396 0.001985 0.001191 0.000652 0.000393 0.000175 0.000091 0.000045 0.000015 0.000011 0.000003 0.000005 0.000000 0.000000 0.000000 0.000000 0.000000 0.000000 0.000000 
t: 0.020000000000 start: 58 end: 112 0.000004 0.000010 0.000030 0.000053 0.000116 0.000224 0.000428 0.000898 0.001550 0.002629 0.004491 0.006909 0.010544 0.015257 0.021517 0.028932 0.037554 0.047127 0.055783 0.063856 0.070995 0.075491 0.077360 0.076150 0.072338 0.066720 0.059170 0.049785 0.041256 0.032697 0.024731 0.018198 0.013076 0.008968 0.005909 0.003713 0.002370 0.001408 0.000843 0.000441 0.000235 0.000122 0.000058 0.000030 0.000014 0.000006 0.000004 0.000000 0.000000 0.000000 0.000000 0.000000 0.000000 0.000000 0.000000 
t: 0.019354838710 start: 58 end: 117 0.000001 0.000002 0.000003 0.000009 0.000025 0.000070 0.000115 0.000233 0.000524 0.000919 0.001573 0.002734 0.004418 0.006862 0.010434 0.015099 0.021464 0.028460 0.036706 0.045623 0.054769 0.062693 0.069624 0.074012 0.076187 0.075688 0.072196 0.066714 0.059559 0.051038 0.042311 0.033831 0.026018 0.019329 0.013798 0.009757 0.006567 0.004274 0.002698 0.001634 0.000910 0.000526 0.000307 0.000148 0.000069 0.000038 0.000017 0.000007 0.000003 0.000002 0.000001 0.000001 0.000000 0.000000 0.000000 0.000000 0.000000 0.000000 0.000000 0.000000 
t: 0.018750000000 start: 62 end: 118 0.000004 0.000016 0.000028 0.000069 0.000140 0.000254 0.000526 0.000952 0.001647 0.002833 0.004410 0.007009 0.010397 0.015144 0.021162 0.028176 0.036156 0.044940 0.053709 0.061610 0.068466 0.072781 0.075309 0.074870 0.072019 0.066914 0.059714 0.051779 0.042796 0.034868 0.027119 0.020222 0.014761 0.010278 0.007020 0.004612 0.002968 0.001939 0.001028 0.000632 0.000380 0.000168 0.000092 0.000046 0.000020 0.000009 0.000004 0.000002 0.000002 0.000000 0.000000 0.000000 0.000000 0.000000 0.000000 0.000000 0.000000 
t: 0.018181818182 start: 63 end: 120 0.000003 0.000007 0.000010 0.000043 0.000070 0.000145 0.000295 0.000563 0.000954 0.001769 0.002905 0.004563 0.007210 0.010629 0.015198 0.021056 0.028029 0.035955 0.044386 0.052858 0.060844 0.067726 0.071713 0.074387 0.074404 0.071572 0.066371 0.059793 0.051920 0.043212 0.035814 0.027516 0.021268 0.015344 0.010838 0.007542 0.004963 0.003237 0.002037 0.001271 0.000752 0.000402 0.000216 0.000107 0.000049 0.000029 0.000011 0.000005 0.000005 0.000004 0.000000 0.000000 0.000000 0.000000 0.000000 0.000000 0.000000 0.000000 
t: 0.017647058823 start: 63 end: 121 0.000001 0.000000 0.000002 0.000010 0.000023 0.000040 0.000081 0.000175 0.000328 0.000589 0.001018 0.001919 0.003077 0.004753 0.007285 0.010768 0.015502 0.021563 0.028104 0.035707 0.044116 0.052299 0.060188 0.066701 0.070950 0.073563 0.073535 0.070924 0.066271 0.059593 0.051951 0.043865 0.035804 0.028230 0.021663 0.015798 0.011559 0.007916 0.005393 0.003421 0.002160 0.001364 0.000826 0.000454 0.000253 0.000139 0.000058 0.000027 0.000017 0.000008 0.000006 0.000003 0.000000 0.000000 0.000000 0.000000 0.000000 0.000000 0.000000 
t: 0.017142857143 start: 65 end: 125 0.000001 0.000002 0.000003 0.000012 0.000026 0.000050 0.000103 0.000194 0.000361 0.000668 0.001147 0.001988 0.003253 0.005032 0.007454 0.011328 0.015838 0.021618 0.028201 0.035926 0.044260 0.052165 0.059633 0.065860 0.070344 0.073268 0.072304 0.070259 0.065709 0.059101 0.051758 0.044288 0.035985 0.028724 0.021854 0.016281 0.011740 0.008252 0.005567 0.003696 0.002379 0.001397 0.000882 0.000500 0.000288 0.000152 0.000075 0.000036 0.000017 0.000014 0.000005 0.000001 0.000000 0.000001 0.000000 0.000000 0.000000 0.000000 0.000000 0.000000 0.000000 
t: 0.016666666667 start: 66 end: 128 0.000001 0.000001 0.000001 0.000006 0.000017 0.000026 0.000051 0.000126 0.000219 0.000449 0.000727 0.001223 0.002211 0.003461 0.005212 0.007802 0.011669 0.016460 0.021844 0.028687 0.036259 0.044288 0.052392 0.059277 0.065700 0.069942 0.071510 0.072230 0.069804 0.064878 0.058616 0.051576 0.044027 0.036029 0.028526 0.022137 0.016480 0.011967 0.008417 0.005809 0.003841 0.002432 0.001557 0.000938 0.000550 0.000278 0.000166 0.000093 0.000040 0.000015 0.000020 0.000006 0.000005 0.000001 0.000001 0.000000 0.000000 0.000000 0.000000 0.000000 0.000000 0.000000 0.000000 
t: 0.016216216216 start: 67 end: 130 0.000001 0.000000 0.000001 0.000001 0.000007 0.000021 0.000036 0.000072 0.000128 0.000246 0.000488 0.000808 0.001438 0.002304 0.003669 0.005628 0.008392 0.012019 0.016972 0.022400 0.029353 0.036887 0.044523 0.052499 0.059450 0.065082 0.069247 0.071416 0.071049 0.068416 0.064423 0.058637 0.051156 0.043113 0.035911 0.028583 0.022139 0.016491 0.012176 0.008537 0.005906 0.003975 0.002569 0.001603 0.000954 0.000580 0.000319 0.000169 0.000086 0.000071 0.000022 0.000014 0.000007 0.000002 0.000001 0.000002 0.000000 0.000001 0.000000 0.000000 0.000000 0.000000 0.000000 0.000000 
t: 0.015789473684 start: 68 end: 130 0.000001 0.000000 0.000000 0.000000 0.000003 0.000008 0.000021 0.000043 0.000079 0.000147 0.000281 0.000533 0.000953 0.001578 0.002497 0.003951 0.006116 0.008843 0.012667 0.017372 0.023422 0.030065 0.037564 0.045082 0.052508 0.059509 0.065476 0.068629 0.070661 0.070319 0.067688 0.063335 0.057732 0.050437 0.042691 0.035534 0.028410 0.022051 0.016570 0.012059 0.008621 0.006001 0.003924 0.002646 0.001641 0.000982 0.000617 0.000321 0.000183 0.000116 0.000053 0.000026 0.000020 0.000005 0.000004 0.000003 0.000000 0.000001 0.000000 0.000001 0.000000 0.000000 0.000000 
t: 0.015384615385 start: 70 end: 133 0.000001 0.000000 0.000000 0.000001 0.000006 0.000009 0.000024 0.000055 0.000089 0.000180 0.000321 0.000630 0.001067 0.001728 0.002829 0.004383 0.006475 0.009518 0.013223 0.018172 0.024282 0.030995 0.038218 0.045775 0.053638 0.059712 0.064979 0.068511 0.069657 0.069358 0.067105 0.062660 0.056371 0.049546 0.042205 0.035081 0.028028 0.021662 0.016228 0.011965 0.008622 0.006008 0.004033 0.002591 0.001669 0.001003 0.000595 0.000360 0.000196 0.000111 0.000071 0.000029 0.000012 0.000005 0.000002 0.000002 0.000002 0.000002 0.000000 0.000000 0.000000 0.000000 0.000000 0.000000 
t: 0.015000000000 start: 74 end: 136 0.000001 0.000002 0.000004 0.000010 0.000036 0.000067 0.000105 0.000210 0.000392 0.000728 0.001251 0.001921 0.003058 0.004752 0.007130 0.010081 0.014293 0.019259 0.025169 0.031892 0.039269 0.046528 0.053803 0.059996 0.064845 0.068366 0.069836 0.068428 0.065731 0.061800 0.055217 0.048574 0.041584 0.033994 0.027310 0.021403 0.016063 0.011812 0.008476 0.005888 0.004043 0.002610 0.001631 0.000990 0.000631 0.000361 0.000198 0.000125 0.000063 0.000038 0.000010 0.000007 0.000005 0.000003 0.000000 0.000000 0.000001 0.000000 0.000000 0.000000 0.000000 0.000000 0.000000 
t: 0.014634146341 start: 75 end: 138 0.000001 0.000000 0.000002 0.000009 0.000011 0.000037 0.000083 0.000136 0.000242 0.000521 0.000837 0.001353 0.002259 0.003390 0.005195 0.007680 0.010829 0.015093 0.020435 0.026189 0.033331 0.040191 0.047575 0.054242 0.060174 0.065278 0.068261 0.068875 0.067760 0.065183 0.060034 0.054222 0.047553 0.040579 0.033148 0.026748 0.020632 0.015809 0.011385 0.008284 0.005783 0.003908 0.002646 0.001660 0.000995 0.000626 0.000353 0.000210 0.000127 0.000064 0.000037 0.000012 0.000003 0.000005 0.000002 0.000002 0.000000 0.000001 0.000000 0.000000 0.000000 0.000000 0.000000 0.000000 
t: 0.014285714286 start: 76 end: 140 0.000001 0.000000 0.000002 0.000004 0.000012 0.000022 0.000040 0.000113 0.000180 0.000331 0.000579 0.000932 0.001580 0.002473 0.003897 0.005745 0.008343 0.011848 0.015969 0.021493 0.027723 0.034291 0.041606 0.048305 0.055109 0.060563 0.065660 0.067857 0.068671 0.067006 0.064061 0.058933 0.052754 0.046051 0.039147 0.032423 0.025727 0.020148 0.015268 0.011168 0.007933 0.005630 0.003830 0.002501 0.001658 0.000969 0.000619 0.000352 0.000215 0.000129 0.000064 0.000033 0.000015 0.000007 0.000005 0.000002 0.000002 0.000000 0.000001 0.000000 0.000000 0.000000 0.000000 0.000000 0.000000 
t: 0.013953488372 start: 79 end: 142 0.000003 0.000001 0.000009 0.000009 0.000029 0.000066 0.000124 0.000214 0.000406 0.000663 0.001160 0.001818 0.002832 0.004267 0.006290 0.009149 0.012770 0.017690 0.022887 0.028807 0.035706 0.042608 0.049801 0.055962 0.061403 0.065422 0.067757 0.067802 0.065941 0.062779 0.057700 0.051205 0.044613 0.038077 0.031254 0.024773 0.019520 0.014659 0.010697 0.007618 0.005430 0.003721 0.002494 0.001477 0.000985 0.000606 0.000346 0.000190 0.000126 0.000063 0.000036 0.000016 0.000010 0.000006 0.000002 0.000000 0.000001 0.000000 0.000000 0.000000 0.000000 0.000000 0.000000 0.000000 
t: 0.013636363636 start: 79 end: 143 0.000001 0.000000 0.000003 0.000005 0.000001 0.000026 0.000045 0.000080 0.000171 0.000280 0.000486 0.000802 0.001335 0.002010 0.003304 0.004852 0.007064 0.010198 0.014026 0.018756 0.024126 0.030473 0.037246 0.044179 0.050846 0.056611 0.062159 0.065577 0.067255 0.067070 0.064965 0.061516 0.056056 0.049951 0.043251 0.036705 0.029848 0.023751 0.018627 0.013853 0.010359 0.007391 0.005205 0.003464 0.002288 0.001496 0.000962 0.000592 0.000318 0.000177 0.000118 0.000053 0.000033 0.000014 0.000011 0.000004 0.000003 0.000002 0.000000 0.000000 0.000000 0.000000 0.000000 0.000000 0.000000 
t: 0.013333333333 start: 81 end: 146 0.000003 0.000001 0.000002 0.000002 0.000012 0.000034 0.000058 0.000094 0.000211 0.000347 0.000582 0.000930 0.001592 0.002388 0.003675 0.005420 0.007998 0.011362 0.015219 0.020139 0.025650 0.032167 0.038674 0.045716 0.052003 0.057975 0.062595 0.065941 0.066821 0.065792 0.063771 0.060305 0.054555 0.048088 0.041951 0.034935 0.028748 0.022792 0.017637 0.013120 0.009741 0.007011 0.004898 0.003314 0.002137 0.001399 0.000883 0.000576 0.000315 0.000188 0.000120 0.000052 0.000027 0.000019 0.000005 0.000005 0.000003 0.000002 0.000000 0.000000 0.000000 0.000000 0.000000 0.000000 0.000000 0.000000 
t: 0.013043478261 start: 83 end: 148 0.000002 0.000003 0.000003 0.000006 0.000018 0.000041 0.000069 0.000133 0.000248 0.000429 0.000712 0.001124 0.001846 0.002750 0.004168 0.006238 0.009079 0.012164 0.016647 0.021772 0.027204 0.033654 0.040471 0.047532 0.053351 0.059054 0.063822 0.065703 0.066331 0.065048 0.062420 0.058363 0.052848 0.046397 0.040028 0.033249 0.027453 0.021533 0.016688 0.012356 0.009289 0.006708 0.004616 0.002972 0.002043 0.001324 0.000877 0.000518 0.000321 0.000181 0.000077 0.000053 0.000028 0.000020 0.000009 0.000005 0.000001 0.000001 0.000000 0.000000 0.000000 0.000000 0.000000 0.000000 0.000000 0.000000 
t: 0.012765957447 start: 84 end: 149 0.000002 0.000000 0.000003 0.000004 0.000015 0.000031 0.000048 0.000101 0.000177 0.000308 0.000533 0.000847 0.001369 0.002091 0.003340 0.004848 0.007183 0.010000 0.013560 0.018033 0.023295 0.029134 0.035636 0.042323 0.048940 0.054943 0.060221 0.063707 0.065909 0.065501 0.063977 0.061412 0.056317 0.051119 0.044403 0.038370 0.031901 0.025580 0.020428 0.015578 0.011677 0.008859 0.006130 0.004253 0.002867 0.001893 0.001216 0.000792 0.000493 0.000286 0.000156 0.000081 0.000048 0.000032 0.000016 0.000008 0.000002 0.000003 0.000000 0.000001 0.000000 0.000000 0.000000 0.000000 0.000000 0.000000 
t: 0.012500000000 start: 84 end: 151 0.000001 0.000000 0.000000 0.000003 0.000002 0.000011 0.000010 0.000039 0.000069 0.000134 0.000234 0.000369 0.000632 0.001040 0.001624 0.002552 0.003820 0.005683 0.008138 0.011118 0.015003 0.019809 0.025169 0.031086 0.037103 0.044582 0.050974 0.056385 0.060620 0.064022 0.065195 0.065155 0.063026 0.059717 0.054630 0.049047 0.042767 0.036291 0.030079 0.024206 0.019007 0.014633 0.011099 0.008048 0.005661 0.003941 0.002674 0.001736 0.001105 0.000736 0.000428 0.000260 0.000145 0.000083 0.000045 0.000033 0.000011 0.000004 0.000002 0.000002 0.000001 0.000000 0.000001 0.000000 0.000000 0.000000 0.000000 0.000000 
t: 0.012244897959 start: 86 end: 153 0.000001 0.000000 0.000000 0.000002 0.000003 0.000008 0.000027 0.000053 0.000092 0.000165 0.000282 0.000474 0.000821 0.001235 0.002000 0.002936 0.004506 0.006552 0.009200 0.012434 0.016747 0.021340 0.027155 0.033137 0.039678 0.046257 0.052658 0.057585 0.061656 0.063852 0.065115 0.064453 0.061727 0.057841 0.052778 0.046851 0.040699 0.034401 0.028366 0.022538 0.017773 0.013678 0.010043 0.007319 0.005397 0.003635 0.002344 0.001618 0.000994 0.000640 0.000423 0.000221 0.000124 0.000085 0.000037 0.000018 0.000016 0.000004 0.000003 0.000001 0.000001 0.000000 0.000001 0.000000 0.000000 0.000000 0.000000 0.000000 
t: 0.012000000000 start: 89 end: 155 0.000002 0.000000 0.000003 0.000008 0.000017 0.000032 0.000058 0.000124 0.000241 0.000357 0.000596 0.001019 0.001491 0.002422 0.003581 0.005226 0.007486 0.010304 0.013866 0.018261 0.023787 0.029118 0.035313 0.041888 0.048158 0.054360 0.058831 0.062291 0.064477 0.064902 0.062667 0.060549 0.055845 0.050273 0.044539 0.038845 0.032549 0.026437 0.021074 0.016273 0.012394 0.009501 0.006894 0.004753 0.003254 0.002158 0.001440 0.000914 0.000620 0.000350 0.000203 0.000109 0.000056 0.000046 0.000018 0.000005 0.000009 0.000003 0.000000 0.000001 0.000002 0.000000 0.000000 0.000000 0.000000 0.000000 0.000000 
t: 0.011764705882 start: 91 end: 159 0.000002 0.000002 0.000007 0.000016 0.000022 0.000043 0.000073 0.000163 0.000291 0.000428 0.000732 0.001214 0.001884 0.002940 0.004202 0.006151 0.008498 0.011794 0.015522 0.020294 0.025433 0.031686 0.037973 0.043865 0.049937 0.055548 0.060062 0.063147 0.064255 0.063975 0.061869 0.058527 0.053909 0.048182 0.042713 0.036280 0.030526 0.024738 0.019252 0.015150 0.011426 0.008665 0.006041 0.004303 0.002947 0.001933 0.001318 0.000867 0.000494 0.000306 0.000170 0.000098 0.000052 0.000037 0.000015 0.000013 0.000005 0.000001 0.000002 0.000001 0.000001 0.000000 0.000000 0.000000 0.000000 0.000000 0.000000 0.000000 0.000000 
t: 0.011538461538 start: 92 end: 159 0.000001 0.000003 0.000006 0.000007 0.000016 0.000036 0.000060 0.000106 0.000188 0.000363 0.000556 0.000963 0.001474 0.002277 0.003433 0.004998 0.007186 0.009890 0.013321 0.017444 0.022078 0.027992 0.034044 0.039883 0.046548 0.052095 0.056984 0.060899 0.062964 0.063943 0.063331 0.060245 0.056877 0.051548 0.046279 0.040093 0.034316 0.028399 0.022660 0.017729 0.013976 0.010517 0.007672 0.005511 0.003788 0.002598 0.001764 0.001121 0.000746 0.000458 0.000249 0.000165 0.000100 0.000049 0.000023 0.000012 0.000009 0.000003 0.000002 0.000002 0.000000 0.000000 0.000000 0.000000 0.000000 0.000000 0.000000 0.000000 
t: 0.011320754717 start: 93 end: 159 0.000002 0.000003 0.000000 0.000005 0.000017 0.000031 0.000042 0.000063 0.000159 0.000269 0.000435 0.000699 0.001199 0.001841 0.002772 0.004117 0.005932 0.008277 0.011141 0.014869 0.019654 0.024636 0.030357 0.036398 0.042344 0.048594 0.054089 0.058296 0.061555 0.063359 0.062971 0.062092 0.058917 0.054760 0.049565 0.043648 0.037746 0.032036 0.026108 0.020794 0.016531 0.012714 0.009402 0.006905 0.004829 0.003438 0.002291 0.001567 0.001021 0.000572 0.000392 0.000224 0.000155 0.000070 0.000043 0.000018 0.000018 0.000011 0.000004 0.000000 0.000003 0.000000 0.000000 0.000000 0.000000 0.000000 0.000000 
t: 0.011111111111 start: 95 end: 163 0.000001 0.000003 0.000003 0.000010 0.000018 0.000030 0.000056 0.000119 0.000219 0.000322 0.000560 0.000927 0.001489 0.002183 0.003439 0.004955 0.006954 0.009586 0.012704 0.017029 0.021780 0.027120 0.032920 0.038814 0.044955 0.050717 0.055518 0.059276 0.062056 0.063220 0.062627 0.060630 0.057298 0.052563 0.047126 0.040885 0.035286 0.029658 0.023844 0.019129 0.015202 0.011350 0.008424 0.006072 0.004264 0.003066 0.002122 0.001301 0.000855 0.000521 0.000341 0.000203 0.000103 0.000065 0.000040 0.000017 0.000007 0.000009 0.000006 0.000001 0.000000 0.000002 0.000000 0.000000 0.000000 0.000000 0.000000 0.000000 0.000000 
t: 0.010909090909 start: 95 end: 163 0.000001 0.000000 0.000002 0.000003 0.000007 0.000013 0.000022 0.000048 0.000084 0.000168 0.000254 0.000442 0.000734 0.001187 0.001890 0.002770 0.004123 0.005764 0.008144 0.010963 0.014707 0.019012 0.024350 0.029738 0.035430 0.041454 0.047058 0.052740 0.057479 0.060133 0.062033 0.062896 0.061882 0.059272 0.054937 0.049644 0.044549 0.038679 0.032909 0.027042 0.022089 0.017387 0.013555 0.010224 0.007525 0.005428 0.003855 0.002611 0.001769 0.001177 0.000685 0.000485 0.000275 0.000159 0.000099 0.000046 0.000029 0.000016 0.000009 0.000007 0.000004 0.000000 0.000003 0.000000 0.000000 0.000000 0.000000 0.000000 0.000000 
t: 0.010714285714 start: 96 end: 166 0.000001 0.000000 0.000001 0.000003 0.000003 0.000009 0.000018 0.000036 0.000069 0.000116 0.000222 0.000341 0.000574 0.001016 0.001528 0.002284 0.003367 0.004959 0.006833 0.009275 0.012866 0.016789 0.021510 0.026606 0.032323 0.038363 0.044066 0.049600 0.054384 0.058444 0.060748 0.062814 0.062295 0.060187 0.057047 0.052820 0.047298 0.041986 0.035780 0.030147 0.025036 0.020133 0.015898 0.012139 0.009060 0.006659 0.004706 0.003337 0.002315 0.001474 0.000957 0.000598 0.000434 0.000218 0.000130 0.000076 0.000046 0.000021 0.000013 0.000011 0.000005 0.000002 0.000002 0.000002 0.000000 0.000000 0.000000 0.000000 0.000000 0.000000 0.000000 
t: 0.010526315789 start: 98 end: 167 0.000001 0.000001 0.000000 0.000005 0.000003 0.000013 0.000039 0.000043 0.000099 0.000161 0.000268 0.000462 0.000826 0.001221 0.001934 0.002831 0.004081 0.005779 0.008238 0.011062 0.014610 0.019153 0.023901 0.029317 0.035320 0.041094 0.046160 0.051907 0.056120 0.059393 0.061733 0.062170 0.061039 0.058894 0.054981 0.050111 0.044946 0.038885 0.033336 0.027758 0.022869 0.018069 0.014207 0.010823 0.007968 0.005882 0.004166 0.002866 0.001909 0.001258 0.000805 0.000486 0.000348 0.000181 0.000113 0.000067 0.000037 0.000017 0.000012 0.000014 0.000001 0.000005 0.000002 0.000000 0.000000 0.000000 0.000000 0.000000 0.000000 0.000000 
t: 0.010344827586 start: 100 end: 171 0.000001 0.000002 0.000002 0.000005 0.000012 0.000020 0.000042 0.000078 0.000134 0.000219 0.000384 0.000633 0.001085 0.001537 0.002355 0.003504 0.005063 0.007061 0.009701 0.012802 0.016805 0.021246 0.026612 0.032232 0.037932 0.043645 0.049025 0.053827 0.057706 0.060364 0.061697 0.061361 0.060145 0.056608 0.052586 0.047758 0.041969 0.036153 0.030511 0.025494 0.020609 0.016314 0.012711 0.009464 0.007069 0.005149 0.003492 0.002495 0.001600 0.001012 0.000692 0.000441 0.000269 0.000157 0.000080 0.000061 0.000028 0.000019 0.000008 0.000005 0.000003 0.000003 0.000002 0.000001 0.000000 0.000000 0.000000 0.000000 0.000000 0.000000 0.000000 0.000000 
t: 0.010169491525 start: 101 end: 172 0.000001 0.000001 0.000003 0.000007 0.000003 0.000018 0.000033 0.000064 0.000103 0.000185 0.000299 0.000525 0.000883 0.001337 0.001996 0.003003 0.004200 0.006163 0.008462 0.011308 0.014682 0.019231 0.024201 0.029296 0.035013 0.040629 0.046264 0.051335 0.055968 0.058949 0.060799 0.061549 0.060522 0.058174 0.054388 0.050075 0.044783 0.039065 0.033659 0.028059 0.022940 0.018496 0.014434 0.011180 0.008496 0.006099 0.004320 0.003074 0.002085 0.001355 0.000857 0.000553 0.000351 0.000211 0.000140 0.000070 0.000045 0.000028 0.000011 0.000004 0.000008 0.000004 0.000000 0.000003 0.000001 0.000000 0.000000 0.000000 0.000000 0.000000 0.000000 0.000000 
t: 0.010000000000 start: 102 end: 174 0.000001 0.000001 0.000001 0.000004 0.000007 0.000014 0.000027 0.000048 0.000071 0.000164 0.000262 0.000451 0.000705 0.001085 0.001681 0.002524 0.003696 0.005222 0.007418 0.010090 0.013063 0.017177 0.021664 0.026939 0.032364 0.038049 0.043359 0.049079 0.053758 0.057296 0.059349 0.060967 0.061021 0.059027 0.055931 0.052469 0.047274 0.041840 0.036200 0.030769 0.025458 0.020826 0.016499 0.012805 0.009848 0.007220 0.005216 0.003748 0.002583 0.001717 0.001065 0.000754 0.000460 0.000301 0.000172 0.000113 0.000075 0.000027 0.000018 0.000012 0.000008 0.000003 0.000001 0.000002 0.000002 0.000000 0.000000 0.000000 0.000000 0.000000 0.000000 0.000000 0.000000 
t: 0.008448275866 start: 116 end: 189 0.000001 0.000000 0.000001 0.000001 0.000006 0.000016 0.000020 0.000045 0.000083 0.000129 0.000239 0.000337 0.000500 0.000899 0.001353 0.001991 0.002833 0.004134 0.005654 0.007722 0.010156 0.013341 0.017031 0.021482 0.025953 0.031200 0.036164 0.040824 0.046038 0.050398 0.054034 0.056472 0.057842 0.058621 0.056968 0.054776 0.051883 0.047484 0.042990 0.038084 0.033060 0.028041 0.023410 0.018905 0.015116 0.011734 0.009107 0.006717 0.004980 0.003629 0.002631 0.001719 0.001152 0.000757 0.000490 0.000330 0.000221 0.000120 0.000067 0.000048 0.000021 0.000021 0.000009 0.000003 0.000002 0.000003 0.000002 0.000000 0.000000 0.000000 0.000000 0.000000 0.000000 0.000000 
t: 0.007313432839 start: 129 end: 205 0.000001 0.000000 0.000004 0.000007 0.000008 0.000022 0.000030 0.000049 0.000086 0.000132 0.000219 0.000383 0.000585 0.000861 0.001247 0.001919 0.002685 0.003805 0.005204 0.007046 0.009531 0.012349 0.015507 0.019180 0.023748 0.028240 0.033047 0.037859 0.042428 0.046682 0.050164 0.053454 0.055199 0.055840 0.055919 0.054582 0.052222 0.048886 0.045087 0.041104 0.036212 0.031258 0.027069 0.022447 0.018469 0.014692 0.011874 0.008999 0.006736 0.005118 0.003711 0.002594 0.001823 0.001221 0.000914 0.000545 0.000348 0.000241 0.000185 0.000090 0.000049 0.000030 0.000023 0.000016 0.000006 0.000005 0.000001 0.000001 0.000001 0.000001 0.000000 0.000000 0.000000 0.000000 0.000000 0.000000 0.000000 
t: 0.006447368423 start: 139 end: 217 0.000001 0.000000 0.000001 0.000001 0.000003 0.000011 0.000011 0.000016 0.000033 0.000048 0.000106 0.000191 0.000280 0.000403 0.000642 0.000995 0.001434 0.002005 0.002931 0.004205 0.005363 0.007200 0.009605 0.012386 0.015350 0.018973 0.023067 0.027201 0.031727 0.036565 0.040957 0.045418 0.048486 0.051317 0.053187 0.054464 0.054297 0.053662 0.051868 0.048824 0.045670 0.041056 0.037109 0.032551 0.028464 0.023740 0.019807 0.016148 0.012941 0.010281 0.007913 0.006096 0.004411 0.003173 0.002353 0.001684 0.001177 0.000760 0.000512 0.000365 0.000206 0.000122 0.000091 0.000046 0.000028 0.000023 0.000019 0.000010 0.000002 0.000003 0.000004 0.000000 0.000000 0.000001 0.000000 0.000000 0.000000 0.000000 0.000000 
t: 0.005764705884 start: 152 end: 228 0.000003 0.000002 0.000004 0.000013 0.000015 0.000034 0.000054 0.000070 0.000126 0.000207 0.000349 0.000527 0.000779 0.001090 0.001563 0.002286 0.003229 0.004310 0.005960 0.007691 0.010027 0.012678 0.015834 0.019413 0.023417 0.027627 0.031968 0.035935 0.040181 0.044313 0.047667 0.050371 0.052140 0.053541 0.053340 0.052174 0.050593 0.048305 0.045159 0.041181 0.037029 0.032505 0.028698 0.024326 0.020375 0.016640 0.013634 0.010767 0.008494 0.006410 0.004768 0.003625 0.002649 0.001951 0.001312 0.000891 0.000621 0.000396 0.000269 0.000179 0.000114 0.000071 0.000042 0.000025 0.000012 0.000009 0.000003 0.000006 0.000003 0.000000 0.000000 0.000000 0.000000 0.000000 0.000000 0.000000 0.000000 
t: 0.005212765959 start: 161 end: 239 0.000002 0.000003 0.000003 0.000007 0.000011 0.000020 0.000025 0.000065 0.000089 0.000159 0.000259 0.000394 0.000544 0.000905 0.001253 0.001801 0.002459 0.003544 0.004648 0.006213 0.008152 0.010452 0.013153 0.016244 0.019778 0.023796 0.027769 0.031440 0.036254 0.040072 0.043572 0.047046 0.049497 0.051443 0.052416 0.052415 0.051699 0.050095 0.047551 0.044432 0.041047 0.037130 0.032718 0.028523 0.024409 0.020839 0.017009 0.013904 0.011143 0.008561 0.006770 0.005093 0.003861 0.002840 0.002035 0.001461 0.000976 0.000664 0.000462 0.000309 0.000229 0.000145 0.000072 0.000043 0.000027 0.000023 0.000016 0.000002 0.000005 0.000003 0.000001 0.000000 0.000000 0.000000 0.000000 0.000000 0.000000 0.000000 0.000000 
t: 0.004757281555 start: 169 end: 247 0.000001 0.000001 0.000000 0.000009 0.000004 0.000016 0.000029 0.000045 0.000068 0.000127 0.000197 0.000259 0.000406 0.000610 0.000897 0.001379 0.001835 0.002603 0.003596 0.004837 0.006295 0.008236 0.010538 0.013245 0.016039 0.019749 0.023235 0.027307 0.031331 0.035532 0.039542 0.042865 0.046454 0.048903 0.050621 0.051395 0.051743 0.051048 0.049793 0.047663 0.044243 0.041214 0.037428 0.033044 0.029167 0.025123 0.021145 0.017834 0.014577 0.011471 0.009296 0.007041 0.005527 0.004189 0.003020 0.002216 0.001618 0.001126 0.000737 0.000511 0.000365 0.000260 0.000144 0.000098 0.000056 0.000040 0.000027 0.000011 0.000007 0.000009 0.000001 0.000000 0.000002 0.000000 0.000000 0.000000 0.000000 0.000000 0.000000 
t: 0.004375000001 start: 175 end: 255 0.000001 0.000001 0.000000 0.000000 0.000003 0.000001 0.000010 0.000015 0.000025 0.000052 0.000075 0.000120 0.000186 0.000285 0.000398 0.000613 0.000847 0.001252 0.001776 0.002538 0.003419 0.004587 0.005919 0.007788 0.010106 0.012505 0.015537 0.018866 0.022315 0.025925 0.030022 0.033963 0.038084 0.041784 0.045046 0.047778 0.049620 0.050790 0.051424 0.050661 0.049942 0.047820 0.045516 0.041979 0.038656 0.034296 0.030107 0.026254 0.022532 0.018936 0.015791 0.012757 0.010186 0.008064 0.006248 0.004700 0.003399 0.002537 0.001891 0.001306 0.000921 0.000613 0.000400 0.000287 0.000185 0.000132 0.000091 0.000043 0.000036 0.000019 0.000008 0.000003 0.000003 0.000002 0.000003 0.000000 0.000000 0.000000 0.000000 0.000000 0.000000 
t: 0.004049586778 start: 180 end: 263 0.000001 0.000000 0.000000 0.000001 0.000001 0.000001 0.000002 0.000004 0.000006 0.000007 0.000019 0.000037 0.000068 0.000095 0.000163 0.000225 0.000363 0.000505 0.000732 0.001076 0.001517 0.002094 0.002827 0.003916 0.005312 0.006928 0.008925 0.010904 0.013757 0.017134 0.019956 0.023811 0.027634 0.031772 0.035213 0.038954 0.042828 0.046012 0.047908 0.049973 0.051118 0.051010 0.050137 0.048656 0.046850 0.043712 0.040349 0.036992 0.032590 0.029003 0.025002 0.021364 0.018009 0.014620 0.011872 0.009506 0.007399 0.005820 0.004323 0.003208 0.002323 0.001732 0.001194 0.000776 0.000595 0.000419 0.000262 0.000169 0.000107 0.000075 0.000054 0.000030 0.000022 0.000009 0.000004 0.000006 0.000001 0.000001 0.000000 0.000000 0.000000 0.000000 0.000000 0.000000 
t: 0.003769230770 start: 189 end: 272 0.000001 0.000002 0.000001 0.000002 0.000003 0.000002 0.000009 0.000012 0.000030 0.000035 0.000070 0.000093 0.000146 0.000233 0.000386 0.000529 0.000788 0.001120 0.001542 0.002121 0.003016 0.004137 0.005338 0.006876 0.008844 0.011179 0.013973 0.016754 0.019965 0.023856 0.027746 0.031434 0.035187 0.038741 0.042469 0.045553 0.047917 0.049873 0.050806 0.050595 0.049964 0.048801 0.046210 0.043815 0.040487 0.036553 0.033071 0.029153 0.025084 0.021261 0.018173 0.015146 0.012129 0.009462 0.007592 0.005890 0.004455 0.003235 0.002449 0.001699 0.001255 0.000897 0.000617 0.000411 0.000274 0.000206 0.000131 0.000076 0.000052 0.000021 0.000018 0.000016 0.000006 0.000003 0.000002 0.000002 0.000000 0.000000 0.000000 0.000000 0.000000 0.000000 0.000000 0.000000 
t: 0.003525179857 start: 194 end: 277 0.000001 0.000000 0.000001 0.000000 0.000001 0.000004 0.000005 0.000006 0.000008 0.000025 0.000036 0.000051 0.000080 0.000126 0.000192 0.000320 0.000457 0.000683 0.000986 0.001394 0.001930 0.002746 0.003506 0.004729 0.006166 0.007890 0.010107 0.012598 0.015316 0.018608 0.022105 0.025828 0.029293 0.033587 0.037365 0.040778 0.043931 0.046866 0.048684 0.049720 0.050686 0.050074 0.048777 0.047424 0.044796 0.042430 0.038542 0.034942 0.030905 0.027236 0.023041 0.019762 0.016549 0.013613 0.010894 0.008495 0.006765 0.004994 0.004027 0.002911 0.002079 0.001551 0.001100 0.000722 0.000538 0.000359 0.000235 0.000159 0.000099 0.000064 0.000031 0.000026 0.000019 0.000013 0.000004 0.000004 0.000004 0.000000 0.000000 0.000001 0.000000 0.000000 0.000000 0.000000 
t: 0.003310810811 start: 202 end: 286 0.000001 0.000002 0.000001 0.000004 0.000001 0.000011 0.000012 0.000021 0.000052 0.000037 0.000107 0.000137 0.000221 0.000287 0.000444 0.000698 0.000999 0.001410 0.002005 0.002722 0.003587 0.004727 0.006275 0.007883 0.010268 0.012596 0.015290 0.018777 0.021954 0.025613 0.029312 0.033353 0.037136 0.040812 0.044060 0.046646 0.048182 0.049535 0.050566 0.050286 0.048936 0.047737 0.045196 0.041392 0.038558 0.034868 0.031160 0.027114 0.023228 0.019959 0.016516 0.013664 0.010890 0.008823 0.006832 0.005172 0.003893 0.002894 0.002168 0.001582 0.001080 0.000746 0.000516 0.000377 0.000234 0.000160 0.000107 0.000055 0.000042 0.000034 0.000016 0.000010 0.000005 0.000003 0.000001 0.000001 0.000001 0.000000 0.000000 0.000000 0.000000 0.000000 0.000000 0.000000 0.000000 
t: 0.003121019109 start: 209 end: 290 0.000001 0.000004 0.000004 0.000010 0.000009 0.000015 0.000023 0.000041 0.000073 0.000108 0.000178 0.000263 0.000362 0.000601 0.000802 0.001171 0.001599 0.002265 0.003151 0.004058 0.005344 0.006980 0.008767 0.011090 0.013652 0.016561 0.020071 0.023480 0.027138 0.031115 0.035062 0.038787 0.042221 0.045182 0.047098 0.048993 0.049989 0.050289 0.049986 0.048325 0.046447 0.043669 0.040390 0.037333 0.033361 0.029272 0.025367 0.021869 0.018496 0.015405 0.012514 0.009930 0.007927 0.006114 0.004749 0.003508 0.002568 0.001899 0.001318 0.000984 0.000669 0.000475 0.000312 0.000214 0.000122 0.000077 0.000050 0.000037 0.000022 0.000017 0.000008 0.000006 0.000002 0.000001 0.000000 0.000000 0.000000 0.000000 0.000000 0.000000 0.000000 0.000000 
t: 0.002951807229 start: 212 end: 294 0.000001 0.000000 0.000001 0.000002 0.000006 0.000003 0.000010 0.000015 0.000031 0.000029 0.000063 0.000113 0.000149 0.000267 0.000359 0.000501 0.000787 0.001073 0.001463 0.002174 0.002876 0.003918 0.005132 0.006669 0.008422 0.010503 0.013150 0.015936 0.019091 0.022639 0.026949 0.030350 0.034331 0.038080 0.040890 0.044617 0.046941 0.048922 0.049646 0.050279 0.049801 0.048661 0.046601 0.044753 0.041038 0.037852 0.033974 0.029928 0.026442 0.022809 0.019180 0.016081 0.013218 0.010519 0.008234 0.006373 0.005016 0.003642 0.002791 0.002002 0.001484 0.001019 0.000739 0.000520 0.000352 0.000215 0.000149 0.000080 0.000047 0.000034 0.000019 0.000018 0.000013 0.000003 0.000003 0.000002 0.000000 0.000000 0.000000 0.000000 0.000000 0.000000 0.000000 
t: 0.002800000000 start: 218 end: 299 0.000001 0.000000 0.000001 0.000007 0.000009 0.000009 0.000015 0.000027 0.000055 0.000079 0.000107 0.000165 0.000254 0.000369 0.000544 0.000832 0.001134 0.001643 0.002224 0.003053 0.003956 0.005359 0.006761 0.008685 0.010945 0.013566 0.016210 0.019808 0.023297 0.027109 0.031109 0.034649 0.038422 0.041861 0.044567 0.047065 0.048802 0.050204 0.050632 0.049860 0.048330 0.046629 0.043807 0.040946 0.037014 0.033492 0.029537 0.025962 0.022093 0.018903 0.015727 0.012679 0.010238 0.008041 0.006248 0.004579 0.003400 0.002651 0.001907 0.001452 0.000962 0.000653 0.000480 0.000327 0.000202 0.000152 0.000069 0.000051 0.000025 0.000021 0.000014 0.000004 0.000005 0.000002 0.000000 0.000003 0.000000 0.000000 0.000000 0.000000 0.000000 0.000000 
t: 0.002663043479 start: 223 end: 306 0.000001 0.000002 0.000005 0.000007 0.000006 0.000013 0.000027 0.000021 0.000057 0.000089 0.000127 0.000223 0.000302 0.000462 0.000648 0.000965 0.001287 0.001883 0.002632 0.003412 0.004547 0.005921 0.007672 0.009577 0.011959 0.014703 0.017843 0.021161 0.024961 0.029000 0.032653 0.036322 0.040042 0.042930 0.046031 0.048288 0.049400 0.050414 0.049954 0.049813 0.048007 0.045518 0.042489 0.039126 0.035671 0.031656 0.028015 0.024033 0.020590 0.017174 0.014230 0.011389 0.009315 0.007173 0.005431 0.004116 0.003083 0.002334 0.001653 0.001153 0.000816 0.000577 0.000404 0.000241 0.000180 0.000098 0.000068 0.000041 0.000029 0.000010 0.000007 0.000004 0.000005 0.000001 0.000002 0.000001 0.000000 0.000000 0.000000 0.000000 0.000000 0.000000 0.000000 0.000000 
t: 0.002538860104 start: 225 end: 308 0.000001 0.000001 0.000001 0.000002 0.000001 0.000004 0.000005 0.000011 0.000015 0.000034 0.000048 0.000068 0.000126 0.000206 0.000247 0.000405 0.000593 0.000871 0.001204 0.001720 0.002373 0.003106 0.004281 0.005471 0.007182 0.008942 0.011280 0.013829 0.016807 0.020387 0.024083 0.027678 0.031334 0.035312 0.039241 0.042247 0.045371 0.047855 0.049268 0.050230 0.050365 0.049945 0.048545 0.046142 0.043449 0.040209 0.036737 0.032921 0.029137 0.025199 0.021157 0.017951 0.014872 0.012175 0.009805 0.007716 0.005949 0.004376 0.003302 0.002382 0.001827 0.001268 0.000902 0.000649 0.000411 0.000274 0.000183 0.000122 0.000084 0.000045 0.000025 0.000013 0.000010 0.000007 0.000005 0.000000 0.000000 0.000001 0.000000 0.000000 0.000000 0.000000 0.000000 0.000000 
t: 0.002425742574 start: 230 end: 314 0.000002 0.000001 0.000002 0.000002 0.000004 0.000004 0.000012 0.000018 0.000029 0.000046 0.000066 0.000119 0.000185 0.000262 0.000395 0.000562 0.000776 0.001225 0.001783 0.002332 0.003157 0.004087 0.005494 0.007111 0.008857 0.011102 0.013892 0.016965 0.020174 0.023801 0.027682 0.031093 0.035362 0.039361 0.042218 0.045467 0.047706 0.049687 0.050369 0.050345 0.050050 0.048355 0.046467 0.043254 0.040546 0.036783 0.032939 0.028979 0.025280 0.021646 0.018138 0.014883 0.012172 0.009574 0.007404 0.005804 0.004523 0.003347 0.002448 0.001797 0.001247 0.000845 0.000606 0.000403 0.000241 0.000187 0.000144 0.000077 0.000045 0.000016 0.000023 0.000011 0.000002 0.000005 0.000002 0.000001 0.000001 0.000000 0.000000 0.000000 0.000000 0.000000 0.000000 0.000000 0.000000 
t: 0.002322274882 start: 234 end: 317 0.000001 0.000003 0.000001 0.000001 0.000004 0.000006 0.000011 0.000015 0.000031 0.000060 0.000066 0.000131 0.000192 0.000272 0.000397 0.000652 0.000922 0.001264 0.001790 0.002497 0.003368 0.004410 0.005637 0.007520 0.009405 0.011735 0.014424 0.017406 0.020906 0.024458 0.028410 0.032515 0.036111 0.039919 0.043042 0.046203 0.048028 0.050047 0.050480 0.050425 0.049945 0.048239 0.045891 0.043175 0.039547 0.035842 0.032465 0.028053 0.024406 0.020527 0.017273 0.014155 0.011522 0.009151 0.007088 0.005406 0.004173 0.003039 0.002317 0.001669 0.001080 0.000791 0.000522 0.000302 0.000245 0.000155 0.000104 0.000065 0.000039 0.000015 0.000020 0.000006 0.000004 0.000001 0.000002 0.000001 0.000000 0.000000 0.000000 0.000000 0.000000 0.000000 0.000000 0.000000 
t: 0.002227272727 start: 237 end: 319 0.000001 0.000000 0.000002 0.000001 0.000004 0.000007 0.000006 0.000016 0.000027 0.000037 0.000062 0.000094 0.000131 0.000248 0.000312 0.000475 0.000738 0.001054 0.001439 0.001975 0.002854 0.003785 0.004841 0.006343 0.008200 0.010268 0.012911 0.015626 0.018971 0.022350 0.026240 0.030074 0.034103 0.037750 0.041287 0.044773 0.047102 0.048871 0.050368 0.051199 0.050838 0.049088 0.047315 0.044865 0.041656 0.038387 0.034184 0.030343 0.026239 0.022663 0.019311 0.015863 0.013028 0.010223 0.008052 0.006216 0.004789 0.003670 0.002685 0.001925 0.001366 0.000958 0.000617 0.000391 0.000301 0.000169 0.000112 0.000080 0.000056 0.000022 0.000018 0.000011 0.000006 0.000005 0.000002 0.000001 0.000000 0.000000 0.000000 0.000000 0.000000 0.000000 0.000000 
t: 0.002139737991 start: 240 end: 323 0.000001 0.000001 0.000002 0.000002 0.000001 0.000006 0.000009 0.000014 0.000013 0.000036 0.000047 0.000070 0.000120 0.000188 0.000240 0.000398 0.000591 0.000923 0.001311 0.001849 0.002433 0.003372 0.004392 0.005753 0.007299 0.009302 0.011925 0.014424 0.017659 0.021071 0.024783 0.028631 0.032459 0.036526 0.040154 0.043338 0.046501 0.048547 0.050635 0.051163 0.051095 0.050072 0.048367 0.045668 0.043008 0.039327 0.035778 0.032135 0.027868 0.023965 0.020056 0.017124 0.013831 0.010917 0.008880 0.006974 0.005210 0.003935 0.002917 0.002167 0.001446 0.001067 0.000692 0.000466 0.000317 0.000181 0.000149 0.000073 0.000047 0.000030 0.000017 0.000017 0.000009 0.000003 0.000002 0.000000 0.000000 0.000000 0.000000 0.000000 0.000001 0.000000 0.000000 0.000000 
t: 0.002058823530 start: 243 end: 326 0.000001 0.000001 0.000000 0.000001 0.000001 0.000002 0.000006 0.000014 0.000017 0.000031 0.000054 0.000066 0.000092 0.000165 0.000213 0.000383 0.000559 0.000833 0.001150 0.001666 0.002282 0.003066 0.004207 0.005405 0.007048 0.009078 0.011174 0.013735 0.017042 0.020349 0.024168 0.027825 0.031819 0.035703 0.039357 0.043007 0.046000 0.048156 0.050062 0.051861 0.051474 0.050517 0.048595 0.046834 0.043168 0.040361 0.036870 0.032680 0.028481 0.024598 0.020780 0.017468 0.014293 0.011565 0.009147 0.007066 0.005347 0.004062 0.003140 0.002241 0.001502 0.001098 0.000760 0.000490 0.000287 0.000215 0.000153 0.000075 0.000055 0.000034 0.000018 0.000013 0.000009 0.000001 0.000002 0.000001 0.000000 0.000000 0.000000 0.000000 0.000001 0.000000 0.000000 0.000000 
t: 0.001983805668 start: 246 end: 325 0.000002 0.000000 0.000000 0.000000 0.000000 0.000008 0.000004 0.000011 0.000015 0.000023 0.000045 0.000052 0.000114 0.000152 0.000215 0.000359 0.000550 0.000780 0.001160 0.001618 0.002244 0.002984 0.004064 0.005406 0.007017 0.009002 0.011051 0.013651 0.016922 0.020243 0.024013 0.027512 0.031630 0.035743 0.039414 0.043095 0.046228 0.048446 0.050431 0.051506 0.051301 0.050650 0.049012 0.046872 0.043876 0.040431 0.036957 0.032609 0.028499 0.024551 0.021056 0.017366 0.014196 0.011553 0.009119 0.007073 0.005226 0.004138 0.002979 0.002161 0.001535 0.001093 0.000704 0.000494 0.000306 0.000188 0.000134 0.000086 0.000048 0.000032 0.000021 0.000013 0.000008 0.000001 0.000001 0.000000 0.000000 0.000001 0.000000 0.000000 
t: 0.001914062500 start: 248 end: 325 0.000001 0.000000 0.000001 0.000000 0.000000 0.000000 0.000003 0.000006 0.000009 0.000022 0.000022 0.000040 0.000063 0.000093 0.000168 0.000251 0.000386 0.000510 0.000796 0.001239 0.001633 0.002311 0.003074 0.004186 0.005513 0.007171 0.008963 0.011510 0.013948 0.017307 0.020583 0.024164 0.028275 0.032214 0.036213 0.040253 0.043893 0.046370 0.049086 0.050376 0.051781 0.051789 0.050881 0.048888 0.046776 0.043305 0.040074 0.036201 0.031936 0.028635 0.024099 0.020224 0.016716 0.013701 0.011045 0.008635 0.006754 0.005000 0.003864 0.002760 0.002027 0.001403 0.000990 0.000652 0.000455 0.000275 0.000187 0.000120 0.000069 0.000037 0.000024 0.000022 0.000017 0.000003 0.000000 0.000000 0.000000 0.000000 
t: 0.001849056604 start: 250 end: 327 0.000002 0.000000 0.000000 0.000000 0.000000 0.000000 0.000000 0.000000 0.000008 0.000010 0.000022 0.000027 0.000042 0.000065 0.000107 0.000168 0.000264 0.000414 0.000577 0.000883 0.001274 0.001790 0.002494 0.003359 0.004398 0.005895 0.007690 0.009621 0.011910 0.014912 0.017902 0.021620 0.025174 0.029315 0.033539 0.037297 0.041259 0.044650 0.047317 0.049287 0.051510 0.052046 0.051833 0.050358 0.048513 0.046011 0.042958 0.039139 0.035240 0.030844 0.027329 0.022854 0.019034 0.015862 0.012761 0.010257 0.008036 0.006115 0.004636 0.003404 0.002492 0.001760 0.001241 0.000902 0.000555 0.000381 0.000246 0.000151 0.000111 0.000039 0.000039 0.000023 0.000017 0.000006 0.000002 0.000001 0.000001 0.000000 
t: 0.001788321168 start: 252 end: 332 0.000001 0.000001 0.000000 0.000000 0.000000 0.000000 0.000000 0.000003 0.000002 0.000008 0.000011 0.000020 0.000031 0.000038 0.000079 0.000149 0.000190 0.000288 0.000463 0.000709 0.000979 0.001349 0.001985 0.002740 0.003724 0.004954 0.006485 0.008245 0.010684 0.012955 0.016015 0.019249 0.022953 0.027003 0.030980 0.035259 0.039021 0.042702 0.045769 0.048541 0.050600 0.051921 0.052243 0.051404 0.050133 0.047863 0.044632 0.041735 0.037666 0.033313 0.029443 0.025202 0.021268 0.017782 0.014455 0.011693 0.009114 0.007025 0.005410 0.003970 0.002987 0.002080 0.001455 0.001046 0.000734 0.000464 0.000303 0.000182 0.000108 0.000077 0.000043 0.000033 0.000015 0.000006 0.000005 0.000001 0.000003 0.000001 0.000000 0.000000 0.000000 
t: 0.001731448763 start: 256 end: 336 0.000001 0.000000 0.000000 0.000000 0.000001 0.000002 0.000001 0.000003 0.000009 0.000012 0.000028 0.000033 0.000063 0.000089 0.000159 0.000249 0.000363 0.000561 0.000823 0.001208 0.001640 0.002348 0.003157 0.004205 0.005622 0.007268 0.009219 0.011720 0.014657 0.017609 0.020998 0.025145 0.028956 0.033356 0.037239 0.040983 0.044295 0.047946 0.050103 0.051533 0.052220 0.052113 0.051016 0.049281 0.046166 0.043693 0.039583 0.035474 0.031078 0.027088 0.023034 0.019448 0.015655 0.012925 0.010233 0.007946 0.006074 0.004462 0.003365 0.002379 0.001684 0.001184 0.000877 0.000528 0.000319 0.000202 0.000163 0.000076 0.000063 0.000029 0.000014 0.000015 0.000005 0.000002 0.000000 0.000001 0.000001 0.000000 0.000000 0.000000 0.000000 
t: 0.001678082192 start: 260 end: 339 0.000001 0.000000 0.000000 0.000000 0.000003 0.000006 0.000004 0.000010 0.000016 0.000032 0.000049 0.000084 0.000128 0.000205 0.000290 0.000448 0.000697 0.000983 0.001490 0.002061 0.002778 0.003717 0.004993 0.006428 0.008560 0.010685 0.013241 0.016658 0.019797 0.023738 0.027462 0.031809 0.035532 0.039728 0.043537 0.047094 0.049113 0.051137 0.052549 0.052300 0.052016 0.050096 0.047934 0.044447 0.041299 0.037159 0.032629 0.028789 0.023997 0.020721 0.017045 0.013724 0.010826 0.008425 0.006585 0.005118 0.003634 0.002542 0.001777 0.001311 0.000927 0.000605 0.000404 0.000223 0.000167 0.000098 0.000054 0.000045 0.000017 0.000011 0.000005 0.000003 0.000002 0.000001 0.000000 0.000000 0.000000 0.000001 0.000000 0.000000 
t: 0.001627906977 start: 264 end: 342 0.000001 0.000002 0.000001 0.000002 0.000004 0.000006 0.000017 0.000025 0.000044 0.000070 0.000106 0.000172 0.000257 0.000384 0.000631 0.000894 0.001258 0.001868 0.002463 0.003414 0.004563 0.006039 0.007851 0.010005 0.012598 0.015543 0.018969 0.022665 0.026718 0.030342 0.034709 0.038873 0.042610 0.045997 0.048874 0.051205 0.052236 0.053203 0.052540 0.050736 0.048570 0.045517 0.042087 0.038259 0.033966 0.029797 0.025215 0.021511 0.017700 0.014418 0.011321 0.008896 0.007008 0.005189 0.003856 0.002771 0.001976 0.001392 0.000939 0.000635 0.000398 0.000262 0.000190 0.000091 0.000061 0.000041 0.000013 0.000013 0.000008 0.000004 0.000000 0.000000 0.000000 0.000000 0.000000 0.000001 0.000000 0.000000 0.000000 
t: 0.001580645161 start: 266 end: 344 0.000002 0.000001 0.000000 0.000003 0.000003 0.000005 0.000013 0.000027 0.000040 0.000059 0.000099 0.000147 0.000233 0.000347 0.000590 0.000810 0.001194 0.001655 0.002396 0.003154 0.004270 0.005819 0.007274 0.009662 0.012029 0.015010 0.018361 0.021740 0.025777 0.030020 0.034502 0.038167 0.041953 0.045680 0.048572 0.051262 0.052809 0.053080 0.052711 0.051362 0.049297 0.046278 0.043076 0.038527 0.034513 0.030365 0.025981 0.022079 0.018172 0.014499 0.011838 0.009199 0.007131 0.005228 0.003947 0.002857 0.002019 0.001473 0.000989 0.000615 0.000412 0.000272 0.000163 0.000093 0.000061 0.000034 0.000026 0.000007 0.000006 0.000003 0.000001 0.000000 0.000000 0.000000 0.000001 0.000000 0.000000 0.000000 0.000000 
t: 0.001536050157 start: 268 end: 344 0.000002 0.000000 0.000000 0.000004 0.000002 0.000003 0.000014 0.000026 0.000033 0.000057 0.000098 0.000123 0.000229 0.000350 0.000513 0.000807 0.001186 0.001553 0.002149 0.003088 0.004162 0.005663 0.007199 0.009377 0.011699 0.014871 0.017931 0.021509 0.025365 0.029997 0.034016 0.038140 0.042100 0.045512 0.049073 0.050944 0.052970 0.053044 0.053104 0.052047 0.049819 0.046626 0.043089 0.038759 0.034617 0.030551 0.026094 0.022101 0.018534 0.014617 0.011937 0.009216 0.007025 0.005294 0.003964 0.002729 0.002056 0.001390 0.000925 0.000668 0.000395 0.000242 0.000172 0.000089 0.000062 0.000030 0.000016 0.000013 0.000007 0.000002 0.000000 0.000000 0.000000 0.000001 0.000000 0.000000 0.000000 
t: 0.001493902439 start: 269 end: 347 0.000002 0.000000 0.000000 0.000001 0.000001 0.000004 0.000004 0.000007 0.000022 0.000038 0.000077 0.000070 0.000128 0.000201 0.000345 0.000555 0.000789 0.001077 0.001585 0.002235 0.003050 0.004058 0.005508 0.007141 0.009237 0.011915 0.014636 0.017959 0.021766 0.025599 0.029598 0.034173 0.038417 0.042527 0.045923 0.049209 0.051408 0.052869 0.053869 0.053228 0.052184 0.049423 0.046812 0.042705 0.038922 0.034763 0.030234 0.026382 0.021906 0.018073 0.014692 0.011541 0.008912 0.006874 0.005166 0.003833 0.002688 0.001848 0.001379 0.000890 0.000596 0.000378 0.000222 0.000131 0.000097 0.000058 0.000028 0.000012 0.000010 0.000007 0.000001 0.000001 0.000001 0.000000 0.000000 0.000000 0.000000 0.000000 0.000000 
t: 0.001454005935 start: 270 end: 350 0.000001 0.000000 0.000001 0.000001 0.000001 0.000001 0.000005 0.000008 0.000005 0.000023 0.000042 0.000053 0.000080 0.000127 0.000210 0.000361 0.000524 0.000806 0.001135 0.001615 0.002210 0.003075 0.004141 0.005589 0.007263 0.009432 0.012239 0.014804 0.018256 0.022007 0.025898 0.030309 0.034606 0.038920 0.043184 0.046800 0.049088 0.051717 0.053305 0.053969 0.053903 0.051891 0.049700 0.046213 0.042459 0.038687 0.034275 0.029713 0.025543 0.021355 0.017705 0.014183 0.011082 0.008882 0.006371 0.004960 0.003531 0.002470 0.001863 0.001166 0.000888 0.000508 0.000314 0.000227 0.000118 0.000087 0.000054 0.000019 0.000010 0.000005 0.000001 0.000004 0.000001 0.000001 0.000000 0.000000 0.000000 0.000000 0.000000 0.000000 0.000000 
t: 0.001416184971 start: 273 end: 351 0.000001 0.000001 0.000000 0.000002 0.000000 0.000004 0.000005 0.000015 0.000027 0.000030 0.000062 0.000077 0.000121 0.000242 0.000378 0.000573 0.000845 0.001128 0.001713 0.002349 0.003210 0.004211 0.005845 0.007581 0.009712 0.012482 0.015417 0.018898 0.022657 0.026610 0.031142 0.035331 0.039844 0.044135 0.047151 0.050249 0.052199 0.053894 0.054021 0.053657 0.051969 0.049248 0.046053 0.041950 0.037866 0.033136 0.029060 0.024649 0.020741 0.016690 0.013474 0.010566 0.008123 0.006012 0.004485 0.003270 0.002244 0.001608 0.001094 0.000752 0.000466 0.000301 0.000177 0.000101 0.000070 0.000038 0.000017 0.000011 0.000004 0.000002 0.000002 0.000001 0.000001 0.000000 0.000000 0.000000 0.000000 0.000000 0.000000 
t: 0.001380281690 start: 275 end: 352 0.000001 0.000000 0.000001 0.000000 0.000002 0.000004 0.000006 0.000014 0.000031 0.000034 0.000056 0.000084 0.000165 0.000251 0.000408 0.000601 0.000869 0.001198 0.001755 0.002592 0.003420 0.004534 0.006106 0.008071 0.010261 0.012842 0.016238 0.019690 0.023871 0.027662 0.032243 0.036661 0.041053 0.044609 0.048366 0.051190 0.053212 0.053938 0.054557 0.053597 0.051440 0.048601 0.045204 0.041110 0.036360 0.032286 0.027765 0.023575 0.019638 0.015550 0.012593 0.009878 0.007528 0.005358 0.004052 0.002885 0.002067 0.001322 0.000979 0.000610 0.000412 0.000269 0.000125 0.000093 0.000042 0.000035 0.000011 0.000008 0.000006 0.000002 0.000002 0.000001 0.000000 0.000000 0.000000 0.000000 0.000000 0.000000 
t: 0.001346153846 start: 276 end: 352 0.000001 0.000000 0.000000 0.000000 0.000004 0.000001 0.000003 0.000009 0.000016 0.000028 0.000035 0.000070 0.000095 0.000170 0.000295 0.000424 0.000638 0.000958 0.001394 0.001941 0.002729 0.003692 0.004953 0.006570 0.008601 0.011025 0.013835 0.017189 0.020963 0.025036 0.029073 0.033662 0.038236 0.042319 0.046136 0.049544 0.052065 0.054159 0.054471 0.054384 0.053078 0.051083 0.047293 0.044134 0.039817 0.035244 0.030785 0.025967 0.022157 0.018105 0.014863 0.011437 0.008747 0.006584 0.004945 0.003570 0.002448 0.001698 0.001223 0.000776 0.000546 0.000313 0.000182 0.000134 0.000057 0.000046 0.000019 0.000014 0.000007 0.000001 0.000002 0.000000 0.000001 0.000000 0.000000 0.000000 0.000000 
t: 0.001313672922 start: 279 end: 354 0.000001 0.000000 0.000000 0.000002 0.000004 0.000007 0.000009 0.000015 0.000025 0.000056 0.000066 0.000131 0.000213 0.000328 0.000492 0.000698 0.001076 0.001531 0.002155 0.003050 0.003994 0.005428 0.007213 0.009479 0.011922 0.015039 0.018689 0.022509 0.026321 0.031007 0.035267 0.039878 0.043870 0.047850 0.051186 0.053140 0.054435 0.054788 0.053961 0.052736 0.049924 0.046672 0.042338 0.038012 0.033755 0.028853 0.024323 0.020469 0.016768 0.013159 0.010196 0.007746 0.005811 0.004263 0.003030 0.002102 0.001439 0.000938 0.000643 0.000392 0.000257 0.000145 0.000079 0.000056 0.000023 0.000020 0.000008 0.000004 0.000003 0.000000 0.000001 0.000000 0.000000 0.000000 0.000000 0.000000 
t: 0.001282722513 start: 281 end: 356 0.000001 0.000000 0.000001 0.000003 0.000002 0.000007 0.000017 0.000018 0.000023 0.000053 0.000094 0.000176 0.000242 0.000381 0.000559 0.000833 0.001181 0.001759 0.002486 0.003291 0.004542 0.006114 0.008156 0.010464 0.013294 0.016440 0.020035 0.023960 0.028527 0.033098 0.037491 0.041513 0.045982 0.049886 0.052099 0.054105 0.055136 0.054839 0.053638 0.051762 0.048998 0.044674 0.040640 0.036146 0.031523 0.026789 0.022506 0.018489 0.014949 0.011584 0.008892 0.006759 0.005003 0.003466 0.002562 0.001675 0.001146 0.000773 0.000482 0.000300 0.000178 0.000117 0.000060 0.000041 0.000022 0.000007 0.000007 0.000003 0.000001 0.000000 0.000000 0.000000 0.000000 0.000000 0.000000 0.000000 
t: 0.001253196931 start: 284 end: 359 0.000001 0.000001 0.000003 0.000004 0.000014 0.000010 0.000018 0.000048 0.000065 0.000122 0.000204 0.000278 0.000426 0.000696 0.000962 0.001403 0.001988 0.002822 0.003869 0.005306 0.006891 0.009211 0.011733 0.014437 0.018349 0.022204 0.026089 0.030682 0.035371 0.039932 0.044060 0.047799 0.051144 0.053491 0.055322 0.055374 0.054320 0.053402 0.050514 0.046797 0.043165 0.038401 0.033611 0.029153 0.024741 0.020103 0.016395 0.012896 0.010114 0.007616 0.005752 0.004103 0.002876 0.001993 0.001348 0.000919 0.000555 0.000371 0.000213 0.000135 0.000084 0.000041 0.000026 0.000010 0.000011 0.000002 0.000002 0.000002 0.000000 0.000000 0.000000 0.000000 0.000000 0.000000 0.000000 0.000000 
t: 0.001225000000 start: 287 end: 361 0.000002 0.000006 0.000006 0.000012 0.000015 0.000031 0.000058 0.000095 0.000147 0.000221 0.000344 0.000558 0.000816 0.001152 0.001656 0.002402 0.003268 0.004546 0.006172 0.008076 0.010227 0.013098 0.016640 0.019967 0.024582 0.028731 0.033257 0.038208 0.041961 0.046363 0.049988 0.053188 0.054713 0.055606 0.055634 0.054176 0.051756 0.048938 0.045151 0.040399 0.035962 0.030670 0.026583 0.021865 0.017885 0.014187 0.011263 0.008593 0.006403 0.004629 0.003251 0.002254 0.001572 0.001012 0.000676 0.000411 0.000276 0.000145 0.000085 0.000053 0.000023 0.000021 0.000007 0.000004 0.000002 0.000000 0.000001 0.000001 0.000000 0.000000 0.000000 0.000000 0.000000 0.000000 0.000000 
t: 0.001198044010 start: 288 end: 362 0.000001 0.000003 0.000007 0.000007 0.000013 0.000023 0.000041 0.000086 0.000113 0.000188 0.000287 0.000438 0.000668 0.000943 0.001524 0.001981 0.002849 0.003961 0.005389 0.007084 0.009223 0.011989 0.015043 0.018539 0.022735 0.027130 0.031453 0.036028 0.040534 0.044972 0.049132 0.052264 0.054248 0.055853 0.056002 0.055016 0.053040 0.050380 0.046644 0.042654 0.037690 0.032665 0.028173 0.023611 0.019236 0.015430 0.012262 0.009253 0.007078 0.005103 0.003579 0.002634 0.001684 0.001163 0.000736 0.000515 0.000285 0.000183 0.000108 0.000051 0.000039 0.000019 0.000009 0.000005 0.000002 0.000000 0.000000 0.000001 0.000001 0.000000 0.000000 0.000000 0.000000 0.000000 0.000000 
t: 0.001172248804 start: 290 end: 363 0.000001 0.000006 0.000007 0.000015 0.000015 0.000037 0.000055 0.000095 0.000167 0.000244 0.000364 0.000551 0.000864 0.001212 0.001757 0.002510 0.003452 0.004692 0.006476 0.008466 0.010891 0.013801 0.017426 0.021052 0.025283 0.030041 0.034366 0.039222 0.043760 0.047813 0.051308 0.054249 0.055728 0.056085 0.055747 0.054175 0.051612 0.047918 0.044411 0.039307 0.034260 0.029703 0.024997 0.020697 0.016627 0.012998 0.010221 0.007589 0.005596 0.003993 0.002758 0.001944 0.001290 0.000811 0.000522 0.000353 0.000204 0.000119 0.000066 0.000036 0.000014 0.000010 0.000006 0.000003 0.000000 0.000000 0.000000 0.000001 0.000000 0.000001 0.000000 0.000000 0.000000 0.000000 
t: 0.001147540984 start: 291 end: 365 0.000003 0.000003 0.000003 0.000010 0.000016 0.000021 0.000050 0.000083 0.000119 0.000215 0.000313 0.000482 0.000730 0.001037 0.001503 0.002285 0.003011 0.004311 0.005762 0.007681 0.010071 0.012797 0.016201 0.019964 0.024023 0.028451 0.033098 0.037935 0.042366 0.047115 0.050442 0.053804 0.055453 0.056496 0.056622 0.054863 0.052188 0.049203 0.045768 0.040971 0.036077 0.030783 0.026323 0.021594 0.017695 0.013955 0.010682 0.008244 0.005994 0.004322 0.003012 0.002103 0.001371 0.000900 0.000571 0.000374 0.000260 0.000124 0.000076 0.000031 0.000018 0.000010 0.000003 0.000005 0.000002 0.000000 0.000001 0.000000 0.000001 0.000000 0.000000 0.000000 0.000000 0.000000 0.000000 
t: 0.001123853211 start: 291 end: 364 0.000001 0.000000 0.000003 0.000002 0.000012 0.000013 0.000015 0.000029 0.000084 0.000103 0.000170 0.000275 0.000416 0.000645 0.000935 0.001389 0.001952 0.002779 0.003852 0.005267 0.007118 0.009307 0.011865 0.015351 0.018843 0.022728 0.027452 0.031859 0.036805 0.041676 0.045778 0.049984 0.052926 0.055501 0.056687 0.057068 0.055204 0.053438 0.050698 0.046592 0.042389 0.036948 0.032195 0.027257 0.022926 0.018239 0.014767 0.011408 0.008593 0.006350 0.004647 0.003223 0.002227 0.001510 0.000918 0.000626 0.000395 0.000255 0.000157 0.000061 0.000040 0.000022 0.000012 0.000007 0.000002 0.000000 0.000003 0.000000 0.000001 0.000000 0.000000 0.000000 0.000000 0.000000 
t: 0.001101123596 start: 291 end: 365 0.000001 0.000000 0.000000 0.000002 0.000004 0.000007 0.000010 0.000012 0.000040 0.000049 0.000098 0.000147 0.000230 0.000387 0.000529 0.000857 0.001219 0.001779 0.002637 0.003576 0.004828 0.006538 0.008716 0.011249 0.014424 0.017791 0.021864 0.026281 0.031193 0.035861 0.040455 0.045090 0.049049 0.052944 0.055410 0.056777 0.056937 0.056251 0.054277 0.051218 0.047812 0.043276 0.038191 0.033168 0.028776 0.023266 0.019078 0.015252 0.011855 0.009132 0.006705 0.004773 0.003427 0.002316 0.001561 0.001022 0.000666 0.000417 0.000269 0.000146 0.000074 0.000031 0.000023 0.000018 0.000004 0.000001 0.000002 0.000000 0.000000 0.000001 0.000001 0.000000 0.000000 0.000000 0.000000 
t: 0.001079295154 start: 293 end: 367 0.000001 0.000001 0.000004 0.000000 0.000002 0.000012 0.000014 0.000034 0.000040 0.000083 0.000132 0.000202 0.000338 0.000491 0.000752 0.001094 0.001659 0.002396 0.003295 0.004666 0.006125 0.008245 0.010769 0.013482 0.017187 0.021059 0.025141 0.030503 0.035062 0.039846 0.044307 0.048709 0.052548 0.055295 0.057147 0.057121 0.056665 0.055129 0.051754 0.048958 0.043630 0.039091 0.034143 0.029413 0.024335 0.019412 0.015726 0.012476 0.009304 0.006863 0.005048 0.003538 0.002385 0.001662 0.001040 0.000659 0.000445 0.000265 0.000147 0.000070 0.000031 0.000024 0.000016 0.000001 0.000005 0.000001 0.000000 0.000001 0.000000 0.000001 0.000000 0.000000 0.000000 0.000000 0.000000 
t: 0.001058315335 start: 294 end: 369 0.000001 0.000002 0.000002 0.000002 0.000004 0.000008 0.000010 0.000030 0.000038 0.000067 0.000114 0.000183 0.000295 0.000456 0.000699 0.001042 0.001510 0.002267 0.003055 0.004408 0.005943 0.007738 0.010249 0.013014 0.016535 0.020328 0.024818 0.029552 0.034430 0.039428 0.043932 0.048305 0.052274 0.055525 0.057032 0.057501 0.056866 0.055987 0.052611 0.048804 0.044429 0.040008 0.034659 0.030082 0.024601 0.020191 0.016163 0.012528 0.009717 0.006923 0.005103 0.003624 0.002451 0.001686 0.001028 0.000703 0.000451 0.000279 0.000154 0.000069 0.000049 0.000017 0.000007 0.000008 0.000001 0.000002 0.000001 0.000000 0.000001 0.000000 0.000000 0.000000 0.000000 0.000000 0.000000 0.000000 
t: 0.001038135593 start: 296 end: 369 0.000002 0.000002 0.000001 0.000003 0.000006 0.000016 0.000028 0.000028 0.000073 0.000103 0.000152 0.000268 0.000409 0.000654 0.000975 0.001486 0.002036 0.003018 0.004148 0.005605 0.007590 0.009751 0.012798 0.015988 0.019814 0.024067 0.029061 0.034126 0.039046 0.043584 0.048370 0.051844 0.055471 0.056858 0.057904 0.057585 0.056113 0.053428 0.049462 0.045093 0.040153 0.035383 0.030139 0.025262 0.020632 0.016294 0.012636 0.009643 0.007200 0.005230 0.003578 0.002421 0.001676 0.001091 0.000677 0.000436 0.000275 0.000149 0.000076 0.000041 0.000018 0.000012 0.000005 0.000003 0.000002 0.000000 0.000002 0.000000 0.000000 0.000000 0.000000 0.000000 0.000000 0.000000 
t: 0.001018711019 start: 297 end: 370 0.000002 0.000001 0.000002 0.000006 0.000004 0.000012 0.000019 0.000033 0.000073 0.000074 0.000145 0.000236 0.000418 0.000612 0.000895 0.001380 0.002050 0.002862 0.003997 0.005427 0.007318 0.009594 0.012347 0.015767 0.019388 0.023781 0.028820 0.033771 0.038863 0.043417 0.047796 0.052228 0.055170 0.057181 0.057894 0.058341 0.056431 0.053889 0.050069 0.045433 0.040979 0.035342 0.030345 0.025309 0.020752 0.016345 0.012720 0.009700 0.007198 0.005178 0.003580 0.002454 0.001613 0.001085 0.000696 0.000390 0.000277 0.000141 0.000066 0.000047 0.000014 0.000010 0.000007 0.000003 0.000000 0.000002 0.000001 0.000000 0.000000 0.000000 0.000000 0.000000 0.000000 0.000000 
t: 0.001000000000 start: 298 end: 371 0.000002 0.000002 0.000000 0.000003 0.000008 0.000009 0.000018 0.000042 0.000053 0.000091 0.000133 0.000236 0.000361 0.000573 0.000888 0.001370 0.001915 0.002781 0.003895 0.005420 0.007140 0.009424 0.012061 0.015528 0.019279 0.023811 0.028240 0.033503 0.038766 0.043178 0.048088 0.052029 0.055737 0.057228 0.058335 0.058361 0.056841 0.054147 0.050437 0.046004 0.041056 0.035290 0.030443 0.025675 0.020577 0.016307 0.012672 0.009697 0.007084 0.005028 0.003531 0.002449 0.001691 0.001007 0.000621 0.000436 0.000235 0.000112 0.000084 0.000033 0.000015 0.000009 0.000004 0.000004 0.000001 0.000001 0.000000 0.000001 0.000000 0.000000 0.000000 0.000000 0.000000 0.000000 
