t: 0.059999999999 start: 8 end: 38 0.000003 0.000021 0.000146 0.000803 0.003306 0.010500 0.026996 0.056961 0.098521 0.141113 0.167175 0.164267 0.137049 0.094534 0.054876 0.026996 0.011119 0.004006 0.001245 0.000310 0.000039 0.000013 0.000001 0.000000 0.000000 0.000000 0.000000 0.000000 0.000000 0.000000 0.000000 
t: 0.054545454544 start: 8 end: 39 0.000002 0.000006 0.000034 0.000250 0.001074 0.004005 0.012037 0.029634 0.060214 0.100769 0.141207 0.164780 0.161483 0.134086 0.092505 0.054018 0.026937 0.011267 0.004097 0.001241 0.000276 0.000066 0.000010 0.000002 0.000000 0.000000 0.000000 0.000000 0.000000 0.000000 0.000000 0.000000 
t: 0.049999999999 start: 8 end: 39 0.000002 0.000001 0.000014 0.000066 0.000370 0.001494 0.005220 0.014510 0.034059 0.066043 0.106050 0.143944 0.163936 0.157676 0.127940 0.087270 0.050764 0.024995 0.010462 0.003726 0.001124 0.000269 0.000056 0.000009 0.000000 0.000000 0.000000 0.000000 0.000000 0.000000 0.000000 0.000000 
t: 0.046153846153 start: 9 end: 40 0.000002 0.000007 0.000021 0.000105 0.000583 0.002150 0.006994 0.018333 0.040765 0.073975 0.114072 0.148027 0.163590 0.151557 0.119719 0.079856 0.045112 0.021769 0.009067 0.003174 0.000872 0.000199 0.000041 0.000010 0.000000 0.000000 0.000000 0.000000 0.000000 0.000000 0.000000 0.000000 
t: 0.042857142857 start: 9 end: 40 0.000001 0.000002 0.000007 0.000039 0.000213 0.000882 0.003221 0.009628 0.024070 0.048823 0.084540 0.123981 0.153181 0.160983 0.144454 0.109060 0.070135 0.038538 0.017909 0.007148 0.002348 0.000653 0.000154 0.000025 0.000005 0.000000 0.000000 0.000000 0.000000 0.000000 0.000000 0.000000 
t: 0.040000000000 start: 11 end: 40 0.000004 0.000014 0.000081 0.000388 0.001547 0.004876 0.013725 0.031247 0.059619 0.097255 0.134303 0.157499 0.157582 0.133608 0.096506 0.059328 0.031054 0.014023 0.005156 0.001642 0.000440 0.000084 0.000018 0.000001 0.000000 0.000000 0.000000 0.000000 0.000000 0.000000 
t: 0.037500000000 start: 11 end: 40 0.000001 0.000010 0.000027 0.000166 0.000726 0.002544 0.007593 0.019320 0.040677 0.072669 0.111526 0.144940 0.159955 0.150114 0.120914 0.082208 0.048066 0.023649 0.010025 0.003531 0.001022 0.000255 0.000056 0.000006 0.000000 0.000000 0.000000 0.000000 0.000000 0.000000 
t: 0.035294117647 start: 12 end: 40 0.000006 0.000013 0.000075 0.000328 0.001279 0.004287 0.011691 0.027265 0.052622 0.088441 0.126536 0.153424 0.157906 0.139805 0.105102 0.067518 0.036936 0.017168 0.006666 0.002172 0.000590 0.000143 0.000023 0.000004 0.000000 0.000000 0.000000 0.000000 0.000000 
t: 0.033333333333 start: 12 end: 40 0.000004 0.000007 0.000034 0.000150 0.000669 0.002399 0.006946 0.017669 0.037437 0.068479 0.105440 0.140441 0.157973 0.152347 0.125145 0.088498 0.052672 0.026570 0.011462 0.004033 0.001234 0.000315 0.000062 0.000011 0.000003 0.000000 0.000000 0.000000 0.000000 
t: 0.031578947368 start: 12 end: 40 0.000002 0.000005 0.000013 0.000079 0.000334 0.001339 0.004128 0.011290 0.025945 0.051471 0.086091 0.123352 0.151559 0.158065 0.141685 0.107374 0.070586 0.038593 0.017991 0.007026 0.002282 0.000622 0.000138 0.000025 0.000004 0.000001 0.000000 0.000000 0.000000 
t: 0.030000000000 start: 13 end: 40 0.000005 0.000005 0.000038 0.000169 0.000736 0.002500 0.007175 0.017842 0.037776 0.068771 0.105609 0.139609 0.157726 0.152192 0.125527 0.088460 0.052622 0.026493 0.011195 0.004066 0.001146 0.000271 0.000058 0.000007 0.000002 0.000000 0.000000 0.000000 
t: 0.028571428571 start: 13 end: 40 0.000002 0.000005 0.000015 0.000102 0.000388 0.001527 0.004523 0.012136 0.027475 0.053714 0.088691 0.125076 0.152152 0.157471 0.140102 0.105909 0.067772 0.036967 0.016834 0.006470 0.002005 0.000536 0.000111 0.000015 0.000002 0.000000 0.000000 0.000000 
t: 0.027272727273 start: 14 end: 40 0.000003 0.000007 0.000043 0.000239 0.000897 0.002928 0.008164 0.019601 0.041247 0.073054 0.109911 0.142645 0.158530 0.150095 0.121743 0.083724 0.049026 0.023864 0.009833 0.003291 0.000900 0.000221 0.000027 0.000006 0.000001 0.000000 0.000000 
t: 0.026086956522 start: 15 end: 40 0.000007 0.000022 0.000129 0.000538 0.001839 0.005564 0.014079 0.031168 0.059021 0.094945 0.131024 0.154767 0.156488 0.135862 0.099080 0.061859 0.032240 0.014275 0.005149 0.001512 0.000351 0.000070 0.000008 0.000002 0.000001 0.000000 
t: 0.025000000000 start: 15 end: 40 0.000002 0.000012 0.000069 0.000328 0.001165 0.003680 0.010153 0.023462 0.047426 0.080462 0.117926 0.147891 0.159206 0.146144 0.114305 0.075490 0.041833 0.019656 0.007710 0.002360 0.000588 0.000111 0.000017 0.000003 0.000001 0.000000 
t: 0.024000000000 start: 16 end: 40 0.000006 0.000045 0.000192 0.000693 0.002503 0.007361 0.017419 0.037520 0.067708 0.104723 0.138938 0.157351 0.153733 0.128269 0.089443 0.052654 0.025830 0.010814 0.003645 0.000914 0.000205 0.000028 0.000005 0.000001 0.000000 
t: 0.023076923077 start: 16 end: 40 0.000005 0.000022 0.000121 0.000433 0.001650 0.005256 0.013092 0.029404 0.056263 0.091714 0.128334 0.153734 0.157996 0.139698 0.102960 0.064360 0.033357 0.014640 0.005131 0.001452 0.000325 0.000044 0.000008 0.000001 0.000000 
t: 0.022222222222 start: 16 end: 40 0.000003 0.000012 0.000084 0.000285 0.001065 0.003714 0.009799 0.023031 0.046176 0.079719 0.117011 0.147495 0.160003 0.148163 0.115994 0.076644 0.041654 0.019209 0.007205 0.002137 0.000512 0.000073 0.000010 0.000002 0.000000 
t: 0.021428571428 start: 16 end: 40 0.000002 0.000008 0.000048 0.000200 0.000706 0.002598 0.007299 0.017910 0.037862 0.068058 0.106118 0.139857 0.159239 0.154802 0.127444 0.088716 0.050869 0.024636 0.009658 0.003071 0.000753 0.000132 0.000010 0.000004 0.000000 
t: 0.020689655172 start: 16 end: 40 0.000002 0.000006 0.000030 0.000129 0.000470 0.001846 0.005431 0.013970 0.030659 0.057785 0.095018 0.131321 0.156274 0.159440 0.137477 0.100294 0.060793 0.030799 0.012785 0.004141 0.001098 0.000207 0.000021 0.000004 0.000000 
t: 0.020000000000 start: 17 end: 40 0.000005 0.000025 0.000070 0.000342 0.001262 0.004041 0.010732 0.024956 0.048918 0.084135 0.121980 0.151663 0.161410 0.146557 0.111672 0.070783 0.037594 0.016395 0.005597 0.001511 0.000311 0.000036 0.000005 0.000000 
t: 0.019354838710 start: 17 end: 40 0.000003 0.000017 0.000049 0.000227 0.000903 0.003052 0.008262 0.020104 0.041257 0.074175 0.111930 0.145891 0.162069 0.153100 0.122333 0.081197 0.045021 0.020426 0.007354 0.002092 0.000466 0.000065 0.000006 0.000001 
t: 0.018750000000 start: 17 end: 40 0.000001 0.000013 0.000029 0.000162 0.000598 0.002325 0.006401 0.016142 0.034679 0.064915 0.102153 0.138699 0.160885 0.158100 0.132229 0.091803 0.052882 0.024893 0.009513 0.002821 0.000651 0.000098 0.000007 0.000001 
t: 0.018181818182 start: 17 end: 40 0.000001 0.000004 0.000023 0.000107 0.000436 0.001675 0.004969 0.012992 0.029102 0.056379 0.092765 0.131030 0.157779 0.161701 0.140998 0.101921 0.061298 0.030122 0.011948 0.003713 0.000879 0.000150 0.000007 0.000001 
t: 0.017647058823 start: 18 end: 40 0.000003 0.000019 0.000073 0.000303 0.001219 0.003887 0.010414 0.024387 0.048833 0.083430 0.123135 0.153992 0.163452 0.148229 0.111986 0.070025 0.035672 0.014748 0.004810 0.001172 0.000195 0.000014 0.000002 
t: 0.017142857143 start: 18 end: 40 0.000003 0.000014 0.000044 0.000219 0.000891 0.002998 0.008500 0.020312 0.042196 0.074736 0.114388 0.149369 0.164409 0.154089 0.121527 0.078753 0.041782 0.017880 0.006046 0.001550 0.000265 0.000027 0.000002 
t: 0.016666666667 start: 18 end: 40 0.000002 0.000007 0.000035 0.000170 0.000626 0.002351 0.006720 0.016950 0.036483 0.066981 0.105764 0.143319 0.163906 0.159350 0.129965 0.087949 0.048125 0.021466 0.007454 0.001979 0.000356 0.000040 0.000002 
t: 0.016216216216 start: 19 end: 40 0.000007 0.000029 0.000131 0.000450 0.001846 0.005332 0.014104 0.031270 0.059928 0.097180 0.137302 0.162007 0.163264 0.138088 0.096781 0.054832 0.025197 0.009186 0.002536 0.000474 0.000054 0.000002 
t: 0.015789473684 start: 19 end: 40 0.000006 0.000019 0.000106 0.000325 0.001427 0.004335 0.011619 0.026837 0.053169 0.089529 0.129848 0.159948 0.165883 0.145216 0.105510 0.061795 0.029438 0.011129 0.003181 0.000594 0.000083 0.000003 
t: 0.015384615385 start: 19 end: 40 0.000004 0.000012 0.000064 0.000270 0.001105 0.003527 0.009622 0.023061 0.047085 0.081857 0.122707 0.156485 0.167366 0.151857 0.113735 0.069191 0.033967 0.013247 0.003960 0.000763 0.000110 0.000005 
t: 0.015000000000 start: 19 end: 40 0.000002 0.000012 0.000045 0.000208 0.000854 0.002826 0.008062 0.019668 0.041441 0.074989 0.115378 0.152055 0.168189 0.157076 0.122076 0.076845 0.038746 0.015641 0.004785 0.000953 0.000142 0.000007 
t: 0.014634146341 start: 19 end: 40 0.000001 0.000007 0.000035 0.000160 0.000659 0.002315 0.006674 0.016799 0.036755 0.067802 0.108400 0.147026 0.168166 0.161688 0.130009 0.084227 0.043970 0.018162 0.005754 0.001208 0.000173 0.000010 
t: 0.014285714286 start: 20 end: 40 0.000003 0.000030 0.000127 0.000494 0.001875 0.005586 0.014464 0.032282 0.061764 0.101201 0.141842 0.166862 0.165494 0.137135 0.091776 0.049566 0.020921 0.006854 0.001495 0.000215 0.000014 
t: 0.013953488372 start: 20 end: 40 0.000003 0.000023 0.000087 0.000388 0.001498 0.004646 0.012389 0.028345 0.056009 0.094461 0.136038 0.165333 0.168387 0.143509 0.099333 0.055410 0.024058 0.007964 0.001816 0.000287 0.000016 
t: 0.013636363636 start: 20 end: 40 0.000001 0.000020 0.000068 0.000295 0.001214 0.003899 0.010546 0.024946 0.050668 0.087872 0.130163 0.163085 0.170314 0.149654 0.106710 0.061249 0.027413 0.009304 0.002200 0.000355 0.000024 
t: 0.013333333333 start: 20 end: 40 0.000001 0.000018 0.000045 0.000245 0.000967 0.003247 0.008965 0.021925 0.045746 0.081780 0.123926 0.160280 0.171657 0.155228 0.113945 0.067077 0.031084 0.010743 0.002663 0.000424 0.000034 
t: 0.013043478261 start: 20 end: 40 0.000001 0.000013 0.000031 0.000197 0.000790 0.002685 0.007753 0.019095 0.041412 0.075707 0.118057 0.156516 0.172610 0.159944 0.120994 0.073292 0.034789 0.012453 0.003109 0.000509 0.000043 
t: 0.012765957447 start: 20 end: 40 0.000001 0.000005 0.000027 0.000157 0.000647 0.002228 0.006596 0.016741 0.037380 0.069917 0.112158 0.152718 0.172721 0.164240 0.127535 0.079447 0.038863 0.014315 0.003637 0.000617 0.000050 
t: 0.012500000000 start: 20 end: 40 0.000001 0.000004 0.000020 0.000127 0.000514 0.001889 0.005716 0.014646 0.033572 0.064416 0.106423 0.148280 0.172626 0.167853 0.134035 0.085624 0.042961 0.016231 0.004285 0.000715 0.000062 
t: 0.012244897959 start: 20 end: 40 0.000001 0.000002 0.000013 0.000107 0.000426 0.001564 0.004898 0.012816 0.030208 0.059438 0.100579 0.143910 0.171598 0.170937 0.140155 0.091832 0.047255 0.018356 0.004974 0.000853 0.000078 
t: 0.012000000000 start: 20 end: 40 0.000001 0.000001 0.000013 0.000090 0.000348 0.001330 0.004182 0.011284 0.027099 0.054841 0.094962 0.139003 0.170276 0.173606 0.145675 0.098059 0.051754 0.020671 0.005701 0.001014 0.000090 
t: 0.011764705882 start: 20 end: 40 0.000001 0.000001 0.000010 0.000074 0.000287 0.001133 0.003537 0.009993 0.024280 0.050425 0.089178 0.134347 0.168654 0.175697 0.151026 0.104106 0.056326 0.023021 0.006606 0.001191 0.000107 
t: 0.011538461538 start: 21 end: 40 0.000002 0.000005 0.000062 0.000235 0.000954 0.003034 0.008765 0.021868 0.046215 0.084087 0.129209 0.166341 0.177507 0.155675 0.110397 0.061038 0.025562 0.007524 0.001386 0.000134 
t: 0.011320754717 start: 21 end: 40 0.000001 0.000003 0.000047 0.000202 0.000806 0.002568 0.007692 0.019723 0.042434 0.078881 0.124200 0.163708 0.178823 0.160160 0.116377 0.065890 0.028237 0.008473 0.001613 0.000162 
t: 0.011111111111 start: 21 end: 40 0.000001 0.000001 0.000036 0.000174 0.000665 0.002173 0.006788 0.017708 0.038979 0.073844 0.119346 0.160592 0.179561 0.164705 0.121988 0.070741 0.031103 0.009542 0.001862 0.000191 
t: 0.010909090909 start: 21 end: 40 0.000001 0.000001 0.000031 0.000132 0.000567 0.001895 0.005934 0.015927 0.035758 0.069224 0.114276 0.157224 0.179936 0.168703 0.127606 0.075838 0.033836 0.010776 0.002113 0.000222 
t: 0.010714285714 start: 21 end: 40 0.000001 0.000001 0.000026 0.000118 0.000465 0.001622 0.005230 0.014292 0.032776 0.064911 0.109253 0.154000 0.179680 0.172207 0.132956 0.080941 0.036870 0.011978 0.002418 0.000255 
t: 0.010526315789 start: 21 end: 40 0.000001 0.000001 0.000018 0.000104 0.000378 0.001426 0.004592 0.012855 0.029974 0.060826 0.104395 0.150414 0.179145 0.175308 0.138138 0.086096 0.039990 0.013322 0.002722 0.000295 
t: 0.010344827586 start: 21 end: 40 0.000001 0.000001 0.000016 0.000081 0.000331 0.001230 0.004035 0.011497 0.027473 0.056774 0.099781 0.146470 0.178181 0.178397 0.143255 0.091014 0.043345 0.014675 0.003097 0.000346 
t: 0.010169491525 start: 21 end: 40 0.000001 0.000000 0.000013 0.000069 0.000275 0.001067 0.003588 0.010370 0.025113 0.053139 0.094936 0.142485 0.177131 0.180699 0.148279 0.096185 0.046587 0.016203 0.003468 0.000392 
t: 0.010000000000 start: 21 end: 40 0.000001 0.000000 0.000008 0.000060 0.000236 0.000917 0.003168 0.009270 0.023110 0.049572 0.090479 0.138347 0.175435 0.183011 0.153270 0.100975 0.050097 0.017703 0.003890 0.000451 
t: 0.008448275866 start: 23 end: 40 0.000001 0.000009 0.000035 0.000197 0.000811 0.002916 0.008835 0.022777 0.051206 0.094527 0.146940 0.185317 0.189865 0.152400 0.092327 0.039695 0.010695 0.001447 
t: 0.007313432839 start: 24 end: 40 0.000002 0.000010 0.000043 0.000233 0.000951 0.003484 0.010667 0.027853 0.060379 0.111196 0.166006 0.199912 0.189619 0.135557 0.068901 0.021820 0.003367 
t: 0.006447368423 start: 25 end: 40 0.000005 0.000015 0.000082 0.000360 0.001372 0.005040 0.015382 0.038075 0.080074 0.138433 0.192341 0.210190 0.173258 0.101583 0.037315 0.006475 
t: 0.005764705884 start: 25 end: 40 0.000002 0.000007 0.000015 0.000153 0.000611 0.002526 0.008356 0.024086 0.056629 0.111714 0.174832 0.216917 0.202490 0.134557 0.056016 0.011089 
t: 0.005212765959 start: 26 end: 40 0.000002 0.000007 0.000059 0.000265 0.001297 0.004804 0.015157 0.040089 0.087914 0.154279 0.213517 0.222935 0.165540 0.077021 0.017114 
t: 0.004757281555 start: 27 end: 40 0.000006 0.000023 0.000126 0.000658 0.002766 0.009775 0.028367 0.068667 0.133527 0.203956 0.235379 0.192751 0.099652 0.024347 
t: 0.004375000001 start: 27 end: 40 0.000003 0.000010 0.000065 0.000357 0.001680 0.006276 0.020307 0.053665 0.113939 0.190852 0.240849 0.216791 0.122399 0.032807 
t: 0.004049586778 start: 28 end: 40 0.000005 0.000029 0.000233 0.001002 0.004183 0.014574 0.042208 0.096280 0.175834 0.241715 0.236626 0.145001 0.042310 
t: 0.003769230770 start: 29 end: 40 0.000014 0.000137 0.000633 0.002795 0.010624 0.033096 0.081510 0.160509 0.238820 0.251975 0.167350 0.052537 
t: 0.003525179857 start: 29 end: 40 0.000005 0.000078 0.000404 0.001938 0.007833 0.026060 0.069041 0.145773 0.232887 0.263885 0.188500 0.063596 
t: 0.003310810811 start: 29 end: 40 0.000002 0.000047 0.000255 0.001364 0.005768 0.020668 0.058570 0.131915 0.225204 0.272563 0.208227 0.075417 
t: 0.003121019109 start: 30 end: 40 0.000027 0.000174 0.000945 0.004333 0.016443 0.049691 0.118662 0.216632 0.279019 0.226583 0.087491 
t: 0.002951807229 start: 30 end: 40 0.000018 0.000122 0.000676 0.003236 0.013133 0.042353 0.106888 0.206870 0.282808 0.243812 0.100084 
t: 0.002800000000 start: 30 end: 40 0.000010 0.000072 0.000497 0.002513 0.010555 0.036032 0.096186 0.197003 0.284809 0.259517 0.112806 
t: 0.002663043479 start: 30 end: 40 0.000006 0.000053 0.000356 0.001941 0.008565 0.030912 0.086726 0.187015 0.285167 0.273774 0.125485 
t: 0.002538860104 start: 30 end: 40 0.000004 0.000035 0.000254 0.001512 0.007022 0.026506 0.078302 0.177223 0.284099 0.286798 0.138245 
t: 0.002425742574 start: 30 end: 40 0.000002 0.000024 0.000193 0.001163 0.005781 0.022863 0.070737 0.167445 0.282136 0.298824 0.150832 
t: 0.002322274882 start: 31 end: 40 0.000021 0.000141 0.000881 0.004774 0.019775 0.063836 0.158616 0.279024 0.309307 0.163625 
t: 0.002227272727 start: 31 end: 40 0.000015 0.000102 0.000699 0.003958 0.017167 0.057687 0.149724 0.275615 0.318824 0.176209 
t: 0.002139737991 start: 31 end: 40 0.000013 0.000069 0.000548 0.003317 0.014901 0.052130 0.141486 0.271460 0.327298 0.188778 
t: 0.002058823530 start: 31 end: 40 0.000008 0.000058 0.000419 0.002771 0.013034 0.047341 0.133414 0.266815 0.335099 0.201041 
t: 0.001983805668 start: 31 end: 40 0.000005 0.000049 0.000333 0.002321 0.011418 0.043057 0.125962 0.261877 0.341997 0.212981 
t: 0.001914062500 start: 31 end: 40 0.000004 0.000035 0.000279 0.001934 0.010024 0.039235 0.119072 0.256542 0.348003 0.224872 
t: 0.001849056604 start: 31 end: 40 0.000004 0.000026 0.000231 0.001648 0.008799 0.035839 0.112395 0.251007 0.353618 0.236433 
t: 0.001788321168 start: 31 end: 40 0.000004 0.000021 0.000189 0.001405 0.007727 0.032754 0.106257 0.245585 0.358166 0.247892 
t: 0.001731448763 start: 31 end: 40 0.000004 0.000017 0.000154 0.001172 0.006810 0.030123 0.100291 0.240465 0.361946 0.259018 
t: 0.001678082192 start: 31 end: 40 0.000004 0.000012 0.000127 0.001004 0.006022 0.027642 0.094970 0.234852 0.365568 0.269799 
t: 0.001627906977 start: 31 end: 40 0.000003 0.000008 0.000106 0.000875 0.005326 0.025300 0.090075 0.229200 0.368488 0.280619 
t: 0.001580645161 start: 31 end: 40 0.000003 0.000007 0.000095 0.000759 0.004764 0.023172 0.085392 0.223804 0.370645 0.291359 
t: 0.001536050157 start: 31 end: 40 0.000003 0.000006 0.000080 0.000659 0.004257 0.021287 0.080962 0.218466 0.372626 0.301654 
t: 0.001493902439 start: 31 end: 40 0.000003 0.000006 0.000066 0.000577 0.003802 0.019644 0.076696 0.213214 0.374322 0.311670 
t: 0.001454005935 start: 31 end: 40 0.000002 0.000007 0.000054 0.000491 0.003408 0.018138 0.072807 0.207957 0.375687 0.321449 
t: 0.001416184971 start: 31 end: 40 0.000002 0.000006 0.000045 0.000439 0.003049 0.016754 0.069178 0.202840 0.376618 0.331069 
t: 0.001380281690 start: 31 end: 40 0.000002 0.000006 0.000032 0.000399 0.002752 0.015494 0.065645 0.197969 0.377432 0.340269 
t: 0.001346153846 start: 31 end: 40 0.000001 0.000005 0.000024 0.000358 0.002508 0.014350 0.062309 0.193219 0.377772 0.349454 
t: 0.001313672922 start: 31 end: 40 0.000001 0.000003 0.000022 0.000313 0.002296 0.013358 0.059176 0.188449 0.377850 0.358532 
t: 0.001282722513 start: 31 end: 40 0.000001 0.000002 0.000019 0.000267 0.002106 0.012440 0.056291 0.183861 0.377678 0.367335 
t: 0.001253196931 start: 31 end: 40 0.000001 0.000001 0.000016 0.000238 0.001900 0.011585 0.053627 0.179432 0.377246 0.375954 
t: 0.001225000000 start: 32 end: 40 0.000002 0.000015 0.000208 0.001732 0.010769 0.051174 0.175028 0.376884 0.384188 
t: 0.001198044010 start: 32 end: 40 0.000002 0.000014 0.000190 0.001578 0.010051 0.048802 0.170752 0.376169 0.392442 
t: 0.001172248804 start: 32 end: 40 0.000002 0.000011 0.000173 0.001457 0.009387 0.046449 0.166718 0.375335 0.400468 
t: 0.001147540984 start: 32 end: 40 0.000002 0.000009 0.000152 0.001344 0.008796 0.044282 0.162735 0.374538 0.408142 
t: 0.001123853211 start: 32 end: 40 0.000002 0.000008 0.000134 0.001208 0.008269 0.042354 0.158796 0.373374 0.415855 
t: 0.001101123596 start: 32 end: 40 0.000002 0.000008 0.000121 0.001122 0.007741 0.040508 0.154971 0.372061 0.423466 
t: 0.001079295154 start: 32 end: 40 0.000002 0.000008 0.000113 0.001030 0.007262 0.038744 0.151194 0.370816 0.430831 
t: 0.001058315335 start: 32 end: 40 0.000002 0.000007 0.000103 0.000945 0.006799 0.037146 0.147612 0.369622 0.437764 
t: 0.001038135593 start: 33 end: 40 0.000006 0.000091 0.000872 0.006446 0.035469 0.144236 0.367964 0.444916 
t: 0.001018711019 start: 33 end: 40 0.000005 0.000084 0.000805 0.006082 0.033970 0.140842 0.366484 0.451728 
t: 0.001000000000 start: 33 end: 40 0.000003 0.000079 0.000738 0.005733 0.032570 0.137609 0.365031 0.458237 
