t: 0.059999999999 start: 8 end: 40 0.000002 0.000003 0.000034 0.000198 0.000919 0.003628 0.010825 0.026732 0.054678 0.092395 0.132098 0.158101 0.161260 0.138258 0.101182 0.062736 0.033269 0.015063 0.005866 0.001987 0.000589 0.000134 0.000031 0.000009 0.000003 0.000000 0.000000 0.000000 0.000000 0.000000 0.000000 0.000000 0.000000 
t: 0.054545454544 start: 9 end: 40 0.000001 0.000007 0.000048 0.000226 0.001092 0.003812 0.011102 0.026788 0.053402 0.090125 0.127637 0.154828 0.158233 0.138962 0.103355 0.066319 0.036635 0.017022 0.006904 0.002497 0.000760 0.000187 0.000049 0.000009 0.000000 0.000000 0.000000 0.000000 0.000000 0.000000 0.000000 0.000000 
t: 0.049999999999 start: 10 end: 42 0.000003 0.000007 0.000058 0.000336 0.001296 0.004376 0.012026 0.028273 0.054850 0.090125 0.127180 0.152567 0.156009 0.136493 0.103227 0.066961 0.037025 0.017943 0.007405 0.002707 0.000816 0.000251 0.000059 0.000005 0.000002 0.000000 0.000000 0.000000 0.000000 0.000000 0.000000 0.000000 0.000000 
t: 0.046153846153 start: 10 end: 43 0.000002 0.000003 0.000016 0.000095 0.000428 0.001649 0.005274 0.014060 0.030966 0.058469 0.093534 0.128732 0.151332 0.152950 0.133430 0.099800 0.064967 0.035865 0.017518 0.007197 0.002577 0.000840 0.000225 0.000051 0.000017 0.000003 0.000000 0.000000 0.000000 0.000000 0.000000 0.000000 0.000000 0.000000 
t: 0.042857142857 start: 10 end: 44 0.000001 0.000001 0.000007 0.000027 0.000139 0.000599 0.002277 0.006733 0.016629 0.035013 0.063917 0.099455 0.131824 0.151600 0.149737 0.127703 0.094764 0.060486 0.033262 0.016042 0.006486 0.002310 0.000719 0.000197 0.000058 0.000011 0.000003 0.000000 0.000000 0.000000 0.000000 0.000000 0.000000 0.000000 0.000000 
t: 0.040000000000 start: 12 end: 44 0.000003 0.000011 0.000060 0.000244 0.000910 0.003085 0.008617 0.020305 0.041256 0.071175 0.105989 0.136553 0.151284 0.145888 0.120960 0.087283 0.054593 0.029941 0.013541 0.005568 0.001928 0.000572 0.000182 0.000040 0.000012 0.000000 0.000000 0.000000 0.000000 0.000000 0.000000 0.000000 0.000000 
t: 0.037500000000 start: 12 end: 46 0.000003 0.000002 0.000018 0.000096 0.000378 0.001456 0.004394 0.011277 0.025098 0.048790 0.080279 0.114896 0.140969 0.151248 0.139762 0.112143 0.078516 0.047878 0.025038 0.011203 0.004413 0.001532 0.000452 0.000126 0.000027 0.000005 0.000001 0.000000 0.000000 0.000000 0.000000 0.000000 0.000000 0.000000 0.000000 
t: 0.035294117647 start: 12 end: 46 0.000001 0.000002 0.000007 0.000036 0.000169 0.000664 0.002257 0.006108 0.015009 0.031950 0.057906 0.091270 0.124008 0.145291 0.148946 0.132235 0.101758 0.068857 0.040043 0.019899 0.008785 0.003268 0.001088 0.000348 0.000077 0.000014 0.000004 0.000000 0.000000 0.000000 0.000000 0.000000 0.000000 0.000000 0.000000 
t: 0.033333333333 start: 13 end: 46 0.000002 0.000002 0.000020 0.000057 0.000320 0.001112 0.003287 0.009006 0.020155 0.040445 0.069413 0.103168 0.132505 0.148401 0.144597 0.122410 0.089949 0.057996 0.031983 0.015444 0.006419 0.002290 0.000766 0.000197 0.000044 0.000012 0.000000 0.000000 0.000000 0.000000 0.000000 0.000000 0.000000 0.000000 
t: 0.031578947368 start: 13 end: 46 0.000001 0.000002 0.000010 0.000032 0.000147 0.000549 0.001795 0.005159 0.012825 0.027542 0.051062 0.082578 0.115484 0.140075 0.148894 0.137380 0.110167 0.077117 0.047037 0.024630 0.011041 0.004338 0.001557 0.000433 0.000117 0.000024 0.000004 0.000000 0.000000 0.000000 0.000000 0.000000 0.000000 0.000000 
t: 0.030000000000 start: 14 end: 46 0.000001 0.000006 0.000014 0.000065 0.000289 0.000961 0.002981 0.007943 0.018317 0.036609 0.063880 0.097129 0.127499 0.145827 0.145998 0.126725 0.096341 0.063772 0.036075 0.017996 0.007525 0.002837 0.000890 0.000246 0.000061 0.000011 0.000001 0.000001 0.000000 0.000000 0.000000 0.000000 0.000000 
t: 0.028571428571 start: 14 end: 46 0.000001 0.000002 0.000008 0.000023 0.000154 0.000534 0.001705 0.004815 0.012074 0.025977 0.048252 0.078907 0.112245 0.137340 0.148435 0.139073 0.113396 0.080834 0.050020 0.026854 0.012098 0.004946 0.001643 0.000516 0.000119 0.000026 0.000002 0.000001 0.000000 0.000000 0.000000 0.000000 0.000000 
t: 0.027272727273 start: 14 end: 46 0.000001 0.000001 0.000004 0.000011 0.000078 0.000265 0.000983 0.002960 0.007923 0.018044 0.035955 0.062448 0.095325 0.125898 0.144754 0.146813 0.128072 0.097542 0.065020 0.037373 0.018377 0.008057 0.002862 0.000915 0.000250 0.000061 0.000007 0.000001 0.000000 0.000000 0.000000 0.000000 0.000000 
t: 0.026086956522 start: 15 end: 46 0.000001 0.000000 0.000008 0.000047 0.000132 0.000554 0.001833 0.004987 0.012471 0.026421 0.048765 0.079216 0.111819 0.137528 0.147989 0.139650 0.113402 0.080213 0.049710 0.026271 0.012098 0.004708 0.001560 0.000484 0.000114 0.000017 0.000002 0.000000 0.000000 0.000000 0.000000 0.000000 
t: 0.025000000000 start: 16 end: 46 0.000001 0.000002 0.000025 0.000077 0.000316 0.001108 0.003179 0.008496 0.019296 0.037531 0.064566 0.097080 0.127305 0.145643 0.145822 0.127080 0.095246 0.063182 0.035581 0.017527 0.007241 0.002648 0.000758 0.000229 0.000053 0.000008 0.000000 0.000000 0.000000 0.000000 0.000000 
t: 0.024000000000 start: 16 end: 46 0.000001 0.000001 0.000012 0.000041 0.000171 0.000702 0.002037 0.005811 0.013704 0.028679 0.051860 0.082985 0.115164 0.139599 0.147866 0.137570 0.109942 0.076870 0.046420 0.023981 0.010737 0.004038 0.001323 0.000371 0.000095 0.000017 0.000003 0.000000 0.000000 0.000000 0.000000 
t: 0.023076923077 start: 17 end: 46 0.000002 0.000007 0.000028 0.000096 0.000406 0.001357 0.003919 0.009842 0.021429 0.041254 0.069517 0.102461 0.130741 0.147173 0.144356 0.122695 0.090767 0.058212 0.031707 0.015090 0.006086 0.002047 0.000615 0.000163 0.000024 0.000006 0.000000 0.000000 0.000000 0.000000 
t: 0.022222222222 start: 18 end: 46 0.000004 0.000021 0.000048 0.000232 0.000933 0.002619 0.006929 0.016159 0.032304 0.057601 0.089563 0.120837 0.142988 0.148115 0.133004 0.104121 0.070304 0.040699 0.020371 0.008757 0.003117 0.000969 0.000251 0.000045 0.000009 0.000000 0.000000 0.000000 0.000000 
t: 0.021428571428 start: 18 end: 46 0.000002 0.000013 0.000028 0.000144 0.000583 0.001776 0.004994 0.011739 0.025340 0.047438 0.077015 0.109701 0.136445 0.149251 0.140655 0.116245 0.082844 0.050488 0.026688 0.012011 0.004579 0.001524 0.000402 0.000081 0.000011 0.000003 0.000000 0.000000 0.000000 
t: 0.020689655172 start: 18 end: 46 0.000001 0.000008 0.000015 0.000083 0.000382 0.001178 0.003548 0.008797 0.019546 0.038614 0.065761 0.097920 0.128727 0.146747 0.146489 0.126753 0.095040 0.061133 0.033889 0.015917 0.006478 0.002187 0.000626 0.000135 0.000021 0.000005 0.000000 0.000000 0.000000 
t: 0.020000000000 start: 18 end: 46 0.000001 0.000003 0.000013 0.000057 0.000224 0.000825 0.002495 0.006544 0.015248 0.030849 0.055831 0.086701 0.119084 0.142792 0.149738 0.135461 0.106559 0.071724 0.042067 0.020800 0.008712 0.003070 0.000934 0.000227 0.000034 0.000007 0.000000 0.000000 0.000000 
t: 0.019354838710 start: 19 end: 46 0.000003 0.000008 0.000038 0.000152 0.000544 0.001756 0.004847 0.011858 0.024703 0.046783 0.075979 0.109237 0.136564 0.150483 0.142097 0.117651 0.082419 0.051098 0.026165 0.011599 0.004251 0.001343 0.000354 0.000056 0.000012 0.000000 0.000000 0.000000 
t: 0.018750000000 start: 19 end: 46 0.000002 0.000003 0.000025 0.000100 0.000379 0.001265 0.003531 0.009065 0.019722 0.038911 0.066352 0.098920 0.129748 0.148635 0.147063 0.127085 0.093244 0.060267 0.032310 0.015114 0.005735 0.001876 0.000541 0.000089 0.000016 0.000002 0.000000 0.000000 
t: 0.018181818182 start: 19 end: 46 0.000001 0.000002 0.000018 0.000070 0.000249 0.000907 0.002645 0.006924 0.015739 0.032209 0.057229 0.089217 0.121574 0.144994 0.150236 0.135124 0.103894 0.069524 0.039462 0.018940 0.007514 0.002587 0.000761 0.000150 0.000027 0.000003 0.000000 0.000000 
t: 0.017647058823 start: 19 end: 46 0.000001 0.000001 0.000012 0.000043 0.000169 0.000647 0.001990 0.005292 0.012590 0.026503 0.049132 0.079795 0.112779 0.140229 0.151238 0.141673 0.113937 0.079114 0.046956 0.023413 0.009665 0.003521 0.001031 0.000224 0.000038 0.000006 0.000001 0.000000 
t: 0.017142857143 start: 20 end: 46 0.000001 0.000007 0.000033 0.000124 0.000454 0.001472 0.004071 0.009904 0.021907 0.041742 0.070827 0.104434 0.134098 0.150731 0.146338 0.123117 0.088739 0.054979 0.028354 0.012251 0.004631 0.001394 0.000329 0.000055 0.000007 0.000001 0.000000 
t: 0.016666666667 start: 21 end: 46 0.000005 0.000019 0.000096 0.000331 0.001047 0.003146 0.007901 0.017886 0.035805 0.062192 0.095759 0.127384 0.148650 0.149833 0.131482 0.097969 0.062906 0.033939 0.015369 0.005927 0.001825 0.000439 0.000080 0.000009 0.000001 0.000000 
t: 0.016216216216 start: 21 end: 46 0.000002 0.000016 0.000057 0.000246 0.000815 0.002347 0.006273 0.014649 0.030195 0.054916 0.086865 0.120415 0.145163 0.151996 0.138378 0.107230 0.071053 0.040077 0.018670 0.007536 0.002371 0.000599 0.000117 0.000013 0.000001 0.000000 
t: 0.015789473684 start: 22 end: 46 0.000010 0.000042 0.000174 0.000605 0.001808 0.004946 0.012027 0.025492 0.047846 0.078546 0.112907 0.141085 0.152709 0.144133 0.115704 0.079610 0.046379 0.022647 0.009299 0.003072 0.000767 0.000169 0.000022 0.000001 0.000000 
t: 0.015384615385 start: 22 end: 46 0.000004 0.000029 0.000133 0.000452 0.001387 0.003915 0.009783 0.021563 0.041623 0.070881 0.105382 0.135523 0.152162 0.148949 0.123607 0.088111 0.053196 0.026694 0.011392 0.003936 0.001021 0.000224 0.000032 0.000001 0.000000 
t: 0.015000000000 start: 22 end: 46 0.000002 0.000020 0.000088 0.000349 0.001052 0.003063 0.007973 0.018157 0.036325 0.063580 0.097655 0.129731 0.151042 0.151809 0.130877 0.096384 0.060186 0.031370 0.013765 0.004853 0.001369 0.000302 0.000046 0.000002 0.000000 
t: 0.014634146341 start: 23 end: 46 0.000014 0.000064 0.000250 0.000807 0.002451 0.006428 0.015268 0.031367 0.056980 0.089936 0.123900 0.148441 0.153950 0.137035 0.104739 0.067375 0.036307 0.016529 0.005965 0.001745 0.000377 0.000069 0.000003 0.000000 
t: 0.014285714286 start: 23 end: 46 0.000012 0.000041 0.000203 0.000620 0.001910 0.005294 0.012669 0.027117 0.050738 0.082637 0.117553 0.145304 0.155025 0.142464 0.112651 0.074636 0.041651 0.019434 0.007279 0.002171 0.000502 0.000084 0.000005 0.000000 
t: 0.013953488372 start: 23 end: 46 0.000010 0.000034 0.000145 0.000484 0.001522 0.004301 0.010708 0.023442 0.044945 0.075583 0.111036 0.140805 0.155810 0.147169 0.119807 0.082091 0.047376 0.022449 0.008829 0.002703 0.000643 0.000100 0.000008 0.000000 
t: 0.013636363636 start: 23 end: 46 0.000007 0.000024 0.000100 0.000393 0.001197 0.003504 0.008890 0.020249 0.039843 0.068904 0.104698 0.135904 0.155070 0.151471 0.126224 0.089524 0.053278 0.025962 0.010458 0.003334 0.000828 0.000125 0.000013 0.000000 
t: 0.013333333333 start: 23 end: 46 0.000007 0.000012 0.000071 0.000323 0.000941 0.002832 0.007446 0.017304 0.035235 0.062774 0.097908 0.131287 0.153284 0.154499 0.132694 0.096704 0.059168 0.029997 0.012323 0.004019 0.001001 0.000157 0.000014 0.000000 
t: 0.013043478261 start: 23 end: 46 0.000004 0.000010 0.000054 0.000248 0.000746 0.002305 0.006188 0.014936 0.031096 0.057043 0.091127 0.126377 0.150931 0.156570 0.138390 0.104036 0.065300 0.033975 0.014434 0.004756 0.001250 0.000203 0.000021 0.000000 
t: 0.012765957447 start: 23 end: 46 0.000001 0.000007 0.000038 0.000202 0.000599 0.001859 0.005178 0.012823 0.027485 0.051745 0.084678 0.120596 0.148237 0.158030 0.143628 0.110871 0.071548 0.038277 0.016713 0.005668 0.001531 0.000258 0.000028 0.000000 
t: 0.012500000000 start: 24 end: 46 0.000006 0.000031 0.000150 0.000481 0.001491 0.004350 0.010987 0.024379 0.046655 0.078823 0.114397 0.145376 0.158438 0.148411 0.117309 0.077890 0.042640 0.019313 0.006687 0.001798 0.000345 0.000043 0.000000 
t: 0.012244897959 start: 24 end: 46 0.000003 0.000029 0.000115 0.000375 0.001195 0.003655 0.009392 0.021498 0.042039 0.072982 0.108648 0.141925 0.158045 0.152220 0.123702 0.084289 0.047357 0.022082 0.007804 0.002150 0.000438 0.000056 0.000001 
t: 0.012000000000 start: 24 end: 46 0.000003 0.000022 0.000091 0.000305 0.000971 0.003094 0.008022 0.018876 0.038178 0.067183 0.103021 0.137746 0.157524 0.155214 0.129811 0.090611 0.052089 0.024916 0.009107 0.002613 0.000530 0.000071 0.000002 
t: 0.011764705882 start: 24 end: 46 0.000002 0.000017 0.000072 0.000237 0.000806 0.002615 0.006832 0.016614 0.034417 0.062045 0.097046 0.133455 0.156577 0.157565 0.135509 0.096809 0.057082 0.027934 0.010538 0.003074 0.000659 0.000093 0.000002 
t: 0.011538461538 start: 25 end: 46 0.000013 0.000054 0.000198 0.000677 0.002183 0.005859 0.014462 0.030875 0.057213 0.091788 0.128600 0.154960 0.159819 0.140185 0.103112 0.062296 0.031221 0.011988 0.003595 0.000791 0.000107 0.000004 
t: 0.011320754717 start: 25 end: 46 0.000010 0.000041 0.000162 0.000536 0.001836 0.005054 0.012641 0.027703 0.052608 0.086497 0.123524 0.152847 0.161157 0.145148 0.109147 0.067503 0.034574 0.013741 0.004197 0.000935 0.000134 0.000005 
t: 0.011111111111 start: 25 end: 46 0.000006 0.000036 0.000118 0.000449 0.001523 0.004291 0.011188 0.024706 0.048264 0.081401 0.118496 0.150092 0.162485 0.149221 0.115195 0.072712 0.038188 0.015556 0.004810 0.001100 0.000155 0.000008 
t: 0.010909090909 start: 25 end: 46 0.000006 0.000030 0.000098 0.000358 0.001279 0.003656 0.009850 0.022006 0.044334 0.076311 0.113458 0.147188 0.163101 0.152929 0.120949 0.078045 0.041826 0.017570 0.005540 0.001274 0.000183 0.000009 
t: 0.010714285714 start: 25 end: 46 0.000005 0.000026 0.000080 0.000283 0.001056 0.003191 0.008529 0.019748 0.040714 0.071325 0.108721 0.143886 0.163008 0.156318 0.126223 0.083553 0.045575 0.019707 0.006327 0.001499 0.000213 0.000013 
t: 0.010526315789 start: 25 end: 46 0.000004 0.000020 0.000063 0.000236 0.000878 0.002770 0.007485 0.017723 0.037069 0.066939 0.103605 0.140325 0.162514 0.159297 0.131464 0.088973 0.049553 0.021891 0.007200 0.001708 0.000269 0.000014 
t: 0.010344827586 start: 25 end: 46 0.000004 0.000017 0.000043 0.000202 0.000745 0.002351 0.006611 0.015990 0.033715 0.062471 0.098863 0.136495 0.161702 0.161755 0.136275 0.094510 0.053597 0.024207 0.008135 0.001982 0.000312 0.000018 
t: 0.010169491525 start: 25 end: 46 0.000002 0.000012 0.000038 0.000166 0.000629 0.002019 0.005843 0.014251 0.030853 0.058230 0.094093 0.132551 0.160472 0.163928 0.140862 0.099770 0.057875 0.026569 0.009195 0.002252 0.000369 0.000021 
t: 0.010000000000 start: 25 end: 46 0.000001 0.000008 0.000037 0.000135 0.000514 0.001753 0.005128 0.012768 0.028126 0.054209 0.089609 0.128620 0.158624 0.165494 0.145156 0.105183 0.062137 0.029184 0.010280 0.002586 0.000416 0.000032 
t: 0.008448275866 start: 26 end: 46 0.000001 0.000005 0.000023 0.000076 0.000340 0.001201 0.003765 0.010092 0.023888 0.047792 0.084075 0.126317 0.162197 0.173279 0.153441 0.111458 0.063774 0.027807 0.008626 0.001688 0.000155 
t: 0.007313432839 start: 27 end: 46 0.000001 0.000004 0.000018 0.000080 0.000290 0.001141 0.003667 0.010082 0.024345 0.049778 0.088987 0.134597 0.170683 0.180064 0.153095 0.104620 0.053719 0.019721 0.004585 0.000523 
t: 0.006447368423 start: 28 end: 46 0.000001 0.000005 0.000022 0.000091 0.000365 0.001346 0.004205 0.012115 0.028546 0.058961 0.103327 0.150939 0.184071 0.181290 0.142585 0.085051 0.036066 0.009745 0.001269 
t: 0.005764705884 start: 28 end: 46 0.000001 0.000002 0.000005 0.000027 0.000143 0.000507 0.001878 0.006126 0.016364 0.038027 0.075236 0.125772 0.173909 0.194267 0.173936 0.116975 0.056885 0.017352 0.002588 
t: 0.005212765959 start: 29 end: 46 0.000002 0.000003 0.000004 0.000059 0.000214 0.000893 0.003081 0.009345 0.024411 0.054147 0.101126 0.155596 0.195462 0.195499 0.147970 0.080154 0.027509 0.004525 
t: 0.004757281555 start: 30 end: 46 0.000001 0.000004 0.000021 0.000105 0.000413 0.001626 0.005453 0.015696 0.038501 0.079647 0.135302 0.187998 0.208365 0.175043 0.104616 0.039929 0.007280 
t: 0.004375000001 start: 30 end: 46 0.000001 0.000000 0.000008 0.000051 0.000198 0.000873 0.003258 0.010098 0.027347 0.061917 0.115727 0.176184 0.213414 0.196419 0.129540 0.054198 0.010767 
t: 0.004049586778 start: 30 end: 46 0.000001 0.000000 0.000004 0.000018 0.000108 0.000486 0.001935 0.006727 0.019150 0.048170 0.097597 0.161726 0.212591 0.213493 0.153064 0.069892 0.015038 
t: 0.003769230770 start: 31 end: 46 0.000001 0.000002 0.000008 0.000057 0.000270 0.001168 0.004441 0.013750 0.037130 0.081799 0.146289 0.208025 0.225467 0.175118 0.086416 0.020059 
t: 0.003525179857 start: 32 end: 46 0.000001 0.000005 0.000030 0.000165 0.000733 0.003001 0.009964 0.028637 0.068104 0.131525 0.200313 0.233441 0.194832 0.103419 0.025830 
t: 0.003310810811 start: 32 end: 46 0.000001 0.000002 0.000016 0.000093 0.000460 0.002000 0.007316 0.022182 0.056953 0.116962 0.190597 0.237959 0.212509 0.120638 0.032312 
t: 0.003121019109 start: 32 end: 46 0.000001 0.000001 0.000009 0.000050 0.000313 0.001363 0.005398 0.017402 0.047158 0.104000 0.179856 0.239400 0.227641 0.138058 0.039350 
t: 0.002951807229 start: 33 end: 46 0.000001 0.000004 0.000029 0.000213 0.000952 0.004025 0.013704 0.039069 0.092201 0.168829 0.238309 0.240986 0.154678 0.047000 
t: 0.002800000000 start: 34 end: 46 0.000004 0.000014 0.000133 0.000671 0.003000 0.010809 0.032651 0.081513 0.157705 0.235874 0.251912 0.170562 0.055152 
t: 0.002663043479 start: 34 end: 46 0.000003 0.000007 0.000085 0.000497 0.002219 0.008568 0.027428 0.071967 0.147063 0.231391 0.260626 0.186657 0.063489 
t: 0.002538860104 start: 34 end: 46 0.000001 0.000005 0.000058 0.000367 0.001718 0.006797 0.023092 0.063416 0.136591 0.226166 0.267639 0.201933 0.072217 
t: 0.002425742574 start: 34 end: 46 0.000001 0.000003 0.000031 0.000270 0.001349 0.005404 0.019552 0.056068 0.126607 0.220111 0.273268 0.216059 0.081277 
t: 0.002322274882 start: 34 end: 46 0.000001 0.000000 0.000017 0.000199 0.001024 0.004382 0.016530 0.049621 0.117157 0.213542 0.277570 0.229486 0.090471 
t: 0.002227272727 start: 35 end: 46 0.000001 0.000013 0.000143 0.000794 0.003583 0.014054 0.043694 0.108310 0.207060 0.280334 0.242189 0.099825 
t: 0.002139737991 start: 36 end: 46 0.000009 0.000106 0.000607 0.002916 0.011912 0.038749 0.100417 0.199732 0.281877 0.254422 0.109253 
t: 0.002058823530 start: 36 end: 46 0.000006 0.000078 0.000478 0.002406 0.010221 0.034278 0.093064 0.192359 0.282922 0.265358 0.118830 
t: 0.001983805668 start: 36 end: 46 0.000003 0.000062 0.000382 0.001930 0.008748 0.030498 0.086124 0.184968 0.283143 0.275685 0.128457 
t: 0.001914062500 start: 37 end: 46 0.000049 0.000304 0.001591 0.007501 0.027254 0.079695 0.177660 0.282308 0.285589 0.138049 
t: 0.001849056604 start: 37 end: 46 0.000039 0.000248 0.001323 0.006473 0.024398 0.073799 0.170526 0.280867 0.294717 0.147610 
t: 0.001788321168 start: 37 end: 46 0.000025 0.000206 0.001101 0.005653 0.021917 0.068193 0.163554 0.279133 0.303104 0.157114 
t: 0.001731448763 start: 37 end: 46 0.000017 0.000181 0.000915 0.004850 0.019751 0.063219 0.156735 0.277126 0.310443 0.166763 
t: 0.001678082192 start: 37 end: 46 0.000011 0.000148 0.000778 0.004215 0.017666 0.058898 0.150047 0.274535 0.317451 0.176251 
t: 0.001627906977 start: 37 end: 46 0.000011 0.000121 0.000643 0.003697 0.015845 0.054778 0.143687 0.271584 0.323966 0.185668 
t: 0.001580645161 start: 37 end: 46 0.000010 0.000096 0.000559 0.003208 0.014285 0.050815 0.137882 0.267955 0.330303 0.194887 
t: 0.001536050157 start: 37 end: 46 0.000007 0.000079 0.000482 0.002799 0.012964 0.047221 0.131965 0.264658 0.335687 0.204138 
t: 0.001493902439 start: 37 end: 46 0.000006 0.000063 0.000403 0.002482 0.011715 0.043901 0.126496 0.261043 0.340622 0.213269 
t: 0.001454005935 start: 37 end: 46 0.000003 0.000055 0.000345 0.002195 0.010566 0.040845 0.121382 0.256958 0.345464 0.222187 
t: 0.001416184971 start: 37 end: 46 0.000002 0.000044 0.000300 0.001971 0.009599 0.037921 0.116514 0.252984 0.349750 0.230915 
t: 0.001380281690 start: 37 end: 46 0.000001 0.000040 0.000259 0.001743 0.008767 0.035320 0.111539 0.249153 0.353441 0.239737 
t: 0.001346153846 start: 38 end: 46 0.000035 0.000223 0.001549 0.007979 0.033025 0.106910 0.245128 0.356831 0.248320 
t: 0.001313672922 start: 38 end: 46 0.000030 0.000197 0.001374 0.007285 0.030866 0.102471 0.241171 0.359879 0.256727 
t: 0.001282722513 start: 38 end: 46 0.000024 0.000174 0.001237 0.006667 0.028902 0.098335 0.236857 0.362648 0.265156 
t: 0.001253196931 start: 38 end: 46 0.000022 0.000145 0.001097 0.006132 0.027125 0.094274 0.232795 0.364956 0.273454 
t: 0.001225000000 start: 38 end: 46 0.000019 0.000136 0.000968 0.005609 0.025463 0.090437 0.228846 0.366970 0.281552 
t: 0.001198044010 start: 38 end: 46 0.000014 0.000121 0.000880 0.005130 0.023943 0.086796 0.224602 0.369083 0.289431 
t: 0.001172248804 start: 38 end: 46 0.000012 0.000110 0.000790 0.004713 0.022493 0.083432 0.220502 0.370649 0.297299 
t: 0.001147540984 start: 38 end: 46 0.000011 0.000089 0.000702 0.004379 0.021127 0.080112 0.216621 0.371958 0.305001 
t: 0.001123853211 start: 38 end: 46 0.000006 0.000085 0.000609 0.004088 0.019970 0.076712 0.212732 0.373124 0.312674 
t: 0.001101123596 start: 38 end: 46 0.000006 0.000081 0.000545 0.003761 0.018790 0.073736 0.208983 0.373905 0.320193 
t: 0.001079295154 start: 38 end: 46 0.000004 0.000072 0.000492 0.003463 0.017677 0.071019 0.205066 0.374664 0.327543 
t: 0.001058315335 start: 38 end: 46 0.000004 0.000065 0.000446 0.003218 0.016610 0.068378 0.201176 0.375370 0.334733 
t: 0.001038135593 start: 38 end: 46 0.000004 0.000050 0.000411 0.002990 0.015728 0.065733 0.197606 0.375766 0.341712 
t: 0.001018711019 start: 38 end: 46 0.000004 0.000044 0.000385 0.002752 0.014850 0.063355 0.193918 0.375985 0.348707 
t: 0.001000000000 start: 38 end: 46 0.000003 0.000038 0.000350 0.002566 0.014058 0.061002 0.190317 0.376128 0.355538 
