t: 0.059999999999 start: 19 end: 57 0.000050 0.000130 0.000360 0.001110 0.003150 0.007160 0.015130 0.027640 0.045710 0.068150 0.090330 0.110770 0.123790 0.122180 0.111780 0.090950 0.068620 0.048220 0.030580 0.016670 0.009500 0.004500 0.002220 0.000790 0.000310 0.000080 0.000100 0.000020 0.000000 0.000000 0.000000 0.000000 0.000000 0.000000 0.000000 0.000000 0.000000 0.000000 0.000000 
t: 0.054545454544 start: 20 end: 61 0.000010 0.000030 0.000070 0.000240 0.000760 0.002040 0.004480 0.009290 0.018660 0.031430 0.049830 0.070280 0.091300 0.109950 0.116840 0.116400 0.104970 0.088500 0.068630 0.046860 0.031040 0.018660 0.010490 0.004910 0.002750 0.000930 0.000420 0.000080 0.000110 0.000020 0.000020 0.000000 0.000000 0.000000 0.000000 0.000000 0.000000 0.000000 0.000000 0.000000 0.000000 0.000000 
t: 0.049999999999 start: 23 end: 64 0.000010 0.000080 0.000190 0.000480 0.001360 0.002810 0.005930 0.012680 0.021250 0.036000 0.053620 0.072710 0.093000 0.107550 0.112860 0.111130 0.100140 0.083590 0.065960 0.046850 0.031010 0.019180 0.011030 0.005590 0.002780 0.001270 0.000600 0.000180 0.000110 0.000030 0.000020 0.000000 0.000000 0.000000 0.000000 0.000000 0.000000 0.000000 0.000000 0.000000 0.000000 0.000000 
t: 0.046153846153 start: 24 end: 67 0.000020 0.000020 0.000040 0.000100 0.000250 0.000700 0.002160 0.004500 0.007920 0.015000 0.025500 0.040090 0.058130 0.075440 0.093550 0.105400 0.109010 0.106790 0.094720 0.079690 0.061910 0.044870 0.032120 0.018740 0.011610 0.006100 0.003290 0.001310 0.000580 0.000320 0.000090 0.000020 0.000010 0.000000 0.000000 0.000000 0.000000 0.000000 0.000000 0.000000 0.000000 0.000000 0.000000 0.000000 
t: 0.042857142857 start: 27 end: 71 0.000010 0.000020 0.000130 0.000170 0.000550 0.001200 0.002500 0.005850 0.010590 0.018470 0.029070 0.044680 0.062340 0.079060 0.091890 0.104220 0.105560 0.101970 0.090890 0.075400 0.059070 0.043250 0.029560 0.019320 0.011490 0.006440 0.003390 0.001560 0.000850 0.000270 0.000140 0.000040 0.000030 0.000020 0.000000 0.000000 0.000000 0.000000 0.000000 0.000000 0.000000 0.000000 0.000000 0.000000 0.000000 
t: 0.040000000000 start: 31 end: 74 0.000050 0.000160 0.000440 0.000750 0.001910 0.003830 0.007790 0.013420 0.022400 0.033500 0.048860 0.065490 0.081620 0.094080 0.102870 0.101900 0.096640 0.086130 0.071410 0.054410 0.041520 0.028360 0.017900 0.011400 0.006330 0.003790 0.001720 0.000740 0.000370 0.000120 0.000030 0.000030 0.000030 0.000000 0.000000 0.000000 0.000000 0.000000 0.000000 0.000000 0.000000 0.000000 0.000000 0.000000 
t: 0.037500000000 start: 32 end: 77 0.000010 0.000020 0.000150 0.000290 0.000650 0.001430 0.002670 0.005540 0.010290 0.016630 0.026890 0.038760 0.054200 0.069000 0.084880 0.092560 0.099320 0.099420 0.091620 0.080820 0.066780 0.051610 0.039130 0.026320 0.016820 0.011140 0.006070 0.003790 0.001780 0.000810 0.000400 0.000060 0.000060 0.000040 0.000040 0.000000 0.000000 0.000000 0.000000 0.000000 0.000000 0.000000 0.000000 0.000000 0.000000 0.000000 
t: 0.035294117647 start: 34 end: 80 0.000010 0.000010 0.000060 0.000250 0.000470 0.000950 0.002130 0.004020 0.007540 0.013160 0.021540 0.031340 0.044720 0.057480 0.074360 0.083880 0.093590 0.098300 0.095520 0.085550 0.075520 0.062790 0.047650 0.035770 0.023960 0.016550 0.010300 0.006030 0.003270 0.001760 0.000830 0.000400 0.000180 0.000090 0.000010 0.000010 0.000000 0.000000 0.000000 0.000000 0.000000 0.000000 0.000000 0.000000 0.000000 0.000000 0.000000 
t: 0.033333333333 start: 36 end: 82 0.000010 0.000000 0.000070 0.000190 0.000330 0.000720 0.001470 0.003210 0.005760 0.010390 0.016870 0.025330 0.036650 0.048910 0.062990 0.076060 0.086820 0.092450 0.094110 0.091630 0.082320 0.071350 0.056580 0.043750 0.032990 0.022490 0.015420 0.008990 0.005900 0.003140 0.001520 0.000880 0.000460 0.000110 0.000090 0.000030 0.000010 0.000000 0.000000 0.000000 0.000000 0.000000 0.000000 0.000000 0.000000 0.000000 0.000000 
t: 0.031578947368 start: 38 end: 85 0.000020 0.000040 0.000080 0.000100 0.000240 0.000630 0.001190 0.002230 0.004050 0.008210 0.013430 0.021120 0.030420 0.040610 0.055090 0.067510 0.078350 0.088220 0.093350 0.090410 0.086120 0.077440 0.064880 0.052800 0.040140 0.029860 0.020150 0.013660 0.008680 0.005030 0.002880 0.001640 0.000780 0.000370 0.000200 0.000060 0.000000 0.000000 0.000010 0.000000 0.000000 0.000000 0.000000 0.000000 0.000000 0.000000 0.000000 0.000000 
t: 0.030000000000 start: 40 end: 88 0.000010 0.000030 0.000050 0.000140 0.000170 0.000390 0.000950 0.001790 0.003520 0.006560 0.009750 0.016630 0.025250 0.035650 0.046550 0.059290 0.071620 0.082840 0.087880 0.091400 0.086660 0.080960 0.072770 0.059600 0.048050 0.036800 0.026710 0.018910 0.011860 0.007290 0.004480 0.002820 0.001150 0.000750 0.000400 0.000220 0.000080 0.000020 0.000000 0.000000 0.000000 0.000000 0.000000 0.000000 0.000000 0.000000 0.000000 0.000000 0.000000 
t: 0.028571428571 start: 43 end: 93 0.000040 0.000050 0.000060 0.000130 0.000340 0.000740 0.001420 0.002870 0.004890 0.008460 0.013640 0.020850 0.030510 0.040280 0.052010 0.065380 0.075000 0.082670 0.086910 0.089030 0.083150 0.076930 0.067230 0.053950 0.044180 0.032620 0.024280 0.016320 0.010680 0.006770 0.004070 0.002110 0.001100 0.000610 0.000370 0.000240 0.000050 0.000030 0.000020 0.000010 0.000000 0.000000 0.000000 0.000000 0.000000 0.000000 0.000000 0.000000 0.000000 0.000000 0.000000 
t: 0.027272727273 start: 43 end: 93 0.000010 0.000000 0.000020 0.000050 0.000050 0.000170 0.000270 0.000550 0.001180 0.002540 0.004320 0.007160 0.011010 0.017710 0.025510 0.034420 0.046020 0.058340 0.069860 0.076980 0.083340 0.086870 0.084940 0.079200 0.070680 0.061640 0.050680 0.039290 0.029570 0.020120 0.014480 0.009900 0.005540 0.003620 0.001810 0.000930 0.000620 0.000320 0.000120 0.000090 0.000070 0.000000 0.000000 0.000000 0.000000 0.000000 0.000000 0.000000 0.000000 0.000000 0.000000 
t: 0.026086956522 start: 47 end: 99 0.000010 0.000040 0.000070 0.000100 0.000340 0.000560 0.000980 0.002160 0.003710 0.005870 0.009970 0.014180 0.021680 0.030610 0.041160 0.051610 0.062190 0.073900 0.079580 0.083990 0.083880 0.080880 0.075640 0.065640 0.056250 0.044510 0.034700 0.025900 0.017890 0.012350 0.008030 0.005280 0.002750 0.001660 0.000870 0.000510 0.000260 0.000160 0.000060 0.000020 0.000030 0.000020 0.000000 0.000000 0.000000 0.000000 0.000000 0.000000 0.000000 0.000000 0.000000 0.000000 0.000000 
t: 0.025000000000 start: 49 end: 101 0.000010 0.000030 0.000040 0.000070 0.000210 0.000440 0.000990 0.001830 0.002830 0.005410 0.008480 0.012960 0.018490 0.026720 0.036600 0.046390 0.058130 0.068270 0.074400 0.079740 0.082430 0.082140 0.078360 0.069720 0.060040 0.048960 0.040960 0.030920 0.021740 0.015500 0.010700 0.006500 0.004320 0.002850 0.001370 0.000660 0.000340 0.000210 0.000160 0.000050 0.000010 0.000020 0.000000 0.000000 0.000000 0.000000 0.000000 0.000000 0.000000 0.000000 0.000000 0.000000 0.000000 
t: 0.024000000000 start: 50 end: 104 0.000010 0.000010 0.000010 0.000050 0.000040 0.000170 0.000460 0.000750 0.001480 0.002610 0.004730 0.006860 0.011050 0.016820 0.023780 0.032150 0.041900 0.054820 0.062400 0.070370 0.076810 0.080760 0.081650 0.077010 0.073730 0.063670 0.054190 0.044190 0.035970 0.027230 0.018670 0.012460 0.008960 0.005690 0.003650 0.002370 0.001270 0.000560 0.000320 0.000160 0.000110 0.000070 0.000020 0.000010 0.000000 0.000000 0.000000 0.000000 0.000000 0.000000 0.000000 0.000000 0.000000 0.000000 0.000000 
t: 0.023076923077 start: 53 end: 108 0.000010 0.000030 0.000030 0.000050 0.000200 0.000300 0.000650 0.001090 0.002350 0.003740 0.006550 0.009640 0.014730 0.020780 0.029960 0.037960 0.048680 0.057350 0.067170 0.073680 0.078800 0.080020 0.078010 0.075670 0.066500 0.057810 0.049840 0.039580 0.030010 0.022290 0.016290 0.011460 0.006920 0.004690 0.003230 0.001750 0.001010 0.000530 0.000310 0.000170 0.000100 0.000020 0.000020 0.000010 0.000010 0.000000 0.000000 0.000000 0.000000 0.000000 0.000000 0.000000 0.000000 0.000000 0.000000 0.000000 
t: 0.022222222222 start: 55 end: 108 0.000010 0.000000 0.000030 0.000040 0.000190 0.000260 0.000580 0.000900 0.002030 0.003430 0.005600 0.008570 0.013890 0.019550 0.025770 0.034930 0.044190 0.054290 0.061490 0.070750 0.076910 0.077770 0.078290 0.075270 0.070030 0.061060 0.053310 0.043660 0.034390 0.025240 0.019150 0.013430 0.009120 0.006170 0.003860 0.002440 0.001560 0.000780 0.000530 0.000290 0.000150 0.000060 0.000010 0.000020 0.000000 0.000000 0.000000 0.000000 0.000000 0.000000 0.000000 0.000000 0.000000 0.000000 
t: 0.021428571428 start: 57 end: 111 0.000010 0.000010 0.000040 0.000060 0.000050 0.000340 0.000460 0.000950 0.001830 0.002920 0.004760 0.008400 0.012000 0.017520 0.024250 0.031170 0.040850 0.049930 0.059360 0.066760 0.071810 0.077980 0.079120 0.074830 0.070130 0.064570 0.056650 0.047150 0.038400 0.029230 0.021390 0.016120 0.010520 0.007670 0.005350 0.003020 0.001950 0.000920 0.000630 0.000370 0.000290 0.000140 0.000070 0.000020 0.000000 0.000000 0.000000 0.000000 0.000000 0.000000 0.000000 0.000000 0.000000 0.000000 0.000000 
t: 0.020689655172 start: 57 end: 114 0.000010 0.000000 0.000010 0.000020 0.000030 0.000020 0.000070 0.000210 0.000490 0.000880 0.001670 0.002950 0.004260 0.007060 0.011170 0.016350 0.022170 0.029270 0.037950 0.046220 0.054880 0.065030 0.070250 0.074240 0.076740 0.076240 0.073500 0.064700 0.057740 0.051090 0.040990 0.032220 0.025250 0.018220 0.012690 0.009340 0.006200 0.003950 0.002610 0.001350 0.000770 0.000520 0.000390 0.000150 0.000080 0.000020 0.000010 0.000020 0.000000 0.000000 0.000000 0.000000 0.000000 0.000000 0.000000 0.000000 0.000000 0.000000 
t: 0.020000000000 start: 61 end: 116 0.000020 0.000000 0.000000 0.000040 0.000110 0.000220 0.000320 0.000840 0.001420 0.002490 0.004100 0.006880 0.010230 0.014470 0.020380 0.027230 0.035990 0.043900 0.053100 0.060610 0.067020 0.072510 0.074700 0.075950 0.072430 0.067820 0.061550 0.052180 0.043850 0.035940 0.027960 0.020870 0.014110 0.010930 0.007340 0.004890 0.003180 0.001810 0.001000 0.000720 0.000390 0.000300 0.000090 0.000050 0.000020 0.000020 0.000020 0.000000 0.000000 0.000000 0.000000 0.000000 0.000000 0.000000 0.000000 0.000000 
t: 0.019354838710 start: 63 end: 121 0.000010 0.000010 0.000030 0.000010 0.000110 0.000180 0.000300 0.000610 0.001380 0.002300 0.003980 0.006380 0.008960 0.013670 0.019010 0.025750 0.033790 0.041040 0.050480 0.058160 0.064880 0.070090 0.074220 0.073030 0.072990 0.069250 0.063790 0.054920 0.046190 0.038540 0.029750 0.023190 0.016790 0.012730 0.008360 0.005770 0.003570 0.002320 0.001240 0.000990 0.000540 0.000320 0.000170 0.000110 0.000030 0.000020 0.000030 0.000000 0.000000 0.000000 0.000000 0.000010 0.000000 0.000000 0.000000 0.000000 0.000000 0.000000 0.000000 
t: 0.018750000000 start: 65 end: 123 0.000020 0.000010 0.000000 0.000010 0.000060 0.000100 0.000420 0.000560 0.001300 0.002210 0.003620 0.005800 0.008530 0.012000 0.018400 0.024250 0.031920 0.039700 0.047950 0.055890 0.062520 0.068440 0.072330 0.074710 0.072590 0.068280 0.063190 0.056960 0.049150 0.040840 0.031370 0.025520 0.018690 0.014820 0.009610 0.006920 0.003930 0.002810 0.001760 0.001250 0.000700 0.000360 0.000230 0.000180 0.000010 0.000020 0.000030 0.000020 0.000000 0.000000 0.000000 0.000000 0.000010 0.000000 0.000000 0.000000 0.000000 0.000000 0.000000 
t: 0.018181818182 start: 65 end: 124 0.000010 0.000010 0.000000 0.000000 0.000010 0.000030 0.000060 0.000160 0.000360 0.000570 0.001350 0.002090 0.003600 0.005490 0.008030 0.012210 0.016270 0.022810 0.030460 0.037570 0.046410 0.054020 0.059900 0.066630 0.071160 0.073220 0.071330 0.069360 0.064000 0.057610 0.051470 0.042960 0.033980 0.027520 0.021020 0.015350 0.011100 0.007780 0.005170 0.003350 0.002190 0.001420 0.000870 0.000420 0.000370 0.000110 0.000120 0.000030 0.000020 0.000010 0.000000 0.000000 0.000010 0.000000 0.000000 0.000000 0.000000 0.000000 0.000000 0.000000 
t: 0.017647058823 start: 69 end: 128 0.000010 0.000010 0.000000 0.000040 0.000080 0.000110 0.000330 0.000630 0.001250 0.001800 0.003500 0.005560 0.007650 0.011180 0.015910 0.021890 0.028740 0.037070 0.044250 0.050330 0.059040 0.066790 0.068860 0.071060 0.071560 0.069470 0.064600 0.058580 0.052180 0.044660 0.036440 0.029580 0.022840 0.015980 0.012570 0.008790 0.005980 0.004090 0.002540 0.001670 0.000990 0.000630 0.000350 0.000170 0.000110 0.000060 0.000030 0.000010 0.000020 0.000000 0.000000 0.000010 0.000000 0.000000 0.000000 0.000000 0.000000 0.000000 0.000000 0.000000 
t: 0.017142857143 start: 70 end: 129 0.000010 0.000010 0.000010 0.000000 0.000040 0.000080 0.000140 0.000400 0.000520 0.001210 0.002060 0.003220 0.004860 0.007440 0.011050 0.015390 0.021050 0.027360 0.035290 0.042020 0.050440 0.056690 0.063140 0.068750 0.070970 0.071880 0.070020 0.064380 0.060520 0.051910 0.046400 0.038240 0.031000 0.023570 0.017420 0.013300 0.009730 0.006790 0.004500 0.003380 0.001970 0.001150 0.000780 0.000420 0.000230 0.000130 0.000040 0.000070 0.000000 0.000010 0.000000 0.000000 0.000000 0.000000 0.000010 0.000000 0.000000 0.000000 0.000000 0.000000 
t: 0.016666666667 start: 73 end: 132 0.000010 0.000000 0.000010 0.000020 0.000110 0.000140 0.000330 0.000590 0.001450 0.002040 0.003020 0.004730 0.007190 0.011080 0.014260 0.020450 0.026490 0.034090 0.041370 0.047820 0.055010 0.063290 0.066290 0.069940 0.071650 0.069490 0.065690 0.059740 0.053620 0.047580 0.040320 0.031450 0.024070 0.019560 0.014420 0.010400 0.007870 0.004870 0.003480 0.002520 0.001450 0.000950 0.000560 0.000290 0.000150 0.000080 0.000020 0.000010 0.000000 0.000020 0.000000 0.000010 0.000000 0.000000 0.000000 0.000000 0.000000 0.000000 0.000000 0.000000 
t: 0.016216216216 start: 77 end: 135 0.000020 0.000070 0.000070 0.000100 0.000340 0.000730 0.001230 0.001990 0.003240 0.004680 0.007160 0.010770 0.013810 0.019850 0.026220 0.032950 0.039550 0.046980 0.054060 0.060610 0.067200 0.069290 0.069350 0.067070 0.066340 0.061990 0.054990 0.050300 0.039880 0.032080 0.026180 0.020240 0.014830 0.010880 0.008400 0.005710 0.004150 0.002660 0.001640 0.000960 0.000700 0.000350 0.000200 0.000090 0.000060 0.000000 0.000010 0.000010 0.000000 0.000010 0.000000 0.000000 0.000000 0.000000 0.000000 0.000000 0.000000 0.000000 0.000000 
t: 0.015789473684 start: 78 end: 136 0.000010 0.000010 0.000030 0.000090 0.000210 0.000340 0.000850 0.001210 0.001740 0.003060 0.004850 0.007470 0.009890 0.014360 0.018990 0.025570 0.032920 0.039910 0.044790 0.052760 0.059950 0.066200 0.067920 0.067730 0.068610 0.064590 0.061400 0.056940 0.047650 0.042670 0.033940 0.027010 0.021010 0.016090 0.012230 0.008430 0.006740 0.004290 0.002900 0.001780 0.001060 0.000810 0.000530 0.000220 0.000120 0.000060 0.000050 0.000000 0.000010 0.000000 0.000000 0.000000 0.000000 0.000000 0.000000 0.000000 0.000000 0.000000 0.000000 
t: 0.015384615385 start: 80 end: 139 0.000010 0.000020 0.000010 0.000130 0.000200 0.000520 0.000930 0.001090 0.001910 0.003370 0.004760 0.007160 0.009970 0.013820 0.019080 0.024990 0.031800 0.038680 0.044790 0.051780 0.060350 0.064110 0.066080 0.069710 0.066150 0.065590 0.061000 0.055910 0.049540 0.041850 0.035450 0.027870 0.022500 0.016440 0.013000 0.009610 0.006780 0.004740 0.003020 0.002130 0.001180 0.000860 0.000450 0.000290 0.000200 0.000080 0.000060 0.000020 0.000000 0.000010 0.000000 0.000000 0.000000 0.000000 0.000000 0.000000 0.000000 0.000000 0.000000 0.000000 
t: 0.015000000000 start: 82 end: 141 0.000010 0.000040 0.000020 0.000140 0.000280 0.000470 0.000780 0.001150 0.002260 0.003080 0.005060 0.007080 0.010410 0.013750 0.018500 0.025090 0.032490 0.037620 0.044700 0.050560 0.057820 0.063390 0.066640 0.067180 0.066350 0.065290 0.061620 0.056110 0.049710 0.042390 0.035280 0.029100 0.022770 0.018190 0.013500 0.009620 0.007340 0.005180 0.003240 0.002220 0.001380 0.000900 0.000480 0.000340 0.000250 0.000090 0.000060 0.000060 0.000000 0.000000 0.000010 0.000000 0.000000 0.000000 0.000000 0.000000 0.000000 0.000000 0.000000 0.000000 
t: 0.014634146341 start: 83 end: 144 0.000010 0.000020 0.000030 0.000060 0.000160 0.000280 0.000510 0.000700 0.001370 0.001990 0.003160 0.005080 0.007240 0.010050 0.014640 0.019280 0.025070 0.031950 0.036900 0.043180 0.050780 0.057000 0.061970 0.066340 0.066560 0.067010 0.064480 0.059860 0.056470 0.050540 0.042840 0.035760 0.029230 0.023300 0.018870 0.013930 0.010620 0.007420 0.005280 0.003420 0.002450 0.001650 0.001020 0.000540 0.000440 0.000240 0.000140 0.000070 0.000060 0.000010 0.000020 0.000000 0.000000 0.000000 0.000000 0.000000 0.000000 0.000000 0.000000 0.000000 0.000000 0.000000 
t: 0.014285714286 start: 85 end: 147 0.000030 0.000010 0.000050 0.000120 0.000140 0.000290 0.000490 0.000720 0.001370 0.002220 0.003430 0.005090 0.007160 0.010570 0.014420 0.018790 0.025470 0.031940 0.036620 0.043500 0.050690 0.055730 0.061660 0.064710 0.064910 0.066670 0.064230 0.060750 0.057100 0.049230 0.043150 0.035650 0.030880 0.023980 0.018610 0.015050 0.010280 0.007920 0.005730 0.003870 0.002210 0.001820 0.001050 0.000670 0.000420 0.000290 0.000120 0.000100 0.000020 0.000040 0.000020 0.000010 0.000000 0.000000 0.000000 0.000000 0.000000 0.000000 0.000000 0.000000 0.000000 0.000000 0.000000 
t: 0.013953488372 start: 87 end: 148 0.000020 0.000050 0.000060 0.000070 0.000210 0.000350 0.000460 0.000900 0.001330 0.002090 0.003610 0.005440 0.007910 0.011000 0.014640 0.019020 0.024460 0.031410 0.036670 0.043320 0.050090 0.055510 0.061530 0.063870 0.065650 0.065890 0.063950 0.059260 0.056480 0.049170 0.043660 0.037080 0.030690 0.024140 0.018790 0.014350 0.011240 0.008340 0.006000 0.003860 0.002750 0.001620 0.001120 0.000690 0.000480 0.000340 0.000210 0.000120 0.000030 0.000050 0.000000 0.000000 0.000020 0.000000 0.000000 0.000000 0.000000 0.000000 0.000000 0.000000 0.000000 0.000000 
t: 0.013636363636 start: 88 end: 151 0.000020 0.000010 0.000030 0.000090 0.000100 0.000290 0.000270 0.000630 0.000850 0.001510 0.002420 0.003740 0.005700 0.008070 0.011250 0.014970 0.019590 0.025210 0.029940 0.036900 0.044100 0.049760 0.054920 0.061290 0.063820 0.065120 0.064810 0.062510 0.059740 0.055070 0.049740 0.043020 0.036720 0.031400 0.023840 0.019490 0.015110 0.011540 0.008670 0.005700 0.003960 0.002830 0.002020 0.001150 0.000840 0.000470 0.000350 0.000190 0.000090 0.000080 0.000030 0.000020 0.000000 0.000000 0.000000 0.000010 0.000000 0.000000 0.000000 0.000000 0.000000 0.000000 0.000000 0.000000 
t: 0.013333333333 start: 88 end: 152 0.000010 0.000000 0.000010 0.000010 0.000070 0.000050 0.000160 0.000150 0.000400 0.000640 0.001010 0.001670 0.002730 0.003860 0.005770 0.008480 0.011410 0.015520 0.019950 0.025570 0.030530 0.037350 0.043290 0.050750 0.055640 0.058590 0.063300 0.064500 0.065650 0.062110 0.059150 0.053400 0.049330 0.042760 0.036820 0.031340 0.024450 0.020040 0.015680 0.011370 0.008080 0.005630 0.004290 0.002900 0.001970 0.001240 0.000980 0.000510 0.000440 0.000220 0.000120 0.000040 0.000040 0.000010 0.000000 0.000000 0.000010 0.000000 0.000000 0.000000 0.000000 0.000000 0.000000 0.000000 0.000000 
t: 0.013043478261 start: 90 end: 153 0.000010 0.000000 0.000020 0.000010 0.000060 0.000100 0.000120 0.000230 0.000330 0.000710 0.001070 0.001980 0.002710 0.004110 0.006280 0.008430 0.012230 0.015700 0.020670 0.025550 0.031220 0.037460 0.043850 0.050420 0.055570 0.059140 0.061910 0.064770 0.064580 0.060950 0.059620 0.053240 0.048310 0.042650 0.036180 0.030860 0.025430 0.018920 0.015570 0.011730 0.008230 0.005810 0.004100 0.003260 0.002070 0.001470 0.001000 0.000500 0.000480 0.000160 0.000130 0.000040 0.000040 0.000000 0.000000 0.000010 0.000000 0.000000 0.000000 0.000000 0.000000 0.000000 0.000000 0.000000 
t: 0.012765957447 start: 91 end: 156 0.000010 0.000000 0.000010 0.000020 0.000030 0.000060 0.000090 0.000120 0.000240 0.000430 0.000730 0.001300 0.002210 0.002790 0.004040 0.006440 0.009470 0.012430 0.016430 0.020570 0.025760 0.031470 0.037910 0.045020 0.051110 0.055380 0.058790 0.062380 0.064970 0.062900 0.061110 0.057310 0.052720 0.047910 0.043560 0.035660 0.029660 0.024730 0.019720 0.015230 0.011650 0.008100 0.006210 0.004120 0.003310 0.002110 0.001330 0.000950 0.000650 0.000400 0.000200 0.000110 0.000100 0.000010 0.000020 0.000010 0.000000 0.000000 0.000000 0.000000 0.000000 0.000000 0.000000 0.000000 0.000000 0.000000 
t: 0.012500000000 start: 92 end: 157 0.000010 0.000000 0.000010 0.000000 0.000050 0.000020 0.000080 0.000090 0.000120 0.000290 0.000400 0.000910 0.001350 0.002160 0.003120 0.004570 0.006620 0.010050 0.012830 0.016890 0.022140 0.026040 0.032930 0.038490 0.044870 0.050660 0.055150 0.059550 0.062740 0.062970 0.061940 0.060780 0.056600 0.053510 0.046790 0.042350 0.034650 0.030180 0.024520 0.019510 0.014810 0.011310 0.008640 0.005690 0.004760 0.002880 0.001990 0.001280 0.001220 0.000590 0.000400 0.000140 0.000180 0.000060 0.000060 0.000040 0.000010 0.000000 0.000000 0.000000 0.000000 0.000000 0.000000 0.000000 0.000000 0.000000 
t: 0.012244897959 start: 93 end: 158 0.000010 0.000000 0.000000 0.000000 0.000020 0.000020 0.000070 0.000050 0.000100 0.000140 0.000280 0.000680 0.001000 0.001370 0.002270 0.003260 0.005450 0.007520 0.009920 0.013030 0.018010 0.022550 0.027330 0.033120 0.039110 0.045550 0.050530 0.056350 0.059750 0.060680 0.062250 0.062180 0.060430 0.056980 0.051170 0.046470 0.040260 0.034880 0.029930 0.024720 0.018970 0.015070 0.011000 0.008380 0.006020 0.004190 0.002760 0.002230 0.001420 0.000960 0.000660 0.000390 0.000150 0.000150 0.000120 0.000050 0.000000 0.000030 0.000000 0.000000 0.000010 0.000000 0.000000 0.000000 0.000000 0.000000 
t: 0.012000000000 start: 95 end: 161 0.000010 0.000000 0.000000 0.000020 0.000000 0.000020 0.000040 0.000100 0.000120 0.000240 0.000350 0.000680 0.000940 0.001570 0.002820 0.003830 0.005020 0.008220 0.010920 0.014090 0.018500 0.023240 0.027470 0.033970 0.039140 0.045430 0.052340 0.056590 0.059690 0.061360 0.061220 0.061330 0.059260 0.056500 0.051410 0.044780 0.039450 0.035630 0.028700 0.023300 0.018950 0.014460 0.011250 0.008300 0.005640 0.004140 0.003030 0.001990 0.001530 0.000840 0.000550 0.000440 0.000260 0.000100 0.000110 0.000080 0.000010 0.000010 0.000000 0.000000 0.000010 0.000000 0.000000 0.000000 0.000000 0.000000 0.000000 
t: 0.011764705882 start: 100 end: 166 0.000010 0.000030 0.000040 0.000050 0.000100 0.000190 0.000250 0.000430 0.000800 0.001190 0.002160 0.002730 0.003840 0.006040 0.008190 0.011380 0.014790 0.019740 0.023590 0.028750 0.034450 0.040520 0.047550 0.053230 0.054970 0.059600 0.060500 0.061900 0.060850 0.057930 0.055980 0.049340 0.046000 0.038010 0.033120 0.028190 0.023160 0.018460 0.014840 0.011030 0.007420 0.005910 0.003920 0.003060 0.002060 0.001320 0.000830 0.000590 0.000390 0.000230 0.000140 0.000050 0.000080 0.000030 0.000020 0.000020 0.000000 0.000000 0.000000 0.000000 0.000000 0.000000 0.000000 0.000000 0.000000 0.000000 0.000000 
t: 0.011538461538 start: 102 end: 168 0.000020 0.000040 0.000030 0.000090 0.000150 0.000220 0.000310 0.000510 0.000780 0.001560 0.002110 0.002920 0.004520 0.006750 0.009090 0.011610 0.015220 0.020590 0.024570 0.030060 0.035040 0.041960 0.046980 0.052480 0.057400 0.059600 0.061450 0.061330 0.059540 0.057020 0.054370 0.049200 0.043730 0.038350 0.032760 0.027830 0.021950 0.017980 0.013710 0.010490 0.007440 0.005850 0.004340 0.002570 0.001770 0.001410 0.000870 0.000420 0.000420 0.000260 0.000130 0.000080 0.000040 0.000020 0.000030 0.000030 0.000000 0.000000 0.000000 0.000000 0.000000 0.000000 0.000000 0.000000 0.000000 0.000000 0.000000 
t: 0.011320754717 start: 102 end: 170 0.000010 0.000000 0.000010 0.000070 0.000050 0.000060 0.000220 0.000210 0.000280 0.000570 0.000970 0.001750 0.002360 0.003680 0.004850 0.007170 0.009110 0.012900 0.016490 0.020800 0.025630 0.031410 0.035730 0.043120 0.048370 0.054140 0.056370 0.059720 0.061720 0.058750 0.059650 0.057740 0.052690 0.048150 0.042360 0.037370 0.031480 0.026880 0.021030 0.017320 0.013180 0.010000 0.008090 0.005340 0.003900 0.002910 0.002000 0.001190 0.000680 0.000650 0.000370 0.000250 0.000060 0.000070 0.000020 0.000050 0.000020 0.000020 0.000000 0.000010 0.000000 0.000000 0.000000 0.000000 0.000000 0.000000 0.000000 0.000000 0.000000 
t: 0.011111111111 start: 103 end: 171 0.000010 0.000000 0.000020 0.000020 0.000050 0.000080 0.000090 0.000220 0.000190 0.000390 0.000780 0.001060 0.001700 0.002830 0.004020 0.005610 0.007590 0.010010 0.013740 0.017940 0.021900 0.026380 0.032130 0.037600 0.044220 0.048710 0.054400 0.057020 0.058890 0.060890 0.058990 0.059030 0.056160 0.052350 0.046990 0.042410 0.036180 0.030130 0.025800 0.020360 0.016420 0.012660 0.009690 0.007270 0.005090 0.003890 0.002750 0.001880 0.001280 0.000870 0.000500 0.000360 0.000160 0.000090 0.000090 0.000060 0.000010 0.000020 0.000020 0.000000 0.000000 0.000000 0.000000 0.000000 0.000000 0.000000 0.000000 0.000000 0.000000 
t: 0.010909090909 start: 105 end: 172 0.000010 0.000020 0.000000 0.000040 0.000070 0.000090 0.000110 0.000200 0.000280 0.000360 0.001070 0.001390 0.001950 0.002980 0.004200 0.006390 0.008380 0.011050 0.015080 0.017960 0.022930 0.028430 0.033440 0.038000 0.045860 0.049310 0.054930 0.057760 0.059760 0.058780 0.060300 0.057440 0.054340 0.050920 0.046890 0.040550 0.034800 0.029770 0.023930 0.019840 0.015950 0.011960 0.009240 0.006830 0.005040 0.003810 0.002630 0.001580 0.001350 0.000770 0.000450 0.000310 0.000200 0.000070 0.000080 0.000050 0.000040 0.000030 0.000000 0.000000 0.000000 0.000000 0.000000 0.000000 0.000000 0.000000 0.000000 0.000000 
t: 0.010714285714 start: 107 end: 176 0.000010 0.000010 0.000050 0.000020 0.000060 0.000130 0.000080 0.000230 0.000400 0.000620 0.000920 0.001620 0.002270 0.003300 0.004570 0.007030 0.008780 0.012220 0.015390 0.020000 0.024520 0.028950 0.034960 0.039910 0.047120 0.050270 0.054410 0.058810 0.060370 0.058290 0.058840 0.056450 0.054230 0.050160 0.043580 0.038920 0.034100 0.028380 0.023530 0.019140 0.014680 0.011780 0.008720 0.006730 0.004760 0.003670 0.002370 0.001600 0.001190 0.000650 0.000490 0.000260 0.000140 0.000120 0.000090 0.000030 0.000040 0.000010 0.000000 0.000020 0.000000 0.000000 0.000000 0.000000 0.000000 0.000000 0.000000 0.000000 0.000000 0.000000 
t: 0.010526315789 start: 108 end: 178 0.000010 0.000010 0.000010 0.000020 0.000030 0.000080 0.000070 0.000150 0.000370 0.000410 0.000740 0.001300 0.001750 0.002350 0.003700 0.005350 0.007140 0.010300 0.013350 0.016380 0.020990 0.026310 0.030530 0.035560 0.041610 0.047170 0.051440 0.056350 0.059060 0.058270 0.060030 0.058070 0.055740 0.052570 0.048200 0.041630 0.037670 0.032560 0.027710 0.022640 0.017950 0.014380 0.010930 0.007810 0.006390 0.004780 0.003160 0.002650 0.001540 0.000950 0.000750 0.000370 0.000250 0.000150 0.000150 0.000070 0.000050 0.000020 0.000010 0.000000 0.000010 0.000000 0.000000 0.000000 0.000000 0.000000 0.000000 0.000000 0.000000 0.000000 0.000000 
t: 0.010344827586 start: 110 end: 179 0.000020 0.000000 0.000020 0.000010 0.000050 0.000070 0.000180 0.000210 0.000280 0.000600 0.000830 0.001460 0.001740 0.002960 0.004120 0.005900 0.008520 0.010680 0.013590 0.017810 0.022650 0.027490 0.032580 0.038260 0.041800 0.048090 0.053390 0.056120 0.058030 0.059540 0.058800 0.058010 0.053690 0.051390 0.046150 0.041650 0.036690 0.030360 0.026260 0.021640 0.017320 0.013550 0.009950 0.008160 0.005450 0.004320 0.003060 0.002250 0.001650 0.001020 0.000650 0.000340 0.000220 0.000150 0.000110 0.000100 0.000020 0.000020 0.000000 0.000010 0.000010 0.000000 0.000000 0.000000 0.000000 0.000000 0.000000 0.000000 0.000000 0.000000 
t: 0.010169491525 start: 113 end: 181 0.000020 0.000000 0.000070 0.000090 0.000080 0.000150 0.000250 0.000460 0.000800 0.000870 0.001450 0.002190 0.003420 0.004810 0.006750 0.009130 0.011100 0.015410 0.018990 0.024110 0.029190 0.035010 0.038500 0.043300 0.049620 0.053690 0.056630 0.057110 0.058940 0.059690 0.057170 0.053580 0.049490 0.044820 0.040360 0.034010 0.029270 0.024530 0.020150 0.016820 0.013290 0.009580 0.006890 0.005580 0.003930 0.002690 0.002250 0.001390 0.000840 0.000570 0.000300 0.000300 0.000100 0.000140 0.000050 0.000040 0.000000 0.000010 0.000010 0.000010 0.000000 0.000000 0.000000 0.000000 0.000000 0.000000 0.000000 0.000000 0.000000 
t: 0.010000000000 start: 114 end: 183 0.000020 0.000040 0.000020 0.000050 0.000070 0.000100 0.000140 0.000390 0.000680 0.000750 0.001270 0.001680 0.002390 0.003880 0.005410 0.007340 0.009990 0.012790 0.016040 0.019810 0.026370 0.030970 0.035950 0.039970 0.046000 0.050410 0.054900 0.056240 0.057440 0.059080 0.058980 0.055940 0.051710 0.048080 0.043930 0.037800 0.032870 0.028350 0.023100 0.019230 0.015850 0.011870 0.008670 0.006820 0.005010 0.003560 0.002640 0.001890 0.001340 0.000740 0.000600 0.000290 0.000180 0.000180 0.000110 0.000040 0.000010 0.000000 0.000000 0.000010 0.000000 0.000010 0.000000 0.000000 0.000000 0.000000 0.000000 0.000000 0.000000 0.000000 
t: 0.008448275866 start: 128 end: 204 0.000010 0.000020 0.000000 0.000030 0.000010 0.000030 0.000060 0.000070 0.000180 0.000270 0.000400 0.000620 0.000790 0.001280 0.001910 0.002600 0.003960 0.005130 0.006970 0.009820 0.011910 0.015470 0.018720 0.022070 0.027350 0.032500 0.037270 0.041710 0.046170 0.049480 0.051850 0.054400 0.055080 0.056610 0.053750 0.051220 0.048750 0.045860 0.041530 0.036300 0.033140 0.027430 0.023340 0.018890 0.016150 0.012260 0.009690 0.007480 0.005600 0.004200 0.002920 0.002160 0.001440 0.001050 0.000700 0.000440 0.000350 0.000260 0.000130 0.000090 0.000010 0.000050 0.000020 0.000010 0.000010 0.000010 0.000010 0.000000 0.000000 0.000000 0.000000 0.000000 0.000000 0.000000 0.000000 0.000000 0.000000 
t: 0.007313432839 start: 146 end: 220 0.000030 0.000020 0.000030 0.000100 0.000090 0.000210 0.000300 0.000370 0.000480 0.000660 0.001260 0.001640 0.002350 0.003350 0.004640 0.006140 0.007550 0.010180 0.012790 0.016920 0.019970 0.022860 0.028020 0.033230 0.036790 0.040840 0.043700 0.048210 0.049740 0.050950 0.052610 0.053060 0.052240 0.050400 0.047960 0.043540 0.040580 0.037390 0.031420 0.028480 0.024390 0.020970 0.016850 0.012840 0.011060 0.008440 0.006810 0.004860 0.003700 0.002560 0.001960 0.001510 0.000840 0.000740 0.000460 0.000340 0.000200 0.000140 0.000120 0.000010 0.000040 0.000020 0.000030 0.000000 0.000000 0.000000 0.000000 0.000010 0.000000 0.000000 0.000000 0.000000 0.000000 0.000000 0.000000 
t: 0.006447368423 start: 160 end: 236 0.000050 0.000030 0.000060 0.000070 0.000080 0.000200 0.000300 0.000440 0.000470 0.000850 0.001210 0.001780 0.002350 0.003010 0.004350 0.005730 0.007650 0.009520 0.012230 0.015730 0.017850 0.022550 0.025620 0.029860 0.032940 0.038800 0.040650 0.044030 0.046570 0.049870 0.050910 0.051720 0.051760 0.049730 0.048470 0.044430 0.042300 0.039320 0.034640 0.031110 0.026550 0.024030 0.018890 0.015740 0.012840 0.009560 0.008450 0.006290 0.004750 0.003860 0.003070 0.002190 0.001400 0.000930 0.000690 0.000490 0.000330 0.000210 0.000140 0.000080 0.000100 0.000060 0.000060 0.000000 0.000030 0.000000 0.000000 0.000010 0.000010 0.000000 0.000000 0.000000 0.000000 0.000000 0.000000 0.000000 0.000000 
t: 0.005764705884 start: 171 end: 249 0.000020 0.000000 0.000020 0.000010 0.000090 0.000100 0.000120 0.000220 0.000260 0.000420 0.000690 0.000790 0.001480 0.001850 0.002420 0.003280 0.004210 0.005970 0.007860 0.009860 0.011890 0.014790 0.017800 0.021770 0.025480 0.028520 0.031660 0.036710 0.039270 0.042870 0.045280 0.048480 0.048660 0.050180 0.049550 0.049970 0.046980 0.044620 0.043510 0.038640 0.035460 0.031260 0.028280 0.024650 0.020510 0.017130 0.014650 0.011960 0.009600 0.007550 0.005650 0.004500 0.003540 0.002640 0.001870 0.001430 0.000980 0.000690 0.000420 0.000220 0.000270 0.000150 0.000070 0.000060 0.000070 0.000030 0.000030 0.000020 0.000000 0.000010 0.000000 0.000000 0.000000 0.000000 0.000000 0.000000 0.000000 0.000000 0.000000 
t: 0.005212765959 start: 183 end: 262 0.000020 0.000030 0.000030 0.000060 0.000060 0.000090 0.000190 0.000130 0.000330 0.000560 0.000550 0.001190 0.001340 0.002000 0.002620 0.003430 0.004520 0.006020 0.007390 0.009760 0.012320 0.014860 0.017980 0.021610 0.024090 0.027740 0.032330 0.034800 0.039540 0.041150 0.043720 0.047350 0.047330 0.049510 0.048050 0.047570 0.047910 0.044740 0.041650 0.039290 0.035820 0.032650 0.028670 0.025640 0.022110 0.018870 0.015380 0.012550 0.010070 0.008130 0.006550 0.005190 0.004050 0.002900 0.001950 0.001820 0.001240 0.000750 0.000540 0.000350 0.000260 0.000290 0.000060 0.000050 0.000050 0.000090 0.000070 0.000030 0.000000 0.000000 0.000000 0.000000 0.000010 0.000000 0.000000 0.000000 0.000000 0.000000 0.000000 0.000000 
t: 0.004757281555 start: 189 end: 270 0.000010 0.000000 0.000000 0.000000 0.000000 0.000010 0.000000 0.000020 0.000060 0.000080 0.000090 0.000140 0.000210 0.000370 0.000560 0.000760 0.000860 0.001580 0.002220 0.002880 0.003690 0.005050 0.006320 0.007560 0.009360 0.011640 0.014950 0.016480 0.020650 0.024330 0.028250 0.031180 0.033550 0.037470 0.040960 0.042700 0.045020 0.046840 0.047200 0.049200 0.047290 0.046990 0.044900 0.041300 0.040370 0.035860 0.033090 0.029480 0.025500 0.022780 0.019130 0.016760 0.013410 0.011730 0.009400 0.007210 0.005880 0.004480 0.003320 0.002330 0.001870 0.001390 0.000850 0.000720 0.000510 0.000490 0.000180 0.000220 0.000100 0.000070 0.000050 0.000050 0.000010 0.000010 0.000010 0.000000 0.000000 0.000010 0.000000 0.000000 0.000000 0.000000 
t: 0.004375000001 start: 201 end: 282 0.000010 0.000000 0.000000 0.000000 0.000000 0.000050 0.000030 0.000110 0.000170 0.000150 0.000270 0.000470 0.000530 0.000740 0.001090 0.001430 0.001870 0.002650 0.003380 0.004920 0.005900 0.007770 0.009040 0.011200 0.014840 0.016460 0.019070 0.023360 0.025990 0.029420 0.033140 0.036500 0.038300 0.042400 0.045360 0.045120 0.046650 0.047210 0.047950 0.046380 0.044480 0.042270 0.039400 0.037730 0.034230 0.029900 0.027460 0.023540 0.020580 0.017480 0.015490 0.012440 0.010050 0.008190 0.006450 0.005140 0.004030 0.002950 0.002270 0.001660 0.001280 0.001000 0.000670 0.000520 0.000310 0.000180 0.000120 0.000100 0.000030 0.000040 0.000020 0.000020 0.000000 0.000010 0.000020 0.000010 0.000000 0.000000 0.000000 0.000000 0.000000 0.000000 
t: 0.004049586778 start: 210 end: 292 0.000010 0.000000 0.000000 0.000010 0.000000 0.000030 0.000050 0.000110 0.000150 0.000170 0.000230 0.000250 0.000630 0.000670 0.001130 0.001290 0.001600 0.002560 0.003130 0.003970 0.005840 0.006370 0.008470 0.010270 0.012520 0.014910 0.018760 0.020960 0.024230 0.027460 0.031080 0.034730 0.037400 0.040000 0.042270 0.044900 0.046020 0.047890 0.045470 0.047010 0.044740 0.042690 0.041050 0.038830 0.035560 0.032290 0.029620 0.025970 0.022900 0.019460 0.016750 0.013740 0.011590 0.009690 0.007340 0.005880 0.005070 0.003470 0.002870 0.002140 0.001530 0.001220 0.001080 0.000590 0.000490 0.000280 0.000270 0.000150 0.000050 0.000040 0.000010 0.000030 0.000020 0.000020 0.000000 0.000000 0.000020 0.000000 0.000000 0.000000 0.000000 0.000000 0.000000 
t: 0.003769230770 start: 218 end: 302 0.000010 0.000000 0.000010 0.000000 0.000000 0.000010 0.000030 0.000020 0.000100 0.000170 0.000290 0.000200 0.000390 0.000550 0.000830 0.001030 0.001690 0.001880 0.002850 0.003460 0.004110 0.005920 0.007040 0.009100 0.010250 0.013090 0.015620 0.018880 0.021670 0.025410 0.027660 0.031780 0.034410 0.037440 0.040030 0.042950 0.043990 0.044340 0.046310 0.046620 0.045340 0.044410 0.043390 0.040930 0.037640 0.035000 0.031270 0.029440 0.025080 0.023640 0.019320 0.016500 0.013810 0.011370 0.009120 0.007550 0.006150 0.005010 0.003950 0.003160 0.002000 0.001520 0.001290 0.000840 0.000520 0.000570 0.000250 0.000300 0.000190 0.000110 0.000090 0.000010 0.000020 0.000020 0.000030 0.000000 0.000010 0.000010 0.000000 0.000000 0.000000 0.000000 0.000000 0.000000 0.000000 
t: 0.003525179857 start: 226 end: 312 0.000010 0.000000 0.000000 0.000000 0.000010 0.000010 0.000030 0.000040 0.000130 0.000170 0.000140 0.000300 0.000390 0.000610 0.000740 0.001110 0.001300 0.001900 0.002670 0.003470 0.004730 0.005620 0.006690 0.008280 0.009990 0.012910 0.015190 0.018140 0.020530 0.024520 0.027330 0.029970 0.034280 0.035880 0.039310 0.042090 0.042570 0.044650 0.045090 0.045660 0.045390 0.046000 0.043350 0.040910 0.038380 0.034560 0.032400 0.030010 0.026700 0.024360 0.019960 0.017900 0.014470 0.011960 0.010580 0.008290 0.006870 0.004880 0.004020 0.003130 0.002670 0.002000 0.001360 0.000900 0.000700 0.000480 0.000390 0.000430 0.000230 0.000040 0.000100 0.000020 0.000040 0.000010 0.000010 0.000010 0.000000 0.000010 0.000010 0.000000 0.000000 0.000010 0.000000 0.000000 0.000000 0.000000 0.000000 
t: 0.003310810811 start: 236 end: 319 0.000010 0.000000 0.000030 0.000030 0.000010 0.000080 0.000110 0.000150 0.000220 0.000290 0.000370 0.000580 0.000980 0.001290 0.001520 0.002200 0.003130 0.003920 0.004610 0.005930 0.007670 0.009020 0.011490 0.013310 0.015560 0.019400 0.021330 0.024800 0.028040 0.031050 0.033720 0.037700 0.039440 0.041810 0.043420 0.044430 0.044830 0.046250 0.046630 0.044820 0.041430 0.039170 0.036950 0.035130 0.031320 0.029570 0.026460 0.022280 0.019960 0.016960 0.014240 0.011940 0.010000 0.007680 0.006230 0.004620 0.003890 0.003050 0.002330 0.001870 0.001230 0.001010 0.000800 0.000580 0.000390 0.000240 0.000190 0.000120 0.000030 0.000050 0.000020 0.000000 0.000030 0.000000 0.000040 0.000000 0.000010 0.000000 0.000000 0.000000 0.000000 0.000000 0.000000 0.000000 
t: 0.003121019109 start: 243 end: 331 0.000010 0.000010 0.000020 0.000020 0.000040 0.000040 0.000060 0.000090 0.000200 0.000280 0.000480 0.000680 0.000770 0.001370 0.001540 0.002190 0.002910 0.003390 0.004440 0.005560 0.006920 0.009310 0.010940 0.012320 0.015910 0.018610 0.020800 0.024020 0.027130 0.030530 0.033050 0.036590 0.039470 0.041760 0.042070 0.044040 0.045170 0.046710 0.044940 0.043230 0.042380 0.041290 0.038360 0.034600 0.032690 0.029480 0.026780 0.023750 0.020590 0.017840 0.014290 0.012600 0.010330 0.008120 0.006160 0.005330 0.004240 0.003630 0.002700 0.002100 0.001420 0.001060 0.000870 0.000550 0.000420 0.000320 0.000110 0.000130 0.000070 0.000040 0.000020 0.000030 0.000010 0.000020 0.000010 0.000010 0.000010 0.000000 0.000020 0.000000 0.000000 0.000000 0.000000 0.000000 0.000000 0.000000 0.000000 0.000000 0.000000 
t: 0.002951807229 start: 248 end: 334 0.000010 0.000000 0.000000 0.000010 0.000020 0.000030 0.000070 0.000070 0.000080 0.000080 0.000210 0.000330 0.000410 0.000820 0.000800 0.001360 0.001730 0.002450 0.002660 0.004020 0.004890 0.006350 0.007430 0.009630 0.011080 0.013480 0.016260 0.019080 0.021350 0.025120 0.027890 0.031430 0.034210 0.036580 0.039490 0.040670 0.043280 0.044550 0.044900 0.044970 0.045300 0.043530 0.042010 0.040490 0.037880 0.034550 0.032130 0.029610 0.026450 0.022360 0.019250 0.017010 0.014510 0.011650 0.009550 0.007960 0.006330 0.005150 0.004290 0.003070 0.002280 0.002110 0.001460 0.000900 0.000750 0.000640 0.000270 0.000200 0.000190 0.000120 0.000040 0.000040 0.000050 0.000030 0.000000 0.000010 0.000010 0.000000 0.000010 0.000000 0.000000 0.000000 0.000000 0.000010 0.000000 0.000000 0.000000 
t: 0.002800000000 start: 254 end: 341 0.000010 0.000000 0.000000 0.000010 0.000030 0.000040 0.000060 0.000020 0.000090 0.000140 0.000240 0.000280 0.000340 0.000560 0.000750 0.001320 0.001600 0.002210 0.002820 0.003470 0.003990 0.006140 0.006840 0.008910 0.010790 0.012450 0.016140 0.017790 0.020000 0.023700 0.026950 0.029800 0.032760 0.035980 0.037780 0.040760 0.042540 0.043690 0.045520 0.046450 0.044710 0.043620 0.042500 0.041150 0.038490 0.036190 0.032570 0.030240 0.026890 0.024210 0.020950 0.017190 0.015190 0.012270 0.010870 0.009620 0.006840 0.005580 0.004690 0.003210 0.002710 0.001980 0.001390 0.001250 0.000830 0.000530 0.000410 0.000330 0.000170 0.000120 0.000140 0.000050 0.000040 0.000050 0.000010 0.000010 0.000010 0.000000 0.000010 0.000000 0.000000 0.000000 0.000000 0.000000 0.000000 0.000010 0.000000 0.000000 
t: 0.002663043479 start: 261 end: 348 0.000010 0.000010 0.000010 0.000030 0.000030 0.000020 0.000090 0.000090 0.000120 0.000220 0.000320 0.000390 0.000600 0.000870 0.001190 0.001660 0.002140 0.002740 0.003710 0.004380 0.005570 0.006980 0.008980 0.011090 0.012630 0.015580 0.018130 0.020320 0.024020 0.027040 0.029940 0.032660 0.035820 0.037510 0.041230 0.042610 0.043310 0.045420 0.044380 0.044890 0.044170 0.043190 0.041050 0.038580 0.036390 0.033190 0.030260 0.027120 0.022820 0.020550 0.017610 0.015100 0.012620 0.010860 0.008770 0.007020 0.005760 0.004510 0.003580 0.003030 0.002040 0.001440 0.000950 0.000680 0.000480 0.000540 0.000340 0.000180 0.000180 0.000090 0.000040 0.000070 0.000010 0.000010 0.000010 0.000000 0.000010 0.000000 0.000000 0.000010 0.000000 0.000000 0.000000 0.000000 0.000000 0.000000 0.000000 0.000000 
t: 0.002538860104 start: 268 end: 352 0.000030 0.000010 0.000030 0.000020 0.000050 0.000090 0.000100 0.000140 0.000290 0.000320 0.000480 0.000680 0.000970 0.001490 0.001770 0.002490 0.002770 0.003660 0.004930 0.006060 0.008130 0.009870 0.011020 0.013480 0.016290 0.018830 0.022180 0.024920 0.028600 0.029780 0.034550 0.037270 0.039330 0.041490 0.042610 0.044340 0.045360 0.044520 0.044630 0.043980 0.041960 0.039990 0.037930 0.035150 0.031670 0.028710 0.025550 0.022260 0.019110 0.017550 0.013980 0.011640 0.009940 0.008580 0.006730 0.005300 0.004400 0.003110 0.002440 0.001940 0.001240 0.000910 0.000790 0.000480 0.000340 0.000190 0.000190 0.000120 0.000090 0.000070 0.000020 0.000040 0.000000 0.000010 0.000000 0.000010 0.000000 0.000000 0.000000 0.000000 0.000000 0.000000 0.000000 0.000000 0.000000 
t: 0.002425742574 start: 272 end: 357 0.000020 0.000020 0.000010 0.000050 0.000000 0.000030 0.000040 0.000070 0.000140 0.000180 0.000300 0.000450 0.000690 0.000860 0.001220 0.001590 0.002300 0.003110 0.003310 0.004560 0.006030 0.007150 0.009040 0.011000 0.012760 0.015180 0.017620 0.021220 0.023710 0.027140 0.030840 0.032630 0.035490 0.038460 0.040070 0.042980 0.044200 0.045610 0.044670 0.044660 0.044370 0.042300 0.040120 0.038750 0.035770 0.032790 0.029890 0.026980 0.022360 0.021090 0.018320 0.014840 0.012230 0.010620 0.009060 0.007240 0.005890 0.004680 0.003340 0.002590 0.002210 0.001450 0.001010 0.000830 0.000560 0.000430 0.000330 0.000170 0.000170 0.000070 0.000040 0.000030 0.000030 0.000010 0.000000 0.000010 0.000000 0.000010 0.000000 0.000000 0.000000 0.000000 0.000000 0.000000 0.000000 0.000000 
t: 0.002322274882 start: 275 end: 359 0.000010 0.000000 0.000000 0.000020 0.000010 0.000000 0.000040 0.000020 0.000050 0.000100 0.000140 0.000250 0.000260 0.000530 0.000610 0.000800 0.001110 0.001620 0.002140 0.002710 0.003950 0.004450 0.005800 0.007500 0.008500 0.010810 0.013230 0.015250 0.018260 0.021260 0.022710 0.026130 0.030340 0.032950 0.035310 0.037870 0.040820 0.042630 0.043690 0.046120 0.044350 0.045720 0.044110 0.042380 0.040920 0.037720 0.036950 0.032330 0.030290 0.026850 0.023080 0.019810 0.017370 0.015180 0.013340 0.011140 0.009320 0.007650 0.005940 0.004130 0.003330 0.002590 0.002220 0.001570 0.001200 0.000740 0.000500 0.000390 0.000310 0.000230 0.000100 0.000060 0.000070 0.000040 0.000030 0.000020 0.000020 0.000000 0.000000 0.000000 0.000000 0.000000 0.000000 0.000000 0.000000 
t: 0.002227272727 start: 280 end: 363 0.000010 0.000000 0.000010 0.000010 0.000000 0.000010 0.000040 0.000060 0.000050 0.000090 0.000160 0.000230 0.000350 0.000460 0.000700 0.001100 0.001230 0.001590 0.002060 0.003270 0.003890 0.004730 0.005950 0.007780 0.009780 0.011290 0.013370 0.015740 0.018280 0.020970 0.025000 0.027400 0.030050 0.032960 0.035650 0.038380 0.041850 0.044040 0.044600 0.045460 0.045890 0.044000 0.043680 0.042230 0.039740 0.037720 0.035660 0.031900 0.030330 0.024990 0.022670 0.019670 0.017470 0.014630 0.012460 0.010430 0.008420 0.006930 0.005530 0.004450 0.003520 0.002620 0.001720 0.001410 0.001020 0.000560 0.000460 0.000460 0.000300 0.000170 0.000140 0.000110 0.000050 0.000000 0.000050 0.000010 0.000000 0.000000 0.000000 0.000000 0.000000 0.000000 0.000000 0.000000 
t: 0.002139737991 start: 283 end: 367 0.000010 0.000000 0.000010 0.000000 0.000010 0.000020 0.000000 0.000010 0.000010 0.000090 0.000060 0.000170 0.000210 0.000200 0.000420 0.000610 0.000880 0.001100 0.001450 0.001910 0.002560 0.003460 0.004200 0.005210 0.006390 0.008960 0.010490 0.012140 0.015030 0.016790 0.019530 0.022500 0.025850 0.028050 0.032340 0.034590 0.037870 0.039630 0.042540 0.043610 0.045590 0.045010 0.046230 0.043490 0.043150 0.041100 0.040020 0.036370 0.033530 0.031290 0.028300 0.024230 0.021550 0.018610 0.015360 0.013560 0.011460 0.009200 0.007740 0.005980 0.004770 0.003890 0.002970 0.002250 0.001470 0.001140 0.000780 0.000590 0.000420 0.000380 0.000250 0.000200 0.000090 0.000070 0.000010 0.000030 0.000000 0.000010 0.000000 0.000000 0.000000 0.000000 0.000000 0.000000 0.000000 
t: 0.002058823530 start: 290 end: 374 0.000020 0.000010 0.000000 0.000010 0.000000 0.000050 0.000030 0.000050 0.000190 0.000170 0.000150 0.000400 0.000580 0.000710 0.001130 0.001250 0.001730 0.002310 0.003170 0.003720 0.004990 0.005840 0.007980 0.009920 0.011740 0.014040 0.016690 0.018880 0.021320 0.024790 0.027350 0.031160 0.033540 0.037240 0.039890 0.040870 0.042660 0.044970 0.045010 0.045970 0.045020 0.043790 0.043090 0.041070 0.036170 0.034910 0.031810 0.029200 0.025380 0.022330 0.019410 0.015920 0.013670 0.012210 0.009840 0.007530 0.006690 0.005390 0.004220 0.003220 0.002230 0.001890 0.001300 0.000910 0.000690 0.000520 0.000340 0.000240 0.000170 0.000120 0.000090 0.000060 0.000010 0.000010 0.000010 0.000000 0.000000 0.000000 0.000010 0.000000 0.000000 0.000000 0.000000 0.000000 0.000000 
t: 0.001983805668 start: 294 end: 379 0.000010 0.000000 0.000010 0.000000 0.000030 0.000030 0.000030 0.000100 0.000120 0.000120 0.000290 0.000280 0.000480 0.000650 0.001010 0.001340 0.001720 0.002310 0.003080 0.003490 0.004380 0.006480 0.008170 0.009880 0.011130 0.013560 0.016120 0.018540 0.021270 0.024380 0.026600 0.030940 0.033680 0.035890 0.039780 0.040950 0.043040 0.044970 0.045530 0.045410 0.045600 0.043810 0.042560 0.042030 0.037220 0.035560 0.031920 0.029180 0.025000 0.022770 0.019220 0.016650 0.014630 0.012200 0.009460 0.007810 0.007070 0.005540 0.003850 0.003080 0.002400 0.001870 0.001350 0.001130 0.000680 0.000530 0.000340 0.000230 0.000230 0.000140 0.000070 0.000010 0.000020 0.000010 0.000010 0.000010 0.000000 0.000010 0.000000 0.000000 0.000000 0.000000 0.000000 0.000000 0.000000 0.000000 
t: 0.001914062500 start: 300 end: 383 0.000010 0.000020 0.000010 0.000050 0.000040 0.000100 0.000110 0.000140 0.000270 0.000320 0.000600 0.000700 0.000990 0.001390 0.002030 0.002110 0.002680 0.003910 0.005010 0.006440 0.007810 0.009110 0.011860 0.013680 0.015760 0.019010 0.022040 0.024940 0.027050 0.030610 0.034690 0.037320 0.039310 0.041170 0.043500 0.045420 0.045340 0.045340 0.045050 0.044470 0.042890 0.039470 0.037520 0.035190 0.032390 0.029040 0.024580 0.022380 0.019750 0.016120 0.013770 0.011690 0.009540 0.007870 0.006670 0.005400 0.003740 0.003000 0.002490 0.001670 0.001340 0.000800 0.000790 0.000410 0.000420 0.000190 0.000200 0.000090 0.000080 0.000060 0.000010 0.000000 0.000010 0.000020 0.000000 0.000000 0.000000 0.000000 0.000000 0.000000 0.000000 0.000000 0.000000 0.000000 
t: 0.001849056604 start: 305 end: 388 0.000010 0.000020 0.000060 0.000080 0.000100 0.000120 0.000140 0.000190 0.000430 0.000520 0.000870 0.001080 0.001480 0.001740 0.002470 0.003250 0.004070 0.005630 0.006570 0.008280 0.009710 0.012070 0.014420 0.016720 0.020110 0.021760 0.025080 0.028720 0.032740 0.035010 0.037980 0.040190 0.042490 0.043330 0.045700 0.045920 0.045340 0.045540 0.043170 0.041800 0.039740 0.037430 0.033170 0.031170 0.027640 0.025390 0.021180 0.018270 0.015440 0.013660 0.010730 0.009260 0.007190 0.006100 0.004700 0.003750 0.002550 0.002360 0.001490 0.001180 0.000830 0.000600 0.000410 0.000240 0.000190 0.000120 0.000120 0.000060 0.000050 0.000020 0.000030 0.000010 0.000010 0.000000 0.000000 0.000000 0.000000 0.000000 0.000000 0.000000 0.000000 0.000000 0.000000 0.000000 
t: 0.001788321168 start: 309 end: 390 0.000030 0.000000 0.000080 0.000080 0.000130 0.000160 0.000170 0.000380 0.000410 0.000590 0.000790 0.001110 0.001550 0.002330 0.002880 0.003600 0.004660 0.005450 0.007470 0.009110 0.010700 0.013350 0.015160 0.018130 0.020920 0.023040 0.026650 0.030530 0.033640 0.037260 0.038860 0.040790 0.042590 0.045160 0.045170 0.047430 0.044370 0.044230 0.044450 0.040710 0.039200 0.035310 0.032730 0.029390 0.025570 0.022840 0.020030 0.017420 0.014960 0.012380 0.009810 0.008240 0.006480 0.005640 0.004080 0.003180 0.002370 0.001870 0.001310 0.000930 0.000650 0.000470 0.000340 0.000200 0.000150 0.000110 0.000090 0.000050 0.000030 0.000020 0.000020 0.000010 0.000000 0.000000 0.000000 0.000000 0.000000 0.000000 0.000000 0.000000 0.000000 0.000000 
t: 0.001731448763 start: 311 end: 392 0.000010 0.000010 0.000050 0.000040 0.000030 0.000100 0.000080 0.000180 0.000260 0.000320 0.000480 0.000830 0.001100 0.001350 0.002030 0.002760 0.003080 0.004100 0.005280 0.006600 0.008200 0.010430 0.012130 0.014090 0.016390 0.019440 0.022380 0.025500 0.029380 0.032640 0.035980 0.037340 0.040310 0.042070 0.044630 0.045710 0.046230 0.045550 0.045170 0.043880 0.042220 0.040320 0.037870 0.034300 0.029840 0.026830 0.023890 0.021340 0.018180 0.015850 0.013290 0.010700 0.009330 0.006830 0.005310 0.004810 0.003450 0.002840 0.001910 0.001450 0.001050 0.000680 0.000460 0.000360 0.000260 0.000150 0.000110 0.000090 0.000080 0.000030 0.000000 0.000030 0.000000 0.000000 0.000000 0.000000 0.000000 0.000000 0.000000 0.000000 0.000000 0.000000 
t: 0.001678082192 start: 312 end: 393 0.000010 0.000000 0.000000 0.000000 0.000020 0.000030 0.000090 0.000060 0.000100 0.000130 0.000300 0.000440 0.000360 0.000700 0.000900 0.001280 0.001760 0.002310 0.003140 0.003660 0.005000 0.006070 0.007550 0.009300 0.011790 0.013610 0.015850 0.019200 0.022130 0.024610 0.028920 0.030770 0.034420 0.037300 0.040200 0.041960 0.045340 0.044100 0.046560 0.046110 0.046350 0.045230 0.042210 0.039700 0.038140 0.034990 0.031640 0.028240 0.024820 0.021830 0.018950 0.015940 0.012930 0.012350 0.009060 0.007560 0.005700 0.004530 0.003690 0.002980 0.002230 0.001500 0.000890 0.000700 0.000520 0.000330 0.000300 0.000200 0.000100 0.000170 0.000080 0.000040 0.000010 0.000000 0.000010 0.000000 0.000000 0.000000 0.000000 0.000000 0.000000 0.000000 
t: 0.001627906977 start: 315 end: 397 0.000010 0.000000 0.000000 0.000010 0.000020 0.000020 0.000050 0.000040 0.000090 0.000210 0.000240 0.000310 0.000440 0.000720 0.001010 0.001070 0.001670 0.001920 0.002860 0.003810 0.004690 0.005970 0.007600 0.008850 0.011370 0.013390 0.015700 0.019150 0.021970 0.024010 0.027540 0.031230 0.033800 0.036860 0.040100 0.042640 0.044310 0.045930 0.046300 0.045770 0.046280 0.044800 0.043330 0.040500 0.037460 0.035720 0.031070 0.029300 0.025390 0.022210 0.019370 0.016500 0.013410 0.011500 0.009540 0.007700 0.005770 0.004440 0.003800 0.002670 0.002380 0.001540 0.001040 0.000790 0.000530 0.000370 0.000300 0.000190 0.000170 0.000080 0.000100 0.000050 0.000010 0.000000 0.000000 0.000010 0.000000 0.000000 0.000000 0.000000 0.000000 0.000000 0.000000 
t: 0.001580645161 start: 319 end: 400 0.000010 0.000000 0.000000 0.000020 0.000040 0.000060 0.000020 0.000090 0.000220 0.000200 0.000360 0.000450 0.000680 0.000840 0.001250 0.001500 0.002330 0.002840 0.003360 0.004800 0.005540 0.007490 0.009140 0.011370 0.012790 0.016360 0.019250 0.021500 0.024960 0.027820 0.030980 0.035170 0.036210 0.040650 0.041760 0.044220 0.046040 0.046270 0.046520 0.045430 0.045210 0.043570 0.041440 0.037420 0.034780 0.032610 0.028970 0.025250 0.021850 0.018530 0.016650 0.013800 0.011310 0.008780 0.007470 0.005900 0.004390 0.003530 0.002800 0.002110 0.001480 0.001060 0.000760 0.000540 0.000460 0.000170 0.000240 0.000130 0.000150 0.000040 0.000040 0.000010 0.000010 0.000000 0.000000 0.000000 0.000000 0.000000 0.000000 0.000000 0.000000 0.000000 
t: 0.001536050157 start: 324 end: 404 0.000020 0.000010 0.000020 0.000060 0.000070 0.000150 0.000160 0.000250 0.000340 0.000430 0.000720 0.000870 0.001340 0.001770 0.002020 0.002710 0.003930 0.004670 0.006170 0.007310 0.009750 0.011270 0.013690 0.015930 0.018820 0.021970 0.025240 0.028630 0.031900 0.034870 0.038640 0.039720 0.042750 0.044750 0.046140 0.046710 0.046070 0.046430 0.045130 0.042990 0.039830 0.037980 0.035340 0.031230 0.028320 0.024770 0.021460 0.018560 0.016250 0.012450 0.010650 0.009000 0.007100 0.005890 0.004000 0.003330 0.002560 0.002210 0.001380 0.001030 0.000680 0.000500 0.000310 0.000280 0.000150 0.000140 0.000120 0.000020 0.000030 0.000010 0.000000 0.000000 0.000000 0.000000 0.000000 0.000000 0.000000 0.000000 0.000000 0.000000 0.000000 
t: 0.001493902439 start: 325 end: 407 0.000010 0.000010 0.000010 0.000040 0.000010 0.000070 0.000070 0.000070 0.000220 0.000250 0.000280 0.000580 0.000570 0.001130 0.001370 0.001830 0.002240 0.003120 0.004090 0.004870 0.006420 0.007870 0.009900 0.011600 0.014110 0.017160 0.019430 0.023340 0.026370 0.029580 0.031810 0.035320 0.038720 0.041830 0.043290 0.044760 0.046170 0.046800 0.047570 0.046460 0.043720 0.042430 0.039500 0.036950 0.033760 0.031520 0.028100 0.023290 0.020970 0.017450 0.014610 0.012610 0.009880 0.008620 0.006480 0.005080 0.004270 0.003210 0.002390 0.001620 0.001180 0.000910 0.000720 0.000450 0.000360 0.000200 0.000150 0.000110 0.000050 0.000020 0.000030 0.000010 0.000000 0.000000 0.000000 0.000000 0.000000 0.000000 0.000000 0.000000 0.000000 0.000000 0.000000 
t: 0.001454005935 start: 328 end: 409 0.000020 0.000010 0.000010 0.000050 0.000050 0.000060 0.000070 0.000100 0.000190 0.000310 0.000450 0.000440 0.000810 0.001130 0.001330 0.001940 0.002600 0.003220 0.004590 0.005190 0.007110 0.008670 0.010000 0.012530 0.015660 0.018340 0.021230 0.024210 0.026290 0.030570 0.033340 0.037360 0.040180 0.042710 0.043420 0.044400 0.048370 0.047000 0.046400 0.045620 0.043250 0.042010 0.038550 0.035150 0.033500 0.030680 0.026180 0.022650 0.018940 0.016420 0.013960 0.011760 0.009050 0.007540 0.006020 0.004790 0.003840 0.002770 0.001920 0.001360 0.001030 0.000950 0.000610 0.000370 0.000210 0.000170 0.000200 0.000040 0.000050 0.000030 0.000020 0.000000 0.000000 0.000000 0.000000 0.000000 0.000000 0.000000 0.000000 0.000000 0.000000 0.000000 
t: 0.001416184971 start: 330 end: 412 0.000010 0.000010 0.000030 0.000020 0.000040 0.000030 0.000070 0.000100 0.000160 0.000230 0.000290 0.000440 0.000640 0.000950 0.001160 0.001680 0.001990 0.002680 0.003930 0.004790 0.006430 0.007670 0.009770 0.010770 0.013650 0.016620 0.019720 0.021750 0.025390 0.028620 0.031840 0.035860 0.037870 0.040980 0.043170 0.045340 0.047160 0.045970 0.047200 0.046110 0.045830 0.042270 0.041520 0.036360 0.035270 0.032040 0.028640 0.024220 0.020900 0.018060 0.015070 0.012680 0.010000 0.008430 0.006770 0.005130 0.004720 0.002860 0.002080 0.001640 0.001260 0.001020 0.000750 0.000460 0.000330 0.000200 0.000130 0.000090 0.000070 0.000030 0.000010 0.000020 0.000000 0.000000 0.000000 0.000000 0.000000 0.000000 0.000000 0.000000 0.000000 0.000000 0.000000 
t: 0.001380281690 start: 331 end: 413 0.000010 0.000000 0.000010 0.000020 0.000030 0.000030 0.000030 0.000060 0.000080 0.000170 0.000150 0.000280 0.000270 0.000520 0.000800 0.001060 0.001460 0.001790 0.002500 0.003330 0.004070 0.005780 0.006630 0.008600 0.010790 0.012790 0.014770 0.018090 0.021130 0.024320 0.027320 0.030430 0.033340 0.036920 0.040020 0.042160 0.044400 0.046120 0.047810 0.046650 0.047070 0.046340 0.043250 0.041210 0.039860 0.035630 0.033000 0.030500 0.025760 0.022310 0.019480 0.016250 0.013990 0.010830 0.009400 0.007260 0.005920 0.004540 0.003520 0.002430 0.001740 0.001530 0.001280 0.000620 0.000470 0.000350 0.000240 0.000170 0.000140 0.000090 0.000050 0.000010 0.000020 0.000000 0.000000 0.000000 0.000000 0.000000 0.000000 0.000000 0.000000 0.000000 0.000000 
t: 0.001346153846 start: 335 end: 417 0.000010 0.000020 0.000030 0.000010 0.000040 0.000020 0.000130 0.000100 0.000170 0.000220 0.000260 0.000440 0.000700 0.000810 0.001240 0.001700 0.002280 0.003120 0.003620 0.004850 0.006790 0.007370 0.009730 0.011890 0.014280 0.016990 0.019860 0.022970 0.026420 0.028850 0.033780 0.035650 0.039710 0.040740 0.044780 0.046150 0.046920 0.046370 0.046710 0.045640 0.045260 0.043100 0.039710 0.036900 0.034800 0.030720 0.028120 0.023710 0.021270 0.016830 0.014020 0.011700 0.009530 0.007770 0.006280 0.005030 0.003640 0.003030 0.001900 0.001600 0.001240 0.000760 0.000580 0.000370 0.000280 0.000200 0.000120 0.000070 0.000040 0.000030 0.000010 0.000000 0.000010 0.000000 0.000000 0.000000 0.000000 0.000000 0.000000 0.000000 0.000000 0.000000 0.000000 
t: 0.001313672922 start: 337 end: 419 0.000010 0.000010 0.000020 0.000020 0.000010 0.000020 0.000130 0.000090 0.000220 0.000170 0.000310 0.000280 0.000550 0.000850 0.001100 0.001470 0.002000 0.002550 0.003760 0.004760 0.006020 0.007340 0.009180 0.010950 0.013030 0.016200 0.019040 0.022300 0.025390 0.028970 0.032140 0.035150 0.038380 0.041860 0.043480 0.045250 0.046440 0.047120 0.047090 0.046890 0.045650 0.042130 0.041690 0.038000 0.036200 0.031440 0.028400 0.024880 0.021380 0.017870 0.014820 0.012200 0.010460 0.008010 0.006630 0.005170 0.003560 0.003170 0.002430 0.001520 0.001100 0.000910 0.000660 0.000470 0.000240 0.000140 0.000110 0.000110 0.000050 0.000030 0.000000 0.000010 0.000010 0.000000 0.000000 0.000000 0.000000 0.000000 0.000000 0.000000 0.000000 0.000000 0.000000 
t: 0.001282722513 start: 340 end: 422 0.000020 0.000010 0.000010 0.000030 0.000070 0.000060 0.000140 0.000100 0.000220 0.000310 0.000300 0.000530 0.000800 0.000930 0.001280 0.001690 0.002560 0.003830 0.004240 0.005730 0.006870 0.008500 0.010720 0.013070 0.015220 0.018360 0.021110 0.024850 0.028080 0.032060 0.035190 0.038330 0.040710 0.042630 0.046240 0.046670 0.046960 0.046840 0.047360 0.045430 0.044510 0.041500 0.038380 0.035780 0.033080 0.028810 0.025500 0.021550 0.018270 0.015670 0.012840 0.010820 0.008380 0.006520 0.005260 0.004190 0.003230 0.002050 0.001580 0.001300 0.000850 0.000650 0.000530 0.000200 0.000170 0.000140 0.000070 0.000030 0.000030 0.000030 0.000010 0.000010 0.000000 0.000000 0.000000 0.000000 0.000000 0.000000 0.000000 0.000000 0.000000 0.000000 0.000000 
t: 0.001253196931 start: 341 end: 422 0.000010 0.000000 0.000000 0.000020 0.000050 0.000030 0.000080 0.000080 0.000190 0.000150 0.000190 0.000260 0.000550 0.000790 0.000950 0.001130 0.001800 0.002490 0.003450 0.003910 0.005600 0.006650 0.008640 0.010090 0.012580 0.015000 0.017720 0.021070 0.024550 0.028710 0.031750 0.034310 0.037680 0.039840 0.043300 0.046260 0.046360 0.048560 0.047110 0.046440 0.045120 0.044510 0.042180 0.038400 0.036360 0.033460 0.029800 0.025770 0.021820 0.018670 0.016150 0.013120 0.010800 0.008360 0.006400 0.005290 0.004190 0.003280 0.002210 0.001780 0.001240 0.000860 0.000700 0.000300 0.000330 0.000180 0.000140 0.000090 0.000070 0.000020 0.000020 0.000020 0.000010 0.000000 0.000000 0.000000 0.000000 0.000000 0.000000 0.000000 0.000000 0.000000 
t: 0.001225000000 start: 342 end: 423 0.000010 0.000000 0.000000 0.000020 0.000000 0.000040 0.000010 0.000040 0.000110 0.000190 0.000190 0.000220 0.000240 0.000540 0.000680 0.000860 0.001250 0.001780 0.002460 0.003040 0.003950 0.005270 0.007000 0.008250 0.009950 0.012380 0.015130 0.017820 0.020980 0.024740 0.027640 0.032340 0.034350 0.036730 0.041200 0.043450 0.045560 0.046730 0.047690 0.046900 0.047170 0.046050 0.044420 0.041760 0.039820 0.036920 0.032090 0.028550 0.026580 0.022570 0.018710 0.015860 0.013080 0.011230 0.008330 0.006450 0.005340 0.004420 0.003230 0.002070 0.001560 0.001160 0.000980 0.000570 0.000410 0.000340 0.000180 0.000180 0.000100 0.000040 0.000040 0.000020 0.000020 0.000010 0.000000 0.000000 0.000000 0.000000 0.000000 0.000000 0.000000 0.000000 
t: 0.001198044010 start: 346 end: 428 0.000010 0.000010 0.000020 0.000020 0.000030 0.000040 0.000110 0.000150 0.000160 0.000260 0.000320 0.000530 0.000590 0.000850 0.001230 0.001930 0.002300 0.003250 0.003990 0.004970 0.006810 0.008280 0.010140 0.012860 0.015620 0.017910 0.021170 0.024180 0.028050 0.030820 0.034230 0.038320 0.041910 0.042710 0.046010 0.046800 0.047470 0.048000 0.046680 0.046470 0.044530 0.042560 0.039330 0.036060 0.032070 0.029650 0.025860 0.021330 0.019600 0.016200 0.012310 0.010720 0.008310 0.006350 0.005140 0.004140 0.003160 0.002010 0.001830 0.001200 0.000630 0.000620 0.000330 0.000350 0.000140 0.000130 0.000070 0.000060 0.000030 0.000050 0.000010 0.000010 0.000000 0.000000 0.000000 0.000000 0.000000 0.000000 0.000000 0.000000 0.000000 0.000000 0.000000 
t: 0.001172248804 start: 347 end: 429 0.000010 0.000010 0.000000 0.000020 0.000020 0.000020 0.000050 0.000080 0.000240 0.000150 0.000250 0.000290 0.000470 0.000670 0.000860 0.001260 0.001900 0.002340 0.003440 0.003860 0.005470 0.006880 0.008500 0.010550 0.012610 0.015450 0.018150 0.021640 0.024800 0.027770 0.030410 0.035190 0.039030 0.041970 0.043840 0.045820 0.047660 0.047810 0.047880 0.046540 0.045590 0.045340 0.042080 0.038680 0.036910 0.032460 0.028610 0.024980 0.022510 0.017590 0.015370 0.012840 0.009990 0.008200 0.006420 0.004930 0.003630 0.002720 0.002160 0.001690 0.001130 0.000690 0.000430 0.000320 0.000320 0.000180 0.000130 0.000060 0.000030 0.000050 0.000030 0.000000 0.000010 0.000010 0.000000 0.000000 0.000000 0.000000 0.000000 0.000000 0.000000 0.000000 0.000000 
t: 0.001147540984 start: 350 end: 431 0.000010 0.000000 0.000010 0.000050 0.000010 0.000060 0.000090 0.000170 0.000220 0.000220 0.000330 0.000580 0.000690 0.000890 0.001290 0.002090 0.002160 0.003080 0.004400 0.005450 0.007260 0.009010 0.010350 0.012660 0.015970 0.019160 0.021570 0.025740 0.026780 0.032800 0.036100 0.040040 0.042290 0.044530 0.045190 0.047790 0.048130 0.047320 0.047660 0.045810 0.044230 0.042040 0.038820 0.035230 0.032740 0.028380 0.024180 0.021130 0.017760 0.014640 0.011800 0.009880 0.007900 0.006000 0.004710 0.003340 0.002650 0.002070 0.001590 0.000990 0.000590 0.000320 0.000350 0.000270 0.000160 0.000120 0.000040 0.000050 0.000010 0.000030 0.000010 0.000000 0.000010 0.000000 0.000000 0.000000 0.000000 0.000000 0.000000 0.000000 0.000000 0.000000 
t: 0.001123853211 start: 353 end: 433 0.000020 0.000020 0.000010 0.000050 0.000080 0.000080 0.000120 0.000170 0.000360 0.000460 0.000570 0.000660 0.001010 0.001460 0.001920 0.002410 0.003590 0.004340 0.005890 0.007150 0.008990 0.010760 0.013640 0.016750 0.019240 0.022750 0.025490 0.029660 0.033310 0.036570 0.039110 0.043080 0.044960 0.047570 0.047740 0.047990 0.049100 0.047120 0.045560 0.043790 0.041210 0.037460 0.034070 0.031880 0.027350 0.024080 0.019740 0.016910 0.013890 0.011760 0.009430 0.007160 0.005930 0.004180 0.003220 0.002350 0.001800 0.001430 0.000810 0.000490 0.000340 0.000430 0.000200 0.000140 0.000080 0.000020 0.000040 0.000020 0.000010 0.000020 0.000000 0.000000 0.000000 0.000000 0.000000 0.000000 0.000000 0.000000 0.000000 0.000000 0.000000 
t: 0.001101123596 start: 356 end: 434 0.000020 0.000050 0.000050 0.000090 0.000100 0.000090 0.000280 0.000340 0.000410 0.000480 0.000760 0.001120 0.001710 0.001980 0.002590 0.003720 0.004770 0.005990 0.007820 0.009290 0.011960 0.014130 0.016670 0.020640 0.023170 0.026270 0.031010 0.033230 0.038310 0.040430 0.044180 0.046420 0.047310 0.048360 0.048410 0.048370 0.047340 0.046410 0.043670 0.039030 0.037340 0.032780 0.030110 0.026450 0.022660 0.018930 0.016150 0.013260 0.010660 0.008440 0.007010 0.005240 0.003800 0.002910 0.002220 0.001560 0.001120 0.000730 0.000480 0.000430 0.000240 0.000210 0.000090 0.000060 0.000070 0.000040 0.000020 0.000010 0.000000 0.000000 0.000000 0.000000 0.000000 0.000000 0.000000 0.000000 0.000000 0.000000 0.000000 
t: 0.001079295154 start: 357 end: 435 0.000010 0.000020 0.000030 0.000040 0.000100 0.000160 0.000170 0.000250 0.000340 0.000430 0.000520 0.000850 0.001160 0.001660 0.002350 0.002830 0.003860 0.005080 0.006880 0.008260 0.010200 0.012060 0.015140 0.017860 0.021330 0.023830 0.027890 0.031030 0.035360 0.040160 0.041710 0.044550 0.046980 0.047470 0.049310 0.049310 0.049220 0.046160 0.044640 0.041410 0.039890 0.035480 0.032490 0.028910 0.024720 0.021650 0.017850 0.015050 0.011850 0.010470 0.008080 0.006060 0.004470 0.003780 0.002480 0.001790 0.001380 0.000930 0.000590 0.000580 0.000290 0.000100 0.000180 0.000140 0.000070 0.000030 0.000040 0.000030 0.000000 0.000000 0.000000 0.000000 0.000000 0.000000 0.000000 0.000000 0.000000 0.000000 0.000000 
t: 0.001058315335 start: 357 end: 435 0.000010 0.000000 0.000000 0.000020 0.000020 0.000030 0.000090 0.000140 0.000200 0.000270 0.000360 0.000520 0.000650 0.000950 0.001360 0.001780 0.002360 0.003150 0.004270 0.005830 0.007150 0.008780 0.010850 0.013410 0.016050 0.018540 0.022360 0.025200 0.029430 0.033760 0.036250 0.039880 0.044490 0.044940 0.047180 0.049940 0.050410 0.047440 0.048910 0.046470 0.043470 0.041420 0.037780 0.034100 0.030900 0.027190 0.023400 0.020610 0.016180 0.013900 0.011380 0.009180 0.006870 0.005710 0.003920 0.003170 0.002240 0.001600 0.000990 0.000900 0.000480 0.000370 0.000220 0.000270 0.000090 0.000090 0.000060 0.000010 0.000040 0.000000 0.000010 0.000000 0.000000 0.000000 0.000000 0.000000 0.000000 0.000000 0.000000 
t: 0.001038135593 start: 360 end: 438 0.000010 0.000020 0.000000 0.000020 0.000070 0.000080 0.000170 0.000200 0.000260 0.000460 0.000550 0.000700 0.001050 0.001440 0.001970 0.002800 0.003500 0.005070 0.006200 0.007720 0.009260 0.012240 0.014150 0.017570 0.019810 0.023710 0.027570 0.030930 0.034140 0.038600 0.041850 0.044030 0.048220 0.047940 0.049940 0.047820 0.049640 0.047940 0.045610 0.042620 0.040350 0.035990 0.032780 0.029360 0.026050 0.021850 0.018400 0.015720 0.012620 0.009750 0.008030 0.006310 0.004580 0.003730 0.002490 0.001720 0.001450 0.000930 0.000710 0.000340 0.000300 0.000230 0.000140 0.000150 0.000080 0.000020 0.000020 0.000010 0.000010 0.000000 0.000000 0.000000 0.000000 0.000000 0.000000 0.000000 0.000000 0.000000 0.000000 
t: 0.001018711019 start: 361 end: 439 0.000010 0.000000 0.000020 0.000020 0.000040 0.000080 0.000100 0.000140 0.000250 0.000290 0.000500 0.000590 0.000960 0.001240 0.001500 0.002210 0.003030 0.004470 0.005410 0.006620 0.008740 0.010540 0.012760 0.015830 0.018260 0.021610 0.025600 0.029500 0.033720 0.035070 0.040710 0.042870 0.045780 0.048040 0.048790 0.050130 0.049490 0.048920 0.046320 0.044470 0.041980 0.037760 0.034960 0.031170 0.027790 0.024120 0.019730 0.017010 0.013930 0.011180 0.009010 0.007240 0.005460 0.004180 0.002740 0.002040 0.001680 0.001050 0.000790 0.000560 0.000360 0.000150 0.000220 0.000100 0.000050 0.000040 0.000020 0.000040 0.000010 0.000000 0.000000 0.000000 0.000000 0.000000 0.000000 0.000000 0.000000 0.000000 0.000000 
t: 0.001000000000 start: 364 end: 442 0.000030 0.000020 0.000030 0.000050 0.000080 0.000190 0.000100 0.000260 0.000370 0.000590 0.000670 0.000970 0.001400 0.002050 0.002500 0.003640 0.004730 0.006180 0.007740 0.009470 0.011970 0.013680 0.017160 0.019760 0.024170 0.027300 0.031220 0.035050 0.038580 0.042360 0.044570 0.047030 0.048150 0.048940 0.048930 0.051460 0.048480 0.045780 0.043230 0.039180 0.036590 0.032180 0.029540 0.026170 0.021440 0.018430 0.015890 0.011890 0.010090 0.007780 0.005910 0.004370 0.003680 0.002190 0.001900 0.001110 0.001010 0.000570 0.000410 0.000330 0.000160 0.000070 0.000080 0.000050 0.000030 0.000040 0.000010 0.000010 0.000000 0.000000 0.000000 0.000000 0.000000 0.000000 0.000000 0.000000 0.000000 0.000000 0.000000 
