t: 0.059999999999 start: 9 end: 37 0.000100 0.000100 0.000000 0.000400 0.001900 0.005700 0.020000 0.043900 0.077400 0.116300 0.145100 0.156700 0.147700 0.119300 0.077500 0.044600 0.024800 0.012000 0.003900 0.001800 0.000600 0.000200 0.000000 0.000000 0.000000 0.000000 0.000000 0.000000 0.000000 
t: 0.054545454544 start: 12 end: 39 0.000200 0.000600 0.001300 0.006900 0.019200 0.043700 0.072300 0.108500 0.141800 0.151300 0.145400 0.123600 0.084700 0.051400 0.028100 0.011700 0.005900 0.001900 0.001200 0.000300 0.000000 0.000000 0.000000 0.000000 0.000000 0.000000 0.000000 0.000000 
t: 0.049999999999 start: 13 end: 40 0.000200 0.000600 0.001900 0.006700 0.019100 0.041300 0.073100 0.106000 0.136700 0.150100 0.146800 0.119300 0.086600 0.058100 0.029900 0.014700 0.004900 0.003000 0.000800 0.000200 0.000000 0.000000 0.000000 0.000000 0.000000 0.000000 0.000000 0.000000 
t: 0.046153846153 start: 13 end: 42 0.000100 0.000100 0.001200 0.003000 0.008800 0.019900 0.040600 0.075100 0.107700 0.131900 0.152300 0.143000 0.121500 0.084200 0.054900 0.031600 0.013900 0.006200 0.003100 0.000700 0.000100 0.000100 0.000000 0.000000 0.000000 0.000000 0.000000 0.000000 0.000000 0.000000 
t: 0.042857142857 start: 15 end: 42 0.000200 0.001100 0.004700 0.009800 0.023200 0.042600 0.074700 0.111500 0.135200 0.150300 0.139600 0.117800 0.083200 0.055400 0.027100 0.014200 0.006600 0.002100 0.000400 0.000300 0.000000 0.000000 0.000000 0.000000 0.000000 0.000000 0.000000 0.000000 
t: 0.040000000000 start: 15 end: 43 0.000100 0.000400 0.002100 0.003800 0.012400 0.028600 0.047500 0.082600 0.110400 0.138800 0.151600 0.131800 0.115300 0.078300 0.048800 0.025400 0.014500 0.004800 0.002000 0.000500 0.000300 0.000000 0.000000 0.000000 0.000000 0.000000 0.000000 0.000000 0.000000 
t: 0.037500000000 start: 15 end: 44 0.000100 0.000100 0.000800 0.002100 0.006400 0.015800 0.029900 0.056600 0.086700 0.119800 0.136900 0.146100 0.137800 0.106000 0.071800 0.041900 0.023400 0.011200 0.004500 0.001800 0.000200 0.000100 0.000000 0.000000 0.000000 0.000000 0.000000 0.000000 0.000000 0.000000 
t: 0.035294117647 start: 16 end: 45 0.000200 0.000400 0.000700 0.002800 0.009100 0.017800 0.038300 0.066900 0.094700 0.119300 0.141700 0.143500 0.130500 0.094400 0.064900 0.040400 0.019300 0.009700 0.003900 0.000900 0.000500 0.000100 0.000000 0.000000 0.000000 0.000000 0.000000 0.000000 0.000000 0.000000 
t: 0.033333333333 start: 17 end: 45 0.000200 0.000200 0.001400 0.004800 0.010900 0.022800 0.048600 0.073600 0.101100 0.129800 0.144100 0.141400 0.115000 0.086600 0.058300 0.033700 0.016600 0.006800 0.002300 0.001400 0.000400 0.000000 0.000000 0.000000 0.000000 0.000000 0.000000 0.000000 0.000000 
t: 0.031578947368 start: 18 end: 47 0.000200 0.000700 0.002400 0.006900 0.015000 0.031500 0.056500 0.079100 0.113000 0.132500 0.146900 0.138000 0.105500 0.076000 0.047200 0.028100 0.013300 0.004200 0.001600 0.001200 0.000100 0.000100 0.000000 0.000000 0.000000 0.000000 0.000000 0.000000 0.000000 0.000000 
t: 0.030000000000 start: 18 end: 47 0.000100 0.000400 0.000900 0.003900 0.009800 0.020300 0.041000 0.063500 0.091300 0.121700 0.138400 0.148400 0.123600 0.098400 0.063400 0.040300 0.019900 0.009300 0.003100 0.001700 0.000500 0.000100 0.000000 0.000000 0.000000 0.000000 0.000000 0.000000 0.000000 0.000000 
t: 0.028571428571 start: 19 end: 48 0.000100 0.000300 0.002100 0.005600 0.012500 0.029100 0.049700 0.074100 0.109800 0.125100 0.146700 0.140800 0.113300 0.083500 0.054700 0.028200 0.015100 0.005400 0.002700 0.000900 0.000200 0.000100 0.000000 0.000000 0.000000 0.000000 0.000000 0.000000 0.000000 0.000000 
t: 0.027272727273 start: 20 end: 48 0.000200 0.001300 0.003600 0.008300 0.017800 0.037400 0.058600 0.090200 0.120700 0.139100 0.144700 0.128100 0.103000 0.068900 0.042000 0.020500 0.009600 0.003400 0.002100 0.000400 0.000000 0.000100 0.000000 0.000000 0.000000 0.000000 0.000000 0.000000 0.000000 
t: 0.026086956522 start: 21 end: 49 0.000900 0.001900 0.005200 0.012000 0.028100 0.046200 0.072900 0.107600 0.128900 0.144000 0.135900 0.124400 0.085700 0.051900 0.029700 0.015200 0.005800 0.002400 0.000900 0.000300 0.000100 0.000000 0.000000 0.000000 0.000000 0.000000 0.000000 0.000000 0.000000 
t: 0.025000000000 start: 21 end: 49 0.000300 0.001700 0.003200 0.008400 0.018700 0.036500 0.062500 0.086400 0.122000 0.139500 0.139400 0.135700 0.101700 0.067400 0.040300 0.020900 0.009800 0.004000 0.000900 0.000500 0.000200 0.000000 0.000000 0.000000 0.000000 0.000000 0.000000 0.000000 0.000000 
t: 0.024000000000 start: 21 end: 49 0.000100 0.001000 0.002200 0.005800 0.013000 0.028800 0.049100 0.073700 0.103500 0.131700 0.140000 0.148700 0.112200 0.085400 0.052400 0.029400 0.014100 0.006100 0.001800 0.000700 0.000300 0.000000 0.000000 0.000000 0.000000 0.000000 0.000000 0.000000 0.000000 
t: 0.023076923077 start: 22 end: 49 0.000300 0.001400 0.004400 0.009400 0.021000 0.037700 0.063000 0.090800 0.116700 0.141500 0.147800 0.130400 0.094900 0.067800 0.040400 0.018700 0.008700 0.003200 0.001500 0.000400 0.000000 0.000000 0.000000 0.000000 0.000000 0.000000 0.000000 0.000000 
t: 0.022222222222 start: 22 end: 49 0.000200 0.000700 0.003300 0.007000 0.015700 0.028700 0.052200 0.079600 0.105000 0.136200 0.146300 0.138200 0.111300 0.076300 0.053500 0.025700 0.012600 0.005000 0.001700 0.000700 0.000100 0.000000 0.000000 0.000000 0.000000 0.000000 0.000000 0.000000 
t: 0.021428571428 start: 23 end: 49 0.000700 0.002000 0.005000 0.010500 0.023300 0.043300 0.065900 0.095200 0.125200 0.149500 0.139900 0.124400 0.088800 0.064300 0.033200 0.018200 0.006600 0.002600 0.000900 0.000500 0.000000 0.000000 0.000000 0.000000 0.000000 0.000000 0.000000 
t: 0.020689655172 start: 23 end: 49 0.000200 0.001500 0.003500 0.006600 0.018700 0.034600 0.056300 0.087700 0.114400 0.138500 0.147000 0.130800 0.104000 0.075500 0.042000 0.023000 0.009600 0.003800 0.001600 0.000700 0.000000 0.000000 0.000000 0.000000 0.000000 0.000000 0.000000 
t: 0.020000000000 start: 24 end: 49 0.001000 0.002300 0.005300 0.012700 0.028500 0.044900 0.079400 0.104700 0.131900 0.146500 0.137300 0.114900 0.087200 0.050400 0.029500 0.014000 0.006300 0.002100 0.000900 0.000200 0.000000 0.000000 0.000000 0.000000 0.000000 0.000000 
t: 0.019354838710 start: 24 end: 49 0.000500 0.001900 0.003800 0.008700 0.023300 0.038100 0.069500 0.093800 0.123200 0.143800 0.141500 0.124100 0.098600 0.061500 0.036500 0.018500 0.008900 0.002700 0.000900 0.000200 0.000000 0.000000 0.000000 0.000000 0.000000 0.000000 
t: 0.018750000000 start: 24 end: 49 0.000100 0.001200 0.002700 0.006100 0.018700 0.033500 0.055900 0.088400 0.114300 0.139500 0.142900 0.128600 0.110800 0.076000 0.041200 0.023800 0.011000 0.003500 0.001500 0.000300 0.000000 0.000000 0.000000 0.000000 0.000000 0.000000 
t: 0.018181818182 start: 24 end: 49 0.000100 0.000300 0.002000 0.004400 0.014200 0.027500 0.047200 0.077900 0.106000 0.133100 0.144600 0.136400 0.119200 0.085000 0.050100 0.030500 0.014400 0.004500 0.001800 0.000700 0.000100 0.000000 0.000000 0.000000 0.000000 0.000000 
t: 0.017647058823 start: 24 end: 49 0.000100 0.000200 0.001200 0.003300 0.011600 0.021400 0.040700 0.068800 0.095900 0.123400 0.147000 0.140600 0.126800 0.094700 0.060800 0.035200 0.018100 0.006700 0.002600 0.000800 0.000000 0.000100 0.000000 0.000000 0.000000 0.000000 
t: 0.017142857143 start: 24 end: 49 0.000100 0.000200 0.001000 0.002500 0.008300 0.017400 0.034800 0.059200 0.088600 0.113900 0.140400 0.146400 0.136000 0.104300 0.069400 0.041800 0.021600 0.009600 0.003500 0.000800 0.000100 0.000100 0.000000 0.000000 0.000000 0.000000 
t: 0.016666666667 start: 24 end: 49 0.000100 0.000000 0.000700 0.002000 0.005900 0.014200 0.030100 0.052100 0.077900 0.108900 0.133500 0.147400 0.137000 0.115900 0.081300 0.048300 0.026100 0.011600 0.005400 0.001300 0.000200 0.000100 0.000000 0.000000 0.000000 0.000000 
t: 0.016216216216 start: 24 end: 49 0.000100 0.000000 0.000200 0.001800 0.003800 0.012400 0.024800 0.044500 0.072500 0.098400 0.127100 0.150100 0.137400 0.123100 0.092600 0.057000 0.031500 0.013200 0.007100 0.001800 0.000400 0.000200 0.000000 0.000000 0.000000 0.000000 
t: 0.015789473684 start: 25 end: 49 0.000100 0.000200 0.001400 0.002900 0.009600 0.019300 0.038200 0.064400 0.090400 0.119900 0.147700 0.142900 0.129200 0.103400 0.065500 0.037000 0.015800 0.008100 0.003000 0.000700 0.000300 0.000000 0.000000 0.000000 0.000000 
t: 0.015384615385 start: 25 end: 49 0.000100 0.000000 0.001200 0.002300 0.007400 0.015900 0.033600 0.055400 0.083200 0.115000 0.146000 0.141700 0.136900 0.110400 0.074300 0.042000 0.019600 0.010000 0.003100 0.001600 0.000300 0.000000 0.000000 0.000000 0.000000 
t: 0.015000000000 start: 25 end: 49 0.000100 0.000000 0.000700 0.002300 0.005300 0.012200 0.030200 0.048000 0.078100 0.104400 0.144200 0.142700 0.139800 0.116600 0.084000 0.048300 0.025100 0.011700 0.003900 0.001900 0.000500 0.000000 0.000000 0.000000 0.000000 
t: 0.014634146341 start: 25 end: 49 0.000100 0.000000 0.000600 0.002000 0.004600 0.009300 0.023800 0.043500 0.069600 0.098600 0.138900 0.141700 0.144400 0.121500 0.095700 0.054200 0.029700 0.013900 0.005000 0.002300 0.000600 0.000000 0.000000 0.000000 0.000000 
t: 0.014285714286 start: 25 end: 49 0.000100 0.000000 0.000500 0.001300 0.004000 0.007500 0.019500 0.038200 0.062000 0.094200 0.128100 0.146600 0.144200 0.128600 0.102500 0.062400 0.032900 0.017300 0.007000 0.002100 0.001000 0.000000 0.000000 0.000000 0.000000 
t: 0.013953488372 start: 25 end: 49 0.000100 0.000000 0.000200 0.000900 0.003700 0.006000 0.017300 0.032600 0.056400 0.088100 0.121000 0.141800 0.151700 0.132500 0.106400 0.070800 0.038600 0.019700 0.008600 0.002200 0.001400 0.000000 0.000000 0.000000 0.000000 
t: 0.013636363636 start: 25 end: 49 0.000100 0.000000 0.000100 0.000600 0.003100 0.004800 0.014300 0.029100 0.049400 0.082100 0.113900 0.138000 0.151500 0.140200 0.113500 0.076800 0.044700 0.023000 0.010300 0.002900 0.001400 0.000200 0.000000 0.000000 0.000000 
t: 0.013333333333 start: 25 end: 49 0.000100 0.000000 0.000100 0.000500 0.002300 0.004900 0.010200 0.025300 0.045400 0.074200 0.105700 0.136900 0.147000 0.144400 0.120900 0.088500 0.051200 0.024800 0.012200 0.003600 0.001600 0.000200 0.000000 0.000000 0.000000 
t: 0.013043478261 start: 25 end: 49 0.000100 0.000000 0.000000 0.000600 0.001700 0.004000 0.009100 0.021000 0.039500 0.066600 0.100000 0.134300 0.146900 0.145700 0.128900 0.093500 0.059300 0.028200 0.013800 0.004600 0.002000 0.000200 0.000000 0.000000 0.000000 
t: 0.012765957447 start: 25 end: 49 0.000100 0.000000 0.000000 0.000500 0.001300 0.003300 0.007500 0.018700 0.035700 0.060400 0.092200 0.129000 0.148800 0.147100 0.133300 0.098400 0.065500 0.034200 0.015800 0.005600 0.002400 0.000200 0.000000 0.000000 0.000000 
t: 0.012500000000 start: 25 end: 49 0.000100 0.000000 0.000000 0.000300 0.001300 0.002300 0.006500 0.015800 0.032200 0.054400 0.085700 0.123700 0.146300 0.148200 0.136300 0.105500 0.075700 0.037000 0.018700 0.006900 0.002500 0.000500 0.000100 0.000000 0.000000 
t: 0.012244897959 start: 26 end: 49 0.000100 0.000000 0.000200 0.000900 0.002200 0.004400 0.014200 0.028300 0.050400 0.080000 0.115700 0.144400 0.149500 0.142100 0.110900 0.080800 0.042000 0.021900 0.007700 0.003700 0.000500 0.000100 0.000000 0.000000 
t: 0.012000000000 start: 26 end: 49 0.000100 0.000000 0.000200 0.000500 0.001700 0.004000 0.012200 0.025600 0.044800 0.074500 0.107600 0.142500 0.151000 0.145700 0.115900 0.087100 0.047400 0.024800 0.010000 0.003500 0.000800 0.000100 0.000000 0.000000 
t: 0.011764705882 start: 26 end: 49 0.000100 0.000000 0.000200 0.000300 0.001300 0.003600 0.010300 0.021100 0.044000 0.066400 0.101400 0.137000 0.155800 0.146800 0.121200 0.092000 0.054200 0.028300 0.011000 0.004100 0.000700 0.000200 0.000000 0.000000 
t: 0.011538461538 start: 26 end: 49 0.000100 0.000000 0.000200 0.000200 0.001100 0.003500 0.007800 0.019700 0.038600 0.062700 0.095400 0.131100 0.154100 0.148800 0.130200 0.097800 0.059800 0.029400 0.013300 0.005100 0.000900 0.000100 0.000100 0.000000 
t: 0.011320754717 start: 26 end: 49 0.000100 0.000000 0.000200 0.000000 0.001000 0.002400 0.007200 0.016800 0.034400 0.058200 0.089800 0.124900 0.153400 0.153200 0.134000 0.104100 0.065800 0.031900 0.016000 0.005400 0.000900 0.000200 0.000100 0.000000 
t: 0.011111111111 start: 26 end: 49 0.000100 0.000000 0.000100 0.000100 0.000900 0.001700 0.006300 0.014700 0.030500 0.053000 0.086000 0.121200 0.150800 0.152700 0.139300 0.110500 0.069400 0.037000 0.018000 0.005700 0.001700 0.000200 0.000100 0.000000 
t: 0.010909090909 start: 28 end: 49 0.000200 0.000100 0.000400 0.002000 0.005800 0.012000 0.027900 0.048600 0.081600 0.115500 0.145400 0.157000 0.143800 0.117200 0.072000 0.041700 0.019600 0.006700 0.002200 0.000200 0.000100 0.000000 
t: 0.010714285714 start: 28 end: 49 0.000100 0.000200 0.000300 0.001600 0.004900 0.011200 0.024200 0.045000 0.075400 0.110100 0.141700 0.160700 0.147100 0.122900 0.075500 0.047000 0.021400 0.007800 0.002400 0.000400 0.000100 0.000000 
t: 0.010526315789 start: 29 end: 49 0.000300 0.000300 0.001300 0.004000 0.010000 0.022700 0.040500 0.070200 0.107700 0.136700 0.160200 0.150200 0.126300 0.082500 0.051000 0.023900 0.008600 0.003100 0.000400 0.000100 0.000000 
t: 0.010344827586 start: 29 end: 49 0.000300 0.000300 0.001000 0.003500 0.009100 0.019500 0.037800 0.064200 0.104500 0.134500 0.158500 0.147800 0.136400 0.088100 0.053600 0.027200 0.009700 0.003300 0.000600 0.000100 0.000000 
t: 0.010169491525 start: 29 end: 49 0.000200 0.000400 0.001000 0.002700 0.008200 0.016900 0.034700 0.060800 0.097700 0.131200 0.158800 0.151700 0.137300 0.095300 0.058800 0.029100 0.010700 0.003400 0.000900 0.000200 0.000000 
t: 0.010000000000 start: 29 end: 49 0.000200 0.000300 0.001000 0.002000 0.007600 0.015500 0.031400 0.054600 0.097700 0.124000 0.159000 0.152300 0.139000 0.103500 0.061900 0.033200 0.012100 0.003100 0.001400 0.000100 0.000100 
t: 0.008448275866 start: 31 end: 49 0.000100 0.000600 0.002100 0.004900 0.010800 0.024200 0.049500 0.081600 0.123300 0.145400 0.173500 0.149600 0.109500 0.073300 0.033800 0.013000 0.004000 0.000700 0.000100 
t: 0.007313432839 start: 32 end: 49 0.000100 0.000800 0.001800 0.004100 0.010200 0.023400 0.047100 0.079400 0.127300 0.155800 0.174800 0.156500 0.111700 0.063400 0.031200 0.010200 0.001900 0.000300 
t: 0.006447368423 start: 33 end: 49 0.000400 0.000500 0.001400 0.004700 0.010700 0.028200 0.049600 0.091600 0.138600 0.166100 0.182200 0.145500 0.101400 0.051300 0.021900 0.005200 0.000700 
t: 0.005764705884 start: 33 end: 49 0.000100 0.000500 0.000400 0.002200 0.005300 0.016000 0.030100 0.067300 0.107000 0.153900 0.184000 0.173600 0.133800 0.079700 0.035300 0.009100 0.001700 
t: 0.005212765959 start: 33 end: 49 0.000100 0.000200 0.000200 0.001200 0.002800 0.008600 0.019600 0.042700 0.081400 0.133100 0.179500 0.187400 0.165300 0.106500 0.052000 0.016800 0.002600 
t: 0.004757281555 start: 34 end: 49 0.000100 0.000000 0.000800 0.002000 0.004800 0.011500 0.030300 0.060200 0.111200 0.166400 0.188700 0.186600 0.136900 0.071900 0.023800 0.004800 
t: 0.004375000001 start: 36 end: 49 0.000200 0.001300 0.003100 0.007700 0.021000 0.041700 0.092400 0.148000 0.189700 0.197100 0.165300 0.093200 0.031900 0.007400 
t: 0.004049586778 start: 36 end: 49 0.000200 0.000600 0.002100 0.004200 0.014400 0.034700 0.069300 0.129600 0.182100 0.211500 0.180600 0.116200 0.045100 0.009400 
t: 0.003769230770 start: 36 end: 49 0.000100 0.000400 0.001000 0.003000 0.010700 0.026300 0.060100 0.106700 0.168200 0.219500 0.196100 0.138100 0.056900 0.012900 
t: 0.003525179857 start: 37 end: 49 0.000400 0.000800 0.001500 0.007600 0.020500 0.046800 0.092500 0.154400 0.218100 0.211100 0.158700 0.071500 0.016100 
t: 0.003310810811 start: 37 end: 49 0.000100 0.000400 0.000600 0.005000 0.015700 0.037600 0.080700 0.142000 0.207300 0.227000 0.176900 0.086100 0.020600 
t: 0.003121019109 start: 37 end: 49 0.000100 0.000300 0.000200 0.003900 0.011200 0.030200 0.067300 0.133800 0.199600 0.232500 0.192700 0.101800 0.026400 
t: 0.002951807229 start: 37 end: 49 0.000100 0.000200 0.000200 0.002400 0.009300 0.023500 0.059000 0.115500 0.197600 0.234400 0.209200 0.116100 0.032500 
t: 0.002800000000 start: 38 end: 49 0.000100 0.000400 0.001500 0.007000 0.020800 0.048300 0.104400 0.189500 0.237500 0.219200 0.132100 0.039200 
t: 0.002663043479 start: 38 end: 49 0.000100 0.000100 0.000900 0.005300 0.016900 0.042700 0.091400 0.180500 0.240000 0.230500 0.146400 0.045200 
t: 0.002538860104 start: 38 end: 49 0.000100 0.000100 0.000800 0.003400 0.014500 0.036400 0.081800 0.169700 0.240500 0.240100 0.161000 0.051600 
t: 0.002425742574 start: 39 end: 49 0.000200 0.000800 0.002600 0.011000 0.030200 0.076800 0.158000 0.238600 0.247200 0.174200 0.060400 
t: 0.002322274882 start: 39 end: 49 0.000100 0.000500 0.002100 0.009400 0.026800 0.068700 0.148000 0.233400 0.254700 0.189100 0.067200 
t: 0.002227272727 start: 39 end: 49 0.000100 0.000400 0.001400 0.007800 0.024200 0.060800 0.136500 0.228800 0.262600 0.203000 0.074400 
t: 0.002139737991 start: 39 end: 49 0.000100 0.000400 0.001400 0.005800 0.021500 0.053900 0.127500 0.223700 0.266800 0.215700 0.083200 
t: 0.002058823530 start: 39 end: 49 0.000100 0.000300 0.001300 0.004900 0.019200 0.047300 0.119700 0.219800 0.268500 0.226600 0.092300 
t: 0.001983805668 start: 39 end: 49 0.000100 0.000200 0.000900 0.004100 0.017000 0.042100 0.109100 0.213900 0.275800 0.237400 0.099400 
t: 0.001914062500 start: 39 end: 49 0.000100 0.000100 0.000800 0.003100 0.015200 0.039100 0.102000 0.205900 0.278300 0.246900 0.108500 
t: 0.001849056604 start: 40 end: 49 0.000100 0.000600 0.002400 0.014100 0.034400 0.095400 0.199400 0.280800 0.256400 0.116400 
t: 0.001788321168 start: 41 end: 49 0.000700 0.001800 0.012500 0.031200 0.089300 0.192300 0.281000 0.267200 0.124000 
t: 0.001731448763 start: 41 end: 49 0.000200 0.002200 0.010400 0.029200 0.082700 0.187800 0.278700 0.277600 0.131200 
t: 0.001678082192 start: 41 end: 49 0.000100 0.001800 0.009300 0.027000 0.077000 0.179700 0.280300 0.285000 0.139800 
t: 0.001627906977 start: 41 end: 49 0.000100 0.001400 0.007500 0.025700 0.072300 0.172500 0.278400 0.293100 0.149000 
t: 0.001580645161 start: 42 end: 49 0.001200 0.006600 0.023400 0.069700 0.163800 0.280600 0.297900 0.156800 
t: 0.001536050157 start: 42 end: 49 0.000900 0.005700 0.021000 0.065900 0.157400 0.277600 0.304600 0.166900 
t: 0.001493902439 start: 42 end: 49 0.000900 0.005200 0.018300 0.061400 0.151000 0.277400 0.309300 0.176500 
t: 0.001454005935 start: 42 end: 49 0.000600 0.004500 0.017700 0.055800 0.148100 0.273200 0.315200 0.184900 
t: 0.001416184971 start: 42 end: 49 0.000400 0.003900 0.016100 0.053400 0.142100 0.268800 0.322200 0.193100 
t: 0.001380281690 start: 42 end: 49 0.000300 0.003800 0.014000 0.051000 0.134900 0.269100 0.325500 0.201400 
t: 0.001346153846 start: 42 end: 49 0.000300 0.003200 0.012500 0.048700 0.128200 0.266600 0.330400 0.210100 
t: 0.001313672922 start: 42 end: 49 0.000200 0.002700 0.011600 0.046200 0.124200 0.264900 0.333500 0.216700 
t: 0.001282722513 start: 42 end: 49 0.000200 0.002300 0.010900 0.042100 0.121500 0.259900 0.340800 0.222300 
t: 0.001253196931 start: 42 end: 49 0.000100 0.001700 0.010900 0.038500 0.118800 0.255400 0.343500 0.231100 
t: 0.001225000000 start: 42 end: 49 0.000100 0.001500 0.009600 0.037500 0.113700 0.252200 0.346300 0.239100 
t: 0.001198044010 start: 42 end: 49 0.000100 0.001500 0.008700 0.035500 0.109500 0.249400 0.351100 0.244200 
t: 0.001172248804 start: 42 end: 49 0.000100 0.001500 0.008200 0.032400 0.106300 0.244400 0.356500 0.250600 
t: 0.001147540984 start: 42 end: 49 0.000100 0.001300 0.007900 0.031000 0.100600 0.241500 0.359700 0.257900 
t: 0.001123853211 start: 42 end: 49 0.000100 0.001200 0.007200 0.028400 0.098100 0.238400 0.361600 0.265000 
t: 0.001101123596 start: 42 end: 49 0.000100 0.001100 0.006400 0.027800 0.094100 0.235600 0.361900 0.273000 
t: 0.001079295154 start: 42 end: 49 0.000100 0.001100 0.006100 0.027000 0.088700 0.234100 0.362900 0.280000 
t: 0.001058315335 start: 42 end: 49 0.000100 0.000900 0.005400 0.026400 0.084800 0.231000 0.365800 0.285600 
t: 0.001038135593 start: 42 end: 49 0.000100 0.000900 0.004600 0.024800 0.082900 0.226200 0.366600 0.293900 
t: 0.001018711019 start: 42 end: 49 0.000100 0.000900 0.003800 0.024000 0.079600 0.221900 0.370300 0.299400 
t: 0.001000000000 start: 42 end: 49 0.000100 0.000700 0.003600 0.023500 0.076300 0.218300 0.371700 0.305800 
