t: 0.059999999999 start: 9 end: 42 0.000001 0.000006 0.000031 0.000273 0.000875 0.003575 0.009776 0.023855 0.048595 0.082640 0.119318 0.147743 0.155627 0.141704 0.110631 0.074580 0.043405 0.022256 0.009630 0.003759 0.001226 0.000368 0.000095 0.000027 0.000003 0.000001 0.000000 0.000000 0.000000 0.000000 0.000000 0.000000 0.000000 0.000000 
t: 0.054545454544 start: 11 end: 43 0.000006 0.000055 0.000196 0.000936 0.003185 0.008908 0.021329 0.044046 0.075215 0.110142 0.140229 0.152524 0.143120 0.117195 0.083392 0.051001 0.027594 0.012875 0.005312 0.001890 0.000634 0.000159 0.000046 0.000010 0.000001 0.000000 0.000000 0.000000 0.000000 0.000000 0.000000 0.000000 0.000000 
t: 0.049999999999 start: 11 end: 45 0.000001 0.000007 0.000050 0.000260 0.000903 0.003113 0.008568 0.020786 0.041541 0.070452 0.105531 0.134419 0.148813 0.143642 0.120667 0.087765 0.056406 0.031440 0.015334 0.006591 0.002565 0.000834 0.000237 0.000057 0.000015 0.000002 0.000001 0.000000 0.000000 0.000000 0.000000 0.000000 0.000000 0.000000 0.000000 
t: 0.046153846153 start: 12 end: 45 0.000003 0.000014 0.000066 0.000316 0.001031 0.003272 0.008971 0.020733 0.040724 0.069533 0.102748 0.131318 0.146363 0.142629 0.121006 0.089668 0.059023 0.033712 0.017025 0.007485 0.002961 0.000981 0.000324 0.000071 0.000018 0.000005 0.000000 0.000000 0.000000 0.000000 0.000000 0.000000 0.000000 0.000000 
t: 0.042857142857 start: 13 end: 46 0.000004 0.000019 0.000091 0.000370 0.001163 0.003666 0.009646 0.021802 0.041880 0.070567 0.102598 0.130076 0.144745 0.140257 0.119460 0.090257 0.058919 0.034259 0.017657 0.007921 0.003141 0.001079 0.000304 0.000085 0.000024 0.000010 0.000000 0.000000 0.000000 0.000000 0.000000 0.000000 0.000000 0.000000 
t: 0.040000000000 start: 13 end: 48 0.000001 0.000004 0.000027 0.000121 0.000453 0.001464 0.004381 0.011141 0.023499 0.044462 0.073337 0.104363 0.130467 0.143247 0.137745 0.116962 0.087484 0.057537 0.033602 0.017271 0.007826 0.003047 0.001096 0.000339 0.000085 0.000025 0.000012 0.000002 0.000000 0.000000 0.000000 0.000000 0.000000 0.000000 0.000000 0.000000 
t: 0.037500000000 start: 13 end: 48 0.000001 0.000001 0.000006 0.000037 0.000157 0.000593 0.001932 0.005351 0.012753 0.026698 0.048636 0.077289 0.107735 0.131724 0.142002 0.135253 0.112521 0.083526 0.054642 0.031556 0.015964 0.007308 0.002840 0.001031 0.000321 0.000081 0.000036 0.000006 0.000000 0.000000 0.000000 0.000000 0.000000 0.000000 0.000000 0.000000 
t: 0.035294117647 start: 14 end: 49 0.000001 0.000000 0.000014 0.000051 0.000267 0.000820 0.002578 0.006539 0.015373 0.030702 0.054320 0.082693 0.112436 0.133075 0.141298 0.131078 0.107301 0.077980 0.050321 0.028755 0.014305 0.006330 0.002508 0.000884 0.000259 0.000089 0.000019 0.000003 0.000001 0.000000 0.000000 0.000000 0.000000 0.000000 0.000000 0.000000 
t: 0.033333333333 start: 15 end: 49 0.000001 0.000000 0.000019 0.000087 0.000390 0.001202 0.003397 0.008447 0.018627 0.036027 0.060711 0.089478 0.116918 0.136178 0.140003 0.125833 0.100348 0.071595 0.045099 0.024960 0.012249 0.005377 0.002056 0.000711 0.000214 0.000054 0.000016 0.000003 0.000000 0.000000 0.000000 0.000000 0.000000 0.000000 0.000000 
t: 0.031578947368 start: 15 end: 51 0.000001 0.000000 0.000003 0.000045 0.000150 0.000549 0.001705 0.004651 0.010885 0.023327 0.042344 0.068963 0.096880 0.122786 0.138351 0.136345 0.119337 0.092464 0.064246 0.039239 0.021039 0.010116 0.004270 0.001586 0.000524 0.000131 0.000048 0.000012 0.000002 0.000001 0.000000 0.000000 0.000000 0.000000 0.000000 0.000000 0.000000 
t: 0.030000000000 start: 16 end: 52 0.000001 0.000001 0.000009 0.000069 0.000273 0.000842 0.002436 0.006372 0.014590 0.028671 0.050303 0.077472 0.105959 0.128787 0.138453 0.131868 0.111502 0.083930 0.055808 0.032699 0.017075 0.007973 0.003271 0.001133 0.000357 0.000110 0.000026 0.000008 0.000002 0.000000 0.000000 0.000000 0.000000 0.000000 0.000000 0.000000 0.000000 
t: 0.028571428571 start: 17 end: 53 0.000001 0.000005 0.000021 0.000105 0.000425 0.001338 0.003594 0.008863 0.018953 0.035776 0.059537 0.087527 0.114695 0.133155 0.137776 0.125858 0.102183 0.073829 0.046890 0.026725 0.013446 0.005892 0.002286 0.000786 0.000235 0.000079 0.000010 0.000008 0.000002 0.000000 0.000000 0.000000 0.000000 0.000000 0.000000 0.000000 0.000000 
t: 0.027272727273 start: 18 end: 53 0.000003 0.000008 0.000055 0.000189 0.000716 0.002078 0.005302 0.012191 0.024960 0.044153 0.070342 0.098368 0.122816 0.136609 0.134603 0.117094 0.091689 0.063181 0.038359 0.020825 0.010019 0.004213 0.001523 0.000501 0.000156 0.000029 0.000014 0.000004 0.000000 0.000000 0.000000 0.000000 0.000000 0.000000 0.000000 0.000000 
t: 0.026086956522 start: 18 end: 54 0.000001 0.000006 0.000023 0.000096 0.000354 0.001150 0.003269 0.007769 0.016866 0.032431 0.054428 0.081794 0.109572 0.129899 0.137496 0.128129 0.107442 0.079740 0.052206 0.030428 0.015721 0.007022 0.002761 0.000989 0.000304 0.000075 0.000022 0.000004 0.000003 0.000000 0.000000 0.000000 0.000000 0.000000 0.000000 0.000000 0.000000 
t: 0.025000000000 start: 19 end: 54 0.000003 0.000011 0.000043 0.000197 0.000641 0.001918 0.004983 0.011162 0.023094 0.041813 0.066044 0.094671 0.119600 0.135285 0.134645 0.120420 0.095030 0.067325 0.041674 0.023014 0.011107 0.004722 0.001757 0.000619 0.000173 0.000038 0.000007 0.000003 0.000001 0.000000 0.000000 0.000000 0.000000 0.000000 0.000000 0.000000 
t: 0.024000000000 start: 20 end: 54 0.000004 0.000026 0.000104 0.000368 0.001126 0.003109 0.007415 0.016276 0.031399 0.052272 0.079641 0.107267 0.128272 0.136791 0.129762 0.109153 0.081968 0.054255 0.032158 0.016553 0.007490 0.003039 0.001106 0.000336 0.000087 0.000015 0.000006 0.000002 0.000000 0.000000 0.000000 0.000000 0.000000 0.000000 0.000000 
t: 0.023076923077 start: 21 end: 54 0.000013 0.000065 0.000209 0.000623 0.001925 0.005017 0.011290 0.023038 0.040926 0.065533 0.093432 0.118786 0.134336 0.135422 0.120827 0.095988 0.067974 0.042350 0.023464 0.011243 0.004878 0.001811 0.000622 0.000176 0.000037 0.000011 0.000004 0.000000 0.000000 0.000000 0.000000 0.000000 0.000000 0.000000 
t: 0.022222222222 start: 21 end: 54 0.000003 0.000037 0.000123 0.000379 0.001192 0.003208 0.007888 0.016683 0.031515 0.053210 0.079965 0.107075 0.128684 0.136788 0.129503 0.108888 0.081340 0.054013 0.031565 0.016224 0.007320 0.002946 0.001019 0.000331 0.000078 0.000017 0.000005 0.000001 0.000000 0.000000 0.000000 0.000000 0.000000 0.000000 
t: 0.021428571428 start: 21 end: 54 0.000001 0.000017 0.000071 0.000236 0.000697 0.002115 0.005373 0.011984 0.023792 0.042714 0.067258 0.095119 0.119677 0.135236 0.134383 0.120159 0.094364 0.066150 0.041014 0.022119 0.010647 0.004495 0.001649 0.000536 0.000152 0.000035 0.000006 0.000001 0.000000 0.000000 0.000000 0.000000 0.000000 0.000000 
t: 0.020689655172 start: 22 end: 54 0.000013 0.000035 0.000141 0.000443 0.001364 0.003624 0.008592 0.018068 0.033480 0.055974 0.083002 0.109561 0.130197 0.136793 0.128174 0.106611 0.078062 0.051497 0.029021 0.014978 0.006670 0.002497 0.000874 0.000255 0.000059 0.000012 0.000003 0.000000 0.000000 0.000000 0.000000 0.000000 0.000000 
t: 0.020000000000 start: 22 end: 54 0.000005 0.000024 0.000078 0.000280 0.000858 0.002495 0.006105 0.013540 0.026114 0.045656 0.071590 0.098794 0.122699 0.136163 0.133394 0.117185 0.090543 0.062177 0.037246 0.020027 0.009316 0.003809 0.001343 0.000421 0.000112 0.000022 0.000003 0.000001 0.000000 0.000000 0.000000 0.000000 0.000000 
t: 0.019354838710 start: 22 end: 54 0.000001 0.000009 0.000045 0.000182 0.000564 0.001674 0.004295 0.010093 0.020440 0.037095 0.060141 0.087500 0.114721 0.132603 0.136684 0.125226 0.101570 0.073558 0.046644 0.025748 0.012785 0.005468 0.002043 0.000675 0.000183 0.000043 0.000007 0.000002 0.000001 0.000000 0.000000 0.000000 0.000000 
t: 0.018750000000 start: 23 end: 54 0.000007 0.000024 0.000115 0.000366 0.001123 0.003100 0.007398 0.015763 0.029848 0.050472 0.076601 0.105268 0.126692 0.137270 0.131703 0.111890 0.084623 0.056145 0.032723 0.016964 0.007498 0.002992 0.001029 0.000293 0.000076 0.000014 0.000002 0.000001 0.000000 0.000000 0.000000 0.000000 
t: 0.018181818182 start: 23 end: 54 0.000004 0.000018 0.000060 0.000240 0.000789 0.002121 0.005482 0.011966 0.023845 0.042159 0.066398 0.095334 0.119431 0.135572 0.135835 0.120544 0.095170 0.066360 0.040352 0.021691 0.010308 0.004196 0.001521 0.000457 0.000115 0.000028 0.000003 0.000001 0.000000 0.000000 0.000000 0.000000 
t: 0.017647058823 start: 23 end: 54 0.000003 0.000010 0.000038 0.000163 0.000501 0.001485 0.004012 0.009228 0.018842 0.034950 0.057030 0.084900 0.111666 0.131755 0.137445 0.128200 0.104834 0.076575 0.048864 0.027299 0.013424 0.005715 0.002129 0.000703 0.000183 0.000038 0.000007 0.000001 0.000000 0.000000 0.000000 0.000000 
t: 0.017142857143 start: 23 end: 54 0.000002 0.000009 0.000025 0.000105 0.000332 0.001014 0.002997 0.006967 0.014923 0.028741 0.048750 0.074886 0.103075 0.126402 0.137800 0.132994 0.114257 0.086359 0.057455 0.033626 0.017282 0.007679 0.003006 0.000951 0.000290 0.000058 0.000013 0.000002 0.000000 0.000000 0.000000 0.000000 
t: 0.016666666667 start: 23 end: 54 0.000001 0.000006 0.000016 0.000063 0.000236 0.000739 0.002086 0.005338 0.011738 0.023513 0.041265 0.066082 0.093965 0.119854 0.135643 0.137225 0.121601 0.095994 0.066388 0.040502 0.021764 0.009993 0.004053 0.001410 0.000403 0.000101 0.000018 0.000003 0.000000 0.000000 0.000000 0.000000 
t: 0.016216216216 start: 23 end: 54 0.000001 0.000003 0.000011 0.000033 0.000178 0.000492 0.001507 0.004046 0.009282 0.018965 0.034889 0.057643 0.085189 0.112557 0.132668 0.138423 0.128362 0.104572 0.075804 0.047838 0.026619 0.012900 0.005353 0.001897 0.000585 0.000145 0.000031 0.000007 0.000000 0.000000 0.000000 0.000000 
t: 0.015789473684 start: 24 end: 54 0.000002 0.000008 0.000026 0.000110 0.000346 0.001122 0.003072 0.007224 0.015372 0.029135 0.050115 0.076173 0.105156 0.127885 0.138972 0.133243 0.112761 0.084584 0.055781 0.032182 0.016139 0.006895 0.002626 0.000800 0.000214 0.000046 0.000011 0.000000 0.000000 0.000000 0.000000 
t: 0.015384615385 start: 24 end: 54 0.000001 0.000004 0.000023 0.000074 0.000241 0.000797 0.002303 0.005647 0.012350 0.024311 0.043462 0.067935 0.097122 0.122145 0.137744 0.136747 0.120198 0.093465 0.063698 0.038059 0.019943 0.008814 0.003427 0.001106 0.000305 0.000061 0.000017 0.000001 0.000000 0.000000 0.000000 
t: 0.015000000000 start: 24 end: 54 0.000001 0.000003 0.000007 0.000054 0.000167 0.000581 0.001721 0.004468 0.009838 0.020231 0.037381 0.060542 0.088773 0.116077 0.135034 0.138924 0.126498 0.101814 0.071795 0.044472 0.024052 0.011089 0.004463 0.001480 0.000426 0.000086 0.000020 0.000002 0.000001 0.000000 0.000000 
t: 0.014634146341 start: 24 end: 54 0.000001 0.000002 0.000007 0.000032 0.000126 0.000430 0.001245 0.003480 0.007964 0.016563 0.032069 0.053647 0.080945 0.109077 0.131532 0.139607 0.131997 0.109468 0.079822 0.051492 0.028446 0.013678 0.005656 0.001991 0.000568 0.000128 0.000021 0.000005 0.000001 0.000000 0.000000 
t: 0.014285714286 start: 25 end: 54 0.000003 0.000005 0.000022 0.000092 0.000293 0.000966 0.002619 0.006489 0.013632 0.027224 0.047305 0.073317 0.101991 0.126912 0.139575 0.135903 0.116448 0.088167 0.058306 0.033400 0.016664 0.007059 0.002606 0.000774 0.000187 0.000032 0.000008 0.000001 0.000000 0.000000 
t: 0.013953488372 start: 25 end: 54 0.000001 0.000005 0.000017 0.000064 0.000212 0.000731 0.002075 0.005104 0.011248 0.023124 0.041304 0.066174 0.094953 0.121500 0.138371 0.138952 0.122680 0.095906 0.065721 0.038743 0.019760 0.008694 0.003293 0.001053 0.000256 0.000045 0.000013 0.000001 0.000000 0.000000 
t: 0.013636363636 start: 25 end: 54 0.000001 0.000004 0.000006 0.000046 0.000167 0.000532 0.001622 0.004066 0.009287 0.019362 0.036083 0.059728 0.087538 0.115881 0.135894 0.140815 0.128355 0.103099 0.073117 0.044436 0.023463 0.010560 0.004146 0.001357 0.000345 0.000071 0.000018 0.000001 0.000000 0.000000 
t: 0.013333333333 start: 25 end: 54 0.000001 0.000002 0.000005 0.000033 0.000118 0.000415 0.001261 0.003214 0.007653 0.016328 0.031332 0.053341 0.080983 0.109778 0.132304 0.141473 0.133348 0.110201 0.080039 0.050675 0.027384 0.012727 0.005061 0.001758 0.000443 0.000097 0.000024 0.000002 0.000000 0.000000 
t: 0.013043478261 start: 25 end: 54 0.000001 0.000002 0.000004 0.000024 0.000072 0.000308 0.001020 0.002587 0.006175 0.013914 0.026952 0.047639 0.074318 0.103469 0.128641 0.140657 0.137334 0.116831 0.087206 0.057023 0.031550 0.015095 0.006228 0.002169 0.000613 0.000139 0.000027 0.000002 0.000000 0.000000 
t: 0.012765957447 start: 25 end: 54 0.000001 0.000000 0.000006 0.000015 0.000060 0.000218 0.000770 0.002093 0.005132 0.011483 0.023386 0.042358 0.067970 0.097172 0.123860 0.139835 0.139876 0.123097 0.094086 0.063435 0.036114 0.017846 0.007554 0.002635 0.000784 0.000175 0.000033 0.000005 0.000001 0.000000 
t: 0.012500000000 start: 25 end: 54 0.000001 0.000000 0.000005 0.000011 0.000046 0.000164 0.000593 0.001693 0.004231 0.009651 0.020072 0.037495 0.061963 0.091108 0.118745 0.137811 0.141829 0.128488 0.100731 0.069902 0.041124 0.020774 0.009012 0.003273 0.000994 0.000231 0.000045 0.000007 0.000001 0.000000 
t: 0.012244897959 start: 26 end: 54 0.000001 0.000003 0.000009 0.000028 0.000127 0.000450 0.001372 0.003469 0.008154 0.017293 0.032995 0.056214 0.084932 0.113318 0.135637 0.142740 0.133014 0.107336 0.076347 0.046291 0.024022 0.010659 0.003968 0.001241 0.000314 0.000057 0.000008 0.000001 0.000000 
t: 0.012000000000 start: 26 end: 54 0.000001 0.000003 0.000007 0.000021 0.000090 0.000351 0.001137 0.002791 0.006860 0.014882 0.029036 0.050766 0.078761 0.108291 0.132235 0.142915 0.137040 0.113574 0.082784 0.051593 0.027587 0.012451 0.004799 0.001546 0.000396 0.000069 0.000013 0.000001 0.000000 
t: 0.011764705882 start: 27 end: 54 0.000004 0.000004 0.000019 0.000067 0.000252 0.000922 0.002296 0.005689 0.012857 0.025546 0.045682 0.072949 0.102705 0.128342 0.143050 0.140145 0.119395 0.088669 0.057361 0.031290 0.014621 0.005662 0.001872 0.000494 0.000092 0.000014 0.000001 0.000000 
t: 0.011538461538 start: 27 end: 54 0.000004 0.000002 0.000016 0.000054 0.000194 0.000723 0.001901 0.004783 0.011005 0.022381 0.041177 0.067317 0.097009 0.124611 0.141675 0.142649 0.124656 0.095106 0.062710 0.035426 0.016961 0.006638 0.002278 0.000596 0.000106 0.000021 0.000001 0.000000 
t: 0.011320754717 start: 27 end: 54 0.000002 0.000001 0.000015 0.000043 0.000132 0.000585 0.001574 0.004003 0.009383 0.019655 0.036964 0.061805 0.091527 0.120332 0.140138 0.144453 0.129400 0.101150 0.068387 0.039520 0.019446 0.007889 0.002693 0.000738 0.000138 0.000025 0.000002 0.000000 
t: 0.011111111111 start: 27 end: 54 0.000001 0.000002 0.000012 0.000029 0.000107 0.000469 0.001300 0.003339 0.008066 0.017132 0.033192 0.056770 0.085966 0.115716 0.138058 0.145668 0.133630 0.106998 0.073995 0.044014 0.021968 0.009228 0.003205 0.000920 0.000182 0.000031 0.000002 0.000000 
t: 0.010909090909 start: 28 end: 54 0.000002 0.000011 0.000024 0.000076 0.000360 0.001079 0.002839 0.006863 0.014877 0.029702 0.052112 0.080631 0.110855 0.135357 0.146194 0.137485 0.112606 0.079733 0.048622 0.024783 0.010619 0.003800 0.001088 0.000239 0.000039 0.000004 0.000000 
t: 0.010714285714 start: 28 end: 54 0.000001 0.000008 0.000020 0.000060 0.000283 0.000895 0.002331 0.005916 0.013031 0.026516 0.047498 0.075304 0.106360 0.132378 0.145959 0.140575 0.117827 0.085606 0.053347 0.027832 0.012140 0.004446 0.001333 0.000284 0.000045 0.000005 0.000000 
t: 0.010526315789 start: 28 end: 54 0.000001 0.000005 0.000019 0.000049 0.000214 0.000761 0.001968 0.005035 0.011411 0.023706 0.043144 0.070274 0.101530 0.129180 0.145157 0.143246 0.122878 0.091157 0.058204 0.031117 0.013787 0.005164 0.001594 0.000338 0.000055 0.000006 0.000000 
t: 0.010344827586 start: 28 end: 54 0.000001 0.000004 0.000013 0.000044 0.000176 0.000610 0.001658 0.004324 0.009979 0.021095 0.039288 0.065265 0.096663 0.125575 0.144401 0.145302 0.127378 0.096674 0.063087 0.034383 0.015732 0.005992 0.001867 0.000413 0.000069 0.000007 0.000000 
t: 0.010169491525 start: 28 end: 54 0.000001 0.000003 0.000010 0.000033 0.000151 0.000500 0.001412 0.003686 0.008787 0.018665 0.035735 0.060755 0.091660 0.121776 0.142787 0.146881 0.131627 0.102071 0.068055 0.038073 0.017722 0.006844 0.002170 0.000507 0.000082 0.000007 0.000000 
t: 0.010000000000 start: 28 end: 54 0.000001 0.000001 0.000009 0.000029 0.000117 0.000422 0.001189 0.003163 0.007615 0.016681 0.032316 0.056436 0.086867 0.117587 0.141088 0.147984 0.135327 0.107212 0.073232 0.041751 0.019901 0.007833 0.002535 0.000594 0.000100 0.000010 0.000000 
t: 0.008448275866 start: 30 end: 54 0.000001 0.000006 0.000009 0.000046 0.000157 0.000592 0.001659 0.004574 0.010697 0.022542 0.042728 0.071388 0.105270 0.135441 0.153129 0.148438 0.124296 0.088386 0.051886 0.025156 0.010019 0.002912 0.000587 0.000078 0.000003 
t: 0.007313432839 start: 32 end: 54 0.000001 0.000007 0.000026 0.000093 0.000411 0.001279 0.003464 0.008556 0.018981 0.037913 0.066059 0.100934 0.135657 0.157365 0.156095 0.131291 0.092420 0.053490 0.024604 0.008784 0.002163 0.000389 0.000018 
t: 0.006447368423 start: 32 end: 54 0.000001 0.000001 0.000003 0.000025 0.000084 0.000364 0.001136 0.003258 0.008177 0.019142 0.038149 0.068109 0.105271 0.141660 0.163591 0.159723 0.131027 0.087061 0.047104 0.019255 0.005636 0.001110 0.000113 
t: 0.005764705884 start: 33 end: 54 0.000001 0.000002 0.000008 0.000019 0.000108 0.000410 0.001263 0.003575 0.009344 0.021317 0.043657 0.076602 0.116930 0.153116 0.170192 0.159347 0.120996 0.074076 0.034634 0.011626 0.002531 0.000246 
t: 0.005212765959 start: 35 end: 54 0.000004 0.000006 0.000032 0.000145 0.000504 0.001555 0.004625 0.011813 0.027052 0.053413 0.091258 0.134628 0.167351 0.175106 0.149947 0.102804 0.053868 0.020371 0.004986 0.000532 
t: 0.004757281555 start: 35 end: 54 0.000001 0.000003 0.000010 0.000051 0.000202 0.000729 0.002338 0.006603 0.016505 0.036389 0.069292 0.112539 0.155956 0.180325 0.171772 0.130000 0.075792 0.031782 0.008644 0.001067 
t: 0.004375000001 start: 36 end: 54 0.000003 0.000004 0.000020 0.000088 0.000355 0.001175 0.003755 0.010181 0.024558 0.051564 0.091800 0.139499 0.177363 0.185560 0.154297 0.099156 0.045100 0.013607 0.001915 
t: 0.004049586778 start: 36 end: 54 0.000001 0.000002 0.000014 0.000033 0.000163 0.000626 0.002142 0.006367 0.016646 0.037744 0.073640 0.121991 0.168726 0.192227 0.174039 0.122106 0.060738 0.019726 0.003069 
t: 0.003769230770 start: 37 end: 54 0.000002 0.000007 0.000024 0.000069 0.000332 0.001221 0.004029 0.011161 0.027673 0.058307 0.104594 0.157124 0.193181 0.189658 0.143555 0.077283 0.027253 0.004527 
t: 0.003525179857 start: 38 end: 54 0.000005 0.000014 0.000044 0.000175 0.000714 0.002591 0.007590 0.020129 0.045975 0.088926 0.143300 0.189819 0.200648 0.162777 0.094980 0.035878 0.006435 
t: 0.003310810811 start: 38 end: 54 0.000002 0.000009 0.000024 0.000098 0.000428 0.001682 0.005189 0.014804 0.036144 0.075101 0.129086 0.182877 0.207567 0.180075 0.112669 0.045480 0.008765 
t: 0.003121019109 start: 38 end: 54 0.000002 0.000005 0.000014 0.000060 0.000266 0.001085 0.003621 0.010881 0.028326 0.062943 0.115258 0.174204 0.210594 0.195301 0.129946 0.055979 0.011515 
t: 0.002951807229 start: 38 end: 54 0.000001 0.000004 0.000008 0.000031 0.000171 0.000710 0.002529 0.008103 0.022125 0.052534 0.102515 0.164415 0.210452 0.207814 0.146790 0.067142 0.014656 
t: 0.002800000000 start: 38 end: 54 0.000001 0.000003 0.000005 0.000019 0.000111 0.000451 0.001781 0.006092 0.017491 0.043771 0.090601 0.153740 0.208444 0.217703 0.163067 0.078485 0.018235 
t: 0.002663043479 start: 39 end: 54 0.000001 0.000004 0.000014 0.000066 0.000303 0.001229 0.004586 0.013901 0.036483 0.079617 0.142849 0.204772 0.225112 0.178450 0.090430 0.022183 
t: 0.002538860104 start: 40 end: 54 0.000003 0.000008 0.000051 0.000216 0.000864 0.003437 0.010989 0.030645 0.069916 0.132099 0.199404 0.231090 0.192032 0.102828 0.026418 
t: 0.002425742574 start: 41 end: 54 0.000003 0.000036 0.000147 0.000638 0.002613 0.008792 0.025509 0.061451 0.121767 0.193072 0.234532 0.205364 0.115124 0.030952 
t: 0.002322274882 start: 41 end: 54 0.000001 0.000025 0.000108 0.000470 0.001974 0.007108 0.021268 0.053829 0.112053 0.186263 0.236566 0.216858 0.127712 0.035765 
t: 0.002227272727 start: 41 end: 54 0.000001 0.000016 0.000077 0.000344 0.001524 0.005725 0.017767 0.047410 0.102892 0.178570 0.237025 0.227658 0.139942 0.041049 
t: 0.002139737991 start: 41 end: 54 0.000001 0.000009 0.000060 0.000258 0.001182 0.004564 0.015050 0.041268 0.094664 0.170595 0.236578 0.237151 0.151945 0.046675 
t: 0.002058823530 start: 41 end: 54 0.000001 0.000007 0.000038 0.000198 0.000903 0.003756 0.012567 0.036533 0.086470 0.162781 0.235366 0.245034 0.163898 0.052448 
t: 0.001983805668 start: 41 end: 54 0.000001 0.000004 0.000026 0.000148 0.000709 0.002993 0.010755 0.031980 0.079332 0.154882 0.233161 0.252042 0.175392 0.058575 
t: 0.001914062500 start: 42 end: 54 0.000003 0.000018 0.000117 0.000535 0.002461 0.009123 0.028151 0.072748 0.147121 0.229889 0.258324 0.186884 0.064626 
t: 0.001849056604 start: 42 end: 54 0.000001 0.000016 0.000090 0.000430 0.002027 0.007686 0.024906 0.066532 0.139892 0.225938 0.263780 0.197788 0.070914 
t: 0.001788321168 start: 42 end: 54 0.000001 0.000010 0.000073 0.000333 0.001705 0.006573 0.021992 0.060839 0.132717 0.221732 0.268392 0.208269 0.077364 
t: 0.001731448763 start: 42 end: 54 0.000001 0.000008 0.000055 0.000272 0.001418 0.005580 0.019502 0.055839 0.125721 0.217205 0.272001 0.218465 0.083933 
t: 0.001678082192 start: 42 end: 54 0.000001 0.000008 0.000037 0.000227 0.001161 0.004860 0.017274 0.051252 0.118805 0.213069 0.274673 0.228049 0.090584 
t: 0.001627906977 start: 42 end: 54 0.000001 0.000003 0.000035 0.000178 0.000975 0.004176 0.015362 0.046935 0.112345 0.208323 0.277008 0.237162 0.097497 
t: 0.001580645161 start: 42 end: 54 0.000001 0.000001 0.000027 0.000143 0.000805 0.003631 0.013736 0.043071 0.106184 0.203270 0.278771 0.246039 0.104321 
t: 0.001536050157 start: 42 end: 54 0.000001 0.000001 0.000023 0.000111 0.000690 0.003147 0.012275 0.039406 0.100635 0.197782 0.280292 0.254414 0.111223 
t: 0.001493902439 start: 43 end: 54 0.000002 0.000016 0.000099 0.000584 0.002713 0.011032 0.036093 0.095317 0.192709 0.280700 0.262734 0.118001 
t: 0.001454005935 start: 43 end: 54 0.000001 0.000015 0.000077 0.000485 0.002364 0.009831 0.033244 0.090220 0.187545 0.280920 0.270374 0.124924 
t: 0.001416184971 start: 43 end: 54 0.000001 0.000009 0.000071 0.000409 0.002041 0.008791 0.030578 0.085530 0.182279 0.280439 0.277881 0.131971 
t: 0.001380281690 start: 43 end: 54 0.000001 0.000006 0.000056 0.000344 0.001789 0.007887 0.028225 0.080874 0.177294 0.279780 0.284750 0.138994 
t: 0.001346153846 start: 43 end: 54 0.000001 0.000006 0.000043 0.000292 0.001564 0.007087 0.025993 0.076653 0.172087 0.278979 0.291473 0.145822 
t: 0.001313672922 start: 43 end: 54 0.000001 0.000005 0.000040 0.000248 0.001345 0.006404 0.023946 0.072570 0.167143 0.277712 0.297725 0.152861 
t: 0.001282722513 start: 43 end: 54 0.000001 0.000002 0.000031 0.000214 0.001189 0.005742 0.022144 0.068754 0.162147 0.276273 0.303670 0.159833 
t: 0.001253196931 start: 44 end: 54 0.000003 0.000021 0.000182 0.001056 0.005189 0.020545 0.065203 0.157218 0.274574 0.309301 0.166708 
t: 0.001225000000 start: 44 end: 54 0.000002 0.000018 0.000150 0.000944 0.004692 0.019042 0.061751 0.152462 0.272934 0.314537 0.173468 
t: 0.001198044010 start: 44 end: 54 0.000001 0.000015 0.000129 0.000824 0.004285 0.017618 0.058561 0.147941 0.270925 0.319291 0.180410 
t: 0.001172248804 start: 45 end: 54 0.000014 0.000112 0.000712 0.003891 0.016341 0.055608 0.143376 0.268819 0.323928 0.187199 
t: 0.001147540984 start: 45 end: 54 0.000012 0.000095 0.000642 0.003478 0.015186 0.052765 0.139081 0.266633 0.328199 0.193909 
t: 0.001123853211 start: 45 end: 54 0.000012 0.000079 0.000599 0.003134 0.014120 0.049968 0.134915 0.264255 0.332334 0.200584 
t: 0.001101123596 start: 45 end: 54 0.000011 0.000070 0.000540 0.002827 0.013065 0.047494 0.130903 0.261809 0.336062 0.207219 
t: 0.001079295154 start: 45 end: 54 0.000010 0.000062 0.000492 0.002589 0.012103 0.045135 0.126968 0.259289 0.339550 0.213802 
t: 0.001058315335 start: 45 end: 54 0.000007 0.000057 0.000447 0.002362 0.011266 0.042829 0.123306 0.256667 0.342709 0.220350 
t: 0.001038135593 start: 45 end: 54 0.000007 0.000046 0.000403 0.002135 0.010501 0.040651 0.119719 0.253958 0.345690 0.226890 
t: 0.001018711019 start: 45 end: 54 0.000006 0.000039 0.000357 0.001959 0.009797 0.038594 0.116157 0.251244 0.348658 0.233189 
t: 0.001000000000 start: 45 end: 54 0.000006 0.000035 0.000325 0.001778 0.009163 0.036699 0.112846 0.248306 0.351271 0.239571 
