t: 0.059999999999 start: 10 end: 44 0.000001 0.000004 0.000030 0.000183 0.000715 0.002479 0.007125 0.017754 0.036847 0.065232 0.099160 0.130176 0.148337 0.145270 0.124932 0.093464 0.061873 0.035367 0.018232 0.008158 0.003107 0.001066 0.000360 0.000105 0.000019 0.000003 0.000001 0.000000 0.000000 0.000000 0.000000 0.000000 0.000000 0.000000 0.000000 
t: 0.054545454544 start: 12 end: 45 0.000007 0.000026 0.000124 0.000524 0.001941 0.005628 0.013881 0.029517 0.053651 0.084904 0.116735 0.139006 0.144948 0.132830 0.106548 0.075193 0.047021 0.026168 0.012729 0.005450 0.002152 0.000695 0.000243 0.000060 0.000017 0.000002 0.000000 0.000000 0.000000 0.000000 0.000000 0.000000 0.000000 0.000000 
t: 0.049999999999 start: 12 end: 46 0.000001 0.000002 0.000027 0.000110 0.000450 0.001620 0.004688 0.011577 0.024960 0.046436 0.074317 0.105877 0.130054 0.142272 0.135567 0.114576 0.085798 0.057065 0.033584 0.017630 0.008186 0.003378 0.001228 0.000422 0.000129 0.000039 0.000007 0.000000 0.000000 0.000000 0.000000 0.000000 0.000000 0.000000 0.000000 
t: 0.046153846153 start: 12 end: 48 0.000001 0.000000 0.000005 0.000017 0.000110 0.000407 0.001484 0.004148 0.010277 0.021943 0.041558 0.067977 0.097274 0.123341 0.137652 0.136013 0.119509 0.092937 0.064714 0.040121 0.022041 0.010923 0.004726 0.001840 0.000669 0.000233 0.000058 0.000019 0.000002 0.000001 0.000000 0.000000 0.000000 0.000000 0.000000 0.000000 0.000000 
t: 0.042857142857 start: 14 end: 49 0.000001 0.000004 0.000026 0.000097 0.000444 0.001426 0.003966 0.009604 0.020267 0.038934 0.063022 0.092148 0.117792 0.133685 0.135326 0.121642 0.097896 0.069993 0.044871 0.025716 0.013307 0.005988 0.002468 0.000940 0.000305 0.000095 0.000028 0.000009 0.000000 0.000000 0.000000 0.000000 0.000000 0.000000 0.000000 0.000000 
t: 0.040000000000 start: 16 end: 51 0.000006 0.000019 0.000128 0.000466 0.001392 0.003964 0.009548 0.019895 0.036885 0.061085 0.088895 0.114172 0.130686 0.134313 0.122205 0.100480 0.072841 0.048004 0.028401 0.014815 0.007075 0.002980 0.001134 0.000409 0.000166 0.000022 0.000012 0.000002 0.000000 0.000000 0.000000 0.000000 0.000000 0.000000 0.000000 0.000000 
t: 0.037500000000 start: 17 end: 53 0.000007 0.000039 0.000132 0.000481 0.001568 0.004105 0.009813 0.019988 0.036683 0.060220 0.087220 0.112022 0.129048 0.132972 0.121702 0.100724 0.074632 0.049765 0.029732 0.016072 0.007721 0.003395 0.001261 0.000495 0.000143 0.000046 0.000012 0.000001 0.000001 0.000000 0.000000 0.000000 0.000000 0.000000 0.000000 0.000000 0.000000 
t: 0.035294117647 start: 18 end: 54 0.000010 0.000043 0.000162 0.000568 0.001714 0.004507 0.010387 0.020818 0.037834 0.060726 0.087150 0.111464 0.127837 0.130925 0.120719 0.099923 0.074625 0.050175 0.030157 0.016543 0.008017 0.003567 0.001389 0.000518 0.000158 0.000050 0.000012 0.000001 0.000001 0.000000 0.000000 0.000000 0.000000 0.000000 0.000000 0.000000 0.000000 
t: 0.033333333333 start: 18 end: 54 0.000004 0.000011 0.000054 0.000200 0.000685 0.001973 0.005194 0.011138 0.022396 0.039433 0.063062 0.088481 0.112166 0.126533 0.129823 0.118905 0.098206 0.073184 0.048863 0.029837 0.016193 0.007963 0.003543 0.001390 0.000524 0.000182 0.000047 0.000007 0.000003 0.000000 0.000000 0.000000 0.000000 0.000000 0.000000 0.000000 0.000000 
t: 0.031578947368 start: 19 end: 55 0.000004 0.000016 0.000088 0.000234 0.000841 0.002515 0.005823 0.012716 0.024381 0.042584 0.065646 0.091247 0.112876 0.126825 0.128045 0.116512 0.095264 0.070271 0.047300 0.028330 0.015438 0.007636 0.003369 0.001324 0.000494 0.000152 0.000057 0.000009 0.000003 0.000000 0.000000 0.000000 0.000000 0.000000 0.000000 0.000000 0.000000 
t: 0.030000000000 start: 19 end: 57 0.000001 0.000004 0.000034 0.000092 0.000356 0.001118 0.003035 0.007024 0.014463 0.027178 0.046274 0.069577 0.094202 0.115395 0.127644 0.125925 0.112774 0.091244 0.066945 0.044049 0.026317 0.014423 0.007085 0.002947 0.001279 0.000423 0.000141 0.000037 0.000011 0.000002 0.000001 0.000000 0.000000 0.000000 0.000000 0.000000 0.000000 0.000000 0.000000 
t: 0.028571428571 start: 19 end: 57 0.000001 0.000001 0.000013 0.000033 0.000150 0.000497 0.001479 0.003722 0.008437 0.017024 0.031176 0.050663 0.074468 0.098704 0.118268 0.126877 0.123859 0.108202 0.086856 0.061916 0.040421 0.023945 0.012897 0.006078 0.002712 0.001045 0.000403 0.000114 0.000028 0.000008 0.000003 0.000000 0.000000 0.000000 0.000000 0.000000 0.000000 0.000000 0.000000 
t: 0.027272727273 start: 20 end: 57 0.000001 0.000004 0.000011 0.000068 0.000232 0.000685 0.001907 0.004738 0.010397 0.020273 0.035746 0.056175 0.080035 0.103771 0.120300 0.126810 0.120504 0.103652 0.080457 0.057028 0.036202 0.021193 0.010975 0.005326 0.002221 0.000858 0.000310 0.000089 0.000021 0.000011 0.000000 0.000000 0.000000 0.000000 0.000000 0.000000 0.000000 0.000000 
t: 0.026086956522 start: 21 end: 59 0.000004 0.000008 0.000025 0.000109 0.000340 0.000973 0.002535 0.006160 0.012780 0.024312 0.041127 0.062430 0.086584 0.108841 0.122720 0.125578 0.116171 0.097503 0.074121 0.051141 0.032005 0.018013 0.009424 0.004220 0.001841 0.000709 0.000246 0.000058 0.000017 0.000004 0.000001 0.000000 0.000000 0.000000 0.000000 0.000000 0.000000 0.000000 0.000000 
t: 0.025000000000 start: 22 end: 60 0.000005 0.000018 0.000040 0.000173 0.000492 0.001379 0.003506 0.007888 0.015954 0.028993 0.047147 0.070181 0.094041 0.113166 0.124297 0.123709 0.110781 0.090444 0.067107 0.044946 0.027530 0.015127 0.007493 0.003452 0.001401 0.000497 0.000175 0.000046 0.000008 0.000003 0.000001 0.000000 0.000000 0.000000 0.000000 0.000000 0.000000 0.000000 0.000000 
t: 0.024000000000 start: 22 end: 60 0.000002 0.000008 0.000024 0.000089 0.000242 0.000722 0.002060 0.004816 0.010261 0.019881 0.034754 0.054972 0.078091 0.100503 0.117895 0.124619 0.120028 0.104370 0.083143 0.059472 0.038772 0.023063 0.012234 0.005776 0.002683 0.001016 0.000357 0.000103 0.000035 0.000008 0.000001 0.000000 0.000000 0.000000 0.000000 0.000000 0.000000 0.000000 0.000000 
t: 0.023076923077 start: 22 end: 61 0.000001 0.000003 0.000011 0.000044 0.000148 0.000388 0.001130 0.002953 0.006450 0.013393 0.025029 0.041842 0.063118 0.086411 0.107289 0.121232 0.124281 0.115004 0.097242 0.074544 0.051246 0.032692 0.018708 0.009412 0.004464 0.001889 0.000727 0.000263 0.000060 0.000021 0.000004 0.000001 0.000000 0.000000 0.000000 0.000000 0.000000 0.000000 0.000000 0.000000 
t: 0.022222222222 start: 23 end: 61 0.000002 0.000006 0.000020 0.000071 0.000220 0.000631 0.001758 0.004111 0.008876 0.017668 0.030906 0.049850 0.072149 0.094881 0.113494 0.123455 0.121773 0.108814 0.088978 0.065201 0.043831 0.026259 0.014596 0.007153 0.003248 0.001352 0.000494 0.000144 0.000044 0.000014 0.000001 0.000000 0.000000 0.000000 0.000000 0.000000 0.000000 0.000000 0.000000 
t: 0.021428571428 start: 24 end: 63 0.000001 0.000015 0.000036 0.000123 0.000384 0.000955 0.002579 0.005789 0.012273 0.022610 0.038300 0.059204 0.081769 0.102811 0.118754 0.123967 0.117641 0.101016 0.079187 0.056132 0.035786 0.020898 0.010926 0.005278 0.002257 0.000869 0.000303 0.000110 0.000019 0.000005 0.000002 0.000001 0.000000 0.000000 0.000000 0.000000 0.000000 0.000000 0.000000 0.000000 
t: 0.020689655172 start: 24 end: 63 0.000001 0.000007 0.000013 0.000069 0.000207 0.000573 0.001614 0.003797 0.008121 0.016345 0.028845 0.047428 0.068998 0.091641 0.110520 0.122049 0.122538 0.111124 0.091809 0.068955 0.046612 0.028694 0.015968 0.008155 0.003624 0.001476 0.000553 0.000202 0.000045 0.000012 0.000004 0.000001 0.000000 0.000000 0.000000 0.000000 0.000000 0.000000 0.000000 0.000000 
t: 0.020000000000 start: 24 end: 64 0.000001 0.000002 0.000004 0.000038 0.000119 0.000325 0.000990 0.002438 0.005381 0.011631 0.021493 0.037181 0.056834 0.079488 0.101148 0.116791 0.123773 0.118411 0.103108 0.081249 0.058064 0.038105 0.022166 0.011741 0.005678 0.002429 0.000934 0.000342 0.000101 0.000024 0.000006 0.000003 0.000002 0.000000 0.000000 0.000000 0.000000 0.000000 0.000000 0.000000 0.000000 
t: 0.019354838710 start: 25 end: 64 0.000001 0.000004 0.000019 0.000058 0.000190 0.000622 0.001497 0.003619 0.008071 0.015948 0.028434 0.046356 0.067646 0.090588 0.109474 0.121558 0.122261 0.112339 0.092613 0.070229 0.047745 0.029792 0.016314 0.008409 0.003846 0.001527 0.000570 0.000201 0.000051 0.000011 0.000005 0.000002 0.000000 0.000000 0.000000 0.000000 0.000000 0.000000 0.000000 0.000000 
t: 0.018750000000 start: 25 end: 64 0.000001 0.000001 0.000011 0.000033 0.000102 0.000360 0.000981 0.002430 0.005529 0.011555 0.021510 0.037038 0.056651 0.079556 0.100371 0.117226 0.123233 0.118399 0.102938 0.081709 0.058392 0.038279 0.022357 0.011811 0.005647 0.002494 0.000921 0.000331 0.000100 0.000021 0.000011 0.000002 0.000000 0.000000 0.000000 0.000000 0.000000 0.000000 0.000000 0.000000 
t: 0.018181818182 start: 25 end: 63 0.000001 0.000000 0.000005 0.000020 0.000060 0.000230 0.000621 0.001591 0.003787 0.008391 0.016100 0.029048 0.046859 0.068365 0.091024 0.110110 0.121571 0.122312 0.111566 0.092492 0.069151 0.047211 0.029219 0.016173 0.008092 0.003757 0.001480 0.000530 0.000172 0.000045 0.000013 0.000004 0.000000 0.000000 0.000000 0.000000 0.000000 0.000000 0.000000 
t: 0.017647058823 start: 26 end: 65 0.000001 0.000002 0.000012 0.000033 0.000151 0.000383 0.001027 0.002588 0.006071 0.012014 0.022452 0.038028 0.058217 0.080638 0.102116 0.117438 0.124009 0.117376 0.101881 0.080201 0.057114 0.036813 0.021289 0.011278 0.005341 0.002271 0.000860 0.000286 0.000078 0.000025 0.000006 0.000001 0.000000 0.000000 0.000000 0.000000 0.000000 0.000000 0.000000 0.000000 
t: 0.017142857143 start: 27 end: 65 0.000001 0.000008 0.000018 0.000084 0.000250 0.000663 0.001771 0.004287 0.008884 0.017266 0.030507 0.048776 0.070723 0.093037 0.111732 0.122862 0.121067 0.109945 0.090377 0.067292 0.045153 0.027531 0.014985 0.007415 0.003361 0.001347 0.000463 0.000137 0.000045 0.000012 0.000001 0.000000 0.000000 0.000000 0.000000 0.000000 0.000000 0.000000 0.000000 
t: 0.016666666667 start: 27 end: 65 0.000001 0.000004 0.000008 0.000049 0.000174 0.000440 0.001198 0.002958 0.006639 0.013143 0.024231 0.040520 0.060884 0.083856 0.104226 0.119583 0.123251 0.116192 0.099424 0.077482 0.053913 0.034417 0.019604 0.010080 0.004744 0.001960 0.000699 0.000225 0.000075 0.000015 0.000005 0.000000 0.000000 0.000000 0.000000 0.000000 0.000000 0.000000 0.000000 
t: 0.016216216216 start: 27 end: 65 0.000001 0.000001 0.000006 0.000025 0.000107 0.000290 0.000808 0.002114 0.004838 0.010082 0.018911 0.033141 0.052104 0.074515 0.096236 0.114369 0.123380 0.120200 0.107652 0.086836 0.063276 0.041877 0.024965 0.013402 0.006493 0.002786 0.001081 0.000353 0.000114 0.000028 0.000009 0.000000 0.000000 0.000000 0.000000 0.000000 0.000000 0.000000 0.000000 
t: 0.015789473684 start: 28 end: 66 0.000001 0.000002 0.000013 0.000069 0.000203 0.000554 0.001458 0.003520 0.007582 0.014880 0.026866 0.044122 0.065352 0.088048 0.107921 0.121071 0.122827 0.114398 0.095372 0.072490 0.050073 0.031017 0.017192 0.008780 0.003835 0.001580 0.000534 0.000173 0.000054 0.000011 0.000002 0.000000 0.000000 0.000000 0.000000 0.000000 0.000000 0.000000 0.000000 
t: 0.015384615385 start: 29 end: 66 0.000002 0.000008 0.000034 0.000144 0.000358 0.001058 0.002546 0.005679 0.011554 0.021737 0.036809 0.056544 0.079563 0.101006 0.116842 0.124167 0.119149 0.103398 0.081375 0.058547 0.037512 0.021790 0.011450 0.005314 0.002227 0.000815 0.000264 0.000081 0.000024 0.000002 0.000001 0.000000 0.000000 0.000000 0.000000 0.000000 0.000000 0.000000 
t: 0.015000000000 start: 29 end: 66 0.000002 0.000003 0.000024 0.000090 0.000238 0.000696 0.001881 0.004227 0.009051 0.017489 0.030408 0.048641 0.070884 0.093529 0.111766 0.123066 0.122355 0.110516 0.089994 0.066963 0.044757 0.026894 0.014647 0.007036 0.003109 0.001172 0.000398 0.000123 0.000033 0.000006 0.000002 0.000000 0.000000 0.000000 0.000000 0.000000 0.000000 0.000000 
t: 0.014634146341 start: 29 end: 66 0.000002 0.000002 0.000017 0.000056 0.000162 0.000478 0.001356 0.003090 0.007017 0.013959 0.025187 0.041503 0.062402 0.085839 0.106127 0.119964 0.124261 0.116026 0.098012 0.075500 0.052462 0.032316 0.018372 0.009213 0.004230 0.001627 0.000581 0.000170 0.000050 0.000017 0.000001 0.000001 0.000000 0.000000 0.000000 0.000000 0.000000 0.000000 
t: 0.014285714286 start: 29 end: 66 0.000001 0.000003 0.000013 0.000031 0.000109 0.000333 0.000967 0.002291 0.005368 0.011015 0.020640 0.035164 0.054742 0.077844 0.099612 0.116539 0.124149 0.120180 0.105280 0.083862 0.060123 0.038437 0.022503 0.011837 0.005539 0.002246 0.000820 0.000246 0.000075 0.000027 0.000003 0.000001 0.000000 0.000000 0.000000 0.000000 0.000000 0.000000 
t: 0.013953488372 start: 30 end: 66 0.000002 0.000010 0.000023 0.000078 0.000241 0.000698 0.001705 0.004059 0.008710 0.016884 0.029535 0.047557 0.070250 0.092395 0.111851 0.122797 0.123238 0.111607 0.091497 0.067713 0.045510 0.027054 0.014813 0.007124 0.003027 0.001101 0.000372 0.000101 0.000040 0.000007 0.000001 0.000000 0.000000 0.000000 0.000000 0.000000 0.000000 
t: 0.013636363636 start: 30 end: 66 0.000002 0.000006 0.000009 0.000057 0.000172 0.000493 0.001288 0.003014 0.006949 0.013851 0.024784 0.040934 0.062367 0.085308 0.106679 0.120531 0.124209 0.116950 0.099128 0.075155 0.052144 0.032711 0.017901 0.009139 0.003963 0.001505 0.000529 0.000158 0.000053 0.000009 0.000001 0.000001 0.000000 0.000000 0.000000 0.000000 0.000000 
t: 0.013333333333 start: 30 end: 66 0.000002 0.000004 0.000006 0.000038 0.000115 0.000362 0.000967 0.002338 0.005376 0.011199 0.020804 0.034912 0.055366 0.077980 0.100646 0.117380 0.124503 0.120603 0.105760 0.082917 0.059293 0.038132 0.021777 0.011207 0.005247 0.002042 0.000709 0.000232 0.000057 0.000024 0.000001 0.000001 0.000000 0.000000 0.000000 0.000000 0.000000 
t: 0.013043478261 start: 30 end: 66 0.000001 0.000004 0.000005 0.000019 0.000082 0.000262 0.000718 0.001766 0.004193 0.009103 0.017321 0.029883 0.048511 0.070780 0.094410 0.112976 0.123470 0.123799 0.111326 0.090335 0.066720 0.043862 0.026018 0.013778 0.006540 0.002738 0.000955 0.000305 0.000084 0.000031 0.000004 0.000001 0.000000 0.000000 0.000000 0.000000 0.000000 
t: 0.012765957447 start: 31 end: 66 0.000004 0.000004 0.000014 0.000048 0.000187 0.000532 0.001390 0.003242 0.007277 0.014286 0.025704 0.042283 0.063681 0.088004 0.108058 0.121433 0.125611 0.116058 0.097451 0.073840 0.050170 0.030495 0.016738 0.008059 0.003560 0.001292 0.000418 0.000112 0.000043 0.000005 0.000001 0.000000 0.000000 0.000000 0.000000 0.000000 
t: 0.012500000000 start: 31 end: 66 0.000003 0.000004 0.000009 0.000038 0.000119 0.000411 0.001039 0.002561 0.005853 0.011718 0.021752 0.036897 0.057182 0.081154 0.102833 0.118705 0.126151 0.119997 0.103375 0.081226 0.056677 0.035446 0.019966 0.010000 0.004416 0.001680 0.000555 0.000172 0.000054 0.000006 0.000001 0.000000 0.000000 0.000000 0.000000 0.000000 
t: 0.012244897959 start: 31 end: 66 0.000002 0.000002 0.000008 0.000026 0.000072 0.000294 0.000788 0.002010 0.004676 0.009665 0.018361 0.032074 0.051096 0.074095 0.097311 0.115297 0.125388 0.123580 0.108823 0.087779 0.063552 0.040622 0.023586 0.012144 0.005552 0.002137 0.000752 0.000222 0.000074 0.000010 0.000002 0.000000 0.000000 0.000000 0.000000 0.000000 
t: 0.012000000000 start: 31 end: 66 0.000001 0.000002 0.000004 0.000019 0.000051 0.000208 0.000626 0.001512 0.003788 0.007862 0.015556 0.027717 0.045509 0.067413 0.091118 0.111400 0.124160 0.125584 0.113973 0.094183 0.069967 0.046155 0.027681 0.014567 0.006797 0.002748 0.000998 0.000288 0.000095 0.000016 0.000002 0.000000 0.000000 0.000000 0.000000 0.000000 
t: 0.011764705882 start: 32 end: 66 0.000002 0.000003 0.000012 0.000038 0.000146 0.000473 0.001211 0.003012 0.006493 0.012975 0.023858 0.040240 0.061497 0.084737 0.106636 0.122168 0.126667 0.118216 0.100197 0.076710 0.051878 0.031963 0.017230 0.008366 0.003444 0.001266 0.000403 0.000118 0.000036 0.000005 0.000000 0.000000 0.000000 0.000000 0.000000 
t: 0.011538461538 start: 32 end: 66 0.000002 0.000002 0.000009 0.000027 0.000102 0.000359 0.000950 0.002328 0.005450 0.010983 0.020401 0.035381 0.055433 0.078839 0.101866 0.119060 0.127025 0.121761 0.105676 0.082811 0.058192 0.036450 0.020155 0.010126 0.004313 0.001539 0.000558 0.000147 0.000048 0.000007 0.000000 0.000000 0.000000 0.000000 0.000000 
t: 0.011320754717 start: 32 end: 66 0.000002 0.000001 0.000004 0.000027 0.000066 0.000287 0.000719 0.001851 0.004372 0.009230 0.017649 0.030843 0.050019 0.072943 0.096330 0.115813 0.126401 0.124419 0.110812 0.089200 0.063982 0.041270 0.023490 0.012107 0.005236 0.001947 0.000709 0.000203 0.000058 0.000010 0.000000 0.000000 0.000000 0.000000 0.000000 
t: 0.011111111111 start: 32 end: 66 0.000001 0.000001 0.000004 0.000017 0.000053 0.000219 0.000549 0.001471 0.003542 0.007649 0.015260 0.026929 0.045013 0.066960 0.090551 0.112356 0.125056 0.126368 0.115111 0.095275 0.069970 0.046297 0.026947 0.014293 0.006448 0.002432 0.000882 0.000263 0.000065 0.000016 0.000002 0.000000 0.000000 0.000000 0.000000 
t: 0.010909090909 start: 32 end: 66 0.000001 0.000000 0.000004 0.000010 0.000043 0.000159 0.000436 0.001177 0.002868 0.006424 0.013029 0.023595 0.040181 0.061416 0.085190 0.107718 0.123119 0.127667 0.118940 0.100784 0.075758 0.051863 0.030646 0.016581 0.007817 0.003047 0.001078 0.000345 0.000083 0.000019 0.000002 0.000000 0.000000 0.000000 0.000000 
t: 0.010714285714 start: 32 end: 66 0.000001 0.000000 0.000001 0.000010 0.000031 0.000124 0.000334 0.000913 0.002386 0.005317 0.011040 0.020652 0.035731 0.056176 0.079886 0.102959 0.120473 0.127985 0.122530 0.105676 0.081854 0.057131 0.034727 0.019099 0.009274 0.003775 0.001336 0.000439 0.000112 0.000023 0.000005 0.000000 0.000000 0.000000 0.000000 
t: 0.010526315789 start: 32 end: 66 0.000001 0.000000 0.000001 0.000005 0.000026 0.000096 0.000277 0.000706 0.001892 0.004468 0.009329 0.018117 0.031710 0.051190 0.074332 0.097938 0.117442 0.128173 0.124984 0.110465 0.087498 0.062463 0.039111 0.021883 0.010943 0.004569 0.001657 0.000554 0.000130 0.000035 0.000003 0.000002 0.000000 0.000000 0.000000 
t: 0.010344827586 start: 32 end: 66 0.000001 0.000000 0.000000 0.000004 0.000020 0.000065 0.000225 0.000572 0.001521 0.003755 0.007871 0.015704 0.028354 0.046237 0.069064 0.093069 0.113972 0.127337 0.127071 0.114647 0.092781 0.067905 0.043970 0.024736 0.012726 0.005442 0.002052 0.000676 0.000173 0.000042 0.000006 0.000002 0.000000 0.000000 0.000000 
t: 0.010169491525 start: 32 end: 66 0.000001 0.000000 0.000000 0.000003 0.000013 0.000056 0.000180 0.000451 0.001260 0.003082 0.006678 0.013517 0.025258 0.041731 0.063908 0.088102 0.110230 0.125853 0.128441 0.118577 0.098188 0.073253 0.048509 0.028012 0.014515 0.006547 0.002523 0.000818 0.000230 0.000051 0.000011 0.000002 0.000000 0.000000 0.000000 
t: 0.010000000000 start: 33 end: 66 0.000001 0.000000 0.000000 0.000013 0.000043 0.000141 0.000365 0.001012 0.002574 0.005719 0.011624 0.022198 0.037659 0.059184 0.082872 0.106141 0.124288 0.128802 0.122026 0.103360 0.078551 0.053089 0.031594 0.016665 0.007719 0.002969 0.001033 0.000276 0.000064 0.000016 0.000002 0.000000 0.000000 0.000000 
t: 0.008448275866 start: 35 end: 66 0.000001 0.000000 0.000003 0.000013 0.000024 0.000109 0.000327 0.000867 0.002181 0.005251 0.011030 0.020923 0.037046 0.058323 0.083568 0.108601 0.126649 0.133350 0.125008 0.105122 0.077844 0.050778 0.029221 0.014704 0.006059 0.002185 0.000636 0.000148 0.000024 0.000004 0.000001 0.000000 
t: 0.007313432839 start: 38 end: 66 0.000001 0.000003 0.000014 0.000051 0.000163 0.000425 0.001137 0.002837 0.006508 0.013726 0.025988 0.044429 0.068461 0.096094 0.120411 0.135031 0.135398 0.120309 0.094539 0.064088 0.038401 0.019480 0.008475 0.002959 0.000869 0.000184 0.000017 0.000002 0.000000 
t: 0.006447368423 start: 41 end: 66 0.000007 0.000027 0.000079 0.000289 0.000745 0.002005 0.004778 0.010394 0.021083 0.037763 0.060971 0.089469 0.116606 0.136123 0.140975 0.128785 0.102758 0.071048 0.042183 0.021159 0.008927 0.002907 0.000770 0.000131 0.000016 0.000002 
t: 0.005764705884 start: 42 end: 66 0.000002 0.000019 0.000074 0.000187 0.000645 0.001660 0.004144 0.009396 0.019104 0.035559 0.059479 0.088421 0.117470 0.139269 0.145558 0.132744 0.104932 0.070949 0.040766 0.019395 0.007457 0.002214 0.000480 0.000073 0.000003 
t: 0.005212765959 start: 43 end: 66 0.000004 0.000021 0.000052 0.000196 0.000586 0.001656 0.004283 0.009344 0.019780 0.036880 0.062108 0.092392 0.123609 0.145189 0.148704 0.132954 0.100964 0.065000 0.034719 0.015100 0.005057 0.001191 0.000199 0.000012 
t: 0.004757281555 start: 43 end: 66 0.000001 0.000005 0.000019 0.000062 0.000204 0.000636 0.001896 0.004653 0.010809 0.022382 0.041359 0.068909 0.102175 0.132762 0.152107 0.150510 0.127707 0.091083 0.053989 0.026142 0.009544 0.002551 0.000458 0.000037 
t: 0.004375000001 start: 45 end: 66 0.000009 0.000027 0.000068 0.000255 0.000835 0.002260 0.005912 0.013426 0.026795 0.049346 0.080648 0.115410 0.144712 0.158365 0.147904 0.115993 0.076057 0.039833 0.016350 0.004767 0.000951 0.000077 
t: 0.004049586778 start: 46 end: 66 0.000012 0.000038 0.000114 0.000371 0.001110 0.003164 0.007903 0.017299 0.034797 0.061417 0.096655 0.131728 0.157811 0.160210 0.137504 0.098353 0.056388 0.025289 0.007932 0.001743 0.000162 
t: 0.003769230770 start: 46 end: 66 0.000002 0.000016 0.000056 0.000173 0.000579 0.001738 0.004640 0.011008 0.024110 0.045711 0.078782 0.116639 0.150520 0.165968 0.154602 0.119471 0.074406 0.035982 0.012407 0.002884 0.000306 
t: 0.003525179857 start: 47 end: 66 0.000008 0.000023 0.000086 0.000299 0.000981 0.002738 0.007122 0.016580 0.033888 0.063066 0.100126 0.139699 0.165560 0.166795 0.138494 0.093170 0.048235 0.018155 0.004454 0.000521 
t: 0.003310810811 start: 47 end: 66 0.000004 0.000009 0.000048 0.000168 0.000550 0.001614 0.004589 0.011434 0.025168 0.049395 0.084804 0.126641 0.160642 0.173760 0.155533 0.111070 0.062144 0.024992 0.006621 0.000814 
t: 0.003121019109 start: 47 end: 66 0.000002 0.000003 0.000023 0.000101 0.000311 0.000981 0.003032 0.007756 0.018557 0.038562 0.070979 0.112966 0.153177 0.176238 0.168416 0.128859 0.076582 0.032970 0.009258 0.001227 
t: 0.002951807229 start: 47 end: 66 0.000001 0.000001 0.000014 0.000049 0.000186 0.000604 0.001941 0.005448 0.013525 0.030257 0.058588 0.099433 0.143757 0.175643 0.177470 0.145337 0.091447 0.041975 0.012544 0.001780 
t: 0.002800000000 start: 48 end: 66 0.000001 0.000005 0.000024 0.000109 0.000371 0.001265 0.003786 0.009921 0.023359 0.048424 0.086805 0.133250 0.172159 0.183638 0.159884 0.106371 0.051898 0.016239 0.002491 
t: 0.002663043479 start: 49 end: 66 0.000001 0.000020 0.000066 0.000222 0.000835 0.002608 0.007332 0.018182 0.039727 0.074873 0.122372 0.166526 0.187432 0.172274 0.121144 0.062536 0.020573 0.003277 
t: 0.002538860104 start: 49 end: 66 0.000001 0.000011 0.000034 0.000143 0.000569 0.001815 0.005482 0.014119 0.032548 0.064543 0.111040 0.159183 0.189292 0.182386 0.135840 0.073123 0.025596 0.004275 
t: 0.002425742574 start: 50 end: 66 0.000006 0.000022 0.000094 0.000380 0.001263 0.004059 0.011043 0.026492 0.055601 0.100249 0.151126 0.188530 0.190714 0.149539 0.084349 0.031036 0.005497 
t: 0.002322274882 start: 50 end: 66 0.000004 0.000011 0.000052 0.000278 0.000863 0.003059 0.008591 0.021772 0.047583 0.090094 0.142549 0.186206 0.197184 0.162040 0.095771 0.037127 0.006816 
t: 0.002227272727 start: 51 end: 66 0.000012 0.000038 0.000162 0.000647 0.002246 0.006681 0.017727 0.040887 0.080747 0.133457 0.182498 0.202106 0.173484 0.107566 0.043395 0.008347 
t: 0.002139737991 start: 51 end: 66 0.000007 0.000032 0.000103 0.000471 0.001704 0.005281 0.014549 0.035024 0.072008 0.124447 0.177690 0.204936 0.184401 0.119126 0.050116 0.010105 
t: 0.002058823530 start: 51 end: 66 0.000005 0.000024 0.000070 0.000354 0.001288 0.004157 0.011912 0.029867 0.064084 0.115987 0.172160 0.206657 0.193685 0.130495 0.057278 0.011977 
t: 0.001983805668 start: 51 end: 66 0.000002 0.000019 0.000054 0.000233 0.001009 0.003331 0.009769 0.025409 0.057267 0.107284 0.166059 0.207256 0.202025 0.141699 0.064427 0.014157 
t: 0.001914062500 start: 51 end: 66 0.000001 0.000015 0.000041 0.000173 0.000757 0.002679 0.008001 0.021751 0.050987 0.099133 0.159336 0.207014 0.208916 0.152811 0.071915 0.016470 
t: 0.001849056604 start: 51 end: 66 0.000001 0.000012 0.000027 0.000133 0.000571 0.002128 0.006596 0.018620 0.045276 0.091342 0.152890 0.205357 0.215194 0.163163 0.079690 0.019000 
t: 0.001788321168 start: 51 end: 66 0.000001 0.000008 0.000022 0.000097 0.000449 0.001696 0.005532 0.015895 0.040149 0.084109 0.145919 0.203275 0.220251 0.173504 0.087454 0.021639 
t: 0.001731448763 start: 51 end: 66 0.000001 0.000005 0.000019 0.000078 0.000334 0.001309 0.004656 0.013689 0.035423 0.077581 0.138953 0.200451 0.224459 0.183143 0.095455 0.024444 
t: 0.001678082192 start: 51 end: 66 0.000001 0.000004 0.000016 0.000061 0.000266 0.001038 0.003810 0.011877 0.031484 0.071308 0.132173 0.197082 0.227861 0.192002 0.103539 0.027478 
t: 0.001627906977 start: 51 end: 66 0.000001 0.000003 0.000010 0.000055 0.000185 0.000879 0.003174 0.010117 0.028019 0.065652 0.125356 0.192996 0.230877 0.200268 0.111789 0.030619 
t: 0.001580645161 start: 51 end: 66 0.000001 0.000002 0.000008 0.000035 0.000152 0.000690 0.002666 0.008788 0.024939 0.060143 0.118746 0.189063 0.232457 0.208493 0.120019 0.033798 
t: 0.001536050157 start: 53 end: 66 0.000008 0.000027 0.000123 0.000572 0.002255 0.007574 0.022242 0.055126 0.112619 0.184103 0.233814 0.215957 0.128362 0.037218 
t: 0.001493902439 start: 53 end: 66 0.000005 0.000022 0.000093 0.000468 0.001896 0.006551 0.019846 0.050623 0.106555 0.179181 0.234809 0.222921 0.136324 0.040706 
t: 0.001454005935 start: 53 end: 66 0.000004 0.000017 0.000070 0.000376 0.001618 0.005703 0.017739 0.046464 0.100706 0.174393 0.234615 0.229646 0.144423 0.044226 
t: 0.001416184971 start: 53 end: 66 0.000001 0.000013 0.000062 0.000295 0.001379 0.004944 0.015856 0.042728 0.094942 0.169436 0.234202 0.235732 0.152320 0.048090 
t: 0.001380281690 start: 53 end: 66 0.000001 0.000011 0.000048 0.000244 0.001180 0.004311 0.014201 0.039257 0.089648 0.164263 0.233350 0.241537 0.160088 0.051861 
t: 0.001346153846 start: 53 end: 66 0.000001 0.000006 0.000037 0.000204 0.000997 0.003783 0.012683 0.036140 0.084805 0.159222 0.231977 0.246452 0.167995 0.055698 
t: 0.001313672922 start: 54 end: 66 0.000006 0.000028 0.000165 0.000861 0.003273 0.011404 0.033149 0.080086 0.154188 0.230318 0.251112 0.175737 0.059673 
t: 0.001282722513 start: 54 end: 66 0.000005 0.000024 0.000143 0.000714 0.002876 0.010245 0.030482 0.075464 0.149266 0.228666 0.255039 0.183292 0.063784 
t: 0.001253196931 start: 54 end: 66 0.000004 0.000019 0.000120 0.000577 0.002541 0.009240 0.028126 0.071193 0.143998 0.226816 0.258770 0.190690 0.067906 
t: 0.001225000000 start: 54 end: 66 0.000002 0.000019 0.000099 0.000473 0.002224 0.008363 0.025853 0.067176 0.139299 0.224249 0.262209 0.197867 0.072167 
t: 0.001198044010 start: 54 end: 66 0.000002 0.000015 0.000085 0.000406 0.001973 0.007443 0.023798 0.063356 0.134666 0.221765 0.265112 0.204865 0.076514 
t: 0.001172248804 start: 54 end: 66 0.000002 0.000013 0.000068 0.000363 0.001745 0.006686 0.021910 0.059806 0.130195 0.218969 0.267704 0.211571 0.080968 
t: 0.001147540984 start: 54 end: 66 0.000002 0.000010 0.000061 0.000309 0.001517 0.006064 0.020275 0.056493 0.125451 0.216198 0.270048 0.218264 0.085308 
t: 0.001123853211 start: 54 end: 66 0.000002 0.000007 0.000052 0.000262 0.001350 0.005464 0.018728 0.053478 0.120930 0.213132 0.272072 0.224710 0.089813 
t: 0.001101123596 start: 55 end: 66 0.000008 0.000043 0.000230 0.001186 0.004964 0.017269 0.050606 0.116375 0.210165 0.273850 0.230862 0.094442 
t: 0.001079295154 start: 55 end: 66 0.000006 0.000036 0.000200 0.001069 0.004466 0.015967 0.047861 0.112363 0.206838 0.275264 0.237068 0.098862 
t: 0.001058315335 start: 55 end: 66 0.000005 0.000035 0.000176 0.000943 0.004085 0.014735 0.045287 0.108426 0.203503 0.276365 0.242970 0.103470 
t: 0.001038135593 start: 55 end: 66 0.000005 0.000031 0.000156 0.000839 0.003684 0.013688 0.042757 0.104571 0.200231 0.277110 0.248822 0.108106 
t: 0.001018711019 start: 55 end: 66 0.000003 0.000029 0.000135 0.000764 0.003322 0.012699 0.040454 0.100598 0.197091 0.277867 0.254225 0.112813 
t: 0.001000000000 start: 55 end: 66 0.000002 0.000021 0.000122 0.000693 0.003021 0.011854 0.038193 0.097109 0.193626 0.278452 0.259498 0.117409 
