t: 0.059999999999 start: 11 end: 44 0.000004 0.000018 0.000126 0.000461 0.001671 0.005016 0.013001 0.028150 0.053432 0.084736 0.117044 0.141119 0.147088 0.133980 0.106957 0.075199 0.046341 0.025520 0.012137 0.005183 0.001911 0.000638 0.000202 0.000059 0.000006 0.000000 0.000001 0.000000 0.000000 0.000000 0.000000 0.000000 0.000000 0.000000 
t: 0.054545454544 start: 12 end: 47 0.000001 0.000019 0.000074 0.000338 0.001165 0.003804 0.009569 0.021516 0.042265 0.069882 0.101075 0.128726 0.142798 0.138837 0.119260 0.090497 0.060141 0.036282 0.018924 0.009062 0.003767 0.001362 0.000465 0.000124 0.000037 0.000006 0.000003 0.000001 0.000000 0.000000 0.000000 0.000000 0.000000 0.000000 0.000000 0.000000 
t: 0.049999999999 start: 12 end: 48 0.000001 0.000003 0.000014 0.000065 0.000239 0.001012 0.002996 0.007543 0.017746 0.034841 0.058880 0.088754 0.117509 0.135677 0.139763 0.125952 0.101151 0.072205 0.046516 0.026184 0.013263 0.005970 0.002478 0.000824 0.000299 0.000088 0.000020 0.000006 0.000001 0.000000 0.000000 0.000000 0.000000 0.000000 0.000000 0.000000 0.000000 
t: 0.046153846153 start: 14 end: 49 0.000004 0.000013 0.000056 0.000236 0.000851 0.002474 0.006470 0.015225 0.030003 0.051872 0.079209 0.108123 0.129289 0.137412 0.129419 0.108160 0.081631 0.054833 0.032918 0.017516 0.008499 0.003665 0.001424 0.000471 0.000157 0.000059 0.000007 0.000004 0.000000 0.000000 0.000000 0.000000 0.000000 0.000000 0.000000 0.000000 
t: 0.042857142857 start: 14 end: 51 0.000001 0.000004 0.000011 0.000066 0.000205 0.000743 0.002230 0.006047 0.013529 0.026853 0.047066 0.073390 0.100521 0.123480 0.134774 0.129681 0.113200 0.088496 0.060923 0.038381 0.021434 0.010913 0.004982 0.001957 0.000779 0.000240 0.000063 0.000022 0.000006 0.000003 0.000000 0.000000 0.000000 0.000000 0.000000 0.000000 0.000000 0.000000 
t: 0.040000000000 start: 16 end: 52 0.000002 0.000021 0.000059 0.000201 0.000733 0.002236 0.005642 0.012742 0.025171 0.044314 0.068667 0.095916 0.118947 0.131447 0.130483 0.114957 0.091958 0.065953 0.042671 0.024665 0.013038 0.006178 0.002519 0.000980 0.000354 0.000101 0.000029 0.000013 0.000003 0.000000 0.000000 0.000000 0.000000 0.000000 0.000000 0.000000 0.000000 
t: 0.037500000000 start: 18 end: 53 0.000015 0.000078 0.000214 0.000773 0.002239 0.005540 0.012492 0.024495 0.042564 0.066482 0.093073 0.115480 0.129187 0.128875 0.116187 0.094739 0.068687 0.045071 0.027331 0.014605 0.006944 0.003096 0.001227 0.000395 0.000154 0.000041 0.000012 0.000004 0.000000 0.000000 0.000000 0.000000 0.000000 0.000000 0.000000 0.000000 
t: 0.035294117647 start: 18 end: 54 0.000005 0.000020 0.000067 0.000250 0.000827 0.002347 0.005861 0.012759 0.024448 0.042547 0.065413 0.091494 0.113790 0.126858 0.127974 0.115998 0.095113 0.070171 0.047019 0.028469 0.015476 0.007606 0.003420 0.001323 0.000512 0.000157 0.000058 0.000014 0.000004 0.000000 0.000000 0.000000 0.000000 0.000000 0.000000 0.000000 0.000000 
t: 0.033333333333 start: 18 end: 55 0.000001 0.000005 0.000019 0.000086 0.000309 0.000951 0.002568 0.006303 0.013202 0.025421 0.043219 0.066111 0.091192 0.113268 0.125137 0.126751 0.115241 0.094223 0.070191 0.047327 0.029055 0.015668 0.007950 0.003517 0.001473 0.000540 0.000201 0.000052 0.000014 0.000005 0.000000 0.000000 0.000000 0.000000 0.000000 0.000000 0.000000 0.000000 
t: 0.031578947368 start: 19 end: 56 0.000002 0.000013 0.000021 0.000111 0.000374 0.001113 0.003023 0.006855 0.014341 0.026862 0.045047 0.067464 0.092697 0.112615 0.124678 0.125155 0.113420 0.092771 0.069219 0.046428 0.028418 0.015697 0.007808 0.003560 0.001447 0.000584 0.000189 0.000069 0.000018 0.000001 0.000000 0.000000 0.000000 0.000000 0.000000 0.000000 0.000000 0.000000 
t: 0.030000000000 start: 20 end: 57 0.000004 0.000008 0.000035 0.000139 0.000504 0.001386 0.003433 0.007780 0.015912 0.029070 0.047437 0.070373 0.094651 0.113613 0.123903 0.123712 0.110530 0.090101 0.066967 0.044949 0.027370 0.015081 0.007503 0.003329 0.001367 0.000582 0.000186 0.000063 0.000008 0.000004 0.000000 0.000000 0.000000 0.000000 0.000000 0.000000 0.000000 0.000000 
t: 0.028571428571 start: 21 end: 59 0.000003 0.000019 0.000049 0.000196 0.000660 0.001731 0.004094 0.008946 0.017934 0.031614 0.051148 0.074316 0.097351 0.114711 0.123923 0.121331 0.107528 0.086737 0.063861 0.042591 0.025423 0.013863 0.006915 0.003053 0.001265 0.000503 0.000176 0.000041 0.000014 0.000003 0.000001 0.000000 0.000000 0.000000 0.000000 0.000000 0.000000 0.000000 0.000000 
t: 0.027272727273 start: 21 end: 60 0.000002 0.000004 0.000026 0.000084 0.000262 0.000800 0.002256 0.004971 0.010584 0.020505 0.035424 0.055409 0.078481 0.100567 0.116397 0.123939 0.119022 0.103398 0.082776 0.059670 0.039028 0.023206 0.012602 0.006076 0.002793 0.001101 0.000427 0.000132 0.000044 0.000009 0.000004 0.000000 0.000001 0.000000 0.000000 0.000000 0.000000 0.000000 0.000000 0.000000 
t: 0.026086956522 start: 21 end: 61 0.000002 0.000002 0.000007 0.000035 0.000119 0.000412 0.001103 0.002724 0.006147 0.012882 0.023704 0.039794 0.060634 0.083511 0.103781 0.118534 0.123333 0.115965 0.099103 0.077129 0.055010 0.035269 0.020662 0.011163 0.005261 0.002318 0.000899 0.000336 0.000118 0.000032 0.000006 0.000004 0.000001 0.000000 0.000000 0.000000 0.000000 0.000000 0.000000 0.000000 0.000000 
t: 0.025000000000 start: 22 end: 61 0.000002 0.000005 0.000011 0.000055 0.000175 0.000537 0.001520 0.003531 0.007594 0.015446 0.027785 0.045324 0.066443 0.088444 0.108616 0.120100 0.121464 0.112498 0.093475 0.071335 0.049702 0.031028 0.018089 0.009448 0.004371 0.001861 0.000763 0.000253 0.000095 0.000024 0.000005 0.000000 0.000001 0.000000 0.000000 0.000000 0.000000 0.000000 0.000000 0.000000 
t: 0.024000000000 start: 22 end: 62 0.000001 0.000002 0.000006 0.000024 0.000089 0.000257 0.000765 0.002063 0.004530 0.009581 0.018912 0.032563 0.051297 0.072761 0.094816 0.112608 0.120505 0.119941 0.107213 0.086997 0.065179 0.043938 0.027288 0.014983 0.007798 0.003563 0.001492 0.000543 0.000199 0.000067 0.000016 0.000002 0.000000 0.000001 0.000000 0.000000 0.000000 0.000000 0.000000 0.000000 0.000000 
t: 0.023076923077 start: 23 end: 63 0.000002 0.000002 0.000014 0.000040 0.000122 0.000420 0.001097 0.002686 0.005992 0.012355 0.022909 0.038146 0.057970 0.080197 0.101161 0.115459 0.121725 0.116086 0.101032 0.080480 0.057965 0.038190 0.022695 0.012449 0.006274 0.002787 0.001123 0.000419 0.000141 0.000047 0.000013 0.000001 0.000000 0.000001 0.000000 0.000000 0.000000 0.000000 0.000000 0.000000 0.000000 
t: 0.022222222222 start: 23 end: 63 0.000002 0.000000 0.000007 0.000020 0.000070 0.000196 0.000615 0.001573 0.003688 0.008073 0.015468 0.027882 0.044770 0.065611 0.087924 0.106388 0.118541 0.121158 0.111863 0.093733 0.072449 0.050946 0.032286 0.018551 0.009993 0.004850 0.002079 0.000847 0.000284 0.000094 0.000033 0.000004 0.000001 0.000001 0.000000 0.000000 0.000000 0.000000 0.000000 0.000000 0.000000 
t: 0.021428571428 start: 24 end: 64 0.000002 0.000001 0.000018 0.000031 0.000114 0.000329 0.000901 0.002156 0.005184 0.010429 0.019988 0.033696 0.052189 0.074302 0.095026 0.112313 0.120351 0.118309 0.105489 0.085988 0.064258 0.043242 0.026858 0.015092 0.007783 0.003581 0.001498 0.000611 0.000173 0.000068 0.000016 0.000003 0.000000 0.000001 0.000000 0.000000 0.000000 0.000000 0.000000 0.000000 0.000000 
t: 0.020689655172 start: 25 end: 65 0.000002 0.000009 0.000016 0.000059 0.000174 0.000502 0.001325 0.003309 0.006968 0.013888 0.024900 0.040680 0.060916 0.082604 0.102964 0.116377 0.120914 0.113575 0.098342 0.077239 0.055434 0.036340 0.021724 0.011825 0.005750 0.002558 0.001034 0.000395 0.000138 0.000031 0.000004 0.000002 0.000002 0.000000 0.000000 0.000000 0.000000 0.000000 0.000000 0.000000 0.000000 
t: 0.020000000000 start: 26 end: 65 0.000003 0.000011 0.000035 0.000104 0.000270 0.000805 0.001977 0.004691 0.009549 0.018124 0.030999 0.048948 0.069872 0.092051 0.109286 0.119414 0.119267 0.108031 0.089404 0.067928 0.046650 0.029678 0.017153 0.008880 0.004041 0.001782 0.000686 0.000266 0.000078 0.000011 0.000004 0.000000 0.000002 0.000000 0.000000 0.000000 0.000000 0.000000 0.000000 0.000000 
t: 0.019354838710 start: 27 end: 66 0.000003 0.000015 0.000060 0.000160 0.000462 0.001240 0.003116 0.006562 0.012995 0.023119 0.038698 0.058170 0.079854 0.100218 0.114940 0.120657 0.115096 0.100239 0.080106 0.058205 0.038625 0.023555 0.012898 0.006358 0.002816 0.001160 0.000481 0.000139 0.000039 0.000010 0.000002 0.000002 0.000000 0.000000 0.000000 0.000000 0.000000 0.000000 0.000000 0.000000 
t: 0.018750000000 start: 27 end: 66 0.000002 0.000010 0.000025 0.000092 0.000278 0.000779 0.001980 0.004432 0.009130 0.017317 0.030233 0.047002 0.068335 0.089728 0.107632 0.118896 0.119238 0.109410 0.090835 0.070295 0.048485 0.031127 0.017878 0.009439 0.004356 0.001921 0.000763 0.000260 0.000094 0.000020 0.000006 0.000002 0.000000 0.000000 0.000000 0.000000 0.000000 0.000000 0.000000 0.000000 
t: 0.018181818182 start: 27 end: 66 0.000002 0.000003 0.000019 0.000047 0.000167 0.000472 0.001255 0.003019 0.006383 0.012620 0.023280 0.037805 0.057027 0.078769 0.098878 0.114558 0.120332 0.115348 0.101306 0.081121 0.059277 0.039663 0.023898 0.013290 0.006628 0.002914 0.001235 0.000458 0.000156 0.000056 0.000009 0.000005 0.000000 0.000000 0.000000 0.000000 0.000000 0.000000 0.000000 0.000000 
t: 0.017647058823 start: 28 end: 66 0.000002 0.000010 0.000027 0.000107 0.000295 0.000790 0.002020 0.004403 0.009167 0.017575 0.030196 0.046838 0.068109 0.089200 0.107750 0.118558 0.119057 0.109428 0.091452 0.070118 0.048844 0.031189 0.017987 0.009469 0.004401 0.001863 0.000755 0.000266 0.000088 0.000031 0.000005 0.000000 0.000000 0.000000 0.000000 0.000000 0.000000 0.000000 0.000000 
t: 0.017142857143 start: 28 end: 67 0.000002 0.000003 0.000011 0.000072 0.000181 0.000512 0.001328 0.003071 0.006645 0.013107 0.023507 0.038292 0.057937 0.079491 0.099390 0.114447 0.120094 0.115311 0.100399 0.080778 0.058581 0.039184 0.023594 0.013038 0.006339 0.002879 0.001183 0.000411 0.000151 0.000047 0.000013 0.000002 0.000000 0.000000 0.000000 0.000000 0.000000 0.000000 0.000000 0.000000 
t: 0.016666666667 start: 28 end: 68 0.000001 0.000002 0.000007 0.000039 0.000114 0.000335 0.000888 0.002081 0.004803 0.009665 0.018234 0.030925 0.048344 0.069491 0.090544 0.108727 0.118520 0.119137 0.108176 0.090228 0.068687 0.047700 0.030094 0.017415 0.008869 0.004178 0.001809 0.000651 0.000229 0.000080 0.000024 0.000002 0.000001 0.000000 0.000000 0.000000 0.000000 0.000000 0.000000 0.000000 0.000000 
t: 0.016216216216 start: 29 end: 68 0.000002 0.000005 0.000021 0.000067 0.000209 0.000610 0.001415 0.003360 0.007180 0.013844 0.024628 0.040315 0.059716 0.081471 0.101445 0.115203 0.120651 0.113437 0.099358 0.078244 0.056847 0.037529 0.022390 0.012072 0.005771 0.002639 0.001016 0.000385 0.000123 0.000041 0.000004 0.000002 0.000000 0.000000 0.000000 0.000000 0.000000 0.000000 0.000000 0.000000 
t: 0.015789473684 start: 29 end: 68 0.000001 0.000002 0.000013 0.000040 0.000136 0.000393 0.000984 0.002361 0.005243 0.010561 0.019339 0.033279 0.050967 0.072013 0.093122 0.110603 0.118973 0.117853 0.106770 0.087705 0.066079 0.045423 0.028203 0.015827 0.008008 0.003704 0.001521 0.000604 0.000197 0.000061 0.000011 0.000004 0.000000 0.000000 0.000000 0.000000 0.000000 0.000000 0.000000 0.000000 
t: 0.015384615385 start: 30 end: 68 0.000003 0.000007 0.000024 0.000087 0.000261 0.000662 0.001686 0.003797 0.008022 0.015239 0.026984 0.042887 0.063124 0.084746 0.103740 0.116749 0.119863 0.112760 0.096064 0.075436 0.053418 0.034866 0.020198 0.010797 0.005017 0.002254 0.000882 0.000299 0.000095 0.000026 0.000007 0.000000 0.000000 0.000000 0.000000 0.000000 0.000000 0.000000 0.000000 
t: 0.015000000000 start: 30 end: 68 0.000002 0.000004 0.000011 0.000052 0.000174 0.000455 0.001201 0.002785 0.005969 0.011936 0.021719 0.035959 0.054658 0.075726 0.096565 0.112804 0.120192 0.117148 0.103438 0.084081 0.061999 0.041745 0.025405 0.014088 0.006856 0.003105 0.001266 0.000450 0.000151 0.000046 0.000010 0.000000 0.000000 0.000000 0.000000 0.000000 0.000000 0.000000 0.000000 
t: 0.014634146341 start: 31 end: 69 0.000004 0.000010 0.000027 0.000105 0.000327 0.000840 0.001996 0.004491 0.009325 0.017297 0.029884 0.046942 0.067293 0.089050 0.107246 0.118375 0.120129 0.110053 0.091721 0.070846 0.049123 0.031023 0.017849 0.009021 0.004271 0.001777 0.000651 0.000236 0.000068 0.000015 0.000005 0.000000 0.000000 0.000000 0.000000 0.000000 0.000000 0.000000 0.000000 
t: 0.014285714286 start: 31 end: 69 0.000002 0.000007 0.000023 0.000061 0.000223 0.000593 0.001435 0.003367 0.007134 0.013841 0.024684 0.040009 0.059382 0.081151 0.101004 0.115035 0.120957 0.114997 0.099378 0.078901 0.057193 0.037288 0.022063 0.011710 0.005659 0.002507 0.000937 0.000329 0.000096 0.000028 0.000006 0.000000 0.000000 0.000000 0.000000 0.000000 0.000000 0.000000 0.000000 
t: 0.013953488372 start: 32 end: 70 0.000005 0.000015 0.000055 0.000145 0.000417 0.001009 0.002426 0.005563 0.011001 0.020145 0.033793 0.051828 0.073468 0.094147 0.110553 0.120646 0.118476 0.105817 0.086958 0.064992 0.044000 0.026943 0.014728 0.007514 0.003315 0.001358 0.000472 0.000160 0.000040 0.000010 0.000001 0.000000 0.000000 0.000000 0.000000 0.000000 0.000000 0.000000 0.000000 
t: 0.013636363636 start: 32 end: 70 0.000002 0.000010 0.000034 0.000110 0.000292 0.000735 0.001782 0.004258 0.008747 0.016265 0.028429 0.044913 0.066075 0.086793 0.105624 0.118086 0.120607 0.111680 0.094133 0.073171 0.050710 0.032329 0.018387 0.009563 0.004414 0.001858 0.000693 0.000223 0.000057 0.000014 0.000005 0.000001 0.000000 0.000000 0.000000 0.000000 0.000000 0.000000 0.000000 
t: 0.013333333333 start: 33 end: 70 0.000005 0.000026 0.000078 0.000217 0.000506 0.001385 0.003201 0.006864 0.013113 0.023826 0.038512 0.058874 0.079614 0.099868 0.114731 0.121195 0.116035 0.100720 0.080951 0.058194 0.038043 0.022318 0.012076 0.005715 0.002533 0.000972 0.000312 0.000087 0.000020 0.000007 0.000002 0.000000 0.000000 0.000000 0.000000 0.000000 0.000000 0.000000 
t: 0.013043478261 start: 33 end: 70 0.000001 0.000014 0.000053 0.000152 0.000377 0.001004 0.002497 0.005270 0.010784 0.019566 0.032991 0.051887 0.072392 0.093573 0.111069 0.120097 0.119210 0.106417 0.088749 0.065282 0.044368 0.026764 0.014887 0.007333 0.003325 0.001334 0.000427 0.000136 0.000027 0.000011 0.000003 0.000000 0.000000 0.000000 0.000000 0.000000 0.000000 0.000000 
t: 0.012765957447 start: 33 end: 70 0.000001 0.000009 0.000037 0.000101 0.000275 0.000739 0.001856 0.004168 0.008637 0.016312 0.027847 0.045412 0.065376 0.087065 0.106451 0.118541 0.120800 0.111842 0.095145 0.072450 0.051114 0.031716 0.017973 0.009179 0.004302 0.001787 0.000606 0.000196 0.000045 0.000015 0.000002 0.000001 0.000000 0.000000 0.000000 0.000000 0.000000 0.000000 
t: 0.012500000000 start: 33 end: 70 0.000001 0.000006 0.000022 0.000075 0.000177 0.000578 0.001353 0.003284 0.006800 0.013503 0.023879 0.039275 0.058628 0.080390 0.100986 0.116025 0.121628 0.116053 0.100879 0.079813 0.057403 0.037161 0.021724 0.011370 0.005411 0.002410 0.000782 0.000293 0.000067 0.000020 0.000003 0.000001 0.000000 0.000000 0.000000 0.000000 0.000000 0.000000 
t: 0.012244897959 start: 33 end: 70 0.000001 0.000002 0.000016 0.000050 0.000139 0.000405 0.001013 0.002588 0.005446 0.011071 0.020144 0.034041 0.052300 0.073719 0.095417 0.112244 0.121130 0.119265 0.106446 0.086727 0.064063 0.042713 0.025803 0.013824 0.006711 0.003128 0.001055 0.000398 0.000110 0.000023 0.000007 0.000001 0.000000 0.000000 0.000000 0.000000 0.000000 0.000000 
t: 0.012000000000 start: 33 end: 70 0.000001 0.000001 0.000007 0.000040 0.000094 0.000298 0.000776 0.001993 0.004382 0.008973 0.017029 0.029431 0.046170 0.067200 0.089583 0.107865 0.119627 0.121417 0.111368 0.093235 0.070834 0.048659 0.029959 0.016732 0.008240 0.003888 0.001475 0.000525 0.000151 0.000033 0.000009 0.000005 0.000000 0.000000 0.000000 0.000000 0.000000 0.000000 
t: 0.011764705882 start: 34 end: 70 0.000001 0.000004 0.000026 0.000066 0.000226 0.000567 0.001528 0.003495 0.007435 0.014118 0.025359 0.040869 0.060832 0.083399 0.102940 0.117532 0.122623 0.115371 0.099140 0.077486 0.054647 0.034733 0.019877 0.010057 0.004818 0.001898 0.000682 0.000203 0.000048 0.000013 0.000007 0.000000 0.000000 0.000000 0.000000 0.000000 0.000000 
t: 0.011538461538 start: 34 end: 70 0.000001 0.000002 0.000014 0.000048 0.000167 0.000432 0.001185 0.002732 0.006071 0.011798 0.021686 0.035952 0.054880 0.077037 0.098096 0.114450 0.122339 0.118553 0.104876 0.083768 0.060985 0.039943 0.023055 0.012316 0.005880 0.002448 0.000892 0.000292 0.000079 0.000014 0.000008 0.000001 0.000000 0.000000 0.000000 0.000000 0.000000 
t: 0.011320754717 start: 34 end: 70 0.000001 0.000001 0.000011 0.000038 0.000112 0.000313 0.000924 0.002166 0.004976 0.009807 0.018538 0.031412 0.049326 0.070806 0.092764 0.110621 0.121845 0.121051 0.109286 0.090385 0.067196 0.044958 0.026864 0.014688 0.007145 0.003080 0.001152 0.000400 0.000099 0.000024 0.000008 0.000002 0.000001 0.000000 0.000000 0.000000 0.000000 
t: 0.011111111111 start: 35 end: 70 0.000002 0.000004 0.000033 0.000084 0.000236 0.000699 0.001718 0.004045 0.008133 0.015727 0.027388 0.044164 0.064964 0.087232 0.106304 0.120187 0.122593 0.113920 0.095950 0.073463 0.050257 0.030979 0.017309 0.008642 0.003792 0.001464 0.000524 0.000145 0.000030 0.000007 0.000004 0.000001 0.000000 0.000000 0.000000 0.000000 
t: 0.010909090909 start: 35 end: 70 0.000002 0.000002 0.000025 0.000065 0.000175 0.000535 0.001328 0.003292 0.006777 0.013465 0.023846 0.039261 0.059155 0.081536 0.101883 0.117997 0.123297 0.117343 0.101395 0.079456 0.055833 0.035435 0.020136 0.010409 0.004591 0.001847 0.000656 0.000203 0.000041 0.000009 0.000004 0.000001 0.000000 0.000000 0.000000 0.000000 
t: 0.010714285714 start: 36 end: 70 0.000003 0.000013 0.000049 0.000150 0.000405 0.001056 0.002572 0.005633 0.011316 0.020849 0.034754 0.053847 0.075940 0.097196 0.114793 0.123396 0.120028 0.106544 0.085046 0.061739 0.039949 0.023341 0.012326 0.005617 0.002283 0.000818 0.000258 0.000061 0.000012 0.000005 0.000001 0.000000 0.000000 0.000000 0.000000 
t: 0.010526315789 start: 36 end: 70 0.000003 0.000007 0.000037 0.000107 0.000333 0.000833 0.002095 0.004602 0.009539 0.017966 0.031014 0.048605 0.070362 0.092307 0.111538 0.122374 0.122209 0.110716 0.090866 0.067529 0.044745 0.026761 0.014412 0.006761 0.002808 0.001035 0.000331 0.000083 0.000015 0.000006 0.000001 0.000000 0.000000 0.000000 0.000000 
t: 0.010344827586 start: 36 end: 70 0.000001 0.000007 0.000021 0.000091 0.000251 0.000667 0.001680 0.003812 0.008094 0.015542 0.027167 0.044045 0.064861 0.087229 0.107657 0.120690 0.123889 0.114644 0.096226 0.073176 0.049694 0.030413 0.016742 0.008088 0.003463 0.001268 0.000434 0.000119 0.000022 0.000006 0.000001 0.000000 0.000000 0.000000 0.000000 
t: 0.010169491525 start: 36 end: 70 0.000001 0.000006 0.000016 0.000063 0.000190 0.000539 0.001337 0.003154 0.006758 0.013455 0.024098 0.039551 0.059872 0.081838 0.103461 0.118619 0.124590 0.117819 0.101556 0.078668 0.054657 0.034299 0.019498 0.009433 0.004214 0.001576 0.000546 0.000146 0.000032 0.000007 0.000001 0.000000 0.000000 0.000000 0.000000 
t: 0.010000000000 start: 37 end: 70 0.000002 0.000016 0.000050 0.000139 0.000437 0.001032 0.002568 0.005723 0.011551 0.021230 0.035442 0.054855 0.076731 0.099123 0.116282 0.124288 0.121006 0.106232 0.084188 0.059611 0.038312 0.022241 0.011070 0.005038 0.001919 0.000677 0.000185 0.000043 0.000008 0.000001 0.000000 0.000000 0.000000 0.000000 
t: 0.008448275866 start: 39 end: 70 0.000002 0.000006 0.000026 0.000123 0.000296 0.000775 0.001973 0.004497 0.009529 0.018061 0.031431 0.050062 0.073233 0.096703 0.116145 0.126922 0.125811 0.111731 0.088516 0.063671 0.040083 0.022255 0.011107 0.004650 0.001717 0.000521 0.000125 0.000024 0.000004 0.000001 0.000000 0.000000 
t: 0.007313432839 start: 40 end: 70 0.000001 0.000002 0.000004 0.000038 0.000113 0.000344 0.000838 0.002221 0.005112 0.010554 0.020342 0.035575 0.055674 0.080165 0.104077 0.123763 0.132180 0.125361 0.107247 0.081458 0.054871 0.032593 0.016475 0.007224 0.002746 0.000785 0.000186 0.000047 0.000004 0.000000 0.000000 
t: 0.006447368423 start: 43 end: 70 0.000003 0.000011 0.000051 0.000172 0.000512 0.001406 0.003335 0.007394 0.014890 0.027761 0.046359 0.070308 0.096210 0.119528 0.134056 0.133649 0.118227 0.092275 0.063551 0.038113 0.019588 0.008460 0.003014 0.000900 0.000195 0.000031 0.000001 0.000000 
t: 0.005764705884 start: 45 end: 70 0.000008 0.000027 0.000125 0.000362 0.001047 0.002558 0.006082 0.012490 0.024238 0.042377 0.065940 0.093702 0.119008 0.136356 0.138593 0.123456 0.096912 0.066270 0.039694 0.019354 0.007922 0.002625 0.000709 0.000133 0.000012 0.000000 
t: 0.005212765959 start: 45 end: 70 0.000001 0.000001 0.000035 0.000101 0.000331 0.000912 0.002382 0.005546 0.012129 0.023609 0.042102 0.066783 0.094889 0.122754 0.140689 0.141214 0.125542 0.096292 0.063722 0.036079 0.016487 0.006077 0.001859 0.000410 0.000053 0.000001 
t: 0.004757281555 start: 46 end: 70 0.000001 0.000009 0.000023 0.000115 0.000312 0.000971 0.002512 0.005861 0.012890 0.025415 0.044850 0.071119 0.102113 0.129383 0.145504 0.143138 0.123006 0.090256 0.056264 0.029327 0.011919 0.003909 0.000943 0.000153 0.000007 
t: 0.004375000001 start: 47 end: 70 0.000002 0.000010 0.000048 0.000104 0.000376 0.001103 0.002878 0.006876 0.014975 0.029202 0.050958 0.080093 0.112546 0.138421 0.150602 0.142566 0.115309 0.078931 0.045001 0.020511 0.007202 0.001934 0.000324 0.000028 
t: 0.004049586778 start: 47 end: 70 0.000001 0.000002 0.000026 0.000034 0.000153 0.000484 0.001375 0.003706 0.008792 0.018615 0.035561 0.060566 0.093001 0.125831 0.148545 0.153835 0.136634 0.101730 0.063176 0.031513 0.012238 0.003450 0.000667 0.000065 
t: 0.003769230770 start: 49 end: 70 0.000009 0.000028 0.000062 0.000216 0.000691 0.001944 0.005112 0.011741 0.024399 0.045053 0.074431 0.109709 0.141079 0.157055 0.151918 0.122993 0.082914 0.044725 0.018827 0.005824 0.001134 0.000136 
t: 0.003525179857 start: 49 end: 70 0.000003 0.000007 0.000035 0.000099 0.000374 0.001079 0.003045 0.007401 0.016416 0.032738 0.058729 0.093367 0.128764 0.154765 0.162040 0.140745 0.102166 0.059881 0.027230 0.008977 0.001916 0.000223 
t: 0.003310810811 start: 50 end: 70 0.000003 0.000014 0.000051 0.000205 0.000620 0.001746 0.004723 0.011197 0.023670 0.045572 0.077398 0.114954 0.148545 0.166006 0.155011 0.120961 0.075964 0.036919 0.013061 0.003022 0.000358 
t: 0.003121019109 start: 50 end: 70 0.000002 0.000005 0.000021 0.000122 0.000334 0.001057 0.002961 0.007583 0.017186 0.034842 0.063442 0.101159 0.138458 0.166060 0.165615 0.137598 0.092487 0.047984 0.018023 0.004503 0.000558 
t: 0.002951807229 start: 50 end: 70 0.000001 0.000002 0.000011 0.000063 0.000195 0.000600 0.001878 0.005119 0.012495 0.026641 0.051344 0.087478 0.127322 0.162260 0.172197 0.152417 0.108844 0.059981 0.024013 0.006334 0.000805 
t: 0.002800000000 start: 51 end: 70 0.000002 0.000004 0.000042 0.000100 0.000376 0.001179 0.003511 0.008980 0.020548 0.041275 0.074891 0.115286 0.155488 0.175623 0.164538 0.124714 0.072806 0.030865 0.008624 0.001148 
t: 0.002663043479 start: 51 end: 70 0.000001 0.000003 0.000018 0.000070 0.000222 0.000780 0.002382 0.006516 0.015461 0.033353 0.063477 0.103976 0.147087 0.175832 0.173930 0.139219 0.086116 0.038588 0.011359 0.001610 
t: 0.002538860104 start: 51 end: 70 0.000001 0.000001 0.000005 0.000041 0.000153 0.000506 0.001638 0.004698 0.011834 0.026679 0.053480 0.092445 0.137829 0.173566 0.181335 0.152690 0.099362 0.047017 0.014550 0.002170 
t: 0.002425742574 start: 52 end: 70 0.000001 0.000002 0.000030 0.000084 0.000350 0.001095 0.003408 0.009097 0.021424 0.045007 0.081706 0.127682 0.169559 0.186106 0.164830 0.112624 0.055943 0.018188 0.002864 
t: 0.002322274882 start: 52 end: 70 0.000001 0.000001 0.000018 0.000061 0.000223 0.000784 0.002439 0.007033 0.017233 0.037682 0.071845 0.118016 0.163627 0.188688 0.175133 0.125661 0.065602 0.022254 0.003699 
t: 0.002227272727 start: 52 end: 70 0.000001 0.000001 0.000009 0.000048 0.000133 0.000561 0.001771 0.005340 0.013835 0.031734 0.063058 0.108293 0.156633 0.189663 0.183646 0.138568 0.075417 0.026638 0.004651 
t: 0.002139737991 start: 52 end: 70 0.000001 0.000000 0.000007 0.000034 0.000092 0.000398 0.001313 0.004140 0.011075 0.026596 0.055046 0.099208 0.149234 0.188462 0.191189 0.150452 0.085474 0.031576 0.005703 
t: 0.002058823530 start: 52 end: 70 0.000001 0.000000 0.000003 0.000021 0.000073 0.000277 0.000958 0.003195 0.008981 0.022107 0.048309 0.089953 0.141819 0.186232 0.196835 0.161663 0.095781 0.036819 0.006973 
t: 0.001983805668 start: 53 end: 70 0.000001 0.000002 0.000016 0.000046 0.000204 0.000683 0.002435 0.007344 0.018440 0.042464 0.081444 0.133707 0.183231 0.201263 0.171839 0.106071 0.042459 0.008351 
t: 0.001914062500 start: 54 end: 70 0.000001 0.000010 0.000038 0.000158 0.000495 0.001880 0.005914 0.015679 0.036785 0.073868 0.125782 0.179165 0.204331 0.181252 0.116378 0.048425 0.009839 
t: 0.001849056604 start: 55 end: 70 0.000007 0.000025 0.000125 0.000362 0.001464 0.004742 0.013228 0.032161 0.066432 0.118301 0.174290 0.206271 0.189819 0.126684 0.054553 0.011536 
t: 0.001788321168 start: 55 end: 70 0.000003 0.000018 0.000083 0.000301 0.001107 0.003894 0.011080 0.028111 0.059863 0.110843 0.168782 0.207464 0.197349 0.136690 0.061080 0.013332 
t: 0.001731448763 start: 55 end: 70 0.000003 0.000008 0.000060 0.000245 0.000863 0.003142 0.009404 0.024488 0.054024 0.103507 0.163014 0.207579 0.204150 0.146823 0.067368 0.015322 
t: 0.001678082192 start: 55 end: 70 0.000003 0.000004 0.000049 0.000185 0.000681 0.002536 0.008028 0.021170 0.048814 0.096472 0.156929 0.206932 0.210385 0.156094 0.074271 0.017447 
t: 0.001627906977 start: 55 end: 70 0.000003 0.000002 0.000042 0.000147 0.000515 0.002088 0.006767 0.018487 0.044044 0.089884 0.150527 0.205605 0.215857 0.164991 0.081428 0.019613 
t: 0.001580645161 start: 55 end: 70 0.000001 0.000004 0.000032 0.000114 0.000428 0.001711 0.005631 0.016183 0.039845 0.083417 0.144541 0.203524 0.220251 0.173825 0.088562 0.021931 
t: 0.001536050157 start: 55 end: 70 0.000001 0.000001 0.000022 0.000090 0.000349 0.001395 0.004765 0.014182 0.035822 0.077703 0.138118 0.200942 0.224208 0.182290 0.095688 0.024424 
t: 0.001493902439 start: 55 end: 70 0.000001 0.000000 0.000018 0.000063 0.000299 0.001125 0.004077 0.012421 0.032254 0.072265 0.132124 0.198009 0.227039 0.190344 0.102949 0.027012 
t: 0.001454005935 start: 55 end: 70 0.000001 0.000000 0.000013 0.000054 0.000229 0.000947 0.003466 0.010863 0.029069 0.067098 0.126251 0.194282 0.229856 0.197891 0.110159 0.029821 
t: 0.001416184971 start: 56 end: 70 0.000001 0.000010 0.000043 0.000186 0.000794 0.002926 0.009519 0.026348 0.062179 0.120469 0.190301 0.231984 0.205233 0.117357 0.032650 
t: 0.001380281690 start: 57 end: 70 0.000006 0.000039 0.000141 0.000667 0.002521 0.008343 0.023822 0.057582 0.114824 0.186335 0.233183 0.212282 0.124610 0.035645 
t: 0.001346153846 start: 57 end: 70 0.000006 0.000033 0.000121 0.000548 0.002161 0.007314 0.021557 0.053333 0.109443 0.182070 0.234182 0.218810 0.131773 0.038649 
t: 0.001313672922 start: 57 end: 70 0.000006 0.000028 0.000098 0.000462 0.001882 0.006421 0.019351 0.049566 0.104247 0.177702 0.234533 0.224862 0.139032 0.041810 
t: 0.001282722513 start: 57 end: 70 0.000003 0.000027 0.000073 0.000387 0.001643 0.005700 0.017504 0.045933 0.099343 0.172993 0.234600 0.230525 0.146226 0.045043 
t: 0.001253196931 start: 57 end: 70 0.000001 0.000021 0.000059 0.000336 0.001431 0.005040 0.015830 0.042635 0.094526 0.168662 0.233929 0.235768 0.153400 0.048362 
t: 0.001225000000 start: 57 end: 70 0.000001 0.000017 0.000048 0.000295 0.001193 0.004526 0.014346 0.039547 0.089872 0.164142 0.233137 0.240613 0.160485 0.051778 
t: 0.001198044010 start: 57 end: 70 0.000001 0.000011 0.000039 0.000262 0.001037 0.004017 0.013011 0.036774 0.085379 0.159573 0.232168 0.245015 0.167389 0.055324 
t: 0.001172248804 start: 57 end: 70 0.000001 0.000007 0.000031 0.000229 0.000910 0.003595 0.011785 0.034099 0.081090 0.155378 0.230688 0.248980 0.174328 0.058879 
t: 0.001147540984 start: 58 end: 70 0.000007 0.000028 0.000193 0.000778 0.003225 0.010684 0.031620 0.077098 0.150988 0.229119 0.252761 0.180979 0.062520 
t: 0.001123853211 start: 58 end: 70 0.000004 0.000026 0.000155 0.000687 0.002822 0.009794 0.029265 0.073280 0.146710 0.227393 0.256077 0.187510 0.066277 
t: 0.001101123596 start: 58 end: 70 0.000003 0.000022 0.000131 0.000593 0.002524 0.008912 0.027212 0.069510 0.142504 0.225395 0.259417 0.193767 0.070010 
t: 0.001079295154 start: 58 end: 70 0.000003 0.000020 0.000119 0.000511 0.002268 0.008132 0.025282 0.066053 0.138148 0.223122 0.262463 0.200099 0.073780 
t: 0.001058315335 start: 58 end: 70 0.000002 0.000018 0.000103 0.000451 0.002030 0.007403 0.023568 0.062631 0.134125 0.220657 0.265094 0.206384 0.077534 
t: 0.001038135593 start: 58 end: 70 0.000001 0.000017 0.000081 0.000420 0.001805 0.006743 0.021923 0.059598 0.129988 0.218007 0.267713 0.212381 0.081323 
t: 0.001018711019 start: 58 end: 70 0.000001 0.000014 0.000067 0.000361 0.001639 0.006197 0.020443 0.056507 0.125947 0.215631 0.269561 0.218366 0.085266 
t: 0.001000000000 start: 59 end: 70 0.000012 0.000057 0.000320 0.001487 0.005651 0.019068 0.053548 0.122200 0.212872 0.271572 0.223887 0.089326 
