t: 0.059999999999 start: 11 end: 45 0.000001 0.000005 0.000029 0.000166 0.000651 0.002090 0.006141 0.014709 0.030831 0.055674 0.086946 0.117003 0.138296 0.143286 0.130906 0.104901 0.074448 0.046404 0.025744 0.012915 0.005614 0.002155 0.000746 0.000254 0.000065 0.000018 0.000002 0.000000 0.000000 0.000000 0.000000 0.000000 0.000000 0.000000 0.000000 
t: 0.054545454544 start: 12 end: 48 0.000001 0.000004 0.000026 0.000108 0.000407 0.001282 0.003968 0.010093 0.022039 0.041370 0.068355 0.098290 0.123783 0.138465 0.136871 0.119672 0.092288 0.063772 0.039479 0.021587 0.010660 0.004662 0.001848 0.000676 0.000223 0.000055 0.000014 0.000001 0.000001 0.000000 0.000000 0.000000 0.000000 0.000000 0.000000 0.000000 0.000000 
t: 0.049999999999 start: 14 end: 49 0.000003 0.000023 0.000054 0.000289 0.000954 0.002869 0.007194 0.016426 0.032008 0.054951 0.082511 0.109832 0.129631 0.136325 0.127139 0.105964 0.078700 0.052970 0.031434 0.016828 0.008117 0.003607 0.001406 0.000544 0.000171 0.000035 0.000013 0.000002 0.000000 0.000000 0.000000 0.000000 0.000000 0.000000 0.000000 0.000000 
t: 0.046153846153 start: 15 end: 51 0.000003 0.000012 0.000049 0.000184 0.000737 0.002168 0.005634 0.012802 0.025806 0.045581 0.070201 0.097402 0.120019 0.132394 0.130227 0.114560 0.090540 0.064590 0.041097 0.023701 0.012350 0.005912 0.002549 0.001008 0.000317 0.000113 0.000032 0.000009 0.000003 0.000000 0.000000 0.000000 0.000000 0.000000 0.000000 0.000000 0.000000 
t: 0.042857142857 start: 16 end: 53 0.000003 0.000006 0.000027 0.000153 0.000613 0.001740 0.004704 0.010490 0.021659 0.038483 0.061551 0.087394 0.111521 0.126947 0.130040 0.119535 0.098770 0.074260 0.049909 0.030317 0.016877 0.008592 0.003915 0.001601 0.000593 0.000221 0.000053 0.000022 0.000003 0.000001 0.000000 0.000000 0.000000 0.000000 0.000000 0.000000 0.000000 0.000000 
t: 0.040000000000 start: 17 end: 54 0.000001 0.000007 0.000040 0.000141 0.000470 0.001587 0.003965 0.009120 0.018884 0.033844 0.055152 0.079501 0.103527 0.121721 0.128559 0.121701 0.105026 0.081223 0.057404 0.036732 0.020957 0.011257 0.005437 0.002309 0.000931 0.000355 0.000102 0.000036 0.000007 0.000004 0.000000 0.000000 0.000000 0.000000 0.000000 0.000000 0.000000 0.000000 
t: 0.037500000000 start: 18 end: 56 0.000001 0.000007 0.000036 0.000144 0.000478 0.001408 0.003520 0.008299 0.017012 0.030815 0.050727 0.073665 0.097786 0.117135 0.125847 0.122471 0.108391 0.086586 0.063066 0.041766 0.025056 0.013770 0.006741 0.003173 0.001357 0.000502 0.000164 0.000052 0.000020 0.000004 0.000000 0.000001 0.000000 0.000000 0.000000 0.000000 0.000000 0.000000 0.000000 
t: 0.035294117647 start: 19 end: 58 0.000001 0.000009 0.000038 0.000136 0.000495 0.001352 0.003386 0.007750 0.015802 0.029156 0.047365 0.070062 0.093556 0.112842 0.123699 0.121961 0.109986 0.090520 0.067121 0.045839 0.028283 0.015886 0.008198 0.003870 0.001679 0.000668 0.000234 0.000076 0.000022 0.000006 0.000001 0.000001 0.000000 0.000000 0.000000 0.000000 0.000000 0.000000 0.000000 0.000000 
t: 0.033333333333 start: 20 end: 60 0.000003 0.000009 0.000034 0.000161 0.000482 0.001389 0.003358 0.007531 0.015479 0.027851 0.045429 0.067808 0.090562 0.109440 0.122148 0.120798 0.110941 0.092061 0.070473 0.048556 0.030560 0.017752 0.009378 0.004505 0.002029 0.000815 0.000308 0.000102 0.000027 0.000008 0.000001 0.000001 0.000001 0.000000 0.000000 0.000000 0.000000 0.000000 0.000000 0.000000 0.000000 
t: 0.031578947368 start: 21 end: 60 0.000002 0.000010 0.000040 0.000174 0.000543 0.001391 0.003479 0.007570 0.015518 0.027462 0.044884 0.066682 0.088398 0.107833 0.119567 0.120275 0.110562 0.093601 0.071851 0.050227 0.032054 0.018924 0.010149 0.005018 0.002334 0.000921 0.000358 0.000118 0.000042 0.000010 0.000002 0.000000 0.000001 0.000000 0.000000 0.000000 0.000000 0.000000 0.000000 0.000000 
t: 0.030000000000 start: 22 end: 62 0.000004 0.000015 0.000049 0.000175 0.000569 0.001499 0.003839 0.007894 0.015595 0.028040 0.045257 0.065866 0.088293 0.106744 0.118319 0.118925 0.109788 0.093793 0.072253 0.050762 0.032737 0.019639 0.010515 0.005338 0.002508 0.000992 0.000403 0.000125 0.000044 0.000010 0.000008 0.000001 0.000001 0.000000 0.000000 0.000000 0.000000 0.000000 0.000000 0.000000 0.000000 
t: 0.028571428571 start: 23 end: 63 0.000005 0.000020 0.000067 0.000230 0.000617 0.001707 0.003983 0.008577 0.016391 0.029184 0.046071 0.066822 0.088359 0.106912 0.116905 0.117903 0.108969 0.092686 0.071348 0.050561 0.032990 0.019390 0.010765 0.005330 0.002506 0.001088 0.000423 0.000134 0.000032 0.000016 0.000006 0.000002 0.000001 0.000000 0.000000 0.000000 0.000000 0.000000 0.000000 0.000000 0.000000 
t: 0.027272727273 start: 24 end: 64 0.000007 0.000029 0.000085 0.000249 0.000752 0.001977 0.004555 0.009283 0.017763 0.030472 0.047992 0.068664 0.089196 0.106789 0.116512 0.117100 0.107391 0.090709 0.069915 0.049293 0.032065 0.019241 0.010575 0.005185 0.002506 0.001080 0.000412 0.000138 0.000041 0.000015 0.000004 0.000004 0.000001 0.000000 0.000000 0.000000 0.000000 0.000000 0.000000 0.000000 0.000000 
t: 0.026086956522 start: 24 end: 64 0.000001 0.000010 0.000032 0.000104 0.000350 0.000893 0.002274 0.005014 0.010492 0.019383 0.032672 0.050473 0.070958 0.091168 0.107596 0.116570 0.115532 0.105089 0.088110 0.067954 0.047486 0.030493 0.018328 0.009987 0.005074 0.002351 0.001014 0.000377 0.000142 0.000048 0.000016 0.000008 0.000001 0.000000 0.000000 0.000000 0.000000 0.000000 0.000000 0.000000 0.000000 
t: 0.025000000000 start: 25 end: 64 0.000002 0.000016 0.000048 0.000156 0.000381 0.001231 0.002612 0.005897 0.011718 0.021359 0.035496 0.053631 0.074090 0.093365 0.109193 0.116429 0.114068 0.102330 0.084679 0.065053 0.044868 0.028724 0.017178 0.009258 0.004606 0.002161 0.000909 0.000343 0.000128 0.000051 0.000013 0.000007 0.000000 0.000000 0.000000 0.000000 0.000000 0.000000 0.000000 0.000000 
t: 0.024000000000 start: 26 end: 65 0.000006 0.000019 0.000062 0.000186 0.000535 0.001468 0.003303 0.006850 0.013583 0.023935 0.038834 0.057551 0.077378 0.096567 0.110234 0.116480 0.112094 0.098939 0.081440 0.060864 0.041812 0.026692 0.015555 0.008334 0.004084 0.001932 0.000777 0.000294 0.000147 0.000029 0.000011 0.000005 0.000000 0.000000 0.000000 0.000000 0.000000 0.000000 0.000000 0.000000 
t: 0.023076923077 start: 26 end: 66 0.000002 0.000006 0.000030 0.000083 0.000256 0.000733 0.001814 0.004005 0.008267 0.015564 0.027263 0.042950 0.061708 0.081886 0.099473 0.111973 0.115376 0.109679 0.095884 0.076442 0.056381 0.038356 0.024371 0.013891 0.007222 0.003666 0.001609 0.000664 0.000305 0.000096 0.000033 0.000009 0.000003 0.000000 0.000000 0.000000 0.000000 0.000000 0.000000 0.000000 0.000000 
t: 0.022222222222 start: 26 end: 67 0.000001 0.000004 0.000014 0.000047 0.000108 0.000375 0.000952 0.002301 0.004907 0.009986 0.018545 0.030927 0.047547 0.066985 0.086123 0.102904 0.113275 0.114161 0.106313 0.090965 0.071862 0.051971 0.034556 0.021538 0.011939 0.006474 0.002977 0.001341 0.000574 0.000223 0.000075 0.000018 0.000007 0.000005 0.000000 0.000000 0.000000 0.000000 0.000000 0.000000 0.000000 0.000000 
t: 0.021428571428 start: 27 end: 67 0.000003 0.000007 0.000020 0.000053 0.000175 0.000505 0.001301 0.002900 0.006218 0.012173 0.021644 0.035366 0.052897 0.072138 0.091314 0.106079 0.114193 0.112272 0.102626 0.085929 0.066180 0.046788 0.030750 0.018400 0.010459 0.005311 0.002510 0.001062 0.000484 0.000171 0.000052 0.000013 0.000007 0.000000 0.000000 0.000000 0.000000 0.000000 0.000000 0.000000 0.000000 
t: 0.020689655172 start: 28 end: 68 0.000002 0.000012 0.000024 0.000087 0.000273 0.000693 0.001709 0.003850 0.007930 0.014822 0.025671 0.040539 0.058263 0.078036 0.096319 0.108899 0.114339 0.110028 0.098000 0.079795 0.060051 0.041812 0.026693 0.015832 0.008575 0.004412 0.001970 0.000849 0.000352 0.000110 0.000037 0.000013 0.000003 0.000000 0.000000 0.000000 0.000000 0.000000 0.000000 0.000000 0.000000 
t: 0.020000000000 start: 29 end: 69 0.000004 0.000014 0.000036 0.000157 0.000372 0.001005 0.002337 0.005050 0.009912 0.018126 0.030252 0.046275 0.064838 0.084315 0.100562 0.111389 0.113449 0.106895 0.092044 0.073646 0.053899 0.036334 0.023013 0.013112 0.007121 0.003310 0.001516 0.000644 0.000245 0.000090 0.000022 0.000013 0.000003 0.000000 0.000000 0.000000 0.000000 0.000000 0.000000 0.000000 0.000000 
t: 0.019354838710 start: 30 end: 70 0.000005 0.000027 0.000077 0.000237 0.000539 0.001415 0.003140 0.006658 0.012614 0.021857 0.035850 0.052460 0.071845 0.090622 0.104823 0.113228 0.111777 0.102099 0.085579 0.066613 0.047383 0.031447 0.019104 0.010726 0.005459 0.002553 0.001169 0.000440 0.000165 0.000058 0.000024 0.000004 0.000003 0.000000 0.000000 0.000000 0.000000 0.000000 0.000000 0.000000 0.000000 
t: 0.018750000000 start: 30 end: 71 0.000002 0.000010 0.000050 0.000118 0.000303 0.000840 0.001932 0.004336 0.008664 0.015619 0.026992 0.041717 0.059821 0.079048 0.096484 0.109132 0.113287 0.108759 0.095988 0.078674 0.059361 0.041160 0.026278 0.015514 0.008497 0.004159 0.001941 0.000825 0.000320 0.000117 0.000035 0.000011 0.000005 0.000001 0.000000 0.000000 0.000000 0.000000 0.000000 0.000000 0.000000 0.000000 
t: 0.018181818182 start: 30 end: 71 0.000002 0.000003 0.000019 0.000065 0.000184 0.000453 0.001225 0.002809 0.005825 0.011119 0.019744 0.032686 0.048595 0.067308 0.086301 0.102247 0.111626 0.112868 0.103919 0.089406 0.070997 0.051839 0.034831 0.021641 0.012503 0.006364 0.003091 0.001461 0.000566 0.000200 0.000069 0.000026 0.000007 0.000001 0.000000 0.000000 0.000000 0.000000 0.000000 0.000000 0.000000 0.000000 
t: 0.017647058823 start: 30 end: 71 0.000002 0.000000 0.000013 0.000034 0.000107 0.000276 0.000750 0.001721 0.003908 0.007746 0.014508 0.024779 0.039050 0.056457 0.075024 0.093761 0.106758 0.113132 0.109789 0.098490 0.082033 0.062716 0.044537 0.028936 0.017324 0.009523 0.004762 0.002305 0.000972 0.000389 0.000138 0.000042 0.000015 0.000002 0.000001 0.000000 0.000000 0.000000 0.000000 0.000000 0.000000 0.000000 
t: 0.017142857143 start: 30 end: 71 0.000001 0.000000 0.000006 0.000016 0.000060 0.000169 0.000468 0.001128 0.002490 0.005393 0.010355 0.018624 0.030739 0.046670 0.064227 0.083606 0.100295 0.110439 0.112589 0.105389 0.091694 0.073787 0.054565 0.037182 0.023379 0.013394 0.007221 0.003485 0.001613 0.000646 0.000254 0.000079 0.000028 0.000006 0.000003 0.000000 0.000000 0.000000 0.000000 0.000000 0.000000 0.000000 
t: 0.016666666667 start: 30 end: 71 0.000001 0.000000 0.000001 0.000005 0.000035 0.000095 0.000252 0.000710 0.001693 0.003681 0.007344 0.013736 0.023780 0.037773 0.054335 0.073430 0.091728 0.105749 0.112358 0.109787 0.100213 0.083690 0.064694 0.046485 0.030516 0.018213 0.010358 0.005143 0.002495 0.001035 0.000429 0.000168 0.000049 0.000013 0.000006 0.000000 0.000000 0.000000 0.000000 0.000000 0.000000 0.000000 
t: 0.016216216216 start: 30 end: 71 0.000001 0.000000 0.000000 0.000004 0.000017 0.000047 0.000180 0.000423 0.001143 0.002533 0.005199 0.010029 0.017987 0.030121 0.045192 0.063475 0.082659 0.099152 0.109219 0.112344 0.106254 0.092769 0.074840 0.055927 0.038316 0.024011 0.014192 0.007549 0.003706 0.001633 0.000675 0.000272 0.000090 0.000031 0.000006 0.000004 0.000000 0.000000 0.000000 0.000000 0.000000 0.000000 
t: 0.015789473684 start: 31 end: 73 0.000001 0.000000 0.000001 0.000010 0.000025 0.000101 0.000272 0.000727 0.001753 0.003586 0.007357 0.013559 0.023463 0.037120 0.053980 0.072901 0.091488 0.104692 0.111704 0.110569 0.100548 0.084004 0.065505 0.046911 0.030772 0.018895 0.010435 0.005403 0.002466 0.001092 0.000435 0.000152 0.000051 0.000015 0.000006 0.000001 0.000000 0.000000 0.000000 0.000000 0.000000 0.000000 0.000000 
t: 0.015384615385 start: 32 end: 73 0.000001 0.000000 0.000004 0.000014 0.000054 0.000156 0.000500 0.001143 0.002531 0.005261 0.010126 0.018085 0.030052 0.045491 0.063509 0.082422 0.099098 0.109395 0.112480 0.106131 0.092245 0.075081 0.055563 0.038398 0.024248 0.014099 0.007582 0.003647 0.001652 0.000661 0.000250 0.000080 0.000028 0.000010 0.000003 0.000000 0.000000 0.000000 0.000000 0.000000 0.000000 0.000000 
t: 0.015000000000 start: 33 end: 74 0.000001 0.000001 0.000012 0.000024 0.000100 0.000295 0.000794 0.001789 0.003678 0.007450 0.013990 0.023963 0.037932 0.054413 0.073549 0.091707 0.105303 0.112399 0.109990 0.099517 0.083218 0.064761 0.046757 0.030345 0.018467 0.010338 0.005126 0.002428 0.001043 0.000404 0.000131 0.000056 0.000013 0.000006 0.000000 0.000000 0.000000 0.000000 0.000000 0.000000 0.000000 0.000000 
t: 0.014634146341 start: 34 end: 75 0.000001 0.000005 0.000016 0.000058 0.000201 0.000507 0.001223 0.002668 0.005462 0.010581 0.018911 0.031362 0.046220 0.064645 0.083651 0.099778 0.110271 0.111978 0.104951 0.091440 0.073477 0.055020 0.037249 0.023711 0.013616 0.007055 0.003438 0.001532 0.000638 0.000222 0.000083 0.000022 0.000005 0.000003 0.000000 0.000000 0.000000 0.000000 0.000000 0.000000 0.000000 0.000000 
t: 0.014285714286 start: 35 end: 75 0.000002 0.000011 0.000028 0.000117 0.000367 0.000820 0.001901 0.004001 0.007956 0.014770 0.025420 0.039119 0.056217 0.075241 0.093065 0.106568 0.112118 0.109439 0.098213 0.081696 0.063289 0.044384 0.029700 0.017550 0.009576 0.004681 0.002299 0.000905 0.000379 0.000115 0.000042 0.000007 0.000004 0.000000 0.000000 0.000000 0.000000 0.000000 0.000000 0.000000 0.000000 
t: 0.013953488372 start: 35 end: 75 0.000001 0.000006 0.000018 0.000065 0.000236 0.000571 0.001333 0.002986 0.006076 0.011321 0.020477 0.032561 0.048305 0.067007 0.085858 0.101397 0.110875 0.111454 0.104246 0.089241 0.071475 0.052198 0.035634 0.022282 0.012670 0.006391 0.003167 0.001328 0.000530 0.000196 0.000072 0.000018 0.000005 0.000000 0.000000 0.000000 0.000000 0.000000 0.000000 0.000000 0.000000 
t: 0.013636363636 start: 35 end: 76 0.000001 0.000004 0.000009 0.000046 0.000146 0.000401 0.000938 0.002134 0.004514 0.008822 0.016330 0.026738 0.041217 0.059206 0.077984 0.095545 0.107824 0.112365 0.108019 0.096321 0.079436 0.060096 0.042303 0.027329 0.016268 0.008559 0.004291 0.001915 0.000789 0.000307 0.000098 0.000034 0.000010 0.000001 0.000000 0.000000 0.000000 0.000000 0.000000 0.000000 0.000000 0.000000 
t: 0.013333333333 start: 36 end: 76 0.000001 0.000008 0.000032 0.000082 0.000280 0.000678 0.001568 0.003332 0.006668 0.012934 0.021942 0.034994 0.051588 0.070202 0.088790 0.103557 0.111821 0.110406 0.102577 0.086637 0.067942 0.049368 0.032957 0.020311 0.011103 0.005781 0.002650 0.001122 0.000448 0.000151 0.000052 0.000014 0.000004 0.000000 0.000000 0.000000 0.000000 0.000000 0.000000 0.000000 0.000000 
t: 0.013043478261 start: 36 end: 77 0.000001 0.000004 0.000018 0.000065 0.000174 0.000477 0.001111 0.002453 0.005147 0.010085 0.017826 0.029401 0.044829 0.062613 0.081505 0.098358 0.109539 0.111921 0.107352 0.093105 0.075528 0.056688 0.039175 0.024649 0.014293 0.007520 0.003575 0.001617 0.000640 0.000226 0.000080 0.000020 0.000004 0.000001 0.000000 0.000000 0.000000 0.000000 0.000000 0.000000 0.000000 0.000000 
t: 0.012765957447 start: 37 end: 78 0.000003 0.000008 0.000042 0.000118 0.000339 0.000794 0.001846 0.003888 0.007937 0.014351 0.024451 0.038451 0.055607 0.074009 0.092306 0.106190 0.112173 0.110662 0.099094 0.082580 0.064024 0.045672 0.029452 0.017970 0.009736 0.004678 0.002205 0.000932 0.000319 0.000122 0.000033 0.000005 0.000002 0.000001 0.000000 0.000000 0.000000 0.000000 0.000000 0.000000 0.000000 0.000000 
t: 0.012500000000 start: 37 end: 77 0.000002 0.000008 0.000017 0.000096 0.000228 0.000580 0.001330 0.002989 0.006130 0.011569 0.020287 0.032795 0.048583 0.067066 0.085988 0.101490 0.110884 0.112764 0.103619 0.090044 0.070757 0.052618 0.035047 0.021681 0.012347 0.006199 0.002871 0.001290 0.000472 0.000171 0.000060 0.000015 0.000000 0.000003 0.000000 0.000000 0.000000 0.000000 0.000000 0.000000 0.000000 
t: 0.012244897959 start: 38 end: 78 0.000004 0.000013 0.000065 0.000162 0.000403 0.000987 0.002200 0.004771 0.009420 0.016599 0.027643 0.042320 0.060238 0.079309 0.096470 0.108379 0.113383 0.107740 0.096084 0.077905 0.059017 0.040922 0.026101 0.015299 0.008003 0.003796 0.001712 0.000674 0.000263 0.000091 0.000019 0.000004 0.000004 0.000000 0.000000 0.000000 0.000000 0.000000 0.000000 0.000000 0.000000 
t: 0.012000000000 start: 38 end: 78 0.000001 0.000013 0.000042 0.000114 0.000306 0.000677 0.001651 0.003731 0.007423 0.013655 0.023258 0.036677 0.053585 0.072411 0.090611 0.105403 0.112834 0.110567 0.101378 0.084458 0.065920 0.046816 0.031117 0.018564 0.010135 0.004946 0.002247 0.000934 0.000351 0.000139 0.000024 0.000008 0.000004 0.000000 0.000000 0.000000 0.000000 0.000000 0.000000 0.000000 0.000000 
t: 0.011764705882 start: 39 end: 78 0.000007 0.000026 0.000079 0.000230 0.000489 0.001228 0.002869 0.005950 0.011028 0.019591 0.031628 0.047252 0.065786 0.084691 0.100735 0.111420 0.112419 0.105777 0.091011 0.072389 0.053097 0.036316 0.022119 0.012545 0.006450 0.002901 0.001260 0.000455 0.000194 0.000037 0.000017 0.000004 0.000000 0.000000 0.000000 0.000000 0.000000 0.000000 0.000000 0.000000 
t: 0.011538461538 start: 39 end: 79 0.000006 0.000016 0.000056 0.000155 0.000356 0.000930 0.002157 0.004690 0.008944 0.016285 0.027022 0.041768 0.059457 0.078434 0.095824 0.108946 0.113111 0.109330 0.096458 0.078803 0.059561 0.041658 0.026294 0.015262 0.008058 0.003789 0.001636 0.000645 0.000255 0.000061 0.000027 0.000005 0.000001 0.000000 0.000000 0.000000 0.000000 0.000000 0.000000 0.000000 0.000000 
t: 0.011320754717 start: 39 end: 79 0.000003 0.000012 0.000041 0.000100 0.000272 0.000706 0.001625 0.003709 0.007155 0.013591 0.022921 0.036570 0.053377 0.072274 0.090748 0.105067 0.113118 0.111668 0.101703 0.085049 0.065711 0.047393 0.030624 0.018325 0.009926 0.004840 0.002141 0.000846 0.000342 0.000104 0.000025 0.000012 0.000002 0.000000 0.000000 0.000000 0.000000 0.000000 0.000000 0.000000 0.000000 
t: 0.011111111111 start: 39 end: 79 0.000002 0.000008 0.000025 0.000067 0.000197 0.000546 0.001267 0.002863 0.005720 0.011399 0.019335 0.031742 0.047741 0.066029 0.085352 0.101025 0.111824 0.112875 0.106227 0.090830 0.071935 0.053139 0.035386 0.021619 0.012237 0.006096 0.002763 0.001106 0.000443 0.000149 0.000033 0.000018 0.000002 0.000000 0.000000 0.000000 0.000000 0.000000 0.000000 0.000000 0.000000 
t: 0.010909090909 start: 39 end: 79 0.000001 0.000006 0.000014 0.000044 0.000136 0.000423 0.000997 0.002165 0.004659 0.009335 0.016403 0.027483 0.042409 0.060031 0.079644 0.096507 0.109445 0.113559 0.109518 0.096030 0.078427 0.058853 0.040456 0.025323 0.014735 0.007515 0.003574 0.001446 0.000582 0.000202 0.000052 0.000021 0.000005 0.000000 0.000000 0.000000 0.000000 0.000000 0.000000 0.000000 0.000000 
t: 0.010714285714 start: 39 end: 80 0.000001 0.000003 0.000012 0.000025 0.000103 0.000323 0.000735 0.001696 0.003729 0.007625 0.013826 0.023696 0.037463 0.054389 0.073496 0.092056 0.106409 0.113497 0.111802 0.100787 0.084499 0.064563 0.045666 0.029562 0.017342 0.009174 0.004465 0.001907 0.000781 0.000248 0.000083 0.000031 0.000005 0.000001 0.000000 0.000000 0.000000 0.000000 0.000000 0.000000 0.000000 0.000000 
t: 0.010526315789 start: 39 end: 79 0.000001 0.000000 0.000007 0.000021 0.000071 0.000246 0.000539 0.001327 0.002992 0.006208 0.011628 0.020283 0.033037 0.049047 0.067502 0.087144 0.102673 0.112507 0.113408 0.105286 0.090089 0.070290 0.050892 0.033840 0.020394 0.011096 0.005494 0.002453 0.000999 0.000369 0.000103 0.000048 0.000004 0.000002 0.000000 0.000000 0.000000 0.000000 0.000000 0.000000 0.000000 
t: 0.010344827586 start: 39 end: 80 0.000001 0.000000 0.000006 0.000016 0.000049 0.000185 0.000398 0.001045 0.002344 0.005098 0.009709 0.017417 0.028831 0.043931 0.062122 0.081615 0.098754 0.110703 0.114214 0.108752 0.094758 0.076533 0.056298 0.038429 0.023735 0.013339 0.006702 0.003041 0.001259 0.000495 0.000150 0.000057 0.000012 0.000001 0.000001 0.000000 0.000000 0.000000 0.000000 0.000000 0.000000 0.000000 
t: 0.010169491525 start: 40 end: 80 0.000001 0.000003 0.000012 0.000035 0.000126 0.000323 0.000790 0.001844 0.004112 0.008222 0.014784 0.025215 0.039185 0.056757 0.076252 0.094389 0.108098 0.114371 0.111279 0.099776 0.081656 0.062334 0.042925 0.027320 0.015745 0.008124 0.003818 0.001569 0.000639 0.000208 0.000068 0.000018 0.000001 0.000001 0.000000 0.000000 0.000000 0.000000 0.000000 0.000000 0.000000 
t: 0.010000000000 start: 40 end: 80 0.000001 0.000002 0.000007 0.000023 0.000098 0.000246 0.000614 0.001451 0.003346 0.006857 0.012558 0.021894 0.034934 0.051366 0.071166 0.089465 0.105386 0.113673 0.113205 0.103851 0.086999 0.067653 0.048034 0.031215 0.018339 0.009740 0.004694 0.002001 0.000783 0.000276 0.000092 0.000027 0.000002 0.000002 0.000000 0.000000 0.000000 0.000000 0.000000 0.000000 0.000000 
t: 0.008448275866 start: 43 end: 80 0.000001 0.000003 0.000018 0.000025 0.000112 0.000324 0.000807 0.001861 0.003968 0.007902 0.014888 0.025137 0.039621 0.057543 0.077979 0.097341 0.110563 0.116865 0.113334 0.100090 0.081381 0.060411 0.040277 0.024819 0.013389 0.006716 0.002935 0.001105 0.000425 0.000127 0.000026 0.000007 0.000000 0.000000 0.000000 0.000000 0.000000 0.000000 
t: 0.007313432839 start: 46 end: 80 0.000003 0.000007 0.000031 0.000098 0.000253 0.000611 0.001478 0.003430 0.006991 0.013063 0.022678 0.037167 0.055279 0.076409 0.096626 0.111450 0.119576 0.116880 0.104163 0.084139 0.061385 0.040897 0.024430 0.013025 0.006077 0.002528 0.000928 0.000299 0.000081 0.000016 0.000001 0.000001 0.000000 0.000000 0.000000 
t: 0.006447368423 start: 46 end: 80 0.000001 0.000001 0.000005 0.000009 0.000029 0.000081 0.000298 0.000750 0.001739 0.003804 0.007735 0.014641 0.025498 0.041305 0.060444 0.082911 0.103262 0.117940 0.122982 0.116818 0.100220 0.077388 0.054061 0.033974 0.018902 0.009229 0.003911 0.001440 0.000468 0.000123 0.000026 0.000005 0.000000 0.000000 0.000000 
t: 0.005764705884 start: 48 end: 80 0.000002 0.000001 0.000005 0.000008 0.000056 0.000124 0.000426 0.001098 0.002496 0.005321 0.010573 0.019569 0.032852 0.051047 0.073527 0.096432 0.115437 0.125601 0.123611 0.109610 0.087995 0.063247 0.040245 0.022742 0.010950 0.004672 0.001699 0.000513 0.000113 0.000026 0.000001 0.000001 0.000000 
t: 0.005212765959 start: 49 end: 80 0.000001 0.000001 0.000001 0.000006 0.000024 0.000097 0.000305 0.000799 0.001829 0.004130 0.008627 0.016710 0.028747 0.046480 0.068452 0.093229 0.114338 0.127202 0.128128 0.115572 0.093914 0.066897 0.043034 0.023505 0.011271 0.004558 0.001663 0.000387 0.000080 0.000011 0.000002 0.000000 
t: 0.004757281555 start: 51 end: 80 0.000001 0.000000 0.000005 0.000023 0.000085 0.000221 0.000664 0.001604 0.003588 0.007996 0.015441 0.027516 0.045216 0.068449 0.093190 0.116006 0.130013 0.131022 0.118212 0.094824 0.067220 0.041253 0.022021 0.010097 0.003868 0.001161 0.000262 0.000034 0.000007 0.000001 
t: 0.004375000001 start: 52 end: 80 0.000001 0.000002 0.000007 0.000026 0.000075 0.000222 0.000627 0.001528 0.003642 0.008118 0.015592 0.028224 0.047203 0.070899 0.097465 0.120569 0.133677 0.133349 0.117179 0.092311 0.062830 0.036656 0.018452 0.007976 0.002563 0.000674 0.000110 0.000021 0.000002 
t: 0.004049586778 start: 53 end: 80 0.000001 0.000000 0.000008 0.000021 0.000096 0.000222 0.000701 0.001703 0.004025 0.008747 0.017076 0.031497 0.051394 0.076975 0.104156 0.127235 0.137818 0.133516 0.113961 0.085689 0.054293 0.030112 0.013841 0.005103 0.001478 0.000289 0.000037 0.000006 
t: 0.003769230770 start: 53 end: 80 0.000001 0.000000 0.000003 0.000006 0.000029 0.000101 0.000306 0.000800 0.002026 0.004785 0.010141 0.020280 0.036287 0.058722 0.086068 0.113915 0.134533 0.141373 0.131340 0.106323 0.074354 0.044336 0.021777 0.008986 0.002781 0.000641 0.000078 0.000008 
t: 0.003525179857 start: 54 end: 80 0.000001 0.000001 0.000001 0.000016 0.000036 0.000125 0.000391 0.001025 0.002589 0.006113 0.012827 0.024798 0.043461 0.069351 0.098279 0.125453 0.141457 0.142449 0.124643 0.093902 0.060623 0.032198 0.014080 0.004805 0.001180 0.000185 0.000011 
t: 0.003310810811 start: 56 end: 80 0.000001 0.000007 0.000018 0.000055 0.000204 0.000511 0.001441 0.003609 0.008079 0.016922 0.031421 0.053940 0.082875 0.112752 0.137105 0.147396 0.138768 0.111948 0.077550 0.044662 0.020724 0.007604 0.002034 0.000348 0.000026 
t: 0.003121019109 start: 57 end: 80 0.000003 0.000008 0.000030 0.000093 0.000305 0.000777 0.002109 0.005144 0.011409 0.022500 0.041407 0.067899 0.098988 0.128683 0.147385 0.148011 0.128154 0.094652 0.058448 0.028947 0.011214 0.003200 0.000575 0.000059 
t: 0.002951807229 start: 57 end: 80 0.000002 0.000003 0.000020 0.000037 0.000159 0.000448 0.001281 0.003253 0.007683 0.016017 0.031342 0.054843 0.085174 0.117414 0.143829 0.152954 0.141363 0.110823 0.073244 0.038539 0.015776 0.004745 0.000964 0.000087 
t: 0.002800000000 start: 57 end: 80 0.000001 0.000001 0.000008 0.000023 0.000083 0.000261 0.000792 0.002094 0.005095 0.011377 0.023610 0.043742 0.072013 0.105695 0.136743 0.154587 0.151321 0.125517 0.087959 0.049225 0.021425 0.006839 0.001452 0.000137 
t: 0.002663043479 start: 58 end: 80 0.000001 0.000001 0.000011 0.000043 0.000181 0.000455 0.001363 0.003375 0.008133 0.017853 0.034510 0.060255 0.093499 0.128163 0.152751 0.157548 0.139181 0.102148 0.060913 0.027830 0.009436 0.002127 0.000223 
t: 0.002538860104 start: 59 end: 80 0.000001 0.000002 0.000026 0.000099 0.000295 0.000847 0.002303 0.005773 0.013322 0.027182 0.049902 0.081701 0.118514 0.148402 0.160896 0.150198 0.116159 0.073272 0.035248 0.012517 0.002998 0.000343 
t: 0.002425742574 start: 59 end: 80 0.000001 0.000000 0.000012 0.000054 0.000190 0.000530 0.001557 0.004141 0.010051 0.021369 0.041251 0.070565 0.108229 0.141969 0.162493 0.158949 0.128775 0.085559 0.043626 0.016170 0.004024 0.000485 
t: 0.002322274882 start: 60 end: 80 0.000001 0.000005 0.000028 0.000125 0.000354 0.001109 0.002898 0.007466 0.016709 0.033866 0.061122 0.097439 0.134683 0.161753 0.165122 0.140584 0.097876 0.052461 0.020447 0.005271 0.000681 
t: 0.002227272727 start: 60 end: 80 0.000001 0.000001 0.000011 0.000082 0.000238 0.000742 0.002114 0.005574 0.012971 0.027810 0.052446 0.087074 0.126405 0.159134 0.169492 0.151400 0.109751 0.061890 0.025186 0.006783 0.000895 
t: 0.002139737991 start: 60 end: 80 0.000001 0.000000 0.000008 0.000044 0.000152 0.000534 0.001514 0.004135 0.010229 0.022732 0.044848 0.077436 0.117759 0.154851 0.172330 0.159914 0.121772 0.071589 0.030525 0.008462 0.001165 
t: 0.002058823530 start: 62 end: 80 0.000004 0.000024 0.000099 0.000372 0.001118 0.003073 0.007968 0.018536 0.038479 0.068363 0.109168 0.149215 0.173148 0.167944 0.132967 0.081233 0.036304 0.010487 0.001498 
t: 0.001983805668 start: 62 end: 80 0.000003 0.000014 0.000064 0.000244 0.000804 0.002392 0.006234 0.015051 0.032665 0.060546 0.100007 0.143322 0.172890 0.173822 0.143258 0.091405 0.042566 0.012834 0.001879 
t: 0.001914062500 start: 63 end: 80 0.000011 0.000043 0.000169 0.000584 0.001806 0.004968 0.012285 0.027766 0.053227 0.091660 0.136485 0.170902 0.178944 0.152855 0.101522 0.048994 0.015451 0.002328 
t: 0.001849056604 start: 63 end: 80 0.000006 0.000031 0.000109 0.000437 0.001350 0.003979 0.010004 0.023375 0.047093 0.083547 0.129042 0.167980 0.182806 0.161383 0.111842 0.055843 0.018295 0.002878 
t: 0.001788321168 start: 63 end: 80 0.000001 0.000022 0.000084 0.000312 0.001035 0.003145 0.008136 0.019789 0.041410 0.076177 0.121445 0.164301 0.185255 0.169304 0.121812 0.063027 0.021244 0.003501 
t: 0.001731448763 start: 64 end: 80 0.000013 0.000062 0.000230 0.000812 0.002475 0.006672 0.016840 0.036181 0.069390 0.114001 0.159657 0.186842 0.176296 0.131466 0.070386 0.024480 0.004197 
t: 0.001678082192 start: 64 end: 80 0.000007 0.000047 0.000163 0.000633 0.001961 0.005466 0.014243 0.031826 0.062576 0.106831 0.154636 0.187470 0.182299 0.140941 0.077812 0.028117 0.004972 
t: 0.001627906977 start: 64 end: 80 0.000006 0.000031 0.000128 0.000464 0.001548 0.004575 0.011995 0.028075 0.056452 0.099911 0.149201 0.186803 0.188089 0.149606 0.085466 0.031843 0.005807 
t: 0.001580645161 start: 64 end: 80 0.000004 0.000027 0.000081 0.000359 0.001247 0.003796 0.010081 0.024614 0.051089 0.092975 0.143808 0.185574 0.192436 0.158099 0.093231 0.035902 0.006677 
t: 0.001536050157 start: 64 end: 80 0.000003 0.000020 0.000058 0.000268 0.001012 0.003130 0.008503 0.021596 0.046270 0.086592 0.137303 0.184232 0.196091 0.166006 0.101165 0.040083 0.007668 
t: 0.001493902439 start: 64 end: 80 0.000001 0.000014 0.000046 0.000205 0.000769 0.002606 0.007293 0.018901 0.041805 0.080390 0.131408 0.181643 0.199366 0.173377 0.108995 0.044390 0.008791 
t: 0.001454005935 start: 64 end: 80 0.000001 0.000008 0.000036 0.000157 0.000595 0.002196 0.006169 0.016602 0.037718 0.074548 0.125804 0.178068 0.202159 0.180248 0.116593 0.049087 0.010011 
t: 0.001416184971 start: 64 end: 80 0.000001 0.000005 0.000029 0.000120 0.000491 0.001825 0.005256 0.014554 0.033977 0.069262 0.119976 0.174226 0.204254 0.186593 0.124322 0.053766 0.011343 
t: 0.001380281690 start: 64 end: 80 0.000001 0.000004 0.000023 0.000087 0.000389 0.001540 0.004468 0.012799 0.030670 0.064156 0.114158 0.170402 0.205399 0.192555 0.132005 0.058624 0.012720 
t: 0.001346153846 start: 64 end: 80 0.000001 0.000003 0.000018 0.000067 0.000314 0.001312 0.003787 0.011219 0.027731 0.059311 0.108404 0.166552 0.206071 0.198311 0.139185 0.063551 0.014163 
t: 0.001313672922 start: 65 end: 80 0.000001 0.000014 0.000060 0.000255 0.001090 0.003272 0.009884 0.024895 0.055061 0.102898 0.162142 0.206112 0.203571 0.146515 0.068486 0.015744 
t: 0.001282722513 start: 66 end: 80 0.000013 0.000046 0.000212 0.000886 0.002880 0.008649 0.022562 0.050832 0.097629 0.157736 0.205595 0.208323 0.153665 0.073582 0.017390 
t: 0.001253196931 start: 66 end: 80 0.000012 0.000036 0.000172 0.000755 0.002468 0.007626 0.020400 0.046889 0.092661 0.153070 0.204638 0.212748 0.160481 0.078923 0.019121 
t: 0.001225000000 start: 66 end: 80 0.000008 0.000027 0.000151 0.000627 0.002123 0.006711 0.018404 0.043391 0.087674 0.148580 0.203279 0.216595 0.167339 0.084237 0.020854 
t: 0.001198044010 start: 66 end: 80 0.000007 0.000021 0.000125 0.000534 0.001861 0.005899 0.016628 0.040138 0.083191 0.143679 0.201681 0.219996 0.173923 0.089598 0.022719 
t: 0.001172248804 start: 66 end: 80 0.000005 0.000015 0.000106 0.000442 0.001603 0.005236 0.015000 0.037271 0.078536 0.138981 0.199929 0.222881 0.180268 0.095106 0.024621 
t: 0.001147540984 start: 66 end: 80 0.000005 0.000012 0.000081 0.000375 0.001404 0.004621 0.013581 0.034378 0.074387 0.134405 0.197612 0.225355 0.186564 0.100631 0.026589 
t: 0.001123853211 start: 66 end: 80 0.000001 0.000013 0.000067 0.000317 0.001220 0.004122 0.012268 0.031809 0.070294 0.129874 0.195249 0.227263 0.192683 0.106239 0.028581 
t: 0.001101123596 start: 66 end: 80 0.000001 0.000011 0.000061 0.000269 0.001048 0.003661 0.011139 0.029348 0.066629 0.125313 0.192532 0.229321 0.198330 0.111575 0.030762 
t: 0.001079295154 start: 66 end: 80 0.000001 0.000008 0.000051 0.000229 0.000924 0.003281 0.010063 0.027199 0.063005 0.120978 0.189733 0.230532 0.204044 0.116926 0.033026 
t: 0.001058315335 start: 66 end: 80 0.000001 0.000007 0.000045 0.000195 0.000811 0.002914 0.009180 0.025196 0.059412 0.116688 0.186885 0.231610 0.209204 0.122536 0.035316 
t: 0.001038135593 start: 66 end: 80 0.000001 0.000004 0.000040 0.000164 0.000716 0.002596 0.008364 0.023365 0.055958 0.112671 0.183763 0.232513 0.214148 0.128031 0.037666 
t: 0.001018711019 start: 66 end: 80 0.000001 0.000003 0.000030 0.000146 0.000640 0.002318 0.007567 0.021722 0.052792 0.108556 0.180663 0.233068 0.219032 0.133416 0.040046 
t: 0.001000000000 start: 66 end: 80 0.000001 0.000002 0.000024 0.000131 0.000570 0.002078 0.006883 0.020107 0.049980 0.104684 0.177339 0.233274 0.223651 0.138784 0.042492 
