t: 0.059999999999 start: 12 end: 46 0.000001 0.000025 0.000139 0.000556 0.001850 0.005404 0.013129 0.027764 0.051003 0.080741 0.112482 0.135465 0.143817 0.133042 0.109678 0.079034 0.051045 0.029304 0.014656 0.006663 0.002716 0.001014 0.000335 0.000101 0.000030 0.000005 0.000001 0.000000 0.000000 0.000000 0.000000 0.000000 0.000000 0.000000 0.000000 
t: 0.054545454544 start: 13 end: 48 0.000002 0.000022 0.000067 0.000345 0.001277 0.003443 0.008744 0.019326 0.037351 0.062930 0.091945 0.119849 0.136122 0.136894 0.123620 0.097687 0.069633 0.043889 0.024739 0.012749 0.005661 0.002391 0.000879 0.000302 0.000105 0.000021 0.000006 0.000001 0.000000 0.000000 0.000000 0.000000 0.000000 0.000000 0.000000 0.000000 
t: 0.049999999999 start: 14 end: 50 0.000001 0.000017 0.000063 0.000241 0.000808 0.002385 0.006143 0.014091 0.028611 0.049510 0.076670 0.103782 0.125312 0.135638 0.129588 0.110374 0.085174 0.058259 0.035827 0.020115 0.010160 0.004326 0.001892 0.000672 0.000247 0.000070 0.000016 0.000007 0.000001 0.000000 0.000000 0.000000 0.000000 0.000000 0.000000 0.000000 0.000000 
t: 0.046153846153 start: 15 end: 52 0.000003 0.000009 0.000047 0.000182 0.000579 0.001757 0.004714 0.010867 0.022408 0.040354 0.064068 0.091070 0.114733 0.129131 0.131215 0.119179 0.096464 0.070999 0.046891 0.027713 0.015090 0.007287 0.003225 0.001330 0.000454 0.000167 0.000038 0.000019 0.000006 0.000001 0.000000 0.000000 0.000000 0.000000 0.000000 0.000000 0.000000 0.000000 
t: 0.042857142857 start: 16 end: 53 0.000002 0.000008 0.000041 0.000127 0.000426 0.001421 0.003830 0.008912 0.018361 0.033941 0.055140 0.080269 0.104887 0.123013 0.129388 0.122578 0.105365 0.081168 0.056149 0.035813 0.020227 0.010502 0.005027 0.002130 0.000831 0.000288 0.000112 0.000034 0.000008 0.000002 0.000000 0.000000 0.000000 0.000000 0.000000 0.000000 0.000000 0.000000 
t: 0.040000000000 start: 17 end: 56 0.000001 0.000006 0.000037 0.000125 0.000386 0.001215 0.003242 0.007541 0.015762 0.029303 0.048480 0.072386 0.096914 0.116414 0.126609 0.124116 0.110498 0.088311 0.064325 0.042707 0.025414 0.013893 0.007111 0.003220 0.001253 0.000467 0.000190 0.000054 0.000012 0.000006 0.000001 0.000001 0.000000 0.000000 0.000000 0.000000 0.000000 0.000000 0.000000 0.000000 
t: 0.037500000000 start: 18 end: 56 0.000001 0.000002 0.000033 0.000111 0.000370 0.001062 0.002842 0.006661 0.014217 0.026057 0.044211 0.066446 0.090291 0.111208 0.122392 0.124504 0.113234 0.093551 0.070876 0.048527 0.030049 0.017210 0.008980 0.004260 0.001745 0.000762 0.000277 0.000086 0.000028 0.000005 0.000002 0.000000 0.000000 0.000000 0.000000 0.000000 0.000000 0.000000 0.000000 
t: 0.035294117647 start: 19 end: 57 0.000001 0.000004 0.000027 0.000116 0.000337 0.001006 0.002678 0.006262 0.013064 0.024122 0.041031 0.062534 0.085421 0.106052 0.120122 0.122227 0.115863 0.097137 0.074826 0.053118 0.034282 0.019948 0.010702 0.005298 0.002259 0.000976 0.000391 0.000152 0.000034 0.000008 0.000002 0.000000 0.000000 0.000000 0.000000 0.000000 0.000000 0.000000 0.000000 
t: 0.033333333333 start: 19 end: 58 0.000001 0.000001 0.000006 0.000021 0.000096 0.000372 0.000999 0.002598 0.006045 0.012399 0.023141 0.039124 0.059435 0.082144 0.103022 0.117337 0.121490 0.115099 0.099280 0.078504 0.056479 0.037007 0.022281 0.012274 0.006131 0.002794 0.001214 0.000456 0.000184 0.000050 0.000014 0.000000 0.000002 0.000000 0.000000 0.000000 0.000000 0.000000 0.000000 0.000000 
t: 0.031578947368 start: 21 end: 59 0.000002 0.000008 0.000024 0.000116 0.000415 0.000992 0.002653 0.005912 0.012223 0.022829 0.038128 0.058162 0.080192 0.100107 0.115051 0.120665 0.115171 0.100416 0.079990 0.058509 0.038782 0.023912 0.013252 0.006943 0.003261 0.001425 0.000565 0.000193 0.000080 0.000016 0.000006 0.000000 0.000000 0.000000 0.000000 0.000000 0.000000 0.000000 0.000000 
t: 0.030000000000 start: 21 end: 61 0.000001 0.000002 0.000006 0.000033 0.000137 0.000422 0.001101 0.002709 0.006070 0.012426 0.022774 0.038183 0.058012 0.078493 0.099410 0.113955 0.119013 0.114764 0.100114 0.080397 0.059221 0.040455 0.024595 0.014091 0.007487 0.003563 0.001569 0.000630 0.000249 0.000084 0.000030 0.000003 0.000001 0.000000 0.000000 0.000000 0.000000 0.000000 0.000000 0.000000 0.000000 
t: 0.028571428571 start: 23 end: 62 0.000004 0.000010 0.000050 0.000162 0.000483 0.001158 0.002929 0.006563 0.012907 0.023489 0.038892 0.057998 0.078921 0.098801 0.113060 0.117881 0.113588 0.099513 0.080370 0.059297 0.040477 0.025050 0.014375 0.007565 0.003774 0.001622 0.000692 0.000249 0.000084 0.000025 0.000008 0.000003 0.000000 0.000000 0.000000 0.000000 0.000000 0.000000 0.000000 0.000000 
t: 0.027272727273 start: 24 end: 64 0.000001 0.000020 0.000055 0.000184 0.000511 0.001378 0.003316 0.006949 0.013825 0.024693 0.040064 0.059234 0.079934 0.099596 0.112067 0.117447 0.111839 0.098288 0.078892 0.058748 0.039812 0.024835 0.014320 0.007661 0.003598 0.001665 0.000699 0.000238 0.000086 0.000037 0.000006 0.000001 0.000001 0.000000 0.000000 0.000000 0.000000 0.000000 0.000000 0.000000 0.000000 
t: 0.026086956522 start: 25 end: 64 0.000009 0.000014 0.000077 0.000200 0.000654 0.001597 0.003688 0.007808 0.015048 0.026417 0.042006 0.061050 0.081967 0.099948 0.112896 0.116176 0.110326 0.096052 0.077176 0.056715 0.038780 0.023965 0.013829 0.007414 0.003589 0.001580 0.000666 0.000215 0.000103 0.000025 0.000009 0.000001 0.000000 0.000000 0.000000 0.000000 0.000000 0.000000 0.000000 0.000000 
t: 0.025000000000 start: 25 end: 65 0.000001 0.000010 0.000020 0.000077 0.000290 0.000781 0.001895 0.004304 0.008795 0.016674 0.028675 0.044543 0.063877 0.083869 0.101994 0.112582 0.115695 0.108199 0.093346 0.074204 0.054902 0.036502 0.022919 0.013129 0.006851 0.003395 0.001502 0.000609 0.000240 0.000087 0.000024 0.000008 0.000000 0.000001 0.000000 0.000000 0.000000 0.000000 0.000000 0.000000 0.000000 
t: 0.024000000000 start: 26 end: 66 0.000004 0.000006 0.000028 0.000129 0.000348 0.000926 0.002328 0.005060 0.010330 0.018458 0.031330 0.047902 0.067309 0.086669 0.103210 0.113682 0.114048 0.105545 0.090205 0.071681 0.051478 0.034257 0.021356 0.012120 0.006383 0.003047 0.001313 0.000526 0.000217 0.000078 0.000018 0.000008 0.000001 0.000000 0.000000 0.000000 0.000000 0.000000 0.000000 0.000000 0.000000 
t: 0.023076923077 start: 26 end: 67 0.000002 0.000002 0.000009 0.000046 0.000165 0.000467 0.001192 0.002843 0.006108 0.011874 0.020890 0.034529 0.051666 0.071637 0.090001 0.105824 0.113074 0.112543 0.102499 0.086793 0.067692 0.048031 0.031725 0.019168 0.011014 0.005658 0.002692 0.001134 0.000461 0.000168 0.000073 0.000014 0.000005 0.000001 0.000000 0.000000 0.000000 0.000000 0.000000 0.000000 0.000000 0.000000 
t: 0.022222222222 start: 27 end: 68 0.000001 0.000006 0.000019 0.000060 0.000218 0.000642 0.001575 0.003559 0.007253 0.013751 0.024230 0.038095 0.056309 0.075437 0.094102 0.107676 0.113287 0.110593 0.099289 0.082195 0.063043 0.044356 0.028475 0.017428 0.009787 0.004799 0.002247 0.000975 0.000379 0.000146 0.000052 0.000014 0.000001 0.000000 0.000001 0.000000 0.000000 0.000000 0.000000 0.000000 0.000000 0.000000 
t: 0.021428571428 start: 28 end: 69 0.000003 0.000007 0.000028 0.000100 0.000329 0.000815 0.002077 0.004340 0.008781 0.016375 0.027498 0.042888 0.060786 0.080778 0.097846 0.109424 0.113418 0.107587 0.094940 0.077559 0.057870 0.040082 0.025636 0.015370 0.008184 0.004139 0.001872 0.000793 0.000306 0.000119 0.000040 0.000007 0.000002 0.000000 0.000001 0.000000 0.000000 0.000000 0.000000 0.000000 0.000000 0.000000 
t: 0.020689655172 start: 28 end: 69 0.000001 0.000000 0.000022 0.000038 0.000153 0.000428 0.001145 0.002665 0.005575 0.010751 0.019376 0.031532 0.047697 0.066886 0.085833 0.101650 0.110815 0.112065 0.104371 0.090602 0.071819 0.052785 0.035523 0.022608 0.012930 0.006792 0.003430 0.001512 0.000634 0.000234 0.000090 0.000027 0.000005 0.000005 0.000001 0.000000 0.000000 0.000000 0.000000 0.000000 0.000000 0.000000 
t: 0.020000000000 start: 28 end: 69 0.000001 0.000000 0.000005 0.000022 0.000078 0.000220 0.000621 0.001565 0.003397 0.007053 0.013134 0.023235 0.036281 0.053559 0.072976 0.090829 0.104901 0.112059 0.109923 0.100740 0.084918 0.065769 0.047174 0.031344 0.019195 0.010758 0.005664 0.002647 0.001172 0.000495 0.000169 0.000066 0.000020 0.000008 0.000002 0.000000 0.000000 0.000000 0.000000 0.000000 0.000000 0.000000 
t: 0.019354838710 start: 30 end: 71 0.000004 0.000005 0.000037 0.000122 0.000326 0.000898 0.002085 0.004501 0.009007 0.016265 0.027141 0.041948 0.060145 0.079122 0.095965 0.107934 0.112092 0.107251 0.095904 0.078282 0.059601 0.041634 0.026950 0.015951 0.008909 0.004483 0.002046 0.000848 0.000348 0.000130 0.000041 0.000020 0.000004 0.000000 0.000001 0.000000 0.000000 0.000000 0.000000 0.000000 0.000000 0.000000 
t: 0.018750000000 start: 30 end: 72 0.000002 0.000005 0.000018 0.000066 0.000196 0.000492 0.001243 0.002801 0.005923 0.011257 0.019837 0.032238 0.048521 0.066880 0.085511 0.100454 0.110192 0.111354 0.104153 0.089622 0.071691 0.052627 0.036126 0.022704 0.013079 0.006999 0.003464 0.001524 0.000612 0.000287 0.000075 0.000038 0.000007 0.000001 0.000001 0.000000 0.000000 0.000000 0.000000 0.000000 0.000000 0.000000 0.000000 
t: 0.018181818182 start: 30 end: 73 0.000001 0.000002 0.000010 0.000035 0.000105 0.000305 0.000721 0.001743 0.003778 0.007682 0.014365 0.024255 0.038317 0.055306 0.073997 0.091497 0.105046 0.111438 0.109301 0.098967 0.082931 0.064627 0.045967 0.030753 0.018635 0.010326 0.005448 0.002585 0.001102 0.000472 0.000191 0.000064 0.000023 0.000003 0.000001 0.000001 0.000000 0.000000 0.000000 0.000000 0.000000 0.000000 0.000000 0.000000 
t: 0.017647058823 start: 30 end: 74 0.000001 0.000001 0.000004 0.000019 0.000063 0.000163 0.000444 0.001080 0.002424 0.005215 0.010115 0.017869 0.029743 0.044752 0.062891 0.081239 0.097520 0.108802 0.111212 0.105699 0.092982 0.075580 0.056970 0.039665 0.025313 0.014874 0.008129 0.004083 0.001881 0.000773 0.000313 0.000125 0.000040 0.000012 0.000001 0.000001 0.000002 0.000000 0.000000 0.000000 0.000000 0.000000 0.000000 0.000000 0.000000 
t: 0.017142857143 start: 32 end: 74 0.000003 0.000014 0.000037 0.000091 0.000253 0.000644 0.001557 0.003413 0.007101 0.013140 0.022383 0.035733 0.052364 0.070355 0.088759 0.102836 0.110425 0.109959 0.101249 0.085726 0.067691 0.049605 0.033149 0.020578 0.011594 0.006140 0.003041 0.001319 0.000531 0.000204 0.000074 0.000024 0.000004 0.000001 0.000003 0.000000 0.000000 0.000000 0.000000 0.000000 0.000000 0.000000 0.000000 
t: 0.016666666667 start: 33 end: 74 0.000008 0.000020 0.000053 0.000151 0.000389 0.000995 0.002299 0.004845 0.009372 0.016745 0.028064 0.042842 0.060006 0.078839 0.095640 0.107040 0.110841 0.106846 0.094719 0.078445 0.059764 0.041903 0.027252 0.015845 0.009020 0.004505 0.002076 0.000937 0.000349 0.000124 0.000044 0.000017 0.000001 0.000004 0.000000 0.000000 0.000000 0.000000 0.000000 0.000000 0.000000 0.000000 
t: 0.016216216216 start: 33 end: 75 0.000004 0.000006 0.000031 0.000098 0.000223 0.000624 0.001519 0.003330 0.006703 0.012488 0.021516 0.034399 0.050538 0.068686 0.086876 0.101506 0.109544 0.110162 0.102176 0.087720 0.069678 0.051463 0.034594 0.021572 0.012337 0.006612 0.003176 0.001461 0.000624 0.000209 0.000085 0.000031 0.000005 0.000001 0.000003 0.000000 0.000000 0.000000 0.000000 0.000000 0.000000 0.000000 0.000000 
t: 0.015789473684 start: 33 end: 75 0.000001 0.000003 0.000017 0.000051 0.000138 0.000414 0.000970 0.002240 0.004767 0.009279 0.016338 0.027211 0.041796 0.059067 0.077606 0.094244 0.106503 0.110755 0.107058 0.096017 0.079104 0.061066 0.042986 0.027955 0.016714 0.009251 0.004718 0.002210 0.000944 0.000377 0.000130 0.000045 0.000019 0.000003 0.000003 0.000000 0.000000 0.000000 0.000000 0.000000 0.000000 0.000000 0.000000 
t: 0.015384615385 start: 34 end: 76 0.000002 0.000016 0.000021 0.000083 0.000243 0.000638 0.001537 0.003317 0.006617 0.012501 0.021307 0.033995 0.050131 0.067617 0.086776 0.101082 0.109367 0.110233 0.102435 0.087595 0.070684 0.051836 0.035113 0.021806 0.012647 0.006742 0.003331 0.001404 0.000573 0.000237 0.000078 0.000024 0.000006 0.000005 0.000001 0.000000 0.000000 0.000000 0.000000 0.000000 0.000000 0.000000 0.000000 
t: 0.015000000000 start: 34 end: 76 0.000002 0.000008 0.000015 0.000053 0.000131 0.000388 0.001062 0.002324 0.004746 0.009262 0.016543 0.027418 0.041896 0.058836 0.077524 0.094474 0.106429 0.110931 0.106936 0.095440 0.079622 0.061014 0.043007 0.027688 0.016588 0.009281 0.004740 0.002203 0.000887 0.000360 0.000131 0.000039 0.000015 0.000006 0.000001 0.000000 0.000000 0.000000 0.000000 0.000000 0.000000 0.000000 0.000000 
t: 0.014634146341 start: 34 end: 76 0.000001 0.000003 0.000011 0.000031 0.000090 0.000230 0.000699 0.001629 0.003408 0.006845 0.012716 0.021810 0.034540 0.050231 0.069172 0.086849 0.101354 0.109360 0.110143 0.102325 0.087380 0.069719 0.051275 0.034273 0.021611 0.012287 0.006516 0.003233 0.001390 0.000560 0.000206 0.000068 0.000023 0.000010 0.000002 0.000000 0.000000 0.000000 0.000000 0.000000 0.000000 0.000000 0.000000 
t: 0.014285714286 start: 35 end: 77 0.000001 0.000006 0.000019 0.000058 0.000139 0.000468 0.001102 0.002415 0.004964 0.009719 0.017323 0.028173 0.042630 0.060482 0.078866 0.094960 0.106574 0.110498 0.107349 0.094809 0.078313 0.059508 0.041748 0.027142 0.016016 0.008810 0.004454 0.002122 0.000826 0.000322 0.000121 0.000042 0.000016 0.000004 0.000001 0.000000 0.000000 0.000000 0.000000 0.000000 0.000000 0.000000 0.000000 
t: 0.013953488372 start: 36 end: 78 0.000005 0.000016 0.000029 0.000090 0.000299 0.000766 0.001761 0.003609 0.007225 0.013693 0.022744 0.035815 0.052369 0.070344 0.088069 0.102537 0.109828 0.109571 0.101244 0.086193 0.068106 0.049360 0.033307 0.020332 0.011639 0.006037 0.003000 0.001223 0.000499 0.000183 0.000073 0.000023 0.000009 0.000001 0.000001 0.000000 0.000000 0.000000 0.000000 0.000000 0.000000 0.000000 0.000000 
t: 0.013636363636 start: 36 end: 78 0.000002 0.000010 0.000023 0.000055 0.000194 0.000544 0.001224 0.002687 0.005439 0.010326 0.018497 0.029668 0.044737 0.062634 0.080807 0.096334 0.107871 0.110553 0.106136 0.093283 0.076277 0.057499 0.039861 0.025150 0.014986 0.008158 0.004086 0.001780 0.000730 0.000288 0.000109 0.000036 0.000013 0.000002 0.000001 0.000000 0.000000 0.000000 0.000000 0.000000 0.000000 0.000000 0.000000 
t: 0.013333333333 start: 37 end: 78 0.000007 0.000012 0.000042 0.000116 0.000352 0.000870 0.001975 0.004029 0.007988 0.014654 0.024311 0.037811 0.055187 0.073284 0.089884 0.104251 0.110446 0.109230 0.099335 0.083895 0.065302 0.046946 0.030839 0.019067 0.010380 0.005501 0.002584 0.001029 0.000419 0.000173 0.000057 0.000018 0.000005 0.000001 0.000000 0.000000 0.000000 0.000000 0.000000 0.000000 0.000000 0.000000 
t: 0.013043478261 start: 37 end: 79 0.000003 0.000008 0.000025 0.000069 0.000252 0.000599 0.001407 0.003029 0.006181 0.011526 0.019767 0.032106 0.047661 0.065663 0.083043 0.099363 0.109022 0.111362 0.103762 0.090683 0.073219 0.054216 0.036936 0.023540 0.013348 0.007209 0.003515 0.001506 0.000615 0.000248 0.000087 0.000020 0.000008 0.000001 0.000001 0.000000 0.000000 0.000000 0.000000 0.000000 0.000000 0.000000 0.000000 
t: 0.012765957447 start: 37 end: 79 0.000001 0.000007 0.000014 0.000055 0.000151 0.000428 0.001021 0.002211 0.004719 0.009125 0.016012 0.026701 0.041176 0.058224 0.076382 0.093326 0.106248 0.111286 0.107464 0.096851 0.080875 0.061430 0.043564 0.028352 0.016849 0.009369 0.004648 0.002091 0.000894 0.000357 0.000128 0.000025 0.000012 0.000003 0.000000 0.000001 0.000000 0.000000 0.000000 0.000000 0.000000 0.000000 0.000000 
t: 0.012500000000 start: 37 end: 79 0.000001 0.000005 0.000012 0.000035 0.000100 0.000299 0.000689 0.001662 0.003586 0.007112 0.012886 0.022123 0.035095 0.051255 0.069464 0.087242 0.102234 0.110043 0.109864 0.102076 0.087572 0.069118 0.050061 0.033930 0.020725 0.011821 0.006111 0.002861 0.001254 0.000505 0.000188 0.000051 0.000015 0.000004 0.000000 0.000001 0.000000 0.000000 0.000000 0.000000 0.000000 0.000000 0.000000 
t: 0.012244897959 start: 38 end: 79 0.000001 0.000009 0.000028 0.000072 0.000206 0.000492 0.001190 0.002753 0.005497 0.010450 0.018134 0.029765 0.044581 0.062451 0.081050 0.097178 0.108300 0.110590 0.106038 0.094140 0.075974 0.057036 0.039581 0.025291 0.014684 0.007907 0.003779 0.001718 0.000732 0.000266 0.000077 0.000021 0.000008 0.000000 0.000001 0.000000 0.000000 0.000000 0.000000 0.000000 0.000000 0.000000 
t: 0.012000000000 start: 38 end: 80 0.000001 0.000005 0.000020 0.000043 0.000144 0.000354 0.000895 0.002050 0.004253 0.008395 0.014831 0.025052 0.038618 0.055829 0.074204 0.091780 0.104911 0.111317 0.108473 0.099482 0.083107 0.063765 0.045605 0.030179 0.017879 0.009964 0.004983 0.002341 0.000978 0.000378 0.000115 0.000033 0.000014 0.000001 0.000001 0.000000 0.000000 0.000000 0.000000 0.000000 0.000000 0.000000 0.000000 
t: 0.011764705882 start: 38 end: 80 0.000001 0.000004 0.000015 0.000036 0.000096 0.000239 0.000657 0.001576 0.003304 0.006673 0.012094 0.021058 0.033306 0.049301 0.067589 0.085843 0.100720 0.109927 0.110891 0.103637 0.089556 0.070716 0.051932 0.035325 0.021629 0.012320 0.006403 0.003041 0.001344 0.000519 0.000174 0.000048 0.000022 0.000003 0.000001 0.000000 0.000000 0.000000 0.000000 0.000000 0.000000 0.000000 0.000000 
t: 0.011538461538 start: 38 end: 80 0.000001 0.000002 0.000012 0.000024 0.000072 0.000186 0.000480 0.001174 0.002576 0.005225 0.009841 0.017469 0.028550 0.043486 0.061148 0.079602 0.096106 0.107382 0.111944 0.107219 0.095026 0.077815 0.058251 0.040677 0.025792 0.015119 0.008074 0.003910 0.001799 0.000672 0.000257 0.000073 0.000028 0.000006 0.000002 0.000000 0.000000 0.000000 0.000000 0.000000 0.000000 0.000000 0.000000 
t: 0.011320754717 start: 39 end: 81 0.000002 0.000008 0.000020 0.000053 0.000123 0.000340 0.000893 0.001980 0.004090 0.007981 0.014494 0.024342 0.037927 0.055176 0.073016 0.091292 0.104270 0.111526 0.110079 0.099850 0.083998 0.064892 0.046452 0.030130 0.018146 0.010043 0.005105 0.002313 0.000932 0.000372 0.000107 0.000036 0.000009 0.000002 0.000001 0.000000 0.000000 0.000000 0.000000 0.000000 0.000000 0.000000 0.000000 
t: 0.011111111111 start: 39 end: 81 0.000001 0.000003 0.000016 0.000040 0.000088 0.000249 0.000627 0.001551 0.003230 0.006464 0.011933 0.020690 0.032930 0.049237 0.067125 0.085249 0.100767 0.110464 0.111519 0.104078 0.089854 0.071407 0.052134 0.035049 0.021710 0.012262 0.006340 0.003026 0.001247 0.000490 0.000155 0.000050 0.000010 0.000004 0.000001 0.000000 0.000000 0.000000 0.000000 0.000000 0.000000 0.000000 0.000000 
t: 0.010909090909 start: 40 end: 81 0.000002 0.000012 0.000024 0.000070 0.000179 0.000451 0.001156 0.002576 0.005290 0.009813 0.017422 0.028595 0.043454 0.061352 0.079278 0.096443 0.108509 0.112249 0.107521 0.095065 0.077671 0.058065 0.040085 0.025767 0.014729 0.007826 0.003755 0.001691 0.000632 0.000230 0.000066 0.000015 0.000005 0.000002 0.000000 0.000000 0.000000 0.000000 0.000000 0.000000 0.000000 0.000000 
t: 0.010714285714 start: 41 end: 81 0.000007 0.000024 0.000052 0.000126 0.000332 0.000867 0.002023 0.004269 0.008083 0.014588 0.024688 0.038446 0.055135 0.073950 0.091346 0.105599 0.112510 0.109996 0.099684 0.083477 0.064240 0.045471 0.029657 0.017576 0.009660 0.004750 0.002154 0.000836 0.000326 0.000096 0.000021 0.000008 0.000003 0.000000 0.000000 0.000000 0.000000 0.000000 0.000000 0.000000 0.000000 
t: 0.010526315789 start: 41 end: 82 0.000001 0.000016 0.000050 0.000093 0.000228 0.000661 0.001582 0.003361 0.006758 0.012185 0.021096 0.033803 0.049743 0.068251 0.086375 0.102017 0.111144 0.111834 0.103745 0.088835 0.070417 0.050911 0.034336 0.020549 0.011676 0.005876 0.002702 0.001152 0.000422 0.000128 0.000039 0.000009 0.000004 0.000000 0.000001 0.000000 0.000000 0.000000 0.000000 0.000000 0.000000 0.000000 
t: 0.010344827586 start: 42 end: 82 0.000011 0.000037 0.000065 0.000162 0.000506 0.001270 0.002644 0.005500 0.010241 0.017849 0.029719 0.044608 0.062655 0.081069 0.098070 0.109013 0.112910 0.106942 0.094109 0.076101 0.056680 0.039050 0.023997 0.013975 0.007207 0.003331 0.001480 0.000546 0.000181 0.000052 0.000013 0.000004 0.000002 0.000001 0.000000 0.000000 0.000000 0.000000 0.000000 0.000000 0.000000 
t: 0.010169491525 start: 42 end: 82 0.000006 0.000028 0.000050 0.000127 0.000377 0.000968 0.002155 0.004465 0.008509 0.015226 0.025823 0.039644 0.057338 0.075748 0.093374 0.107008 0.113014 0.109659 0.098648 0.081479 0.062213 0.043985 0.027849 0.016478 0.008767 0.004161 0.001833 0.000718 0.000251 0.000074 0.000018 0.000003 0.000002 0.000002 0.000000 0.000000 0.000000 0.000000 0.000000 0.000000 0.000000 
t: 0.010000000000 start: 42 end: 82 0.000002 0.000020 0.000037 0.000101 0.000268 0.000730 0.001755 0.003606 0.007197 0.012850 0.022350 0.035358 0.051983 0.070389 0.088757 0.103902 0.112173 0.111734 0.103177 0.086529 0.067632 0.048921 0.031922 0.019243 0.010409 0.005261 0.002306 0.000914 0.000325 0.000119 0.000023 0.000002 0.000003 0.000002 0.000000 0.000000 0.000000 0.000000 0.000000 0.000000 0.000000 
t: 0.008448275866 start: 45 end: 82 0.000003 0.000013 0.000044 0.000117 0.000326 0.000835 0.001905 0.003950 0.007972 0.014244 0.024328 0.038520 0.056421 0.075335 0.094044 0.108397 0.115153 0.112308 0.100807 0.083413 0.062749 0.043093 0.026889 0.015503 0.007796 0.003572 0.001522 0.000516 0.000165 0.000045 0.000014 0.000001 0.000000 0.000000 0.000000 0.000000 0.000000 0.000000 
t: 0.007313432839 start: 47 end: 82 0.000003 0.000008 0.000038 0.000094 0.000214 0.000581 0.001472 0.003221 0.006429 0.012158 0.021314 0.034731 0.052234 0.072042 0.092515 0.108037 0.116540 0.116259 0.105983 0.087114 0.066564 0.045241 0.028351 0.015672 0.007823 0.003397 0.001337 0.000453 0.000138 0.000030 0.000007 0.000000 0.000000 0.000000 0.000000 0.000000 
t: 0.006447368423 start: 48 end: 82 0.000001 0.000005 0.000011 0.000027 0.000085 0.000222 0.000651 0.001553 0.003368 0.006955 0.013160 0.023211 0.037502 0.055796 0.076947 0.097560 0.113522 0.120495 0.117013 0.104158 0.083170 0.060632 0.039994 0.023047 0.012085 0.005573 0.002212 0.000745 0.000229 0.000061 0.000009 0.000001 0.000000 0.000000 0.000000 
t: 0.005764705884 start: 50 end: 82 0.000003 0.000003 0.000012 0.000043 0.000128 0.000336 0.000916 0.002041 0.004598 0.009259 0.017032 0.029124 0.046042 0.066564 0.089276 0.108590 0.120611 0.123038 0.113726 0.094699 0.071541 0.047775 0.028478 0.015159 0.006913 0.002822 0.000922 0.000290 0.000049 0.000007 0.000003 0.000000 0.000000 
t: 0.005212765959 start: 50 end: 82 0.000001 0.000002 0.000001 0.000008 0.000024 0.000084 0.000209 0.000631 0.001504 0.003491 0.007090 0.014085 0.024741 0.040763 0.061073 0.084510 0.105574 0.121334 0.126782 0.119188 0.101486 0.076872 0.052088 0.031190 0.016084 0.007247 0.002769 0.000898 0.000224 0.000040 0.000005 0.000002 0.000000 
t: 0.004757281555 start: 51 end: 82 0.000001 0.000002 0.000002 0.000003 0.000014 0.000060 0.000164 0.000523 0.001321 0.002918 0.006449 0.012415 0.023090 0.038642 0.059283 0.083355 0.105779 0.123420 0.129667 0.122509 0.104046 0.078862 0.052282 0.030488 0.015103 0.006430 0.002335 0.000663 0.000142 0.000025 0.000006 0.000001 
t: 0.004375000001 start: 52 end: 82 0.000001 0.000001 0.000002 0.000003 0.000009 0.000058 0.000164 0.000450 0.001179 0.002809 0.006205 0.012644 0.023145 0.039397 0.060769 0.085168 0.109264 0.127079 0.132289 0.124459 0.103357 0.075926 0.048941 0.026931 0.012654 0.005002 0.001622 0.000378 0.000079 0.000014 0.000001 
t: 0.004049586778 start: 54 end: 82 0.000001 0.000002 0.000001 0.000018 0.000054 0.000185 0.000454 0.001249 0.002986 0.006692 0.013367 0.025122 0.042195 0.065214 0.091140 0.114805 0.131716 0.135190 0.123067 0.099393 0.069529 0.042330 0.021647 0.009229 0.003327 0.000880 0.000173 0.000032 0.000002 
t: 0.003769230770 start: 55 end: 82 0.000001 0.000000 0.000005 0.000018 0.000071 0.000206 0.000561 0.001416 0.003513 0.007600 0.015496 0.028501 0.047682 0.072485 0.099128 0.123503 0.136884 0.135930 0.119031 0.090640 0.059982 0.033537 0.015588 0.006029 0.001762 0.000360 0.000067 0.000004 
t: 0.003525179857 start: 55 end: 82 0.000001 0.000000 0.000001 0.000005 0.000022 0.000097 0.000255 0.000690 0.001868 0.004282 0.009313 0.018772 0.033986 0.055334 0.083232 0.110361 0.132171 0.141635 0.133383 0.110574 0.078507 0.047473 0.024274 0.009759 0.003176 0.000695 0.000124 0.000010 
t: 0.003310810811 start: 56 end: 82 0.000001 0.000000 0.000002 0.000008 0.000035 0.000113 0.000351 0.000983 0.002448 0.005656 0.012267 0.023580 0.041860 0.066871 0.095953 0.122678 0.141214 0.142669 0.127067 0.096757 0.063384 0.034313 0.015086 0.005179 0.001301 0.000205 0.000019 
t: 0.003121019109 start: 56 end: 82 0.000001 0.000000 0.000001 0.000002 0.000016 0.000061 0.000168 0.000518 0.001394 0.003447 0.007842 0.016559 0.030810 0.052781 0.081025 0.110952 0.135651 0.146921 0.139876 0.113836 0.079905 0.046229 0.021556 0.007956 0.002099 0.000360 0.000034 
t: 0.002951807229 start: 57 end: 82 0.000001 0.000000 0.000002 0.000007 0.000030 0.000084 0.000273 0.000773 0.002093 0.005061 0.011205 0.022523 0.041049 0.067451 0.098114 0.126950 0.147129 0.147949 0.128940 0.096028 0.059223 0.029645 0.011603 0.003190 0.000616 0.000061 
t: 0.002800000000 start: 59 end: 82 0.000001 0.000003 0.000013 0.000037 0.000141 0.000449 0.001288 0.003240 0.007643 0.016306 0.031577 0.055148 0.085189 0.116733 0.142921 0.152900 0.141288 0.111484 0.072889 0.038972 0.015998 0.004756 0.000922 0.000102 
t: 0.002663043479 start: 59 end: 82 0.000001 0.000003 0.000005 0.000021 0.000065 0.000271 0.000781 0.002054 0.005224 0.011984 0.024122 0.044128 0.072878 0.105845 0.136301 0.154219 0.150515 0.125826 0.086926 0.049156 0.021414 0.006741 0.001362 0.000158 
t: 0.002538860104 start: 60 end: 82 0.000001 0.000002 0.000012 0.000031 0.000152 0.000455 0.001369 0.003607 0.008620 0.018248 0.035535 0.061507 0.094517 0.128065 0.152677 0.157276 0.138200 0.100500 0.060248 0.027696 0.009089 0.001964 0.000229 
t: 0.002425742574 start: 62 end: 82 0.000004 0.000020 0.000089 0.000277 0.000905 0.002498 0.006189 0.013960 0.028051 0.051699 0.083194 0.118861 0.149593 0.160698 0.148467 0.114090 0.071386 0.034845 0.012123 0.002727 0.000324 
t: 0.002322274882 start: 62 end: 82 0.000003 0.000010 0.000055 0.000165 0.000576 0.001731 0.004455 0.010601 0.022246 0.043089 0.072701 0.109008 0.143865 0.162352 0.157348 0.126675 0.082976 0.042388 0.015587 0.003713 0.000456 
t: 0.002227272727 start: 62 end: 82 0.000001 0.000008 0.000030 0.000104 0.000352 0.001206 0.003200 0.008089 0.017594 0.035837 0.063253 0.099028 0.136818 0.161695 0.164103 0.138255 0.094649 0.050692 0.019594 0.004881 0.000611 
t: 0.002139737991 start: 62 end: 82 0.000001 0.000006 0.000009 0.000082 0.000238 0.000830 0.002269 0.006178 0.014042 0.029444 0.054648 0.089610 0.129223 0.159268 0.168674 0.148635 0.106439 0.059274 0.024030 0.006279 0.000821 
t: 0.002058823530 start: 63 end: 82 0.000005 0.000008 0.000045 0.000161 0.000583 0.001656 0.004618 0.011146 0.024326 0.047035 0.080490 0.121117 0.155883 0.171103 0.157856 0.117750 0.068313 0.028941 0.007885 0.001079 
t: 0.001983805668 start: 63 end: 82 0.000003 0.000007 0.000028 0.000105 0.000396 0.001254 0.003495 0.008837 0.019977 0.040431 0.071960 0.112698 0.151153 0.172480 0.165228 0.128797 0.077855 0.034161 0.009793 0.001342 
t: 0.001914062500 start: 63 end: 82 0.000002 0.000004 0.000024 0.000068 0.000274 0.000929 0.002670 0.006986 0.016438 0.034715 0.063923 0.104466 0.145628 0.172208 0.171933 0.138912 0.087282 0.039987 0.011847 0.001704 
t: 0.001849056604 start: 63 end: 82 0.000001 0.000001 0.000014 0.000044 0.000182 0.000721 0.002051 0.005522 0.013584 0.029758 0.056629 0.096354 0.139471 0.171324 0.176246 0.148760 0.096910 0.046167 0.014129 0.002132 
t: 0.001788321168 start: 63 end: 82 0.000001 0.000000 0.000012 0.000026 0.000141 0.000518 0.001573 0.004459 0.011172 0.025421 0.050211 0.088252 0.132833 0.169362 0.180049 0.157556 0.106289 0.052755 0.016777 0.002593 
t: 0.001731448763 start: 65 end: 82 0.000011 0.000017 0.000089 0.000401 0.001191 0.003556 0.009246 0.021713 0.044328 0.080866 0.125926 0.166008 0.183329 0.165422 0.115570 0.059601 0.019573 0.003153 
t: 0.001678082192 start: 65 end: 82 0.000007 0.000010 0.000071 0.000288 0.000927 0.002812 0.007660 0.018503 0.039078 0.073833 0.119035 0.162379 0.185151 0.172648 0.124872 0.066286 0.022735 0.003705 
t: 0.001627906977 start: 65 end: 82 0.000004 0.000007 0.000057 0.000212 0.000718 0.002231 0.006355 0.015812 0.034561 0.067169 0.112013 0.158016 0.186121 0.179076 0.133686 0.073527 0.026021 0.004414 
t: 0.001580645161 start: 65 end: 82 0.000001 0.000005 0.000044 0.000161 0.000559 0.001771 0.005206 0.013498 0.030415 0.061200 0.105318 0.152885 0.186380 0.184735 0.142505 0.080634 0.029563 0.005120 
t: 0.001536050157 start: 65 end: 82 0.000001 0.000005 0.000031 0.000115 0.000453 0.001454 0.004293 0.011401 0.026889 0.055648 0.098771 0.147741 0.185441 0.189797 0.150784 0.088064 0.033124 0.005988 
t: 0.001493902439 start: 66 end: 82 0.000002 0.000024 0.000094 0.000352 0.001174 0.003554 0.009763 0.023759 0.050565 0.092007 0.142930 0.183619 0.194148 0.158614 0.095499 0.037043 0.006853 
t: 0.001454005935 start: 66 end: 82 0.000002 0.000015 0.000079 0.000266 0.000937 0.002994 0.008329 0.020914 0.045968 0.085800 0.137296 0.182064 0.197325 0.166295 0.102743 0.041018 0.007955 
t: 0.001416184971 start: 66 end: 82 0.000001 0.000013 0.000059 0.000218 0.000772 0.002521 0.007139 0.018342 0.041655 0.080092 0.131672 0.179515 0.200235 0.173140 0.110309 0.045323 0.008994 
t: 0.001380281690 start: 66 end: 82 0.000001 0.000011 0.000050 0.000171 0.000623 0.002117 0.006174 0.016242 0.037618 0.074677 0.125843 0.177001 0.202203 0.179974 0.117505 0.049648 0.010142 
t: 0.001346153846 start: 66 end: 82 0.000001 0.000005 0.000045 0.000138 0.000490 0.001787 0.005344 0.014324 0.034128 0.069411 0.120365 0.173540 0.203960 0.186242 0.124801 0.054075 0.011344 
t: 0.001313672922 start: 66 end: 82 0.000001 0.000005 0.000036 0.000106 0.000407 0.001468 0.004603 0.012608 0.030995 0.064520 0.114909 0.169867 0.204872 0.192232 0.131790 0.058908 0.012673 
t: 0.001282722513 start: 67 end: 82 0.000005 0.000027 0.000087 0.000334 0.001224 0.003980 0.011189 0.028084 0.060014 0.109417 0.166066 0.205288 0.197721 0.138835 0.063610 0.014119 
t: 0.001253196931 start: 67 end: 82 0.000002 0.000019 0.000078 0.000269 0.001036 0.003458 0.009916 0.025435 0.055656 0.104281 0.162138 0.205432 0.202374 0.145999 0.068344 0.015563 
t: 0.001225000000 start: 67 end: 82 0.000002 0.000015 0.000054 0.000239 0.000878 0.003057 0.008710 0.022951 0.051810 0.099238 0.158111 0.204911 0.206834 0.152713 0.073316 0.017161 
t: 0.001198044010 start: 67 end: 82 0.000001 0.000012 0.000047 0.000204 0.000713 0.002696 0.007751 0.020833 0.048071 0.094292 0.153863 0.204324 0.210861 0.159181 0.078394 0.018757 
t: 0.001172248804 start: 68 end: 82 0.000008 0.000039 0.000173 0.000617 0.002319 0.006894 0.018879 0.044396 0.089771 0.149740 0.203135 0.214422 0.165747 0.083392 0.020468 
t: 0.001147540984 start: 68 end: 82 0.000006 0.000033 0.000140 0.000532 0.001975 0.006111 0.017169 0.041289 0.085033 0.145453 0.201777 0.217373 0.172331 0.088510 0.022268 
t: 0.001123853211 start: 68 end: 82 0.000005 0.000027 0.000123 0.000455 0.001700 0.005425 0.015618 0.038400 0.080533 0.141155 0.200224 0.220256 0.178416 0.093590 0.024073 
t: 0.001101123596 start: 68 end: 82 0.000004 0.000019 0.000105 0.000391 0.001509 0.004804 0.014071 0.035774 0.076379 0.136959 0.198135 0.222850 0.184215 0.098861 0.025924 
t: 0.001079295154 start: 68 end: 82 0.000003 0.000017 0.000082 0.000334 0.001318 0.004267 0.012817 0.033191 0.072439 0.132680 0.195807 0.225105 0.190040 0.104099 0.027801 
t: 0.001058315335 start: 68 end: 82 0.000002 0.000013 0.000066 0.000298 0.001138 0.003797 0.011624 0.030982 0.068656 0.128095 0.193948 0.226792 0.195524 0.109292 0.029773 
t: 0.001038135593 start: 68 end: 82 0.000001 0.000008 0.000061 0.000254 0.001008 0.003385 0.010561 0.028777 0.065277 0.123598 0.191582 0.228211 0.200874 0.114554 0.031849 
t: 0.001018711019 start: 68 end: 82 0.000001 0.000006 0.000055 0.000220 0.000862 0.003081 0.009572 0.026739 0.061854 0.119492 0.188725 0.229727 0.205915 0.119859 0.033892 
t: 0.001000000000 start: 69 end: 82 0.000005 0.000052 0.000186 0.000774 0.002737 0.008724 0.024900 0.058559 0.115441 0.186065 0.230670 0.210757 0.125098 0.036032 
