t: 0.059999999999 start: 11 end: 47 0.000001 0.000002 0.000031 0.000129 0.000458 0.001556 0.004631 0.011564 0.025099 0.047020 0.076094 0.106485 0.132134 0.143057 0.135772 0.114297 0.083971 0.055460 0.032176 0.016754 0.008121 0.003389 0.001221 0.000397 0.000132 0.000036 0.000009 0.000003 0.000001 0.000000 0.000000 0.000000 0.000000 0.000000 0.000000 0.000000 0.000000 
t: 0.054545454544 start: 13 end: 48 0.000004 0.000020 0.000061 0.000277 0.000987 0.002894 0.007538 0.016989 0.033517 0.058039 0.086357 0.114077 0.134078 0.138549 0.126598 0.102638 0.074843 0.048183 0.028194 0.014736 0.006923 0.002832 0.001152 0.000365 0.000113 0.000028 0.000006 0.000002 0.000000 0.000000 0.000000 0.000000 0.000000 0.000000 0.000000 0.000000 
t: 0.049999999999 start: 14 end: 49 0.000001 0.000015 0.000052 0.000185 0.000666 0.001924 0.005241 0.012227 0.024893 0.044916 0.070605 0.097882 0.121842 0.133836 0.131309 0.115610 0.090859 0.063387 0.040355 0.023088 0.011905 0.005610 0.002284 0.000873 0.000304 0.000094 0.000029 0.000008 0.000000 0.000000 0.000000 0.000000 0.000000 0.000000 0.000000 0.000000 
t: 0.046153846153 start: 15 end: 52 0.000001 0.000005 0.000038 0.000129 0.000467 0.001440 0.003924 0.009086 0.019467 0.035926 0.058356 0.084223 0.109811 0.126424 0.131500 0.122515 0.102083 0.076838 0.052090 0.032258 0.017615 0.009040 0.004189 0.001653 0.000604 0.000235 0.000067 0.000013 0.000002 0.000001 0.000000 0.000000 0.000000 0.000000 0.000000 0.000000 0.000000 0.000000 
t: 0.042857142857 start: 17 end: 54 0.000003 0.000023 0.000105 0.000385 0.001092 0.003116 0.007367 0.015858 0.029578 0.049309 0.074094 0.098663 0.118709 0.128535 0.124799 0.110022 0.086890 0.062672 0.040670 0.024318 0.012905 0.006450 0.002674 0.001149 0.000400 0.000145 0.000049 0.000017 0.000002 0.000001 0.000000 0.000000 0.000000 0.000000 0.000000 0.000000 0.000000 0.000000 
t: 0.040000000000 start: 17 end: 56 0.000001 0.000003 0.000022 0.000079 0.000310 0.000980 0.002621 0.006268 0.013137 0.025263 0.042956 0.065564 0.089859 0.111514 0.124248 0.125026 0.114833 0.094805 0.070870 0.048531 0.030157 0.017280 0.008813 0.004095 0.001718 0.000664 0.000255 0.000099 0.000019 0.000008 0.000001 0.000001 0.000000 0.000000 0.000000 0.000000 0.000000 0.000000 0.000000 0.000000 
t: 0.037500000000 start: 18 end: 57 0.000001 0.000003 0.000025 0.000075 0.000274 0.000865 0.002364 0.005343 0.011450 0.022171 0.038334 0.059413 0.083099 0.104859 0.120167 0.124404 0.116765 0.100477 0.077519 0.054828 0.035533 0.021120 0.011254 0.005535 0.002500 0.001042 0.000391 0.000125 0.000048 0.000012 0.000002 0.000002 0.000000 0.000000 0.000000 0.000000 0.000000 0.000000 0.000000 0.000000 
t: 0.035294117647 start: 19 end: 58 0.000002 0.000003 0.000014 0.000069 0.000277 0.000828 0.002090 0.004980 0.010464 0.020251 0.035224 0.054840 0.077891 0.100032 0.116022 0.122697 0.117806 0.103129 0.082761 0.060204 0.040030 0.024308 0.013595 0.007053 0.003221 0.001388 0.000528 0.000195 0.000070 0.000020 0.000007 0.000001 0.000000 0.000000 0.000000 0.000000 0.000000 0.000000 0.000000 0.000000 
t: 0.033333333333 start: 19 end: 59 0.000001 0.000000 0.000004 0.000013 0.000086 0.000273 0.000775 0.002026 0.004736 0.009967 0.018985 0.032881 0.052348 0.074372 0.095600 0.112815 0.120804 0.117604 0.105598 0.085750 0.063887 0.043648 0.027318 0.015526 0.008198 0.003964 0.001708 0.000708 0.000276 0.000092 0.000030 0.000004 0.000001 0.000002 0.000000 0.000000 0.000000 0.000000 0.000000 0.000000 0.000000 
t: 0.031578947368 start: 22 end: 61 0.000003 0.000030 0.000078 0.000289 0.000716 0.002036 0.004718 0.009720 0.018426 0.032215 0.050267 0.071428 0.093426 0.109743 0.119225 0.117350 0.106038 0.087710 0.066737 0.046260 0.029295 0.017180 0.009126 0.004561 0.002045 0.000905 0.000312 0.000112 0.000041 0.000005 0.000001 0.000002 0.000000 0.000000 0.000000 0.000000 0.000000 0.000000 0.000000 0.000000 
t: 0.030000000000 start: 22 end: 63 0.000001 0.000005 0.000025 0.000104 0.000258 0.000805 0.002083 0.004696 0.009923 0.018425 0.032026 0.049271 0.070537 0.091590 0.108092 0.117071 0.116918 0.106109 0.088334 0.068253 0.047768 0.030625 0.018120 0.010008 0.004959 0.002429 0.001004 0.000378 0.000125 0.000042 0.000012 0.000001 0.000002 0.000001 0.000000 0.000000 0.000000 0.000000 0.000000 0.000000 0.000000 0.000000 
t: 0.028571428571 start: 24 end: 63 0.000006 0.000034 0.000099 0.000285 0.000898 0.002155 0.004983 0.010197 0.019037 0.031972 0.049712 0.070511 0.090088 0.107299 0.116549 0.115196 0.105535 0.088665 0.068584 0.047926 0.031311 0.018972 0.010432 0.005295 0.002494 0.001128 0.000419 0.000142 0.000057 0.000010 0.000008 0.000001 0.000000 0.000000 0.000000 0.000000 0.000000 0.000000 0.000000 0.000000 
t: 0.027272727273 start: 24 end: 64 0.000002 0.000010 0.000035 0.000124 0.000360 0.000974 0.002403 0.005346 0.010914 0.019737 0.032838 0.050536 0.070620 0.090925 0.107191 0.114908 0.114698 0.104624 0.087327 0.068083 0.047598 0.031434 0.019046 0.010460 0.005465 0.002568 0.001094 0.000461 0.000146 0.000044 0.000025 0.000002 0.000002 0.000000 0.000000 0.000000 0.000000 0.000000 0.000000 0.000000 0.000000 
t: 0.026086956522 start: 25 end: 65 0.000002 0.000012 0.000039 0.000162 0.000423 0.001155 0.002634 0.005864 0.011818 0.020683 0.034529 0.052230 0.072091 0.092125 0.106771 0.114786 0.113210 0.102744 0.086174 0.065716 0.047313 0.031010 0.018395 0.010474 0.005321 0.002540 0.001127 0.000434 0.000142 0.000052 0.000017 0.000004 0.000003 0.000000 0.000000 0.000000 0.000000 0.000000 0.000000 0.000000 0.000000 
t: 0.025000000000 start: 25 end: 66 0.000002 0.000008 0.000014 0.000067 0.000194 0.000517 0.001321 0.003026 0.006698 0.012702 0.022575 0.036738 0.054287 0.074542 0.093384 0.107773 0.113810 0.111816 0.101052 0.083752 0.063601 0.045266 0.029812 0.017996 0.009866 0.005119 0.002368 0.001022 0.000421 0.000167 0.000064 0.000014 0.000005 0.000001 0.000000 0.000000 0.000000 0.000000 0.000000 0.000000 0.000000 0.000000 
t: 0.024000000000 start: 25 end: 66 0.000002 0.000001 0.000008 0.000031 0.000095 0.000226 0.000633 0.001615 0.003628 0.007437 0.014195 0.025007 0.039172 0.057329 0.077124 0.095366 0.108687 0.113513 0.110219 0.098269 0.080105 0.061631 0.043317 0.027939 0.016834 0.009186 0.004720 0.002130 0.000984 0.000372 0.000160 0.000044 0.000019 0.000002 0.000000 0.000000 0.000000 0.000000 0.000000 0.000000 0.000000 0.000000 
t: 0.023076923077 start: 26 end: 67 0.000002 0.000001 0.000013 0.000045 0.000106 0.000305 0.000832 0.001902 0.004272 0.008634 0.016219 0.027433 0.042449 0.060849 0.080724 0.097508 0.109408 0.112955 0.108005 0.095051 0.076973 0.058781 0.040307 0.025849 0.015460 0.008420 0.004175 0.001947 0.000845 0.000351 0.000120 0.000045 0.000010 0.000004 0.000000 0.000000 0.000000 0.000000 0.000000 0.000000 0.000000 0.000000 
t: 0.022222222222 start: 27 end: 68 0.000002 0.000003 0.000018 0.000045 0.000154 0.000409 0.001009 0.002427 0.005133 0.010224 0.018327 0.030491 0.046408 0.065171 0.084185 0.099794 0.110773 0.111921 0.105373 0.091403 0.073355 0.054722 0.037342 0.023528 0.013749 0.007426 0.003776 0.001650 0.000762 0.000265 0.000112 0.000036 0.000006 0.000001 0.000000 0.000000 0.000000 0.000000 0.000000 0.000000 0.000000 0.000000 
t: 0.021428571428 start: 27 end: 69 0.000001 0.000001 0.000005 0.000023 0.000070 0.000203 0.000557 0.001330 0.002901 0.006366 0.012023 0.021061 0.034029 0.051120 0.069824 0.087732 0.103002 0.110934 0.111275 0.102415 0.086954 0.069041 0.050052 0.033786 0.021209 0.012049 0.006529 0.003115 0.001425 0.000599 0.000247 0.000098 0.000019 0.000004 0.000001 0.000000 0.000000 0.000000 0.000000 0.000000 0.000000 0.000000 0.000000 
t: 0.020689655172 start: 28 end: 70 0.000002 0.000003 0.000007 0.000040 0.000089 0.000271 0.000706 0.001634 0.003812 0.007702 0.014304 0.024354 0.038770 0.055593 0.074683 0.092116 0.105835 0.111662 0.108939 0.098104 0.082751 0.063767 0.045829 0.030108 0.018400 0.010438 0.005497 0.002667 0.001170 0.000463 0.000200 0.000059 0.000019 0.000005 0.000000 0.000001 0.000000 0.000000 0.000000 0.000000 0.000000 0.000000 0.000000 
t: 0.020000000000 start: 28 end: 71 0.000002 0.000002 0.000002 0.000016 0.000050 0.000131 0.000404 0.000915 0.002225 0.004829 0.009586 0.016932 0.028389 0.043322 0.061358 0.079958 0.096822 0.107651 0.111454 0.106262 0.093961 0.077179 0.058410 0.040687 0.026492 0.016052 0.008669 0.004557 0.002152 0.000932 0.000406 0.000139 0.000035 0.000015 0.000003 0.000001 0.000000 0.000000 0.000000 0.000000 0.000000 0.000000 0.000000 0.000000 
t: 0.019354838710 start: 28 end: 70 0.000001 0.000001 0.000000 0.000013 0.000022 0.000064 0.000209 0.000524 0.001303 0.002935 0.006309 0.011515 0.020523 0.032818 0.048798 0.067404 0.085954 0.100482 0.109262 0.110021 0.103186 0.088647 0.071596 0.052462 0.035824 0.022973 0.013312 0.007314 0.003735 0.001606 0.000766 0.000281 0.000097 0.000029 0.000008 0.000006 0.000000 0.000000 0.000000 0.000000 0.000000 0.000000 0.000000 
t: 0.018750000000 start: 28 end: 70 0.000001 0.000000 0.000000 0.000008 0.000008 0.000035 0.000093 0.000286 0.000771 0.001784 0.004003 0.007886 0.014286 0.024517 0.038118 0.054715 0.073882 0.091321 0.103997 0.110671 0.108516 0.097751 0.083558 0.064854 0.046469 0.031318 0.019260 0.011005 0.005829 0.002861 0.001353 0.000557 0.000192 0.000064 0.000023 0.000006 0.000002 0.000000 0.000000 0.000000 0.000000 0.000000 0.000000 
t: 0.018181818182 start: 29 end: 71 0.000001 0.000000 0.000004 0.000006 0.000016 0.000042 0.000152 0.000440 0.001050 0.002486 0.005306 0.010015 0.017827 0.028869 0.043775 0.062153 0.080593 0.096105 0.107444 0.110337 0.105254 0.093204 0.076482 0.058070 0.040711 0.026458 0.015985 0.008885 0.004570 0.002169 0.000974 0.000402 0.000144 0.000056 0.000008 0.000007 0.000000 0.000000 0.000000 0.000000 0.000000 0.000000 0.000000 
t: 0.017647058823 start: 30 end: 72 0.000001 0.000003 0.000001 0.000010 0.000023 0.000071 0.000251 0.000675 0.001505 0.003509 0.006756 0.012788 0.021868 0.034276 0.050930 0.068915 0.087050 0.101457 0.109007 0.109042 0.101630 0.086594 0.069406 0.051038 0.034855 0.022324 0.012799 0.006987 0.003511 0.001603 0.000677 0.000278 0.000119 0.000027 0.000014 0.000000 0.000000 0.000000 0.000000 0.000000 0.000000 0.000000 0.000000 
t: 0.017142857143 start: 30 end: 73 0.000001 0.000001 0.000002 0.000004 0.000012 0.000034 0.000126 0.000413 0.000936 0.002265 0.004545 0.009006 0.016082 0.026665 0.040825 0.058060 0.076363 0.093470 0.105330 0.109930 0.106698 0.095826 0.079972 0.061766 0.044029 0.029561 0.018059 0.010130 0.005371 0.002562 0.001180 0.000485 0.000196 0.000068 0.000026 0.000001 0.000000 0.000000 0.000000 0.000000 0.000000 0.000000 0.000000 0.000000 
t: 0.016666666667 start: 32 end: 73 0.000002 0.000005 0.000007 0.000019 0.000054 0.000239 0.000576 0.001383 0.003125 0.006320 0.011693 0.020258 0.032132 0.047978 0.065972 0.083606 0.099423 0.108193 0.109603 0.102419 0.089519 0.072288 0.053972 0.037657 0.024196 0.014318 0.007843 0.004011 0.001839 0.000858 0.000311 0.000125 0.000049 0.000007 0.000000 0.000000 0.000000 0.000000 0.000000 0.000000 0.000000 0.000000 
t: 0.016216216216 start: 32 end: 74 0.000001 0.000000 0.000007 0.000010 0.000033 0.000114 0.000369 0.000885 0.002056 0.004321 0.008457 0.015142 0.025149 0.039276 0.055664 0.074039 0.091134 0.103590 0.109890 0.107131 0.097441 0.082191 0.064117 0.046329 0.031200 0.019527 0.011022 0.005843 0.002841 0.001347 0.000537 0.000235 0.000079 0.000019 0.000002 0.000002 0.000000 0.000000 0.000000 0.000000 0.000000 0.000000 0.000000 
t: 0.015789473684 start: 34 end: 76 0.000003 0.000005 0.000022 0.000068 0.000211 0.000552 0.001381 0.003007 0.005937 0.011303 0.019304 0.031252 0.046809 0.064162 0.082214 0.097677 0.107356 0.109138 0.103115 0.091162 0.074022 0.055712 0.039037 0.025445 0.014981 0.008430 0.004258 0.001969 0.000890 0.000389 0.000134 0.000043 0.000007 0.000004 0.000001 0.000000 0.000000 0.000000 0.000000 0.000000 0.000000 0.000000 0.000000 
t: 0.015384615385 start: 34 end: 76 0.000002 0.000006 0.000007 0.000043 0.000127 0.000341 0.000904 0.002046 0.004257 0.008259 0.014636 0.024618 0.038390 0.054805 0.073236 0.089918 0.102981 0.109260 0.107406 0.097792 0.083191 0.065478 0.047463 0.032044 0.019871 0.011561 0.006079 0.002983 0.001322 0.000631 0.000243 0.000074 0.000017 0.000006 0.000003 0.000000 0.000000 0.000000 0.000000 0.000000 0.000000 0.000000 0.000000 
t: 0.015000000000 start: 35 end: 76 0.000006 0.000004 0.000025 0.000074 0.000225 0.000569 0.001372 0.003006 0.006037 0.011038 0.019092 0.031157 0.046110 0.063917 0.081404 0.097305 0.106884 0.109545 0.103705 0.090634 0.074979 0.056230 0.039419 0.025701 0.015355 0.008457 0.004292 0.001993 0.000871 0.000402 0.000138 0.000034 0.000016 0.000004 0.000000 0.000000 0.000000 0.000000 0.000000 0.000000 0.000000 0.000000 
t: 0.014634146341 start: 35 end: 78 0.000001 0.000007 0.000012 0.000046 0.000146 0.000382 0.000892 0.002021 0.004308 0.008444 0.014815 0.024816 0.038292 0.055119 0.073021 0.090048 0.102447 0.109423 0.107555 0.097873 0.083127 0.065127 0.047271 0.032280 0.019897 0.011413 0.006062 0.002909 0.001316 0.000585 0.000239 0.000077 0.000021 0.000006 0.000001 0.000001 0.000000 0.000000 0.000000 0.000000 0.000000 0.000000 0.000000 0.000000 
t: 0.014285714286 start: 37 end: 78 0.000010 0.000031 0.000081 0.000256 0.000589 0.001395 0.003057 0.006284 0.011364 0.019656 0.031658 0.046880 0.064414 0.082079 0.097181 0.107116 0.109540 0.102919 0.090884 0.073966 0.055556 0.038939 0.025327 0.015118 0.008210 0.004130 0.001976 0.000855 0.000352 0.000128 0.000038 0.000005 0.000003 0.000003 0.000000 0.000000 0.000000 0.000000 0.000000 0.000000 0.000000 0.000000 
t: 0.013953488372 start: 37 end: 79 0.000006 0.000013 0.000052 0.000170 0.000399 0.000968 0.002185 0.004507 0.008654 0.015379 0.025908 0.039495 0.056063 0.073878 0.090713 0.103386 0.109329 0.106817 0.097293 0.082458 0.063908 0.046367 0.031205 0.019335 0.010875 0.005755 0.002818 0.001242 0.000525 0.000206 0.000069 0.000014 0.000005 0.000002 0.000001 0.000000 0.000000 0.000000 0.000000 0.000000 0.000000 0.000000 0.000000 
t: 0.013636363636 start: 37 end: 79 0.000002 0.000007 0.000036 0.000101 0.000275 0.000672 0.001513 0.003308 0.006501 0.012008 0.020711 0.033018 0.048725 0.065787 0.083475 0.098235 0.107637 0.108607 0.102854 0.089707 0.071890 0.054415 0.037536 0.024093 0.014207 0.007717 0.003938 0.001801 0.000777 0.000294 0.000115 0.000024 0.000009 0.000004 0.000000 0.000001 0.000000 0.000000 0.000000 0.000000 0.000000 0.000000 0.000000 
t: 0.013333333333 start: 38 end: 80 0.000004 0.000022 0.000069 0.000178 0.000451 0.001062 0.002381 0.004894 0.009272 0.016574 0.027126 0.041882 0.057954 0.076043 0.092302 0.104640 0.108912 0.106338 0.096103 0.080222 0.061941 0.044152 0.029768 0.017966 0.010134 0.005297 0.002539 0.001060 0.000482 0.000166 0.000043 0.000018 0.000002 0.000002 0.000001 0.000000 0.000000 0.000000 0.000000 0.000000 0.000000 0.000000 0.000000 
t: 0.013043478261 start: 38 end: 81 0.000002 0.000017 0.000040 0.000118 0.000327 0.000763 0.001734 0.003630 0.007164 0.013114 0.022192 0.035138 0.051018 0.068319 0.085821 0.099878 0.107986 0.108826 0.101784 0.087007 0.069803 0.051397 0.035358 0.022549 0.012929 0.007090 0.003448 0.001534 0.000649 0.000257 0.000071 0.000027 0.000005 0.000002 0.000002 0.000001 0.000000 0.000000 0.000000 0.000000 0.000000 0.000000 0.000000 0.000000 
t: 0.012765957447 start: 38 end: 82 0.000001 0.000012 0.000028 0.000072 0.000232 0.000539 0.001224 0.002706 0.005499 0.010251 0.018049 0.029337 0.044371 0.060860 0.079009 0.094651 0.105482 0.109266 0.106120 0.093681 0.077088 0.058541 0.041746 0.027538 0.016347 0.009118 0.004644 0.002120 0.000932 0.000359 0.000118 0.000047 0.000006 0.000003 0.000001 0.000001 0.000001 0.000000 0.000000 0.000000 0.000000 0.000000 0.000000 0.000000 0.000000 
t: 0.012500000000 start: 38 end: 82 0.000001 0.000005 0.000022 0.000047 0.000145 0.000384 0.000900 0.001980 0.004157 0.008041 0.014576 0.024218 0.038133 0.053969 0.071904 0.089112 0.101547 0.108822 0.108546 0.099395 0.084017 0.066159 0.048212 0.032693 0.020355 0.011508 0.006143 0.002932 0.001286 0.000524 0.000184 0.000058 0.000017 0.000005 0.000001 0.000001 0.000001 0.000000 0.000000 0.000000 0.000000 0.000000 0.000000 0.000000 0.000000 
t: 0.012244897959 start: 39 end: 82 0.000005 0.000011 0.000037 0.000100 0.000251 0.000664 0.001484 0.003081 0.006337 0.011696 0.019992 0.032191 0.047616 0.065007 0.082460 0.096970 0.107514 0.109731 0.103811 0.090267 0.073416 0.055058 0.038360 0.024547 0.014567 0.007995 0.003891 0.001820 0.000730 0.000263 0.000088 0.000028 0.000007 0.000003 0.000001 0.000001 0.000000 0.000000 0.000000 0.000000 0.000000 0.000000 0.000000 0.000000 
t: 0.012000000000 start: 39 end: 82 0.000003 0.000006 0.000025 0.000072 0.000179 0.000466 0.001087 0.002386 0.004855 0.009266 0.016406 0.027233 0.041430 0.058042 0.076188 0.091737 0.104649 0.109828 0.107140 0.096057 0.080288 0.061980 0.044254 0.029288 0.017899 0.010056 0.005130 0.002458 0.001014 0.000388 0.000133 0.000040 0.000010 0.000005 0.000001 0.000001 0.000000 0.000000 0.000000 0.000000 0.000000 0.000000 0.000000 0.000000 
t: 0.011764705882 start: 39 end: 82 0.000001 0.000008 0.000015 0.000048 0.000134 0.000337 0.000793 0.001817 0.003750 0.007399 0.013389 0.022756 0.035802 0.051844 0.069420 0.086401 0.100715 0.108732 0.109128 0.101069 0.086785 0.068693 0.050324 0.034509 0.021618 0.012445 0.006575 0.003272 0.001395 0.000552 0.000182 0.000064 0.000018 0.000008 0.000001 0.000001 0.000000 0.000000 0.000000 0.000000 0.000000 0.000000 0.000000 0.000000 
t: 0.011538461538 start: 39 end: 82 0.000001 0.000004 0.000012 0.000031 0.000085 0.000253 0.000609 0.001327 0.002886 0.005850 0.010776 0.019076 0.030561 0.045784 0.063156 0.080578 0.096021 0.106823 0.110004 0.104896 0.092773 0.075471 0.056605 0.039912 0.025612 0.015224 0.008400 0.004248 0.001851 0.000751 0.000289 0.000083 0.000034 0.000010 0.000003 0.000001 0.000000 0.000000 0.000000 0.000000 0.000000 0.000000 0.000000 0.000000 
t: 0.011320754717 start: 39 end: 82 0.000001 0.000002 0.000009 0.000017 0.000063 0.000181 0.000429 0.001012 0.002241 0.004615 0.008745 0.015796 0.026030 0.040214 0.056611 0.074962 0.090681 0.103889 0.110199 0.107606 0.097574 0.082244 0.062845 0.045623 0.030218 0.018471 0.010264 0.005343 0.002506 0.001018 0.000401 0.000125 0.000044 0.000016 0.000004 0.000001 0.000000 0.000000 0.000000 0.000000 0.000000 0.000000 0.000000 0.000000 
t: 0.011111111111 start: 40 end: 82 0.000003 0.000007 0.000013 0.000043 0.000119 0.000312 0.000771 0.001704 0.003661 0.007052 0.012966 0.022014 0.035010 0.050728 0.068535 0.085931 0.100431 0.108352 0.109630 0.102042 0.088090 0.069650 0.051202 0.035115 0.021947 0.012517 0.006711 0.003212 0.001400 0.000567 0.000176 0.000058 0.000023 0.000006 0.000002 0.000000 0.000000 0.000000 0.000000 0.000000 0.000000 0.000000 0.000000 
t: 0.010909090909 start: 41 end: 82 0.000008 0.000011 0.000025 0.000084 0.000241 0.000574 0.001292 0.002869 0.005626 0.010680 0.018746 0.030117 0.045165 0.062271 0.080388 0.096341 0.106791 0.110286 0.105392 0.093440 0.076025 0.057091 0.040221 0.025936 0.014979 0.008329 0.004122 0.001804 0.000757 0.000255 0.000095 0.000027 0.000009 0.000003 0.000000 0.000000 0.000000 0.000000 0.000000 0.000000 0.000000 0.000000 
t: 0.010714285714 start: 41 end: 82 0.000004 0.000009 0.000017 0.000056 0.000184 0.000434 0.000970 0.002232 0.004653 0.008660 0.015717 0.026003 0.039833 0.056266 0.074823 0.091654 0.104181 0.110132 0.107875 0.098425 0.081956 0.063271 0.045403 0.029992 0.018115 0.010034 0.005222 0.002331 0.001004 0.000364 0.000119 0.000045 0.000012 0.000004 0.000000 0.000000 0.000000 0.000000 0.000000 0.000000 0.000000 0.000000 
t: 0.010526315789 start: 41 end: 83 0.000002 0.000006 0.000016 0.000038 0.000129 0.000327 0.000754 0.001703 0.003724 0.007185 0.013105 0.022279 0.034889 0.050882 0.068954 0.086677 0.101151 0.108918 0.109512 0.102410 0.087513 0.069648 0.050666 0.034670 0.021227 0.012102 0.006431 0.003001 0.001300 0.000520 0.000170 0.000063 0.000022 0.000005 0.000001 0.000000 0.000000 0.000000 0.000000 0.000000 0.000000 0.000000 0.000000 
t: 0.010344827586 start: 41 end: 83 0.000001 0.000004 0.000013 0.000023 0.000097 0.000247 0.000588 0.001324 0.002965 0.005933 0.010878 0.018884 0.030616 0.045805 0.063257 0.081281 0.097505 0.107292 0.110629 0.105271 0.092761 0.075185 0.056479 0.039402 0.024695 0.014583 0.007835 0.003717 0.001689 0.000674 0.000249 0.000075 0.000034 0.000008 0.000001 0.000000 0.000000 0.000000 0.000000 0.000000 0.000000 0.000000 0.000000 
t: 0.010169491525 start: 41 end: 83 0.000001 0.000002 0.000009 0.000016 0.000061 0.000188 0.000455 0.001004 0.002391 0.004852 0.009015 0.016137 0.026509 0.040868 0.057877 0.076051 0.093040 0.105108 0.110661 0.107884 0.097181 0.080912 0.062091 0.044249 0.028633 0.017213 0.009426 0.004663 0.002123 0.000893 0.000335 0.000092 0.000049 0.000008 0.000003 0.000000 0.000000 0.000000 0.000000 0.000000 0.000000 0.000000 0.000000 
t: 0.010000000000 start: 41 end: 83 0.000001 0.000002 0.000008 0.000012 0.000046 0.000127 0.000335 0.000773 0.001860 0.003984 0.007485 0.013677 0.023063 0.036153 0.052709 0.070697 0.088338 0.102343 0.110215 0.109895 0.100738 0.086304 0.067878 0.049123 0.032648 0.020156 0.011244 0.005743 0.002674 0.001109 0.000441 0.000141 0.000059 0.000014 0.000005 0.000000 0.000000 0.000000 0.000000 0.000000 0.000000 0.000000 0.000000 
t: 0.008448275866 start: 44 end: 84 0.000001 0.000001 0.000005 0.000014 0.000057 0.000137 0.000357 0.000790 0.001907 0.004021 0.007920 0.014358 0.024094 0.037895 0.054801 0.073829 0.091236 0.106150 0.112334 0.111752 0.100995 0.083712 0.064645 0.045596 0.029542 0.017279 0.009108 0.004454 0.001913 0.000748 0.000235 0.000082 0.000027 0.000004 0.000001 0.000000 0.000000 0.000000 0.000000 0.000000 0.000000 
t: 0.007313432839 start: 45 end: 84 0.000001 0.000001 0.000000 0.000000 0.000009 0.000033 0.000092 0.000239 0.000607 0.001381 0.003058 0.006091 0.011681 0.020246 0.032993 0.049653 0.068495 0.088389 0.104125 0.114141 0.114703 0.106495 0.090496 0.069716 0.049597 0.031774 0.018832 0.009752 0.004542 0.001851 0.000671 0.000243 0.000078 0.000013 0.000002 0.000000 0.000000 0.000000 0.000000 0.000000 
t: 0.006447368423 start: 47 end: 84 0.000001 0.000000 0.000001 0.000002 0.000012 0.000035 0.000082 0.000257 0.000572 0.001445 0.003087 0.006339 0.012002 0.021083 0.034294 0.051718 0.071678 0.092265 0.108071 0.117660 0.116741 0.106601 0.088303 0.066385 0.045330 0.027945 0.015523 0.007618 0.003187 0.001207 0.000412 0.000111 0.000026 0.000005 0.000002 0.000000 0.000000 0.000000 
t: 0.005764705884 start: 49 end: 84 0.000001 0.000000 0.000000 0.000001 0.000010 0.000047 0.000124 0.000316 0.000790 0.001803 0.003939 0.007995 0.015070 0.025697 0.041278 0.060460 0.081851 0.101862 0.115971 0.121792 0.115699 0.100337 0.078373 0.055275 0.034969 0.019898 0.009979 0.004217 0.001591 0.000510 0.000120 0.000020 0.000004 0.000000 0.000001 0.000000 
t: 0.005212765959 start: 50 end: 84 0.000001 0.000000 0.000000 0.000001 0.000005 0.000019 0.000058 0.000197 0.000544 0.001338 0.002856 0.005978 0.011922 0.021080 0.035510 0.053672 0.076066 0.097351 0.114901 0.124145 0.121135 0.107685 0.085474 0.061192 0.038971 0.022134 0.010860 0.004587 0.001682 0.000516 0.000099 0.000017 0.000002 0.000002 0.000000 
t: 0.004757281555 start: 53 end: 84 0.000001 0.000001 0.000005 0.000015 0.000038 0.000146 0.000431 0.001057 0.002364 0.005087 0.010445 0.019135 0.032723 0.050994 0.073775 0.096249 0.114822 0.126657 0.125459 0.110926 0.088636 0.063225 0.039574 0.021864 0.010316 0.004178 0.001433 0.000347 0.000083 0.000011 0.000002 0.000001 
t: 0.004375000001 start: 56 end: 84 0.000005 0.000010 0.000030 0.000135 0.000379 0.000990 0.002161 0.004876 0.009945 0.018726 0.032581 0.051318 0.074476 0.098454 0.118075 0.129488 0.127345 0.112492 0.087806 0.061005 0.037049 0.019447 0.008767 0.003198 0.000987 0.000223 0.000029 0.000002 0.000001 
t: 0.004049586778 start: 56 end: 84 0.000001 0.000000 0.000009 0.000044 0.000133 0.000367 0.000951 0.002266 0.005128 0.010496 0.019738 0.034340 0.054283 0.078833 0.103000 0.123692 0.132547 0.127881 0.110607 0.083361 0.055817 0.031784 0.015608 0.006352 0.002132 0.000517 0.000105 0.000007 0.000001 
t: 0.003769230770 start: 57 end: 84 0.000001 0.000002 0.000015 0.000047 0.000156 0.000374 0.001124 0.002623 0.005768 0.011687 0.022113 0.038138 0.060057 0.085672 0.110835 0.129894 0.135583 0.127363 0.104295 0.075457 0.047073 0.025102 0.011225 0.004040 0.001104 0.000224 0.000026 0.000002 
t: 0.003525179857 start: 58 end: 84 0.000001 0.000000 0.000009 0.000076 0.000162 0.000501 0.001343 0.003195 0.006906 0.013872 0.025933 0.044105 0.068708 0.095627 0.120550 0.135798 0.137601 0.122256 0.095132 0.064061 0.036988 0.017670 0.006878 0.002124 0.000442 0.000058 0.000004 
t: 0.003310810811 start: 58 end: 84 0.000001 0.000000 0.000002 0.000030 0.000080 0.000243 0.000657 0.001800 0.004048 0.008759 0.017514 0.031607 0.053260 0.079461 0.108020 0.130382 0.141777 0.135167 0.113357 0.081619 0.050834 0.026014 0.010880 0.003500 0.000870 0.000109 0.000009 
t: 0.003121019109 start: 60 end: 84 0.000002 0.000007 0.000040 0.000105 0.000359 0.000900 0.002479 0.005502 0.011607 0.022611 0.040311 0.064729 0.093863 0.121026 0.140224 0.143984 0.128558 0.098709 0.065568 0.036043 0.016099 0.005640 0.001412 0.000197 0.000025 
t: 0.002951807229 start: 61 end: 84 0.000005 0.000016 0.000056 0.000180 0.000511 0.001425 0.003446 0.007705 0.015886 0.030227 0.051743 0.079817 0.109158 0.134792 0.147720 0.140825 0.114797 0.080868 0.047085 0.022673 0.008396 0.002266 0.000365 0.000038 
t: 0.002800000000 start: 61 end: 84 0.000001 0.000010 0.000024 0.000093 0.000304 0.000795 0.002181 0.005127 0.011126 0.022350 0.040793 0.066728 0.097272 0.126380 0.146851 0.148930 0.129323 0.096096 0.059500 0.030110 0.011971 0.003348 0.000615 0.000072 
t: 0.002663043479 start: 61 end: 84 0.000001 0.000002 0.000011 0.000060 0.000161 0.000507 0.001283 0.003418 0.007854 0.016575 0.031747 0.054822 0.085174 0.116457 0.143313 0.153161 0.141064 0.110686 0.072811 0.038669 0.016298 0.004852 0.000958 0.000116 
t: 0.002538860104 start: 62 end: 84 0.000002 0.000004 0.000033 0.000096 0.000276 0.000867 0.002238 0.005561 0.012239 0.024565 0.044850 0.073463 0.105914 0.136661 0.154913 0.150063 0.123978 0.086442 0.048202 0.021344 0.006721 0.001392 0.000176 
t: 0.002425742574 start: 63 end: 84 0.000004 0.000013 0.000058 0.000175 0.000547 0.001464 0.003923 0.009021 0.018945 0.036330 0.062823 0.095116 0.128802 0.153555 0.156511 0.136346 0.099701 0.058261 0.027138 0.009021 0.002004 0.000242 
t: 0.002322274882 start: 63 end: 84 0.000001 0.000010 0.000029 0.000115 0.000347 0.000988 0.002751 0.006593 0.014741 0.029315 0.053272 0.084433 0.120213 0.149878 0.160761 0.146858 0.112022 0.068991 0.033852 0.011759 0.002734 0.000337 
t: 0.002227272727 start: 63 end: 84 0.000001 0.000007 0.000017 0.000059 0.000247 0.000665 0.001877 0.004878 0.011349 0.023577 0.044908 0.074688 0.110973 0.144662 0.162320 0.155380 0.124157 0.080274 0.040914 0.014973 0.003622 0.000452 
t: 0.002139737991 start: 64 end: 84 0.000003 0.000010 0.000036 0.000159 0.000453 0.001366 0.003601 0.008597 0.019072 0.037587 0.065354 0.101874 0.138126 0.162249 0.162083 0.135382 0.091580 0.048416 0.018749 0.004696 0.000607 
t: 0.002058823530 start: 64 end: 84 0.000001 0.000004 0.000027 0.000096 0.000311 0.000956 0.002622 0.006713 0.015226 0.031425 0.057135 0.092850 0.130707 0.160633 0.166812 0.145665 0.102576 0.056654 0.022849 0.005927 0.000811 
t: 0.001983805668 start: 65 end: 84 0.000003 0.000016 0.000074 0.000212 0.000716 0.001981 0.005109 0.012167 0.026208 0.049645 0.084007 0.122864 0.157312 0.170620 0.154816 0.113493 0.064898 0.027462 0.007383 0.001014 
t: 0.001914062500 start: 65 end: 84 0.000001 0.000010 0.000044 0.000147 0.000530 0.001471 0.003968 0.009777 0.021834 0.042993 0.075420 0.115154 0.152710 0.172630 0.162815 0.124222 0.073467 0.032448 0.009071 0.001288 
t: 0.001849056604 start: 66 end: 84 0.000006 0.000032 0.000106 0.000353 0.001126 0.003135 0.007760 0.018245 0.037136 0.067621 0.107167 0.147866 0.173086 0.169627 0.133917 0.082493 0.037726 0.010987 0.001611 
t: 0.001788321168 start: 66 end: 84 0.000002 0.000020 0.000071 0.000261 0.000844 0.002436 0.006282 0.015144 0.032000 0.060334 0.099519 0.142187 0.172428 0.174861 0.143627 0.091565 0.043337 0.013093 0.001989 
t: 0.001731448763 start: 66 end: 84 0.000001 0.000014 0.000055 0.000170 0.000651 0.001897 0.005060 0.012592 0.027737 0.053766 0.091952 0.135654 0.170701 0.179475 0.152368 0.100850 0.049177 0.015461 0.002419 
t: 0.001678082192 start: 66 end: 84 0.000001 0.000002 0.000043 0.000125 0.000475 0.001528 0.004085 0.010469 0.023857 0.047882 0.084647 0.129429 0.168132 0.182534 0.160406 0.110039 0.055405 0.018002 0.002939 
t: 0.001627906977 start: 66 end: 84 0.000001 0.000000 0.000032 0.000103 0.000354 0.001206 0.003331 0.008697 0.020469 0.042576 0.077943 0.122970 0.164455 0.184863 0.168031 0.118946 0.061677 0.020857 0.003489 
t: 0.001580645161 start: 66 end: 84 0.000001 0.000000 0.000020 0.000088 0.000276 0.000920 0.002725 0.007235 0.017730 0.037808 0.071525 0.116302 0.160689 0.186034 0.174601 0.127795 0.068325 0.023834 0.004092 
t: 0.001536050157 start: 66 end: 84 0.000001 0.000000 0.000017 0.000066 0.000208 0.000718 0.002262 0.005996 0.015237 0.033651 0.065541 0.109398 0.156649 0.186662 0.180395 0.136205 0.075296 0.026941 0.004757 
t: 0.001493902439 start: 67 end: 84 0.000001 0.000014 0.000050 0.000154 0.000568 0.001815 0.005070 0.013172 0.029853 0.060024 0.102638 0.152171 0.186445 0.185792 0.144120 0.082363 0.030250 0.005500 
t: 0.001454005935 start: 67 end: 84 0.000001 0.000008 0.000041 0.000128 0.000457 0.001466 0.004249 0.011434 0.026385 0.054905 0.096565 0.147014 0.185768 0.189999 0.152250 0.089213 0.033817 0.006300 
t: 0.001416184971 start: 68 end: 84 0.000004 0.000035 0.000101 0.000365 0.001186 0.003590 0.009881 0.023426 0.049910 0.090636 0.142162 0.184414 0.193714 0.159566 0.096472 0.037376 0.007162 
t: 0.001380281690 start: 68 end: 84 0.000003 0.000023 0.000075 0.000288 0.000972 0.003059 0.008540 0.020747 0.045593 0.084703 0.136980 0.182686 0.196847 0.166562 0.103631 0.041170 0.008121 
t: 0.001346153846 start: 68 end: 84 0.000001 0.000018 0.000053 0.000227 0.000805 0.002598 0.007347 0.018446 0.041371 0.079481 0.131447 0.180478 0.199435 0.173196 0.110800 0.045190 0.009107 
t: 0.001313672922 start: 69 end: 84 0.000012 0.000045 0.000172 0.000668 0.002234 0.006328 0.016472 0.037575 0.074201 0.126132 0.177381 0.202283 0.179117 0.117799 0.049421 0.010160 
t: 0.001282722513 start: 69 end: 84 0.000011 0.000036 0.000132 0.000552 0.001881 0.005526 0.014657 0.034190 0.069458 0.120905 0.174028 0.203612 0.185008 0.125017 0.053672 0.011315 
t: 0.001253196931 start: 69 end: 84 0.000011 0.000032 0.000110 0.000450 0.001600 0.004764 0.012982 0.031246 0.064717 0.115664 0.170791 0.204623 0.190609 0.131654 0.058208 0.012539 
t: 0.001225000000 start: 69 end: 84 0.000007 0.000027 0.000095 0.000373 0.001354 0.004191 0.011483 0.028477 0.060296 0.110581 0.167081 0.205191 0.195663 0.138635 0.062658 0.013888 
t: 0.001198044010 start: 69 end: 84 0.000004 0.000021 0.000079 0.000310 0.001122 0.003694 0.010182 0.025997 0.056170 0.105594 0.163248 0.205409 0.200359 0.145266 0.067357 0.015188 
t: 0.001172248804 start: 69 end: 84 0.000002 0.000016 0.000060 0.000266 0.000957 0.003167 0.009091 0.023715 0.052500 0.100596 0.159173 0.205164 0.204922 0.151594 0.072140 0.016637 
t: 0.001147540984 start: 69 end: 84 0.000002 0.000016 0.000045 0.000207 0.000829 0.002794 0.008174 0.021486 0.049134 0.095625 0.155233 0.204427 0.209049 0.157934 0.076892 0.018153 
t: 0.001123853211 start: 69 end: 84 0.000002 0.000011 0.000039 0.000177 0.000719 0.002440 0.007251 0.019643 0.045843 0.090993 0.151074 0.203504 0.212768 0.164108 0.081750 0.019678 
t: 0.001101123596 start: 69 end: 84 0.000002 0.000010 0.000031 0.000146 0.000603 0.002104 0.006517 0.017902 0.042856 0.086658 0.146663 0.202639 0.215878 0.169872 0.086759 0.021360 
t: 0.001079295154 start: 69 end: 84 0.000001 0.000007 0.000023 0.000131 0.000519 0.001829 0.005843 0.016320 0.039837 0.082564 0.142413 0.201079 0.219030 0.175702 0.091539 0.023163 
t: 0.001058315335 start: 69 end: 84 0.000001 0.000005 0.000017 0.000118 0.000448 0.001589 0.005256 0.014967 0.037007 0.078563 0.138388 0.199230 0.221522 0.181549 0.096365 0.024975 
t: 0.001038135593 start: 70 end: 84 0.000003 0.000019 0.000094 0.000397 0.001397 0.004703 0.013683 0.034298 0.074797 0.134192 0.197448 0.223772 0.187008 0.101349 0.026840 
t: 0.001018711019 start: 70 end: 84 0.000003 0.000014 0.000080 0.000332 0.001266 0.004152 0.012601 0.031892 0.070980 0.130124 0.195268 0.225958 0.192326 0.106236 0.028768 
t: 0.001000000000 start: 70 end: 84 0.000003 0.000011 0.000073 0.000272 0.001130 0.003719 0.011559 0.029768 0.067396 0.126304 0.192782 0.227694 0.197410 0.111151 0.030728 
