t: 0.059999999999 start: 12 end: 47 0.000002 0.000015 0.000063 0.000302 0.000973 0.003035 0.008007 0.018584 0.036459 0.062327 0.093285 0.121300 0.138392 0.139547 0.124150 0.098077 0.068693 0.042647 0.023950 0.011812 0.005234 0.002087 0.000723 0.000231 0.000069 0.000031 0.000004 0.000000 0.000000 0.000001 0.000000 0.000000 0.000000 0.000000 0.000000 0.000000 
t: 0.054545454544 start: 13 end: 49 0.000001 0.000006 0.000043 0.000146 0.000550 0.001866 0.005017 0.011862 0.024816 0.044707 0.071287 0.100323 0.123966 0.136336 0.133104 0.115221 0.089584 0.061851 0.038759 0.021658 0.010932 0.004897 0.001979 0.000738 0.000244 0.000084 0.000018 0.000004 0.000000 0.000001 0.000000 0.000000 0.000000 0.000000 0.000000 0.000000 0.000000 
t: 0.049999999999 start: 14 end: 52 0.000001 0.000005 0.000030 0.000096 0.000346 0.001153 0.003316 0.008076 0.017259 0.033028 0.054969 0.082100 0.107698 0.126785 0.133219 0.124638 0.105181 0.079807 0.054318 0.033256 0.018487 0.009389 0.004149 0.001763 0.000599 0.000237 0.000075 0.000011 0.000005 0.000003 0.000001 0.000000 0.000000 0.000000 0.000000 0.000000 0.000000 0.000000 0.000000 
t: 0.046153846153 start: 15 end: 53 0.000001 0.000003 0.000018 0.000074 0.000246 0.000817 0.002288 0.005672 0.012635 0.025023 0.043370 0.067209 0.093412 0.115258 0.128621 0.127923 0.115118 0.093405 0.068276 0.045643 0.027102 0.015004 0.007472 0.003292 0.001349 0.000507 0.000183 0.000061 0.000013 0.000002 0.000003 0.000000 0.000000 0.000000 0.000000 0.000000 0.000000 0.000000 0.000000 
t: 0.042857142857 start: 17 end: 55 0.000002 0.000009 0.000061 0.000179 0.000621 0.001714 0.004304 0.009892 0.019315 0.035075 0.056256 0.080545 0.104281 0.120676 0.127465 0.120576 0.102881 0.080530 0.056651 0.036414 0.021648 0.011284 0.005639 0.002411 0.001025 0.000364 0.000122 0.000050 0.000007 0.000001 0.000002 0.000000 0.000000 0.000000 0.000000 0.000000 0.000000 0.000000 0.000000 
t: 0.040000000000 start: 18 end: 56 0.000001 0.000008 0.000034 0.000137 0.000468 0.001326 0.003545 0.007635 0.015943 0.029402 0.047922 0.070628 0.094282 0.113298 0.123601 0.122290 0.109766 0.089248 0.066635 0.045325 0.027972 0.015682 0.008309 0.003857 0.001676 0.000664 0.000238 0.000073 0.000025 0.000009 0.000001 0.000000 0.000000 0.000000 0.000000 0.000000 0.000000 0.000000 0.000000 
t: 0.037500000000 start: 20 end: 58 0.000011 0.000032 0.000104 0.000359 0.001170 0.002849 0.006499 0.013669 0.024917 0.041689 0.063096 0.086320 0.105768 0.119063 0.122097 0.113576 0.095932 0.074876 0.052875 0.034074 0.020260 0.010953 0.005604 0.002531 0.001074 0.000396 0.000134 0.000046 0.000017 0.000008 0.000000 0.000001 0.000000 0.000000 0.000000 0.000000 0.000000 0.000000 0.000000 
t: 0.035294117647 start: 20 end: 60 0.000001 0.000011 0.000031 0.000089 0.000316 0.000999 0.002401 0.005642 0.012036 0.021973 0.037225 0.057287 0.079302 0.099836 0.115450 0.119909 0.115466 0.100920 0.080304 0.059284 0.039699 0.024626 0.013918 0.007188 0.003537 0.001580 0.000642 0.000217 0.000074 0.000027 0.000008 0.000001 0.000001 0.000000 0.000000 0.000000 0.000000 0.000000 0.000000 0.000000 0.000000 
t: 0.033333333333 start: 21 end: 61 0.000002 0.000012 0.000025 0.000063 0.000339 0.000914 0.002208 0.005216 0.010695 0.020117 0.034283 0.053053 0.074127 0.094776 0.111187 0.118251 0.115411 0.103567 0.085395 0.064068 0.044461 0.028385 0.016562 0.008981 0.004468 0.002016 0.000887 0.000368 0.000113 0.000033 0.000013 0.000002 0.000002 0.000000 0.000000 0.000000 0.000000 0.000000 0.000000 0.000000 0.000000 
t: 0.031578947368 start: 22 end: 61 0.000001 0.000010 0.000019 0.000103 0.000284 0.000830 0.002150 0.004878 0.010112 0.018650 0.032166 0.050116 0.070364 0.090995 0.108030 0.115963 0.114932 0.105756 0.088397 0.067442 0.048094 0.031539 0.018975 0.010521 0.005334 0.002469 0.001154 0.000463 0.000175 0.000059 0.000012 0.000007 0.000000 0.000000 0.000000 0.000000 0.000000 0.000000 0.000000 0.000000 
t: 0.030000000000 start: 23 end: 64 0.000001 0.000013 0.000033 0.000091 0.000309 0.000836 0.002174 0.004671 0.009653 0.018032 0.031279 0.047894 0.067776 0.087949 0.104897 0.114432 0.114738 0.106243 0.090196 0.070311 0.050411 0.034132 0.020758 0.011789 0.006153 0.002966 0.001402 0.000542 0.000205 0.000086 0.000022 0.000003 0.000002 0.000001 0.000000 0.000000 0.000000 0.000000 0.000000 0.000000 0.000000 0.000000 
t: 0.028571428571 start: 24 end: 64 0.000003 0.000013 0.000029 0.000104 0.000310 0.000858 0.002133 0.004736 0.009589 0.018119 0.030371 0.046850 0.066407 0.085958 0.103047 0.113046 0.114103 0.105975 0.091275 0.071673 0.052474 0.035631 0.021908 0.012710 0.006719 0.003420 0.001522 0.000636 0.000241 0.000094 0.000036 0.000008 0.000002 0.000000 0.000000 0.000000 0.000000 0.000000 0.000000 0.000000 0.000000 
t: 0.027272727273 start: 25 end: 65 0.000003 0.000009 0.000040 0.000115 0.000343 0.000893 0.002217 0.004839 0.009835 0.018210 0.030444 0.046477 0.065892 0.085262 0.101532 0.111609 0.113404 0.105564 0.091384 0.072461 0.053576 0.036265 0.022587 0.013363 0.007226 0.003608 0.001714 0.000725 0.000252 0.000104 0.000035 0.000011 0.000000 0.000001 0.000000 0.000000 0.000000 0.000000 0.000000 0.000000 0.000000 
t: 0.026086956522 start: 25 end: 66 0.000002 0.000002 0.000015 0.000031 0.000141 0.000382 0.000997 0.002415 0.005079 0.010257 0.018824 0.030972 0.047210 0.065694 0.084713 0.101514 0.111214 0.112126 0.104931 0.090178 0.072925 0.053011 0.036636 0.023064 0.013568 0.007436 0.003696 0.001729 0.000775 0.000289 0.000118 0.000043 0.000009 0.000004 0.000000 0.000000 0.000000 0.000000 0.000000 0.000000 0.000000 0.000000 
t: 0.025000000000 start: 27 end: 67 0.000004 0.000014 0.000054 0.000162 0.000430 0.001164 0.002600 0.005561 0.010916 0.019637 0.032146 0.048086 0.066781 0.085578 0.101493 0.110281 0.111063 0.103585 0.089573 0.071392 0.052706 0.036228 0.023195 0.013359 0.007312 0.003703 0.001735 0.000739 0.000322 0.000123 0.000042 0.000015 0.000001 0.000000 0.000000 0.000000 0.000000 0.000000 0.000000 0.000000 0.000000 
t: 0.024000000000 start: 27 end: 69 0.000001 0.000003 0.000016 0.000067 0.000202 0.000521 0.001231 0.002977 0.006144 0.011898 0.020925 0.033662 0.049827 0.068324 0.086882 0.101231 0.110530 0.110162 0.102275 0.087357 0.070143 0.051652 0.034985 0.022205 0.013165 0.007099 0.003597 0.001698 0.000743 0.000279 0.000140 0.000048 0.000009 0.000001 0.000001 0.000000 0.000000 0.000000 0.000000 0.000000 0.000000 0.000000 0.000000 
t: 0.023076923077 start: 29 end: 69 0.000005 0.000025 0.000093 0.000217 0.000619 0.001495 0.003412 0.006872 0.012924 0.022560 0.035872 0.052101 0.071305 0.087746 0.102128 0.110144 0.109158 0.099923 0.085892 0.067733 0.049495 0.033718 0.021227 0.012415 0.006722 0.003458 0.001603 0.000661 0.000291 0.000132 0.000041 0.000009 0.000004 0.000000 0.000000 0.000000 0.000000 0.000000 0.000000 0.000000 0.000000 
t: 0.022222222222 start: 29 end: 70 0.000001 0.000012 0.000031 0.000095 0.000297 0.000756 0.001817 0.003987 0.007712 0.014652 0.024395 0.038144 0.055441 0.073404 0.090312 0.103757 0.109678 0.107333 0.098013 0.083020 0.064893 0.047239 0.031481 0.019837 0.011727 0.006341 0.003159 0.001375 0.000654 0.000306 0.000091 0.000026 0.000009 0.000005 0.000000 0.000000 0.000000 0.000000 0.000000 0.000000 0.000000 0.000000 
t: 0.021428571428 start: 30 end: 70 0.000004 0.000013 0.000048 0.000114 0.000347 0.000958 0.002255 0.004664 0.009041 0.016057 0.026972 0.041396 0.058665 0.076520 0.093204 0.104469 0.109125 0.105950 0.095776 0.079375 0.061724 0.044174 0.029364 0.018403 0.010741 0.005609 0.002776 0.001345 0.000547 0.000247 0.000082 0.000028 0.000007 0.000000 0.000000 0.000000 0.000000 0.000000 0.000000 0.000000 0.000000 
t: 0.020689655172 start: 30 end: 72 0.000001 0.000010 0.000017 0.000056 0.000156 0.000471 0.001246 0.002672 0.005550 0.010362 0.018536 0.029755 0.045094 0.062399 0.080211 0.095696 0.105507 0.108831 0.104305 0.092207 0.075562 0.058054 0.041008 0.026889 0.016426 0.009484 0.005105 0.002475 0.001108 0.000508 0.000208 0.000071 0.000014 0.000005 0.000001 0.000000 0.000000 0.000000 0.000000 0.000000 0.000000 0.000000 0.000000 
t: 0.020000000000 start: 31 end: 73 0.000004 0.000015 0.000021 0.000073 0.000245 0.000646 0.001557 0.003256 0.006601 0.012246 0.020991 0.033577 0.048903 0.067219 0.083780 0.097898 0.106755 0.108182 0.101442 0.088397 0.071641 0.053840 0.037267 0.024286 0.014807 0.008339 0.004269 0.002124 0.000965 0.000410 0.000165 0.000060 0.000015 0.000003 0.000001 0.000000 0.000000 0.000000 0.000000 0.000000 0.000000 0.000000 0.000000 
t: 0.019354838710 start: 32 end: 74 0.000007 0.000009 0.000041 0.000124 0.000335 0.000891 0.001877 0.004127 0.008096 0.014261 0.024179 0.037608 0.053836 0.071417 0.087515 0.100904 0.107642 0.106933 0.097985 0.083992 0.067141 0.049149 0.033509 0.021758 0.012891 0.007044 0.003662 0.001730 0.000777 0.000359 0.000136 0.000049 0.000013 0.000002 0.000000 0.000001 0.000000 0.000000 0.000000 0.000000 0.000000 0.000000 0.000000 
t: 0.018750000000 start: 32 end: 74 0.000002 0.000005 0.000017 0.000049 0.000194 0.000474 0.001093 0.002529 0.005086 0.009714 0.017232 0.027830 0.042078 0.059111 0.076119 0.091837 0.103345 0.107730 0.104449 0.094391 0.079038 0.061624 0.044525 0.030145 0.019050 0.010916 0.005966 0.003001 0.001395 0.000637 0.000263 0.000111 0.000028 0.000015 0.000000 0.000000 0.000001 0.000000 0.000000 0.000000 0.000000 0.000000 0.000000 
t: 0.018181818182 start: 32 end: 75 0.000001 0.000003 0.000006 0.000028 0.000087 0.000259 0.000662 0.001495 0.003194 0.006414 0.011915 0.020150 0.032012 0.047446 0.064422 0.081399 0.095772 0.105480 0.106985 0.101965 0.089763 0.073813 0.055833 0.040018 0.026311 0.016076 0.009324 0.004873 0.002385 0.001106 0.000490 0.000210 0.000069 0.000028 0.000005 0.000000 0.000000 0.000001 0.000000 0.000000 0.000000 0.000000 0.000000 0.000000 
t: 0.017647058823 start: 33 end: 77 0.000002 0.000001 0.000015 0.000055 0.000129 0.000391 0.000916 0.002002 0.004153 0.007972 0.014577 0.024146 0.036839 0.053090 0.069803 0.086652 0.100221 0.106383 0.105591 0.098082 0.084864 0.067629 0.050246 0.035281 0.022453 0.013650 0.007603 0.003925 0.001863 0.000868 0.000373 0.000138 0.000067 0.000015 0.000001 0.000002 0.000002 0.000000 0.000000 0.000000 0.000000 0.000000 0.000000 0.000000 0.000000 
t: 0.017142857143 start: 33 end: 77 0.000002 0.000000 0.000006 0.000024 0.000069 0.000215 0.000501 0.001274 0.002668 0.005382 0.010311 0.017624 0.028436 0.042584 0.058687 0.076066 0.092110 0.102787 0.106947 0.103187 0.094128 0.078446 0.061320 0.044746 0.030350 0.019143 0.011299 0.006112 0.003105 0.001433 0.000603 0.000272 0.000106 0.000046 0.000005 0.000003 0.000002 0.000001 0.000000 0.000000 0.000000 0.000000 0.000000 0.000000 0.000000 
t: 0.016666666667 start: 35 end: 78 0.000003 0.000013 0.000045 0.000108 0.000282 0.000781 0.001676 0.003614 0.007010 0.012706 0.021398 0.033806 0.048570 0.065246 0.082424 0.096613 0.105026 0.106080 0.100259 0.088379 0.072286 0.054900 0.039053 0.025842 0.015868 0.008942 0.004845 0.002436 0.001031 0.000462 0.000184 0.000082 0.000016 0.000009 0.000003 0.000002 0.000000 0.000000 0.000000 0.000000 0.000000 0.000000 0.000000 0.000000 
t: 0.016216216216 start: 35 end: 78 0.000001 0.000007 0.000022 0.000073 0.000150 0.000482 0.001059 0.002332 0.004825 0.009047 0.015904 0.025870 0.039552 0.055059 0.072417 0.088599 0.100056 0.106201 0.104574 0.096509 0.081868 0.065060 0.048536 0.033601 0.021604 0.012644 0.007183 0.003741 0.001738 0.000758 0.000323 0.000139 0.000041 0.000019 0.000002 0.000004 0.000000 0.000000 0.000000 0.000000 0.000000 0.000000 0.000000 0.000000 
t: 0.015789473684 start: 36 end: 79 0.000003 0.000009 0.000033 0.000109 0.000268 0.000657 0.001542 0.003286 0.006370 0.011546 0.019824 0.031106 0.045661 0.062627 0.079271 0.093557 0.103772 0.105984 0.101842 0.091183 0.074799 0.058142 0.042108 0.028442 0.017389 0.009979 0.005575 0.002746 0.001259 0.000554 0.000231 0.000080 0.000034 0.000006 0.000005 0.000001 0.000000 0.000000 0.000000 0.000000 0.000000 0.000000 0.000000 0.000000 
t: 0.015384615385 start: 36 end: 79 0.000002 0.000006 0.000014 0.000060 0.000160 0.000401 0.000985 0.002216 0.004418 0.008280 0.014922 0.024404 0.037124 0.052901 0.070227 0.085653 0.098619 0.105497 0.104640 0.098076 0.084331 0.067858 0.050852 0.035865 0.023134 0.013864 0.007842 0.004172 0.001941 0.000927 0.000368 0.000165 0.000056 0.000011 0.000007 0.000002 0.000000 0.000000 0.000000 0.000000 0.000000 0.000000 0.000000 0.000000 
t: 0.015000000000 start: 37 end: 80 0.000006 0.000008 0.000036 0.000081 0.000260 0.000619 0.001472 0.003057 0.005874 0.011111 0.018694 0.029806 0.044050 0.060874 0.077080 0.091589 0.102740 0.106215 0.102505 0.091853 0.077494 0.060470 0.043496 0.029952 0.018480 0.010859 0.005896 0.003003 0.001377 0.000640 0.000262 0.000096 0.000032 0.000006 0.000006 0.000001 0.000000 0.000000 0.000000 0.000000 0.000000 0.000000 0.000000 0.000000 
t: 0.014634146341 start: 37 end: 81 0.000002 0.000005 0.000025 0.000044 0.000176 0.000376 0.000975 0.002103 0.004198 0.008102 0.014170 0.023672 0.036021 0.051819 0.068344 0.084334 0.097436 0.105484 0.105406 0.097846 0.085384 0.069644 0.052318 0.037371 0.023904 0.014572 0.008257 0.004277 0.002113 0.000963 0.000422 0.000151 0.000058 0.000017 0.000008 0.000001 0.000002 0.000000 0.000000 0.000000 0.000000 0.000000 0.000000 0.000000 0.000000 
t: 0.014285714286 start: 37 end: 82 0.000001 0.000004 0.000013 0.000024 0.000097 0.000263 0.000588 0.001450 0.003013 0.005956 0.010723 0.018294 0.029263 0.043465 0.059634 0.076044 0.091363 0.102466 0.105921 0.102543 0.092326 0.078267 0.061207 0.044890 0.030335 0.018989 0.011344 0.005905 0.003096 0.001452 0.000662 0.000257 0.000093 0.000033 0.000014 0.000001 0.000001 0.000003 0.000000 0.000000 0.000000 0.000000 0.000000 0.000000 0.000000 0.000000 
t: 0.013953488372 start: 38 end: 82 0.000002 0.000006 0.000016 0.000051 0.000176 0.000388 0.000933 0.002166 0.004273 0.008046 0.014188 0.023359 0.036167 0.051103 0.067551 0.084284 0.097949 0.104472 0.105552 0.097875 0.085583 0.070085 0.053182 0.037067 0.024435 0.014750 0.008214 0.004363 0.002088 0.000969 0.000468 0.000158 0.000048 0.000024 0.000005 0.000001 0.000003 0.000000 0.000000 0.000000 0.000000 0.000000 0.000000 0.000000 0.000000 
t: 0.013636363636 start: 38 end: 82 0.000001 0.000004 0.000009 0.000029 0.000102 0.000255 0.000614 0.001451 0.003100 0.006011 0.010935 0.018519 0.029466 0.043396 0.059876 0.076001 0.092075 0.101731 0.106221 0.102327 0.091906 0.077868 0.061610 0.044683 0.030265 0.018970 0.011090 0.005989 0.002998 0.001440 0.000644 0.000284 0.000079 0.000038 0.000008 0.000002 0.000003 0.000000 0.000000 0.000000 0.000000 0.000000 0.000000 0.000000 0.000000 
t: 0.013333333333 start: 39 end: 82 0.000002 0.000009 0.000015 0.000056 0.000189 0.000369 0.000952 0.002279 0.004401 0.008268 0.014634 0.024009 0.036415 0.051877 0.068200 0.085150 0.097550 0.104888 0.105352 0.097400 0.085061 0.069184 0.052709 0.036765 0.023857 0.014466 0.008145 0.004160 0.002061 0.000949 0.000398 0.000147 0.000061 0.000011 0.000007 0.000004 0.000000 0.000000 0.000000 0.000000 0.000000 0.000000 0.000000 0.000000 
t: 0.013043478261 start: 39 end: 83 0.000001 0.000005 0.000012 0.000039 0.000099 0.000274 0.000649 0.001605 0.003216 0.006254 0.011404 0.019458 0.030095 0.044283 0.060753 0.077663 0.092055 0.102448 0.106305 0.102137 0.090833 0.076977 0.060094 0.043909 0.029411 0.018481 0.010648 0.005685 0.002914 0.001335 0.000570 0.000259 0.000086 0.000027 0.000009 0.000006 0.000001 0.000000 0.000000 0.000000 0.000000 0.000000 0.000000 0.000000 0.000000 
t: 0.012765957447 start: 39 end: 83 0.000001 0.000003 0.000009 0.000015 0.000066 0.000180 0.000469 0.001050 0.002358 0.004765 0.008879 0.015362 0.024758 0.037815 0.052974 0.070241 0.085999 0.098453 0.105483 0.104902 0.096901 0.083674 0.067675 0.050677 0.035774 0.023067 0.013519 0.007610 0.004066 0.001831 0.000835 0.000381 0.000134 0.000053 0.000009 0.000010 0.000002 0.000000 0.000000 0.000000 0.000000 0.000000 0.000000 0.000000 0.000000 
t: 0.012500000000 start: 40 end: 83 0.000002 0.000007 0.000010 0.000043 0.000118 0.000303 0.000735 0.001725 0.003494 0.006835 0.012355 0.020043 0.031619 0.046210 0.062892 0.079247 0.093655 0.102850 0.106560 0.101129 0.089567 0.075304 0.058081 0.042029 0.028078 0.017210 0.009807 0.005431 0.002659 0.001141 0.000542 0.000207 0.000077 0.000020 0.000011 0.000004 0.000000 0.000000 0.000000 0.000000 0.000000 0.000000 0.000000 0.000000 
t: 0.012244897959 start: 40 end: 83 0.000001 0.000004 0.000011 0.000018 0.000079 0.000207 0.000504 0.001281 0.002577 0.005254 0.009754 0.016277 0.026271 0.039700 0.055424 0.072294 0.087985 0.099656 0.106590 0.104132 0.095046 0.081905 0.065454 0.048492 0.033729 0.021401 0.012490 0.007043 0.003632 0.001568 0.000732 0.000314 0.000117 0.000036 0.000016 0.000006 0.000000 0.000000 0.000000 0.000000 0.000000 0.000000 0.000000 0.000000 
t: 0.012000000000 start: 41 end: 83 0.000004 0.000003 0.000016 0.000051 0.000142 0.000358 0.000900 0.001901 0.003988 0.007562 0.013221 0.021818 0.033735 0.048843 0.065207 0.081603 0.095887 0.104492 0.105752 0.099492 0.087966 0.072561 0.055459 0.039491 0.026067 0.015715 0.009031 0.004779 0.002189 0.001062 0.000436 0.000181 0.000054 0.000025 0.000009 0.000000 0.000000 0.000000 0.000000 0.000000 0.000000 0.000000 0.000000 
t: 0.011764705882 start: 41 end: 84 0.000001 0.000004 0.000008 0.000038 0.000091 0.000236 0.000639 0.001389 0.003047 0.005772 0.010769 0.017868 0.028690 0.042403 0.058412 0.075368 0.090649 0.101477 0.106329 0.103010 0.093225 0.079161 0.062357 0.045409 0.031346 0.019362 0.011366 0.006114 0.002990 0.001472 0.000618 0.000249 0.000078 0.000036 0.000012 0.000005 0.000000 0.000000 0.000000 0.000000 0.000000 0.000000 0.000000 0.000000 
t: 0.011538461538 start: 42 end: 84 0.000001 0.000008 0.000027 0.000058 0.000162 0.000431 0.001032 0.002319 0.004517 0.008445 0.014746 0.024072 0.036540 0.051810 0.069064 0.084780 0.098040 0.105155 0.104808 0.098398 0.085114 0.069020 0.052191 0.036412 0.023487 0.014209 0.007876 0.003913 0.001943 0.000866 0.000365 0.000122 0.000047 0.000015 0.000007 0.000000 0.000000 0.000000 0.000000 0.000000 0.000000 0.000000 0.000000 
t: 0.011320754717 start: 42 end: 85 0.000001 0.000008 0.000013 0.000035 0.000110 0.000317 0.000719 0.001735 0.003493 0.006701 0.012141 0.019940 0.031110 0.045913 0.062629 0.078827 0.093279 0.103767 0.105595 0.101851 0.090776 0.075262 0.058534 0.042421 0.027954 0.017378 0.009958 0.005027 0.002523 0.001196 0.000517 0.000177 0.000060 0.000019 0.000009 0.000005 0.000000 0.000000 0.000000 0.000000 0.000000 0.000000 0.000000 0.000000 
t: 0.011111111111 start: 42 end: 86 0.000001 0.000005 0.000008 0.000018 0.000076 0.000233 0.000532 0.001280 0.002683 0.005274 0.009854 0.016644 0.026396 0.040169 0.056296 0.072600 0.088545 0.100448 0.105749 0.104381 0.095614 0.081502 0.064565 0.048538 0.032891 0.021003 0.012139 0.006632 0.003254 0.001563 0.000688 0.000290 0.000079 0.000030 0.000013 0.000006 0.000001 0.000000 0.000000 0.000000 0.000000 0.000000 0.000000 0.000000 0.000000 
t: 0.010909090909 start: 42 end: 86 0.000001 0.000004 0.000007 0.000011 0.000058 0.000162 0.000378 0.000961 0.002043 0.004150 0.007866 0.013793 0.022451 0.034878 0.050127 0.066571 0.083121 0.096862 0.104629 0.105891 0.099576 0.086817 0.071279 0.054308 0.038175 0.024953 0.014829 0.008279 0.004257 0.002044 0.000922 0.000393 0.000138 0.000040 0.000018 0.000005 0.000003 0.000000 0.000000 0.000000 0.000000 0.000000 0.000000 0.000000 0.000000 
t: 0.010714285714 start: 42 end: 86 0.000001 0.000002 0.000005 0.000012 0.000028 0.000122 0.000288 0.000680 0.001582 0.003190 0.006380 0.011366 0.018907 0.030170 0.044163 0.060691 0.077458 0.092540 0.102586 0.106570 0.102622 0.091940 0.077147 0.060328 0.043603 0.029277 0.017989 0.010252 0.005467 0.002646 0.001185 0.000509 0.000199 0.000057 0.000028 0.000006 0.000004 0.000000 0.000000 0.000000 0.000000 0.000000 0.000000 0.000000 0.000000 
t: 0.010526315789 start: 42 end: 86 0.000001 0.000001 0.000003 0.000009 0.000020 0.000080 0.000214 0.000481 0.001220 0.002502 0.005060 0.009358 0.015916 0.025862 0.038763 0.054944 0.071736 0.087742 0.099810 0.106269 0.104424 0.096661 0.082668 0.066318 0.049244 0.033876 0.021417 0.012514 0.006882 0.003384 0.001533 0.000670 0.000283 0.000090 0.000032 0.000009 0.000004 0.000000 0.000000 0.000000 0.000000 0.000000 0.000000 0.000000 0.000000 
t: 0.010344827586 start: 42 end: 86 0.000001 0.000001 0.000001 0.000008 0.000015 0.000046 0.000151 0.000370 0.000917 0.001920 0.004072 0.007695 0.013284 0.022153 0.033894 0.049088 0.066364 0.082589 0.095984 0.105014 0.106440 0.099512 0.088372 0.072027 0.054900 0.038654 0.025193 0.015084 0.008496 0.004311 0.001994 0.000885 0.000361 0.000142 0.000047 0.000008 0.000007 0.000000 0.000000 0.000000 0.000000 0.000000 0.000000 0.000000 0.000000 
t: 0.010169491525 start: 43 end: 87 0.000002 0.000001 0.000003 0.000015 0.000032 0.000110 0.000254 0.000695 0.001466 0.003252 0.006280 0.011061 0.018793 0.029626 0.043724 0.060445 0.077450 0.092413 0.102524 0.106913 0.102602 0.092994 0.077757 0.060347 0.043775 0.029334 0.017930 0.010331 0.005372 0.002613 0.001105 0.000494 0.000204 0.000064 0.000012 0.000006 0.000000 0.000001 0.000000 0.000000 0.000000 0.000000 0.000000 0.000000 0.000000 
t: 0.010000000000 start: 43 end: 87 0.000002 0.000001 0.000001 0.000010 0.000022 0.000075 0.000194 0.000515 0.001131 0.002561 0.005122 0.009152 0.016002 0.025651 0.038898 0.054698 0.072172 0.087820 0.100100 0.106121 0.104860 0.097200 0.083176 0.065955 0.048927 0.033569 0.021336 0.012400 0.006581 0.003261 0.001445 0.000653 0.000265 0.000094 0.000020 0.000009 0.000000 0.000001 0.000000 0.000000 0.000000 0.000000 0.000000 0.000000 0.000000 
t: 0.008448275866 start: 47 end: 89 0.000001 0.000000 0.000009 0.000021 0.000063 0.000183 0.000391 0.001003 0.002173 0.004445 0.008046 0.014480 0.023526 0.036471 0.051990 0.069550 0.086459 0.099880 0.107400 0.107226 0.099720 0.086275 0.069084 0.050973 0.034917 0.021507 0.012423 0.006493 0.003026 0.001443 0.000548 0.000193 0.000061 0.000015 0.000004 0.000000 0.000000 0.000001 0.000000 0.000000 0.000000 0.000000 0.000000 
t: 0.007313432839 start: 50 end: 90 0.000001 0.000001 0.000009 0.000033 0.000074 0.000221 0.000588 0.001312 0.002868 0.005722 0.010373 0.017687 0.028767 0.043246 0.060116 0.078461 0.094808 0.106561 0.110366 0.106633 0.095466 0.078581 0.059686 0.041464 0.026586 0.015688 0.008028 0.004002 0.001658 0.000655 0.000241 0.000079 0.000014 0.000004 0.000001 0.000000 0.000000 0.000000 0.000000 0.000000 0.000000 
t: 0.006447368423 start: 53 end: 90 0.000005 0.000007 0.000017 0.000070 0.000184 0.000507 0.001162 0.002601 0.005021 0.009460 0.016594 0.027339 0.041864 0.058846 0.077800 0.094654 0.108531 0.112962 0.109255 0.097813 0.080028 0.060304 0.041360 0.025952 0.014599 0.007508 0.003401 0.001435 0.000517 0.000150 0.000041 0.000012 0.000001 0.000000 0.000000 0.000000 0.000000 0.000000 
t: 0.005764705884 start: 54 end: 90 0.000001 0.000002 0.000007 0.000024 0.000076 0.000221 0.000559 0.001283 0.002923 0.005604 0.010656 0.018672 0.030369 0.045917 0.063732 0.084259 0.101495 0.112554 0.115492 0.108680 0.094219 0.074403 0.053830 0.035066 0.020648 0.010851 0.005194 0.002167 0.000759 0.000254 0.000067 0.000015 0.000001 0.000000 0.000000 0.000000 0.000000 
t: 0.005212765959 start: 56 end: 90 0.000002 0.000000 0.000018 0.000044 0.000113 0.000346 0.000780 0.001799 0.003857 0.007560 0.013902 0.023990 0.037772 0.055652 0.075702 0.094857 0.110337 0.118065 0.115350 0.103352 0.084472 0.061800 0.041694 0.024903 0.013366 0.006319 0.002633 0.000922 0.000298 0.000077 0.000018 0.000000 0.000000 0.000000 0.000000 
t: 0.004757281555 start: 57 end: 90 0.000001 0.000002 0.000010 0.000027 0.000082 0.000221 0.000600 0.001348 0.002895 0.006037 0.011565 0.020349 0.033298 0.050584 0.070603 0.092132 0.109046 0.119211 0.120276 0.108871 0.089390 0.066835 0.045021 0.026860 0.014119 0.006702 0.002697 0.000877 0.000271 0.000059 0.000011 0.000000 0.000000 0.000000 
t: 0.004375000001 start: 58 end: 90 0.000001 0.000001 0.000001 0.000020 0.000061 0.000192 0.000483 0.001084 0.002456 0.005503 0.010395 0.018815 0.031263 0.048377 0.069792 0.091085 0.109809 0.121863 0.122424 0.111909 0.091887 0.068284 0.044969 0.026351 0.013686 0.006016 0.002347 0.000707 0.000174 0.000039 0.000005 0.000001 0.000000 
t: 0.004049586778 start: 60 end: 90 0.000001 0.000003 0.000009 0.000060 0.000176 0.000421 0.000984 0.002401 0.005209 0.010244 0.018644 0.031231 0.049181 0.070485 0.093579 0.113178 0.124354 0.124949 0.112482 0.091559 0.065791 0.042292 0.023896 0.011704 0.004875 0.001728 0.000461 0.000087 0.000015 0.000001 0.000000 
t: 0.003769230770 start: 62 end: 90 0.000004 0.000021 0.000060 0.000154 0.000444 0.001026 0.002390 0.005424 0.010855 0.019664 0.033121 0.052006 0.074828 0.098248 0.117679 0.128037 0.126186 0.111046 0.087326 0.060612 0.037199 0.019965 0.008930 0.003441 0.001067 0.000229 0.000036 0.000002 0.000000 
t: 0.003525179857 start: 63 end: 90 0.000003 0.000025 0.000069 0.000175 0.000457 0.001154 0.002795 0.006069 0.012228 0.021859 0.036961 0.057240 0.081442 0.105324 0.123576 0.131264 0.125347 0.106670 0.080382 0.052872 0.030400 0.014864 0.006194 0.002028 0.000511 0.000080 0.000010 0.000001 
t: 0.003310810811 start: 64 end: 90 0.000007 0.000020 0.000093 0.000209 0.000559 0.001414 0.003340 0.007330 0.014258 0.025501 0.043032 0.064949 0.090285 0.113958 0.130283 0.133301 0.121649 0.099004 0.070158 0.043064 0.022587 0.010231 0.003570 0.000978 0.000202 0.000016 0.000002 
t: 0.003121019109 start: 64 end: 90 0.000002 0.000007 0.000038 0.000100 0.000268 0.000760 0.001860 0.004302 0.009043 0.017602 0.031135 0.050811 0.075060 0.101141 0.124151 0.135942 0.132036 0.115187 0.087613 0.057266 0.032198 0.015406 0.005905 0.001739 0.000379 0.000045 0.000004 
t: 0.002951807229 start: 65 end: 90 0.000003 0.000019 0.000040 0.000141 0.000391 0.001043 0.002578 0.005694 0.011822 0.022551 0.038665 0.061029 0.087746 0.114060 0.133369 0.138854 0.127684 0.104030 0.072592 0.043158 0.022026 0.008902 0.002850 0.000667 0.000077 0.000009 
t: 0.002800000000 start: 65 end: 90 0.000001 0.000007 0.000026 0.000062 0.000202 0.000571 0.001499 0.003642 0.007935 0.015988 0.029290 0.048743 0.074216 0.102513 0.127428 0.140543 0.137235 0.118311 0.088000 0.055274 0.029928 0.012930 0.004410 0.001077 0.000159 0.000010 
t: 0.002663043479 start: 65 end: 90 0.000001 0.000003 0.000015 0.000037 0.000093 0.000312 0.000905 0.002267 0.005394 0.011139 0.021918 0.038640 0.061736 0.090315 0.118465 0.138819 0.143246 0.130859 0.102012 0.068809 0.038796 0.017832 0.006417 0.001683 0.000273 0.000014 
t: 0.002538860104 start: 66 end: 90 0.000003 0.000006 0.000019 0.000048 0.000168 0.000540 0.001423 0.003595 0.007779 0.016330 0.030137 0.051028 0.078495 0.108366 0.133907 0.145751 0.140047 0.115919 0.082248 0.048534 0.023836 0.008904 0.002457 0.000429 0.000031 
t: 0.002425742574 start: 66 end: 90 0.000001 0.000005 0.000012 0.000025 0.000093 0.000321 0.000892 0.002347 0.005454 0.012108 0.023485 0.041697 0.067079 0.097852 0.126734 0.145398 0.147136 0.127940 0.095459 0.059410 0.030349 0.011981 0.003532 0.000635 0.000055 
t: 0.002322274882 start: 67 end: 90 0.000003 0.000005 0.000015 0.000059 0.000190 0.000528 0.001567 0.003840 0.008734 0.018328 0.034135 0.056908 0.086703 0.118516 0.142665 0.151289 0.138380 0.108252 0.070573 0.037671 0.015837 0.004788 0.000938 0.000076 
t: 0.002227272727 start: 67 end: 90 0.000002 0.000004 0.000010 0.000033 0.000109 0.000327 0.001036 0.002670 0.006454 0.014047 0.027480 0.048390 0.076357 0.109519 0.137649 0.153196 0.146764 0.119970 0.082344 0.045580 0.020267 0.006389 0.001285 0.000118 
t: 0.002139737991 start: 67 end: 90 0.000001 0.000004 0.000007 0.000025 0.000059 0.000219 0.000690 0.001887 0.004682 0.010781 0.022258 0.040350 0.066879 0.100245 0.131448 0.152973 0.152916 0.131286 0.093378 0.054681 0.025047 0.008260 0.001760 0.000164 
t: 0.002058823530 start: 68 end: 90 0.000003 0.000002 0.000018 0.000038 0.000144 0.000450 0.001306 0.003474 0.008160 0.017882 0.033704 0.058272 0.090664 0.124671 0.150905 0.157680 0.140279 0.104841 0.063994 0.030458 0.010488 0.002322 0.000245 
t: 0.001983805668 start: 68 end: 90 0.000001 0.000003 0.000009 0.000030 0.000097 0.000289 0.000945 0.002551 0.006205 0.014325 0.028335 0.050234 0.081611 0.116923 0.147643 0.160396 0.148663 0.115589 0.073364 0.036370 0.013066 0.003007 0.000344 
t: 0.001914062500 start: 68 end: 90 0.000001 0.000000 0.000008 0.000017 0.000064 0.000175 0.000690 0.001904 0.004788 0.011292 0.023548 0.043439 0.073327 0.108915 0.142764 0.161336 0.155937 0.125999 0.082768 0.042676 0.016062 0.003834 0.000456 
t: 0.001849056604 start: 70 end: 90 0.000004 0.000013 0.000039 0.000130 0.000478 0.001435 0.003644 0.008986 0.019512 0.037667 0.065333 0.100771 0.137207 0.161206 0.161647 0.135515 0.092233 0.049529 0.019224 0.004839 0.000588 
t: 0.001788321168 start: 70 end: 90 0.000002 0.000009 0.000028 0.000094 0.000346 0.001025 0.002803 0.007247 0.016158 0.032161 0.058191 0.092956 0.131211 0.159324 0.165912 0.144595 0.101930 0.056417 0.022838 0.005983 0.000770 
t: 0.001731448763 start: 70 end: 90 0.000001 0.000005 0.000021 0.000066 0.000240 0.000776 0.002156 0.005779 0.013480 0.027639 0.051757 0.085224 0.124319 0.156829 0.169103 0.152343 0.111482 0.063721 0.026836 0.007261 0.000962 
t: 0.001678082192 start: 71 end: 90 0.000005 0.000014 0.000047 0.000174 0.000547 0.001701 0.004611 0.011157 0.023497 0.046005 0.077961 0.117521 0.153280 0.171336 0.159363 0.120470 0.071418 0.031016 0.008673 0.001204 
t: 0.001627906977 start: 71 end: 90 0.000002 0.000012 0.000040 0.000125 0.000405 0.001294 0.003666 0.009279 0.020262 0.040493 0.071360 0.110559 0.149184 0.171873 0.165862 0.129308 0.078977 0.035543 0.010286 0.001470 
t: 0.001580645161 start: 71 end: 90 0.000001 0.000009 0.000024 0.000090 0.000321 0.001001 0.002939 0.007641 0.017330 0.035741 0.064854 0.104064 0.144539 0.171783 0.171022 0.137671 0.086629 0.040459 0.012079 0.001803 
t: 0.001536050157 start: 72 end: 90 0.000006 0.000019 0.000062 0.000248 0.000793 0.002337 0.006420 0.014795 0.031339 0.058966 0.097477 0.139592 0.170899 0.175143 0.145658 0.094689 0.045337 0.014079 0.002141 
t: 0.001493902439 start: 72 end: 90 0.000006 0.000011 0.000043 0.000190 0.000607 0.001871 0.005326 0.012559 0.027727 0.053419 0.091008 0.134076 0.169324 0.178999 0.153227 0.102344 0.050605 0.016119 0.002539 
t: 0.001454005935 start: 72 end: 90 0.000004 0.000011 0.000035 0.000143 0.000489 0.001480 0.004356 0.010828 0.024251 0.048302 0.084895 0.128615 0.167013 0.181900 0.160228 0.110087 0.056032 0.018350 0.002981 
t: 0.001416184971 start: 72 end: 90 0.000003 0.000008 0.000032 0.000095 0.000389 0.001178 0.003635 0.009189 0.021465 0.043736 0.078930 0.122987 0.164205 0.183846 0.166824 0.117746 0.061568 0.020691 0.003473 
t: 0.001380281690 start: 72 end: 90 0.000003 0.000007 0.000019 0.000076 0.000302 0.000970 0.002999 0.007888 0.018796 0.039568 0.073366 0.117290 0.161137 0.184944 0.172635 0.125504 0.067275 0.023231 0.003990 
t: 0.001346153846 start: 72 end: 90 0.000002 0.000004 0.000017 0.000066 0.000228 0.000800 0.002506 0.006733 0.016532 0.035741 0.067818 0.111866 0.157778 0.185312 0.178076 0.132881 0.073138 0.025931 0.004571 
t: 0.001313672922 start: 72 end: 90 0.000001 0.000004 0.000013 0.000050 0.000173 0.000665 0.002068 0.005778 0.014635 0.032198 0.062754 0.106228 0.154187 0.185294 0.182783 0.140129 0.079000 0.028879 0.005161 
t: 0.001282722513 start: 73 end: 90 0.000004 0.000011 0.000040 0.000132 0.000540 0.001738 0.004947 0.012870 0.028968 0.058113 0.100844 0.149890 0.185060 0.186973 0.147182 0.084882 0.031987 0.005819 
t: 0.001253196931 start: 73 end: 90 0.000002 0.000009 0.000033 0.000103 0.000447 0.001446 0.004256 0.011283 0.026131 0.053844 0.095560 0.145345 0.184472 0.190619 0.153797 0.090991 0.035120 0.006542 
t: 0.001225000000 start: 73 end: 90 0.000001 0.000007 0.000025 0.000091 0.000351 0.001208 0.003671 0.009956 0.023510 0.049804 0.090437 0.140926 0.183195 0.193732 0.160312 0.097095 0.038312 0.007367 
t: 0.001198044010 start: 73 end: 90 0.000001 0.000005 0.000017 0.000084 0.000273 0.001001 0.003165 0.008787 0.021318 0.045786 0.085557 0.136439 0.181632 0.196345 0.166305 0.103472 0.041644 0.008169 
t: 0.001172248804 start: 73 end: 90 0.000001 0.000002 0.000016 0.000067 0.000220 0.000857 0.002721 0.007735 0.019197 0.042408 0.080555 0.132301 0.179163 0.198767 0.172255 0.109595 0.045110 0.009030 
t: 0.001147540984 start: 73 end: 90 0.000001 0.000001 0.000011 0.000052 0.000194 0.000693 0.002337 0.006872 0.017404 0.039007 0.076090 0.127606 0.176873 0.200793 0.177646 0.115740 0.048717 0.009963 
t: 0.001123853211 start: 73 end: 90 0.000001 0.000001 0.000007 0.000043 0.000167 0.000599 0.001961 0.006119 0.015724 0.035945 0.071746 0.123079 0.174363 0.202212 0.182952 0.121775 0.052301 0.011005 
t: 0.001101123596 start: 73 end: 90 0.000001 0.000001 0.000005 0.000035 0.000137 0.000515 0.001687 0.005427 0.014079 0.033317 0.067423 0.118548 0.171837 0.203299 0.187749 0.127753 0.056132 0.012055 
t: 0.001079295154 start: 73 end: 90 0.000001 0.000001 0.000005 0.000029 0.000110 0.000447 0.001446 0.004768 0.012772 0.030718 0.063488 0.114131 0.169021 0.204121 0.192197 0.133542 0.060072 0.013131 
t: 0.001058315335 start: 74 end: 90 0.000002 0.000001 0.000028 0.000086 0.000386 0.001248 0.004192 0.011599 0.028346 0.059797 0.109624 0.165897 0.204613 0.196612 0.139186 0.064095 0.014288 
t: 0.001038135593 start: 74 end: 90 0.000002 0.000001 0.000020 0.000073 0.000331 0.001058 0.003735 0.010509 0.026174 0.056448 0.105309 0.162337 0.204659 0.200771 0.145059 0.067970 0.015544 
t: 0.001018711019 start: 74 end: 90 0.000002 0.000001 0.000016 0.000060 0.000283 0.000924 0.003275 0.009445 0.024251 0.052987 0.101225 0.159089 0.204437 0.204317 0.150837 0.072060 0.016791 
t: 0.001000000000 start: 74 end: 90 0.000001 0.000002 0.000012 0.000047 0.000242 0.000841 0.002845 0.008554 0.022430 0.049792 0.097099 0.155634 0.204123 0.207828 0.156195 0.076204 0.018151 
