t: 0.059999999999 start: 12 end: 47 0.000001 0.000008 0.000062 0.000237 0.000831 0.002707 0.007194 0.017036 0.033857 0.057979 0.088969 0.117631 0.135721 0.140394 0.127018 0.101785 0.072687 0.046479 0.026315 0.013108 0.006252 0.002429 0.000894 0.000294 0.000077 0.000025 0.000009 0.000001 0.000000 0.000000 0.000000 0.000000 0.000000 0.000000 0.000000 0.000000 
t: 0.054545454544 start: 13 end: 50 0.000001 0.000006 0.000028 0.000131 0.000476 0.001510 0.004341 0.010650 0.022378 0.041301 0.066976 0.095232 0.119929 0.134722 0.134026 0.118856 0.094170 0.066764 0.042567 0.024040 0.012490 0.005701 0.002404 0.000847 0.000304 0.000105 0.000031 0.000010 0.000002 0.000002 0.000000 0.000000 0.000000 0.000000 0.000000 0.000000 0.000000 0.000000 
t: 0.049999999999 start: 15 end: 52 0.000004 0.000019 0.000076 0.000281 0.000996 0.002726 0.006993 0.015273 0.029954 0.050685 0.076460 0.103126 0.123680 0.132679 0.127160 0.109306 0.084869 0.058711 0.036960 0.021061 0.010768 0.004897 0.002093 0.000794 0.000298 0.000099 0.000021 0.000009 0.000001 0.000001 0.000000 0.000000 0.000000 0.000000 0.000000 0.000000 0.000000 0.000000 
t: 0.046153846153 start: 16 end: 53 0.000002 0.000012 0.000057 0.000184 0.000642 0.001924 0.004819 0.010996 0.022255 0.038977 0.062285 0.087922 0.111227 0.125754 0.128702 0.118634 0.098158 0.073577 0.050073 0.031220 0.017205 0.008722 0.004018 0.001657 0.000638 0.000237 0.000077 0.000016 0.000007 0.000003 0.000000 0.000000 0.000000 0.000000 0.000000 0.000000 0.000000 0.000000 
t: 0.042857142857 start: 17 end: 55 0.000001 0.000010 0.000039 0.000138 0.000471 0.001325 0.003525 0.008322 0.017152 0.031059 0.051111 0.075083 0.098898 0.117437 0.126264 0.122470 0.107699 0.085739 0.062852 0.040853 0.024508 0.013351 0.006753 0.002991 0.001203 0.000509 0.000158 0.000059 0.000017 0.000002 0.000001 0.000000 0.000000 0.000000 0.000000 0.000000 0.000000 0.000000 0.000000 
t: 0.040000000000 start: 19 end: 56 0.000007 0.000025 0.000111 0.000340 0.001095 0.002665 0.006491 0.013685 0.025477 0.042865 0.065220 0.088124 0.108862 0.121696 0.123000 0.113179 0.095370 0.072283 0.050722 0.032145 0.018376 0.010018 0.004689 0.002160 0.000889 0.000349 0.000118 0.000026 0.000012 0.000001 0.000000 0.000000 0.000000 0.000000 0.000000 0.000000 0.000000 0.000000 
t: 0.037500000000 start: 20 end: 57 0.000005 0.000029 0.000074 0.000290 0.000846 0.002309 0.005259 0.011262 0.021501 0.037279 0.057000 0.079572 0.100738 0.116483 0.121550 0.116058 0.101478 0.080916 0.058840 0.039172 0.023854 0.013042 0.006958 0.003168 0.001414 0.000593 0.000211 0.000071 0.000023 0.000005 0.000000 0.000000 0.000000 0.000000 0.000000 0.000000 0.000000 0.000000 
t: 0.035294117647 start: 21 end: 59 0.000007 0.000016 0.000072 0.000240 0.000774 0.001893 0.004606 0.009647 0.018848 0.032486 0.051301 0.072798 0.094140 0.111083 0.118834 0.117131 0.105697 0.086890 0.065676 0.045374 0.028932 0.016657 0.008999 0.004436 0.002120 0.000840 0.000332 0.000118 0.000033 0.000016 0.000004 0.000000 0.000000 0.000000 0.000000 0.000000 0.000000 0.000000 0.000000 
t: 0.033333333333 start: 21 end: 62 0.000001 0.000006 0.000028 0.000060 0.000222 0.000664 0.001769 0.004110 0.008645 0.016876 0.029588 0.046739 0.067332 0.088703 0.106174 0.116243 0.117151 0.108323 0.091107 0.070513 0.050976 0.033291 0.020105 0.011239 0.005558 0.002661 0.001157 0.000486 0.000177 0.000064 0.000025 0.000005 0.000001 0.000000 0.000001 0.000000 0.000000 0.000000 0.000000 0.000000 0.000000 0.000000 
t: 0.031578947368 start: 22 end: 63 0.000002 0.000009 0.000018 0.000071 0.000204 0.000632 0.001643 0.003851 0.008044 0.015601 0.027362 0.043523 0.063754 0.083987 0.101960 0.113897 0.116304 0.109160 0.094560 0.074782 0.054843 0.036992 0.023028 0.013098 0.006823 0.003389 0.001421 0.000665 0.000240 0.000094 0.000029 0.000011 0.000001 0.000002 0.000000 0.000000 0.000000 0.000000 0.000000 0.000000 0.000000 0.000000 
t: 0.030000000000 start: 22 end: 65 0.000001 0.000003 0.000002 0.000025 0.000069 0.000224 0.000624 0.001623 0.003639 0.007669 0.014802 0.025889 0.041571 0.060761 0.080889 0.099160 0.112000 0.114750 0.109642 0.095972 0.077917 0.057850 0.040016 0.025337 0.014566 0.007996 0.003916 0.001791 0.000776 0.000351 0.000112 0.000040 0.000011 0.000004 0.000001 0.000001 0.000000 0.000000 0.000000 0.000000 0.000000 0.000000 0.000000 0.000000 
t: 0.028571428571 start: 23 end: 65 0.000001 0.000001 0.000006 0.000021 0.000083 0.000211 0.000639 0.001575 0.003757 0.007678 0.014450 0.025228 0.040479 0.058890 0.078844 0.096725 0.109468 0.113949 0.109829 0.096991 0.079414 0.060291 0.041822 0.026894 0.015877 0.008809 0.004443 0.002082 0.000941 0.000381 0.000143 0.000055 0.000015 0.000005 0.000003 0.000000 0.000000 0.000000 0.000000 0.000000 0.000000 0.000000 0.000000 
t: 0.027272727273 start: 25 end: 66 0.000002 0.000005 0.000028 0.000080 0.000252 0.000665 0.001668 0.003780 0.007654 0.014504 0.025563 0.039614 0.058326 0.077535 0.095495 0.107592 0.112855 0.109304 0.097247 0.080564 0.061585 0.042771 0.027814 0.016781 0.009410 0.004841 0.002312 0.001035 0.000456 0.000167 0.000064 0.000016 0.000013 0.000002 0.000000 0.000000 0.000000 0.000000 0.000000 0.000000 0.000000 0.000000 
t: 0.026086956522 start: 25 end: 67 0.000002 0.000001 0.000007 0.000030 0.000104 0.000263 0.000765 0.001768 0.003890 0.007929 0.015086 0.025437 0.040157 0.058074 0.076989 0.095005 0.106632 0.112378 0.108526 0.096673 0.080486 0.061706 0.043129 0.028611 0.017208 0.009726 0.005058 0.002493 0.001086 0.000494 0.000190 0.000067 0.000018 0.000008 0.000004 0.000000 0.000000 0.000000 0.000000 0.000000 0.000000 0.000000 0.000000 
t: 0.025000000000 start: 26 end: 69 0.000001 0.000001 0.000007 0.000048 0.000110 0.000316 0.000833 0.001949 0.004242 0.008374 0.015643 0.026017 0.041116 0.058731 0.077567 0.094358 0.106853 0.111444 0.107575 0.095479 0.080024 0.060868 0.043240 0.028273 0.017439 0.009839 0.005136 0.002556 0.001141 0.000499 0.000224 0.000057 0.000022 0.000013 0.000004 0.000001 0.000000 0.000000 0.000000 0.000000 0.000000 0.000000 0.000000 0.000000 
t: 0.024000000000 start: 28 end: 70 0.000002 0.000017 0.000044 0.000135 0.000384 0.000940 0.002162 0.004541 0.009083 0.016426 0.027545 0.042275 0.060167 0.078732 0.094680 0.106733 0.110625 0.105862 0.094902 0.078315 0.059566 0.042451 0.028111 0.017001 0.009656 0.005190 0.002472 0.001152 0.000510 0.000211 0.000065 0.000033 0.000009 0.000002 0.000000 0.000001 0.000000 0.000000 0.000000 0.000000 0.000000 0.000000 0.000000 
t: 0.023076923077 start: 29 end: 70 0.000004 0.000017 0.000048 0.000175 0.000467 0.001125 0.002387 0.005144 0.009878 0.017704 0.029321 0.043922 0.062198 0.080402 0.096226 0.106260 0.109421 0.104922 0.093123 0.075980 0.058066 0.041231 0.027046 0.016299 0.009409 0.004969 0.002372 0.001074 0.000509 0.000198 0.000072 0.000024 0.000006 0.000000 0.000001 0.000000 0.000000 0.000000 0.000000 0.000000 0.000000 0.000000 
t: 0.022222222222 start: 30 end: 71 0.000008 0.000016 0.000075 0.000222 0.000534 0.001263 0.002931 0.005721 0.011059 0.019435 0.031146 0.046514 0.064559 0.082293 0.097255 0.107027 0.108745 0.102991 0.090844 0.073586 0.055612 0.039360 0.025639 0.015680 0.008845 0.004609 0.002281 0.001025 0.000444 0.000187 0.000068 0.000020 0.000005 0.000001 0.000000 0.000000 0.000000 0.000000 0.000000 0.000000 0.000000 0.000000 
t: 0.021428571428 start: 30 end: 71 0.000001 0.000010 0.000027 0.000093 0.000264 0.000660 0.001515 0.003334 0.006735 0.012394 0.021466 0.033657 0.049517 0.067391 0.084923 0.099076 0.107097 0.108031 0.100939 0.087574 0.070745 0.053057 0.037045 0.023831 0.014459 0.008263 0.004311 0.002041 0.000875 0.000407 0.000188 0.000050 0.000014 0.000010 0.000000 0.000000 0.000000 0.000000 0.000000 0.000000 0.000000 0.000000 
t: 0.020689655172 start: 31 end: 73 0.000005 0.000011 0.000043 0.000120 0.000325 0.000808 0.001863 0.003956 0.007663 0.014165 0.023667 0.036987 0.053051 0.071121 0.087402 0.100719 0.107356 0.106964 0.097906 0.084868 0.067188 0.049937 0.034195 0.022041 0.013239 0.007435 0.003749 0.001822 0.000802 0.000379 0.000148 0.000047 0.000015 0.000001 0.000002 0.000000 0.000000 0.000000 0.000000 0.000000 0.000000 0.000000 0.000000 
t: 0.020000000000 start: 31 end: 73 0.000001 0.000005 0.000017 0.000049 0.000165 0.000417 0.001025 0.002341 0.004727 0.009039 0.016208 0.026570 0.040441 0.056807 0.074642 0.090646 0.102633 0.107868 0.104502 0.095814 0.080540 0.063309 0.046190 0.031479 0.020106 0.011901 0.006505 0.003296 0.001543 0.000718 0.000326 0.000107 0.000052 0.000008 0.000003 0.000000 0.000000 0.000000 0.000000 0.000000 0.000000 0.000000 0.000000 
t: 0.019354838710 start: 33 end: 74 0.000010 0.000022 0.000070 0.000239 0.000548 0.001302 0.002842 0.005821 0.010678 0.018689 0.029841 0.044314 0.061756 0.078556 0.093878 0.104247 0.106906 0.102876 0.092008 0.076356 0.058925 0.042589 0.028523 0.017806 0.010469 0.005622 0.002806 0.001327 0.000590 0.000241 0.000102 0.000033 0.000006 0.000002 0.000000 0.000000 0.000000 0.000000 0.000000 0.000000 0.000000 0.000000 
t: 0.018750000000 start: 33 end: 74 0.000005 0.000012 0.000035 0.000129 0.000296 0.000724 0.001658 0.003591 0.007127 0.012683 0.021594 0.033618 0.049150 0.066284 0.083359 0.097247 0.104478 0.106610 0.100126 0.087572 0.071653 0.054782 0.038378 0.025328 0.015480 0.009041 0.004778 0.002411 0.001090 0.000450 0.000198 0.000088 0.000018 0.000007 0.000000 0.000000 0.000000 0.000000 0.000000 0.000000 0.000000 0.000000 
t: 0.018181818182 start: 33 end: 76 0.000003 0.000005 0.000014 0.000070 0.000154 0.000406 0.000952 0.002158 0.004550 0.008560 0.015216 0.025119 0.038228 0.054055 0.071584 0.087553 0.099340 0.105934 0.105120 0.096733 0.083108 0.066486 0.049723 0.034250 0.022197 0.013553 0.007584 0.003973 0.001912 0.000837 0.000382 0.000156 0.000058 0.000025 0.000001 0.000001 0.000000 0.000000 0.000000 0.000000 0.000000 0.000000 0.000000 0.000000 
t: 0.017647058823 start: 33 end: 77 0.000002 0.000003 0.000010 0.000032 0.000085 0.000233 0.000560 0.001280 0.002872 0.005646 0.010454 0.018210 0.029158 0.043307 0.059500 0.076655 0.091582 0.102005 0.107029 0.102240 0.092644 0.078088 0.060736 0.044677 0.030344 0.019146 0.011402 0.006247 0.003189 0.001535 0.000680 0.000281 0.000112 0.000036 0.000018 0.000001 0.000001 0.000000 0.000000 0.000000 0.000000 0.000000 0.000000 0.000000 0.000000 
t: 0.017142857143 start: 33 end: 77 0.000001 0.000002 0.000002 0.000022 0.000042 0.000117 0.000351 0.000749 0.001816 0.003693 0.007021 0.012935 0.021818 0.033731 0.048638 0.065533 0.081882 0.095283 0.104834 0.105313 0.099872 0.088004 0.071948 0.055241 0.039424 0.026222 0.016521 0.009341 0.005050 0.002548 0.001210 0.000504 0.000203 0.000092 0.000024 0.000009 0.000004 0.000000 0.000000 0.000000 0.000000 0.000000 0.000000 0.000000 0.000000 
t: 0.016666666667 start: 33 end: 77 0.000001 0.000002 0.000000 0.000010 0.000025 0.000067 0.000181 0.000482 0.001087 0.002418 0.004754 0.008987 0.015899 0.025886 0.038927 0.054415 0.071592 0.087326 0.099587 0.105321 0.103811 0.095918 0.082363 0.065913 0.049276 0.034742 0.022449 0.013457 0.007606 0.004020 0.001990 0.000861 0.000396 0.000148 0.000055 0.000023 0.000004 0.000001 0.000000 0.000000 0.000000 0.000000 0.000000 0.000000 0.000000 
t: 0.016216216216 start: 33 end: 77 0.000001 0.000000 0.000000 0.000007 0.000010 0.000034 0.000103 0.000273 0.000669 0.001575 0.003155 0.006212 0.011231 0.019642 0.030597 0.044485 0.061177 0.077862 0.092038 0.102560 0.105217 0.101695 0.091105 0.076320 0.059364 0.043579 0.029750 0.018612 0.011008 0.006099 0.003072 0.001502 0.000633 0.000259 0.000110 0.000033 0.000009 0.000001 0.000001 0.000000 0.000000 0.000000 0.000000 0.000000 0.000000 
t: 0.015789473684 start: 34 end: 78 0.000001 0.000000 0.000004 0.000003 0.000017 0.000062 0.000147 0.000419 0.000990 0.002083 0.004242 0.008004 0.014336 0.023581 0.035975 0.051018 0.067747 0.084034 0.096889 0.104315 0.105001 0.097451 0.085525 0.069633 0.052927 0.038039 0.024773 0.015218 0.008707 0.004755 0.002271 0.001101 0.000446 0.000188 0.000068 0.000025 0.000004 0.000000 0.000001 0.000000 0.000000 0.000000 0.000000 0.000000 0.000000 
t: 0.015384615385 start: 35 end: 80 0.000001 0.000001 0.000006 0.000003 0.000038 0.000093 0.000231 0.000629 0.001422 0.002794 0.005625 0.010540 0.017897 0.028326 0.042010 0.058025 0.074789 0.089864 0.100636 0.105498 0.102226 0.093432 0.079063 0.062532 0.046352 0.031926 0.020549 0.012177 0.006887 0.003465 0.001702 0.000758 0.000331 0.000119 0.000039 0.000009 0.000003 0.000002 0.000000 0.000000 0.000000 0.000000 0.000000 0.000000 0.000000 0.000000 
t: 0.015000000000 start: 36 end: 81 0.000002 0.000002 0.000001 0.000019 0.000054 0.000154 0.000381 0.000937 0.001858 0.003972 0.007634 0.013342 0.021997 0.033929 0.049227 0.065274 0.081677 0.094995 0.103818 0.104357 0.098953 0.087731 0.071896 0.055642 0.039589 0.026523 0.016528 0.009706 0.005125 0.002636 0.001191 0.000551 0.000203 0.000069 0.000018 0.000005 0.000003 0.000001 0.000000 0.000000 0.000000 0.000000 0.000000 0.000000 0.000000 0.000000 
t: 0.014634146341 start: 37 end: 80 0.000003 0.000000 0.000006 0.000029 0.000095 0.000249 0.000612 0.001263 0.002687 0.005448 0.009975 0.016928 0.027067 0.040508 0.056453 0.073013 0.087861 0.099771 0.104618 0.102683 0.094637 0.080959 0.064500 0.048233 0.033182 0.021673 0.013121 0.007379 0.003802 0.001832 0.000858 0.000373 0.000123 0.000043 0.000011 0.000003 0.000002 0.000000 0.000000 0.000000 0.000000 0.000000 0.000000 0.000000 
t: 0.014285714286 start: 38 end: 82 0.000001 0.000005 0.000014 0.000049 0.000159 0.000364 0.000878 0.001804 0.003871 0.007363 0.012863 0.021343 0.033055 0.047834 0.064233 0.079989 0.094176 0.102691 0.104736 0.099991 0.088410 0.073214 0.057169 0.040699 0.027445 0.017130 0.010115 0.005461 0.002729 0.001299 0.000576 0.000217 0.000085 0.000023 0.000005 0.000003 0.000001 0.000000 0.000000 0.000000 0.000000 0.000000 0.000000 0.000000 0.000000 
t: 0.013953488372 start: 38 end: 83 0.000001 0.000002 0.000009 0.000027 0.000097 0.000212 0.000582 0.001260 0.002717 0.005371 0.009749 0.016476 0.026824 0.039996 0.055582 0.071957 0.087066 0.099342 0.104422 0.103378 0.094997 0.081423 0.065324 0.048702 0.034148 0.022177 0.013324 0.007468 0.004007 0.001912 0.000895 0.000349 0.000145 0.000040 0.000011 0.000006 0.000001 0.000001 0.000000 0.000000 0.000000 0.000000 0.000000 0.000000 0.000000 0.000000 
t: 0.013636363636 start: 39 end: 83 0.000001 0.000006 0.000014 0.000054 0.000139 0.000398 0.000835 0.001960 0.003800 0.007272 0.012850 0.021461 0.032860 0.047636 0.063640 0.079479 0.094065 0.102455 0.105056 0.100266 0.088504 0.073285 0.056915 0.041202 0.027975 0.017242 0.010169 0.005410 0.002844 0.001276 0.000578 0.000236 0.000085 0.000023 0.000007 0.000001 0.000001 0.000000 0.000000 0.000000 0.000000 0.000000 0.000000 0.000000 0.000000 
t: 0.013333333333 start: 39 end: 83 0.000001 0.000003 0.000012 0.000024 0.000098 0.000256 0.000572 0.001338 0.002792 0.005423 0.009826 0.016878 0.026747 0.040184 0.055816 0.071717 0.087770 0.098571 0.104518 0.103732 0.094657 0.081363 0.064966 0.048680 0.034198 0.021985 0.013139 0.007483 0.003962 0.001873 0.000836 0.000387 0.000133 0.000043 0.000011 0.000005 0.000001 0.000000 0.000000 0.000000 0.000000 0.000000 0.000000 0.000000 0.000000 
t: 0.013043478261 start: 39 end: 83 0.000001 0.000000 0.000006 0.000013 0.000069 0.000168 0.000363 0.000925 0.002040 0.003961 0.007402 0.013135 0.021816 0.033611 0.048014 0.064126 0.080535 0.093991 0.102521 0.104902 0.099642 0.088611 0.072867 0.056239 0.040744 0.027295 0.016969 0.009851 0.005406 0.002707 0.001183 0.000547 0.000238 0.000074 0.000021 0.000004 0.000002 0.000001 0.000000 0.000000 0.000000 0.000000 0.000000 0.000000 0.000000 
t: 0.012765957447 start: 40 end: 84 0.000001 0.000004 0.000009 0.000034 0.000115 0.000244 0.000652 0.001416 0.002953 0.005663 0.010185 0.017377 0.027719 0.040932 0.056752 0.073092 0.088170 0.099565 0.104675 0.102790 0.094192 0.080654 0.063929 0.047729 0.033069 0.021298 0.012827 0.007120 0.003767 0.001769 0.000756 0.000360 0.000133 0.000033 0.000012 0.000003 0.000000 0.000001 0.000000 0.000000 0.000000 0.000000 0.000000 0.000000 0.000000 
t: 0.012500000000 start: 41 end: 85 0.000003 0.000007 0.000018 0.000077 0.000180 0.000455 0.001000 0.002110 0.004255 0.007933 0.013814 0.022764 0.034621 0.049448 0.065310 0.081825 0.095338 0.102989 0.104878 0.098791 0.087335 0.071514 0.054907 0.039082 0.026476 0.016121 0.009279 0.005088 0.002476 0.001101 0.000505 0.000205 0.000069 0.000018 0.000006 0.000001 0.000001 0.000000 0.000000 0.000000 0.000000 0.000000 0.000000 0.000000 0.000000 
t: 0.012244897959 start: 41 end: 85 0.000002 0.000003 0.000013 0.000038 0.000134 0.000295 0.000729 0.001545 0.003172 0.006144 0.010932 0.018362 0.029154 0.042839 0.057858 0.074943 0.089730 0.100649 0.104717 0.102364 0.092862 0.079129 0.061875 0.045996 0.031706 0.020138 0.011872 0.006660 0.003360 0.001595 0.000742 0.000289 0.000108 0.000031 0.000011 0.000002 0.000001 0.000000 0.000000 0.000000 0.000000 0.000000 0.000000 0.000000 0.000000 
t: 0.012000000000 start: 41 end: 86 0.000001 0.000004 0.000005 0.000025 0.000088 0.000206 0.000506 0.001153 0.002375 0.004701 0.008579 0.014879 0.024411 0.036480 0.050935 0.067956 0.083766 0.096723 0.103877 0.104064 0.097722 0.085476 0.069419 0.052706 0.037310 0.024739 0.014985 0.008441 0.004614 0.002178 0.000994 0.000440 0.000173 0.000046 0.000017 0.000003 0.000002 0.000001 0.000000 0.000000 0.000000 0.000000 0.000000 0.000000 0.000000 0.000000 
t: 0.011764705882 start: 42 end: 86 0.000003 0.000002 0.000018 0.000060 0.000150 0.000346 0.000777 0.001782 0.003665 0.006746 0.011888 0.020037 0.031177 0.044540 0.060846 0.077543 0.091530 0.101729 0.104900 0.101387 0.091187 0.076447 0.059407 0.043639 0.029671 0.018303 0.010910 0.005969 0.002960 0.001378 0.000635 0.000257 0.000074 0.000029 0.000004 0.000002 0.000002 0.000000 0.000000 0.000000 0.000000 0.000000 0.000000 0.000000 0.000000 
t: 0.011538461538 start: 42 end: 86 0.000001 0.000001 0.000011 0.000035 0.000100 0.000224 0.000570 0.001297 0.002796 0.005229 0.009534 0.016377 0.026147 0.039068 0.054195 0.070848 0.085945 0.098022 0.105009 0.103844 0.095858 0.082767 0.066579 0.049583 0.035154 0.022329 0.013593 0.007703 0.003880 0.001890 0.000858 0.000378 0.000117 0.000042 0.000012 0.000002 0.000002 0.000000 0.000000 0.000000 0.000000 0.000000 0.000000 0.000000 0.000000 
t: 0.011320754717 start: 42 end: 86 0.000001 0.000001 0.000009 0.000026 0.000056 0.000172 0.000422 0.000893 0.002130 0.004087 0.007547 0.013441 0.021850 0.033610 0.048006 0.064132 0.080282 0.094166 0.102422 0.105431 0.100318 0.088428 0.073103 0.055813 0.040809 0.026962 0.016647 0.009640 0.005125 0.002516 0.001163 0.000517 0.000185 0.000066 0.000017 0.000004 0.000003 0.000000 0.000000 0.000000 0.000000 0.000000 0.000000 0.000000 0.000000 
t: 0.011111111111 start: 43 end: 86 0.000001 0.000007 0.000014 0.000043 0.000112 0.000288 0.000659 0.001579 0.003217 0.005909 0.010918 0.018221 0.028803 0.042136 0.057630 0.074197 0.089338 0.099771 0.105531 0.103174 0.093584 0.079404 0.062471 0.046396 0.031865 0.020280 0.011939 0.006488 0.003328 0.001592 0.000691 0.000276 0.000094 0.000034 0.000006 0.000004 0.000000 0.000000 0.000000 0.000000 0.000000 0.000000 0.000000 0.000000 
t: 0.010909090909 start: 44 end: 87 0.000006 0.000010 0.000026 0.000079 0.000193 0.000491 0.001153 0.002504 0.004677 0.008760 0.015120 0.024460 0.036769 0.051646 0.067852 0.084231 0.096523 0.104138 0.104953 0.097901 0.085194 0.069008 0.052342 0.037135 0.024013 0.014740 0.008196 0.004289 0.002079 0.000928 0.000393 0.000129 0.000046 0.000010 0.000005 0.000001 0.000000 0.000000 0.000000 0.000000 0.000000 0.000000 0.000000 0.000000 
t: 0.010714285714 start: 44 end: 87 0.000003 0.000009 0.000017 0.000053 0.000132 0.000330 0.000878 0.001964 0.003650 0.007094 0.012401 0.020775 0.031797 0.045978 0.061620 0.078685 0.092300 0.102373 0.105567 0.101221 0.090567 0.075078 0.058702 0.042250 0.028441 0.017770 0.010098 0.005448 0.002734 0.001242 0.000538 0.000197 0.000060 0.000020 0.000006 0.000002 0.000000 0.000000 0.000000 0.000000 0.000000 0.000000 0.000000 0.000000 
t: 0.010526315789 start: 44 end: 87 0.000001 0.000007 0.000014 0.000031 0.000098 0.000248 0.000608 0.001485 0.002880 0.005664 0.010264 0.017453 0.027314 0.040698 0.055961 0.072309 0.087612 0.099707 0.105391 0.104005 0.095102 0.081152 0.064384 0.047865 0.033127 0.021153 0.012342 0.006851 0.003482 0.001672 0.000708 0.000282 0.000091 0.000026 0.000009 0.000004 0.000000 0.000000 0.000000 0.000000 0.000000 0.000000 0.000000 0.000000 
t: 0.010344827586 start: 44 end: 87 0.000001 0.000004 0.000008 0.000028 0.000074 0.000173 0.000455 0.001093 0.002241 0.004505 0.008477 0.014558 0.023409 0.035756 0.050071 0.066856 0.082581 0.096098 0.104325 0.105197 0.098820 0.086838 0.070564 0.053418 0.037831 0.025136 0.015083 0.008307 0.004377 0.002172 0.000955 0.000386 0.000142 0.000043 0.000013 0.000005 0.000000 0.000000 0.000000 0.000000 0.000000 0.000000 0.000000 0.000000 
t: 0.010169491525 start: 45 end: 88 0.000004 0.000004 0.000022 0.000053 0.000126 0.000327 0.000829 0.001732 0.003643 0.006847 0.012001 0.020072 0.031324 0.044863 0.060950 0.077489 0.092136 0.102296 0.105894 0.101777 0.091666 0.076306 0.059125 0.042965 0.029013 0.018045 0.010166 0.005565 0.002694 0.001263 0.000528 0.000178 0.000071 0.000019 0.000006 0.000001 0.000000 0.000000 0.000000 0.000000 0.000000 0.000000 0.000000 0.000000 
t: 0.010000000000 start: 46 end: 88 0.000008 0.000014 0.000039 0.000091 0.000250 0.000633 0.001324 0.002864 0.005516 0.009970 0.017148 0.027329 0.039874 0.055352 0.072045 0.087805 0.099212 0.106012 0.104176 0.095691 0.081759 0.064781 0.048178 0.033429 0.021196 0.012293 0.006881 0.003409 0.001639 0.000677 0.000260 0.000109 0.000024 0.000011 0.000001 0.000000 0.000000 0.000000 0.000000 0.000000 0.000000 0.000000 0.000000 
t: 0.008448275866 start: 47 end: 90 0.000001 0.000000 0.000002 0.000006 0.000036 0.000076 0.000187 0.000469 0.001072 0.002249 0.004438 0.008406 0.014682 0.023827 0.036207 0.051420 0.068504 0.084861 0.098453 0.106152 0.106348 0.099530 0.086312 0.069535 0.051707 0.035953 0.022763 0.013348 0.007290 0.003525 0.001600 0.000680 0.000259 0.000076 0.000020 0.000005 0.000001 0.000000 0.000000 0.000000 0.000000 0.000000 0.000000 0.000000 
t: 0.007313432839 start: 50 end: 92 0.000001 0.000000 0.000005 0.000013 0.000031 0.000104 0.000240 0.000594 0.001348 0.002884 0.005386 0.009859 0.017474 0.028009 0.041704 0.058041 0.075697 0.091762 0.104531 0.108965 0.106545 0.096034 0.080182 0.062288 0.044467 0.028760 0.017435 0.009478 0.004665 0.002133 0.000924 0.000310 0.000100 0.000024 0.000005 0.000002 0.000000 0.000000 0.000000 0.000000 0.000000 0.000000 0.000000 
t: 0.006447368423 start: 54 end: 92 0.000002 0.000005 0.000019 0.000091 0.000208 0.000445 0.001124 0.002372 0.004765 0.008760 0.015632 0.025802 0.039141 0.055655 0.074052 0.091209 0.104225 0.112036 0.109647 0.098931 0.083095 0.064368 0.045421 0.029070 0.017219 0.009150 0.004513 0.002012 0.000687 0.000249 0.000070 0.000021 0.000004 0.000000 0.000000 0.000000 0.000000 0.000000 0.000000 
t: 0.005764705884 start: 55 end: 92 0.000002 0.000001 0.000013 0.000017 0.000075 0.000221 0.000499 0.001167 0.002556 0.005149 0.009629 0.016784 0.027728 0.042185 0.059785 0.078528 0.096086 0.109167 0.113949 0.110078 0.097308 0.079537 0.058879 0.040584 0.024586 0.013569 0.006990 0.003112 0.001235 0.000425 0.000117 0.000032 0.000005 0.000002 0.000000 0.000000 0.000000 0.000000 
t: 0.005212765959 start: 56 end: 92 0.000001 0.000001 0.000006 0.000014 0.000044 0.000104 0.000276 0.000683 0.001508 0.003332 0.006649 0.012229 0.020912 0.033882 0.050101 0.069657 0.088554 0.105740 0.114850 0.115373 0.106003 0.089795 0.069217 0.048785 0.030229 0.017017 0.008761 0.003989 0.001555 0.000552 0.000135 0.000038 0.000007 0.000001 0.000000 0.000000 0.000000 
t: 0.004757281555 start: 57 end: 92 0.000002 0.000000 0.000002 0.000013 0.000021 0.000066 0.000175 0.000451 0.001097 0.002427 0.005002 0.009685 0.017453 0.029038 0.044341 0.063760 0.084310 0.103352 0.115302 0.118774 0.111712 0.095892 0.075702 0.053008 0.033464 0.018987 0.009476 0.004135 0.001687 0.000503 0.000127 0.000031 0.000005 0.000000 0.000000 0.000000 
t: 0.004375000001 start: 58 end: 92 0.000001 0.000000 0.000004 0.000004 0.000019 0.000049 0.000119 0.000363 0.000942 0.002009 0.004210 0.008458 0.015615 0.026594 0.042164 0.061411 0.082768 0.102532 0.116400 0.121019 0.115000 0.099881 0.077724 0.054762 0.034103 0.018800 0.009169 0.003969 0.001406 0.000387 0.000091 0.000026 0.000001 0.000000 0.000000 
t: 0.004049586778 start: 60 end: 92 0.000002 0.000000 0.000006 0.000010 0.000045 0.000134 0.000322 0.000763 0.001897 0.004043 0.007989 0.015133 0.025955 0.042146 0.061951 0.083392 0.104477 0.118673 0.124002 0.116948 0.100362 0.076850 0.053348 0.032106 0.016857 0.008097 0.003138 0.001039 0.000242 0.000065 0.000006 0.000002 0.000000 
t: 0.003769230770 start: 62 end: 92 0.000003 0.000003 0.000012 0.000045 0.000127 0.000313 0.000829 0.001909 0.004005 0.008331 0.015701 0.027143 0.043894 0.065042 0.087613 0.107401 0.122705 0.126261 0.117383 0.097978 0.073554 0.048585 0.027813 0.014332 0.006030 0.002185 0.000637 0.000145 0.000019 0.000002 0.000000 
t: 0.003525179857 start: 63 end: 92 0.000001 0.000005 0.000024 0.000039 0.000155 0.000356 0.000906 0.002016 0.004538 0.009052 0.017093 0.030099 0.048126 0.069880 0.093261 0.113801 0.127159 0.127482 0.115373 0.093019 0.066683 0.041840 0.022787 0.010569 0.004061 0.001281 0.000336 0.000053 0.000004 0.000001 
t: 0.003310810811 start: 64 end: 92 0.000001 0.000007 0.000015 0.000063 0.000165 0.000430 0.001019 0.002489 0.005273 0.010592 0.019836 0.034652 0.053719 0.077720 0.101488 0.121114 0.131267 0.127119 0.110101 0.085296 0.057093 0.033719 0.016681 0.007008 0.002337 0.000665 0.000115 0.000015 0.000001 
t: 0.003121019109 start: 65 end: 92 0.000003 0.000005 0.000028 0.000072 0.000222 0.000486 0.001388 0.003065 0.006551 0.012962 0.023949 0.040498 0.062238 0.087616 0.111507 0.128750 0.133636 0.123937 0.102134 0.073642 0.046131 0.024738 0.010996 0.004014 0.001157 0.000235 0.000038 0.000002 
t: 0.002951807229 start: 66 end: 92 0.000003 0.000012 0.000036 0.000102 0.000276 0.000707 0.001829 0.003939 0.008468 0.016495 0.029869 0.048865 0.073171 0.099614 0.121995 0.135199 0.133233 0.116706 0.090299 0.060015 0.034075 0.016277 0.006338 0.001967 0.000433 0.000073 0.000004 
t: 0.002800000000 start: 67 end: 92 0.000007 0.000012 0.000057 0.000144 0.000390 0.001022 0.002399 0.005516 0.011297 0.021678 0.037738 0.059827 0.086908 0.112387 0.132187 0.138938 0.128421 0.105574 0.074472 0.044908 0.022670 0.009496 0.003086 0.000738 0.000118 0.000010 
t: 0.002663043479 start: 67 end: 92 0.000002 0.000005 0.000030 0.000076 0.000208 0.000597 0.001529 0.003463 0.007742 0.015581 0.028742 0.048266 0.074210 0.101418 0.126327 0.140059 0.137289 0.118977 0.089265 0.056638 0.030227 0.013301 0.004692 0.001141 0.000199 0.000016 
t: 0.002538860104 start: 68 end: 92 0.000004 0.000016 0.000033 0.000125 0.000341 0.000911 0.002265 0.005303 0.011069 0.021627 0.038581 0.062036 0.089973 0.118500 0.138116 0.142987 0.130129 0.103139 0.069367 0.038847 0.017972 0.006614 0.001689 0.000327 0.000029 
t: 0.002425742574 start: 68 end: 92 0.000002 0.000006 0.000023 0.000071 0.000214 0.000569 0.001432 0.003575 0.007914 0.016285 0.030395 0.051286 0.078851 0.108822 0.134195 0.145300 0.139067 0.115956 0.082087 0.048407 0.023560 0.008963 0.002497 0.000478 0.000045 
t: 0.002322274882 start: 68 end: 92 0.000002 0.000003 0.000012 0.000041 0.000122 0.000362 0.000974 0.002425 0.005653 0.012194 0.023925 0.042145 0.068204 0.098244 0.127513 0.145400 0.145865 0.127276 0.094760 0.058838 0.029792 0.012065 0.003451 0.000664 0.000070 
t: 0.002227272727 start: 68 end: 92 0.000001 0.000003 0.000007 0.000023 0.000071 0.000228 0.000630 0.001652 0.004067 0.008996 0.018686 0.034484 0.058473 0.088099 0.119637 0.142775 0.150341 0.137283 0.106860 0.069589 0.036833 0.015523 0.004689 0.000946 0.000104 
t: 0.002139737991 start: 68 end: 92 0.000001 0.000002 0.000003 0.000015 0.000045 0.000138 0.000417 0.001121 0.002876 0.006770 0.014429 0.028100 0.049794 0.078186 0.110902 0.139119 0.152241 0.145182 0.118453 0.080626 0.044336 0.019572 0.006208 0.001325 0.000139 
t: 0.002058823530 start: 70 end: 92 0.000002 0.000013 0.000025 0.000093 0.000273 0.000794 0.002077 0.005006 0.011145 0.022801 0.042058 0.069242 0.101915 0.133411 0.152375 0.151495 0.129064 0.091524 0.052656 0.024036 0.008010 0.001789 0.000196 
t: 0.001983805668 start: 71 end: 92 0.000006 0.000017 0.000058 0.000185 0.000529 0.001522 0.003676 0.008705 0.018410 0.035488 0.060626 0.093037 0.126861 0.150931 0.156219 0.138309 0.102235 0.061552 0.029003 0.010081 0.002276 0.000274 
t: 0.001914062500 start: 71 end: 92 0.000002 0.000011 0.000042 0.000131 0.000375 0.001105 0.002738 0.006702 0.014985 0.029763 0.052853 0.084350 0.119513 0.148393 0.159028 0.146567 0.112668 0.070338 0.034682 0.012531 0.002850 0.000373 
t: 0.001849056604 start: 72 end: 92 0.000009 0.000023 0.000081 0.000264 0.000804 0.002036 0.005294 0.011976 0.025023 0.046074 0.076036 0.111547 0.144703 0.160658 0.153453 0.122305 0.079870 0.040518 0.015250 0.003601 0.000475 
t: 0.001788321168 start: 72 end: 92 0.000004 0.000015 0.000069 0.000178 0.000580 0.001541 0.004169 0.009625 0.020833 0.039914 0.068444 0.103673 0.139721 0.161425 0.159143 0.131444 0.088895 0.046989 0.018205 0.004526 0.000607 
t: 0.001731448763 start: 72 end: 92 0.000004 0.000010 0.000049 0.000122 0.000429 0.001159 0.003258 0.007756 0.017402 0.034568 0.060986 0.096372 0.133804 0.160502 0.163681 0.140217 0.098212 0.053591 0.021568 0.005571 0.000739 
t: 0.001678082192 start: 72 end: 92 0.000002 0.000007 0.000032 0.000090 0.000335 0.000861 0.002476 0.006308 0.014545 0.029951 0.054196 0.088932 0.127815 0.158399 0.167424 0.148138 0.107038 0.060559 0.025193 0.006761 0.000938 
t: 0.001627906977 start: 72 end: 92 0.000002 0.000004 0.000026 0.000063 0.000257 0.000667 0.001903 0.005069 0.012247 0.025588 0.048416 0.081700 0.121726 0.155359 0.169573 0.155589 0.115773 0.067687 0.029114 0.008076 0.001161 
t: 0.001580645161 start: 72 end: 92 0.000001 0.000003 0.000016 0.000049 0.000185 0.000530 0.001498 0.004050 0.010213 0.022043 0.043203 0.074794 0.114878 0.151896 0.171145 0.161813 0.124439 0.075080 0.033263 0.009492 0.001409 
t: 0.001536050157 start: 72 end: 92 0.000001 0.000002 0.000007 0.000042 0.000136 0.000407 0.001182 0.003292 0.008501 0.018885 0.038363 0.068460 0.108498 0.147714 0.171552 0.167436 0.132663 0.082524 0.037506 0.011154 0.001675 
t: 0.001493902439 start: 72 end: 92 0.000001 0.000001 0.000004 0.000027 0.000106 0.000326 0.000929 0.002678 0.007073 0.016363 0.033903 0.062496 0.102001 0.143306 0.171148 0.171988 0.140589 0.089923 0.042245 0.012881 0.002012 
t: 0.001454005935 start: 73 end: 92 0.000002 0.000003 0.000017 0.000072 0.000275 0.000732 0.002181 0.005960 0.013969 0.029993 0.057159 0.095665 0.138197 0.170276 0.175906 0.147989 0.097384 0.047100 0.014788 0.002332 
t: 0.001416184971 start: 73 end: 92 0.000001 0.000002 0.000015 0.000049 0.000202 0.000602 0.001751 0.004960 0.012187 0.026441 0.051993 0.089500 0.133096 0.168618 0.179140 0.154760 0.104984 0.052102 0.016904 0.002693 
t: 0.001380281690 start: 73 end: 92 0.000001 0.000002 0.000013 0.000038 0.000158 0.000488 0.001416 0.004115 0.010541 0.023448 0.047266 0.083260 0.128080 0.166313 0.181769 0.161254 0.112293 0.057316 0.019115 0.003114 
t: 0.001346153846 start: 73 end: 92 0.000001 0.000002 0.000008 0.000036 0.000118 0.000382 0.001142 0.003446 0.009033 0.020810 0.042902 0.077540 0.122817 0.163574 0.183145 0.167517 0.119894 0.062617 0.021409 0.003607 
t: 0.001313672922 start: 73 end: 92 0.000001 0.000002 0.000006 0.000029 0.000080 0.000308 0.000953 0.002857 0.007819 0.018399 0.039049 0.071962 0.117501 0.160323 0.184478 0.173044 0.127138 0.068047 0.023897 0.004107 
t: 0.001282722513 start: 74 end: 92 0.000003 0.000005 0.000025 0.000062 0.000248 0.000803 0.002363 0.006675 0.016366 0.035459 0.066981 0.111847 0.157047 0.185069 0.178122 0.134079 0.073596 0.026631 0.004619 
t: 0.001253196931 start: 74 end: 92 0.000001 0.000004 0.000019 0.000052 0.000197 0.000649 0.002015 0.005767 0.014323 0.032240 0.062084 0.106562 0.153824 0.184778 0.182773 0.140747 0.079363 0.029339 0.005263 
t: 0.001225000000 start: 74 end: 92 0.000001 0.000003 0.000017 0.000040 0.000162 0.000539 0.001661 0.004948 0.012766 0.029072 0.057802 0.101255 0.149703 0.184554 0.186836 0.147384 0.085153 0.032211 0.005893 
t: 0.001198044010 start: 74 end: 92 0.000001 0.000003 0.000011 0.000038 0.000126 0.000442 0.001442 0.004178 0.011315 0.026343 0.053478 0.096183 0.145899 0.183800 0.190137 0.153859 0.090866 0.035306 0.006573 
t: 0.001172248804 start: 75 end: 92 0.000004 0.000007 0.000029 0.000103 0.000370 0.001185 0.003633 0.009998 0.024007 0.049443 0.091269 0.141575 0.182641 0.193422 0.159965 0.096622 0.038401 0.007326 
t: 0.001147540984 start: 75 end: 92 0.000003 0.000005 0.000029 0.000069 0.000327 0.000999 0.003166 0.008814 0.021748 0.045863 0.086494 0.137401 0.180861 0.196230 0.165728 0.102373 0.041768 0.008122 
t: 0.001123853211 start: 75 end: 92 0.000002 0.000004 0.000024 0.000055 0.000282 0.000851 0.002725 0.007893 0.019521 0.042448 0.082137 0.132812 0.179146 0.198456 0.171346 0.108148 0.045188 0.008962 
t: 0.001101123596 start: 75 end: 92 0.000002 0.000003 0.000017 0.000045 0.000221 0.000733 0.002371 0.007004 0.017671 0.039479 0.077529 0.128324 0.177169 0.200247 0.176665 0.114168 0.048500 0.009852 
t: 0.001079295154 start: 75 end: 92 0.000002 0.000000 0.000016 0.000037 0.000181 0.000615 0.002070 0.006174 0.016036 0.036587 0.073337 0.123929 0.174931 0.201314 0.181976 0.120105 0.051842 0.010848 
t: 0.001058315335 start: 75 end: 92 0.000002 0.000000 0.000012 0.000029 0.000161 0.000516 0.001829 0.005421 0.014613 0.033821 0.069166 0.119618 0.172422 0.202574 0.186676 0.125895 0.055408 0.011837 
t: 0.001038135593 start: 76 end: 92 0.000001 0.000011 0.000028 0.000124 0.000464 0.001564 0.004872 0.013238 0.031321 0.065296 0.115409 0.169920 0.203039 0.191126 0.131588 0.059106 0.012893 
t: 0.001018711019 start: 77 end: 92 0.000010 0.000023 0.000110 0.000414 0.001317 0.004310 0.012061 0.029048 0.061536 0.111120 0.167158 0.203382 0.195613 0.137009 0.062908 0.013981 
t: 0.001000000000 start: 77 end: 92 0.000007 0.000022 0.000093 0.000366 0.001138 0.003850 0.011025 0.026701 0.058292 0.106773 0.164284 0.203385 0.199673 0.142472 0.066717 0.015202 
