t: 0.059999999999 start: 12 end: 48 0.000001 0.000007 0.000051 0.000195 0.000729 0.002347 0.006427 0.015307 0.030987 0.054819 0.084840 0.112948 0.134045 0.140098 0.128674 0.106221 0.077067 0.049898 0.029023 0.014952 0.006956 0.002890 0.001044 0.000321 0.000116 0.000027 0.000007 0.000001 0.000002 0.000000 0.000000 0.000000 0.000000 0.000000 0.000000 0.000000 0.000000 
t: 0.054545454544 start: 13 end: 50 0.000001 0.000003 0.000021 0.000093 0.000426 0.001338 0.003699 0.009387 0.020152 0.038421 0.062580 0.090899 0.116702 0.132488 0.134211 0.121536 0.097907 0.071513 0.046220 0.027078 0.014114 0.006811 0.002792 0.001025 0.000417 0.000120 0.000028 0.000011 0.000006 0.000001 0.000000 0.000000 0.000000 0.000000 0.000000 0.000000 0.000000 0.000000 
t: 0.049999999999 start: 15 end: 52 0.000002 0.000012 0.000073 0.000230 0.000788 0.002380 0.005971 0.013732 0.027250 0.046739 0.072266 0.097988 0.120623 0.131259 0.128111 0.112348 0.089198 0.063590 0.041049 0.023753 0.012614 0.005969 0.002507 0.001040 0.000348 0.000106 0.000041 0.000008 0.000002 0.000003 0.000000 0.000000 0.000000 0.000000 0.000000 0.000000 0.000000 0.000000 
t: 0.046153846153 start: 17 end: 54 0.000012 0.000034 0.000158 0.000550 0.001584 0.004099 0.009803 0.019654 0.035686 0.057413 0.082474 0.106296 0.123696 0.128646 0.120362 0.102252 0.078965 0.054814 0.034803 0.019977 0.010397 0.005013 0.002132 0.000740 0.000297 0.000099 0.000029 0.000010 0.000003 0.000002 0.000000 0.000000 0.000000 0.000000 0.000000 0.000000 0.000000 0.000000 
t: 0.042857142857 start: 17 end: 56 0.000001 0.000004 0.000025 0.000120 0.000378 0.001098 0.003081 0.007284 0.014784 0.027905 0.046454 0.069954 0.093645 0.113385 0.124997 0.123625 0.111226 0.090761 0.067159 0.045633 0.028115 0.015901 0.008160 0.003778 0.001588 0.000593 0.000240 0.000073 0.000025 0.000006 0.000001 0.000001 0.000000 0.000000 0.000000 0.000000 0.000000 0.000000 0.000000 0.000000 
t: 0.040000000000 start: 19 end: 57 0.000001 0.000024 0.000078 0.000286 0.000873 0.002409 0.005551 0.011703 0.022435 0.038577 0.059638 0.082487 0.103614 0.118828 0.123614 0.116214 0.099652 0.078014 0.055369 0.036479 0.021688 0.012013 0.005968 0.002652 0.001160 0.000431 0.000169 0.000050 0.000016 0.000005 0.000002 0.000000 0.000000 0.000000 0.000000 0.000000 0.000000 0.000000 0.000000 
t: 0.037500000000 start: 20 end: 59 0.000005 0.000017 0.000058 0.000234 0.000715 0.001880 0.004442 0.009677 0.018586 0.032941 0.051686 0.073852 0.094948 0.112789 0.120634 0.118032 0.105554 0.086023 0.064663 0.043830 0.027823 0.016004 0.008539 0.004079 0.001840 0.000715 0.000287 0.000104 0.000032 0.000009 0.000001 0.000001 0.000000 0.000000 0.000000 0.000000 0.000000 0.000000 0.000000 0.000000 
t: 0.035294117647 start: 20 end: 59 0.000002 0.000002 0.000020 0.000042 0.000208 0.000597 0.001571 0.003809 0.008116 0.016120 0.028542 0.045905 0.066544 0.088057 0.106279 0.117563 0.118275 0.108939 0.092327 0.071176 0.051069 0.033422 0.020237 0.011014 0.005686 0.002627 0.001148 0.000467 0.000150 0.000059 0.000023 0.000004 0.000000 0.000000 0.000000 0.000000 0.000000 0.000000 0.000000 0.000000 
t: 0.033333333333 start: 22 end: 61 0.000002 0.000014 0.000046 0.000174 0.000498 0.001402 0.003427 0.007231 0.014374 0.025727 0.041614 0.060799 0.081879 0.101036 0.113585 0.117467 0.110750 0.096680 0.077128 0.056787 0.038155 0.023766 0.013976 0.007277 0.003540 0.001610 0.000650 0.000280 0.000077 0.000036 0.000009 0.000004 0.000000 0.000000 0.000000 0.000000 0.000000 0.000000 0.000000 0.000000 
t: 0.031578947368 start: 23 end: 63 0.000007 0.000008 0.000050 0.000154 0.000487 0.001264 0.002976 0.006770 0.013191 0.023650 0.038358 0.056843 0.077228 0.096388 0.110853 0.115273 0.111971 0.099289 0.081224 0.060844 0.042702 0.027373 0.016250 0.008769 0.004566 0.002020 0.000891 0.000381 0.000156 0.000037 0.000018 0.000007 0.000002 0.000000 0.000000 0.000000 0.000000 0.000000 0.000000 0.000000 0.000000 
t: 0.030000000000 start: 23 end: 65 0.000001 0.000003 0.000013 0.000048 0.000135 0.000474 0.001274 0.002872 0.006484 0.012300 0.022182 0.036179 0.053705 0.074120 0.093196 0.107160 0.114208 0.112150 0.100404 0.083706 0.065032 0.045909 0.030129 0.018381 0.010153 0.005272 0.002620 0.001154 0.000456 0.000199 0.000052 0.000020 0.000006 0.000002 0.000001 0.000000 0.000000 0.000000 0.000000 0.000000 0.000000 0.000000 0.000000 
t: 0.028571428571 start: 24 end: 66 0.000001 0.000002 0.000018 0.000050 0.000146 0.000486 0.001239 0.002901 0.006113 0.011979 0.021511 0.034644 0.052253 0.071750 0.090256 0.104820 0.112627 0.111420 0.101338 0.085854 0.067271 0.048430 0.032275 0.019902 0.011433 0.006038 0.002911 0.001398 0.000594 0.000221 0.000088 0.000020 0.000009 0.000001 0.000001 0.000000 0.000000 0.000000 0.000000 0.000000 0.000000 0.000000 0.000000 
t: 0.027272727273 start: 26 end: 67 0.000004 0.000018 0.000058 0.000165 0.000486 0.001259 0.002964 0.006117 0.011885 0.021187 0.034316 0.051177 0.069823 0.088834 0.102971 0.111577 0.110574 0.101701 0.086733 0.068119 0.049966 0.033852 0.021303 0.012354 0.006624 0.003323 0.001513 0.000690 0.000262 0.000102 0.000027 0.000011 0.000003 0.000002 0.000000 0.000000 0.000000 0.000000 0.000000 0.000000 0.000000 0.000000 
t: 0.026086956522 start: 26 end: 67 0.000001 0.000005 0.000033 0.000064 0.000201 0.000524 0.001329 0.002948 0.006361 0.012123 0.021252 0.034104 0.051157 0.069414 0.087038 0.102570 0.110054 0.109979 0.101665 0.086803 0.068815 0.050541 0.034694 0.022127 0.012734 0.007067 0.003569 0.001645 0.000713 0.000301 0.000117 0.000033 0.000012 0.000007 0.000000 0.000000 0.000000 0.000000 0.000000 0.000000 0.000000 0.000000 
t: 0.025000000000 start: 27 end: 69 0.000002 0.000012 0.000027 0.000070 0.000202 0.000606 0.001481 0.003213 0.006636 0.012535 0.021719 0.034647 0.051024 0.069848 0.087464 0.101114 0.109333 0.109341 0.100660 0.086318 0.068915 0.050733 0.034893 0.022277 0.013004 0.007272 0.003679 0.001727 0.000767 0.000294 0.000120 0.000046 0.000016 0.000004 0.000001 0.000000 0.000000 0.000000 0.000000 0.000000 0.000000 0.000000 0.000000 
t: 0.024000000000 start: 28 end: 70 0.000003 0.000013 0.000031 0.000084 0.000259 0.000676 0.001584 0.003511 0.007128 0.013189 0.022703 0.035604 0.052340 0.070517 0.087547 0.101321 0.108239 0.108428 0.099722 0.085222 0.068017 0.050449 0.034468 0.022084 0.012869 0.007264 0.003732 0.001715 0.000765 0.000326 0.000127 0.000040 0.000019 0.000002 0.000002 0.000000 0.000000 0.000000 0.000000 0.000000 0.000000 0.000000 0.000000 
t: 0.023076923077 start: 28 end: 71 0.000001 0.000007 0.000016 0.000036 0.000098 0.000302 0.000802 0.001828 0.003867 0.007695 0.014145 0.023899 0.037211 0.053641 0.072015 0.088445 0.101808 0.108370 0.106677 0.098271 0.083932 0.066524 0.048864 0.033794 0.021492 0.012622 0.006933 0.003712 0.001717 0.000766 0.000332 0.000116 0.000042 0.000014 0.000005 0.000001 0.000000 0.000000 0.000000 0.000000 0.000000 0.000000 0.000000 0.000000 
t: 0.022222222222 start: 29 end: 73 0.000003 0.000006 0.000015 0.000036 0.000146 0.000367 0.000951 0.002100 0.004330 0.008647 0.015184 0.025704 0.039187 0.055925 0.073578 0.090024 0.102163 0.107700 0.105867 0.096575 0.081804 0.064422 0.047507 0.032140 0.020472 0.012104 0.006665 0.003515 0.001684 0.000694 0.000318 0.000103 0.000046 0.000013 0.000003 0.000001 0.000001 0.000000 0.000000 0.000000 0.000000 0.000000 0.000000 0.000000 0.000000 
t: 0.021428571428 start: 30 end: 74 0.000001 0.000006 0.000012 0.000072 0.000174 0.000501 0.001061 0.002424 0.005043 0.009742 0.016754 0.027738 0.041634 0.058436 0.076093 0.091721 0.102685 0.107701 0.104438 0.094448 0.078762 0.062174 0.045097 0.030422 0.019486 0.011322 0.006170 0.003266 0.001487 0.000694 0.000266 0.000113 0.000036 0.000016 0.000001 0.000003 0.000001 0.000000 0.000000 0.000000 0.000000 0.000000 0.000000 0.000000 0.000000 
t: 0.020689655172 start: 30 end: 73 0.000001 0.000000 0.000004 0.000030 0.000077 0.000226 0.000567 0.001351 0.002902 0.005865 0.010800 0.018875 0.030011 0.044486 0.061822 0.078975 0.093292 0.104085 0.107025 0.102805 0.091236 0.076421 0.058829 0.042336 0.028550 0.017895 0.010450 0.005786 0.002897 0.001397 0.000591 0.000258 0.000103 0.000032 0.000016 0.000002 0.000002 0.000000 0.000000 0.000000 0.000000 0.000000 0.000000 0.000000 
t: 0.020000000000 start: 32 end: 75 0.000003 0.000014 0.000027 0.000115 0.000284 0.000691 0.001595 0.003573 0.006804 0.012692 0.021016 0.032860 0.048214 0.065266 0.081670 0.095953 0.105009 0.105972 0.100426 0.088470 0.072730 0.055501 0.039333 0.026462 0.016252 0.009341 0.005093 0.002532 0.001197 0.000550 0.000218 0.000096 0.000024 0.000014 0.000002 0.000001 0.000000 0.000000 0.000000 0.000000 0.000000 0.000000 0.000000 0.000000 
t: 0.019354838710 start: 32 end: 76 0.000001 0.000003 0.000017 0.000044 0.000146 0.000378 0.000895 0.001989 0.004262 0.008226 0.014313 0.023608 0.036465 0.052162 0.069303 0.084988 0.098238 0.105330 0.105046 0.097815 0.084936 0.068637 0.051767 0.036474 0.023723 0.014583 0.008274 0.004408 0.002184 0.001033 0.000462 0.000190 0.000064 0.000028 0.000006 0.000001 0.000001 0.000000 0.000000 0.000000 0.000000 0.000000 0.000000 0.000000 0.000000 
t: 0.018750000000 start: 33 end: 76 0.000001 0.000006 0.000024 0.000058 0.000207 0.000469 0.001183 0.002622 0.005148 0.009516 0.016712 0.026956 0.040308 0.056530 0.072953 0.089014 0.100327 0.105574 0.103329 0.094871 0.080789 0.064397 0.047602 0.032868 0.021612 0.012661 0.007121 0.003828 0.001822 0.000880 0.000366 0.000157 0.000061 0.000021 0.000004 0.000003 0.000000 0.000000 0.000000 0.000000 0.000000 0.000000 0.000000 0.000000 
t: 0.018181818182 start: 34 end: 78 0.000003 0.000011 0.000026 0.000107 0.000248 0.000649 0.001607 0.003176 0.006289 0.011432 0.019376 0.030613 0.044834 0.061106 0.077756 0.092646 0.101679 0.105419 0.101477 0.091240 0.075973 0.059608 0.043236 0.029908 0.018596 0.010989 0.006072 0.003226 0.001506 0.000711 0.000298 0.000126 0.000044 0.000006 0.000005 0.000001 0.000001 0.000000 0.000000 0.000000 0.000000 0.000000 0.000000 0.000000 0.000000 
t: 0.017647058823 start: 34 end: 78 0.000001 0.000005 0.000014 0.000053 0.000138 0.000346 0.000929 0.001943 0.004056 0.007648 0.013634 0.022652 0.034803 0.049898 0.065929 0.082665 0.095656 0.103231 0.104599 0.098975 0.086436 0.071083 0.054565 0.039483 0.025903 0.016155 0.009280 0.005132 0.002607 0.001267 0.000548 0.000229 0.000096 0.000032 0.000005 0.000002 0.000002 0.000000 0.000000 0.000000 0.000000 0.000000 0.000000 0.000000 0.000000 
t: 0.017142857143 start: 35 end: 78 0.000003 0.000007 0.000018 0.000072 0.000204 0.000509 0.001240 0.002536 0.005172 0.009594 0.016028 0.026386 0.039526 0.055093 0.071830 0.087050 0.098566 0.104708 0.102819 0.095134 0.081645 0.065787 0.049540 0.034755 0.022379 0.013703 0.007834 0.004182 0.002012 0.000984 0.000418 0.000166 0.000077 0.000012 0.000006 0.000005 0.000000 0.000000 0.000000 0.000000 0.000000 0.000000 0.000000 0.000000 
t: 0.016666666667 start: 36 end: 79 0.000003 0.000011 0.000035 0.000112 0.000309 0.000738 0.001614 0.003363 0.006472 0.011617 0.019585 0.030536 0.044688 0.060854 0.077412 0.091265 0.101493 0.104345 0.100604 0.090811 0.076347 0.060254 0.044212 0.029948 0.019419 0.011462 0.006378 0.003276 0.001581 0.000741 0.000311 0.000137 0.000043 0.000015 0.000006 0.000003 0.000000 0.000000 0.000000 0.000000 0.000000 0.000000 0.000000 0.000000 
t: 0.016216216216 start: 36 end: 81 0.000002 0.000002 0.000022 0.000058 0.000175 0.000429 0.001016 0.002187 0.004455 0.008097 0.014330 0.023091 0.035577 0.050728 0.066873 0.082686 0.095668 0.102922 0.103869 0.097396 0.085681 0.070590 0.054227 0.038649 0.025887 0.016296 0.009426 0.004978 0.002587 0.001212 0.000517 0.000216 0.000107 0.000030 0.000007 0.000004 0.000002 0.000001 0.000000 0.000000 0.000000 0.000000 0.000000 0.000000 0.000000 0.000000 
t: 0.015789473684 start: 37 end: 81 0.000001 0.000013 0.000030 0.000095 0.000251 0.000625 0.001433 0.002915 0.005720 0.010170 0.017545 0.027543 0.041282 0.056617 0.073447 0.088165 0.099055 0.103944 0.101996 0.093215 0.079876 0.064461 0.048050 0.033430 0.021973 0.013403 0.007391 0.003886 0.001963 0.000887 0.000370 0.000155 0.000066 0.000016 0.000004 0.000006 0.000001 0.000000 0.000000 0.000000 0.000000 0.000000 0.000000 0.000000 0.000000 
t: 0.015384615385 start: 38 end: 81 0.000003 0.000017 0.000061 0.000142 0.000374 0.000892 0.001970 0.003877 0.007314 0.012863 0.021434 0.032686 0.047433 0.063492 0.079372 0.093459 0.101660 0.103575 0.098923 0.088668 0.073576 0.057636 0.041886 0.028614 0.018130 0.010638 0.005762 0.003071 0.001396 0.000662 0.000249 0.000116 0.000031 0.000006 0.000010 0.000002 0.000000 0.000000 0.000000 0.000000 0.000000 0.000000 0.000000 0.000000 
t: 0.015000000000 start: 39 end: 83 0.000010 0.000037 0.000082 0.000236 0.000549 0.001264 0.002703 0.005228 0.009269 0.016165 0.025943 0.038637 0.054147 0.070148 0.085618 0.097655 0.103121 0.102299 0.095190 0.082898 0.066853 0.050790 0.036003 0.023881 0.014618 0.008190 0.004508 0.002232 0.000989 0.000442 0.000182 0.000074 0.000025 0.000010 0.000002 0.000001 0.000001 0.000000 0.000000 0.000000 0.000000 0.000000 0.000000 0.000000 0.000000 
t: 0.014634146341 start: 39 end: 83 0.000003 0.000018 0.000054 0.000141 0.000333 0.000842 0.001837 0.003646 0.006864 0.012117 0.020107 0.031167 0.045062 0.060982 0.077507 0.091473 0.100749 0.103120 0.099955 0.090571 0.075740 0.059993 0.043892 0.030489 0.019426 0.011333 0.006415 0.003352 0.001611 0.000723 0.000299 0.000111 0.000045 0.000016 0.000004 0.000002 0.000001 0.000000 0.000000 0.000000 0.000000 0.000000 0.000000 0.000000 0.000000 
t: 0.014285714286 start: 39 end: 84 0.000001 0.000007 0.000029 0.000088 0.000221 0.000534 0.001221 0.002554 0.004864 0.008967 0.015599 0.024781 0.037191 0.052055 0.068908 0.083836 0.096373 0.102228 0.103100 0.096371 0.083881 0.068669 0.052503 0.037758 0.024999 0.015283 0.008787 0.004782 0.002471 0.001127 0.000493 0.000208 0.000074 0.000021 0.000010 0.000004 0.000001 0.000001 0.000000 0.000000 0.000000 0.000000 0.000000 0.000000 0.000000 0.000000 
t: 0.013953488372 start: 40 end: 84 0.000006 0.000016 0.000048 0.000145 0.000356 0.000763 0.001830 0.003520 0.006498 0.011854 0.019588 0.030415 0.043984 0.059759 0.075786 0.090350 0.100056 0.103642 0.100156 0.091100 0.077023 0.061330 0.045168 0.031445 0.019989 0.011876 0.006813 0.003490 0.001692 0.000784 0.000331 0.000125 0.000032 0.000021 0.000007 0.000001 0.000001 0.000000 0.000000 0.000000 0.000000 0.000000 0.000000 0.000000 0.000000 
t: 0.013636363636 start: 40 end: 84 0.000001 0.000014 0.000018 0.000104 0.000231 0.000484 0.001206 0.002525 0.004794 0.008870 0.015243 0.024426 0.036843 0.051383 0.067533 0.083269 0.095461 0.102983 0.102475 0.096356 0.084770 0.069502 0.053414 0.038376 0.025277 0.015777 0.009180 0.004958 0.002479 0.001218 0.000533 0.000181 0.000073 0.000029 0.000010 0.000003 0.000001 0.000000 0.000000 0.000000 0.000000 0.000000 0.000000 0.000000 0.000000 
t: 0.013333333333 start: 41 end: 84 0.000006 0.000016 0.000051 0.000147 0.000335 0.000817 0.001750 0.003498 0.006602 0.011809 0.019563 0.030389 0.043398 0.059445 0.075776 0.089874 0.099977 0.103125 0.100796 0.091041 0.077450 0.061361 0.045594 0.031315 0.020356 0.012159 0.006746 0.003571 0.001720 0.000801 0.000312 0.000125 0.000046 0.000022 0.000006 0.000000 0.000001 0.000000 0.000000 0.000000 0.000000 0.000000 0.000000 0.000000 
t: 0.013043478261 start: 41 end: 84 0.000002 0.000010 0.000026 0.000100 0.000230 0.000529 0.001226 0.002497 0.004901 0.009046 0.015494 0.024733 0.036688 0.051578 0.067809 0.083251 0.095714 0.102265 0.102948 0.096383 0.084453 0.069574 0.053250 0.037712 0.025428 0.015691 0.009127 0.004890 0.002456 0.001199 0.000478 0.000194 0.000079 0.000029 0.000009 0.000000 0.000001 0.000000 0.000000 0.000000 0.000000 0.000000 0.000000 0.000000 
t: 0.012765957447 start: 41 end: 85 0.000001 0.000006 0.000023 0.000048 0.000148 0.000370 0.000834 0.001807 0.003620 0.006847 0.012142 0.019916 0.030659 0.044476 0.059983 0.076193 0.090287 0.099656 0.103385 0.100682 0.090528 0.076696 0.060948 0.044781 0.031099 0.020007 0.011930 0.006650 0.003411 0.001652 0.000736 0.000306 0.000114 0.000041 0.000014 0.000003 0.000001 0.000000 0.000000 0.000000 0.000000 0.000000 0.000000 0.000000 0.000000 
t: 0.012500000000 start: 41 end: 85 0.000001 0.000003 0.000018 0.000027 0.000080 0.000253 0.000598 0.001252 0.002618 0.005185 0.009425 0.016060 0.025375 0.037701 0.052410 0.068820 0.084182 0.096265 0.102455 0.102970 0.095675 0.083627 0.068355 0.051895 0.037327 0.024441 0.015385 0.008809 0.004666 0.002339 0.001060 0.000452 0.000171 0.000070 0.000020 0.000006 0.000004 0.000000 0.000000 0.000000 0.000000 0.000000 0.000000 0.000000 0.000000 
t: 0.012244897959 start: 41 end: 86 0.000001 0.000003 0.000009 0.000021 0.000048 0.000152 0.000430 0.000885 0.001969 0.003772 0.007211 0.012841 0.020753 0.031860 0.045544 0.061787 0.077203 0.091461 0.100447 0.103445 0.099894 0.089511 0.075338 0.059310 0.043812 0.029785 0.019015 0.011349 0.006254 0.003289 0.001538 0.000653 0.000267 0.000093 0.000034 0.000009 0.000006 0.000001 0.000000 0.000000 0.000000 0.000000 0.000000 0.000000 0.000000 0.000000 
t: 0.012000000000 start: 41 end: 85 0.000001 0.000000 0.000007 0.000014 0.000036 0.000098 0.000278 0.000636 0.001385 0.002887 0.005500 0.010023 0.016970 0.026425 0.039323 0.054812 0.070431 0.085579 0.097072 0.103358 0.102345 0.094441 0.082155 0.066419 0.050312 0.035456 0.023424 0.014327 0.008184 0.004388 0.002179 0.000917 0.000392 0.000143 0.000059 0.000014 0.000008 0.000002 0.000000 0.000000 0.000000 0.000000 0.000000 0.000000 0.000000 
t: 0.011764705882 start: 41 end: 86 0.000001 0.000000 0.000006 0.000009 0.000025 0.000066 0.000175 0.000462 0.001018 0.002120 0.004197 0.007798 0.013679 0.021977 0.033524 0.048130 0.063566 0.079044 0.093085 0.101346 0.103885 0.098354 0.087911 0.073716 0.057322 0.041165 0.028404 0.017669 0.010407 0.005765 0.002940 0.001333 0.000547 0.000216 0.000093 0.000031 0.000009 0.000004 0.000001 0.000000 0.000000 0.000000 0.000000 0.000000 0.000000 0.000000 
t: 0.011538461538 start: 42 end: 88 0.000001 0.000002 0.000007 0.000018 0.000042 0.000121 0.000315 0.000781 0.001488 0.003254 0.006122 0.010854 0.018236 0.028062 0.041925 0.056841 0.072761 0.087637 0.098539 0.103926 0.101618 0.092911 0.079811 0.064701 0.047104 0.033704 0.021597 0.013224 0.007312 0.003878 0.001909 0.000788 0.000314 0.000126 0.000044 0.000019 0.000006 0.000001 0.000001 0.000000 0.000000 0.000000 0.000000 0.000000 0.000000 0.000000 0.000000 
t: 0.011320754717 start: 42 end: 87 0.000001 0.000000 0.000003 0.000011 0.000034 0.000082 0.000215 0.000573 0.001111 0.002418 0.004761 0.008675 0.014923 0.023841 0.035757 0.050445 0.066227 0.082330 0.094515 0.102398 0.103729 0.096962 0.085577 0.071346 0.053961 0.038975 0.025938 0.016406 0.009273 0.005088 0.002548 0.001127 0.000449 0.000194 0.000072 0.000022 0.000009 0.000003 0.000001 0.000000 0.000000 0.000000 0.000000 0.000000 0.000000 0.000000 
t: 0.011111111111 start: 42 end: 86 0.000001 0.000000 0.000000 0.000008 0.000015 0.000067 0.000151 0.000389 0.000865 0.001817 0.003675 0.006792 0.012185 0.019980 0.030672 0.044281 0.059993 0.076220 0.090115 0.099987 0.104202 0.100069 0.090755 0.077628 0.060744 0.044838 0.030693 0.019728 0.011558 0.006585 0.003333 0.001566 0.000669 0.000267 0.000103 0.000033 0.000010 0.000005 0.000001 0.000000 0.000000 0.000000 0.000000 0.000000 0.000000 
t: 0.010909090909 start: 42 end: 87 0.000001 0.000000 0.000000 0.000006 0.000010 0.000040 0.000111 0.000273 0.000646 0.001344 0.002868 0.005327 0.009981 0.016479 0.026230 0.038579 0.053789 0.070100 0.085133 0.096664 0.103635 0.102371 0.095306 0.083135 0.067305 0.050613 0.035891 0.023751 0.014231 0.008218 0.004389 0.002036 0.000908 0.000399 0.000161 0.000047 0.000017 0.000003 0.000002 0.000000 0.000001 0.000000 0.000000 0.000000 0.000000 0.000000 
t: 0.010714285714 start: 44 end: 89 0.000001 0.000005 0.000011 0.000021 0.000069 0.000188 0.000490 0.001021 0.002166 0.004170 0.007986 0.013625 0.022261 0.033437 0.047889 0.063908 0.079771 0.092876 0.101745 0.103893 0.098694 0.088245 0.073431 0.057016 0.041152 0.027927 0.017436 0.010194 0.005636 0.002690 0.001182 0.000551 0.000215 0.000062 0.000025 0.000008 0.000002 0.000000 0.000001 0.000000 0.000000 0.000000 0.000000 0.000000 0.000000 0.000000 
t: 0.010526315789 start: 44 end: 89 0.000001 0.000004 0.000008 0.000011 0.000057 0.000130 0.000328 0.000780 0.001645 0.003353 0.006248 0.011260 0.018646 0.029234 0.042091 0.057784 0.074232 0.088229 0.099603 0.103751 0.101727 0.092531 0.079512 0.062877 0.046927 0.032437 0.020798 0.012458 0.006989 0.003542 0.001639 0.000738 0.000288 0.000086 0.000043 0.000009 0.000003 0.000000 0.000001 0.000000 0.000000 0.000000 0.000000 0.000000 0.000000 0.000000 
t: 0.010344827586 start: 45 end: 89 0.000002 0.000006 0.000014 0.000038 0.000102 0.000220 0.000580 0.001258 0.002632 0.004952 0.009216 0.015470 0.024925 0.037507 0.051899 0.068427 0.083343 0.096081 0.103246 0.103180 0.096708 0.084780 0.068997 0.052439 0.037385 0.024548 0.015127 0.008674 0.004514 0.002148 0.000995 0.000378 0.000141 0.000044 0.000017 0.000005 0.000000 0.000002 0.000000 0.000000 0.000000 0.000000 0.000000 0.000000 0.000000 
t: 0.010169491525 start: 46 end: 90 0.000006 0.000012 0.000022 0.000071 0.000167 0.000421 0.000975 0.002044 0.003948 0.007442 0.012858 0.021345 0.032543 0.046684 0.062647 0.078128 0.092319 0.101329 0.104195 0.099833 0.089763 0.074778 0.058185 0.042447 0.028679 0.018010 0.010586 0.005624 0.002792 0.001323 0.000544 0.000180 0.000066 0.000021 0.000010 0.000001 0.000002 0.000000 0.000000 0.000000 0.000000 0.000000 0.000000 0.000000 0.000000 
t: 0.010000000000 start: 46 end: 90 0.000005 0.000007 0.000016 0.000052 0.000122 0.000317 0.000733 0.001560 0.003129 0.006020 0.010724 0.018132 0.028345 0.041376 0.056990 0.072953 0.088011 0.099040 0.104041 0.102280 0.093822 0.080395 0.063988 0.047700 0.032789 0.021332 0.012709 0.007112 0.003462 0.001690 0.000749 0.000265 0.000085 0.000033 0.000012 0.000002 0.000002 0.000000 0.000000 0.000000 0.000000 0.000000 0.000000 0.000000 0.000000 
t: 0.008448275866 start: 49 end: 93 0.000001 0.000003 0.000015 0.000029 0.000082 0.000212 0.000487 0.001151 0.002415 0.004796 0.008577 0.014811 0.024095 0.036109 0.051325 0.067682 0.084035 0.096512 0.104759 0.105386 0.098508 0.086319 0.070054 0.052599 0.036890 0.024007 0.014224 0.007930 0.003871 0.001906 0.000751 0.000297 0.000109 0.000046 0.000004 0.000002 0.000001 0.000000 0.000000 0.000000 0.000000 0.000000 0.000000 0.000000 0.000000 
t: 0.007313432839 start: 52 end: 94 0.000001 0.000010 0.000018 0.000047 0.000098 0.000282 0.000580 0.001332 0.002828 0.005428 0.009930 0.016900 0.027086 0.040474 0.055958 0.073382 0.089761 0.101751 0.107355 0.105858 0.096395 0.081767 0.064291 0.046880 0.031398 0.019365 0.010706 0.005610 0.002655 0.001165 0.000465 0.000159 0.000047 0.000013 0.000004 0.000001 0.000000 0.000000 0.000000 0.000000 0.000000 0.000000 0.000000 
t: 0.006447368423 start: 55 end: 94 0.000005 0.000011 0.000023 0.000087 0.000201 0.000476 0.001068 0.002146 0.004511 0.008429 0.014616 0.024154 0.036975 0.052674 0.070273 0.088114 0.101213 0.108979 0.108770 0.100620 0.085639 0.068001 0.049374 0.032922 0.019884 0.010937 0.005675 0.002552 0.001069 0.000425 0.000136 0.000034 0.000004 0.000003 0.000000 0.000000 0.000000 0.000000 0.000000 0.000000 
t: 0.005764705884 start: 56 end: 94 0.000001 0.000001 0.000011 0.000032 0.000067 0.000193 0.000500 0.001092 0.002382 0.004589 0.008751 0.015483 0.025377 0.038680 0.055411 0.073758 0.092356 0.104550 0.111742 0.110651 0.099508 0.083458 0.064756 0.045254 0.028793 0.016769 0.008831 0.004226 0.001778 0.000689 0.000223 0.000070 0.000017 0.000001 0.000000 0.000000 0.000000 0.000000 0.000000 
t: 0.005212765959 start: 59 end: 94 0.000004 0.000010 0.000034 0.000096 0.000244 0.000648 0.001382 0.002924 0.005818 0.010690 0.018754 0.030334 0.045649 0.063652 0.083019 0.099614 0.111044 0.114633 0.108535 0.094883 0.075118 0.054618 0.036307 0.021410 0.011358 0.005546 0.002358 0.000900 0.000314 0.000078 0.000026 0.000000 0.000000 0.000000 0.000000 0.000000 
t: 0.004757281555 start: 60 end: 94 0.000001 0.000010 0.000014 0.000065 0.000170 0.000393 0.000928 0.002036 0.004253 0.008417 0.015087 0.025400 0.039386 0.057292 0.077316 0.095865 0.110333 0.116926 0.113821 0.101261 0.082350 0.060671 0.040800 0.024037 0.012912 0.006329 0.002620 0.000909 0.000312 0.000074 0.000010 0.000002 0.000000 0.000000 0.000000 
t: 0.004375000001 start: 62 end: 94 0.000005 0.000015 0.000044 0.000110 0.000302 0.000693 0.001567 0.003549 0.007112 0.013456 0.022614 0.036194 0.053847 0.074716 0.094580 0.110401 0.118634 0.117114 0.105634 0.086187 0.063501 0.041959 0.025057 0.013044 0.006062 0.002441 0.000858 0.000250 0.000041 0.000013 0.000000 0.000000 0.000000 
t: 0.004049586778 start: 63 end: 94 0.000002 0.000010 0.000030 0.000098 0.000253 0.000635 0.001422 0.003275 0.006621 0.012387 0.021727 0.035724 0.053362 0.074305 0.095352 0.112311 0.121222 0.119966 0.107067 0.086518 0.062908 0.041352 0.023517 0.011915 0.005251 0.001964 0.000620 0.000151 0.000032 0.000003 0.000000 0.000000 
t: 0.003769230770 start: 64 end: 94 0.000002 0.000005 0.000028 0.000098 0.000230 0.000616 0.001409 0.003249 0.006580 0.012582 0.022529 0.036306 0.055292 0.077404 0.098367 0.115411 0.124497 0.120731 0.106797 0.084389 0.059808 0.037347 0.020556 0.009894 0.004016 0.001384 0.000380 0.000081 0.000011 0.000001 0.000000 
t: 0.003525179857 start: 65 end: 94 0.000002 0.000007 0.000030 0.000097 0.000268 0.000622 0.001547 0.003410 0.007143 0.013661 0.024088 0.039323 0.059432 0.082176 0.103913 0.120616 0.126450 0.120956 0.104004 0.079203 0.053587 0.031912 0.016558 0.007267 0.002677 0.000824 0.000199 0.000026 0.000002 0.000000 
t: 0.003310810811 start: 65 end: 94 0.000001 0.000001 0.000014 0.000028 0.000122 0.000284 0.000704 0.001765 0.003997 0.008104 0.015540 0.027228 0.044292 0.065645 0.089346 0.111325 0.125158 0.128554 0.119298 0.097817 0.071274 0.045528 0.025190 0.012008 0.004787 0.001519 0.000400 0.000061 0.000009 0.000001 
t: 0.003121019109 start: 65 end: 94 0.000001 0.000000 0.000005 0.000010 0.000043 0.000145 0.000337 0.000928 0.002107 0.004805 0.009832 0.018630 0.031920 0.051426 0.074219 0.098618 0.118622 0.130410 0.128882 0.113913 0.088840 0.060805 0.035857 0.018366 0.007782 0.002633 0.000730 0.000117 0.000015 0.000002 
t: 0.002951807229 start: 66 end: 94 0.000001 0.000003 0.000004 0.000021 0.000061 0.000158 0.000504 0.001155 0.002832 0.006140 0.012357 0.022881 0.038842 0.060174 0.084955 0.109051 0.127338 0.133986 0.125727 0.104881 0.076766 0.048200 0.026309 0.011834 0.004306 0.001253 0.000226 0.000031 0.000004 
t: 0.002800000000 start: 66 end: 94 0.000001 0.000000 0.000002 0.000009 0.000032 0.000074 0.000229 0.000687 0.001607 0.003755 0.008276 0.016080 0.029019 0.047499 0.071567 0.097313 0.120772 0.134705 0.134100 0.118669 0.092098 0.061728 0.035596 0.017081 0.006550 0.002059 0.000417 0.000070 0.000005 
t: 0.002663043479 start: 67 end: 94 0.000001 0.000000 0.000006 0.000008 0.000040 0.000122 0.000382 0.000961 0.002364 0.005364 0.011298 0.021177 0.037143 0.059138 0.085314 0.111399 0.132157 0.138036 0.129939 0.106292 0.075976 0.045913 0.023474 0.009534 0.003172 0.000671 0.000109 0.000010 
t: 0.002538860104 start: 67 end: 94 0.000001 0.000000 0.000003 0.000003 0.000016 0.000066 0.000215 0.000578 0.001504 0.003468 0.007706 0.015503 0.028710 0.048394 0.073306 0.100924 0.125799 0.139799 0.137413 0.119492 0.089406 0.057711 0.030780 0.013294 0.004643 0.001085 0.000162 0.000019 
t: 0.002425742574 start: 67 end: 94 0.000001 0.000000 0.000000 0.000004 0.000012 0.000030 0.000120 0.000335 0.000974 0.002240 0.005287 0.011264 0.022006 0.038815 0.062218 0.090261 0.117891 0.137647 0.142728 0.130146 0.102699 0.069715 0.039316 0.017891 0.006453 0.001666 0.000250 0.000031 
t: 0.002322274882 start: 68 end: 94 0.000001 0.000000 0.000002 0.000007 0.000019 0.000057 0.000229 0.000594 0.001487 0.003624 0.008110 0.016775 0.030828 0.052339 0.079449 0.108645 0.133749 0.145017 0.138984 0.115023 0.081594 0.048507 0.023309 0.008781 0.002436 0.000393 0.000041 
t: 0.002227272727 start: 69 end: 94 0.000001 0.000002 0.000004 0.000007 0.000043 0.000123 0.000376 0.001042 0.002525 0.005751 0.012609 0.024783 0.043297 0.069151 0.099242 0.127591 0.145410 0.145407 0.125842 0.093639 0.058200 0.029370 0.011590 0.003350 0.000587 0.000058 
t: 0.002139737991 start: 69 end: 94 0.000001 0.000000 0.000003 0.000006 0.000023 0.000085 0.000219 0.000677 0.001760 0.004188 0.009441 0.019541 0.035944 0.059943 0.089400 0.120325 0.143435 0.149574 0.135547 0.105027 0.068548 0.036109 0.014787 0.004493 0.000835 0.000089 
t: 0.002058823530 start: 70 end: 94 0.000001 0.000002 0.000004 0.000013 0.000048 0.000150 0.000439 0.001245 0.003002 0.007145 0.015168 0.029567 0.051640 0.079962 0.112394 0.139247 0.152012 0.143816 0.116071 0.078720 0.043450 0.018713 0.005884 0.001178 0.000129 
t: 0.001983805668 start: 70 end: 94 0.000001 0.000001 0.000003 0.000008 0.000029 0.000097 0.000308 0.000881 0.002179 0.005439 0.011971 0.023951 0.044066 0.071219 0.103917 0.134310 0.152291 0.150600 0.125898 0.089370 0.051212 0.022961 0.007543 0.001574 0.000171 
t: 0.001914062500 start: 70 end: 94 0.000001 0.000000 0.000003 0.000002 0.000014 0.000061 0.000211 0.000598 0.001650 0.004094 0.009407 0.019457 0.037318 0.062816 0.095991 0.128102 0.150967 0.155479 0.135084 0.099729 0.059663 0.027484 0.009591 0.002051 0.000227 
t: 0.001849056604 start: 71 end: 94 0.000001 0.000002 0.000002 0.000006 0.000038 0.000156 0.000426 0.001167 0.003147 0.007436 0.015852 0.031399 0.055361 0.087555 0.121457 0.148757 0.158463 0.143283 0.109746 0.068207 0.032821 0.011739 0.002685 0.000294 
t: 0.001788321168 start: 71 end: 94 0.000001 0.000001 0.000001 0.000003 0.000025 0.000097 0.000303 0.000819 0.002414 0.005790 0.013034 0.026537 0.048215 0.079462 0.114692 0.145121 0.160274 0.150714 0.119256 0.076791 0.038590 0.014108 0.003367 0.000385 
t: 0.001731448763 start: 71 end: 94 0.000001 0.000000 0.000001 0.000003 0.000016 0.000067 0.000202 0.000610 0.001821 0.004601 0.010468 0.022479 0.041975 0.071788 0.107347 0.140785 0.160949 0.156773 0.128220 0.085868 0.044530 0.016834 0.004157 0.000505 
t: 0.001678082192 start: 71 end: 94 0.000001 0.000000 0.000000 0.000004 0.000008 0.000047 0.000139 0.000457 0.001375 0.003605 0.008505 0.018868 0.036648 0.064536 0.099866 0.136075 0.160495 0.161733 0.136761 0.094607 0.050699 0.019843 0.005089 0.000639 
t: 0.001627906977 start: 72 end: 94 0.000001 0.000000 0.000002 0.000006 0.000032 0.000097 0.000323 0.001051 0.002830 0.007017 0.015812 0.031796 0.057789 0.092631 0.130694 0.159188 0.165516 0.144198 0.103545 0.057361 0.023189 0.006112 0.000810 
t: 0.001580645161 start: 72 end: 94 0.000001 0.000000 0.000001 0.000003 0.000025 0.000071 0.000227 0.000795 0.002261 0.005690 0.013386 0.027470 0.051847 0.085407 0.124892 0.156800 0.168416 0.151484 0.112151 0.063916 0.026849 0.007348 0.000960 
t: 0.001536050157 start: 74 end: 94 0.000002 0.000002 0.000015 0.000057 0.000163 0.000598 0.001809 0.004599 0.011261 0.023844 0.046445 0.078704 0.118662 0.153874 0.170236 0.158015 0.120230 0.070773 0.030767 0.008743 0.001201 
t: 0.001493902439 start: 74 end: 94 0.000002 0.000000 0.000011 0.000033 0.000132 0.000464 0.001422 0.003825 0.009279 0.020813 0.041386 0.072474 0.112086 0.150480 0.171120 0.163948 0.128185 0.077683 0.035000 0.010193 0.001464 
t: 0.001454005935 start: 74 end: 94 0.000002 0.000000 0.000009 0.000027 0.000091 0.000353 0.001116 0.003192 0.007747 0.018082 0.036669 0.066527 0.105903 0.146523 0.171034 0.169031 0.136022 0.084853 0.039342 0.011751 0.001726 
t: 0.001416184971 start: 74 end: 94 0.000002 0.000000 0.000005 0.000021 0.000061 0.000293 0.000896 0.002604 0.006519 0.015648 0.032638 0.060979 0.099653 0.141841 0.170674 0.173282 0.143410 0.092096 0.043881 0.013462 0.002035 
t: 0.001380281690 start: 74 end: 94 0.000001 0.000001 0.000005 0.000011 0.000052 0.000219 0.000709 0.002153 0.005488 0.013557 0.029095 0.055783 0.093516 0.137087 0.169651 0.176526 0.150472 0.099321 0.048621 0.015383 0.002349 
t: 0.001346153846 start: 74 end: 94 0.000001 0.000001 0.000004 0.000008 0.000037 0.000173 0.000575 0.001761 0.004702 0.011664 0.025891 0.050998 0.087663 0.132083 0.168123 0.179296 0.156806 0.106737 0.053371 0.017363 0.002743 
t: 0.001313672922 start: 74 end: 94 0.000001 0.000001 0.000002 0.000006 0.000032 0.000128 0.000455 0.001464 0.003980 0.010030 0.023062 0.046473 0.081930 0.127027 0.165922 0.181554 0.163136 0.113621 0.058463 0.019569 0.003144 
t: 0.001282722513 start: 74 end: 94 0.000001 0.000000 0.000002 0.000006 0.000021 0.000099 0.000383 0.001169 0.003404 0.008655 0.020514 0.042373 0.076482 0.121907 0.163458 0.183215 0.168716 0.120515 0.063622 0.021808 0.003650 
t: 0.001253196931 start: 74 end: 94 0.000001 0.000000 0.000001 0.000006 0.000014 0.000082 0.000290 0.000945 0.002882 0.007619 0.018152 0.038558 0.071609 0.116768 0.160260 0.184308 0.174049 0.127285 0.068780 0.024247 0.004144 
t: 0.001225000000 start: 74 end: 94 0.000001 0.000000 0.000000 0.000006 0.000014 0.000066 0.000231 0.000800 0.002462 0.006590 0.016067 0.035167 0.066799 0.111406 0.156911 0.185109 0.178842 0.133840 0.074267 0.026712 0.004710 
t: 0.001198044010 start: 75 end: 94 0.000001 0.000000 0.000003 0.000013 0.000053 0.000192 0.000662 0.002075 0.005669 0.014515 0.031892 0.062303 0.105923 0.153379 0.185436 0.183057 0.140629 0.079379 0.029496 0.005323 
t: 0.001172248804 start: 75 end: 94 0.000001 0.000000 0.000002 0.000010 0.000046 0.000156 0.000558 0.001733 0.004959 0.012867 0.029088 0.057960 0.100911 0.149708 0.185091 0.186699 0.147121 0.084868 0.032227 0.005995 
t: 0.001147540984 start: 75 end: 94 0.000001 0.000000 0.000002 0.000006 0.000039 0.000123 0.000461 0.001474 0.004301 0.011475 0.026490 0.053907 0.096183 0.145503 0.184399 0.190157 0.153262 0.090453 0.035073 0.006691 
t: 0.001123853211 start: 75 end: 94 0.000001 0.000000 0.000002 0.000006 0.000029 0.000108 0.000381 0.001269 0.003730 0.010173 0.024178 0.050108 0.091296 0.141316 0.183636 0.193106 0.159301 0.095856 0.038087 0.007417 
t: 0.001101123596 start: 77 end: 94 0.000003 0.000005 0.000022 0.000088 0.000324 0.001082 0.003264 0.009019 0.022088 0.046618 0.086849 0.136832 0.182354 0.195774 0.164740 0.101517 0.041256 0.008165 
t: 0.001079295154 start: 77 end: 94 0.000002 0.000006 0.000015 0.000079 0.000266 0.000915 0.002885 0.007963 0.020052 0.043432 0.082367 0.132647 0.180767 0.197828 0.170229 0.107162 0.044452 0.008933 
t: 0.001058315335 start: 77 end: 94 0.000002 0.000004 0.000012 0.000066 0.000226 0.000789 0.002509 0.007118 0.018346 0.040290 0.078145 0.128551 0.178537 0.199715 0.175515 0.112782 0.047670 0.009723 
t: 0.001038135593 start: 77 end: 94 0.000001 0.000004 0.000009 0.000055 0.000191 0.000676 0.002178 0.006355 0.016678 0.037490 0.074042 0.124271 0.176056 0.201594 0.180245 0.118570 0.050965 0.010620 
t: 0.001018711019 start: 78 end: 94 0.000005 0.000006 0.000047 0.000151 0.000583 0.001917 0.005682 0.015185 0.034775 0.070190 0.120125 0.173560 0.202777 0.184744 0.124254 0.054461 0.011538 
t: 0.001000000000 start: 78 end: 94 0.000004 0.000006 0.000036 0.000138 0.000485 0.001675 0.005075 0.013806 0.032425 0.066392 0.116185 0.170817 0.203613 0.189223 0.129682 0.057955 0.012483 
