t: 0.059999999999 start: 12 end: 48 0.000001 0.000008 0.000033 0.000162 0.000686 0.002184 0.005886 0.013916 0.028592 0.051521 0.080076 0.109809 0.131814 0.139859 0.131168 0.109108 0.080929 0.053160 0.031323 0.016539 0.007910 0.003392 0.001259 0.000455 0.000152 0.000044 0.000011 0.000002 0.000001 0.000000 0.000000 0.000000 0.000000 0.000000 0.000000 0.000000 0.000000 
t: 0.054545454544 start: 12 end: 48 0.000001 0.000000 0.000001 0.000019 0.000074 0.000377 0.001193 0.003418 0.008451 0.018506 0.034958 0.058405 0.086456 0.112946 0.130722 0.134600 0.124604 0.101771 0.075092 0.049675 0.029759 0.015917 0.007633 0.003383 0.001297 0.000502 0.000167 0.000053 0.000017 0.000003 0.000000 0.000000 0.000000 0.000000 0.000000 0.000000 0.000000 
t: 0.049999999999 start: 15 end: 52 0.000001 0.000005 0.000069 0.000217 0.000714 0.002067 0.005415 0.012335 0.024243 0.043397 0.067345 0.093301 0.116843 0.130067 0.129462 0.116176 0.093458 0.067546 0.044657 0.026620 0.014111 0.006860 0.003120 0.001247 0.000497 0.000172 0.000039 0.000013 0.000002 0.000001 0.000000 0.000000 0.000000 0.000000 0.000000 0.000000 0.000000 0.000000 
t: 0.046153846153 start: 16 end: 53 0.000001 0.000006 0.000033 0.000110 0.000460 0.001379 0.003766 0.008401 0.017360 0.032449 0.053055 0.077604 0.101894 0.120422 0.128038 0.122383 0.106687 0.083586 0.059657 0.038292 0.022462 0.011845 0.005887 0.002562 0.001084 0.000376 0.000140 0.000043 0.000015 0.000003 0.000000 0.000000 0.000000 0.000000 0.000000 0.000000 0.000000 0.000000 
t: 0.042857142857 start: 17 end: 55 0.000001 0.000008 0.000017 0.000077 0.000324 0.000933 0.002604 0.006211 0.013179 0.024781 0.041969 0.064567 0.088709 0.109511 0.122838 0.123975 0.114483 0.095688 0.072710 0.050405 0.031451 0.018197 0.009409 0.004634 0.002076 0.000769 0.000332 0.000104 0.000027 0.000006 0.000005 0.000000 0.000000 0.000000 0.000000 0.000000 0.000000 0.000000 0.000000 
t: 0.040000000000 start: 18 end: 57 0.000001 0.000005 0.000011 0.000077 0.000203 0.000683 0.001996 0.004799 0.010107 0.019647 0.034328 0.054308 0.076943 0.099412 0.115628 0.122244 0.118420 0.104301 0.083101 0.061012 0.041015 0.024976 0.013828 0.007116 0.003456 0.001483 0.000608 0.000187 0.000073 0.000017 0.000014 0.000001 0.000000 0.000000 0.000000 0.000000 0.000000 0.000000 0.000000 0.000000 
t: 0.037500000000 start: 20 end: 59 0.000002 0.000012 0.000047 0.000192 0.000546 0.001546 0.003752 0.008143 0.016254 0.028764 0.046466 0.067665 0.089588 0.108290 0.118716 0.119514 0.109506 0.091740 0.070357 0.049307 0.031643 0.018698 0.010186 0.005102 0.002360 0.000985 0.000417 0.000140 0.000045 0.000014 0.000002 0.000001 0.000000 0.000000 0.000000 0.000000 0.000000 0.000000 0.000000 0.000000 
t: 0.035294117647 start: 21 end: 60 0.000001 0.000012 0.000040 0.000153 0.000476 0.001296 0.003111 0.006918 0.013826 0.024696 0.040625 0.060362 0.081643 0.101394 0.114907 0.118019 0.112288 0.097532 0.077705 0.056866 0.038198 0.023724 0.013425 0.006936 0.003322 0.001546 0.000627 0.000238 0.000077 0.000022 0.000012 0.000003 0.000000 0.000000 0.000000 0.000000 0.000000 0.000000 0.000000 0.000000 
t: 0.033333333333 start: 22 end: 62 0.000002 0.000009 0.000032 0.000142 0.000417 0.001170 0.002699 0.005957 0.011966 0.022035 0.036093 0.054778 0.075465 0.095476 0.110228 0.116587 0.113553 0.101207 0.083362 0.063257 0.043902 0.027959 0.016659 0.008971 0.004478 0.002109 0.000931 0.000390 0.000109 0.000041 0.000012 0.000003 0.000001 0.000000 0.000000 0.000000 0.000000 0.000000 0.000000 0.000000 0.000000 
t: 0.031578947368 start: 23 end: 62 0.000003 0.000010 0.000035 0.000121 0.000388 0.001029 0.002451 0.005360 0.010888 0.019968 0.032819 0.050826 0.070692 0.090294 0.106070 0.114177 0.114149 0.103337 0.087646 0.068064 0.048488 0.032320 0.019361 0.010904 0.005805 0.002749 0.001244 0.000511 0.000208 0.000056 0.000020 0.000007 0.000000 0.000000 0.000000 0.000000 0.000000 0.000000 0.000000 0.000000 
t: 0.030000000000 start: 23 end: 65 0.000001 0.000001 0.000008 0.000028 0.000128 0.000346 0.000973 0.002223 0.005072 0.010203 0.018363 0.031089 0.047687 0.066748 0.086290 0.102695 0.112352 0.112739 0.105614 0.090449 0.071411 0.052423 0.035442 0.022158 0.012762 0.006739 0.003425 0.001557 0.000688 0.000248 0.000098 0.000029 0.000006 0.000004 0.000001 0.000000 0.000000 0.000000 0.000000 0.000000 0.000000 0.000000 0.000000 
t: 0.028571428571 start: 25 end: 66 0.000002 0.000005 0.000035 0.000117 0.000379 0.000918 0.002185 0.004919 0.009689 0.017657 0.029684 0.045744 0.064587 0.082944 0.099834 0.110447 0.112065 0.105837 0.092261 0.074456 0.054550 0.038185 0.024174 0.014267 0.007794 0.004063 0.001867 0.000825 0.000325 0.000118 0.000049 0.000014 0.000003 0.000001 0.000000 0.000000 0.000000 0.000000 0.000000 0.000000 0.000000 0.000000 
t: 0.027272727273 start: 27 end: 67 0.000012 0.000040 0.000132 0.000367 0.000960 0.002193 0.004873 0.009583 0.017301 0.029154 0.044178 0.062628 0.081246 0.098164 0.108745 0.111174 0.105623 0.092887 0.075754 0.056819 0.040015 0.025867 0.015330 0.008735 0.004573 0.002053 0.000936 0.000407 0.000147 0.000072 0.000026 0.000005 0.000001 0.000000 0.000000 0.000000 0.000000 0.000000 0.000000 0.000000 0.000000 
t: 0.026086956522 start: 27 end: 68 0.000004 0.000013 0.000045 0.000145 0.000391 0.000978 0.002290 0.004932 0.009705 0.017200 0.028812 0.043887 0.061763 0.080128 0.096674 0.107124 0.110283 0.105415 0.093257 0.076410 0.057981 0.041185 0.026746 0.016274 0.009331 0.004831 0.002465 0.001025 0.000422 0.000156 0.000097 0.000023 0.000007 0.000001 0.000000 0.000000 0.000000 0.000000 0.000000 0.000000 0.000000 0.000000 
t: 0.025000000000 start: 28 end: 68 0.000007 0.000012 0.000054 0.000145 0.000448 0.001052 0.002461 0.005004 0.009948 0.017522 0.028961 0.044147 0.061767 0.079875 0.095858 0.106485 0.109113 0.104194 0.093362 0.076499 0.058168 0.041828 0.027171 0.016846 0.009423 0.005239 0.002537 0.001104 0.000454 0.000199 0.000079 0.000028 0.000010 0.000000 0.000000 0.000000 0.000000 0.000000 0.000000 0.000000 0.000000 
t: 0.024000000000 start: 28 end: 70 0.000003 0.000007 0.000012 0.000064 0.000179 0.000486 0.001184 0.002555 0.005380 0.010313 0.018331 0.029679 0.044988 0.062157 0.080272 0.095684 0.105398 0.108627 0.103744 0.092024 0.075802 0.058203 0.041496 0.027378 0.016583 0.009593 0.005389 0.002524 0.001138 0.000483 0.000209 0.000072 0.000034 0.000006 0.000003 0.000000 0.000000 0.000000 0.000000 0.000000 0.000000 0.000000 0.000000 
t: 0.023076923077 start: 29 end: 71 0.000005 0.000006 0.000026 0.000062 0.000228 0.000526 0.001354 0.002811 0.005732 0.010881 0.019541 0.031031 0.045955 0.063197 0.081310 0.095999 0.105364 0.107978 0.102638 0.090446 0.074480 0.057384 0.040464 0.026874 0.016519 0.009560 0.005104 0.002489 0.001210 0.000494 0.000203 0.000097 0.000018 0.000009 0.000005 0.000000 0.000000 0.000000 0.000000 0.000000 0.000000 0.000000 0.000000 
t: 0.022222222222 start: 29 end: 72 0.000001 0.000002 0.000010 0.000032 0.000080 0.000237 0.000669 0.001466 0.003182 0.006433 0.011929 0.020497 0.032653 0.047789 0.065308 0.082367 0.096945 0.105259 0.106710 0.101411 0.089055 0.072786 0.055542 0.039289 0.025864 0.016078 0.009137 0.004886 0.002436 0.001143 0.000486 0.000217 0.000060 0.000029 0.000008 0.000004 0.000000 0.000000 0.000000 0.000000 0.000000 0.000000 0.000000 0.000000 
t: 0.021428571428 start: 30 end: 73 0.000001 0.000005 0.000013 0.000039 0.000100 0.000317 0.000769 0.001691 0.003704 0.007248 0.013032 0.022006 0.034380 0.050644 0.066912 0.084479 0.097711 0.105597 0.106005 0.099461 0.087092 0.070681 0.053079 0.037811 0.024838 0.015025 0.008671 0.004581 0.002290 0.001073 0.000449 0.000184 0.000077 0.000026 0.000007 0.000002 0.000000 0.000000 0.000000 0.000000 0.000000 0.000000 0.000000 0.000000 
t: 0.020689655172 start: 31 end: 74 0.000003 0.000006 0.000020 0.000050 0.000137 0.000397 0.000882 0.001991 0.004244 0.008242 0.014577 0.024048 0.037231 0.053137 0.069878 0.086372 0.098553 0.105625 0.105181 0.097662 0.084123 0.067724 0.050898 0.035629 0.023135 0.014185 0.008070 0.004257 0.002126 0.000953 0.000397 0.000177 0.000059 0.000021 0.000009 0.000001 0.000000 0.000000 0.000000 0.000000 0.000000 0.000000 0.000000 0.000000 
t: 0.020000000000 start: 32 end: 74 0.000002 0.000016 0.000026 0.000063 0.000195 0.000442 0.001121 0.002368 0.005006 0.009328 0.016358 0.026501 0.040334 0.056066 0.073290 0.088173 0.100140 0.105486 0.104121 0.095137 0.081038 0.064605 0.048134 0.033098 0.021517 0.012998 0.007303 0.003798 0.001882 0.000843 0.000376 0.000159 0.000053 0.000015 0.000008 0.000000 0.000000 0.000000 0.000000 0.000000 0.000000 0.000000 0.000000 
t: 0.019354838710 start: 32 end: 75 0.000001 0.000006 0.000013 0.000034 0.000091 0.000231 0.000571 0.001343 0.003030 0.005758 0.010697 0.018541 0.029501 0.043419 0.060038 0.076198 0.091191 0.101704 0.105241 0.102249 0.092312 0.077328 0.061386 0.044561 0.030326 0.019684 0.011798 0.006479 0.003408 0.001602 0.000752 0.000306 0.000135 0.000047 0.000015 0.000004 0.000000 0.000000 0.000000 0.000000 0.000000 0.000000 0.000000 0.000000 
t: 0.018750000000 start: 32 end: 78 0.000001 0.000002 0.000007 0.000017 0.000057 0.000117 0.000313 0.000750 0.001725 0.003665 0.006790 0.012498 0.021028 0.032788 0.047687 0.064021 0.079829 0.093525 0.102775 0.104719 0.100522 0.088651 0.073379 0.057295 0.041050 0.027880 0.017432 0.010403 0.005753 0.002927 0.001381 0.000575 0.000273 0.000120 0.000031 0.000011 0.000001 0.000001 0.000001 0.000000 0.000000 0.000000 0.000000 0.000000 0.000000 0.000000 0.000000 
t: 0.018181818182 start: 33 end: 77 0.000001 0.000004 0.000010 0.000023 0.000058 0.000148 0.000433 0.000997 0.002205 0.004311 0.008269 0.014661 0.023905 0.036845 0.051837 0.068258 0.083631 0.096124 0.103513 0.104447 0.097290 0.085096 0.068918 0.052928 0.037370 0.024844 0.015417 0.009135 0.004867 0.002472 0.001128 0.000508 0.000228 0.000086 0.000020 0.000011 0.000000 0.000002 0.000000 0.000000 0.000000 0.000000 0.000000 0.000000 0.000000 
t: 0.017647058823 start: 34 end: 79 0.000003 0.000003 0.000014 0.000038 0.000070 0.000215 0.000562 0.001321 0.002724 0.005434 0.009960 0.017156 0.027713 0.040699 0.056838 0.072587 0.087587 0.098446 0.104363 0.102744 0.094061 0.080531 0.064132 0.048384 0.033535 0.021958 0.013573 0.007597 0.004105 0.002054 0.000905 0.000428 0.000162 0.000069 0.000018 0.000008 0.000002 0.000001 0.000000 0.000000 0.000000 0.000000 0.000000 0.000000 0.000000 0.000000 
t: 0.017142857143 start: 34 end: 79 0.000001 0.000001 0.000009 0.000020 0.000032 0.000127 0.000303 0.000771 0.001698 0.003473 0.006738 0.011982 0.020104 0.031387 0.045710 0.061742 0.077227 0.091456 0.100891 0.104205 0.100723 0.089939 0.075942 0.059116 0.043381 0.029757 0.019230 0.011381 0.006368 0.003437 0.001589 0.000731 0.000330 0.000129 0.000050 0.000016 0.000003 0.000000 0.000001 0.000000 0.000000 0.000000 0.000000 0.000000 0.000000 0.000000 
t: 0.016666666667 start: 35 end: 80 0.000001 0.000004 0.000014 0.000015 0.000070 0.000165 0.000435 0.001096 0.002205 0.004406 0.008304 0.014661 0.023656 0.035962 0.050828 0.066789 0.081932 0.094773 0.102947 0.103390 0.097707 0.085531 0.070512 0.053808 0.038680 0.026057 0.016377 0.009513 0.005201 0.002712 0.001315 0.000563 0.000231 0.000093 0.000036 0.000008 0.000002 0.000001 0.000000 0.000000 0.000000 0.000000 0.000000 0.000000 0.000000 0.000000 
t: 0.016216216216 start: 35 end: 79 0.000001 0.000000 0.000008 0.000016 0.000029 0.000089 0.000240 0.000668 0.001387 0.002904 0.005586 0.010394 0.017615 0.027644 0.041178 0.056426 0.072013 0.087244 0.098001 0.103543 0.101851 0.093794 0.080588 0.064625 0.048541 0.033613 0.022407 0.013702 0.007879 0.004174 0.002138 0.000991 0.000456 0.000159 0.000060 0.000030 0.000005 0.000001 0.000000 0.000000 0.000000 0.000000 0.000000 0.000000 0.000000 
t: 0.015789473684 start: 36 end: 82 0.000001 0.000001 0.000011 0.000020 0.000045 0.000128 0.000385 0.000883 0.001917 0.003749 0.007267 0.012760 0.021200 0.032388 0.046743 0.062218 0.078041 0.091517 0.100611 0.103555 0.099392 0.089238 0.074273 0.059060 0.042844 0.029080 0.018850 0.011376 0.006285 0.003276 0.001631 0.000730 0.000337 0.000114 0.000057 0.000014 0.000001 0.000001 0.000001 0.000000 0.000000 0.000000 0.000000 0.000000 0.000000 0.000000 0.000000 
t: 0.015384615385 start: 36 end: 83 0.000001 0.000001 0.000007 0.000018 0.000021 0.000065 0.000218 0.000532 0.001209 0.002552 0.004920 0.009299 0.015833 0.025347 0.037780 0.052303 0.068512 0.083864 0.095931 0.102156 0.102718 0.096313 0.082889 0.068621 0.052319 0.037277 0.025007 0.015552 0.009193 0.004924 0.002509 0.001180 0.000568 0.000224 0.000095 0.000032 0.000007 0.000001 0.000001 0.000001 0.000000 0.000000 0.000000 0.000000 0.000000 0.000000 0.000000 0.000000 
t: 0.015000000000 start: 37 end: 83 0.000001 0.000001 0.000009 0.000023 0.000036 0.000109 0.000335 0.000742 0.001674 0.003458 0.006563 0.011758 0.019433 0.030187 0.043454 0.058830 0.074904 0.089105 0.098822 0.103491 0.100969 0.090883 0.077494 0.061845 0.046005 0.032016 0.020767 0.012707 0.007200 0.003801 0.001885 0.000905 0.000355 0.000150 0.000057 0.000017 0.000007 0.000001 0.000001 0.000000 0.000000 0.000000 0.000000 0.000000 0.000000 0.000000 0.000000 
t: 0.014634146341 start: 37 end: 82 0.000001 0.000000 0.000004 0.000014 0.000023 0.000066 0.000186 0.000474 0.001062 0.002321 0.004651 0.008587 0.014600 0.023809 0.035531 0.049857 0.065705 0.081205 0.093984 0.101361 0.102873 0.097202 0.085655 0.071110 0.054980 0.039894 0.026882 0.016938 0.010098 0.005585 0.002884 0.001416 0.000626 0.000259 0.000108 0.000031 0.000012 0.000004 0.000002 0.000000 0.000000 0.000000 0.000000 0.000000 0.000000 0.000000 
t: 0.014285714286 start: 39 end: 83 0.000001 0.000008 0.000014 0.000047 0.000113 0.000301 0.000678 0.001492 0.003261 0.006174 0.010983 0.018381 0.028571 0.041294 0.056942 0.073102 0.087132 0.098098 0.102580 0.100937 0.092686 0.079528 0.063890 0.048181 0.033960 0.022254 0.013453 0.007837 0.004282 0.002125 0.001016 0.000419 0.000169 0.000065 0.000014 0.000010 0.000002 0.000000 0.000000 0.000000 0.000000 0.000000 0.000000 0.000000 0.000000 
t: 0.013953488372 start: 40 end: 84 0.000003 0.000009 0.000025 0.000065 0.000173 0.000460 0.000976 0.002243 0.004414 0.008089 0.014064 0.022554 0.034052 0.048210 0.064590 0.079912 0.092635 0.100799 0.102654 0.097630 0.087152 0.072470 0.056671 0.041646 0.028292 0.017730 0.010692 0.005982 0.003161 0.001499 0.000703 0.000273 0.000117 0.000038 0.000013 0.000003 0.000000 0.000001 0.000000 0.000000 0.000000 0.000000 0.000000 0.000000 0.000000 
t: 0.013636363636 start: 40 end: 85 0.000002 0.000004 0.000011 0.000040 0.000120 0.000281 0.000664 0.001468 0.003133 0.005979 0.010624 0.017716 0.027745 0.040567 0.056053 0.071733 0.086163 0.097092 0.102656 0.101074 0.093151 0.080600 0.064752 0.049629 0.035037 0.022754 0.014305 0.008197 0.004389 0.002266 0.001073 0.000419 0.000209 0.000062 0.000023 0.000007 0.000001 0.000001 0.000000 0.000000 0.000000 0.000000 0.000000 0.000000 0.000000 0.000000 
t: 0.013333333333 start: 40 end: 85 0.000002 0.000001 0.000005 0.000020 0.000065 0.000196 0.000415 0.000977 0.002212 0.004365 0.007940 0.013848 0.022177 0.033585 0.047941 0.063869 0.079152 0.092007 0.100511 0.102200 0.098034 0.087673 0.073063 0.057260 0.042457 0.028667 0.018346 0.011005 0.006113 0.003185 0.001565 0.000677 0.000308 0.000094 0.000043 0.000017 0.000004 0.000001 0.000000 0.000000 0.000000 0.000000 0.000000 0.000000 0.000000 0.000000 
t: 0.013043478261 start: 40 end: 86 0.000001 0.000001 0.000002 0.000014 0.000038 0.000127 0.000263 0.000685 0.001509 0.003126 0.005948 0.010590 0.017639 0.027567 0.040423 0.056211 0.071293 0.085839 0.097396 0.101803 0.101023 0.093105 0.080846 0.065383 0.049684 0.035202 0.023207 0.014393 0.008349 0.004368 0.002216 0.001003 0.000478 0.000162 0.000073 0.000026 0.000004 0.000002 0.000001 0.000000 0.000000 0.000000 0.000000 0.000000 0.000000 0.000000 0.000000 
t: 0.012765957447 start: 40 end: 85 0.000001 0.000000 0.000001 0.000011 0.000019 0.000072 0.000190 0.000439 0.001054 0.002216 0.004404 0.008064 0.013870 0.022622 0.033651 0.048471 0.063690 0.079110 0.092244 0.100345 0.102445 0.097742 0.087134 0.073169 0.057188 0.041903 0.028969 0.018235 0.011013 0.006027 0.003091 0.001495 0.000681 0.000282 0.000100 0.000038 0.000011 0.000002 0.000001 0.000000 0.000000 0.000000 0.000000 0.000000 0.000000 0.000000 
t: 0.012500000000 start: 43 end: 87 0.000007 0.000012 0.000048 0.000119 0.000292 0.000728 0.001596 0.003178 0.006173 0.010818 0.018135 0.028011 0.041282 0.056211 0.072228 0.086637 0.096887 0.102064 0.100537 0.093224 0.080199 0.064711 0.048879 0.034886 0.022923 0.014090 0.008054 0.004278 0.002095 0.000988 0.000453 0.000168 0.000064 0.000018 0.000004 0.000002 0.000001 0.000000 0.000000 0.000000 0.000000 0.000000 0.000000 0.000000 0.000000 
t: 0.012244897959 start: 43 end: 87 0.000002 0.000007 0.000026 0.000079 0.000209 0.000464 0.001139 0.002353 0.004559 0.008446 0.014476 0.023162 0.034833 0.049051 0.064669 0.080542 0.092377 0.100620 0.102165 0.097212 0.086702 0.072132 0.056138 0.040883 0.028423 0.017632 0.010560 0.005721 0.002934 0.001401 0.000675 0.000271 0.000094 0.000032 0.000006 0.000001 0.000004 0.000000 0.000000 0.000000 0.000000 0.000000 0.000000 0.000000 0.000000 
t: 0.012000000000 start: 43 end: 88 0.000001 0.000006 0.000017 0.000042 0.000148 0.000327 0.000794 0.001723 0.003409 0.006494 0.011386 0.019085 0.028870 0.042574 0.057770 0.073457 0.087327 0.097262 0.102626 0.099984 0.092230 0.079151 0.063352 0.047681 0.033840 0.021965 0.013384 0.007506 0.004076 0.001915 0.000956 0.000430 0.000142 0.000049 0.000014 0.000003 0.000003 0.000001 0.000000 0.000000 0.000000 0.000000 0.000000 0.000000 0.000000 0.000000 
t: 0.011764705882 start: 44 end: 88 0.000003 0.000010 0.000027 0.000092 0.000224 0.000576 0.001204 0.002594 0.004901 0.009018 0.015294 0.024161 0.036324 0.050984 0.066497 0.081598 0.093684 0.100820 0.101945 0.096632 0.085323 0.070335 0.054420 0.039910 0.026606 0.016754 0.009787 0.005338 0.002691 0.001279 0.000627 0.000229 0.000081 0.000021 0.000007 0.000002 0.000002 0.000000 0.000000 0.000000 0.000000 0.000000 0.000000 0.000000 0.000000 
t: 0.011538461538 start: 44 end: 88 0.000002 0.000007 0.000017 0.000064 0.000144 0.000407 0.000874 0.001944 0.003752 0.007049 0.012182 0.020116 0.030647 0.044472 0.059929 0.075387 0.089015 0.098143 0.102481 0.099768 0.090738 0.077062 0.061337 0.045875 0.031886 0.020615 0.012372 0.006948 0.003616 0.001762 0.000849 0.000347 0.000143 0.000033 0.000011 0.000003 0.000003 0.000000 0.000000 0.000000 0.000000 0.000000 0.000000 0.000000 0.000000 
t: 0.011320754717 start: 45 end: 88 0.000005 0.000010 0.000048 0.000086 0.000277 0.000650 0.001401 0.002919 0.005418 0.009706 0.016505 0.025925 0.038327 0.053386 0.069100 0.083435 0.094882 0.101783 0.101533 0.095764 0.082966 0.067916 0.052339 0.037261 0.024859 0.015521 0.008903 0.004707 0.002400 0.001180 0.000491 0.000208 0.000065 0.000015 0.000004 0.000005 0.000000 0.000000 0.000000 0.000000 0.000000 0.000000 0.000000 0.000000 
t: 0.011111111111 start: 45 end: 88 0.000003 0.000010 0.000029 0.000067 0.000186 0.000452 0.000999 0.002221 0.004275 0.007894 0.013267 0.021649 0.032983 0.046984 0.062349 0.077795 0.091117 0.100123 0.102050 0.098875 0.088790 0.074160 0.058739 0.043247 0.029524 0.019030 0.011269 0.006087 0.003166 0.001520 0.000684 0.000316 0.000098 0.000026 0.000011 0.000005 0.000000 0.000000 0.000000 0.000000 0.000000 0.000000 0.000000 0.000000 
t: 0.010909090909 start: 45 end: 88 0.000002 0.000004 0.000012 0.000044 0.000116 0.000332 0.000769 0.001671 0.003271 0.006243 0.010831 0.017843 0.028313 0.040852 0.056094 0.071903 0.086133 0.097194 0.102430 0.101310 0.093166 0.080230 0.065072 0.049023 0.034604 0.023108 0.013870 0.007754 0.004197 0.002036 0.000930 0.000425 0.000151 0.000043 0.000018 0.000006 0.000000 0.000000 0.000000 0.000000 0.000000 0.000000 0.000000 0.000000 
t: 0.010714285714 start: 46 end: 88 0.000004 0.000007 0.000033 0.000073 0.000233 0.000533 0.001250 0.002536 0.004927 0.008640 0.014906 0.023961 0.035608 0.049909 0.065852 0.080920 0.093515 0.101392 0.102600 0.096921 0.085854 0.070925 0.055151 0.040060 0.027233 0.016922 0.009810 0.005398 0.002693 0.001218 0.000581 0.000229 0.000069 0.000030 0.000007 0.000000 0.000000 0.000000 0.000000 0.000000 0.000000 0.000000 0.000000 
t: 0.010526315789 start: 46 end: 89 0.000002 0.000005 0.000016 0.000060 0.000147 0.000396 0.000963 0.001910 0.003870 0.006974 0.012182 0.020091 0.030823 0.044402 0.059727 0.075352 0.089061 0.099495 0.103166 0.099778 0.090586 0.076620 0.061264 0.045668 0.031695 0.020358 0.012074 0.006898 0.003553 0.001605 0.000766 0.000318 0.000118 0.000046 0.000009 0.000002 0.000000 0.000000 0.000000 0.000000 0.000000 0.000000 0.000000 0.000000 
t: 0.010344827586 start: 46 end: 89 0.000001 0.000002 0.000008 0.000047 0.000108 0.000274 0.000701 0.001495 0.003001 0.005599 0.009927 0.016826 0.026489 0.039184 0.053892 0.069579 0.084287 0.096338 0.102651 0.101758 0.094618 0.082596 0.067092 0.051277 0.036514 0.024135 0.014738 0.008523 0.004507 0.002154 0.001005 0.000429 0.000160 0.000063 0.000016 0.000006 0.000000 0.000000 0.000000 0.000000 0.000000 0.000000 0.000000 0.000000 
t: 0.010169491525 start: 47 end: 90 0.000001 0.000006 0.000027 0.000082 0.000191 0.000508 0.001127 0.002339 0.004513 0.008114 0.014082 0.022520 0.034510 0.047786 0.064226 0.079213 0.092653 0.101087 0.102836 0.098121 0.087538 0.072781 0.056983 0.041497 0.028299 0.017902 0.010282 0.005749 0.002778 0.001314 0.000572 0.000241 0.000086 0.000029 0.000006 0.000001 0.000000 0.000000 0.000000 0.000000 0.000000 0.000000 0.000000 0.000000 
t: 0.010000000000 start: 48 end: 90 0.000004 0.000022 0.000057 0.000131 0.000365 0.000840 0.001846 0.003542 0.006719 0.011618 0.019279 0.029891 0.042627 0.058353 0.073844 0.088570 0.098744 0.103142 0.100703 0.091568 0.078676 0.062584 0.046808 0.032814 0.021074 0.012518 0.007069 0.003616 0.001700 0.000766 0.000325 0.000127 0.000046 0.000011 0.000001 0.000000 0.000000 0.000000 0.000000 0.000000 0.000000 0.000000 0.000000 
t: 0.008448275866 start: 51 end: 94 0.000002 0.000010 0.000040 0.000070 0.000232 0.000529 0.001234 0.002587 0.004912 0.008984 0.015214 0.024338 0.036312 0.051597 0.067545 0.082183 0.095827 0.103218 0.104028 0.097900 0.085549 0.069757 0.053403 0.038093 0.024886 0.015180 0.008453 0.004333 0.002087 0.000947 0.000357 0.000132 0.000046 0.000012 0.000002 0.000001 0.000000 0.000000 0.000000 0.000000 0.000000 0.000000 0.000000 0.000000 
t: 0.007313432839 start: 54 end: 96 0.000003 0.000009 0.000038 0.000107 0.000281 0.000600 0.001418 0.002824 0.005277 0.009761 0.016618 0.026722 0.039575 0.054794 0.071758 0.087330 0.098816 0.105398 0.104875 0.096615 0.083135 0.066401 0.048924 0.033382 0.021188 0.012311 0.006442 0.003129 0.001385 0.000561 0.000238 0.000062 0.000018 0.000004 0.000000 0.000001 0.000000 0.000000 0.000000 0.000000 0.000000 0.000000 0.000000 
t: 0.006447368423 start: 55 end: 96 0.000001 0.000004 0.000007 0.000024 0.000074 0.000191 0.000473 0.000985 0.002238 0.004280 0.007787 0.014038 0.022744 0.035236 0.050165 0.067396 0.084424 0.097867 0.106599 0.107982 0.101417 0.087679 0.070996 0.053035 0.035972 0.022818 0.013251 0.006927 0.003155 0.001397 0.000580 0.000193 0.000049 0.000011 0.000004 0.000000 0.000001 0.000000 0.000000 0.000000 0.000000 0.000000 
t: 0.005764705884 start: 57 end: 96 0.000002 0.000000 0.000008 0.000023 0.000075 0.000172 0.000438 0.000996 0.002178 0.004236 0.008067 0.014030 0.023190 0.035957 0.051653 0.069737 0.086972 0.100590 0.109149 0.110317 0.102315 0.087160 0.068933 0.049695 0.033190 0.020301 0.011022 0.005588 0.002486 0.001023 0.000364 0.000108 0.000019 0.000005 0.000001 0.000000 0.000000 0.000000 0.000000 0.000000 
t: 0.005212765959 start: 59 end: 96 0.000002 0.000004 0.000007 0.000019 0.000083 0.000266 0.000547 0.001217 0.002637 0.005273 0.009564 0.016486 0.027234 0.041193 0.058653 0.076979 0.094257 0.107353 0.113233 0.109798 0.098081 0.080300 0.060888 0.041898 0.026289 0.014786 0.007461 0.003484 0.001349 0.000464 0.000146 0.000045 0.000003 0.000001 0.000000 0.000000 0.000000 0.000000 
t: 0.004757281555 start: 60 end: 96 0.000001 0.000003 0.000002 0.000008 0.000034 0.000130 0.000360 0.000809 0.001812 0.003823 0.007156 0.013015 0.022126 0.035026 0.051174 0.069952 0.089595 0.104785 0.113709 0.114827 0.105520 0.088142 0.067715 0.048174 0.030197 0.016948 0.008699 0.004033 0.001515 0.000514 0.000153 0.000037 0.000004 0.000002 0.000000 0.000000 0.000000 
t: 0.004375000001 start: 62 end: 96 0.000003 0.000002 0.000009 0.000023 0.000102 0.000251 0.000585 0.001456 0.003018 0.005942 0.011011 0.019449 0.031405 0.047384 0.066460 0.086305 0.104236 0.115260 0.117260 0.109765 0.092711 0.071668 0.050814 0.032015 0.017963 0.008801 0.003945 0.001514 0.000476 0.000130 0.000029 0.000007 0.000001 0.000000 0.000000 
t: 0.004049586778 start: 63 end: 96 0.000001 0.000003 0.000005 0.000022 0.000070 0.000199 0.000558 0.001192 0.002673 0.005183 0.010179 0.018246 0.030059 0.046285 0.065699 0.086212 0.104967 0.116910 0.119598 0.111919 0.094821 0.072923 0.050899 0.031090 0.016939 0.008237 0.003457 0.001183 0.000359 0.000085 0.000021 0.000006 0.000000 0.000000 
t: 0.003769230770 start: 64 end: 96 0.000002 0.000002 0.000005 0.000017 0.000071 0.000187 0.000498 0.001193 0.002435 0.005186 0.010010 0.018471 0.030315 0.047383 0.067297 0.088555 0.107451 0.120001 0.121538 0.112792 0.093743 0.071438 0.047851 0.028246 0.014796 0.006747 0.002603 0.000882 0.000220 0.000054 0.000008 0.000003 0.000000 
t: 0.003525179857 start: 65 end: 96 0.000001 0.000002 0.000005 0.000021 0.000056 0.000196 0.000529 0.001183 0.002588 0.005517 0.010676 0.019341 0.032506 0.050251 0.071116 0.093380 0.111514 0.123321 0.123300 0.111916 0.090550 0.066355 0.042610 0.023928 0.011716 0.005006 0.001793 0.000477 0.000120 0.000022 0.000004 0.000000 
t: 0.003310810811 start: 66 end: 96 0.000001 0.000003 0.000010 0.000013 0.000079 0.000231 0.000582 0.001288 0.002898 0.006100 0.012070 0.021835 0.036032 0.054824 0.077354 0.099468 0.118365 0.126495 0.123446 0.108253 0.084485 0.058714 0.035505 0.018899 0.008477 0.003324 0.000973 0.000218 0.000050 0.000008 0.000000 
t: 0.003121019109 start: 66 end: 96 0.000001 0.000001 0.000004 0.000008 0.000033 0.000090 0.000287 0.000676 0.001548 0.003519 0.007325 0.014275 0.025287 0.041028 0.062304 0.085028 0.108059 0.124748 0.129510 0.120966 0.101565 0.075628 0.049066 0.027771 0.013436 0.005507 0.001775 0.000451 0.000090 0.000013 0.000001 
t: 0.002951807229 start: 67 end: 96 0.000002 0.000001 0.000003 0.000010 0.000041 0.000144 0.000321 0.000877 0.002008 0.004389 0.009144 0.017339 0.030192 0.048563 0.071074 0.095644 0.117390 0.130666 0.129767 0.115644 0.091935 0.064142 0.038351 0.019772 0.008577 0.002994 0.000821 0.000165 0.000023 0.000001 
t: 0.002800000000 start: 68 end: 96 0.000002 0.000001 0.000005 0.000014 0.000065 0.000161 0.000468 0.001171 0.002724 0.005772 0.011768 0.021817 0.037037 0.058386 0.082343 0.107386 0.126665 0.134058 0.126827 0.107123 0.079114 0.050405 0.027564 0.012698 0.004693 0.001386 0.000297 0.000047 0.000003 
t: 0.002663043479 start: 69 end: 96 0.000002 0.000004 0.000007 0.000023 0.000105 0.000239 0.000680 0.001659 0.003719 0.007850 0.015708 0.027841 0.046573 0.069906 0.096058 0.119657 0.134224 0.134616 0.119785 0.093693 0.063430 0.036489 0.017952 0.007040 0.002155 0.000494 0.000087 0.000004 
t: 0.002538860104 start: 70 end: 96 0.000002 0.000006 0.000011 0.000053 0.000128 0.000380 0.001023 0.002358 0.005313 0.011053 0.020986 0.036915 0.057977 0.084194 0.110655 0.131363 0.138635 0.129837 0.107246 0.076898 0.046626 0.024206 0.009944 0.003237 0.000808 0.000136 0.000010 
t: 0.002425742574 start: 71 end: 96 0.000005 0.000003 0.000035 0.000070 0.000211 0.000615 0.001514 0.003597 0.007813 0.015611 0.028827 0.047820 0.072552 0.100498 0.125558 0.139490 0.137524 0.119457 0.090115 0.057776 0.031162 0.013672 0.004677 0.001173 0.000208 0.000017 
t: 0.002322274882 start: 71 end: 96 0.000002 0.000001 0.000014 0.000049 0.000116 0.000374 0.000953 0.002389 0.005525 0.011555 0.022282 0.038903 0.062007 0.089802 0.118068 0.137899 0.142369 0.129905 0.102530 0.069516 0.039245 0.017900 0.006551 0.001693 0.000324 0.000028 
t: 0.002227272727 start: 71 end: 96 0.000001 0.000000 0.000008 0.000039 0.000065 0.000232 0.000600 0.001620 0.003750 0.008637 0.017309 0.031280 0.052597 0.079592 0.109209 0.133621 0.145232 0.138110 0.114295 0.081214 0.047978 0.022921 0.008800 0.002383 0.000469 0.000038 
t: 0.002139737991 start: 71 end: 96 0.000001 0.000000 0.000005 0.000014 0.000041 0.000162 0.000412 0.001033 0.002707 0.006231 0.013267 0.025221 0.044195 0.069828 0.100446 0.127335 0.145249 0.144876 0.124923 0.092365 0.057783 0.028425 0.011522 0.003224 0.000679 0.000056 
t: 0.002058823530 start: 71 end: 96 0.000001 0.000000 0.000001 0.000003 0.000027 0.000103 0.000266 0.000716 0.001931 0.004587 0.010099 0.020263 0.036870 0.060924 0.090710 0.120857 0.143345 0.149233 0.134574 0.103304 0.067178 0.035157 0.014539 0.004325 0.000903 0.000084 
t: 0.001983805668 start: 73 end: 96 0.000002 0.000001 0.000016 0.000056 0.000185 0.000496 0.001339 0.003423 0.007723 0.016200 0.030625 0.052756 0.081361 0.113161 0.139900 0.151996 0.142050 0.114298 0.077279 0.041972 0.018203 0.005607 0.001217 0.000134 
t: 0.001914062500 start: 74 end: 96 0.000003 0.000005 0.000039 0.000125 0.000352 0.000954 0.002528 0.005900 0.012912 0.025310 0.045402 0.072787 0.105513 0.134831 0.152584 0.148888 0.124305 0.087298 0.048997 0.022279 0.007213 0.001598 0.000177 
t: 0.001849056604 start: 74 end: 96 0.000001 0.000002 0.000024 0.000086 0.000260 0.000663 0.001883 0.004495 0.010331 0.020810 0.039061 0.064709 0.097315 0.129240 0.151870 0.153806 0.133329 0.097121 0.056988 0.026778 0.008924 0.002057 0.000247 
t: 0.001788321168 start: 75 end: 96 0.000001 0.000014 0.000054 0.000184 0.000494 0.001342 0.003505 0.008104 0.017187 0.033320 0.057435 0.089209 0.123033 0.149832 0.157614 0.141133 0.106923 0.065259 0.031503 0.010883 0.002651 0.000320 
t: 0.001731448763 start: 75 end: 96 0.000001 0.000007 0.000040 0.000120 0.000370 0.001001 0.002612 0.006524 0.014195 0.028178 0.050935 0.081548 0.116219 0.146372 0.159861 0.148698 0.116178 0.073604 0.036637 0.013187 0.003296 0.000417 
t: 0.001678082192 start: 75 end: 96 0.000001 0.000005 0.000028 0.000089 0.000269 0.000752 0.002037 0.005094 0.011620 0.024020 0.044668 0.074233 0.109558 0.142032 0.161148 0.154929 0.125025 0.081928 0.042206 0.015790 0.004064 0.000504 
t: 0.001627906977 start: 75 end: 96 0.000001 0.000004 0.000017 0.000057 0.000189 0.000575 0.001569 0.004100 0.009493 0.020330 0.039168 0.067257 0.102829 0.137447 0.160760 0.160302 0.132973 0.090746 0.048086 0.018562 0.004894 0.000641 
t: 0.001580645161 start: 75 end: 96 0.000001 0.000003 0.000012 0.000043 0.000141 0.000428 0.001235 0.003326 0.007690 0.017209 0.034341 0.060719 0.095810 0.132526 0.159660 0.164281 0.140816 0.099234 0.054245 0.021652 0.005848 0.000780 
t: 0.001536050157 start: 75 end: 96 0.000001 0.000002 0.000006 0.000033 0.000104 0.000340 0.000951 0.002619 0.006402 0.014554 0.029762 0.055059 0.088954 0.127107 0.157914 0.166981 0.148124 0.107611 0.060596 0.024993 0.006943 0.000944 
t: 0.001493902439 start: 76 end: 96 0.000002 0.000004 0.000022 0.000084 0.000266 0.000728 0.002110 0.005356 0.012301 0.025940 0.049480 0.082418 0.121154 0.155478 0.169532 0.154258 0.115791 0.067159 0.028594 0.008188 0.001135 
t: 0.001454005935 start: 76 end: 96 0.000001 0.000002 0.000015 0.000059 0.000208 0.000572 0.001655 0.004456 0.010451 0.022586 0.044291 0.076228 0.115551 0.152210 0.170625 0.160442 0.123581 0.073822 0.032435 0.009465 0.001345 
t: 0.001416184971 start: 76 end: 96 0.000001 0.000000 0.000012 0.000043 0.000166 0.000451 0.001344 0.003651 0.008793 0.019924 0.039615 0.070395 0.109362 0.148525 0.171498 0.165728 0.130664 0.081031 0.036208 0.011006 0.001583 
t: 0.001380281690 start: 76 end: 96 0.000001 0.000000 0.000006 0.000033 0.000122 0.000371 0.001076 0.003049 0.007509 0.017232 0.035455 0.064767 0.103355 0.144777 0.171132 0.170351 0.137921 0.087945 0.040463 0.012574 0.001861 
t: 0.001346153846 start: 77 end: 96 0.000001 0.000004 0.000025 0.000079 0.000305 0.000878 0.002484 0.006436 0.014904 0.031921 0.059483 0.097697 0.139792 0.170606 0.174304 0.145145 0.094566 0.044918 0.014292 0.002160 
t: 0.001313672922 start: 77 end: 96 0.000001 0.000002 0.000023 0.000062 0.000240 0.000706 0.002040 0.005504 0.013048 0.028524 0.054643 0.091948 0.135199 0.169207 0.177283 0.152001 0.101445 0.049612 0.016024 0.002488 
t: 0.001282722513 start: 77 end: 96 0.000001 0.000002 0.000015 0.000046 0.000189 0.000587 0.001713 0.004620 0.011443 0.025499 0.049974 0.086725 0.130352 0.167229 0.180039 0.158054 0.108277 0.054361 0.018018 0.002856 
t: 0.001253196931 start: 77 end: 96 0.000001 0.000001 0.000012 0.000034 0.000154 0.000468 0.001453 0.003948 0.009912 0.022852 0.045785 0.081276 0.125684 0.165386 0.181604 0.163843 0.115026 0.059124 0.020153 0.003284 
t: 0.001225000000 start: 77 end: 96 0.000001 0.000001 0.000005 0.000029 0.000120 0.000378 0.001232 0.003349 0.008733 0.020370 0.042050 0.076113 0.120739 0.162695 0.183097 0.169288 0.121627 0.064057 0.022400 0.003716 
t: 0.001198044010 start: 78 end: 96 0.000001 0.000005 0.000024 0.000094 0.000308 0.001017 0.002862 0.007630 0.018331 0.038431 0.071143 0.115866 0.159695 0.184091 0.174303 0.128186 0.069066 0.024746 0.004201 
t: 0.001172248804 start: 78 end: 96 0.000001 0.000002 0.000021 0.000075 0.000255 0.000846 0.002481 0.006670 0.016452 0.035040 0.066800 0.110744 0.156290 0.184866 0.178616 0.134825 0.074159 0.027113 0.004744 
t: 0.001147540984 start: 79 end: 96 0.000001 0.000017 0.000061 0.000195 0.000718 0.002078 0.005868 0.014635 0.032221 0.062453 0.105956 0.152937 0.184926 0.182589 0.140904 0.079409 0.029713 0.005319 
t: 0.001123853211 start: 80 end: 96 0.000014 0.000047 0.000170 0.000602 0.001783 0.005086 0.013113 0.029370 0.058533 0.101188 0.149424 0.184495 0.186130 0.147126 0.084705 0.032274 0.005940 
t: 0.001101123596 start: 80 end: 96 0.000008 0.000041 0.000144 0.000490 0.001551 0.004407 0.011724 0.027041 0.054442 0.096657 0.145971 0.183598 0.189225 0.152967 0.090198 0.034949 0.006587 
t: 0.001079295154 start: 80 end: 96 0.000007 0.000025 0.000128 0.000418 0.001338 0.003819 0.010544 0.024692 0.050964 0.091722 0.142327 0.182636 0.192282 0.158413 0.095565 0.037857 0.007263 
t: 0.001058315335 start: 80 end: 96 0.000004 0.000024 0.000101 0.000343 0.001178 0.003330 0.009447 0.022590 0.047599 0.087349 0.138258 0.181424 0.194662 0.163999 0.100902 0.040825 0.007965 
t: 0.001038135593 start: 80 end: 96 0.000003 0.000021 0.000083 0.000294 0.001020 0.002917 0.008447 0.020717 0.044297 0.083247 0.134106 0.179941 0.196747 0.169399 0.106294 0.043737 0.008730 
t: 0.001018711019 start: 80 end: 96 0.000003 0.000017 0.000067 0.000246 0.000885 0.002587 0.007484 0.018970 0.041207 0.079389 0.130008 0.178067 0.198869 0.173979 0.111854 0.046802 0.009566 
t: 0.001000000000 start: 80 end: 96 0.000001 0.000017 0.000055 0.000208 0.000755 0.002288 0.006719 0.017351 0.038339 0.075456 0.126091 0.175728 0.200603 0.178682 0.117365 0.049915 0.010427 
