t: 0.059999999999 start: 11 end: 46 0.000001 0.000000 0.000004 0.000036 0.000156 0.000538 0.001886 0.005214 0.012722 0.026834 0.048128 0.076938 0.105776 0.128629 0.139192 0.133011 0.112132 0.084565 0.056490 0.034310 0.018438 0.008934 0.003831 0.001462 0.000564 0.000156 0.000038 0.000012 0.000003 0.000000 0.000000 0.000000 0.000000 0.000000 0.000000 0.000000 
t: 0.054545454544 start: 13 end: 50 0.000001 0.000002 0.000018 0.000069 0.000297 0.001011 0.002964 0.007620 0.016906 0.032272 0.054950 0.081881 0.109186 0.128499 0.134870 0.126148 0.105233 0.079384 0.053251 0.032269 0.017954 0.008871 0.003928 0.001530 0.000605 0.000214 0.000055 0.000010 0.000000 0.000001 0.000001 0.000000 0.000000 0.000000 0.000000 0.000000 0.000000 0.000000 
t: 0.049999999999 start: 15 end: 52 0.000001 0.000008 0.000037 0.000152 0.000585 0.001742 0.004805 0.011061 0.022140 0.039350 0.063169 0.089681 0.113758 0.127435 0.129876 0.118869 0.097332 0.072124 0.048231 0.029485 0.016070 0.008151 0.003607 0.001473 0.000599 0.000180 0.000057 0.000017 0.000004 0.000001 0.000000 0.000000 0.000000 0.000000 0.000000 0.000000 0.000000 0.000000 
t: 0.046153846153 start: 17 end: 54 0.000003 0.000030 0.000104 0.000372 0.001139 0.003065 0.007482 0.015616 0.029106 0.048519 0.073414 0.097830 0.116810 0.126956 0.124506 0.109745 0.088022 0.063924 0.042174 0.025384 0.013781 0.006895 0.003124 0.001263 0.000474 0.000183 0.000058 0.000013 0.000007 0.000001 0.000000 0.000000 0.000000 0.000000 0.000000 0.000000 0.000000 0.000000 
t: 0.042857142857 start: 18 end: 56 0.000008 0.000015 0.000082 0.000264 0.000794 0.002089 0.005405 0.011489 0.022009 0.038375 0.059638 0.083183 0.105820 0.120243 0.124394 0.117222 0.099287 0.077650 0.055070 0.035212 0.020909 0.011151 0.005567 0.002498 0.000997 0.000436 0.000133 0.000045 0.000012 0.000002 0.000001 0.000000 0.000000 0.000000 0.000000 0.000000 0.000000 0.000000 0.000000 
t: 0.040000000000 start: 19 end: 57 0.000002 0.000014 0.000049 0.000194 0.000576 0.001595 0.004009 0.008634 0.017193 0.030858 0.049886 0.071226 0.094094 0.112040 0.121686 0.119691 0.107520 0.088355 0.066191 0.045267 0.028594 0.016492 0.008498 0.004232 0.001896 0.000785 0.000267 0.000109 0.000031 0.000014 0.000002 0.000000 0.000000 0.000000 0.000000 0.000000 0.000000 0.000000 0.000000 
t: 0.037500000000 start: 20 end: 59 0.000001 0.000013 0.000038 0.000132 0.000457 0.001291 0.003152 0.006853 0.013865 0.025416 0.041579 0.062593 0.083899 0.104236 0.116298 0.119833 0.112216 0.096071 0.075956 0.054417 0.035996 0.022046 0.012198 0.006330 0.003000 0.001307 0.000494 0.000209 0.000064 0.000032 0.000007 0.000001 0.000000 0.000000 0.000000 0.000000 0.000000 0.000000 0.000000 0.000000 
t: 0.035294117647 start: 21 end: 61 0.000002 0.000009 0.000041 0.000103 0.000355 0.001022 0.002502 0.005747 0.011887 0.021518 0.035920 0.055180 0.076004 0.096247 0.111131 0.117385 0.114507 0.101856 0.083107 0.062573 0.042998 0.027453 0.016074 0.008627 0.004375 0.001963 0.000921 0.000334 0.000099 0.000038 0.000019 0.000001 0.000002 0.000000 0.000000 0.000000 0.000000 0.000000 0.000000 0.000000 0.000000 
t: 0.033333333333 start: 22 end: 63 0.000002 0.000010 0.000037 0.000101 0.000313 0.000804 0.002193 0.005031 0.009990 0.018812 0.032269 0.049108 0.069386 0.089779 0.106212 0.115007 0.114853 0.105169 0.088679 0.068702 0.049295 0.032527 0.019953 0.011020 0.005874 0.002829 0.001281 0.000486 0.000187 0.000061 0.000020 0.000005 0.000003 0.000002 0.000000 0.000000 0.000000 0.000000 0.000000 0.000000 0.000000 0.000000 
t: 0.031578947368 start: 23 end: 63 0.000003 0.000006 0.000025 0.000107 0.000261 0.000773 0.001993 0.004395 0.009022 0.016810 0.028868 0.044881 0.064749 0.083776 0.101666 0.112517 0.114392 0.107190 0.092649 0.073926 0.054292 0.037011 0.023323 0.013432 0.007423 0.003693 0.001654 0.000724 0.000291 0.000102 0.000030 0.000009 0.000007 0.000000 0.000000 0.000000 0.000000 0.000000 0.000000 0.000000 0.000000 
t: 0.030000000000 start: 24 end: 64 0.000001 0.000008 0.000033 0.000081 0.000269 0.000733 0.001855 0.004031 0.008270 0.015600 0.026630 0.042291 0.060335 0.079846 0.097679 0.109208 0.113411 0.108183 0.095321 0.077930 0.058492 0.040668 0.026367 0.015682 0.008868 0.004484 0.002115 0.000968 0.000425 0.000148 0.000047 0.000017 0.000004 0.000000 0.000000 0.000000 0.000000 0.000000 0.000000 0.000000 0.000000 
t: 0.028571428571 start: 26 end: 66 0.000010 0.000027 0.000084 0.000274 0.000737 0.001740 0.003822 0.007949 0.014690 0.025189 0.039867 0.057775 0.076796 0.094388 0.106954 0.111916 0.108627 0.097006 0.080378 0.061424 0.043864 0.028930 0.017625 0.010065 0.005228 0.002598 0.001228 0.000509 0.000206 0.000061 0.000025 0.000007 0.000001 0.000000 0.000000 0.000000 0.000000 0.000000 0.000000 0.000000 0.000000 
t: 0.027272727273 start: 26 end: 67 0.000003 0.000008 0.000022 0.000085 0.000256 0.000745 0.001804 0.003849 0.007654 0.014095 0.024274 0.038361 0.055574 0.074772 0.092358 0.105309 0.110306 0.108461 0.097760 0.082268 0.063392 0.046411 0.030807 0.019036 0.011147 0.005836 0.002998 0.001430 0.000594 0.000245 0.000097 0.000031 0.000010 0.000002 0.000000 0.000000 0.000000 0.000000 0.000000 0.000000 0.000000 0.000000 
t: 0.026086956522 start: 27 end: 68 0.000002 0.000007 0.000028 0.000076 0.000284 0.000779 0.001859 0.003777 0.007621 0.014041 0.023893 0.037666 0.054706 0.072897 0.090939 0.103764 0.109478 0.108009 0.098134 0.082594 0.065496 0.047137 0.032143 0.020269 0.011735 0.006606 0.003313 0.001598 0.000679 0.000294 0.000118 0.000042 0.000014 0.000002 0.000000 0.000000 0.000000 0.000000 0.000000 0.000000 0.000000 0.000000 
t: 0.025000000000 start: 28 end: 69 0.000003 0.000011 0.000025 0.000105 0.000314 0.000782 0.001842 0.003986 0.007696 0.014221 0.023959 0.037679 0.054382 0.072515 0.089779 0.102944 0.108377 0.107172 0.097922 0.083022 0.065384 0.048282 0.032780 0.021024 0.012599 0.006747 0.003470 0.001691 0.000761 0.000319 0.000139 0.000041 0.000022 0.000005 0.000000 0.000000 0.000000 0.000000 0.000000 0.000000 0.000000 0.000000 
t: 0.024000000000 start: 29 end: 71 0.000007 0.000007 0.000035 0.000121 0.000344 0.000883 0.001968 0.004161 0.008049 0.014546 0.024513 0.038176 0.054633 0.073149 0.089155 0.101770 0.107918 0.106091 0.096993 0.082639 0.065609 0.048259 0.033103 0.021461 0.012623 0.007136 0.003535 0.001725 0.000820 0.000354 0.000140 0.000049 0.000024 0.000003 0.000001 0.000000 0.000000 0.000000 0.000000 0.000000 0.000000 0.000000 0.000000 
t: 0.023076923077 start: 30 end: 73 0.000005 0.000014 0.000035 0.000134 0.000424 0.000933 0.002239 0.004445 0.008509 0.015165 0.025503 0.039158 0.055804 0.073420 0.089323 0.101578 0.106996 0.105158 0.096373 0.081764 0.064715 0.047879 0.032806 0.021051 0.012708 0.007000 0.003736 0.001778 0.000789 0.000329 0.000145 0.000063 0.000017 0.000002 0.000001 0.000001 0.000000 0.000000 0.000000 0.000000 0.000000 0.000000 0.000000 0.000000 
t: 0.022222222222 start: 31 end: 74 0.000006 0.000021 0.000056 0.000171 0.000438 0.001077 0.002466 0.004877 0.009155 0.016256 0.026710 0.040676 0.056885 0.074810 0.090431 0.101762 0.106187 0.104053 0.094754 0.080409 0.063511 0.046635 0.032076 0.020530 0.012456 0.006929 0.003608 0.001715 0.000802 0.000330 0.000134 0.000057 0.000012 0.000002 0.000002 0.000001 0.000000 0.000000 0.000000 0.000000 0.000000 0.000000 0.000000 0.000000 
t: 0.021428571428 start: 31 end: 75 0.000002 0.000009 0.000023 0.000070 0.000198 0.000523 0.001232 0.002738 0.005365 0.010235 0.017653 0.028314 0.042213 0.059564 0.076402 0.091427 0.101782 0.105870 0.102973 0.093200 0.078250 0.061296 0.045051 0.031020 0.019800 0.011740 0.006650 0.003465 0.001680 0.000721 0.000337 0.000132 0.000046 0.000012 0.000005 0.000001 0.000001 0.000000 0.000000 0.000000 0.000000 0.000000 0.000000 0.000000 0.000000 
t: 0.020689655172 start: 32 end: 75 0.000004 0.000012 0.000024 0.000091 0.000243 0.000607 0.001496 0.003096 0.006174 0.011087 0.019422 0.030143 0.045061 0.061571 0.078653 0.092866 0.102276 0.105537 0.101139 0.091099 0.076011 0.059243 0.043022 0.029120 0.018771 0.011073 0.006196 0.003249 0.001547 0.000699 0.000298 0.000110 0.000042 0.000012 0.000005 0.000001 0.000000 0.000000 0.000000 0.000000 0.000000 0.000000 0.000000 0.000000 
t: 0.020000000000 start: 32 end: 76 0.000001 0.000002 0.000015 0.000041 0.000123 0.000293 0.000802 0.001647 0.003698 0.006938 0.012826 0.021045 0.032767 0.047480 0.064879 0.081035 0.094187 0.102878 0.104792 0.099945 0.088199 0.073136 0.056431 0.040631 0.027522 0.017384 0.010175 0.005762 0.002868 0.001488 0.000616 0.000243 0.000103 0.000030 0.000014 0.000002 0.000002 0.000000 0.000000 0.000000 0.000000 0.000000 0.000000 0.000000 0.000000 
t: 0.019354838710 start: 33 end: 77 0.000001 0.000006 0.000022 0.000053 0.000144 0.000409 0.000914 0.002084 0.004308 0.008301 0.014304 0.023356 0.035537 0.050953 0.067980 0.083574 0.096511 0.103195 0.104054 0.097229 0.085564 0.069572 0.053327 0.038103 0.025460 0.015931 0.009245 0.005011 0.002679 0.001252 0.000548 0.000232 0.000088 0.000032 0.000015 0.000005 0.000001 0.000000 0.000000 0.000000 0.000000 0.000000 0.000000 0.000000 0.000000 
t: 0.018750000000 start: 34 end: 77 0.000001 0.000012 0.000024 0.000059 0.000202 0.000501 0.001200 0.002493 0.005150 0.009515 0.016122 0.026205 0.039116 0.054845 0.071421 0.086464 0.097972 0.103743 0.102657 0.095212 0.081859 0.065658 0.050209 0.034986 0.023345 0.014221 0.008155 0.004507 0.002289 0.001092 0.000446 0.000197 0.000080 0.000030 0.000009 0.000003 0.000000 0.000000 0.000000 0.000000 0.000000 0.000000 0.000000 0.000000 
t: 0.018181818182 start: 35 end: 78 0.000006 0.000011 0.000031 0.000091 0.000276 0.000678 0.001446 0.003147 0.006065 0.010984 0.018632 0.029457 0.042731 0.059068 0.075065 0.089596 0.099599 0.103745 0.101120 0.092297 0.077684 0.062256 0.046126 0.031906 0.020763 0.012697 0.007095 0.003991 0.001926 0.000865 0.000372 0.000175 0.000072 0.000017 0.000009 0.000000 0.000000 0.000001 0.000000 0.000000 0.000000 0.000000 0.000000 0.000000 
t: 0.017647058823 start: 35 end: 79 0.000002 0.000007 0.000020 0.000039 0.000143 0.000369 0.000826 0.001932 0.003782 0.007340 0.012963 0.021550 0.032669 0.047328 0.063394 0.078757 0.092851 0.101204 0.103341 0.099045 0.088527 0.073604 0.057660 0.042368 0.028575 0.018371 0.010957 0.006249 0.003324 0.001560 0.000720 0.000322 0.000127 0.000046 0.000022 0.000005 0.000000 0.000001 0.000000 0.000000 0.000000 0.000000 0.000000 0.000000 0.000000 
t: 0.017142857143 start: 36 end: 80 0.000005 0.000009 0.000020 0.000073 0.000209 0.000496 0.001107 0.002438 0.004696 0.008873 0.015326 0.024658 0.036948 0.051822 0.067926 0.083189 0.096059 0.102198 0.102404 0.095886 0.084340 0.069207 0.052982 0.037952 0.025518 0.016042 0.009339 0.005352 0.002666 0.001281 0.000575 0.000247 0.000097 0.000047 0.000010 0.000002 0.000000 0.000000 0.000001 0.000000 0.000000 0.000000 0.000000 0.000000 0.000000 
t: 0.016666666667 start: 37 end: 81 0.000003 0.000012 0.000036 0.000113 0.000289 0.000639 0.001515 0.003017 0.005959 0.010714 0.017961 0.028381 0.041650 0.056879 0.072677 0.087474 0.098155 0.102926 0.101312 0.092787 0.079374 0.063937 0.047917 0.033919 0.022505 0.013654 0.007891 0.004330 0.002230 0.001008 0.000438 0.000188 0.000064 0.000035 0.000009 0.000001 0.000000 0.000001 0.000000 0.000000 0.000000 0.000000 0.000000 0.000000 0.000000 
t: 0.016216216216 start: 37 end: 82 0.000001 0.000007 0.000016 0.000054 0.000163 0.000372 0.000921 0.001956 0.003888 0.007407 0.012944 0.021350 0.032738 0.046553 0.062071 0.077931 0.091570 0.099975 0.102839 0.099081 0.088535 0.074241 0.058678 0.042906 0.029911 0.019175 0.011539 0.006572 0.003527 0.001717 0.000803 0.000330 0.000138 0.000064 0.000017 0.000007 0.000002 0.000001 0.000000 0.000000 0.000000 0.000000 0.000000 0.000000 0.000000 0.000000 
t: 0.015789473684 start: 38 end: 83 0.000004 0.000006 0.000031 0.000087 0.000206 0.000565 0.001276 0.002495 0.005063 0.009153 0.015762 0.025069 0.037486 0.051946 0.067986 0.083073 0.094596 0.102129 0.101838 0.095264 0.084150 0.068807 0.052779 0.038206 0.025877 0.016173 0.009478 0.005432 0.002713 0.001332 0.000602 0.000249 0.000113 0.000035 0.000015 0.000002 0.000001 0.000001 0.000000 0.000000 0.000000 0.000000 0.000000 0.000000 0.000000 0.000000 
t: 0.015384615385 start: 38 end: 83 0.000001 0.000005 0.000017 0.000043 0.000121 0.000342 0.000772 0.001666 0.003409 0.006453 0.011494 0.018768 0.029557 0.042488 0.058384 0.073700 0.087779 0.098027 0.102340 0.100012 0.091709 0.078579 0.062943 0.046950 0.033169 0.021875 0.013478 0.007824 0.004262 0.002084 0.001028 0.000416 0.000187 0.000079 0.000025 0.000011 0.000002 0.000001 0.000000 0.000000 0.000000 0.000000 0.000000 0.000000 0.000000 0.000000 
t: 0.015000000000 start: 39 end: 83 0.000002 0.000012 0.000019 0.000080 0.000187 0.000461 0.001053 0.002259 0.004441 0.008348 0.013968 0.023065 0.034324 0.048863 0.064212 0.079643 0.092010 0.100680 0.102085 0.096949 0.086763 0.072601 0.056532 0.041342 0.028624 0.018161 0.010961 0.006241 0.003238 0.001642 0.000717 0.000312 0.000121 0.000058 0.000017 0.000007 0.000002 0.000000 0.000000 0.000000 0.000000 0.000000 0.000000 0.000000 0.000000 
t: 0.014634146341 start: 40 end: 84 0.000004 0.000017 0.000034 0.000108 0.000285 0.000679 0.001459 0.003046 0.005853 0.010419 0.017531 0.027324 0.040097 0.054972 0.070744 0.085380 0.096209 0.101672 0.100460 0.093403 0.081306 0.066022 0.049849 0.036041 0.023994 0.014911 0.008850 0.004835 0.002422 0.001203 0.000540 0.000189 0.000093 0.000034 0.000009 0.000005 0.000001 0.000000 0.000000 0.000000 0.000000 0.000000 0.000000 0.000000 0.000000 
t: 0.014285714286 start: 40 end: 85 0.000001 0.000010 0.000020 0.000059 0.000166 0.000435 0.000939 0.002049 0.004052 0.007595 0.013294 0.021584 0.032475 0.046337 0.061800 0.076953 0.090496 0.099211 0.101610 0.098134 0.089100 0.074978 0.058568 0.043848 0.030575 0.019791 0.012104 0.006938 0.003678 0.001783 0.000829 0.000343 0.000158 0.000050 0.000027 0.000006 0.000003 0.000001 0.000000 0.000000 0.000000 0.000000 0.000000 0.000000 0.000000 0.000000 
t: 0.013953488372 start: 41 end: 85 0.000004 0.000015 0.000028 0.000103 0.000245 0.000636 0.001386 0.002784 0.005453 0.009929 0.016579 0.025976 0.038655 0.053163 0.068667 0.082949 0.094666 0.101049 0.100879 0.095149 0.083057 0.067555 0.052196 0.037685 0.025406 0.016033 0.009502 0.005303 0.002702 0.001265 0.000564 0.000263 0.000092 0.000047 0.000008 0.000006 0.000001 0.000000 0.000000 0.000000 0.000000 0.000000 0.000000 0.000000 0.000000 
t: 0.013636363636 start: 41 end: 85 0.000002 0.000009 0.000018 0.000058 0.000158 0.000415 0.000908 0.001878 0.003937 0.007338 0.012640 0.020553 0.031602 0.045037 0.060559 0.075095 0.088555 0.098500 0.101742 0.099078 0.090018 0.075770 0.060734 0.045246 0.031894 0.020795 0.012776 0.007430 0.003738 0.001979 0.000877 0.000404 0.000157 0.000064 0.000025 0.000008 0.000003 0.000000 0.000000 0.000000 0.000000 0.000000 0.000000 0.000000 0.000000 
t: 0.013333333333 start: 41 end: 86 0.000001 0.000002 0.000010 0.000047 0.000090 0.000265 0.000576 0.001236 0.002858 0.005309 0.009630 0.016011 0.025475 0.037629 0.052320 0.067551 0.081794 0.094171 0.100688 0.100908 0.095567 0.083472 0.068842 0.053271 0.038679 0.026137 0.016863 0.009956 0.005442 0.002818 0.001313 0.000639 0.000257 0.000112 0.000039 0.000017 0.000004 0.000001 0.000000 0.000000 0.000000 0.000000 0.000000 0.000000 0.000000 0.000000 
t: 0.013043478261 start: 43 end: 87 0.000008 0.000026 0.000051 0.000148 0.000417 0.000850 0.001964 0.003849 0.007212 0.012420 0.020305 0.031222 0.044641 0.059346 0.074701 0.088727 0.097776 0.101419 0.099286 0.089933 0.076421 0.061650 0.045917 0.032188 0.021237 0.013129 0.007585 0.004021 0.001926 0.000957 0.000387 0.000183 0.000057 0.000032 0.000006 0.000002 0.000001 0.000000 0.000000 0.000000 0.000000 0.000000 0.000000 0.000000 0.000000 
t: 0.012765957447 start: 43 end: 87 0.000004 0.000017 0.000030 0.000099 0.000267 0.000584 0.001328 0.002836 0.005373 0.009483 0.016103 0.025372 0.037742 0.051832 0.067103 0.082247 0.093825 0.100081 0.101512 0.094982 0.083405 0.069433 0.053796 0.038493 0.026388 0.016838 0.010006 0.005540 0.002852 0.001392 0.000600 0.000267 0.000105 0.000047 0.000014 0.000003 0.000001 0.000000 0.000000 0.000000 0.000000 0.000000 0.000000 0.000000 0.000000 
t: 0.012500000000 start: 43 end: 87 0.000002 0.000009 0.000028 0.000053 0.000187 0.000372 0.000956 0.002003 0.004005 0.007287 0.012466 0.020500 0.031436 0.044690 0.059965 0.075065 0.088423 0.097695 0.101962 0.098735 0.089675 0.076334 0.061408 0.045812 0.031821 0.021187 0.012995 0.007416 0.004001 0.001926 0.000923 0.000388 0.000172 0.000072 0.000022 0.000008 0.000001 0.000000 0.000000 0.000000 0.000000 0.000000 0.000000 0.000000 0.000000 
t: 0.012244897959 start: 43 end: 88 0.000001 0.000003 0.000016 0.000042 0.000112 0.000262 0.000636 0.001394 0.002963 0.005475 0.009755 0.016468 0.025799 0.038157 0.052677 0.067807 0.082548 0.094048 0.100630 0.100587 0.094858 0.083466 0.068528 0.052848 0.038362 0.025756 0.016541 0.009794 0.005453 0.002706 0.001274 0.000618 0.000262 0.000101 0.000041 0.000010 0.000001 0.000001 0.000000 0.000000 0.000000 0.000000 0.000000 0.000000 0.000000 0.000000 
t: 0.012000000000 start: 43 end: 88 0.000001 0.000002 0.000008 0.000025 0.000071 0.000177 0.000444 0.001020 0.002088 0.004161 0.007557 0.013040 0.021243 0.032070 0.045765 0.060632 0.075828 0.089446 0.098224 0.101656 0.097911 0.089427 0.075760 0.060128 0.044929 0.031212 0.020438 0.012471 0.007161 0.003784 0.001839 0.000853 0.000377 0.000161 0.000067 0.000019 0.000004 0.000001 0.000000 0.000000 0.000000 0.000000 0.000000 0.000000 0.000000 0.000000 
t: 0.011764705882 start: 43 end: 87 0.000001 0.000000 0.000005 0.000012 0.000051 0.000121 0.000284 0.000729 0.001477 0.003104 0.005800 0.010260 0.017441 0.026791 0.039067 0.053924 0.069102 0.083746 0.094675 0.100918 0.100617 0.094028 0.082125 0.067608 0.051476 0.036924 0.024930 0.015762 0.009301 0.005056 0.002524 0.001230 0.000543 0.000223 0.000100 0.000037 0.000007 0.000000 0.000001 0.000000 0.000000 0.000000 0.000000 0.000000 0.000000 
t: 0.011538461538 start: 44 end: 89 0.000001 0.000003 0.000007 0.000028 0.000085 0.000219 0.000473 0.001073 0.002303 0.004488 0.008004 0.014087 0.022229 0.033379 0.047094 0.062413 0.077276 0.090620 0.098993 0.101474 0.097615 0.087828 0.074486 0.058302 0.043315 0.029716 0.019580 0.011863 0.006563 0.003478 0.001710 0.000762 0.000320 0.000131 0.000063 0.000016 0.000002 0.000001 0.000000 0.000000 0.000000 0.000000 0.000000 0.000000 0.000000 0.000000 
t: 0.011320754717 start: 44 end: 89 0.000001 0.000002 0.000005 0.000008 0.000058 0.000158 0.000336 0.000800 0.001670 0.003447 0.006193 0.011226 0.018284 0.028499 0.040871 0.055666 0.070812 0.085408 0.095943 0.101057 0.100331 0.092744 0.080588 0.065404 0.049611 0.035105 0.023650 0.014856 0.008440 0.004650 0.002372 0.001043 0.000464 0.000180 0.000084 0.000022 0.000010 0.000002 0.000000 0.000000 0.000000 0.000000 0.000000 0.000000 0.000000 0.000000 
t: 0.011111111111 start: 45 end: 89 0.000002 0.000004 0.000005 0.000029 0.000097 0.000249 0.000554 0.001249 0.002599 0.004793 0.008958 0.014933 0.023916 0.035285 0.049620 0.064124 0.079870 0.091986 0.099583 0.101500 0.096897 0.085926 0.071914 0.056132 0.040975 0.028221 0.018079 0.010799 0.005940 0.003162 0.001529 0.000623 0.000291 0.000108 0.000030 0.000013 0.000005 0.000000 0.000000 0.000000 0.000000 0.000000 0.000000 0.000000 0.000000 
t: 0.010909090909 start: 45 end: 90 0.000001 0.000005 0.000004 0.000013 0.000067 0.000166 0.000397 0.000923 0.001990 0.003596 0.007159 0.012124 0.019945 0.030318 0.043483 0.058043 0.073755 0.087471 0.097401 0.101460 0.099361 0.090916 0.078189 0.062710 0.046950 0.032992 0.021850 0.013432 0.007551 0.004157 0.001992 0.000972 0.000368 0.000161 0.000052 0.000015 0.000009 0.000002 0.000000 0.000000 0.000000 0.000000 0.000000 0.000000 0.000000 0.000000 
t: 0.010714285714 start: 46 end: 90 0.000001 0.000006 0.000010 0.000032 0.000113 0.000291 0.000687 0.001465 0.002801 0.005519 0.009869 0.016580 0.025667 0.038079 0.052282 0.067532 0.082239 0.093916 0.100438 0.101195 0.094919 0.083925 0.069014 0.053228 0.038208 0.025778 0.016491 0.009552 0.005293 0.002674 0.001314 0.000548 0.000214 0.000085 0.000022 0.000010 0.000003 0.000000 0.000000 0.000000 0.000000 0.000000 0.000000 0.000000 0.000000 
t: 0.010526315789 start: 46 end: 91 0.000001 0.000004 0.000009 0.000019 0.000073 0.000217 0.000506 0.001073 0.002220 0.004209 0.007917 0.013689 0.021832 0.032778 0.046594 0.061745 0.076503 0.089707 0.098753 0.101857 0.098350 0.088511 0.075001 0.059360 0.044065 0.030214 0.019836 0.011790 0.006670 0.003550 0.001702 0.000758 0.000307 0.000125 0.000039 0.000012 0.000003 0.000001 0.000000 0.000000 0.000000 0.000000 0.000000 0.000000 0.000000 0.000000 
t: 0.010344827586 start: 46 end: 91 0.000001 0.000002 0.000007 0.000011 0.000054 0.000148 0.000356 0.000825 0.001708 0.003326 0.006245 0.011143 0.018415 0.028110 0.041099 0.056010 0.071179 0.084951 0.096030 0.101557 0.100875 0.092548 0.080422 0.065398 0.049774 0.035202 0.023275 0.014527 0.008361 0.004467 0.002271 0.001001 0.000430 0.000193 0.000056 0.000018 0.000004 0.000001 0.000000 0.000000 0.000000 0.000000 0.000000 0.000000 0.000000 0.000000 
t: 0.010169491525 start: 47 end: 91 0.000003 0.000004 0.000010 0.000038 0.000099 0.000265 0.000608 0.001298 0.002624 0.004941 0.009101 0.015362 0.024103 0.035875 0.050316 0.065367 0.080140 0.092533 0.100560 0.101853 0.096266 0.085557 0.071086 0.055736 0.040293 0.027348 0.017424 0.010366 0.005603 0.002923 0.001323 0.000581 0.000268 0.000090 0.000028 0.000006 0.000002 0.000000 0.000000 0.000000 0.000000 0.000000 0.000000 0.000000 0.000000 
t: 0.010000000000 start: 47 end: 91 0.000001 0.000003 0.000008 0.000027 0.000068 0.000193 0.000453 0.000980 0.002074 0.003883 0.007412 0.012692 0.020723 0.031069 0.044998 0.059737 0.075072 0.088589 0.098310 0.101899 0.098891 0.090362 0.076639 0.061506 0.045703 0.031705 0.020666 0.012501 0.007046 0.003697 0.001786 0.000746 0.000373 0.000135 0.000043 0.000006 0.000004 0.000000 0.000000 0.000000 0.000000 0.000000 0.000000 0.000000 0.000000 
t: 0.008448275866 start: 51 end: 94 0.000003 0.000002 0.000015 0.000049 0.000120 0.000264 0.000617 0.001269 0.002783 0.005150 0.009250 0.015623 0.024746 0.036968 0.051472 0.066981 0.082280 0.095060 0.101624 0.102849 0.096453 0.085176 0.069919 0.053694 0.038318 0.025630 0.015897 0.009128 0.004675 0.002274 0.000991 0.000484 0.000159 0.000054 0.000019 0.000004 0.000000 0.000000 0.000000 0.000000 0.000000 0.000000 0.000000 0.000000 
t: 0.007313432839 start: 52 end: 97 0.000001 0.000001 0.000001 0.000008 0.000019 0.000046 0.000131 0.000266 0.000632 0.001337 0.002785 0.005437 0.009831 0.016522 0.025820 0.038695 0.053630 0.070019 0.085163 0.097179 0.104502 0.104148 0.096361 0.083940 0.067337 0.050954 0.034828 0.022824 0.013774 0.007281 0.003751 0.001649 0.000700 0.000291 0.000102 0.000025 0.000006 0.000004 0.000000 0.000000 0.000000 0.000000 0.000000 0.000000 0.000000 0.000000 
t: 0.006447368423 start: 55 end: 98 0.000001 0.000002 0.000003 0.000011 0.000030 0.000074 0.000187 0.000413 0.000967 0.002074 0.004087 0.007622 0.013369 0.021893 0.033593 0.047726 0.064954 0.080996 0.095361 0.104926 0.106230 0.101576 0.089596 0.073216 0.055889 0.039429 0.025623 0.014963 0.008136 0.004127 0.001746 0.000754 0.000278 0.000100 0.000033 0.000015 0.000000 0.000000 0.000000 0.000000 0.000000 0.000000 0.000000 0.000000 
t: 0.005764705884 start: 59 end: 98 0.000004 0.000006 0.000025 0.000067 0.000174 0.000396 0.000899 0.001996 0.004000 0.007490 0.013068 0.021460 0.033497 0.048406 0.065953 0.082346 0.097357 0.106753 0.108438 0.103459 0.089949 0.072876 0.054715 0.037350 0.023311 0.013651 0.006959 0.003233 0.001366 0.000549 0.000166 0.000059 0.000018 0.000003 0.000001 0.000000 0.000000 0.000000 0.000000 0.000000 
t: 0.005212765959 start: 59 end: 98 0.000001 0.000000 0.000003 0.000005 0.000029 0.000089 0.000209 0.000451 0.001061 0.002333 0.004548 0.008739 0.014943 0.024563 0.037556 0.054060 0.072312 0.089531 0.102967 0.110719 0.109593 0.100659 0.084542 0.066524 0.047788 0.030941 0.018195 0.009742 0.004746 0.002036 0.000731 0.000280 0.000077 0.000019 0.000007 0.000001 0.000000 0.000000 0.000000 0.000000 
t: 0.004757281555 start: 61 end: 98 0.000001 0.000002 0.000002 0.000016 0.000045 0.000118 0.000268 0.000702 0.001553 0.003142 0.006257 0.011347 0.019497 0.030850 0.046158 0.064843 0.083353 0.099393 0.110306 0.113483 0.107466 0.093048 0.074645 0.054601 0.036079 0.021718 0.011840 0.005589 0.002379 0.000903 0.000286 0.000080 0.000024 0.000006 0.000000 0.000000 0.000000 0.000000 
t: 0.004375000001 start: 64 end: 98 0.000002 0.000010 0.000034 0.000060 0.000212 0.000486 0.001200 0.002388 0.005058 0.009328 0.016509 0.027212 0.041958 0.059762 0.079738 0.097277 0.111015 0.115117 0.111775 0.098689 0.079363 0.058526 0.038876 0.023325 0.012506 0.005926 0.002444 0.000856 0.000258 0.000078 0.000009 0.000002 0.000001 0.000000 0.000000 
t: 0.004049586778 start: 65 end: 98 0.000001 0.000009 0.000025 0.000058 0.000153 0.000401 0.000979 0.002132 0.004312 0.008421 0.015206 0.025423 0.039879 0.057890 0.078358 0.097796 0.111770 0.118018 0.114280 0.100830 0.081680 0.059477 0.039299 0.023060 0.012059 0.005398 0.002078 0.000742 0.000211 0.000049 0.000005 0.000001 0.000000 0.000000 
t: 0.003769230770 start: 66 end: 98 0.000002 0.000005 0.000018 0.000062 0.000131 0.000395 0.000863 0.002021 0.004190 0.008160 0.014907 0.025275 0.039991 0.058540 0.079669 0.099567 0.114035 0.120014 0.116001 0.101950 0.081037 0.057582 0.037255 0.021201 0.010402 0.004460 0.001606 0.000518 0.000120 0.000021 0.000002 0.000000 0.000000 
t: 0.003525179857 start: 66 end: 98 0.000001 0.000000 0.000007 0.000014 0.000058 0.000136 0.000367 0.000885 0.001999 0.004382 0.008490 0.015582 0.026489 0.041734 0.061871 0.082993 0.103801 0.117690 0.122253 0.116610 0.100003 0.077369 0.053239 0.033187 0.017804 0.008292 0.003287 0.001113 0.000275 0.000064 0.000005 0.000000 0.000000 
t: 0.003310810811 start: 66 end: 98 0.000001 0.000000 0.000000 0.000006 0.000013 0.000058 0.000155 0.000388 0.000970 0.002267 0.004737 0.009430 0.016979 0.029072 0.045650 0.066699 0.088753 0.108841 0.122416 0.124601 0.114846 0.095908 0.070815 0.047319 0.027505 0.013779 0.005921 0.002123 0.000583 0.000144 0.000020 0.000001 0.000000 
t: 0.003121019109 start: 68 end: 98 0.000001 0.000001 0.000007 0.000024 0.000056 0.000175 0.000441 0.001177 0.002649 0.005593 0.010762 0.019662 0.033096 0.051377 0.073487 0.096604 0.116124 0.126118 0.124828 0.111641 0.088562 0.062597 0.039014 0.021003 0.009744 0.003773 0.001159 0.000271 0.000049 0.000005 0.000000 
t: 0.002951807229 start: 69 end: 98 0.000002 0.000002 0.000006 0.000026 0.000079 0.000217 0.000567 0.001464 0.003250 0.006875 0.013071 0.023263 0.038989 0.059240 0.082407 0.105881 0.123000 0.129668 0.123204 0.104218 0.078787 0.052202 0.029903 0.014848 0.006192 0.002016 0.000516 0.000099 0.000008 0.000000 
t: 0.002800000000 start: 70 end: 98 0.000002 0.000001 0.000013 0.000032 0.000084 0.000311 0.000840 0.001892 0.004167 0.008633 0.016491 0.028643 0.046395 0.069128 0.093851 0.115762 0.130172 0.130438 0.117421 0.093827 0.066425 0.040523 0.021216 0.009334 0.003293 0.000918 0.000170 0.000018 0.000000 
t: 0.002663043479 start: 70 end: 98 0.000001 0.000001 0.000005 0.000015 0.000038 0.000168 0.000461 0.001120 0.002547 0.005684 0.011314 0.021149 0.035917 0.056498 0.081065 0.106082 0.126305 0.134038 0.127715 0.107683 0.080899 0.052047 0.028964 0.013390 0.005031 0.001525 0.000297 0.000041 0.000000 
t: 0.002538860104 start: 71 end: 98 0.000001 0.000002 0.000006 0.000022 0.000074 0.000247 0.000696 0.001573 0.003652 0.007738 0.015360 0.027543 0.045440 0.069021 0.095049 0.119206 0.134396 0.134397 0.119934 0.094522 0.064752 0.037674 0.018415 0.007392 0.002302 0.000515 0.000070 0.000001 
t: 0.002425742574 start: 73 end: 98 0.000004 0.000010 0.000042 0.000154 0.000392 0.000973 0.002366 0.005353 0.011156 0.020746 0.036209 0.057953 0.083829 0.110255 0.131032 0.138145 0.130250 0.107173 0.077236 0.047642 0.024302 0.010467 0.003382 0.000808 0.000120 0.000001 
t: 0.002322274882 start: 73 end: 98 0.000001 0.000004 0.000023 0.000083 0.000235 0.000611 0.001509 0.003676 0.008035 0.015750 0.028537 0.048146 0.072896 0.100564 0.125377 0.139322 0.137059 0.118846 0.089701 0.058245 0.031194 0.013916 0.004833 0.001240 0.000189 0.000008 
t: 0.002227272727 start: 73 end: 98 0.000001 0.000000 0.000007 0.000042 0.000143 0.000369 0.001009 0.002474 0.005756 0.011911 0.022221 0.039429 0.062965 0.090384 0.118144 0.137745 0.141885 0.128889 0.101879 0.068940 0.039104 0.018121 0.006522 0.001741 0.000302 0.000017 
t: 0.002139737991 start: 74 end: 98 0.000001 0.000004 0.000026 0.000074 0.000229 0.000662 0.001718 0.003999 0.008958 0.017479 0.032086 0.053633 0.080408 0.109962 0.134137 0.144512 0.137185 0.113031 0.079945 0.047295 0.023157 0.008634 0.002409 0.000427 0.000029 
t: 0.002058823530 start: 74 end: 98 0.000001 0.000002 0.000012 0.000040 0.000164 0.000431 0.001209 0.002828 0.006502 0.013725 0.026171 0.045296 0.071060 0.100995 0.129274 0.144687 0.143590 0.123103 0.091052 0.056209 0.028541 0.011246 0.003224 0.000595 0.000043 
t: 0.001983805668 start: 75 end: 98 0.000003 0.000006 0.000025 0.000097 0.000280 0.000840 0.002041 0.004799 0.010657 0.021161 0.038158 0.062291 0.091849 0.123102 0.143266 0.148116 0.132346 0.101640 0.065441 0.034563 0.014138 0.004281 0.000836 0.000064 
t: 0.001914062500 start: 75 end: 98 0.000001 0.000008 0.000017 0.000062 0.000170 0.000594 0.001404 0.003703 0.008111 0.017140 0.031787 0.054454 0.083344 0.115543 0.140726 0.150619 0.140361 0.111895 0.074616 0.041166 0.017543 0.005527 0.001118 0.000091 
t: 0.001849056604 start: 75 end: 98 0.000001 0.000003 0.000016 0.000034 0.000112 0.000398 0.001016 0.002713 0.006364 0.013626 0.026676 0.047077 0.075222 0.107774 0.136397 0.151849 0.146751 0.122016 0.084080 0.048116 0.021251 0.006884 0.001486 0.000138 
t: 0.001788321168 start: 76 end: 98 0.000003 0.000005 0.000022 0.000077 0.000261 0.000747 0.002026 0.004922 0.011032 0.022059 0.040666 0.067228 0.100056 0.131308 0.151448 0.152087 0.130787 0.093653 0.055565 0.025359 0.008582 0.001916 0.000191 
t: 0.001731448763 start: 76 end: 98 0.000001 0.000004 0.000017 0.000049 0.000184 0.000525 0.001549 0.003783 0.008862 0.018338 0.034822 0.060109 0.092295 0.125568 0.149957 0.155666 0.138825 0.103144 0.063197 0.029904 0.010568 0.002375 0.000258 
t: 0.001678082192 start: 77 end: 98 0.000002 0.000010 0.000040 0.000126 0.000381 0.001128 0.002960 0.007082 0.015234 0.030004 0.053371 0.084760 0.119442 0.147196 0.158435 0.145632 0.112251 0.071168 0.034751 0.012681 0.003022 0.000324 
t: 0.001627906977 start: 77 end: 98 0.000001 0.000005 0.000030 0.000093 0.000264 0.000850 0.002310 0.005650 0.012656 0.025746 0.047036 0.077774 0.112733 0.143770 0.159943 0.151634 0.121282 0.078888 0.040201 0.015006 0.003717 0.000411 
t: 0.001580645161 start: 77 end: 98 0.000001 0.000004 0.000020 0.000071 0.000203 0.000614 0.001822 0.004540 0.010538 0.022087 0.041508 0.070885 0.105861 0.139609 0.160467 0.156861 0.129707 0.086985 0.045583 0.017661 0.004449 0.000524 
t: 0.001536050157 start: 77 end: 98 0.000001 0.000003 0.000013 0.000049 0.000150 0.000447 0.001393 0.003707 0.008735 0.018826 0.036490 0.064350 0.099648 0.134862 0.159835 0.161237 0.137272 0.095083 0.051502 0.020432 0.005334 0.000631 
t: 0.001493902439 start: 77 end: 98 0.000001 0.000002 0.000008 0.000030 0.000122 0.000333 0.001090 0.002937 0.007293 0.016091 0.032108 0.058251 0.093006 0.129819 0.158695 0.164641 0.144497 0.103021 0.057330 0.023649 0.006288 0.000788 
t: 0.001454005935 start: 78 end: 98 0.000001 0.000007 0.000023 0.000091 0.000245 0.000809 0.002403 0.006080 0.013727 0.028237 0.052666 0.086667 0.124606 0.156382 0.167396 0.150865 0.110913 0.063592 0.026993 0.007344 0.000953 
t: 0.001416184971 start: 79 end: 98 0.000006 0.000013 0.000075 0.000190 0.000627 0.001942 0.005009 0.011775 0.024866 0.047407 0.080420 0.119248 0.153711 0.168906 0.157162 0.118501 0.069766 0.030701 0.008539 0.001136 
t: 0.001380281690 start: 79 end: 98 0.000002 0.000014 0.000057 0.000153 0.000517 0.001514 0.004190 0.010025 0.021803 0.042919 0.074247 0.113773 0.150276 0.170386 0.162276 0.126045 0.076235 0.034310 0.009892 0.001366 
t: 0.001346153846 start: 79 end: 98 0.000001 0.000013 0.000044 0.000119 0.000415 0.001223 0.003484 0.008573 0.019118 0.038608 0.068761 0.108060 0.146512 0.170875 0.167028 0.133096 0.082870 0.038197 0.011411 0.001592 
t: 0.001313672922 start: 80 end: 98 0.000008 0.000042 0.000090 0.000326 0.000996 0.002866 0.007364 0.016778 0.034673 0.063481 0.102336 0.142740 0.170531 0.171348 0.139864 0.089319 0.042347 0.013024 0.001867 
t: 0.001282722513 start: 80 end: 98 0.000005 0.000032 0.000076 0.000260 0.000802 0.002416 0.006192 0.014886 0.031122 0.058515 0.096825 0.138356 0.169729 0.174767 0.146670 0.095882 0.046497 0.014797 0.002171 
t: 0.001253196931 start: 80 end: 98 0.000002 0.000025 0.000057 0.000205 0.000650 0.002042 0.005277 0.013052 0.028127 0.053707 0.091333 0.133967 0.168341 0.177983 0.152737 0.102552 0.050859 0.016581 0.002503 
t: 0.001225000000 start: 80 end: 98 0.000002 0.000019 0.000049 0.000164 0.000530 0.001682 0.004508 0.011470 0.025239 0.049533 0.086159 0.129674 0.166388 0.180200 0.158556 0.108935 0.055522 0.018523 0.002847 
t: 0.001198044010 start: 80 end: 98 0.000001 0.000015 0.000046 0.000121 0.000443 0.001395 0.003845 0.010032 0.022695 0.045534 0.081236 0.124833 0.164284 0.181979 0.164049 0.115387 0.060358 0.020463 0.003284 
t: 0.001172248804 start: 80 end: 98 0.000001 0.000011 0.000041 0.000100 0.000365 0.001151 0.003327 0.008805 0.020295 0.041880 0.076292 0.120069 0.162063 0.183359 0.169212 0.121662 0.065116 0.022557 0.003694 
t: 0.001147540984 start: 81 end: 98 0.000007 0.000033 0.000081 0.000302 0.000989 0.002821 0.007709 0.018418 0.038316 0.071687 0.115321 0.159163 0.184631 0.173623 0.128070 0.069939 0.024720 0.004170 
t: 0.001123853211 start: 81 end: 98 0.000005 0.000022 0.000070 0.000261 0.000827 0.002475 0.006678 0.016508 0.035379 0.066921 0.110920 0.156244 0.184886 0.177905 0.134152 0.075024 0.027001 0.004722 
t: 0.001101123596 start: 81 end: 98 0.000004 0.000017 0.000061 0.000198 0.000711 0.002069 0.005948 0.014885 0.032377 0.062713 0.106219 0.153114 0.184933 0.181879 0.140148 0.079950 0.029521 0.005253 
t: 0.001079295154 start: 81 end: 98 0.000002 0.000016 0.000042 0.000174 0.000614 0.001764 0.005205 0.013399 0.029811 0.058679 0.101582 0.149594 0.184967 0.185361 0.146014 0.084874 0.032079 0.005823 
t: 0.001058315335 start: 81 end: 98 0.000002 0.000012 0.000038 0.000140 0.000514 0.001515 0.004571 0.012012 0.027519 0.054884 0.096797 0.146380 0.184148 0.188670 0.151761 0.089861 0.034723 0.006453 
t: 0.001038135593 start: 82 end: 98 0.000010 0.000035 0.000111 0.000444 0.001316 0.004006 0.010817 0.025172 0.051538 0.092539 0.142503 0.183503 0.191337 0.157071 0.095117 0.037386 0.007095 
t: 0.001018711019 start: 82 end: 98 0.000007 0.000026 0.000096 0.000371 0.001145 0.003505 0.009728 0.023141 0.048221 0.088449 0.138755 0.182202 0.194108 0.162124 0.100159 0.040181 0.007782 
t: 0.001000000000 start: 82 end: 98 0.000005 0.000025 0.000079 0.000314 0.000971 0.003128 0.008711 0.021183 0.045224 0.084368 0.134936 0.180782 0.196199 0.167239 0.105150 0.043172 0.008514 
